7833.88 74.7292 0.826192 6.18755 15.0887 17.4158 78.6433 11.3533
189.04 7.84416 8108.6 14.1125 7.85029 22.4868 36.614 1.49539
6.24305 8212.63 86.2646 8.79468 0.104128 39.0391 19.4849 5.08942
5.58787 0.0723529 6.00637 8367.33 61.008 73.2229 3.64242 3.15793
1.62119 0.549149 0.139334 0.0462992 8179.84 1.97786 23.4481 7.04523
0.0711082 0.122516 4.5586 0.445055 1.53448 8330.21 43.2611 2.36404
0.0222453 0.0942223 2.78296 112.659 0.131589 8.61021 4565.21 5.7791e-11
7.25597e-08 1.46851e-06 2.67078e-05 2.3903e-07 7.6129e-06 1.03846e-06 8311 11.8783
1.42259e-13 1.001e-11 1.41293e-14 2.48535e-14 1.73871e-12 2.50562e-14 1.22738e-13 8285.95
1.75055e-15 2.62148e-14 1.92473e-13 1.49459e-12 1.28317e-11 4.2332e-13 6.70783e-22 4780.54
7.29297e-24 2.92163e-22 2.46475e-21 1.2408e-19 9.13515e-22 4.00732e-21 3.00696e-11 4084.85
6.84239e-32 2.69065e-30 4.86356e-29 2.02976e-30 8.61922e-35 6.73426e-20 1.48368e-11 4764.88
4.17998e-42 7.59687e-46 3.62763e-40 2.41962e-35 1.9793e-29 3.25898e-20 7.29329e-12 5003.58
1.07652e-43 3.59656e-42 4.97843e-40 3.3954e-35 2.78124e-29 3.25542e-20 7.28718e-12 5897.84
46.8564 3.59436 0.507798 1.3488 0.382804 7924.62 20.6511 6.55694
1065.31 56.7644 539.86 237.248 263.367 4926.6 14.174 331.011
0.000248725 0.0139844 0.399825 0.466982 20.5101 0.0995144 7789.84 5.00508
782.509 302.947 30.2008 1032.75 16.0305 5186.1 94.195 64.0896
9.09616e-17 1.86672e-18 2.55832e-15 5.86129e-12 1.50876e-12 4.2624e-13 4.10463e-13 5632.09
41.725 3.20073 3.02424 3.45299 2.98668 8180.22 21.3172 6.76843
6219.73 418.269 66.8129 177.467 224.887 332.775 19.26 30.1208
32.3499 571.756 7074.05 30.5882 138.203 44.658 18.2425 3.2634
0.0819825 7.69919 792.32 146.703 12.66 5.22969 5096.78 391.335
5.17119e-18 1.72764e-16 4.3073e-18 6.12097e-13 5.63829e-12 2.54396e-13 1.07348e-12 6133.57
160.459 1.52028 6808.19 51.8388 0.0749766 39.7396 109.644 96.644
5.88314 7739.17 16.4411 14.508 59.134 19.4404 21.9842 6.53299
15.7061 1.02561 0.407312 8104.42 60.2336 16.2995 0.534858 41.5303
4.33831e-16 8.25564e-15 7.10687e-14 3.09737e-12 2.60451e-11 1.55252e-17 3.33532e-12 4422.82
3.4373e-05 0.000980311 0.0447697 3.04276 37.8427 0.14247 5400 1492.06
133.319 10.4891 3.00722 0.814071 14.0639 4205.17 119.64 3594.97
367.665 5876.44 325.156 1091.35 33.7398 123.118 3.22637 40.9877
5.82211e-13 1.07304e-13 9.56635e-12 1.94136e-13 1.65311e-12 2.17747e-15 6.33104e-12 6613.42
3.3299e-12 1.3999e-13 4.92892e-13 4.63657e-11 8.11974e-17 4.63003e-12 3.21843e-12 4635.37
12.6069 230.253 1.38731 224.98 32.8893 1.74772 4942.98 1493.64
51.1017 18.5709 976.895 3.27932 1323.36 1309.59 35.0145 3723.95
2.66235e-14 5.2459e-13 1.42907e-14 2.62101e-12 2.74556e-11 4.25147e-15 8.59209e-13 4279.91
389.823 5705.98 317.434 1065.43 13.211 173.079 18.6578 40.2692
14.994 0.256848 0.309722 7358.04 54.6864 23.4901 171.411 5.02021
175.743 75.7147 0.878127 7747.36 59.3298 25.0782 0.527422 8.70901
0.00463025 0.000171217 0.0357334 1.47079 71.5571 0.861219 6424.37 13.3066
0.0158005 0.920099 0.000502359 0.032259 22.5499 0.0704884 8101.26 7.2192
6.13005 2.45049 0.341609 4218.97 31.3562 4.80129 3203.55 67.7748
576.421 222.018 667.101 1222.49 3252.4 56.019 129.596 1418.16
552.875 6969.65 15.9687 15.8345 161.162 19.1436 0.39247 6.28886
620.675 126.67 109.621 22.1834 5077.5 4.2685 1703.53 15.8919
281.278 3398.6 1312.47 76.4767 51.5157 902.068 13.2438 1191.7
3.05112 33.5204 0.0268752 6103.72 1501.49 25.34 8.03711 66.5043
1361.77 286.808 4294.71 616.844 359.309 2.10736 136.334 580.898
2957.43 113.615 3770.64 20.5009 47.0649 112.062 91.1995 125.324
54.5587 287.182 4426.82 2433.34 55.8 56.0288 343.047 173.912
71.155 9.34152 0.237433 0.158499 1.21532 3671.73 3953.25 8.47587
10.6759 320.445 5048.23 386.004 514.092 315.907 7.23553 480.051
9.86629e-21 1.79314e-24 1.81997e-19 1.26516e-14 1.03492e-08 17.0403 5250.18 142.774
6.30474e-12 3.47233e-13 1.46796e-13 3.68693e-12 5.49509e-13 1.66349e-14 3.78842e-13 7842.06
6498.5 622.601 15.1166 20.15 53.9365 22.4897 59.0197 13.4784
1.3619e-12 4.53856e-12 7.6937e-14 2.63148e-12 3.07059e-12 1.92502e-14 7.9032e-14 8080.16
1006.6 2243.18 137.694 18.5503 0.0662474 15.9759 4195.78 348.873
6.23064 67.8562 3.41425 5682.35 4.37133 14.4984 148.905 2055.25
7598.7 28.4498 8.08439 20.0192 57.6966 161.152 0.661721 7.11119
0.0555991 0.0389142 0.825294 108.403 59.6843 1789.69 2626.93 2765.38
507.125 3947.94 558.356 12.9098 807.335 1323.9 15.0243 11.5741
0.211045 0.0843654 0.00599935 142.526 7696.94 0.0202219 0.511482 67.935
3779.93 540.892 33.416 347.752 2614.08 37.3235 481.599 73.7181
2518.27 166.971 227.628 1694.64 2125.9 5.56718 60.848 610.903
198.007 19.1223 2.15827 3968.03 2787.98 373.726 78.5844 166.256
4.77184 1.83795 0.038808 88.7499 5467.81 54.7036 45.9148 1534.86
0.036283 0.408223 7.96438 126.111 75.1327 2296.43 2137.64 2547.13
0.00109194 0.00462504 0.136606 5.53001 0.000171832 0.441737 5581.76 0.946036
315.648 2.78007 816.198 6232.8 5.27949 19.1763 65.3071 303.132
2.99481 92.2483 1457.88 85.6273 457.769 627.462 2291.8 1950.78
168.42 533.181 4.99835 3818.83 2734.85 12.606 101.34 1.36277
2.2065e-16 1.90512e-13 4.71646e-12 2.16972e-14 3.83839e-11 7.72936e-13 2.04932e-12 6267.28
7196.43 478.301 157.257 124.137 65.4168 14.2057 81.232 8.52517
1336.1 70.8121 611.904 176.9 271.021 4814.96 102.902 119.899
229.834 1616.65 625.163 1393.29 3122.93 187.751 297.944 130.953
17.8335 706.638 98.4041 4463.6 251.95 1713.32 297.749 95.7996
5076.13 1399.73 26.6888 116.625 682.567 152.008 48.1334 22.6557
0.0405572 11.5719 83.6951 0.409033 50.1664 2067 1949.51 2304.58
5.41821 7127.55 9.34741 325.785 150.754 18.6012 78.3515 95.6231
2.0099 25.82 1899.2 139.021 72.4041 21.5628 2691.75 2917.24
1714.86 5292.26 164.558 14.3157 319.284 22.8396 0.43452 5.58622
167.797 50.1913 3212.05 1986.03 1566.38 52.9821 604.516 17.9617
6.22396 186.818 2876.93 389.195 315.631 14.7198 0.39228 3426.02
3524.39 702.975 1389.16 71.1903 1396.39 93.125 10.8689 62.0087
68.461 3271.83 176.764 39.8727 175.421 288.024 1767.22 1387.73
32.705 134.683 62.8015 0.743411 5999.63 110.948 973.085 6.06404
10.7446 2.70478 1.5758 1.37221 5056.98 9.51752 2509.68 39.0349
293.289 33.8447 2443.03 1596.84 503.644 326.292 2371.32 64.6015
308.725 24.5091 4.19027 319.244 240.062 5552.38 53.5663 853.684
203.901 2454.33 1099.59 2104.87 27.0075 891.519 270.048 338.994
4.38914 176.056 15.855 5.25745 38.7701 1.43411 6740.34 1.2903
1407.28 5438.93 356.51 31.4202 206.067 34.5591 19.3777 110.886
22.9089 1.53454 15.2277 2.25999 527.346 0.554332 7268.44 1.64738
26.7126 10.6783 0.759353 7923.06 51.8106 24.5163 0.524383 69.6486
8.1028e-28 3.91675e-25 2.8296e-26 2.84862e-20 2.33336e-14 2.73119e-05 6113.69 273.478
35.0145 374.258 2066.66 632.38 24.0084 2183.76 136.984 2293.07
582.071 1909.97 1297.84 96.6803 3826.38 3.29645 0.270892 21.2999
15.1547 217.069 3471.45 236.483 401.712 16.7701 559.097 2494.66
5.24651e-14 7.85675e-13 4.39301e-13 7.86732e-13 1.54439e-11 8.91643e-13 8.24462e-22 5875.78
3949.35 831.792 2959.9 67.3184 60.4989 8.89275 25.0192 91.554
10.4342 296.381 27.6813 4138.76 2714.59 300.914 14.9005 332.637
95.691 6138.88 125.785 109.54 740.076 242.101 17.7922 369.829
316.008 68.9699 15.9276 5446.73 678.352 99.5282 15.7696 994.238
1.81524e-12 3.76075e-13 1.68705e-11 4.2826e-15 5.77287e-13 5.13772e-13 2.13015e-13 7307.11
1.41891e-13 1.52643e-15 7.95116e-12 2.56905e-12 2.84118e-14 2.37854e-14 1.27413e-13 7439.04
5.44504 600.146 44.5302 5.83024 60.2207 6753.44 11.8137 6.24014
3089.64 152.058 286.89 1.98259 2242.36 200.015 93.5834 1602.52
273.256 7528.71 16.5619 12.049 59.0179 19.5755 0.401326 7.14262
2.69908e-16 4.04192e-15 2.30266e-13 1.61251e-12 1.38197e-11 4.85003e-13 5.15627e-14 5174.4
1.51126 5.15932 1336.78 183.56 46.8396 5874.84 5.62875 232.972
5.21035 6854.12 5.04509 10.4687 192.869 17.5363 531.374 6.61042
1135.56 1244.1 362.911 135.441 4294.29 38.8289 34.5419 9.68182
6024.83 503.105 72.9989 423.357 5.24597 32.2471 11.6967 94.3522
7070.29 593.437 16.2685 16.1317 63.9972 19.2543 0.39474 7.02541
9.87184 33.9172 340.116 0.92268 3388.59 115.131 2923.01 38.0786
1.51832e-08 2.09382e-07 2.37931e-06 1.66243e-07 3.18601e-07 6074.55 208.345 672.468
17.5111 4.2675 0.898162 4868.58 64.3147 72.2327 304.165 2405.18
0.00233641 0.000302893 0.024707 0.200933 102.19 6198.7 216.249 32.4763
599.865 32.801 73.9519 3746.33 234.018 253.992 960.529 1614.04
5.0276 31.2087 0.757751 5004.03 116.161 863.841 157.348 1230.16
4734.02 253.427 2139.52 118.552 1.49856 220.482 17.4191 6.75914
249.328 31.3931 24.289 154.745 5318.65 1895.9 18.5406 1.42165
138.169 1789.01 258.09 1311.45 3893.69 66.7087 49.3527 17.3467
20.4229 0.932529 7752.7 10.9734 58.0095 23.8694 27.3478 6.39761
321.353 70.9116 16.229 5549.82 691.191 73.2914 16.0011 1016.75
2054.22 161.619 57.7382 12.7952 449.138 2008.49 12.2717 2820.04
121.152 1.14786 2258.01 35.1131 415.876 19.1458 4805.97 103.179
74.7139 896.072 808.389 1165.29 1187.33 2781.48 917.486 18.7483
330.996 26.0416 3896.1 23.3534 47.3229 20.3028 11.2373 3382.55
172.823 74.4566 0.0806602 7594.59 58.1674 25.6648 0.517092 7.22202
3.24533 35.6541 0.0285859 6492.25 1348.74 26.1295 8.28753 68.5764
481.646 214.661 59.1172 415.734 4902.02 997.544 673.974 77.6582
4834.32 569.502 846.149 308.167 948.263 35.6934 66.1336 10.2551
0.626118 0.0819481 5.26044 48.5212 5830.97 78.9163 1267.78 7.42813
3053.88 545.614 99.9454 58.3525 37.1184 681.997 11.0525 3168.62
209.326 52.251 3.30983 150.553 56.5248 6413.65 765.59 89.4091
1674.39 659.786 325.097 1748.95 303.312 3153.78 1.5432 17.3277
818.95 4728.78 333.87 51.2987 574.878 27.7687 185.046 1202.69
56.3853 909.287 12.1429 925.13 1765.87 1493.61 1561.72 541.161
4145.1 400.308 44.2467 38.1093 2863.86 402.371 84.4118 178.584
358.642 1176.82 316.771 266.379 2076.05 3597.7 163.465 21.4723
6.19623 237.868 1.9524 6928.2 159.028 19.5835 16.5333 35.7914
239.759 59.8474 3.62744 1.93323 29.7523 7006.11 205.746 88.1889
7833.73 29.3297 16.6916 16.5513 59.5133 19.7398 0.404694 7.20257
116.855 2728.62 97.5125 124.533 4.04597 4648.37 203.903 8.80404
40.8105 0.429539 3998.7 1801 353.187 61.6359 305.75 1109.59
48.4467 0.509912 4746.91 2137.99 419.272 73.24 362.963 197.555
558.297 5019.74 121.145 784.5 897.221 556.829 63.3025 195.178
3209.14 27.2987 6.91792 12.4873 1956.06 19.1802 1094.37 1467.29
194.519 11.4337 5250.96 779 864.761 88.681 14.3744 335.69
7.53627 64.7985 6.36692 0.0513667 0.164775 7223.38 7.71204 3.7769
170.654 4927.46 1738.36 328.623 166.409 20.4277 105.712 65.5796
86.7626 1299.29 48.9011 1657.59 1617.84 1476.07 56.6692 1093.26
0.243507 1.5419 32.4147 0.22517 8043.93 69.0963 112.456 25.8772
4895.85 754.062 94.0914 745.688 48.3706 1176.69 395.319 14.0519
6675.84 685.451 266.966 319.626 134.396 3.81353 9.28338 49.1741
436.259 56.5569 4613.36 621.661 6.36414 753.431 222.65 33.4376
21.0166 0.67931 7876.28 23.2594 58.7999 24.2297 27.8253 15.1118
0.056115 25.549 380.167 5169.71 541.918 16.1787 1643.74 3.89004
0.000580687 0.0805744 0.0116029 0.0584592 0.182194 25.2634 7015.38 3.31068
579.251 6011.09 17.5108 255.434 60.8397 433.541 301.741 170.652
0.822785 11.159 214.683 1449.98 936.461 221.372 2053.03 2680.85
3.33593 1011.01 28.6932 1096.24 207.931 3946.48 1479.4 77.9286
0.111479 146.649 7243.95 11.2715 19.9905 70.4572 6.19739 5.57407
4968.26 862.422 117.69 53.7966 123.211 12.6137 1438.34 213.258
5891.8 1198.12 143.532 188.399 105.592 9.20182 28.2873 20.0006
647.695 132.184 11.6661 694.113 5668.7 174.447 457.77 6.50642
774.559 5591.67 128.916 6.57061 48.2627 20.4176 22.8407 1286.79
230.497 45.4482 170.511 3.88251 24.2045 7309 24.72 90.4591
3.05319 32.7077 0.0262795 5968.43 1468.21 24.7783 7.85897 67.8621
1.31664e-12 4.75857e-12 7.92156e-14 2.35241e-12 3.03419e-12 1.9022e-14 7.94647e-14 7985.33
63.1335 11.514 554.579 2819.33 3681.53 256.354 7.24739 5.12092
54.8378 23.2528 1.0005 3066.4 1137.8 7.05976 3282.31 360.096
1.68126e-08 8.12689e-06 7.18959e-07 0.599988 81.3253 5972.07 174.764 278.625
2.58056e-14 2.2323e-13 1.62691e-13 2.05257e-12 1.29408e-11 4.483e-13 6.37409e-13 5266.19
6.45712 83.5716 1.13207 480.74 196.24 4548.83 1432.96 886.144
11.0754 4.42739 0.34943 7495.94 55.7113 8.53057 0.494274 67.0379
10.4715 4.186 0.297673 7071.79 53.867 659.842 9.17822 67.6356
404.246 4514.18 93.575 740.836 356.456 220.748 1291.03 320.971
2809.89 825.144 239.001 34.5818 1091.84 1325.93 0.747406 1318.73
8.48563 1275.58 4883.03 9.58141 704.847 457.04 7.10293 14.923
444.698 79.8581 2525.47 210.226 835.88 2512.37 367.885 5.73172
3681.61 157.617 106.82 3657.63 29.2689 15.7655 98.0161 46.1556
979.1 268.263 1038.7 1497.29 74.1222 2596.81 856.57 29.8963
142.655 2329.69 3418.6 667.987 317.688 303.702 287.861 104.071
134.677 3877.64 530.506 515.121 237.726 1638.23 277.982 97.8059
2648.2 733.864 1206.25 560.322 76.5307 892.412 118.916 1527.54
76.5101 236.49 2631.38 438.552 3314.96 473.147 30.7494 27.3766
285.161 1465.47 90.3732 4582.59 45.0756 37.0517 5.72563 518.136
43.6366 1878.83 41.2863 1116.23 629.204 5.72116 87.2553 3234.4
4003.85 130.073 3.05592 85.2048 60.2821 3421.47 21.4009 6.51722
42.8557 109.032 22.8126 31.4689 495.435 5675.78 3.74813 738.049
1294.49 150.241 198.096 1009 2200.76 1736.59 273.593 1.21957
126.327 12.1999 8.89009 3565.33 2472 331.369 651.475 160.436
3.00702e-06 8.50946e-06 1.26658e-06 7.40742e-06 5.18713e-06 3.73483e-08 5687.34 2006.35
271.739 1842.48 2011.36 29.3608 2060.92 100.816 99.0669 1620.95
1048.09 3488.54 1632.84 952.128 114.336 3.4746 14.1293 253.699
51.4119 5.80403 653.867 6829.81 131.798 41.5695 18.3691 7.935
59.3905 458.469 5918.13 47.5866 602.644 356.522 8.72696 26.2533
3.10767 39.7158 2.44581 6.4624 6.00483 5269.26 11.6633 1965.14
106.962 434.622 8.75329 139.161 4400.76 1660.16 266.547 641.431
91.4038 1359.19 1018.08 228.854 176.221 5354.63 77.5375 8.75798
0.00137617 0.00582889 0.0888413 6.04961 0.120067 0.0451639 5761.28 0.976463
1932.83 152.069 54.3265 12.0391 249.198 1978.2 11.3267 3084.84
44.7368 6.97276 1.04326 2.07189 7561.73 35.8147 72.28 11.0807
0.000775887 0.00810904 0.133148 16.2973 2052.79 384.083 4118.46 583.932
78.3624 19.8412 0.342213 4.64341 7315.77 53.483 50.5846 10.3863
37.4998 328.964 2777.36 1837.07 296.688 221.219 1625.95 14.854
0.0206208 0.000799304 0.0504174 0.761242 279.803 1.95079 7457.15 15.7342
6348.46 23.1235 217.553 4.30057 4.064 848.756 12.1208 0.0599659
0.00868605 0.505809 0.000276164 0.391325 21.0934 0.102345 7590.53 4.87776
5.99175 7882.04 16.7446 12.0554 60.205 19.7925 0.405774 7.22179
9.71216 32.5751 19.2748 34.4827 5213.26 803.665 231.032 396.892
927.626 355.669 35.7053 158.781 5564.62 231.77 676.287 68.4432
1610.2 441.179 1708.22 2462.4 121.899 232.267 872.746 30.4609
29.8244 7341.83 151.699 392.353 5.67239 15.7807 3.47157 78.9457
75.1552 3031.06 1051.67 456.873 219.937 1688.49 261.516 86.0948
111.786 1387.06 5655.69 11.9337 193.161 500.671 7.45014 17.3278
2.37347e-14 3.9641e-13 3.38075e-12 1.63419e-13 3.09628e-11 1.85561e-17 1.49603e-12 4947.96
102.28 5.10965 6728.43 854.305 144.591 37.7487 20.4088 6.65165
594.143 1668.04 73.2351 21.6539 42.3889 1432.04 23.4283 3811.98
146.246 11.5062 3.29882 1.02676 15.7263 3719.45 106.693 3967.07
3271.73 1182.95 2198.94 67.9758 203.338 25.7708 294.291 98.164
4098.6 941.704 1656.3 84.8805 315.004 89.3905 10.79 48.0176
14.9228 10.4446 0.949519 3101.55 41.4961 44.779 4310.7 48.2846
336.709 16.4807 0.394961 2.07985 10.4113 7065.24 102.925 6.80368
41.0066 3.14562 2.97217 1.53736 2.82741 7743.99 322.257 8.67698
76.3633 5.06318 2.99 4344.68 2322.22 47.3464 114.843 621.117
5.7948e-31 4.15079e-29 3.29114e-30 5.8259e-27 4.80276e-21 7.90787e-12 6.21297e-14 5467.84
124.872 14.3012 5.56293 3.51688 12.5015 6577.83 17.2605 114.248
11.2787 188.031 3322.52 9.49899 6.21622 432.331 464.206 2623.09
1.76407 13.6751 9.42254 659.139 107.459 6319.07 267.536 11.9057
4261.57 157.719 1272.66 213.881 1686.12 13.1679 7.51505 39.2891
5.36063e-12 2.69244e-13 7.52534e-14 2.49417e-12 2.47693e-13 4.44569e-13 2.14372e-12 7570.79
2.68772 9.23435 92.6005 0.457405 924.397 2904.16 2956.83 31.4598
2869.34 1136.87 334.794 2479.99 49.5377 31.5064 284.436 62.0584
365.437 17.4071 4053.74 2372.88 5.53363 48.7872 330.488 180.161
66.7001 1045.27 613.66 1052.3 4089.21 76.4751 483.403 1.98329
4542.33 1996.01 93.9101 175.453 141.819 34.191 103.085 702.337
600.586 92.5027 3566.91 565.358 275.658 918.059 317.395 1356.06
158.859 2113.34 2674.43 2205.2 343.829 74.6596 369.998 55.8736
0.298204 0.0726732 0.0152952 82.9093 4746.32 50.0452 77.9996 2236.33
1319.32 480.362 76.8556 766.893 58.1956 6.72435 2435.88 2444.58
2239.73 129.009 66.8793 2257.6 706.622 939.923 1398.52 53.6461
195.823 2397.13 989.132 3010.63 3.0747 1126.5 24.9991 4.66326
85.859 221.464 2334.31 1523.21 933.989 214.406 1462.76 770.534
1.38667 42.8543 4.06964 0.0315312 0.0297966 7659.71 12.547 0.0620744
110.176 2275.55 87.6042 1561.5 3058.97 230.486 71.3544 5.87959
7306.6 811.428 8.03396 41.455 31.224 79.6339 28.7782 15.7068
217.636 18.4093 2552.67 1153.68 42.3323 20.4526 2128.7 1476.09
0.488841 0.095117 1.37449 21.3993 7845.07 54.6961 66.5222 8.36663
98.5733 1311.34 1171.28 1282.81 1368.7 935.974 1526.56 54.1491
82.394 1724.94 941.25 401.346 3634.02 655.496 78.9155 20.4853
638.82 51.4404 5362.4 15.01 506.398 45.5412 6.24322 426.157
0.172573 5.40045 0.506295 3.27034 110.787 0.176805 8120.92 1.52299
261.429 46.0301 3009.72 918.635 983.627 393.716 830.035 308.091
2309.09 844.127 58.4952 1501.01 458.06 968.45 1443.1 36.7028
0.0897915 0.308502 3.0936 64.1178 771.012 2365.99 2408.89 1277.19
696.883 4047.45 46.8474 713.623 88.3786 1680.85 89.2566 64.1794
4470.28 680.454 309.978 217.004 788.922 27.5932 186.565 1124.18
89.7383 11.7695 8.55578 5912.68 26.3236 731.018 287.139 67.0234
287.147 7.23494 2236.02 2851.86 1173.66 275.676 7.24362 492.021
1.59314e-17 4.97731e-19 1.4814e-15 2.46042e-14 2.13517e-08 1.77949e-05 5914.54 534.668
57.1995 4.38778 4.14583 2.14445 3.94391 7501.06 313.055 8.42921
5480.43 1254.05 115.472 662.252 3.05884 148.644 77.5898 50.5748
1602.43 47.2108 1382.19 16.4414 5.0116 3228.74 1119.53 3.16096
9.88195 100.919 1363.26 973.971 2032.16 2998.92 75.042 15.3186
401.03 14.0887 58.1678 247.97 6243.56 12.0873 129.601 905.978
401.606 6501.95 191.348 267.727 7.97062 35.592 36.0631 165.713
100.358 1533.5 605.333 528.256 87.8779 2127.75 238.726 2195.83
238.023 50.1479 1495.52 1572.91 781.538 2703.08 192.564 4.55813
7.48731e-23 2.51818e-21 3.48504e-19 2.37688e-14 1.0725e-16 2.79471e-05 6255.89 188.535
63.7514 551.654 4674.39 113.087 1277.69 280.918 7.13907 501.359
26.1908 107.857 50.2927 1.56277 6432.45 30.7894 897.405 6.25633
233.129 2135.18 223.661 10.1567 2520.56 177.486 17.7524 1564.69
4.78766 1.91387 8.46106 7169.85 53.3112 116.6 2.62462 58.7447
2591.65 219.353 28.3324 25.855 11.5991 1852.59 2590.31 23.2815
1869.23 136.902 28.3267 1.82668 3009.49 1313.37 82.6946 1053.85
3337.77 597.189 6.5646 516.022 56.5601 47.6871 138.553 2984.56
662.297 4459.41 60.4821 8.56835 735.768 1542.62 96.9854 61.4054
1026.57 112.892 4849.75 53.3664 683.967 31.5849 6.37386 435.074
3427.82 269.69 84.7595 20.7679 645.744 20.8896 11.5621 3480.31
1050.56 414.679 9.8141 1288.97 834.642 41.6248 3386.38 59.8819
261.024 8.43697 6586.04 28.219 51.0983 217.219 794.342 15.0388
1430.52 301.289 4511.55 647.989 377.45 5.02837 143.273 245.837
79.7582 2.57799 7435.22 12.9589 61.5074 144.263 26.8937 13.9007
268.409 2816.92 18.8248 80.7532 1533.5 102.755 780.981 1681.72
79.3022 2.53826 7390.45 243.53 57.275 18.2927 5.06397 7.29725
328.028 108.092 6082.65 5.12854 650.696 8.24353 125.854 2.88163
903.561 2185.76 130.895 17.656 48.9688 15.4166 3890.27 329.395
361.916 2942.32 1848.92 718.446 1710.12 33.1594 148.278 25.1675
6856.22 454.84 265.143 41.8091 0.148171 31.7799 19.8369 90.8239
43.0002 4224.56 73.3494 801.839 1050.6 9.5528 710.515 7.03149
2916.97 523.028 331.496 3476.26 15.0083 71.7244 110.287 7.05563
3735.48 183.844 37.8247 2237.4 468.789 14.3779 86.6335 1041.01
19.5074 242.188 3.2907 250.708 176.953 4288.74 1506.95 851.802
111.675 6.70019 6.40235 1898.35 390.077 3.22428 3674.88 1162.85
130.822 39.4176 4155.9 2152.67 8.27138 18.1928 518.194 515.557
1788.25 5518.74 171.6 154.028 219.171 23.8941 0.454581 6.53231
5687.57 617.227 114.313 31.156 109.036 30.3423 15.2328 79.8388
5331.58 615.249 1144.42 267.321 38.4733 107.768 127.814 10.2977
3878.62 261.068 2097.22 231.712 145.397 21.8488 272.14 325.891
8.64349 140.82 1.51781 0.850305 5253.56 1223.35 823.618 7.50785
104.731 6718.83 137.668 118.687 5.07346 15.5523 62.2617 354.626
1292.13 4153.05 1942.27 152.151 216.5 23.6029 0.276908 6.56332
3.09504e-08 4.06365e-09 3.70979e-07 8.3188e-11 1.91347e-09 674.519 4680.94 1849.29
1226.7 76.4392 178.68 874.12 1977.77 1550.89 512.244 3.71922
47.7588 4.04222 0.0526983 0.4657 2759.4 1778.05 2836.88 24.3228
122.074 809.971 173.446 144.389 3.00626 4115.02 1905.89 120.065
2422.47 573.753 5.81052 79.6589 1851.43 51.32 991.846 1583.49
2013.65 168.401 15.8358 190.64 72.2313 3.27713 4615.43 260.207
2431.19 947.009 283.589 2015.2 51.2324 1214.43 661.766 43.9112
2.51881 2502.01 106.28 2743.96 520.465 80.3812 1823.74 77.9913
15.492 126.877 23.4391 84.5245 2657.51 917.239 2749.79 537.515
2.14851e-27 6.71241e-29 1.99782e-25 1.33197e-20 1.08958e-14 1.79402e-05 5955.68 538.388
807.707 309.152 26.7248 86.3927 1407.45 3.52386 4534.15 263.722
8.57897e-13 2.86615e-11 1.43921e-12 2.09585e-06 1.93083e-06 4713.25 1077.85 164.335
1.2852e-14 1.92461e-13 1.41308e-12 1.09729e-11 3.87449e-12 4.79165e-13 7.59274e-22 5411.19
751.342 10.1107 534.779 1007.28 1912.19 2821.89 70.6119 219.015
12.7791 0.906465 8.84312 1.28342 223.96 0.2812 7682.03 0.136078
5212.52 2031.82 204.062 41.1038 0.145671 31.2438 92.7342 89.6223
41.1628 1950 685.128 1364.31 1435.75 994.16 266.547 24.6778
23.6148 3.10026 1.17364 1.78928 0.445878 3356.69 3771.31 63.277
0.277615 1.94712 0.127063 54.3566 6.58251 5776.18 15.1168 2264.35
65.7522 0.991199 6027.13 25.084 45.4215 14.9121 21.3177 935.295
2153.89 132.899 11.2093 115.921 3470.56 1514.97 98.5348 227.722
481.745 1580.76 1074.15 460.142 3541.1 504.23 32.7694 20.7141
2694.4 1033.09 103.711 3551.18 54.8313 14.5485 95.4921 64.9721
2481.62 199.38 442.267 1765.91 5.11851 1442.49 82.2105 1019.96
712.593 4352.06 59.8084 8.4729 727.572 1525.43 95.905 59.9855
0.0660527 232.771 21.4182 0.165946 1.07204 7450.64 9.35476 0.652795
478.566 3525.11 440.324 270.951 1344.38 1397.09 442.669 53.6612
0.0416 103.064 7987.35 23.874 5.20619 38.1258 11.3377 81.4927
1.05974e-12 1.95315e-13 9.26103e-12 2.1535e-13 1.69763e-12 2.62055e-13 6.8108e-12 6995.66
284.153 33.1277 29.6168 201.347 4838.25 2381.18 114.002 29.5975
119.799 0.448531 7583.68 16.1819 58.0937 18.769 26.303 7.06469
348.259 2020.9 6.98809 213.28 19.3564 668.996 3451.9 650.845
2.30147 4.68462 0.141233 3370.25 24.3924 10.4079 4353.16 402.301
4412.02 1105.85 771.307 834.142 128.567 231.301 101.91 20.2227
4.9881 203.521 18.041 1.27619 12.9591 79.002 7373.71 1.44137
335.318 8.20395 2609.27 3327.91 381.917 291.677 7.37372 506.43
634.303 116.653 8.72646 391.008 6059.7 21.5364 584.584 13.8552
50.6511 5.71814 644.191 6728.74 133.193 41.1663 14.8918 158.881
61.1237 1.8649 236.263 4011.79 364.872 3045.54 25.7293 17.0623
1765.5 4786.78 131.056 71.3755 415.437 8.45775 1.35093 351.517
57.3374 2.84971 55.6309 107.652 6833.08 725.043 20.1783 93.0336
0.619869 14.5425 7627.32 42.621 475.432 24.7778 28.6622 15.454
5.52475 38.7492 2.52866 6.6813 6.20823 5447.74 12.0584 2134.74
3011.66 1086.33 237.057 24.6638 437.389 7.18411 1090.41 1750.91
296.54 3112.15 3.71768 88.7724 1685.78 131.567 861.55 1855.22
2.02831 22.267 0.0178539 4054.85 3847.76 26.2854 8.33697 68.9856
53.08 6423.97 17.2098 249.892 16.7473 423.519 11.1582 98.9536
16.2024 95.9604 5524.24 247.027 51.3571 1.43442 15.9863 413.997
147.26 66.9444 0.748033 6599.59 1157.49 53.9823 0.466981 8.64637
1242.78 45.5839 73.5834 194.424 2286.39 1357.02 11.3848 2015.5
0.7202 0.302059 18.9599 0.136355 6757.11 33.7902 382.42 474.738
7.26255 344.048 1848.42 1337 1256.71 870.186 634.116 23.0686
1.54484e-19 8.43742e-19 2.68309e-20 1.16536e-19 9.33833e-13 7.43489e-12 1.00307e-12 6429.56
562.153 60.521 1.65447 15.1688 70.7517 6827.03 5.10943 103.723
242.138 7483.14 15.2012 8.19673 4.77605 36.4069 12.6801 4.70063
1097.66 91.6601 13.2996 5783.95 50.7908 12.4139 0.45994 94.042
7441.45 27.861 127.62 27.4712 107.942 161.557 73.2348 6.98252
1406.18 3710.2 158.19 2001 156.716 184.808 258.572 7.26156
2381.43 861.046 1600.57 614.05 165.085 1146.89 286.601 100.382
2.6591e-14 3.18066e-13 2.4464e-12 1.53025e-14 4.47837e-11 2.75437e-15 2.26952e-12 6773.61
6735.16 730.767 20.0033 36.4621 0.146311 477.558 20.7449 94.4899
46.5491 834.238 24.915 963.658 10.6173 2974.74 3068.77 79.4364
519.782 58.6797 6610.7 33.2612 129.484 41.8406 17.0916 22.3764
13.0217 93.8295 5.75661 1847.78 385.012 1914.93 3633.98 11.6722
215.819 2641.9 446.864 2794.21 3.8277 1039.1 545.816 4.6273
368.781 1336.28 887.99 378.636 3964.46 670.203 32.616 20.814
237.154 113 11.8645 1909.12 779.312 2111.31 1391.13 833.171
173.155 16.3261 7162.11 332.222 66.2947 42.6561 36.4971 14.7302
49.9458 782.709 469.271 1260.69 4217.95 75.5109 312.456 1.91426
59.1908 734.449 2994.69 2934.26 177.805 62.5031 235.244 15.8531
357.062 2917.85 1137.91 55.9332 205.685 58.8814 5.84984 2960.49
1910.23 791.576 76.3485 2575.1 471.864 264.235 1469.57 75.7552
2099.18 259.176 453.779 404.426 8.57468 3760.6 158.08 184.102
11.1011 54.6855 2.49451 0.592622 2352.58 413.086 4468.48 6.05444
23.124 166.624 10.2227 3281.32 594.14 34.6549 3505.82 232.508
2494.51 501.55 60.6536 81.1099 1885.16 18.4849 1054.7 1703.42
5144.67 1362.9 114.8 101.139 283.718 14.4691 210.972 45.9351
1818.75 3561.76 431.914 52.8736 25.6354 786.715 282.8 312.104
3839.7 128.893 1146.3 734.575 1670.03 13.0422 4.29116 38.8979
26.1142 5.01643 1232.96 134.587 151.247 1696.54 4449.65 25.9035
127.024 7960.2 21.9396 9.65883 60.3915 8.12871 0.415441 8.75366
2.92432 170.29 3245.44 30.0167 367.696 17.7542 3829.61 6.60014
3611.48 428.469 245.679 2965.07 318.465 31.0167 44.3077 1.41271
463.256 1756.49 128.406 99.5193 368.577 3449.46 1386.95 97.0572
186.999 27.5281 7.91578 28.4523 7034.63 98.7572 19.148 87.6699
281.228 2662.94 76.0999 1.69699 1919.33 15.8653 1309.46 1655.37
11.3559 4.30437 2794.84 477.751 1388.37 447.592 1218.7 570.643
518.026 44.3764 3651.19 595.646 1002.32 1185.52 2.41979 152.302
4.63751 1.85384 0.233756 3180.06 4504.55 0.0198391 2.75848 66.6684
6.41564e-15 2.27304e-13 1.50683e-14 5.9264e-12 1.16564e-12 4.15091e-13 8.0448e-13 6928.31
638.359 2738.39 15.74 3124.87 447.838 24.2439 81.7747 151.895
243.164 2063.27 322.514 1809.47 1208.01 598.348 1223.29 39.9471
1990.14 195.648 302.198 1530.39 453.227 1600.24 528.543 3.83756
3014.95 115.825 3843.98 57.4869 190.009 22.5138 24.2174 128.081
4198.6 208.673 368.311 2728.27 7.09477 35.2682 310.983 47.0227
225.344 27.5201 8.49028 6364.41 33.1991 47.4714 193.908 745.676
26.2694 10.5012 1.80852 8012.13 52.3931 17.915 0.52983 70.3719
48.693 0.0923191 4239.16 17.6503 31.9607 2794.95 24.7948 13.4659
5549.36 1982.85 15.9893 131.135 58.3989 19.1987 0.393601 7.00514
836.48 4830.01 351.766 50.0842 965.86 41.6862 111.166 115.382
32.8884 268.711 3.81626 173.588 2.39945 6541.92 352.388 177.939
388.114 4310.52 9.97421 7.66716 35.8658 13.6253 29.3669 2870.44
92.3593 247.787 871.867 6657.9 5.63958 8.7566 72.6868 24.6136
2186.41 874.017 110.207 41.7022 4540.66 0.0199981 2.78059 65.8214
133.161 6259.37 1024.61 134.857 3.22142 213.299 20.1104 5.54758
0.0109344 0.000360407 4.23011 0.320395 7231.21 21.6429 25.229 2.58848
835.514 65.7355 752.748 1370.42 658.134 84.6802 103.134 3834.72
867.744 5159.91 83.1233 349.382 724.407 15.0966 8.6684 44.0231
5775.59 2213.33 16.9588 16.8162 60.4386 26.2348 0.411485 7.32342
0.812061 37.7342 6266.92 450.351 385.293 437.028 19.6178 19.5501
893.919 2937.69 1995.48 1196.91 15.9572 579.539 25.7748 111.053
5.41652e-12 2.72051e-13 7.41741e-14 2.51936e-12 1.02439e-13 4.41282e-13 2.37246e-12 7682.62
0.0271708 2.55168 262.592 3650.44 1653.25 493.655 312.207 596.124
6973.77 631.84 16.1451 19.5891 57.5917 101.644 0.395816 7.85779
4.20185 0.338991 224.131 1.35307 6666.51 708.754 6.29074 81.6208
466.963 1688.47 31.3085 386.12 3589.38 595.424 282.301 19.1819
100.885 1342.09 1540.12 1482.55 1581.8 61.0642 1775.16 55.475
436.301 6617.26 180.976 28.9833 21.0782 33.1389 134.211 109.85
223.063 12.9928 5564.01 814.265 1159.68 236.516 18.6858 61.92
2270.28 356.259 505.383 450.417 9.9237 3518.03 104.664 141.313
3377.7 265.746 83.5201 20.4642 639.726 30.5455 11.4276 3278.67
41.4326 4070.56 70.6756 982.014 1055.08 7.78899 713.338 7.05943
1168.8 2537.04 74.1226 2757.61 132.797 249.066 0.77048 319.111
1.33538e-15 1.75329e-16 1.60062e-14 2.53233e-16 3.64458e-17 2.94391e-05 6585.73 33.7592
58.7964 156.707 9.82993 4324.81 82.2194 67.5216 284.327 2216.25
0.326292 30.6429 3153.45 583.882 1591.05 475.083 300.461 573.697
1543.99 75.988 2452.49 2302.6 4.01663 221.016 85.6265 1069.73
1.61841e-12 2.5404e-13 1.44156e-11 2.31208e-12 5.63178e-13 5.01216e-13 2.07809e-13 7128.53
5384.08 569.175 385.213 53.4207 3.04397 469.041 16.4688 11.2833
1.00157e-14 3.54853e-13 3.7356e-15 6.59247e-12 1.31399e-12 4.67918e-13 1.22466e-13 7175.2
23.8852 1554.81 905.053 96.0122 1.84866 4340.6 60.6981 29.1112
0.0409038 0.955124 6.84644 0.917202 5.20817 2427.01 2036.15 2120.2
2180.35 958.099 133.279 459.999 11.624 3887.72 78.7899 147.747
2.42417 0.0259121 0.140302 129.151 193.536 3803.51 1030.52 1778.32
6409.59 235.813 4.88774 13.8623 186.958 16.9989 515.089 6.40783
0.0979724 9.20084 631.041 3463.42 1718.22 516.093 326.398 623.219
36.2655 140.398 66.2817 0.784607 6332.1 121.82 759.578 6.18229
1.08241e-05 2.86746e-06 8.1306e-06 0.00702271 5770.22 1074.86 122.481 44.2514
4.44008 667.441 6208.35 10.6894 81.5744 463.082 19.225 15.1447
17.28 2.6933 2.04307 0.150237 7445.01 35.1124 421.026 12.2531
63.5921 0.958636 5829.13 8.7136 43.7745 18.7865 128.412 927.903
56.3683 2511.57 154.542 2335.4 534.763 11.9956 1870.44 254.602
742.592 330.96 94.9811 160.401 4645.88 1271.89 667.625 7.13513
6017.38 636.124 134.912 31.4072 178.557 37.9178 16.8823 11.3154
178.604 20.7291 1922.2 1189.37 2497.58 0.609499 57.5416 1459.57
182.495 937.859 69.3056 4951.09 5.92207 20.2951 5.42749 1063.24
110.209 2573.44 91.9667 117.45 3.82038 4384.01 192.307 9.98208
0.345265 32.543 0.903809 4570.91 534.306 838.731 172.246 1224.51
7565.75 47.3212 85.2762 6.02242 14.686 15.4563 80.6281 92.2719
6.57761 27.3977 0.659311 4684.88 581.648 865.196 161.146 1259.86
186.66 8.09582 2715.58 44.2985 882.44 2642.85 65.0862 690.325
0.12854 349.867 28.4373 0.397708 0.4491 1.61553 7120.22 7.10153
5.0909 339.51 2483.66 12.1381 67.3163 350.646 2822.15 472.659
4332.59 890.555 104.493 139.691 338.765 64.0246 1197.22 331.285
2.21473 0.292028 24.0424 0.382997 36.4574 790.982 6604.74 24.3262
211.09 2371.63 396.395 146.891 451.999 3192.62 667.799 14.1343
3425.57 612.897 6.73726 529.595 37.5241 32.2426 141.067 3038.71
1849.25 186.013 134.632 228.768 62.1904 3095.73 1249.83 982.347
250.284 7230.43 9.80311 11.4237 145.761 235.404 12.8358 6.6692
891.558 2081.79 125.982 16.9724 0.0606123 12.4514 4362.85 343.094
3583.86 449.021 1839.7 960.023 493.309 119.947 43.2303 1.38399
412.193 149.035 3643.56 605.64 1002.57 1185.82 7.44558 99.6791
0.0963369 0.0234776 0.00494123 58.9925 2926.73 43.522 4131.02 37.6847
67.5577 1058.71 634.745 1073.88 4173.05 78.0431 344.061 1.98409
270.744 925.83 124.603 5345.69 381.463 12.2379 100.667 221.968
1933.92 297.864 342.153 39.4493 3537.68 1107.04 371.92 24.8837
250.721 100.62 13.9876 2059.73 17.9855 1734.99 3138.93 66.4076
71.005 230.9 2.1589 2681.56 1804.3 8.31669 2608.08 1.90707
648.78 4619.02 303.825 2.70902 583.124 9.49619 1417.9 22.2208
68.3654 929.688 9.98707 5315.95 1022.84 85.3002 0.516517 36.0206
3234.95 132.868 175.376 588.629 7.29886 95.6231 10.3169 3553.42
1090.83 3257.27 1564.98 880.727 109.074 382.915 14.2199 242.25
941.851 207.658 715.037 1137.02 4042.23 475.44 365.097 0.987949
152.414 1.44406 6466.87 555.452 23.0359 104.997 115.552 37.5278
115.228 2140.24 1821.38 198.657 261.58 2662.4 37.3614 35.5827
81.7794 31.736 431.676 4836.92 614.176 451.312 843.342 14.8118
325.387 2867.22 1253.99 168.167 2835.51 6.44516 209.053 164.677
1475.38 96.3652 5738.82 263.324 19.1769 112.085 66.7249 34.1468
567.523 4637.69 1808.63 88.9015 326.921 47.3718 9.24075 58.514
23.6935 97.5723 3.81419 1.06038 4364.6 356.54 2261.75 5.89362
86.9965 502.335 32.7236 4780.6 605.824 12.6254 180.461 1251.55
4.81611 6335.5 8.30868 289.582 134.002 830.722 54.8154 94.9035
2690.34 82.8038 261.894 11.8929 2951.43 202.94 20.7706 912.478
790.172 144.14 3553 330.137 1731.31 368.985 663.077 5.33343
42.5275 2014.65 707.842 1409.54 1483.35 1027.12 231.459 25.335
1447.63 3735.73 103.697 138.627 336.185 7.04352 1176.58 325.573
275.198 31.757 2292.33 1498.33 802.549 189.896 2322.55 160.343
144.102 2881.93 637.997 46.4421 292.641 50.4249 15.1489 3338.99
962.174 379.14 186.814 1005.02 2102.81 3103.19 77.651 15.8513
13.6845 119.568 5173.04 865.909 121.064 31.2625 231.552 423.267
13.4534 192.699 3081.73 209.934 356.613 471.058 532.681 2591.59
117.359 1062.42 838.259 22.8784 2246.7 310.713 2021.26 62.0656
4.49811e-13 1.3272e-15 1.08536e-14 1.94795e-13 6.04815e-12 1.01483e-13 1.12323e-12 6417.82
276.648 725.628 153.853 1102.78 5.04505 4459.45 5.78099 778.305
55.844 183.52 2705.35 581.606 8.01115 290.951 3323.09 103.835
