2.50362 3.80571e-118 6.2794e-158 0 3.30948e-251
0.00288343 1.08704 0 3.21806 0.951845
0.00124289 0.176707 2.89578e-156 4.44495 6.04911e-229
0.000789549 0.0747518 1.65865 0 3.21293
2.19328e-05 2.18766 1.3618 5.80423e-165 0
1.78846e-05 2.61825 7.78262e-112 1.59735e-158 5.48675e-93
2.56722e-07 0 0.00163336 2.98466 7.76352e-112
8.75713e-08 5.09923e-284 1.92936e-146 7.47511e-115 4.63723
1.72924e-08 2.26098e-264 2.93609 5.82232e-112 3.73928e-295
9.61952e-30 1.40827e-24 2.39111e-16 2.51864e-10 1.81094
0.000452618 1.68161e-128 1.14115e-85 2.73277e-102 4.15912
0.000578731 0.000859618 1.13517e-07 4.05627 6.66438e-165
0.00360842 2.18531e-91 2.54519e-205 4.31125 2.72567e-209
0.000946163 0.0102932 5.12333e-09 3.8627 0.32179
0.000135586 0.0111594 9.04127e-156 3.63149 0.151274
0.425627 6.44596e-185 9.8026e-293 3.08533 0.317002
0.0785902 9.56541e-124 0 2.12997e-155 3.74299
0.00964995 8.47027e-128 3.50955e-212 3.52427 9.83831e-97
0.000433478 0.203797 1.77066e-158 3.71731 4.47033e-96
0.0579776 2.06487 1.42038e-108 3.1545 8.45012e-251
0.00097848 9.10199e-139 1.11472e-05 3.83028 2.31221e-76
0.000135446 0.402843 6.60405e-89 4.34328 8.92445e-139
1.4267 1.80656 0.398607 1.65167e-119 1.93489
0.000189058 5.77233e-09 4.60147e-149 2.39184e-169 4.06661
0.00104431 0.136712 0.0148392 3.28325e-148 3.84988
0.00997329 0.0368795 0.0638889 1.89082e-217 3.9812
1.65627 1.88111 0.572144 1.66988 0.000195847
0.141182 0.0980732 0.177945 1.02394e-174 2.85504
0.675633 1.93077e-96 1.44912 0 2.82104
0.377611 0.397602 1.95915e-05 2.98525 0.00017548
0.0920836 1.99395 1.80036 0.0779105 0.460649
0.0178601 8.40568e-133 6.20893e-197 2.95158 2.77958
1.22459 1.88726 0.0107138 1.08313 0.260787
0.0411199 1.4089 1.49719 1.49992e-167 2.51506
0.00626871 0.0837452 0.000102263 2.93674e-166 3.55373
1.12804 2.54794 0.322403 4.15876e-174 0.0189492
1.10129 0.485372 1.5303 0.0983751 1.0179
2.32295 0.528991 1.9389 0 7.06441e-101
0.490774 1.10296 0.387043 2.02564 0.480971
0.0847834 0 5.36368e-183 6.97979e-180 3.47323
1.19346 1.03849 1.47338 0.500346 0.615464
1.82553 0.0882817 1.70354 0.400261 0.862438
0.412529 2.07848 0.161294 1.22971e-162 1.85756
0.017055 2.42479 7.6149e-295 6.45334e-134 3.11584
0.788024 1.10883 1.30062 2.24199 2.9516e-144
0.00034016 0.0652592 1.81433 1.01595e-125 2.99808
1.08316 6.30279e-159 0.942047 2.79512 1.33534e-126
0.992628 0.577052 0.251386 2.16188 0.000151292
0.432008 0.616684 1.51304 1.6686 0.874668
0.217999 1.37309 0.48418 2.09269 0.639331
0.00720578 1.22971 1.3573e-140 4.25772e-153 3.59602
0.771657 1.73229 1.64283 0.451777 0.433039
1.64148 0.26357 0.790644 1.87923 9.23821e-150
1.73139 1.03757 4.83416e-166 1.87009e-77 2.48852
1.89774 1.62616 0.755371 0.73598 0.110645
0.270694 0.730366 1.5347 4.41044e-77 2.01333
0.0537034 1.97617 0.70126 0.67461 1.51627
0.0784878 0.139893 2.80714 1.33399 0.0331573
1.35982 1.23555 0.433838 0.255431 1.15856
1.38498 1.17831 1.68272 1.26467 1.36885e-06
0.202994 0 2.68413 0.338956 0.901948
0.408653 0.547757 2.91838 3.37645e-202 4.02548e-269
0.886118 0.728804 2.07845 1.42699 0
0.313404 0.0219904 2.39072 2.48266 1.08851e-146
0.0260206 0.274324 2.70549 0.943489 0.449194
0.188948 1.50329 2.46182 0.374567 0.62366
0.965513 0.422736 2.11801 0.0178564 0.0884141
1.81625 5.21351e-200 0.716324 2.698 4.3323e-200
2.36864 0.830074 1.85929 5.25453e-104 0.10638
1.8444e-05 0.163975 0.19593 2.5242e-212 3.67499
0.00223168 0.317289 8.48856e-13 3.68311 3.95095e-124
0.690141 0.968617 8.56677e-09 3.29574 0.00120628
0.572839 1.22171 2.24975 0.130806 0.471154
0.286367 2.5215 0.0542866 0.92548 0.808217
1.05278 1.1656 0.29679 1.36599 0.63777
1.26809 1.2102 2.21886 8.32329e-05 0.928595
0.32259 0.87039 0.816482 0.611967 1.61367
0.783633 0.749882 0.0121507 1.97702 1.12168
0.0953782 2.40127 0.0723606 0.685416 1.45703
0.644247 1.4686 2.34455 0.0732062 0.473515
0.411274 2.29072e-209 2.99264e-124 2.11311 1.86898
1.35157 1.35656 0.497455 1.22217 0.94499
2.45626 0.230636 0.628563 0.300488 0.166814
1.43943 1.68457 0.732562 0.329947 0.730321
1.28002 2.20963 8.69641e-165 2.04981 0.16975
1.08558 1.58989 0.696423 1.18711 0.568324
0.87503 1.30906 2.23208 0.257056 2.37192e-252
0.467676 2.17282 1.0212 0.208715 0.744125
1.16056 0.110593 2.66866 0.449006 9.96544e-189
1.58412 1.84795 0.272999 0.34628 0.780719
0.00072316 0.337396 2.93143e-158 3.46692 4.18263e-96
2.35711 0.293315 1.99772 1.58051e-145 0.352151
0.597903 0.223215 2.27626 0.75205 0.054979
0.913344 0.951619 2.5156 0.38754 0.665577
1.34294 0.764548 1.65798 0.534984 0.22607
0.230242 0.0288748 1.75275e-122 3.26337 0.888831
0.123878 2.47259 1.19033 2.45244e-266 1.48187
0.22857 0.553213 1.45698 0.863721 1.36842
0.0204446 2.21361e-245 0.0792719 5.29348e-143 4.12491
0.296776 9.6528e-137 2.2417e-122 3.3642 5.42991e-143
1.23081 0.280285 0.995351 2.16503e-130 2.53355
2.42306 2.50715 0.149497 2.77455e-102 4.47554e-161
1.90233 0.933447 0.530383 2.2207 6.20458e-212
0.136878 0.154946 1.71047e-208 3.32591 2.80654e-186
0.0482797 0.860293 2.86164 1.13789e-145 0.411789
0.00896988 0.166416 0.0790131 1.84859e-272 3.35452
0.815254 1.57265 1.03491 0.838392 0.119625
0.784652 2.25799 0.506544 1.10822 0.814412
1.40879 1.85568 1.53035e-180 0.355501 1.79154
0.0713252 8.87999e-12 2.26574 0.195581 1.2081
0.981827 0.93954 1.67349 1.27279e-217 1.0723
2.47501 0.0385381 0.740225 0.524582 0.519455
2.12914 0.457272 0.13378 4.05424e-219 1.56954
0.362288 0.813297 0.776434 1.59399 0.40433
0.0520628 1.9158 0.679837 0.654001 1.58986
0.0383504 0.800672 1.37554 2.44515 2.63068e-08
0.244368 5.02062e-102 2.51305e-112 2.84577 2.22459
0.161896 0.272026 2.40884 2.50149 1.09676e-146
1.51946 0.593606 1.55969 0.890761 0.130965
1.04042 1.33699 1.95214 2.13964e-123 0.769526
1.06969 0.926453 1.38327 0.43913 1.44518
2.09527 0.635759 0.122752 0.542629 0.590885
2.06931 1.01019e-97 2.6325 1.72748e-178 0.978978
0.341883 0.691192 1.20589 0.382793 1.76535
0.243772 1.93947 1.82485e-241 2.76129 0.0162375
1.62602 4.94327e-124 3.37512e-100 0.0931089 2.15829
2.19158 0.673058 0.338626 0.445785 1.06374
0.601579 0.844868 0.361451 1.31056 1.46054
0.4255 1.0621 1.78907 0.592203 0.503243
0.718841 1.28123 0.986907 0.839675 1.56811
0.924159 0.102668 0.197038 1.74143e-167 2.76932
1.8429 2.29345 0.060926 0.429466 0.0457496
0.57387 2.30241 0.306334 1.77469e-179 1.43532
0.126668 1.25309 1.57902 1.60768 0.606222
1.51739 1.96907 1.13829 0.00781055 0.936878
0.000985321 0.12899 0.0194833 5.37532e-128 3.65218
0.00242867 0.345296 1.2053e-309 1.61204e-120 3.87015
1.24692 0.996446 0.770973 1.74153 0.596766
0.330512 1.21708 1.39304 0.995112 1.50621
0.0122588 1.7429 4.67049e-294 3.44178 2.18702e-118
1.96609 5.68599e-111 1.4906 0.342132 0.946378
0.550706 1.26605 0.307498 2.33441 4.00376e-108
0.740262 1.31285 1.43785 0.866088 0.195174
1.42289 0.114272 2.42369 0.517393 1.54773e-237
0.798822 6.91966e-119 2.47984 0.509157 0.96195
2.08546 0.468378 1.97194 1.6609e-131 1.30773
0.858139 0.246783 2.35935 0.817056 5.04605e-103
0.663738 1.42138 2.49677 0.063937 0.0507446
2.29578 4.56574e-161 0.772066 0.227672 1.62795
0.549516 9.05203e-226 1.92937 2.87344 2.03808e-282
0.284106 0.566745 3.87781e-181 2.63614e-140 2.66443
1.94528 4.74413e-133 2.03097e-92 5.00655e-146 2.43305
0.0139147 2.05477 2.43532 1.4693e-187 0.833739
1.32569 1.78266 0.363249 1.4578 0.00970099
0.114777 1.81164 0.00392111 1.11538e-220 2.90411
0.307801 0.00128587 2.90462 2.43453 2.03478e-254
0.25217 1.11376 0.864525 1.297 1.54679
0.156261 0.922338 1.6067 1.52039 0.058917
0.414121 2.60839 0.914845 0.764481 0.724046
0.69597 0.00321126 0.63711 2.97734e-179 2.61279
1.81933 1.51518 0.653415 0.779207 0.644348
1.97964 2.58905 5.13562e-182 0.581583 1.506e-141
0.06029 2.2415 0.76215 3.60632e-159 2.29147
0.145995 2.57796 1.37449e-05 0.141898 1.26472
1.50698 0.648644 1.41089 0.875876 0.1138
0.172496 0.714122 1.51894 2.00997 2.64614e-144
1.99216 3.04392e-163 0.825004 2.46769 4.74479e-83
0.175956 0.581241 0.883573 1.20302 1.57558
1.44346 1.11593 0.293522 0.914911 0.719896
2.22725 0.449333 1.27637 1.48342 1.89408e-123
0.659551 2.08905 3.37135e-83 0.770904 1.37674
0.499997 0.820964 2.78179 1.40341e-121 0.00366451
0.485437 1.14224 1.15226 0.965649 1.4599
0.336119 0.408111 0 1.34626e-159 2.93927
2.24984 1.17976 0.234181 0.801029 6.17357e-107
0.277641 0.019481 2.15145 2.54359 1.05144e-146
1.17387 1.9216 0.288217 8.1663e-179 1.6331
6.43105e-05 0.0251806 0.137907 4.98954e-102 3.92459
2.38816 0.127903 1.8599 4.27288e-97 0.418655
1.77124 2.24762 0.0345475 2.13927 6.48785e-172
0.575934 1.78957 1.30693 1.71643 1.99471e-126
2.48141 0.210339 1.57095 0.103845 0.00561199
0.259018 0.288132 2.09375 1.49592 5.16003e-104
0.0795857 4.94015e-125 2.11503e-155 3.42066 3.59126e-166
0.249535 0.0519667 2.53008 1.44745 0.884915
0.03217 1.83631 2.02192 0.0186429 0.380769
0.103483 2.00268 8.2188e-132 3.63513e-86 2.55775
0.842444 1.28721e-163 1.90317 1.23564 1.73612
0.584053 9.62096e-226 2.06117 2.56032 0.000339925
0.936482 0.335474 1.25707 4.39663e-130 2.44981
1.32229 1.26193 2.31371 2.03947e-304 0.302252
0.384483 1.69816 0.799989 0.154391 1.53884
0.456768 1.06992 1.10074 1.78531 0.0812108
0.0628578 0.232807 2.1726 1.65514e-163 2.40064
2.48986 0.0917508 0.0832965 2.90811 0
1.18346 1.55891 0.32003 1.28435 0.0530428
2.28742 1.01727 1.11974e-114 4.09843e-84 1.71663
1.11585 0.241652 1.00983 1.37926e-148 2.38316
1.28914 0.391995 2.1919 0.0540824 2.54025e-07
0.236167 0.910285 1.03486 1.55877 0.751551
1.30722 9.51926e-117 3.50869e-05 5.0376e-129 3.31972
1.53789 2.2122 1.27697 0.785508 1.00371e-130
0.249995 0.588242 0.604769 1.98487 0.7637
0.00294059 1.76511 0.956474 4.97591e-264 2.04845
2.10252 2.82309e-196 1.44554 1.66368e-75 2.34088
0.868423 0.97151 0.200347 0.42633 1.65998
1.90406 1.73857e-133 0.330622 1.85485 1.23731
0.899211 1.82952 9.8038e-157 1.03164 1.59468
0.76356 0.202225 0.350675 2.31471 2.37726e-171
0.44125 2.04046 1.19999 1.32688 2.13717e-152
0.00564059 0.879021 0.00363824 3.97726e-233 3.15894
0.215619 0.300808 1.59368 1.8238 0.533105
0.6178 2.23369 3.4903e-221 2.19679 1.00052e-140
1.4204 0.567719 0.220539 0.851622 1.39837
1.00919 1.45268 0.854376 1.13905 0.545313
0.742272 0.957979 2.28859 0.320221 5.22906e-212
0.166442 2.32529 1.12431 0.303293 0.143603
0.838908 2.42225 1.28213e-290 0.368892 1.83759
0.000113159 0.174582 1.72072 1.92745e-139 2.72584
0.72279 0.429513 6.11459e-88 2.62586 1.01388
0.286124 0.265206 6.52286e-302 2.73132 0.560945
0.390163 0.369248 0.00565425 2.86662e-179 2.63145
1.24212 3.5438e-143 1.07753 2.36268 1.95526e-103
0.82139 0.60384 1.0614 1.64054 6.00086e-144
0.0285929 1.37573 2.13427 1.79949 2.03191e-146
0.116897 1.77386 0.998632 1.17736 0.28424
0.56193 0.79069 1.51837 2.14637 2.82572e-144
0.412711 1.34644 0.421135 0.695605 1.72425
2.0126 1.20817 0.413677 0.575397 0.0573569
2.18384 4.7397e-74 1.0257e-71 2.27509 0.193232
1.59547 1.52265 1.47963 1.83696e-304 0.272239
1.80295 2.37555 3.35855e-146 0.407977 0.270435
0.535528 2.13542 2.05203 0.482142 7.36326e-189
1.06795 1.22954e-97 1.3955 2.54104e-105 2.70883
0.48384 0.708232 2.15909 0.670951 1.06934e-135
0.0773166 1.76973e-121 2.61996 1.50764e-112 2.19155
0.297226 0.444656 1.856 1.37283 1.28379
1.87678 0.0463924 1.79345 3.08483e-134 1.9584
0.0199988 0.000107642 0.0131913 4.88772e-219 3.04696
0.50788 0.080391 1.87568 1.90523 0.0725818
1.55167 0.184911 0.225296 0.86999 1.42853
0.777552 1.02935e-176 9.30416e-217 2.59316 1.08711
2.159 0.379431 1.73003e-143 1.83184 0.362402
0.242508 0.354977 1.23354 1.28682 1.75173
0.568491 0.506223 1.97718 0.868629 0.921016
2.20906 3.37534e-163 0.914829 0.502235 1.75242
1.69941 2.27561 0.640863 2.68391e-146 0.026692
0.21455 0.398556 1.91307 1.38112 0.686978
0.787551 0.00550072 2.03833 4.06848e-127 2.45745
1.32932 1.67784 0.482981 1.00051 0.731536
0.250935 1.07438 0.559926 1.34438 1.74541
1.6889 0.000295558 1.336 0.711689 0.313402
2.25996 0.00462105 0.189657 1.69676 0.000174142
1.14576 6.65355e-122 0.846805 2.18586e-151 2.88495
0.302908 1.38285 0.949813 0.664744 1.40987
1.67091 0.0808045 1.55926 0.88008 1.07001
2.0326 1.61472 8.11825e-12 0.952634 0.627752
1.75197 2.27348 0.934556 1.45753e-151 0.132449
2.13643 1.45559e-148 0.631644 1.98266e-248 2.12185
1.76474 2.57291 9.76565e-204 0.075267 0.397185
2.26589 0.172874 0.541952 0.273798 1.66619
1.78115 0.202861 0.239238 0.900876 1.35701
2.43293 1.91363 0.54549 4.56856e-113 0.0735209
2.04347 0.00105125 0.187125 1.53524 1.3836
0.559204 1.19809 1.35225 1.3671 0.647245
0.393298 0.374851 2.33561 5.07642e-160 2.15607
1.36893 1.15632 1.21135 1.50789 1.34844e-06
0.806812 0.987558 1.70761 1.54189 0.0368699
0.0499542 0.034701 0.215403 9.26306e-175 2.58281
1.16855 1.52511e-99 1.83271 5.05759e-127 2.31083
1.7386 1.65108 0.491933 0.0605598 0.735133
0.633574 2.39551 0.018495 0.0421579 0.204136
1.48533 0.00603374 0.209268 5.44035e-189 2.36114
0.372689 1.53183 5.00831e-272 2.60512 1.62619
0.524574 2.15832 1.07925 1.46529 0.150953
0.356023 0.327093 0.00929551 1.3524e-297 2.95349
0.969136 2.22159 0.101158 0.700309 0.131375
0.58617 0.560924 2.69448 2.11171e-261 0.391861
2.0368 1.00645 4.98795e-131 0.601831 1.19446
2.07691 0 1.32591 1.46454 1.2487
0.943051 1.17108e-103 2.72916 0.780652 0.00372425
1.17282 1.63619 0.259892 0.421 1.22892
0.702764 0.675923 1.83631 1.40463 0.601778
0.246817 1.01447 1.06743 2.41174 5.19822e-79
0.294717 1.30168 1.01039 1.09973 1.60332
0.747644 0.816764 0.662314 1.01933 1.31739
0.341737 1.05413 2.58321 0.0513334 0.958212
1.37666 2.0595 0.0870589 1.92645 0
0.754274 1.0481 0.449705 1.94368 0.594878
0.590283 1.32713 1.2456 1.19841 0.0118695
0.0924617 1.86792 1.40423 0.717593 0.187823
0.714142 1.66081 2.06849 1.07645e-212 0.63686
2.37837 2.94531e-158 1.13109 0.0405473 1.04939
0.437707 0.644744 1.34167 0.00813067 1.69823
1.47337 1.33872 0.470065 0.283642 0.766854
0.493404 0.466956 1.1228 0.649711 1.71302
0.371587 1.36834 0.807555 1.31654 1.53477
2.05322 0 1.6746 0.619489 0.228451
1.11228 1.12773e-117 1.03199e-144 3.19553 1.62901e-77
0.466638 2.11556 0.00532891 3.431e-125 1.83684
0.156286 7.64574e-270 2.32239 1.0485 1.05284
1.85069 4.20022e-99 1.89677 0.639731 0.0534795
0.0156211 0.0697386 1.58566 0 3.07155
2.4044 0.319495 0.51398 2.12604e-203 0.911787
1.12531 1.39428 0.0371035 1.73289 0.0383497
0.249356 1.4379 1.45677 1.62905 0.00584533
1.78946 1.19919 0.976237 8.80398e-143 1.46798
0.319634 0.467872 1.62585 0.509703 1.71538
1.72697 2.0146 0.278295 0.377212 0.264107
0.576816 0.659696 1.27498 1.76678 0.850991
0.960419 0.177837 2.18453 1.31212 0.113684
0.29341 2.10279 1.71003 3.08058e-226 1.04758
1.02585 1.89238 0.0374938 1.41311 0.880884
1.02081 1.47603 1.19655 2.18705e-100 0.511668
0.01282 0.0159713 2.19673e-162 7.10174e-90 3.30779
0.538351 1.0805 1.1542 1.55229 0.0518374
2.34326 0.100693 3.7113e-98 1.58453 0.0461597
1.54888 1.48217 0.33625 0.109954 1.08077
1.79742 3.87978e-05 0.86819 1.15382 0.551625
1.23766 2.20595 0.010258 1.39152 0.00215107
1.98135 1.76351 0.593744 2.03541 4.48142e-120
0.304448 1.75559 0.667563 1.50322 0.00539382
1.73877 1.04426 1.02281 0.0561849 0.549217
0.174105 0.0230991 2.89114 0.602272 1.11433
0.824311 1.93265 0.54502 3.49206e-123 2.07364
0.259541 0.0236709 2.01458 2.38178 5.43019e-232
1.33508 2.1667 0.324211 0.36512 0.236862
0.434852 0.640719 1.2229 1.55606 1.3183
2.44281 0.00414569 1.00569 3.97513e-05 1.14691
0.0238976 0.778741 2.57819 0.466788 1.04402e-148
0.621481 0.898628 0.563618 1.21106 1.35138
1.47878 0.63528 1.77528 0.202595 9.72757e-109
0.848409 0.257304 2.15748 1.16801 0.0699274
0.00174954 1.44107 1.16329 2.28906 1.23573
0.580123 2.00553 0.0472073 0.238298 1.0222
1.03561 1.68069 3.1914e-123 1.88717 0.822211
0.613885 1.37116 0.826069 1.12379 0.822845
2.4117 0.162383 0.456744 0.430953 0.757518
0.448751 2.2903 1.75626e-75 2.19853 0.386066
2.50277 0.395314 0.0332534 1.47382 0.353889
1.60316 0 0.445498 0.218942 1.79741
1.39329 1.3186 9.22555e-157 0.970791 1.50062
0.0640952 2.35856 0.836956 0.182705 1.77807
1.34305 2.52508 5.608e-165 0.728169 0.850846
1.46287 1.4579 0.0256067 1.3954 1.49247
2.19348 0.0690188 1.74898 1.79428e-271 1.10779
1.1435 0.208101 0.461833 1.23201 1.67713
0.0984729 0.0233429 0.0904423 1.88818e-211 2.97258
2.32903 2.137 6.06079e-163 0.985076 8.00653e-184
0.110761 0.250348 2.87668 0.00784695 1.40173
0.869945 0.207674 2.44931 1.39776 0.015336
0.987585 1.61832 0.244755 0.00236527 1.25524
1.18913 1.29365 0.226847 1.19695 1.26753
1.77001 2.2822 0.913731 0.561417 3.12285e-220
0.186482 2.33435 0.621892 0.0773853 0.906794
2.10146 1.70328 0.0762125 0.157111 0.486678
1.80252 1.43848e-272 3.00903e-214 2.60999e-77 3.25614
0.476145 2.28239 0.609564 0.614738 8.28644e-72
0.0825376 0.401746 1.98596 5.18163e-237 1.98033
0.45616 0.514261 0.0163289 1.70437 1.77347
0.0258162 1.24214 1.82091 2.01705 0.00908687
2.16115 0.309011 0.0068373 1.77533 1.96147e-126
1.72179 0.636229 0.2616 1.0217 0.748567
0.810113 1.66527 1.7451 1.56117e-94 0.545274
0.0212485 0.0915561 2.61305 0.662197 1.14081
0.0688253 1.41654 1.16707 1.30541 1.40162
1.47614 1.92833 2.7486 4.28172e-179 3.71776e-220
0.718253 1.00873 0.431253 1.56462 0.633315
0.215757 0.682542 2.82703 1.12509e-215 6.15685e-110
0.128185 1.19038 2.60057 4.78775e-07 0.00085107
1.91125 0.190949 0.211543 1.06482 0.956844
1.50565 0.282858 0.898167 1.05484 0.207114
0.296086 0.89386 2.14511 0.364921 1.00976
0.521064 0.653599 2.40517 0.468275 1.88436e-78
0.0367266 1.44915 2.55188 6.15941e-297 0.925382
2.48704 0.237592 2.19594 3.76824e-107 4.40121e-06
0.167744 0.234019 1.23983 1.41886 1.12997
1.85993 0.0314658 0.214663 1.77449 1.08411
1.16733 2.01737 0.0261108 0.151986 1.10452
0.828718 2.38481 0.519622 0.0225265 0.782426
0.641271 1.25857 0.529215 1.19169 1.54014
0.706506 1.42864 5.0632e-272 2.63368 1.68994
1.49329 1.12568 2.48073e-113 0.266975 0.802178
0.428494 1.79891 1.76123 0.000270854 0.768189
0.134933 2.02098 0.140857 0.165121 1.30271
0.865535 2.49914 1.26726e-290 0.380601 1.80129
0.18306 2.48926 7.00962e-128 2.38599 0.0645315
0.551957 1.96013 1.97356 0.574998 1.56586e-237
0.508091 2.4568 0.657648 9.26415e-198 0.423659
0.518008 1.16287 1.11017 0.388487 1.49809
0.00164297 1.08839e-168 0.233478 1.35936e-113 3.40421
0.904338 1.1115 1.17917 1.31895 1.23341
2.02003 2.10694e-194 1.88284 1.95473 0.304688
1.49121 2.34913 0.967158 0.416475 4.5757e-240
0.804667 1.66137e-71 2.83973 0.0115167 6.3426e-70
2.47002 2.03064 1.42818 9.64653e-100 0
1.59273 1.53449 0.025015 0.22717 0.639127
0.911622 2.36191 0.413999 0.00585343 0.627468
0.358494 1.506 1.52378e-205 2.67963 7.12619e-184
1.87501 1.13079e-163 1.05099 0.971227 1.57448
0.0677883 7.07049e-196 0.00241168 2.66887e-229 3.44404
1.43387 1.21117 1.26881 1.57681 9.62692e-07
0.579574 0.805344 0.391326 1.51614 1.77089
0.971032 1.08349 2.1919 0.0013263 1.34215
0.408884 1.60046 0.968448 1.09064 0.214718
1.70764 0.000798695 1.0974 1.08314e-178 2.27514
2.17258 0.413656 3.66662e-180 1.21269 1.07009
0.367072 1.35171 1.54713 0.000102735 1.47832
1.61972 0.00066555 2.29545 0.504512 0.478006
1.31074 1.01769e-134 1.6932 2.47547e-161 2.09641
6.65326e-05 0.147869 1.87934 2.65571 2.65464e-75
1.01288 1.4626 1.19821 1.08664e-218 2.10356
1.88556 0.131529 1.087 1.6545 2.21584e-131
1.39024 0.333123 0.737455 1.52436 0.525706
1.45435 1.55433 2.82376e-113 0.839688 0.971726
0.891436 1.88211e-194 2.65197 1.98045 6.2917e-103
0.0570909 2.02321 0.897355 0.584016 1.37268
0.595027 0.523707 2.11302 0.308115 0.84584
1.6755 0.031519 2.10097 1.79232e-190 0.799551
1.47336 1.94594 0.399096 1.09224 0.0597685
1.52708 1.1935 2.53757 1.45847e-111 1.07544e-183
0.833261 0.0167703 1.84755 2.03483 0.0255562
1.57905 0.334137 1.54166 2.11511 5.79347e-72
1.91196 0.00719709 1.21783 0.721941 1.41134
0.348986 1.28511 1.3318 0.494119 1.37923
0.119278 0.0240635 0.0683546 2.70899 0.143835
1.18897 1.35072 1.05131 0.793833 0.695803
0.0248634 0.0844723 7.62143e-224 3.22789 1.3433
0.775276 1.63917 1.63548 0.0601819 0.310492
0.397046 0.581186 1.77179 0.550593 1.46931
0.294883 0.685582 1.28613 1.27122 0.688121
1.50494 0.00922427 1.47552 1.96642 0.617694
0.274846 0.626238 1.53298 1.87121 0.726807
0.111734 0.0095449 2.5632 2.66388 0
1.56125 0.0293697 1.96464 0.915025 0.794725
0.831258 1.49204 1.08529e-88 2.40611 9.56911e-78
2.26874 0.0560813 2.168 3.72909e-134 0.28765
0.951217 1.39237 0.804299 0.00154399 1.78478
1.27958 1.54778 0.094908 0.5499 0.794929
0.061205 0.270326 2.77347 0.000153479 0.83844
0.0666304 6.94972e-196 2.75595 3.95331e-99 2.20737
0.416251 1.83846 0.201578 0.152749 1.52247
0.90435 0.955874 2.50964 6.97847e-117 0.657906
1.4148 1.1172 0.00334844 9.6194e-179 2.08745
1.56348 0.439295 2.65414 1.29656e-266 2.45314e-211
1.10945 1.58224 0.51732 1.12108 0.692694
0.497954 1.77929 0.919134 0.0510426 0.495738
1.70781 0.04629 1.4276 1.50412 0.251222
0.00319969 2.73229e-213 0.109224 2.56974e-200 3.41102
1.07796 1.28739 1.11003 0 1.97069
2.27567 0 2.10633 0.63161 4.12716e-181
0.594118 3.62919e-121 2.36693 2.43926 0.000959219
1.92716 1.90316 1.92379 5.49046e-222 7.50745e-120
0.997664 1.46035 0.897574 1.95374 0.336853
0.014163 0.059051 0.108754 0 3.24592
1.06341 2.26708 0.0850959 0.47664 0.0611254
0.0671648 0.113647 2.71849 0.488061 0.403277
1.75561 1.4861 0.925487 1.15275 0.00100561
1.76652 0.429886 1.38552e-267 1.75719 1.67883
0.602363 1.72146 9.12206e-291 1.76272 1.7883
1.14948 0.247512 1.05634 1.87707 0.76037
1.75965 1.58758 0.00534819 0.120087 1.18037
1.34658 0.134819 1.02111e-276 1.87798 2.14307
1.92807 1.71073 0.61738 0.371224 0.000482485
0.627522 0.882984 1.49284 2.19721 5.21791e-157
0.446186 0.713875 1.74054 2.30321 3.0322e-144
0.858623 0.16705 2.00231 2.47142 1.25712e-190
0.0838904 0.0177517 1.73147 1.64281 0.566557
1.71169 2.12571 0.968122 0.128003 0.0193293
0.183934 3.5641e-114 0.00530842 1.32253e-197 3.17397
1.07628 2.10088 0.462366 0.956205 0.575554
1.9428 9.31227e-201 8.13724e-134 6.38744e-190 2.64418
2.17618 1.58087 0.0424627 3.72182e-163 1.29257
2.15556 8.89588e-89 1.04118 0.186698 0.583094
1.37719 1.54704 1.93057 2.53488e-136 0.119652
0.929952 0.957802 1.24433 0.292365 1.75078
2.39619 6.71835e-144 0.103664 2.54453 1.3228e-141
1.37046 0.0603828 0.065089 1.35137 0.570824
0.850829 0.157545 1.93526 1.1624 0.878762
2.48909 2.48666 0.0393177 0.0234406 3.47006e-134
2.2387 0.913974 2.27471 4.87392e-141 1.00111e-173
0.757638 1.48695 0.62481 1.40781 0.671083
1.56714 0.0109162 2.50246 1.58316 2.66476e-134
0.999458 1.12741 1.76405 0.101905 0.530869
1.9178 1.82126 0.542639 0.066802 0.000344461
0.165422 0.896952 1.88575 2.49537 3.28518e-144
0.0336196 1.18831 1.08762 1.79611 8.85682e-196
2.11657 1.24699 9.42434e-212 2.30346 1.0131e-103
0.0244186 1.34842e-147 4.56018e-201 3.06223e-102 3.94391
1.06676 1.95194 1.33705e-136 0.195672 1.03464
0.883119 0.0666221 1.96278 2.63603 1.87196e-184
0.158745 1.86742 4.85859e-100 1.8092 0.620099
1.14641 0.128206 0.585435 1.27431 1.7347
2.14521 0.103741 2.00186 0.124223 1.17078
2.14464 1.14601 1.95953 8.93274e-216 3.84701e-158
0.821989 0.994282 2.0439 0.647574 0.572668
0.108402 0.448777 2.85694 0.0196342 2.91818e-144
0.212498 1.22777 1.22944 0.794924 0.936667
1.3171 2.14663 0.320833 0.361315 0.270432
0.0452636 1.71973 1.59716 0.491286 1.3494
