76.4117 0.785385 2.01788e-08
45.4758 56.9376 3.01771e-20
0.785381 63.052 7.56103e-18
41.4086 0.79556 1.22323e-05
3.61429 2.70805 5.52272e-13
65.4703 25.1442 1.41545e-14
0.785371 54.9612 1.28795e-13
67.4441 24.6633 8.16866e-15
0.787665 8.6905 7.89811e-13
56.9468 0.793378 7.27821e-06
50.2924 56.1612 1.20492e-14
62.868 0.853449 2.32607e-11
50.8381 0.785557 1.37399e-05
0.795092 0.70985 0.161975
0.785375 58.4363 1.19626e-15
0.874738 7.69025 1.4086e-12
0.713412 0.80651 0.129108
0.750341 0.677439 0.349064
0.785402 60.9834 2.74305e-18
0.785398 62.5061 1.39677e-19
0.782375 0.705497 0.189649
0.840232 6.40143 3.84355e-12
0.684512 0.678158 0.320723
0.785377 59.8072 7.17772e-16
0.643355 0.731055 0.490841
0.646024 0.654778 0.428568
0.644083 0.631067 0.464165
0.723694 0.653767 0.455537
69.2717 0.881356 2.036e-12
0.777122 0.700637 0.236287
0.785374 57.3686 4.00181e-14
67.6907 0.789762 6.12634e-11
74.8151 0.785385 3.09228e-08
73.4616 0.785387 1.0553e-07
0.611745 0.597326 0.547894
0.714801 0.801161 0.10983
0.619435 0.60494 0.530297
0.610024 0.617879 0.526794
0.619509 0.624126 0.509355
0.595968 0.598201 0.567848
0.70637 0.802757 0.206068
0.715875 0.712172 0.107195
66.2002 0.847597 3.33175e-12
0.707514 0.715829 0.144426
50.7652 56.6824 9.55692e-15
0.78706 60.4329 3.77764e-20
0.786467 5.5186 6.03872e-12
1.02548 4.5279 6.25076e-14
64.918 2.0204 2.07768e-12
0.562662 0.563436 0.631121
0.716141 0.713014 0.0899033
0.786758 0.710136 0.148714
0.687649 0.683488 0.302065
0.499632 0.488958 0.73441
63.9178 0.786074 3.05281e-09
0.790367 0.69923 0.250835
0.766072 0.690088 0.290289
0.776818 0.694213 0.276422
0.604476 0.608876 0.554016
0.687352 0.77394 0.317069
73.024 0.785389 3.11256e-07
0.955097 3.79844 2.24892e-13
0.575736 0.563576 0.616923
0.559996 0.55118 0.639886
0.507213 0.498075 0.721792
0.867746 5.69037 3.93235e-12
71.6476 0.785455 2.82007e-06
0.787384 0.703096 0.219574
0.698307 0.703209 0.226826
64.1731 2.21243 1.28029e-12
0.551739 0.543335 0.657069
0.782386 0.698279 0.253302
0.587121 0.601267 0.580203
0.580285 0.589736 0.598686
0.55466 0.560583 0.648775
72.314 0.785416 7.56766e-18
0.594989 0.589 0.574459
0.579309 0.569759 0.607882
2.57648 2.57605 8.57996e-13
0.707123 0.798001 0.199063
0.78958 3.48555 4.21569e-12
0.517166 0.508051 0.710652
0.785314 4.41053 4.8495e-11
0.530834 0.533344 0.68072
70.9783 0.786262 1.18498e-11
0.788979 0.69819 0.264053
0.446406 0.450581 0.791151
0.583724 0.587254 0.591349
0.679094 0.757262 0.354572
3.22383 0.782436 2.12601e-05
0.459968 0.466672 0.770118
0.458328 0.450313 0.781303
0.735269 0.671422 0.368145
75.773 0.785385 8.61159e-09
0.539868 0.54236 0.666132
0.383299 0.380052 0.851916
65.9385 0.867156 2.13275e-12
0.509994 0.502781 0.719626
70.7899 1.21778 3.7486e-13
2.07099 1.18971 1.26796e-10
0.537496 0.538698 0.672893
0.707822 0.708206 0.19423
0.578229 0.585373 0.604384
0.731189 0.670126 0.377275
0.569818 0.568567 0.61655
0.559596 0.559664 0.634416
0.465726 0.46486 0.777865
72.0604 0.785874 3.29472e-09
69.649 0.785481 2.89295e-08
0.438877 0.446871 0.797105
0.720511 0.80272 0.0827768
76.3074 0.785385 1.44823e-09
0.711613 0.676254 0.423028
69.9263 1.03629 1.64291e-12
0.718295 0.80975 0.0322606
0.7613 0.677041 0.359918
0.888236 3.06293 1.71084e-12
0.641478 0.698572 0.495291
0.535946 0.527047 0.676466
0.797516 0.745614 0.0424282
2.80818 2.27688 8.08502e-13
75.2536 0.785385 9.00279e-09
0.585008 0.596779 0.587394
0.491746 0.494571 0.738772
0.526362 0.531314 0.68767
0.434459 0.427913 0.811281
0.734955 0.652334 0.457737
0.697054 0.78032 0.270404
0.334526 0.329682 0.89372
0.451953 0.438381 0.802665
0.393464 0.387013 0.846638
0.373076 0.370933 0.859052
0.674818 0.737807 0.400048
0.254954 0.252895 0.939631
0.513299 0.513016 0.708097
0.530993 0.521132 0.693781
0.717282 0.820524 0.0881811
0.544464 0.538179 0.666978
0.726269 0.651565 0.463243
70.2835 0.789438 1.81505e-12
0.677827 0.751249 0.380625
0.489565 0.490739 0.741756
0.367495 0.373955 0.86878
0.42695 0.423283 0.817437
0.522779 0.51575 0.696431
0.723383 0.800805 0.0753227
0.605332 0.595781 0.552734
0.753715 0.669148 0.395228
0.433198 0.436116 0.808152
0.250075 0.246952 0.944915
0.529943 0.52601 0.688032
0.736655 0.792696 0.0483898
0.692015 0.783441 0.293166
0.705286 0.809367 0.22302
0.756888 0.772302 0.0686601
0.694725 0.760006 0.274087
0.624841 0.621141 0.506112
0.493083 0.483436 0.745131
0.697154 0.793074 0.266897
0.336514 0.333072 0.888447
0.484931 0.478117 0.750901
0.794653 0.740278 0.0655093
0.484857 0.474948 0.754358
0.438229 0.433035 0.804092
0.408372 0.411669 0.832021
0.42179 0.41778 0.82229
0.6747 0.767451 0.384287
0.515697 0.522843 0.70116
0.694075 0.781122 0.296393
0.723048 0.805019 0.0369206
0.385316 0.379346 0.856488
0.266405 0.264183 0.933197
0.679488 0.754948 0.362637
0.671215 0.752684 0.38601
0.797367 0.719205 0.0629809
0.369593 0.365286 0.863879
0.651181 0.628449 0.498652
0.622061 0.625649 0.503435
0.428146 0.420958 0.817554
0.368855 0.364416 0.864144
0.786052 0.750304 0.0288271
0.678634 0.72844 0.416395
0.171687 0.170202 0.976089
0.414589 0.409394 0.82887
70.1416 1.25273 3.70553e-13
0.670763 0.757858 0.38945
75.5375 0.785385 7.78166e-17
0.661791 0.735938 0.41899
0.670999 0.744154 0.404972
0.51616 0.508239 0.703839
0.407359 0.399263 0.837401
0.470395 0.470085 0.767559
0.296233 0.29996 0.918323
0.262852 0.260028 0.93663
1.41741 2.3474 1.03824e-12
0.544623 0.555625 0.653061
0.467163 0.47713 0.762606
0.235821 0.23386 0.949469
0.67625 0.761255 0.365043
0.723756 0.798632 0.0586694
0.678161 0.747396 0.390811
0.677389 0.739622 0.393884
0.552609 0.548097 0.652642
0.296729 0.292026 0.920519
0.741718 0.66521 0.402254
0.44239 0.450713 0.794281
0.275164 0.279275 0.931788
0.677496 0.724149 0.427199
0.722897 0.802176 0.0604363
2.65548 2.96341 2.01185e-14
0.275385 0.272597 0.929032
0.171904 0.171338 0.972271
0.294453 0.300594 0.922654
0.671518 0.741409 0.409083
0.21576 0.213653 0.959461
0.718784 0.804669 0.0559309
0.788473 0.744875 0.0784834
0.586406 0.590337 0.587681
0.402611 0.404919 0.834323
0.785469 56.9188 1.26359e-15
0.309139 0.307 0.911661
0.419848 0.418517 0.82295
0.400985 0.400138 0.84054
0.66502 0.753703 0.413536
0.681803 0.683543 0.317271
0.791946 0.727405 0.0721217
0.718279 0.823962 0.0715635
0.107488 0.107222 0.990005
0.475736 0.479888 0.756537
67.4713 1.22447 4.56435e-13
0.349646 0.34422 0.884019
0.788733 0.747868 0.040651
75.4025 0.785391 7.50045e-16
0.429975 0.416989 0.826149
0.30842 0.307961 0.915148
0.723517 0.79914 0.0545684
0.733045 0.661597 0.411477
0.227826 0.225241 0.955963
0.136258 0.135896 0.983037
0.497708 0.484647 0.745111
0.478092 0.479121 0.750904
1.2562 0.926239 1.96096e-06
0.332406 0.325547 0.900569
0.221446 0.219439 0.956813
0.236435 0.233175 0.95279
0.627572 0.622307 0.501223
0.232604 0.229928 0.952869
0.675021 0.770484 0.377612
0.717394 0.807266 0.0796632
0.302419 0.298895 0.915818
0.135182 0.134312 0.985883
0.477123 0.469233 0.760057
0.747318 0.776774 0.0248379
0.784098 0.747414 0.0514476
0.429057 0.430055 0.81023
0.758562 0.771569 0.0387108
0.348888 0.34548 0.887044
0.295559 0.293067 0.924667
0.804908 0.733699 0.0107162
0.809402 0.748716 0.00796396
0.407077 0.399691 0.835866
0.394856 0.389624 0.84382
0.723131 0.807011 0.0220167
0.731224 0.787935 0.0485152
0.691173 0.781177 0.298455
0.471902 0.472738 0.765463
0.200207 0.198536 0.965439
0.782238 0.701953 0.220796
0.480104 0.475686 0.758021
0.122988 0.12262 0.986751
0.69763 0.695568 0.26448
0.467885 0.47651 0.764609
0.105025 0.104457 0.992476
0.753542 0.775006 0.0523155
0.331287 0.331686 0.898324
0.196181 0.194506 0.966803
69.9631 0.789597 1.74249e-12
0.151448 0.15034 0.981773
0.629564 0.625792 0.500095
0.352764 0.346132 0.883444
0.667451 0.744728 0.404304
0.379003 0.375421 0.85692
0.531031 0.520699 0.694939
0.394716 0.391237 0.841353
0.082739 0.0824902 0.995092
0.821213 2.82543 5.01982e-12
0.691358 0.778576 0.299935
0.464965 0.457314 0.778848
0.679786 0.722725 0.418416
0.18222 0.18119 0.970166
0.236612 0.234929 0.948276
0.332057 0.338017 0.895562
0.365771 0.368747 0.870473
0.166792 0.165719 0.977016
1.31769 2.65592 2.76153e-12
70.2751 2.86212 3.52572e-13
0.670074 0.73736 0.409157
0.121691 0.121022 0.988899
0.314915 0.318479 0.909408
0.323449 0.316933 0.906765
0.179728 0.178473 0.972039
0.152964 0.152139 0.979991
0.518726 0.519358 0.701666
0.50683 0.506186 0.720088
0.855923 0.72303 0.0114214
0.210839 0.209037 0.9607
0.320282 0.326746 0.904967
0.323856 0.329306 0.902446
2.61077 3.00313 1.47116e-14
0.39347 0.390734 0.844981
0.358134 0.350701 0.88132
0.5203 0.513065 0.703392
0.727478 0.652662 0.455896
0.834734 0.721637 0.0134412
0.358854 0.35705 0.879241
0.723858 0.797872 0.0170168
0.788303 0.763542 0.0151091
0.35441 0.355451 0.881244
0.32299 0.322303 0.904321
0.721177 0.812929 0.0203853
0.357642 0.364045 0.875266
0.762147 0.676656 0.367107
0.665744 0.741592 0.412583
0.20055 0.199147 0.963906
0.46086 0.454667 0.780327
0.720391 0.814528 0.0129243
0.476231 0.474126 0.759393
0.445371 0.442781 0.792836
0.257116 0.255031 0.938162
0.0792638 0.0788914 0.996755
0.361105 0.361059 0.873478
0.195921 0.193901 0.968169
0.746784 0.787643 0.0189397
0.241917 0.239667 0.947078
0.367022 0.361131 0.871174
1.2285 2.86465 4.39568e-12
0.780472 0.750803 0.0256195
0.415343 0.414111 0.827335
2.01999 1.27423 7.85196e-11
0.167117 0.165486 0.978465
0.33185 0.338444 0.896221
0.316557 0.313211 0.91058
0.739682 0.789394 0.00642408
0.719062 0.818183 0.0270909
0.281329 0.278638 0.927806
0.360814 0.365708 0.874836
0.759591 0.767059 0.0374812
0.317795 0.312176 0.908286
0.448368 0.449708 0.792388
0.191745 0.190097 0.968694
0.244004 0.241887 0.945577
1.98668 1.32545 8.5163e-12
0.723789 0.806627 0.0273863
0.716433 0.809431 0.0896355
0.811323 0.725555 0.0148555
0.187475 0.186012 0.969694
0.293837 0.296343 0.925729
0.361082 0.361573 0.876922
0.816092 0.72391 0.00407434
0.209893 0.207962 0.961613
0.363518 0.360181 0.872417
0.150093 0.148923 0.982722
0.330276 0.337413 0.89736
0.258675 0.256311 0.937671
1.30882 1.99263 3.00133e-12
0.0864724 0.0863037 0.993763
1.93476 1.40158 2.54636e-10
1.89785 1.44883 1.52386e-10
0.355853 0.357168 0.878016
0.727972 0.801816 0.00762383
0.243667 0.241187 0.946491
0.812566 0.73869 0.00512432
0.69301 0.77892 0.299413
0.330957 0.329253 0.901772
0.117303 0.116791 0.989038
0.344156 0.348427 0.887949
2.06225 1.31309 4.21699e-12
1.95592 1.37058 1.1333e-11
0.671962 0.728551 0.427362
0.0937944 0.0935539 0.992839
0.0844174 0.0842422 0.994214
0.20906 0.207139 0.962364
0.290103 0.292161 0.926765
1.13495 2.10374 4.68752e-08
0.068011 0.0677898 0.997671
0.352973 0.358602 0.879076
0.70621 0.805965 0.220077
0.772329 2.29052 3.89743e-10
0.291626 0.285911 0.92748
0.0710321 0.070828 0.996808
0.752261 0.773097 0.0794219
0.741376 0.790487 0.00162017
0.0470416 0.0469855 0.99862
1.78156 1.59066 1.808e-11
0.800717 0.717378 0.0180078
0.394323 0.388865 0.84439
0.0499101 0.0498798 0.997895
0.123299 0.123051 0.986013
0.205805 0.204022 0.962919
0.0393857 0.0393628 0.99882
1.59865 1.76549 4.17492e-11
1.55664 1.81203 8.8202e-12
0.763019 0.675912 0.367166
0.0360228 0.0359791 0.999494
0.162291 0.160894 0.979686
0.296349 0.289839 0.926266
0.309897 0.305314 0.911202
0.205323 0.203578 0.963453
0.363426 0.359978 0.872831
1.63 1.74393 1.15588e-08
0.360812 0.358598 0.877556
0.456326 0.456031 0.780826
1.68369 1.68369 1.30801e-09
0.316599 0.321548 0.907722
1.72426 1.65247 4.14618e-10
0.332685 0.333851 0.897772
1.53498 1.82952 4.1541e-12
0.719586 0.822258 0.00221807
0.346129 0.352048 0.887145
1.82433 1.54143 6.80481e-12
0.320335 0.318922 0.907276
1.70661 1.67089 1.22626e-10
0.222135 0.220077 0.956169
1.80735 1.56112 3.21422e-10
0.809371 0.764246 0.00350489
0.797515 0.75263 0.0172753
0.986438 2.97333 1.75012e-12
0.814621 0.734555 0.00260159
0.426234 0.414489 0.826525
1.06717 2.13918 5.0447e-12
0.781784 0.777763 0.0184232
0.733274 0.843022 0.000253328
1.37956 1.94994 4.42386e-11
0.79233 0.764639 0.00582104
0.401867 0.394344 0.841152
1.0952 2.12562 3.6738e-08
0.729968 0.798265 0.00313237
1.18901 2.07132 1.1919e-10
0.799821 0.726211 0.051732
1.18274 2.05172 4.55348e-08
1.1683 1.51881 7.5892e-05
1.40943 1.92862 2.15693e-09
0.75112 0.782607 0.0210399
1.88821 1.46281 1.57225e-10
0.162344 0.16098 0.979113
0.94411 2.19158 1.33275e-09
0.421757 0.411917 0.827022
1.33874 1.94541 7.14193e-08
1.50469 1.85475 2.99074e-11
1.65137 1.72555 1.12018e-10
0.939212 1.57034 2.50562e-05
1.74535 1.63073 1.44319e-10
0.0150014 0.0149984 0.999905
1.76297 1.6112 9.39741e-12
1.65862 1.7084 8.08429e-11
0.762128 0.767058 0.025201
1.2045 2.06246 1.48357e-11
1.87161 1.48358 1.26652e-10
0.720991 0.812218 0.0217213
0.971602 2.16227 5.99394e-08
0.310196 0.304552 0.915164
1.35851 1.96462 4.09761e-11
1.44793 1.89343 2.91032e-11
1.51385 1.84345 4.756e-09
0.917715 2.20475 7.80562e-12
1.83959 1.52281 2.33762e-11
1.56954 1.69979 1.02588e-07
0.163034 0.161669 0.978819
1.11048 2.11455 1.50542e-10
0.746033 0.788857 0.0212612
0.325627 0.322006 0.902047
1.94557 1.3848 4.98687e-10
1.85723 2.26727 1.5866e-12
0.728882 0.796109 0.0109642
0.801537 2.24793 1.9481e-10
1.22849 1.96682 5.43769e-12
0.78679 0.769877 0.000664796
1.8632 1.49418 1.22527e-11
0.0591492 0.0590339 0.997752
1.44049 1.90531 1.48231e-11
1.48247 1.87255 8.84819e-11
0.875435 2.22258 3.95534e-11
0.784096 0.783046 0.00553805
0.321879 0.32536 0.90454
0.734137 0.808278 0.0010585
0.0226838 0.0226833 0.999502
1.04469 2.14599 1.50808e-11
1.46833 1.87775 5.80925e-10
0.903617 1.6133 4.36115e-07
0.969366 2.98285 2.04287e-13
0.361128 0.357968 0.876942
0.103206 0.102658 0.992798
1.58633 1.78235 1.08761e-09
1.42217 1.9189 1.42509e-10
1.47595 1.78391 1.3731e-07
0.0180919 0.0180914 0.999689
1.63509 1.6351 4.19528e-07
0.723333 0.862105 0.00095898
1.16329 2.1097 1.08773e-09
4.32981e-17 4.32978e-17 1
