14.2589 1.55874 4.19318 1.65367 2.60809 6.02516 1.13052 1.3448
2.45584 2.50496 5.27914 17.59 2.17323 5.48913 3.31717 0.929725
2.11321 13.2157 1.63806 9.53739 4.08872 5.54866 1.97576 1.29185
1.50632 4.20446 13.5251 5.00988 5.75952 1.36037 3.92855 3.01157
0.0745247 0.295316 0.015792 3.33879 0.347146 18.0969 5.00875 2.97472
0.0365019 0.287653 0.0150522 2.93074 16.866 2.07732 0.855275 6.16265
0.0270501 0.00520618 0.00512338 0.12713 0.0474406 1.0479 18.8511 2.4001
0.021956 0.0196847 0.133889 0.678182 6.11758 9.71172 1.28452 7.07532e-05
2.27985e-07 7.85445e-08 1.16838e-07 1.33073e-06 2.24763e-06 6.24416e-06 1.17023e-05 9.89677
8.56611e-08 1.21954e-07 1.21061e-07 1.29673e-06 3.16278e-06 3.30171e-06 2.82033e-06 10.0622
7.9798e-08 5.16358e-08 4.43034e-07 2.03271e-06 3.67572e-06 9.37083e-06 2.61502e-05 10.9786
11.5281 3.09237 4.89268 7.20152 3.17671 1.69075 1.20381 1.54453
3.91387 11.9096 6.34163 3.57872 2.04275 2.76493 4.50475 6.06516
1.23604 0.681546 0.947486 15.7621 1.34617 0.88495 3.65025 3.18852
8.61548 4.5596 12.5817 3.88522 1.71911 0.894088 1.94793 4.32998
5.26883 11.2406 7.61277 1.88339 2.76922 4.66587 2.83377 5.57942
0.736599 10.3164 1.52171 6.6292 5.60987 4.78165 6.29096 1.72021
10.3369 1.93169 5.9897 2.99025 1.15769 3.37424 5.42888 2.29839
9.55985 5.16795 4.45234 1.6552 5.74993 2.70868 5.6393 4.61517
0.242804 0.0393134 0.240474 0.558617 0.443703 17.8409 6.60675 1.45104
10.5339 3.19402 4.1279 9.70664 1.16328 1.97531 3.83034 2.20551
8.14572 8.50792 5.88471 3.37434 5.0155 5.6158 1.31427 3.61525
8.98666 2.18488 5.68819 10.1862 4.80089 5.65731 3.66972 0.770232
4.51443 11.3301 4.40767 3.05188 4.59545 0.906106 3.75599 1.09269
6.75042 7.73906 7.89371 8.23628 3.54052 3.74632 7.29276 0.498648
1.76169e-07 1.32628e-07 3.86024e-07 2.61739e-06 5.04136e-06 8.86409e-06 1.63099e-05 9.47422
2.27268 4.7228 9.10543 5.75916 6.93955 2.69626 2.0645 6.78853
2.46108 2.12402 12.0497 4.81709 7.1045 3.10495 6.23265 0.840819
7.87273 1.89747 8.01121 8.47808 5.48758 0.8142 1.04413 7.12024
11.3821 6.46612 1.69235 2.4185 6.30937 3.95807 2.82804 5.22205
0.654771 0.79246 0.332366 0.503953 0.152971 16.9229 2.02787 2.36808
1.78335 9.11226 2.71618 1.24696 8.65926 0.802228 8.67925 0.0917679
6.806 8.56674 1.60745 9.23328 3.79227 8.00923 2.18518 0.308425
4.00747 4.123 9.91368 1.25079 8.96593 3.71522 3.80725 0.888421
0.714545 4.50275 11.4274 3.91867 8.46877 1.02072 4.21418 6.47786
1.62574 2.1186 1.54817 0.594628 16.0301 2.99743 2.77812 0.939574
0.923263 0.123871 0.400227 0.495811 16.6925 2.32668 4.58654 2.61563
9.47993 4.31919 7.91891 0.949615 7.32488 1.84915 6.20133 4.81572
0.534803 7.28091 7.29351 7.1636 1.33695 3.86155 3.59076 3.06835
0.0895857 1.14617 11.6011 5.80253 5.26511 1.92467 3.5954 6.49013
8.4385 0.849889 5.17949 7.39274 7.98791 4.089 6.69841 1.04647
3.76836 2.3284 12.3522 0.761267 5.01669 3.61599 2.94141 6.19369
0.193934 0.184744 1.56345 3.2883 0.727783 0.31332 18.1857 0.704944
2.40811 0.432861 9.4824 7.93218 4.14779 5.38624 3.30705 0.967626
3.23802 1.05469 3.14582 14.4118 1.98445 1.57008 7.1718 3.69407
7.33204 4.31865 7.62195 5.73032 5.77938 1.29915 0.9586 5.50502
3.13155 8.32855 2.26072 4.29212 9.50925 4.12658 4.79427 2.54826
5.28687 8.86649 3.46657 6.4011 8.6804 2.02008 3.78372 0.546313
7.88881e-06 4.93091e-06 1.02629e-05 7.24932e-05 0.00014156 0.000317195 0.000559109 9.1438
4.65984 9.77811 1.74313 2.05102 6.47492 1.50741 2.5758 2.31247
0.362469 4.95673 7.96658 7.28141 6.23736 1.00411 1.1752 7.21218
11.0241 3.10375 2.50201 7.00743 6.27061 1.94413 0.950726 0.498277
0.43048 6.67178 6.6722 4.92645 6.82883 1.33625 4.46596 5.79974
0.901716 0.397452 11.0963 7.44171 1.12103 1.04544 5.75329 0.670639
8.68371 1.08421 6.24258 8.43411 3.48282 5.37964 3.92048 1.90926
0.463274 1.24844 10.4449 9.13559 4.82927 3.76136 6.69291 2.02563
7.59942 4.01259 7.26245 11.3175 1.3454 1.57492 7.20651 1.90367
0.0396716 0.0325947 0.0786818 0.513408 0.525694 15.9014 2.30261 6.43535
0.892637 0.660002 3.64005 15.4843 8.18998 4.71313 2.62615 1.29214
3.91542 10.0915 2.27402 8.29339 7.31051 1.18476 6.13248 1.52284
4.65348 9.46255 4.20712 6.91686 6.57682 4.7797 1.73559 1.24988
11.0456 6.02368 2.80986 2.96903 3.92911 6.80851 2.28294 2.43917
3.65687 5.95705 3.11308 11.2552 3.04707 5.12898 2.45501 1.56293
5.64494 7.01105 8.43576 4.77872 6.9632 2.72482 2.73909 3.69523
2.93785 9.68747 2.25616 3.4657 11.5834 2.01312 1.0727 0.273417
8.84589 1.03601 6.54094 3.07234 6.50694 4.14679 5.602 3.1873
1.89173 7.99454 6.6107 6.67711 5.28098 1.50711 8.24944 0.317934
3.78529 8.07782 3.2953 4.58296 4.50932 4.39522 3.22871 6.10478
2.88662 0.845286 10.6681 10.902 3.00972 5.8126 4.20317 4.1913
3.9452 3.71252 10.2538 2.77699 11.5219 0.754117 6.46173 0.89708
5.88126 2.67203 10.9072 1.74398 6.20732 1.19669 0.912974 5.81169
2.83362 3.27763 4.58971 10.471 7.8955 1.07222 4.66354 4.81456
4.15643 1.8936 9.61187 9.30458 6.40106 2.21244 8.30357 0.191866
3.21364 5.50027 4.21311 6.01791 0.526868 9.9591 1.48428 6.2458
5.21647 0.899747 10.2916 6.28246 6.05502 6.23841 3.30235 2.30819
3.838 6.8331 4.81309 0.950145 7.54525 5.51654 4.05731 0.673223
2.4953 1.88147 10.7952 7.52521 4.81948 1.73439 1.18447 2.09547
4.92773 10.2646 8.42732 1.87888 1.72505 7.50368 3.81978 0.00154358
0.139371 0.057982 0.0888402 0.596489 0.615434 0.484999 18.7666 1.36934
6.07613 1.26445 7.47254 1.52958 3.08282 2.33182 4.62391 5.0552
6.61995 1.50151 9.68378 4.58949 10.6389 1.61476 3.81642 5.65388
1.81278 0.797877 8.77764 9.91605 1.11299 6.2738 4.20845 0.983233
3.78495 5.82005 1.37439 9.36757 2.19228 6.08705 3.98334 0.919369
1.40504 9.33715 1.35863 12.7592 5.38276 2.01485 1.38173 1.71013
0.45187 1.58547 5.63436 14.1056 2.61968 2.56956 1.2382 5.00155
0.00225702 0.00222102 0.0042895 0.0292271 0.269068 0.965584 11.1565 0.243908
6.56937 2.07839 3.1932 10.1009 7.82723 5.498 0.775541 2.95822
1.01853 1.26663 5.4653 8.6572 2.09786 5.2289 4.15383 4.09944
4.31907 3.45521 3.44274 3.52211 8.20505 1.24226 4.9163 2.58398
5.95274 3.64486 7.89777 6.1402 4.32164 1.65947 5.70815 5.08705
4.73955 5.0946 7.62079 4.19324 6.94885 2.95019 4.95139 4.75097
2.57523 1.76414 2.96027 13.4319 2.85555 5.46709 1.8597 3.01768
5.90017 5.64355 1.89941 13.3208 4.99075 3.34247 1.6297 6.2329
0.264902 0.493406 1.27069 0.617332 1.63883 0.446553 13.0571 4.53979
3.73825 3.92944 3.88557 9.82464 5.07409 6.10248 1.77083 3.96427
4.57581 8.78304 3.27807 9.48079 4.18531 1.31289 4.04281 2.23077
0.962934 0.0778846 4.93571 15.1496 1.49067 1.62275 1.42643 3.32252
1.03964e-05 4.62168e-06 4.73716e-06 4.61297e-05 7.72196e-05 8.90824e-05 0.000237646 8.9177
0.104941 0.507912 0.169987 0.062034 1.77209 0.298208 17.034 4.63947
0.453808 5.23095 8.69421 6.92833 1.37115 3.86296 3.35285 1.85631
0.00294335 0.00896859 0.191847 1.51358 2.70214 0.222539 16.7205 1.31392
0.00432027 0.0163786 0.00251704 0.28068 0.173915 1.21449 17.9323 0.651814
5.72415 4.41025 1.04594 8.31721 6.347 6.46907 2.47443 0.519752
0.0836706 0.0286821 0.105082 0.103627 1.84417 0.432413 12.7102 1.95172
0.304949 0.134248 0.132812 2.80704 14.5874 1.51671 0.941236 2.22095
0.769183 0.237522 4.40644 14.8413 6.49782 1.82506 0.987591 3.65276
4.00293 2.92362 5.26894 8.08494 4.94904 1.83149 5.40552 6.30829
1.1321 2.71122 2.20598 7.86747 5.51348 10.7165 0.782031 1.41247
4.25249 2.49282 2.36127 11.6107 6.57053 2.14469 2.17018 3.33596
2.21536 6.29709 6.04679 10.7038 6.8435 2.08833 2.38862 4.20727
3.98616 2.65388 9.02619 8.22865 6.22723 1.50172 4.08007 0.0955983
6.29703 2.71819 4.60854 6.61326 6.10182 4.98141 1.08243 6.58935
5.85112 1.60842 8.18194 6.47878 1.72514 4.60854 6.04755 2.55928
3.20232 6.13595 0.936977 5.32941 8.58202 5.06032 1.74427 1.71627
5.45466 0.322017 6.90698 8.35 5.34728 4.61954 1.70403 2.4139
5.38926 1.31634 8.30031 10.0156 3.02738 2.35726 6.64587 0.822259
1.92411 5.34584 0.465519 13.1693 4.52124 4.35895 4.44811 3.77543
3.44164 0.718562 10.3295 4.57513 3.69431 7.11058 1.51595 2.09511
0.510726 0.328119 0.0875392 2.69798 1.33717 16.39 0.851247 1.76839
0.00123282 0.0217816 0.439452 0.38622 0.562276 14.993 6.78296 5.5154
0.0989044 0.213466 0.452844 1.4837 2.55261 3.13658 0.380955 7.86993
0.947423 2.66622 1.88647 15.0627 1.30501 0.818202 2.093 5.952
0.204826 0.422177 5.39439 12.9339 2.78577 6.88589 0.772917 5.59272
1.32878 7.13703 5.69535 11.8117 1.47353 2.57155 5.60647 3.5038
6.24938 1.46332 6.18066 7.60732 4.16218 3.8746 4.64092 2.48328
0.476088 0.229889 0.459861 2.64511 4.40044 14.408 0.985288 0.28229
0.0272303 0.0259377 0.53454 1.03772 8.34131 9.57948 0.878326 0.741349
0.121738 0.00915207 0.260916 0.469017 4.55783 0.317463 14.1147 1.15714
4.44236 1.10538 6.81737 9.9899 1.99248 2.86681 7.71395 0.0432776
0.280402 0.986407 1.99276 5.20296 0.33713 15.4218 0.918866 2.87709
5.26681 1.42324 4.35235 2.80309 12.442 3.05421 0.898774 3.06934
0.0578272 0.0919804 0.0475638 0.630483 1.8764 0.150435 15.9964 1.11513
3.33025 1.57286 2.40655 5.81377 6.75319 3.91687 4.93973 3.24472
0.870539 0.219162 0.251929 0.719906 14.2304 5.38794 2.80682 1.37337
0.000452534 0.00225472 0.0210919 0.110626 0.593069 10.2737 10.1169 5.75162
2.3396 0.952784 8.20694 11.9253 5.91048 2.92657 3.54673 6.21604
1.62848 0.906783 2.07765 4.83316 11.9011 0.73633 6.30365 0.908384
8.5964 2.2557 3.13329 4.14828 6.00754 2.96414 7.48662 1.19842
4.59114 2.16298 8.56003 3.72542 2.64705 5.17173 6.33024 1.23093
6.64612 10.1203 1.3666 6.23921 0.953294 5.24022 4.96925 1.82705
7.3678 7.82446 1.13999 10.0038 3.88735 4.66807 2.75042 0.372609
0.110781 0.848393 0.549379 1.10626 0.1201 15.7208 4.5765 2.18124
4.07594 2.19632 3.34034 9.03983 1.09708 4.26077 2.69359 6.78229
0.0781045 0.012198 0.0702224 0.0626467 0.0313012 1.86948 15.1495 7.33257
0.000950101 0.000223447 0.0134618 0.0415912 0.398227 6.47991 10.6801 3.75059
3.04331 3.11116 7.04844 10.2859 5.89672 4.34668 5.08124 4.26372
2.47705 8.59566 1.35515 10.1065 2.76307 5.39424 2.57801 4.2201
0.00497936 0.0138063 0.0357299 0.207383 2.25351 14.2307 0.868263 0.489511
3.36688 0.620365 2.11077 6.11774 13.7201 2.76378 0.996646 1.69046
1.73933 2.9943 3.37488 5.52402 14.0004 0.752697 3.60152 4.15131
2.81029 5.47843 3.52335 9.90065 7.7241 2.0766 5.60421 0.820735
4.52097 4.51701 1.1151 9.55766 3.11072 6.3219 3.96171 2.21197
7.37248 1.62967 4.81193 6.79672 1.78151 9.41139 3.05703 0.0265304
1.11248 1.31509 4.1529 10.3609 5.6233 2.04295 1.14571 7.06385
0.0041184 0.00313954 0.038386 0.351488 1.29456 12.299 2.99593 1.35762
3.93983 3.81983 1.48869 10.5586 3.84875 2.63925 6.90303 2.73464
1.31292 1.82016 6.96131 11.0209 7.63982 0.901662 5.69451 3.54629
0.209973 0.32979 0.0193855 0.884891 15.7033 2.36952 1.40843 0.137616
1.18285 3.03272 0.681648 12.6603 4.54747 5.32647 2.30886 1.99545
1.3742 4.58888 4.10938 7.93948 3.65838 1.87057 7.369 2.99587
0.905123 2.64265 3.58818 10.5128 1.18825 3.53094 6.36227 4.36359
4.08496 7.08493 3.82661 8.59104 4.901 2.02526 2.83967 3.04052
2.64461 0.26176 2.86925 8.01086 7.47845 4.52674 5.22372 3.70589
6.03627 2.76668 6.13209 12.311 1.28048 4.98673 3.37709 0.230017
4.80424 1.87452 2.98898 10.9368 2.39812 7.76562 1.10742 3.69905
6.14565e-05 0.00109053 0.00429151 0.021364 0.171004 1.0706 12.4004 8.27565
0.0604484 0.0801296 0.0616947 0.395453 0.794618 16.7135 0.993338 1.65509
0.787873 0.825607 7.53989 7.77094 5.78208 6.95486 1.50735 4.78108
0.327973 0.107331 0.0438901 0.0566023 0.721795 15.311 7.50272 0.219443
3.50072 0.649437 3.30184 10.8939 2.51756 1.09237 7.60135 1.47712
2.23792 4.28246 4.87027 4.87457 5.34579 5.14521 6.23851 0.462439
0.918273 1.87147 4.73447 12.7784 3.33108 3.75942 6.43663 0.956325
5.26192 1.77643 6.42315 0.967064 8.49245 4.72443 3.18077 0.702868
1.4835 5.56793 4.67193 11.4713 5.72733 4.19872 1.38808 3.27451
0.447757 0.448855 0.535788 13.867 4.80699 3.71207 5.48297 3.9267
0.00582012 0.00145258 0.0022882 0.0474643 0.0805243 0.276929 0.508393 8.01789
0.117553 0.177746 0.231723 0.894677 0.352634 0.0822898 16.5492 2.34284
1.27943 0.512826 2.5887 14.8482 1.74921 1.4465 2.04282 5.32743
4.19562 3.49538 5.86907 5.62851 7.18697 4.39476 6.2319 4.92647
0.205894 0.201501 0.36335 0.933767 3.91247 0.564763 14.6 0.331577
0.00559096 0.0168433 0.0392744 0.0220268 0.343628 6.54379 14.3989 0.0664957
0.542139 2.89041 3.24458 13.2444 2.64384 5.93036 1.78774 2.13786
0.831723 4.01825 5.31239 9.21928 9.90246 8.50499 0.939565 1.54282
0.00457812 0.044089 0.0437723 0.15913 0.94464 0.653758 13.6102 2.13456
2.30983 1.80041 5.21903 6.55638 9.08528 1.8827 0.763514 3.07738
5.06988 1.68008 1.16754 8.88226 5.21404 4.41807 5.09212 4.86954
5.59529 1.64826 6.83731 7.2875 2.96739 3.83977 4.59925 1.76298
0.37446 5.09703 6.09852 1.57876 8.7211 3.25848 1.7699 6.02702
1.51894 2.79811 5.57848 5.73841 9.33879 0.734549 3.01175 6.34526
0.406473 0.833688 6.29821 10.0468 3.3756 3.10225 5.52037 2.0592
3.82714 7.75023 7.09479 4.99223 8.62934 1.10554 5.08231 1.39722
0.000391974 0.00019283 0.000344952 0.00194532 0.00351006 0.00605657 0.0132829 8.48372
2.04906 1.8991 0.345565 7.6858 12.4935 1.45326 6.83944 4.32669
0.836428 0.95525 3.76421 11.4162 6.89962 4.70734 2.22127 2.76878
0.515447 1.26423 1.82948 14.2277 4.34738 7.29569 1.25102 0.244244
0.00409424 0.00357477 0.0140541 0.00474557 0.0951831 1.56712 14.7937 4.72832
0.119264 0.973806 0.221621 1.88499 2.97051 0.248032 15.7844 4.46262
0.0676949 0.03096 0.188479 0.429225 0.965851 0.0922197 15.0488 5.20115
1.00313 5.59394 4.95867 9.89807 7.08823 3.52624 4.506 2.81824
3.77822 3.37365 4.79655 6.20416 5.40888 3.72046 0.714079 7.2451
1.3667 1.12501 1.40903 9.18949 4.89606 3.59547 7.08359 1.25842
2.77052 2.38818 2.97574 12.3567 7.18622 1.19994 1.89234 1.47359
0.0029519 0.00277635 0.0166352 0.0440511 0.138333 1.90093 11.9419 0.199366
0.322038 0.24744 1.04812 4.45499 10.0451 5.12832 3.1394 0.119142
1.42701 1.48304 3.01741 1.63147 13.878 2.30468 8.07538 1.88999
0.0729463 0.571023 0.325467 0.600868 15.4588 3.09034 5.05093 3.34458
0.379849 0.039484 1.197 0.415346 14.7336 1.65859 3.04961 6.98465
2.0916 2.06895 0.806069 6.49577 5.12264 7.1581 4.49144 0.333093
5.3011 1.83718 2.65995 11.7364 6.3025 2.0183 4.67943 6.51623
0.00886416 0.00334303 0.0678964 0.421513 3.55968 11.0744 1.20564 0.706379
5.75671 0.891343 6.26212 8.24873 4.01343 4.64411 6.03409 4.43199
2.45259 0.92177 7.70644 7.44493 2.93939 6.82695 2.72132 3.87466
7.53096 3.09989 0.637893 13.2843 5.30198 1.18031 0.918907 0.440318
0.529753 2.53478 4.48841 2.15949 11.2768 3.73087 2.12896 6.49663
0.424857 0.315433 0.316223 2.01329 15.8355 3.42881 1.98575 2.57277
3.09877 3.30327 1.5831 1.94727 8.54662 6.06357 0.739382 4.68846
0.0680693 0.0629387 0.251861 0.0511694 2.33385 14.5853 1.70911 1.80004
0.148934 0.247142 0.580942 0.732068 0.683915 0.286655 15.637 0.697857
3.52374 1.98631 3.81032 4.1555 6.55557 7.81075 2.15646 1.201
0.0432966 0.0193303 0.0589147 1.35314 6.09867 0.551318 13.2585 4.39188
0.738949 3.68739 2.09046 13.4766 2.69302 2.48529 2.36967 3.38923
1.01584 1.40735 4.05696 12.1134 5.45097 2.53118 4.41489 1.52037
0.0196265 0.00708065 0.161996 0.435474 5.83865 10.3233 0.871114 4.29388
0.0200295 0.0172414 0.269989 3.39167 14.906 2.1764 2.2752 3.50671
5.00765 1.90579 5.12807 7.38367 1.93248 6.8745 2.48274 4.91147
0.0036763 0.00439825 0.00730871 0.0681916 0.782367 0.520272 11.3435 7.63086
1.84539 1.14563 6.19387 11.8468 5.58789 1.78979 1.93339 7.50175
9.49259 2.29324 1.51993 1.80815 11.1595 0.951968 3.21434 7.59751
0.366966 0.277305 0.416757 0.452637 0.516143 15.5085 4.20134 3.19738
0.272205 0.114165 0.127377 0.275866 0.593547 12.5493 2.50447 6.52887
0.00287035 0.00322266 0.0024348 0.040636 0.0885587 0.13704 0.210468 7.88765
0.178507 2.98522 1.56763 9.72802 7.56043 5.80907 5.91904 4.2728
0.0186268 0.00138821 0.0624975 0.0974143 1.5162 12.8769 2.64103 2.5596
0.200914 1.0973 0.592521 0.377324 15.0558 3.18982 4.38397 6.19531
3.17175 1.89831 3.97452 11.4926 3.19018 5.00023 2.97289 4.47722
0.0120871 0.00732098 0.00424145 0.0463469 0.689359 11.7808 5.78688 7.25518
1.22568 0.0666027 1.65814 2.43444 12.8162 4.33218 3.1635 3.89152
0.50719 1.66619 1.55219 4.44083 13.7324 8.21555 0.811758 0.0331792
5.82278 0.61448 2.76741 13.8246 5.03211 3.65057 1.90325 3.26458
0.425011 1.03571 0.319013 3.21893 9.77768 1.80986 0.862945 7.03439
0.383116 0.300976 0.724572 1.5569 13.0596 0.793763 4.6074 4.02315
1.21903 0.776923 3.69687 5.1469 9.4825 3.54527 3.7109 2.2862
1.95522 1.91568 1.87573 12.6018 5.98392 1.95212 0.947569 5.89406
4.04094 1.65899 8.65067 9.36301 2.8977 3.50856 2.48342 3.95738
3.15873 6.42673 7.26011 8.79608 4.28719 5.41067 0.994308 5.3605
2.02089 0.37922 7.07934 11.504 7.76074 3.26097 1.56208 0.513236
0.901808 0.143082 1.53775 0.250093 15.958 6.74505 3.05361 2.52883
4.0178 2.09268 5.50697 7.44812 4.40372 5.71744 2.80528 2.87732
0.00964912 0.00908387 0.024838 0.078372 0.376361 1.1171 0.613438 7.69356
1.47088 1.35847 3.96089 6.96686 11.6369 5.27358 2.55553 2.26789
0.139321 1.46132 0.188885 11.114 10.4156 3.3907 0.975431 4.5435
0.862583 1.91337 2.2388 12.5627 9.3748 3.43528 1.16279 4.84007
5.09585 3.57103 4.83514 9.99901 7.07557 4.65786 1.12798 5.16567
5.39053 1.22632 7.67355 6.87347 1.78713 7.57596 2.28333 1.53251
0.513283 1.10022 2.89137 8.77533 6.18256 2.27377 5.07398 3.30687
0.217468 0.161141 1.07769 1.54499 0.360704 12.6224 8.45766 0.047157
0.73659 0.239416 0.755003 12.4646 5.01002 1.01983 7.89782 1.22008
3.73434e-05 3.02458e-05 1.42811e-05 0.000183792 0.00027717 0.000508882 0.00131887 8.74575
0.0695405 0.040706 0.0135195 0.548594 0.405319 0.562228 16.1896 4.12449
3.27017 4.59729 3.69285 2.58574 7.86957 3.06825 3.54709 3.55702
0.86609 2.3558 2.47649 8.35521 8.77493 1.72689 5.846 4.51543
4.4774 1.14765 6.34054 2.76945 7.45526 3.49612 4.82756 4.08698
0.120717 0.0567964 0.663171 0.447615 15.1824 6.84654 2.88579 0.849506
4.82325 0.621469 2.75271 10.6801 5.40982 2.41412 3.72819 6.59381
0.662742 3.87504 0.451643 9.34065 9.44379 3.20671 1.13222 4.96839
0.644819 0.69027 0.424514 5.87622 10.8318 3.45643 8.85719 0.000307059
0.106245 0.167803 1.15949 6.67594 10.9431 3.67438 1.95238 4.32167
1.90217 3.74658 1.48642 6.49181 11.757 2.10322 5.56553 5.28505
6.26661 1.83894 2.14593 11.2138 5.86386 6.92885 3.87775 0.614471
0.0147565 0.00130432 0.0120817 0.208388 1.12279 12.0705 1.61596 2.31379
1.13576 6.36936 1.78145 6.6066 7.75166 5.54899 1.67845 3.27669
1.40579 1.36527 0.560961 13.7085 2.95659 1.96842 3.90509 5.44345
1.97617 0.612273 1.69261 7.81371 6.85224 7.36584 0.930647 1.12875
0.37708 4.67114 0.634023 5.7215 9.20421 1.91499 7.80989 0.276064
3.62192 0.740432 0.290793 8.91303 5.73315 5.40673 3.06727 5.13198
0.898782 1.06299 1.75723 2.49986 7.93237 4.48756 1.84201 5.68948
0.370018 4.18163 1.89272 13.1089 6.17478 1.87401 2.26473 0.990595
1.724 3.42601 6.96637 7.44843 7.21292 2.49972 2.98701 2.26821
2.38294 3.56239 1.29949 9.39795 8.04696 3.30839 7.2818 0.680886
1.66744e-05 5.60035e-06 1.03405e-05 0.000207716 0.000348881 0.000654522 0.000973405 8.64787
2.68765 1.27849 7.21362 5.37259 11.4484 5.76922 1.10098 1.58058
4.90542 2.67935 7.1665 9.14075 4.00299 3.5293 1.94914 5.22511
0.0159354 0.216945 2.29615 7.11219 11.7272 1.7003 4.13162 0.612121
0.0357087 0.292947 1.44882 3.71246 13.3224 5.51277 1.91661 5.78184
1.33152 3.95323 3.81909 7.33077 7.41842 2.35811 5.20828 4.26509
0.504516 0.193947 1.70789 5.60442 12.2311 4.00389 5.61342 1.37805
0.0949268 0.0227476 0.268771 1.12326 2.99706 8.29058 0.635887 6.84687
2.71769 3.79713 3.8688 7.79064 5.9022 2.17536 0.760547 6.64574
0.0208171 0.00144163 0.107959 1.32647 4.11617 11.5366 1.80603 0.396212
1.36746 1.13359 6.51665 7.01479 7.24156 3.97511 3.07025 0.377972
0.961654 0.34081 5.01414 7.48405 8.0909 3.64594 0.739596 5.44984
0.180492 0.234994 0.112053 1.20955 13.484 2.01669 4.86936 2.90616
0.0156041 0.00177553 0.0336959 0.231628 1.02316 9.05995 2.75105 4.00875
5.86354 2.54165 2.1816 7.14997 6.64741 2.38197 5.35453 1.77302
1.75064 1.98944 0.93996 10.2394 5.5564 0.622682 7.67812 5.26305
0.0664237 0.111152 0.237857 1.99958 10.3213 2.5829 5.36855 4.51268
2.09676 1.20002 5.08321 9.29018 8.55696 1.02568 3.48358 3.87363
7.43766 0.577255 3.37074 6.86584 9.46105 3.13372 0.788225 0.0582874
0.0100946 0.00264116 0.00642785 0.0635761 0.770318 9.33495 5.85749 3.33464
0.216431 0.136934 0.0451021 0.321967 0.596241 0.48179 17.6955 1.32479
0.0050511 0.00164184 0.00367007 0.0539952 0.0936832 0.11387 0.191306 8.06334
0.170674 0.204004 0.292008 0.918072 12.0409 7.00722 2.91173 0.00961835
2.44207 4.60239 8.46769 0.629133 9.68782 3.30898 1.52323 1.07968
1.01716 0.578138 0.10017 5.26872 14.799 1.46777 0.786647 1.04424
3.00628 2.0176 3.2103 6.12097 4.9264 7.28422 2.27678 2.10994
0.0174092 0.00960248 0.0837956 0.21773 1.34362 9.95431 0.827949 5.96172
0.515071 0.446206 1.91069 0.70023 0.433056 16.4376 0.89791 0.135918
0.0453926 0.858153 4.74784 9.21654 9.12798 0.858846 6.948 2.60665
1.33077 0.283593 3.95514 8.97778 8.84349 4.46131 6.33229 3.06383
0.202573 0.253916 0.908526 2.87911 13.8248 1.3425 2.07233 5.56024
0.252026 2.45525 1.15792 12.7194 4.18579 2.79043 3.62592 6.51796
0.45156 0.023881 0.524182 3.69575 13.1135 3.81534 2.70924 4.89295
0.0357868 0.0840693 0.209554 0.214537 1.99349 0.373502 11.5848 6.67315
2.78212 3.3324 7.34019 5.74071 6.2355 5.77132 4.68235 1.87523
0.910738 0.473483 0.243091 15.6266 1.08373 1.35987 0.802593 4.31594
1.70442 0.457073 1.54161 4.72418 8.65173 3.28639 5.87139 0.607138
0.996831 1.45169 2.58331 9.63449 7.12405 1.72963 1.93679 1.75645
1.06737 0.558878 3.27219 2.92506 11.4002 1.39772 0.740269 5.41499
2.45843 4.07908 3.02434 10.7581 6.82633 3.54038 1.1064 6.22433
3.06721 0.462928 1.8121 12.9965 2.00699 6.70931 1.86475 2.28694
0.000512201 0.00487758 0.0127094 0.0971165 0.634004 3.3334 1.66042 8.35003
0.0074123 0.0045812 0.0981702 0.998768 4.65789 8.91885 1.83667 0.879785
3.4653 1.58052 2.21309 13.6466 4.26667 3.49488 6.1698 0.250022
4.1212 2.08639 0.994006 9.45236 2.03371 0.630144 8.73587 2.89902
0.0739263 0.914825 2.99916 12.1788 4.48785 1.92801 8.01717 1.41407
0.0105728 0.000933248 0.0144033 0.108914 0.790075 10.8749 1.59496 0.849321
0.343884 0.271765 1.25313 4.38284 12.9075 2.4668 0.783799 3.91865
0.027127 0.0442437 0.39163 2.20101 12.2773 5.65825 1.93262 0.493773
0.00318944 0.042075 0.0617234 0.0269979 0.901538 0.173527 17.2469 3.17145
1.18936 0.759508 1.84565 5.43771 9.51081 7.48746 0.807213 3.04964
0.101532 0.363002 0.553812 1.8146 6.81828 8.0978 2.84811 2.63165
3.92841 6.03427 1.92194 7.20335 8.71924 2.90089 1.41217 6.5509
0.0617194 0.596952 0.906176 2.17384 11.0829 3.02791 4.79969 5.59174
0.0919643 0.115503 0.0842445 0.133748 0.781254 0.759241 13.8507 1.82923
1.82182 0.354202 9.05988 9.65304 2.67173 5.07549 1.29015 5.48015
0.263604 0.130442 0.396785 2.7138 9.04407 7.61687 1.07263 3.84991
0.662893 0.662136 1.68056 13.5673 6.42937 3.09647 0.779487 2.8881
0.00104935 0.0124241 0.144966 0.49075 0.645152 0.411583 13.4623 3.09177
0.219019 0.257754 3.54976 8.79777 8.30056 1.18683 1.25456 7.13173
1.30769 1.94727 1.46787 7.28024 11.3468 2.03222 6.396 4.56375
0.378727 0.151507 0.0485403 1.30084 14.1116 3.21692 3.1674 6.18829
0.490669 0.344228 2.51712 1.61282 6.63214 6.38308 5.11464 3.83041
0.802624 0.0684437 0.856185 3.86899 12.5408 6.4311 1.45071 0.35156
1.48552 1.12764 3.17132 5.88285 9.30042 1.7077 4.64217 3.23719
0.014671 0.0268373 0.247169 0.592118 1.64307 13.8759 1.00832 0.820769
0.014419 0.00271171 0.00859858 0.16489 0.700665 13.5474 2.02649 7.40051
0.00361446 0.00654329 0.00982967 0.0125099 0.153749 1.46575 11.6708 0.153339
0.137077 0.0963878 0.326142 1.40296 8.24136 1.53294 6.58611 4.60687
0.026728 0.00414077 0.0401122 0.516646 6.68254 11.9277 1.18806 0.104554
1.44115 0.405701 0.513123 1.30186 0.361844 0.486923 13.3794 6.80588
0.00394849 0.00317866 0.0103282 0.168223 0.851161 10.5448 2.00798 4.57849
2.15786 1.73919 3.41534 9.37661 8.06563 2.95069 0.894798 6.21806
0.000700542 7.55731e-05 0.00048523 0.00377663 0.0065207 0.00997672 0.0498356 8.19847
0.821489 0.13773 5.81213 10.5119 4.89566 3.2881 5.79203 3.64208
0.0359174 0.0308604 0.0368087 0.45978 6.01572 0.410095 11.4557 6.41263
1.04799 0.496937 3.25687 5.56569 7.80528 5.776 4.75233 0.534224
0.0680572 0.0121932 0.287377 0.212499 1.10518 12.7583 1.19903 0.42404
0.0330178 0.0113748 0.0512524 0.485255 1.80929 13.0107 1.08448 1.2792
6.15898 1.21201 1.02072 10.9016 5.92516 3.60743 1.3801 1.0099
3.96701 2.30971 2.79824 8.02315 5.77881 2.43421 1.36067 5.30429
1.94092 0.965773 1.77476 1.39109 8.51162 0.602649 8.93234 3.56984
1.55592 0.636133 3.15407 7.37389 9.70469 1.50416 3.46018 1.7385
0.294039 0.548642 0.262257 1.05658 0.132689 16.8512 4.69261 1.53695
6.17542 1.51227 4.61474 4.37975 4.90036 3.5397 2.16241 6.7814
0.52602 1.28709 0.427851 0.486995 0.0803755 14.7178 3.02534 3.73526
1.46113 1.28181 2.16108 10.7248 8.40174 3.19105 4.03972 2.84863
0.372099 0.988015 0.578564 0.186513 15.2905 3.49279 2.55736 5.66345
1.45405 8.5228 3.38961 12.2793 2.67704 5.3296 2.59923 1.81311
1.31196 0.490051 1.62223 3.36271 10.5517 4.62939 1.54092 4.17289
0.687145 0.235181 2.8332 12.1964 5.68837 3.98137 6.4245 1.55735
0.0824468 1.14868 0.988488 3.15778 8.12894 10.0298 0.849725 2.7316
0.00154057 0.00144267 0.0109039 0.0223118 0.227817 0.780156 12.136 2.46153
0.618199 0.403143 0.786095 2.35286 10.5914 5.76004 2.61835 0.0796083
2.27798 1.74141 6.56097 5.41642 7.53666 2.56563 5.13932 4.16045
0.247553 0.138232 0.5387 1.18618 12.1558 2.05359 4.39407 7.2621
4.86847 6.2986 1.70031 13.1249 2.002 2.95652 3.87843 3.48901
0.182927 0.0347075 0.203272 0.511007 0.781783 0.540803 15.3582 0.335865
1.31801 0.567576 3.80443 3.03171 11.4632 0.877775 8.38414 1.71067
0.332244 0.403977 2.37199 8.19589 9.24543 6.6717 2.83707 0.355539
0.0223596 0.0502524 0.201442 0.116274 0.0245983 1.62572 13.9705 2.54354
1.2593 1.02566 2.82758 5.85183 9.29949 0.949077 5.94817 6.47841
0.115108 0.0899931 0.624667 3.01631 5.16478 0.393632 12.5924 0.532625
6.63356 2.17231 3.73256 10.8148 1.01084 5.83379 3.4448 2.59864
0.94673 0.551917 2.64092 3.65335 9.1337 6.51072 4.97519 4.31527
0.0553024 0.115495 0.0109119 0.5636 2.947 14.0015 7.95987 0.146045
0.176906 0.202621 0.695943 12.0519 9.53125 1.68797 1.53545 3.89909
0.0473431 0.13558 0.332803 0.749324 13.6277 5.85228 2.67003 3.46864
0.0497618 0.0101965 0.266118 1.75717 9.66582 8.04999 3.43744 2.64705
0.544403 0.33641 3.93114 11.8644 4.92399 6.32468 2.56849 3.78793
0.1297 0.176415 0.0688006 1.2387 0.843762 13.28 2.57351 0.0691662
0.0367561 0.423869 4.94835 2.68549 11.9336 3.65302 3.25266 3.82299
0.608025 1.43051 1.9794 12.8515 2.01081 2.14923 4.46674 0.608395
0.406038 0.240047 2.86767 3.30763 5.50894 7.4156 0.911502 3.66096
0.00473783 0.00024627 0.0567405 0.54794 6.98769 13.4009 1.27716 1.05635
0.346636 0.257354 5.75518 9.2781 7.26382 1.3764 4.33466 3.599
0.168236 0.153531 0.121647 0.555396 0.129972 0.753689 17.1981 3.43084
0.00260663 0.010257 0.00995737 0.0142372 0.0638708 0.841977 15.4364 2.05065
2.33793 1.21367 1.427 1.28746 0.255073 13.6529 4.98489 0.00242801
0.142673 0.0307877 0.7827 6.74758 10.0816 3.02584 6.62916 0.801321
0.191786 0.16208 0.117086 1.62891 12.7359 5.98002 1.3584 2.28283
1.08506 3.74143 0.575347 11.169 3.72109 1.30901 3.27188 5.804
0.561752 0.876367 1.33262 0.718475 10.1357 4.99109 4.99969 2.15885
0.883256 0.475348 0.680811 8.49801 11.1827 0.918444 5.74871 0.499086
0.039785 0.136076 0.719003 0.935672 3.06106 9.99915 9.11552 0.0214317
0.691814 0.253178 1.43394 3.48346 4.68721 3.27632 5.57433 6.09775
0.147372 0.0897414 0.255815 0.821267 2.74294 11.138 0.875963 0.576458
0.00301057 0.000225129 0.0261784 0.185758 1.90336 8.7054 4.24825 7.83807
0.583022 0.239878 0.178508 2.51249 10.7309 5.87221 5.99804 2.2728
1.58789 1.17053 1.95577 3.43751 8.95376 7.77279 3.02768 0.134697
0.158222 0.0266677 0.225833 1.34856 1.42205 0.254858 17.623 3.3385
0.102365 0.0436134 0.236345 1.98644 8.93116 1.58327 3.39071 6.75195
0.0315555 0.0186433 0.198844 0.542841 4.24603 8.65296 1.46075 3.29333
0.162775 0.219509 0.778433 2.68794 13.2373 2.22357 1.83877 0.826499
1.91844 1.76982 4.0542 5.64936 7.99647 6.40723 0.780343 2.94162
0.102868 0.123642 1.30068 4.73131 12.5734 2.92322 4.0329 1.1704
0.000785138 0.00381491 0.013692 0.0242399 0.0949797 0.769399 13.1142 5.87694
0.842857 0.323521 0.140511 3.61004 9.59441 5.02738 2.93567 3.30233
0.236575 0.0822405 0.0918816 0.319616 0.250102 0.59879 16.3446 4.13912
0.00529549 0.0113215 0.0946155 0.191144 0.976982 13.1404 3.16445 0.591635
0.0858685 0.0699899 0.595839 4.60004 10.1959 4.13055 2.21349 4.01352
0.22829 0.162403 1.3232 1.85822 9.86171 5.56868 1.16685 1.34164
0.190346 0.101596 0.357793 2.43228 13.5407 6.17469 1.74123 3.57363
0.34689 0.0405313 0.802278 3.73325 7.32897 6.63195 3.09235 0.211032
1.79681 2.30002 3.01395 6.45028 10.6753 3.94635 1.17126 6.05812
0.062074 0.0138679 0.108251 0.533629 3.77472 11.4742 0.756859 3.33568
0.0840205 0.00487763 0.830439 3.97477 10.7626 6.43529 5.43248 0.791008
0.18796 1.15813 1.83178 5.72013 10.2191 2.64985 5.55936 0.0453925
0.0988226 0.33533 0.303102 0.514558 11.1472 4.83528 4.33201 4.43104
0.735925 1.45903 0.498645 7.20751 8.90082 2.00214 1.5293 7.10485
2.68392 2.37735 0.93687 13.1812 8.45632 4.6162 2.54052 7.00433
0.00760815 0.00386398 0.0261576 0.208332 1.70289 6.37459 0.835517 6.90134
0.412632 0.476591 0.651624 3.01519 0.512232 0.154787 17.4826 0.45448
0.53598 0.350903 1.01649 0.805128 15.3907 1.1065 3.03372 3.01293
0.0642667 0.0907647 0.398939 4.03032 12.9493 1.41778 2.57445 0.31822
0.000553534 0.000285682 0.000400668 0.00357346 0.0063579 0.0121645 0.0197315 8.15455
1.5103 1.74423 5.28479 2.8194 11.6756 2.76992 4.34426 3.74843
0.00683324 0.00816438 0.0183137 0.196669 0.707413 0.218744 11.5371 7.17468
0.467288 0.51636 0.895515 4.10834 11.3417 4.77202 4.63375 2.28353
0.177672 0.0661114 2.44241 4.34305 8.8974 4.10571 2.29731 2.63979
1.07488 3.1059 6.65239 11.3678 4.36648 1.48047 6.45112 0.101842
0.166478 0.0581944 2.09848 2.85461 12.6631 6.37542 1.61716 1.26854
0.00821032 0.0013965 0.0796724 1.44332 2.89078 13.5423 0.894885 3.12534
0.0300029 0.0138415 0.0477138 0.120168 1.03345 13.7098 1.12681 1.99741
0.309066 0.0547127 0.618709 4.53538 7.36989 5.33105 1.61381 3.46495
0.0946321 0.0456078 0.209154 2.49177 11.5389 4.2129 2.79321 5.37324
2.67442 0.84241 7.54299 8.93723 6.83972 6.15628 3.35561 0.980683
0.26588 0.674784 2.14616 2.31456 8.59437 3.56301 8.04686 0.0744255
0.108067 0.234649 0.405941 0.353867 0.63974 14.8938 2.93126 1.77455
2.77875 0.811159 6.75969 7.19554 6.23443 3.5379 5.81036 4.89088
3.68449 4.55933 3.74391 12.0577 5.61585 1.01046 3.7595 4.46843
0.114554 0.225643 0.0949727 1.45147 0.887123 0.440971 16.4054 2.72818
0.816888 0.13544 0.403048 1.1466 2.66426 0.240381 12.5248 3.77686
0.11404 0.0177212 0.674797 2.25404 11.5036 2.54245 6.73387 1.16517
0.0667499 0.0278232 0.243851 0.675167 3.96766 7.04856 5.33036 3.60468
0.0148624 0.00653008 0.0164946 0.0232964 0.143624 0.698991 10.2765 5.16717
0.0134396 0.00827771 0.0326019 0.229378 0.978592 8.54065 4.27702 1.48523
1.10302 0.786209 1.21296 13.3825 3.53902 1.47451 5.09924 1.72632
0.597882 0.894363 4.38067 4.81921 5.22993 6.36376 1.89033 4.23441
0.577808 0.537653 1.62717 2.73839 8.14107 0.790272 7.39632 3.38547
0.00857616 0.00452845 0.124025 0.72364 2.3083 7.72494 5.67938 1.94515
0.302215 0.0396491 0.307791 2.54992 9.17189 6.04523 5.16836 1.63859
0.0543891 0.0544787 0.482303 4.08078 8.58221 6.79056 1.48571 6.36323
0.643248 3.59147 4.17105 7.1858 9.87948 5.55929 4.42435 0.0318394
2.92173 0.198819 7.30795 4.80979 6.68411 1.82573 4.63624 6.63402
0.312302 0.136306 0.442953 3.77167 8.93799 8.98908 3.59697 0.143933
0.0930526 0.246914 1.83832 10.5895 5.46676 2.12681 5.42198 4.99518
4.88895 0.390024 0.332791 9.49054 12.5146 0.781938 7.73265 2.14406
0.0213125 0.0833928 0.830917 1.89941 0.362754 13.9546 3.76643 6.26624
0.112164 0.125688 0.938715 2.60282 11.2687 6.71698 2.19268 3.36485
0.519976 1.17491 8.1923 4.52485 6.99008 2.10011 7.59001 4.57359
0.0345419 0.00517375 0.0842039 1.15622 4.75223 8.38154 3.83769 4.15335
0.938705 0.354734 1.2644 2.10168 10.8028 5.40512 3.01597 0.361551
0.0232308 0.00475993 0.0578082 0.28056 1.93608 7.27182 4.00076 6.32866
3.08344 2.52379 2.67443 8.4564 5.05227 5.01374 3.76713 2.03153
0.05382 0.0675631 1.03763 3.70677 12.1188 6.56427 1.67977 1.14543
0.596772 0.243654 0.0864264 0.622281 0.403025 14.7984 0.89559 6.28016
0.00543961 0.000693898 0.0158376 0.0671018 0.802381 8.8003 2.86301 0.70149
2.43385 3.55636 0.685286 8.86638 8.55404 3.84308 2.16103 1.74666
3.02002 3.70046 4.02136 7.18823 7.46852 0.703276 4.14527 6.82468
0.0135365 0.0480699 0.0574942 0.0768552 0.606944 0.513777 17.4442 0.833124
0.250033 0.0733678 0.750854 1.97493 7.03058 8.41481 3.21685 0.130275
0.000666835 0.00106819 0.00454128 0.0228605 0.039825 0.718 9.74879 7.78952
2.44451 2.24286 1.21386 2.52726 12.1203 1.97332 1.75635 6.82657
2.23818 1.1738 5.6018 1.16938 5.56957 6.66596 5.01919 1.8847
0.73829 0.156497 0.772973 1.67871 0.112361 11.5253 4.06205 6.61804
0.840777 0.801057 5.94072 2.97084 12.2625 0.852051 7.53054 1.71405
0.0124418 0.00514798 0.0362983 0.125604 1.49612 10.1212 3.28813 0.0172037
0.00508752 0.00403697 0.034336 0.182277 1.48412 11.3138 1.82451 2.17599
0.000835663 0.00161552 0.0026305 0.00560601 0.100502 1.42485 12.2404 1.53215
0.0147364 0.00364401 0.0938443 0.703553 3.81133 11.2884 0.780348 2.71095
0.168669 0.728422 2.81508 11.0622 9.21988 2.66941 0.757179 4.54824
0.00396675 0.00373314 0.0140463 0.0242621 0.138272 1.08034 8.47952 0.257514
0.00119553 0.00085229 0.00711545 0.0128996 0.0736672 0.855521 9.6758 2.45151
0.014978 0.00358476 0.00920256 0.0706176 0.139392 0.269308 0.670499 7.77086
0.00142237 0.000436036 0.0142338 0.0985794 0.884834 10.5682 4.1775 0.557581
0.00826414 0.00186427 0.0265431 0.268098 1.26922 7.85632 0.806391 5.7667
0.00401919 0.00359511 0.00689963 0.0216282 0.136718 1.42893 10.3595 2.66839
0.00920323 0.00490865 0.031354 0.0760426 0.528378 0.938958 6.48575 4.94327
0.00212659 0.000162566 0.0170719 0.0466153 0.429766 1.71949 10.5141 6.36265
0.00162659 0.00158195 0.00662914 0.0223891 0.220334 2.0121 9.27509 1.87246
