1.09179 0 2.63693e-72
1.0057 0.460312 4.41189e-194
4.05552e-05 0 1.07173
1.97409e-05 1.17141 1.24438e-116
2.98944e-10 1.77391e-05 1.18475
0.031442 1.05366 2.91829e-07
0.0637017 1.10517 2.76339e-08
1.07411 0.000249847 6.77705e-05
1.77686e-06 0.000222796 1.12491
1.04331 0.003322 0.0570362
1.92732e-05 1.14365 0.399964
3.35903e-05 3.55036e-05 1.0915
0.00731885 1.16318 2.48192e-105
0.54937 0.859495 0.10148
0.246721 0.923221 0.412363
0.610873 0.822173 0.0858295
1.52879e-05 8.37887e-06 1.16433
0.00889198 1.11494 8.37903e-07
0.802361 0.644744 0.0727773
0.0136258 1.12869 3.06232e-29
0.191926 0.8516 0.552643
0.000945873 0.00605437 1.05105
0.582017 0.752657 0.421056
1.00721 0.260794 0.0429351
0.985143 0.17892 0.261866
0.971923 0.337305 0.144306
0.0244536 1.34595e-06 1.06307
0.5037 0.881614 0.21399
0.547372 0.856369 0.136876
1.08363 0.00709621 2.7051e-08
0.319291 0.983012 0.05248
0.57817 0.219907 0.835456
1.01951 0.129845 0.160391
0.156329 1.00063 0.220896
0.96074 0.365417 0.119166
0.159643 0.951782 0.368203
0.442762 0.669644 0.636452
0.218614 1.0043 0.114482
0.475853 0.038407 0.926975
1.12041e-05 1.27855e-05 1.13539
0.0835975 1.02173 0.0654394
0.146809 0.875268 0.541412
0.0628619 0.787341 0.670719
0.0732128 1.04437 4.69771e-09
0.930164 0.356511 0.30923
0.591023 0.795456 0.327749
0.330655 0.908314 0.36357
0.00288345 0.927734 0.454253
0.282959 0.483675 0.86576
0.259594 0.713108 0.711046
0.938241 0.160937 0.382802
0.618536 0.321569 0.760312
0.465686 0.704315 0.616947
0.194923 0.382749 0.934426
0.804038 0.418009 0.504433
0.54613 0.854425 0.206721
0.0966138 1.00634 0.17053
0.777952 0.670624 0.081597
0.0129477 1.13661 2.74535e-72
1.0099 0.0864513 0.176057
0.632635 0.328898 0.754126
0.323332 0.810366 0.558679
0.83734 0.435322 0.433051
0.933986 0.0154095 0.439454
0.433373 0.930264 0.0357158
0.519066 0.887264 0.124155
0.901459 0.119379 0.494028
0.574716 0.743216 0.441991
0.261746 0.989927 0.166168
0.535095 0.83716 0.26866
0.923761 0.460059 0.132184
0.361145 0.808363 0.567534
0.00390007 0.235703 1.0196
0.781554 0.63249 0.249559
0.674456 0.76461 0.25554
0.956286 0.247608 0.31762
0.772105 0.132439 0.665229
0.150234 0.961619 0.377783
0.148394 0.884714 0.508775
0.37685 0.601677 0.745985
0.995573 0.0757416 0.282064
2.79581e-05 3.94453e-05 1.07974
0.930919 0.328608 0.284519
0.418949 0.78275 0.562048
0.846403 0.590002 0.0236113
0.453541 0.878394 0.353933
1.01435 0.161698 0.0193547
0.463872 0.898402 0.224441
0.910955 0.504995 0.00642816
0.93999 0.468142 0.00574864
0.379055 0.605199 0.738091
0.87108 0.452863 0.299432
0.732165 0.0429243 0.717592
0.289103 0.56768 0.811714
0.608632 0.819156 0.126187
0.734476 0.70634 0.153814
0.334312 0.985904 0.0287681
1.02403 0.0600352 0.0560776
0.730994 0.577397 0.460261
0.377487 0.665655 0.702953
0.729311 0.379159 0.62983
0.337197 0.527547 0.833208
0.988148 0.15752 0.241949
0.0589478 0.738317 0.729744
0.825935 0.547256 0.272067
0.7874 0.211046 0.64629
0.0883713 0.920487 0.462806
0.385867 0.833523 0.50081
0.422547 0.82971 0.427256
0.710604 0.201763 0.722748
0.479103 0.89514 0.150299
0.946083 0.120494 0.386555
0.67634 0.35162 0.700234
0.765767 0.0448943 0.685981
0.976877 0.057271 0.33376
0.855627 0.0501625 0.574329
0.791044 0.0463762 0.667091
0.71318 0.685859 0.326284
0.829744 0.048645 0.607318
0.672695 0.764809 0.235408
0.280032 0.769252 0.627613
0.358956 0.391852 0.900268
0.105252 0.206672 1.00314
0.874698 0.553981 0.0384532
0.486699 0.655047 0.646982
0.300456 0.388546 0.906274
0.0535387 0.815958 0.648288
0.197807 0.34881 0.957916
0.722486 0.563398 0.497755
0.72072 0.390565 0.631645
0.111315 0.143951 1.01959
0.0367294 0.948094 0.435376
0.343509 0.943625 0.202902
0.0340533 0.879015 0.530984
0.303826 0.59659 0.777875
0.130173 0.00214768 1.03106
0.811481 0.625782 0.177168
0.661728 0.72237 0.350737
0.498389 0.259106 0.867853
0.679624 0.524098 0.591491
0.592869 0.797941 0.240424
0.12329 0.134589 1.02269
0.818356 0.425453 0.467848
0.899594 0.255423 0.429111
0.407455 0.696482 0.639725
0.708978 0.368588 0.661235
0.36688 0.627124 0.73562
0.226564 0.974413 0.297313
0.736817 0.729469 0.0116634
6.23548e-06 1.59455e-05 1.14349
0.643298 0.702252 0.426414
0.601719 0.778136 0.292333
0.924084 0.370493 0.276649
0.205121 0.10664 0.999917
0.427637 0.0681695 0.942064
0.68264 0.773888 0.147101
0.606655 0.401963 0.742277
0.921991 0.335148 0.336283
0.139835 0.518339 0.88238
0.202912 0.557402 0.841794
0.89009 0.51275 0.083923
0.888626 0.505909 0.157854
0.906386 0.471218 0.159425
0.824767 0.141472 0.594254
0.115165 0.31636 0.992082
0.155101 0.613765 0.828317
0.208246 0.447014 0.909921
0.0866118 1.02693 0.00105813
0.041895 0.524731 0.891781
0.175834 0.651777 0.799278
0.760601 0.395426 0.581352
0.0352341 0.909495 0.526232
0.391041 0.767844 0.587872
0.658477 0.342333 0.715071
0.595481 0.0141171 0.86058
0.184144 0.745803 0.705671
0.858752 0.49747 0.322457
0.707067 0.545262 0.515166
0.267989 0.736169 0.665271
0.954245 0.386855 0.173686
0.603485 0.658791 0.516544
0.071519 0.168536 1.02583
0.892614 0.464058 0.243258
0.685087 0.457098 0.6346
0.925877 0.147594 0.430219
0.684575 0.747311 0.198184
0.162473 0.968651 0.324837
0.131638 0.842593 0.578345
0.172162 0.303589 0.97777
0.0100534 0.00522663 1.04502
0.866143 0.450296 0.329862
0.165859 0.988838 0.259365
0.489339 0.187553 0.887798
0.387465 0.298798 0.902824
0.537538 0.86647 0.0650894
0.920769 0.441741 0.303508
0.749411 0.70148 0.185295
0.628633 0.221903 0.789297
0.573215 0.44204 0.748173
0.666075 0.242121 0.760963
0.928054 0.281945 0.358363
0.776083 0.403475 0.533606
0.521819 0.271287 0.849711
0.844397 0.438991 0.391067
0.688656 0.751766 0.180069
0.449584 0.717806 0.601473
0.756356 0.274939 0.662517
0.124846 0.195323 1.00263
0.884015 0.251 0.484253
0.239614 0.409583 0.92139
0.222618 0.811809 0.597782
0.78321 0.300187 0.611416
0.533445 0.83458 0.304987
0.991445 0.281502 0.00621256
0.187438 0.293248 0.97321
0.584339 0.0931493 0.848093
0.884384 0.312182 0.448864
0.0942198 0.981405 0.320339
0.636489 0.330902 0.741461
0.21131 0.166909 0.994902
0.127661 0.193078 1.00113
0.228599 0.904613 0.491679
0.181993 0.198671 0.995457
0.878195 0.277285 0.492269
0.0533467 0.555666 0.86245
0.505833 0.864643 0.288704
0.339753 0.531546 0.825429
0.401998 0.687155 0.676035
0.234027 0.00253124 1.01227
0.749425 0.40612 0.578058
0.333991 0.91748 0.343222
1.03133 0.0170154 0.0168909
0.311107 0.610886 0.765846
0.189629 0.302761 0.963989
6.90012e-06 4.0568e-05 1.08747
0.96331 0.334315 0.188928
0.138748 1.01223 0.106059
0.0854857 0.89043 0.517183
0.40055 0.539099 0.795179
0.0786057 0.984531 0.347189
0.553676 0.287849 0.830446
0.277281 0.442707 0.884958
0.512264 0.81788 0.39656
0.468225 0.0803147 0.922436
0.0452916 0.471763 0.920241
0.615947 0.174887 0.815838
0.21566 0.290256 0.975756
0.348564 0.957512 0.159023
0.600951 0.0765375 0.845081
0.237851 0.881662 0.510939
0.0175026 0.83957 0.61359
0.434903 0.585335 0.75371
0.38088 0.134448 0.964891
1.02295 0.104558 0.0373751
0.526828 0.709056 0.538884
0.913844 0.475095 6.06494e-05
0.763392 0.588697 0.374187
0.0195304 0.231565 1.00512
0.459101 0.718268 0.571219
0.583882 0.100153 0.8559
0.450528 0.582618 0.720595
0.353791 0.191722 0.961275
0.61853 0.488564 0.663562
0.257247 0.938088 0.341936
0.157366 0.622731 0.818403
0.479484 0.620063 0.685028
0.592962 0.308273 0.791263
0.119108 0.76239 0.687338
0.366034 0.42852 0.870714
0.166407 0.99211 0.228483
0.293213 0.394634 0.907151
0.31741 0.49659 0.844722
0.418732 0.267053 0.916381
0.943557 0.150412 0.392619
0.307267 0.177998 0.968459
0.328624 0.514135 0.839206
0.694494 0.75814 0.109285
7.84406e-06 1.53115e-05 1.149
0.460746 0.176594 0.910558
0.383657 0.965815 0.0195821
0.569801 0.861781 0.00374626
0.663225 0.0388826 0.786593
0.431378 0.0252902 0.940069
0.09791 1.01984 0.1089
0.950686 0.17174 0.374985
0.430358 0.650885 0.681942
1.00161 0.171806 0.201243
0.813055 0.0192751 0.644777
0.411763 0.808534 0.478134
0.529338 0.012549 0.897008
0.315515 0.164032 0.969839
0.895651 0.052509 0.521828
0.177927 0.284079 0.987748
0.620165 0.0988603 0.821692
0.0294751 0.307017 0.993464
0.75567 0.481941 0.521295
0.484549 0.828263 0.388931
0.103338 0.661445 0.792637
0.338215 0.455203 0.876164
0.393922 0.628935 0.731171
0.090853 0.946336 0.390654
0.114171 0.680682 0.771038
0.101246 0.153126 1.01622
0.383772 0.67674 0.69299
0.00799662 0.0219668 1.03423
0.482525 0.850879 0.379682
0.00221825 0.0231056 1.02692
0.672874 0.137491 0.767225
0.0500811 0.521651 0.887797
0.409366 0.721871 0.624033
0.450604 0.770238 0.514861
0.743452 0.386511 0.595041
0.696423 0.537053 0.536504
0.645548 0.247424 0.772323
0.403368 0.711294 0.648284
0.616732 0.673252 0.48113
0.134331 0.800871 0.643805
0.716998 0.415353 0.656933
0.321987 0.758771 0.653482
0.909126 0.313745 0.395196
0.467588 0.360585 0.853105
0.667586 0.784574 0.194079
1.03093 0.131299 4.66325e-09
0.440741 0.593192 0.728108
0.344362 0.549808 0.806275
0.142588 0.184472 1.00844
0.0821492 1.02891 0.0596571
0.346329 0.541834 0.819365
0.354485 0.184292 0.954416
0.414897 0.662424 0.663742
0.61258 0.824469 4.60886e-09
0.0391139 1.00964 0.244313
0.492637 0.173898 0.885051
0.03998 1.032 6.08148e-05
0.099635 1.03781 4.67818e-09
0.751027 0.265108 0.676323
0.0208062 0.0108169 1.03746
0.956455 0.0560737 0.393699
0.649843 0.22939 0.769866
0.795574 0.460871 0.484498
0.88462 0.564182 0.0131978
0.994474 0.115517 0.288539
0.347318 0.954088 0.192173
0.24048 0.262518 0.970953
0.860487 0.447356 0.340919
0.464036 0.241246 0.886018
0.878556 0.111893 0.540288
0.951389 0.270129 0.321338
0.0119309 0.181833 1.02102
0.45597 0.264141 0.892715
0.508612 0.896881 0.00373878
0.296415 0.448305 0.883314
0.516166 0.088538 0.887212
0.244416 0.98991 0.246604
0.678587 0.108173 0.767647
0.567553 0.734263 0.489039
0.152776 0.97789 0.294147
0.384418 0.199854 0.942561
1.03645 0.0112103 6.67605e-07
0.917261 0.351566 0.319172
0.193843 0.532489 0.87551
0.224941 0.617917 0.787157
0.313638 0.500754 0.853671
0.135797 0.373035 0.948337
0.979441 0.222663 0.290832
0.32547 0.57393 0.797223
0.962512 0.33976 0.181569
0.369914 0.559467 0.794096
0.56282 0.292603 0.82999
0.716286 0.477915 0.583954
0.0904028 0.941647 0.434078
0.35018 0.0205299 0.982741
0.25608 0.889474 0.487754
0.850021 0.300052 0.52009
0.16426 0.979308 0.286183
0.275411 0.0805173 0.989295
0.107433 0.640506 0.807152
0.725187 0.572811 0.486976
0.698847 0.0165676 0.780928
0.739317 0.570132 0.446831
0.80801 0.420073 0.479892
0.687415 0.357378 0.690122
0.000128263 0.000193988 1.06637
0.291225 0.317914 0.937937
0.918076 0.463001 0.14657
0.625812 0.227486 0.797079
0.0606887 0.760122 0.695754
0.179196 0.492253 0.887467
0.701531 0.765821 6.68931e-07
0.596639 0.345629 0.770288
0.0214614 1.02947 0.0204857
0.85267 0.0202143 0.605685
0.864945 0.501058 0.2417
0.861823 0.313276 0.470749
0.969726 0.0104886 0.398501
0.555597 0.869237 0.0626684
1.65502e-05 5.00087e-06 1.1547
0.296136 0.697851 0.69638
0.435082 0.0173116 0.947265
0.53372 0.121334 0.879308
0.842712 0.0641034 0.600173
0.502124 0.675807 0.597887
0.363111 0.579742 0.764199
1.57752e-05 7.22035e-06 1.1587
0.523759 0.0307062 0.888829
0.508332 0.57628 0.705892
0.152983 0.0975673 1.01666
0.252951 0.694859 0.728563
0.363606 0.621529 0.74426
0.545157 0.595117 0.679027
0.27331 0.41336 0.914357
0.967383 0.0567144 0.376138
0.622605 0.480128 0.66765
0.0232084 0.00398094 1.04176
0.372279 0.215659 0.935966
0.589421 0.0345557 0.846253
0.318089 0.245298 0.959571
0.798475 0.127285 0.641029
0.821772 0.148452 0.610171
0.373557 0.143176 0.955675
0.0812194 1.01727 0.181531
0.821037 0.426846 0.442881
0.62334 0.806096 0.191975
0.515 0.397148 0.808263
0.436963 0.227171 0.908714
0.0676517 0.847333 0.60364
0.554987 0.095197 0.869977
0.441038 0.753887 0.532825
0.200868 0.343352 0.950268
0.692679 0.441768 0.622709
0.817634 0.630526 4.63301e-09
0.833555 0.319483 0.516119
0.2864 0.786746 0.594567
0.741097 0.210421 0.68894
0.531066 0.803196 0.373749
0.172316 0.628374 0.809785
0.550732 0.424703 0.776936
0.563936 0.85291 0.200092
0.231955 0.845856 0.535061
0.997266 0.0129791 0.296405
1.00511 0.117086 0.229831
0.250214 1.01339 0.0570638
0.31062 0.161487 0.980802
0.542423 0.848625 0.243531
0.472525 0.714658 0.581012
0.411028 0.724802 0.608828
0.539898 0.698485 0.572312
0.74526 0.431725 0.587595
0.571163 0.29694 0.80005
0.23736 0.259112 0.984462
0.0595583 0.355083 0.971541
0.796179 0.0327883 0.67667
0.425252 0.749884 0.584622
0.644513 0.509088 0.651149
0.881171 0.477514 0.297858
0.659337 0.719761 0.378878
0.635763 0.694026 0.44279
0.46958 0.607512 0.686657
0.2214 0.60819 0.804395
0.0283861 0.295673 1.00383
0.392746 0.0673678 0.951916
0.478166 0.643562 0.680834
0.977478 0.0196759 0.361222
0.806282 0.102689 0.64439
0.32806 0.901185 0.394086
0.49508 0.774557 0.484413
0.167714 0.460714 0.904663
0.0492284 0.616582 0.823819
0.840961 0.5611 0.244507
0.0697534 0.827043 0.606449
0.474254 0.757193 0.51549
0.0466995 0.584908 0.847752
0.748044 0.509354 0.523235
0.65673 0.112649 0.78891
0.264825 0.452678 0.888478
0.0154171 0.397961 0.951385
0.349633 0.597643 0.773508
0.080821 1.01228 0.230647
0.370306 0.872636 0.445967
0.781086 0.124513 0.665867
0.247439 0.902321 0.447795
0.396454 0.934254 0.245456
0.0356308 0.543032 0.894427
0.66974 0.731117 0.294668
0.142671 0.913209 0.474492
0.980158 0.345989 4.66404e-09
0.588209 0.225447 0.824229
0.746792 0.718184 0.0254696
1.03556 0.0607116 6.68141e-07
0.263199 0.420224 0.914909
0.608161 0.214677 0.801541
0.86705 0.190725 0.536386
0.425329 0.727035 0.598157
0.530868 0.847583 0.280201
0.566723 0.294632 0.813853
0.899026 0.0527068 0.519575
0.145341 0.227387 0.997081
0.372918 0.637446 0.727625
0.334506 0.365161 0.913746
0.00923523 0.996614 0.296199
