15.4517 1.9886e-47 8.46084e-27 1.33246e-136 1.69149e-32 9.79446e-134 5.35177e-21 5.34118e-19
13.4747 2.20266e-29 1.77233e-211 5.78599 5.5776e-39 1.47153e-307 0.740953 1.14618e-61
8.21411 3.65888e-07 9.60861e-36 1.40331e-11 9.936 4.11538e-308 7.99244 4.37281
6.96155 7.85871 7.77427e-13 1.59426e-19 3.61653e-293 12.0909 1.73473e-84 6.656
4.62397 17.9023 6.1699e-16 6.23185e-25 2.14237e-14 1.24501e-70 4.52476e-39 1.16616e-50
4.17412 4.65711 4.77672 17.3221 3.62074e-10 1.49939e-28 1.93008e-152 2.25427
3.87001 2.13689e-30 2.22824e-58 8.36762 11.1574 6.91285 1.78893e-133 0
3.31549 2.75904e-06 5.07182e-104 7.21708 1.86833e-08 5.46123e-129 2.0358e-243 12.1019
3.29928 1.46953e-07 2.01112e-138 3.07491e-60 17.3588 1.23837e-103 2.27383e-218 2.44636e-89
1.60959 1.79896 19.3311 5.97756e-229 2.65568e-10 1.53493e-28 5.74704e-12 2.30841
0.644171 2.8701e-08 9.83025e-69 1.50024e-72 1.02641e-41 18.0694 2.68846e-13 3.07076e-32
0.521013 5.69615e-46 3.54458e-118 3.94275e-45 1.16266e-14 8.60523e-05 19.2456 5.64515
0.448434 0.00981705 3.5063 1.23447e-229 0.421242 0.000103085 9.11793 15.1118
0.435625 5.14015e-28 0.396355 4.0962e-08 0.00503094 0.677186 0.55774 20.1415
0.124764 2.28544e-258 0.936406 1.60032e-08 0.112587 1.03358e-156 0.0842728 17.3372
0.0206907 0.023179 0.231374 0.511683 3.47867e-10 0.647088 0.530303 18.6329
5.23168 16.7163 1.18025e-116 9.87997e-74 0.00348708 2.98073e-51 1.05372e-11 4.49961e-10
11.5788 13.0194 2.14888e-90 8.64292e-66 3.26114e-27 1.45364e-20 6.65268e-63 6.80638e-21
0.406021 0.458449 4.61412 5.11518e-06 2.83459e-05 1.82387e-46 11.9656 3.71484
0.399334 0.446429 4.8037 10.6665 14.3145 1.16878e-36 8.457 2.41182
0.272944 5.80814e-10 0.2489 9.9749e-153 0.446448 16.9808 3.11107e-39 1.27125e-11
1.0382 1.15827 12.3789 4.42045e-09 15.1063 1.5383e-28 4.03537e-49 9.37528e-19
0.607681 0.000105838 4.49578e-14 1.33232 1.76919 15.9287 8.83806e-13 6.68835
3.09935 4.05111e-203 1.8678e-88 4.59765e-156 16.2762 1.15723e-05 1.26636e-51 1.28931e-61
4.67616 5.22309 3.76129 2.77129 10.1058 6.30366 6.60271e-51 5.35242
6.59097 2.5661e-28 3.53094 2.60453 1.53704 1.74179 2.15122e-13 12.6489
2.35777 2.64644 1.06301e-19 7.68685 0.0722368 9.7683 2.2002 9.00427
5.53531 6.18876 2.58001e-38 8.79738e-31 10.042 14.9183 1.75621 4.40355e-16
1.52995 1.70864 18.6784 2.33943e-69 1.9071e-32 4.41336e-13 2.13481e-20 7.29144e-87
2.12681 2.55423e-30 17.0242 7.98826e-135 1.41096e-53 2.07119e-07 3.06491 2.34198e-10
1.97874 1.87509e-40 15.8677 3.48454e-24 5.36417e-40 1.71406e-42 3.63076 1.36934
10.9883 12.2967 1.39069e-39 9.98414e-13 1.44612e-24 1.68755e-155 2.80964 3.29731e-39
0.631572 0.706774 7.59015 16.8884 6.01846e-25 1.10214e-102 9.1369e-34 2.19814
0.589596 7.1676e-204 1.76775e-40 1.00839e-12 0.144397 17.5658 1.34275e-51 2.45224e-89
1.83147 1.0373e-97 14.696 2.43276e-50 1.51097e-32 7.09674 10.1688 1.61166
0.607731 0.68022 7.22755 15.8056 1.26093 1.10435e-36 1.04518e-49 1.45641
3.29569 3.6871 4.86573e-66 10.8271 14.5372 5.52631e-44 8.78891e-37 0.0497191
14.3258 2.05433 4.09787e-11 5.13508e-09 1.29413e-43 1.13564e-28 8.9729 11.6923
0.113423 5.06012e-09 0.103358 0.336636 0.446512 17.7637 1.35709e-51 0.589235
8.16183 9.0567 2.15443e-42 7.15827 1.68288 2.88216e-20 8.83473 8.24202
0.32508 3.14116e-06 0.295926 6.11601e-33 0.529924 0.794566 0.179305 19.475
0.247217 0.278187 0.0217429 0.816477 1.48313e-10 0.428739 9.58319e-118 18.905
9.32948 10.4453 8.02869e-58 4.87044 7.06946e-40 4.7341e-51 6.78817 1.93334
9.50946 10.6263 7.64653 5.63744 1.71772e-14 1.51758e-13 7.75194e-51 8.40402
4.24995 4.76804 6.04082e-160 3.74752 3.56266e-07 4.40742e-21 18.9317 3.09432e-31
0.635446 6.33727e-06 4.73415 0.716404 5.8454 8.73245 7.17733 9.35741
10.8746 12.1451 4.88325e-19 8.26026 3.3848e-42 1.90299e-10 1.96968e-84 2.84791e-29
3.12852 0.69735 1.71643 7.91985 10.5333 2.94709 8.68948 0.325231
3.77139 4.24492 2.98398e-53 12.2934 2.63093 5.46791e-49 8.51995 7.96291
14.1704 2.85642e-16 4.304e-42 1.32064e-59 2.09482e-58 1.64867e-39 11.5374 1.71831e-05
4.48989 6.39567e-17 9.40225e-37 9.85057 1.40855e-12 12.41 11.2453 1.99308e-14
1.07517 3.88721e-168 3.50146e-41 2.36812 0.309298 1.25385 7.4471 12.3187
0.579671 0.652523 6.83096 15.1691 1.98158 2.27326e-25 3.00148 1.31839
0.53924 0.605495 6.46065 1.17719e-43 7.87257 11.6967 10.5905 2.11415e-224
2.68928 3.04856 1.37378e-39 8.95746 11.9464 7.39845 0.00191014 1.36965e-10
2.11714 1.16787e-30 16.8326 5.89407 7.25799e-54 4.49447 9.32925e-07 1.18113e-198
4.76608 0.00231747 4.33469 14.1488 1.85371 3.82814e-49 2.66886 6.59687
0.940159 1.05777 10.919 1.65508 0.282745 5.32862 7.66317 7.12205
0.848108 0.940683 9.98659 7.05893e-48 5.5363 13.2083 7.99154 1.92066e-14
12.714 2.24253e-49 6.81413 2.16621 2.98175e-146 0.986565 3.81588e-13 10.0322
2.54603 2.84483 1.24163e-40 8.40568 11.2244 6.95249 10.9802 1.05668e-29
2.26971 2.53221 1.02567e-65 7.38519 0.967305 1.60916e-28 5.08895 14.873
0.446268 0.498349 5.13541 11.212 2.39598 1.12382e-155 7.77838 7.26293
2.83459 3.17281 5.63306 15.4905 0.124026 2.20121e-08 0.0565257 3.28321e-19
5.37175 6.00649 2.84257e-12 2.85733e-09 9.82417 14.6503 0.0896404 5.08606
3.9314 4.3943 3.3845e-58 12.9786 1.69532e-05 6.8265 9.80104 1.55042
0.368177 2.02958e-31 2.92973 1.02738 3.75131 5.62727 4.62624 13.3243
5.42885 6.07345 7.08813e-35 2.83335 3.77624e-42 9.91136 6.02465 7.12092
13.3104 3.26696e-15 7.12901 2.56206e-07 2.93708 1.04028 1.15698e-37 6.4187
3.20397 0.000708497 3.94758e-86 0.00169684 16.753 1.20854e-103 1.45341e-142 3.12014e-65
5.57927 6.25398 11.0876 8.15168 1.63379e-32 4.92864e-31 10.0093 1.05287e-14
4.66381 1.6402e-23 1.12605e-47 10.2493 13.7456 1.05608e-20 8.12025 8.44301e-38
10.5438 11.7763 1.06776e-35 9.27491 3.35743e-26 1.39084e-55 1.62065 1.56079e-23
4.21277 4.69976 8.69628e-106 0.00186791 7.67668 3.39909e-42 4.53878 16.7597
0.191399 2.1884e-51 1.51849 3.3635 4.4261 2.76173 16.4378 0.0459298
0.0706661 0.079748 0.78426 0.401611 2.19325e-14 3.47612e-47 0.54675 19.2177
9.63168 10.7548 7.74569 2.65258e-42 1.94844 3.56838 3.55169e-72 1.60826e-09
12.2907 1.15641e-95 11.1806 1.17796e-19 1.24949e-51 3.93135e-43 3.20291e-22 0.551658
5.47847 6.14257 3.0958e-27 4.82889 0.000133204 2.12036e-89 4.36254 16.1428
3.18361 3.56167 5.6058e-94 10.4999 1.37682 5.55333 6.50755e-07 8.79513
1.75394 6.27646e-07 2.32294 6.4023 8.55403 12.7444 7.70272 7.3495e-48
4.78555 5.35394 1.26474e-42 1.05827e-131 3.88754e-10 5.65019e-29 18.429 5.17975
3.57239 4.01401 2.87948 13.2028 1.23321e-28 6.97509 2.95945e-44 7.89393
10.1966 11.4273 1.01065e-23 1.44864e-13 1.54306e-32 7.33049 3.24452e-07 1.25425e-199
2.93531 3.29549 4.01621 13.0966 4.2785e-63 3.10657 0.000211484 6.12357
7.91779 8.86686 10.8285 2.41311 0.00132898 1.69894e-155 5.31745e-36 4.69005
1.93868 7.78054e-162 1.04097 4.87124 6.45558 9.64104 7.93271 6.24212
1.20715 1.35291 14.5172 1.28778e-38 1.74114 1.53122e-155 6.74685 7.94464
4.84298 5.43682 2.73336e-14 1.09256 3.64372e-50 8.47091 6.93683 9.08854
0.0933023 0.104788 7.488e-38 0.0210755 0.171486 0.256151 0.875845 17.5953
0.29198 0.328215 3.4908 7.73922 10.2596 6.39734 1.88467e-39 10.1242
0.535727 0.60224 6.14228 13.4856 6.31235e-30 3.2008 1.34504 10.4392
0.130138 0.146162 5.01777e-165 0.426649 0.0559242 0.156257 18.5416 1.1487e-06
3.69931 4.17068 8.46154e-104 2.16141e-86 6.69198 1.88263 1.79691e-31 13.6754
4.32362 4.87352 2.17053e-53 3.30514 8.79265 5.48077 0.311599 8.69576
0.48407 5.82032e-31 3.93158 8.74002 1.14328 2.08452 4.3901e-35 15.1744
10.1629 1.79879e-49 4.74339e-42 5.58632e-96 12.2414 3.43279 2.3744 8.27382e-96
2.13603 2.37587 1.04068e-40 1.11401 4.06509 2.53188 15.0271 8.74217e-51
0.660469 1.11041e-30 5.13312 0.777725 8.32499 11.3034 9.25427 0.348315
9.1738 10.2689 1.98374e-69 4.7941 2.58842e-21 4.80774e-66 0.203876 9.99745
1.16788 1.31325 13.5478 2.0523 2.8715e-146 4.8436 9.06744 0.340303
1.68938 1.4748e-27 0.0338995 3.66138 4.89126 3.03099 18.0684 7.90945e-80
1.51368 1.67692 17.9487 10.6066 2.50025 1.66377e-28 1.21863e-22 0.000487699
0.250611 5.3589e-43 1.99367 1.17991 2.82688 4.2152 14.3347 7.56721
6.34601 7.08622 2.50665e-32 5.52447e-91 11.596 7.17335 11.358 3.87934e-19
15.1711 1.81669e-29 0.304788 5.28451 1.91724 5.44231e-07 0.871552 4.80488e-11
2.42591 2.71392 4.81969 3.0988e-45 7.38478 10.9783 6.64429 0.225848
6.73074 7.51094 2.1098e-110 1.73183 12.4556 7.70566 8.3595e-37 2.34242e-57
0.704866 0.79203 1.46684e-26 8.47987e-12 1.84174e-53 1.53858e-53 2.2045e-35 19.6878
0.478707 0.535594 5.80549 5.29804e-81 7.15213 2.5866e-18 4.21925 15.6541
5.07609 8.97019e-50 8.46784e-24 8.04868e-21 0.605456 1.10222 13.4226 9.86188
8.67169 9.67839 2.55956e-57 4.5192 3.53793e-36 6.57471 10.4007 3.90223e-30
7.50154 8.37486 6.03131 4.43959 1.60877 2.28515e-39 8.46121 3.28408e-82
6.36436 7.15529 4.39742e-14 1.33066e-31 11.6494 3.25572 1.95778e-52 6.39461
6.95739 7.81648 5.61204 3.01535e-29 1.41593 4.95275e-25 7.39132 5.84156
0.602845 1.11607e-94 4.93584 2.54111e-45 5.98032 6.10639e-29 5.32672 14.5333
1.71461 1.91515 9.07276e-13 9.41587e-34 3.12584 4.65476 15.799 8.35671
6.25799 3.00948e-132 6.1291e-66 13.616 4.71583e-31 5.55016e-07 6.82139 11.2919
3.76445 4.20367 7.47056 5.44968e-91 11.3989 1.56938e-16 6.73055 11.124
5.69284 6.30773 8.32882e-66 1.10134e-07 10.3602 15.4372 1.41405e-18 0.0541276
2.95447 3.30586 0.0888951 9.60934 12.8041 4.66261e-56 9.96257e-50 8.17193
3.64704 4.0876 1.44062e-32 3.21816 7.74204 11.5378 6.978 8.25116
1.2092 1.37263e-44 9.79975 3.43639 12.6075 7.83741 6.86122e-10 3.47356e-37
1.98176 0.000961593 1.4665e-13 4.34356 8.83892e-43 2.28475 13.6002 9.9953
2.30932 1.0726e-31 2.10428 1.36287e-47 16.3404 6.23822e-71 0.000238808 4.80075
11.4724 3.99667e-30 10.4577 6.52063e-36 1.85129 2.36161 5.74535e-20 10.869
4.74689 4.91297e-17 1.31704e-06 2.68667e-74 5.71143 0.0826845 4.59463 13.3591
11.2807 4.17602e-167 1.55565e-105 3.92548 14.4289 1.21435e-94 1.65504 1.8773e-14
10.4481 3.39374e-81 9.5241 1.99523e-72 3.45867 3.14277 5.50025e-93 10.227
0.0967707 0.108402 1.19066 2.63891 3.52837 2.18593 12.9789 6.84815
2.81438 3.76917e-13 2.56296 8.33574 11.0325 3.51228e-49 1.42141e-05 5.94879
1.05493 9.09454e-09 8.6301 5.10075 12.2791 7.5944 1.99494e-20 2.09095
1.56999 1.76348 8.86249e-15 0.35455 2.88446 4.31008 14.7554 10.8307
0.62266 0.697592 7.48482 16.6336 2.17377e-05 2.17724e-84 0.00202901 1.52355
10.7578 11.9785 2.64054e-39 5.60523 1.72886e-32 6.44439e-12 1.51027 1.69311e-125
0.179507 0.202168 2.0449 5.24748e-30 2.48375 3.71163 12.636 9.27833
14.6162 11.893 7.34389e-92 2.79881e-109 2.24312 1.49497e-28 1.68523 4.22218e-16
2.60497 2.88383 7.3576e-36 8.55482 11.4312 4.1485e-56 9.18815 8.56983
4.41449 4.93318 2.15132e-40 2.04421e-64 8.03442 4.9795 7.88129 9.56396
1.54026 1.73246 2.11158 5.07392e-169 2.19798e-46 3.61565 12.2681 9.02132
4.94581 5.48762 2.41319e-40 16.2623 2.38588e-97 1.40464e-28 8.61427e-78 1.78423e-14
5.95671 6.63163 1.78376 3.16233 2.47359e-36 11.0085 9.05924 0.0686979
2.12497 2.37846 8.37529e-29 6.94594 9.29214 13.8237 9.24647e-07 0.135109
2.62546 2.94244 3.59339 11.7138 1.95004e-14 3.8256e-56 6.04171e-09 8.84434
8.34818 9.25527 4.16394e-10 4.33911 1.56915 15.2526 7.77495e-83 2.40032
1.00233 1.11936 5.0973e-19 3.25801 4.37075 2.69779 16.069 4.522
4.94776 5.53384 10.2346 4.52904e-79 2.45147e-23 2.48359e-28 1.1229 8.72164
0.237289 6.83809e-28 1.92099 0.000291761 2.34427 1.45273 8.63995 14.1098
1.40839 1.58569 16.2256 1.24522e-26 1.34635e-33 1.56958e-155 6.21513 0.345634
3.73407 4.17559 7.42015 5.4525 13.1008 5.18202e-31 7.74738 4.88672
11.1948 12.5938 1.1366e-116 1.27222e-43 3.27636 8.51097e-19 4.55049e-24 1.34995e-198
6.20599 6.97596 0.005939 5.65514e-13 11.3089 7.03398 1.44358 4.71917
0.344813 0.386062 4.11555 5.37914e-08 5.0586 7.53071 4.54694 16.9054
3.97178 4.33812e-45 2.12863 8.39808e-29 5.4071 3.36896 4.82494 14.0329
0.597557 0.672323 6.71524 14.7257 1.93246 3.52402 1.31072e-17 1.46e-18
0.64308 6.19483e-132 5.13886 3.87572e-15 6.24969 9.34866 8.44143 4.39231
8.95541 10.0347 2.58324e-174 4.76812e-09 1.37315e-32 1.27526 8.37641 7.82455
1.19247 1.33636 14.0284 4.92505 6.18741e-18 1.79244e-08 6.84823 1.27371
0.478445 0.530859 5.72592 1.87887e-37 7.05567 5.74955e-37 5.65575 16.5333
1.7101 1.87158e-45 12.948 5.36518e-168 2.14693e-25 15.0221 1.50058e-37 9.91335e-69
6.97502 7.71717 2.18446e-36 0.180257 12.6684 0.00525232 1.45325 8.09361
11.1284 12.4491 5.6476e-39 1.0566e-83 1.20705e-14 1.29258e-46 7.64246 1.83315e-14
4.04569 8.67464e-42 5.35008 14.5998 1.43484e-43 1.26478e-28 1.42643 7.94575
0.0781927 0.087879 3.52625e-21 0.258533 0.34338 0.513417 0.41985 14.8031
4.28853 4.81887 5.86186 1.30761 4.48833e-43 10.1382 2.70142e-18 9.24866
8.43656 9.48333 11.576 4.36491e-29 1.95313e-57 1.83125e-155 0.509358 8.57219e-96
3.37424 3.77418 4.40374e-62 2.96531 0.698633 2.18728e-07 15.1884 8.01497
5.00014 5.57345 6.5104e-62 2.81048e-229 9.09041 13.5875 2.31889e-06 8.85218
12.9625 3.23573e-86 3.57638e-15 7.61351 2.02499e-97 9.79517e-95 10.2706 8.94825
10.6969 2.56181e-18 8.71707e-17 1.6046 1.28757 5.21238 7.4769 9.74442
15.3931 4.86253e-41 0.00189395 9.0221 2.12787 6.75772e-15 2.31608e-06 9.2482e-70
0.374897 0.417923 4.48275 9.77352 13.0318 1.15311e-161 10.4701 8.17265e-07
3.44135 3.87983 0.303266 11.3783 3.06543 3.69455 1.40249e-61 9.18964
0.893562 0.990512 10.7232 0.12652 13.2013 8.17029 1.86629e-59 2.23778
3.07534 3.43589 6.10175 4.48636 10.7102 6.64388 9.55442 2.14662
12.049 5.99698e-14 1.50812e-32 1.3127e-15 7.80935e-16 2.60402 7.61702 6.02827
0.253696 0.283921 3.04806 6.66961 8.96991 5.55815 7.96675 7.42956
3.42755 3.83535 1.35451e-32 3.00923 0.709314 2.86189 17.0672 1.98415e-92
4.74415 5.28773 1.42325 1.18997e-50 4.14045e-16 3.46345 5.47776 14.9853
3.75891 4.22478 4.61678e-53 12.4356 3.34223 6.51979e-74 8.7264 3.90956e-13
0.137832 0.153542 1.63396 3.55049 4.73034 6.69938e-26 15.6555 4.94368e-44
3.06203 3.42645 3.25205e-08 9.94777 13.4302 8.27478 4.46088e-21 5.05102e-33
0.621082 0.692376 7.34571 16.1245 5.60009e-18 4.52469e-05 0.00183381 1.2873e-21
2.77428 3.10229 1.97603e-23 1.44697 5.24504e-06 5.04704 17.1491 7.55763e-07
0.657314 0.73455 7.90578 6.57154e-26 8.11506e-33 3.81358 5.48424 16.0099
4.23491 4.74062 8.41545 6.19321 14.7127 2.03876e-16 8.35647e-79 1.73444e-18
9.81526 11.0048 7.03824e-46 8.65291 2.03583 9.30664e-31 1.52718 2.05199
1.36193 1.52499 2.71569 2.0955e-07 4.08969 6.10883 5.00472 14.7014
8.86746 9.91438 5.81263e-11 4.6344 1.67736 1.7149e-07 7.52353e-102 6.95783
3.67231 2.06437e-152 8.63282e-31 0.551072 4.48793 1.25802 15.2431 4.80031
3.26356 2.81361e-08 9.23381e-12 1.9166 4.5764 2.84382 16.9323 2.15381
3.87514 4.34243 5.71053e-66 3.41174 8.22134 12.218 10.0642 2.74696e-14
0.885191 0.996538 3.28965e-164 1.00855e-27 5.23795e-46 1.52984 1.2592 18.0432
0.81627 0.00232034 6.57465 14.2786 2.14535e-10 1.23761e-28 2.16208e-09 7.72511
0.455036 0.509164 5.48597 12.1106 2.58417 1.91257e-09 1.47609e-28 6.63744
8.61429 9.71213 8.78019e-117 9.86642e-27 1.54764 6.25948 1.2846 9.95265
0.210331 0.234948 2.40588 5.34265 7.12374 10.5731 9.59585 1.2566e-48
0.370218 1.36117e-81 3.01305 6.57757 8.83275 13.1229 1.41443e-21 2.05997
2.04741 2.3031 1.65088 0.524993 7.60743e-147 4.06434 13.7893 10.138
1.12717 1.26331 13.7324 3.64698e-24 9.64257e-28 6.62079 7.01235 4.42363
8.80363 7.79412e-198 1.33971e-103 3.07176 0.677464 10.6954 8.81755 0.0434948
6.47476 7.21337 1.71452e-42 5.68785 1.33846 12.9946 1.48145e-162 2.89288e-149
7.38278 8.21618 2.02685e-78 6.49324 1.66344e-12 7.64265e-103 5.85908 9.67461
1.1392 1.27382 1.90641e-67 3.71156 4.98931 3.57254e-15 16.5664 2.11259
12.8679 0.281675 4.54807e-12 4.71682e-33 1.53186 6.18091 6.54378 7.78951
6.29306 7.08484 7.00695e-13 1.42467 11.537 3.69105e-49 2.55995 4.40265
1.25964 1.40748 15.3651 9.07654 3.29007e-26 1.41002e-28 1.09861 9.76807e-35
7.77188 8.70703 0.775098 1.1063e-13 2.00083e-154 13.4538 1.58219 0.0659727
5.60955 2.92313e-24 1.23226 12.5978 7.49391e-29 3.13478e-37 8.59282 1.25707
0.435645 6.98983e-18 3.46916 7.91825e-16 4.17815 2.60326 15.5277 4.01374
12.5577 2.21355e-49 0.733909 1.88651 9.3791e-56 6.09243 8.7234 6.90449
4.99741 5.58472 1.22778e-39 16.4899 1.83889e-32 3.25366e-20 0.00201411 4.0062e-16
5.04399 5.67624 4.07654 6.55517e-27 0.872739 9.98633 1.37658e-37 9.04007
0.677579 0.758124 8.19933 0.143223 0.983402 9.54833 8.66201 10.5259
8.52974 9.52409 2.89159e-70 7.49088 7.18975e-17 0.000428228 9.19824 1.73897e-14
4.26456 4.75734 1.9214e-93 3.75099 8.89378 13.2851 1.79709e-37 2.67344e-31
1.23398 1.37539 14.8951 8.80913 2.0739 5.17431e-44 8.0037 2.92636e-31
1.66858 1.87545 1.34774 6.25358 4.58724e-15 7.91171 2.73292e-13 16.0509
0.421311 1.73971e-11 3.37992 7.48902 9.88745 6.14579 1.26504 7.02355
1.37336 2.97975e-70 1.5943e-195 2.97548 3.97062 2.46386 14.6505 10.7608
3.07079 3.45562 1.23881e-05 8.59618e-29 1.6468e-90 0.000139796 11.8988 8.77203
9.77373 11.0257 1.04346e-07 5.12911 1.68774e-16 7.47445 4.10885e-243 1.4423
8.75084 9.80935 2.42994e-21 5.72326e-47 1.35943e-33 6.29811 1.00715e-45 4.20484
5.67658 6.3844 7.77409 1.73457 14.0737 0.298717 1.61728 4.51813e-16
1.39827 6.42416e-11 1.93295 5.24278 6.97322 10.3599 8.55211 0.119436
0.0983586 4.59134e-40 0.761893 1.66954 2.20606 1.37477 8.31134 13.6039
0.156325 0.176171 0.214855 0.699853 2.9299e-40 0.166354 0.488752 17.7363
11.3647 12.8397 1.27844e-11 5.96824 5.65719e-11 8.24461e-88 2.56133e-07 3.74185e-82
0.996335 8.70334e-28 8.00594 1.62838e-46 9.60479e-06 3.86121 2.25382 14.2221
0.550421 2.44799e-08 0.00127212 0.0256953 5.70171e-35 15.73 5.82288e-18 1.65883e-13
1.00635 1.11675 12.0426 5.71226e-13 4.65769e-67 13.9448 1.06904e-22 2.41717e-57
0.795593 0.000138668 6.00672 0.9102 7.41098 4.6042 6.60612 8.58042
1.78531 2.24191e-31 14.2472 2.54252e-38 0.00307192 1.38272e-155 8.88834 4.95665
4.06263 4.53221 3.49742e-58 13.401 3.8066e-36 7.04517 1.3255e-24 0.120367
2.92144 3.26226 1.42316e-40 1.52005 1.62397e-43 2.21842 13.2029 9.71088
11.6871 1.55669e-58 3.31018e-11 4.14705e-09 14.2416 7.00334e-12 1.19012e-49 2.18436
4.15485 6.90492e-227 0.24283 0.624803 1.1362e-28 2.01573 11.9548 8.8004
9.9954 5.05166e-86 13.2267 9.11808e-35 1.2052e-33 9.94154e-06 1.4713 11.4321
1.86188 2.08437 0.0560136 6.21124 8.24103 12.3065 4.15167e-75 4.0932e-33
7.69006 2.03145e-118 0.510977 2.01478e-221 9.36453 5.80472 9.20283 8.01527
8.01636 3.30356e-10 1.15238e-69 3.12236e-86 9.64298 14.4351 2.35636e-29 1.22228e-12
0.408534 1.99275e-140 3.1167 6.80328 1.89371e-05 8.60966 7.07594 9.19291
0.323784 4.81661e-87 2.60168 9.20871e-14 3.18963 4.73939 16.128 1.06524e-17
2.86284 3.19455 2.4671e-58 9.46446 12.5087 7.78402 1.59762 1.11462e-17
1.36095 1.52892 1.95378e-51 1.03673 2.76039 4.14274 14.043 10.3518
6.72503 7.53014 9.17879 1.75668e-22 1.41463e-33 0.314329 8.46264 1.03131
1.94042 4.80853e-87 15.1253 2.70711e-27 2.95649e-40 3.83001e-27 7.01381e-29 10.4711
6.60654 7.34047 1.03053e-159 3.54982e-229 4.74545e-07 11.3461 10.2845 2.16231
0.464035 5.31743e-51 0.42095 0.094021 1.20133e-70 0.731077 5.27121e-120 18.2314
11.8811 4.17557e-75 6.37772 3.6411e-36 2.09686e-24 2.91099 8.56494 1.00616e-06
9.21486 2.05398 0.551057 1.74777e-102 7.90743e-16 0.935651 0.841852 14.6083
1.05631 1.18052 12.6793 8.94419e-48 6.96542e-07 0.00409068 8.75229 10.6009
1.25175 1.39351 1.07801e-58 4.04753 5.44157 8.08719 0.135682 16.4842
2.02808 2.28244 2.78501 9.13493 12.1046 1.27427e-15 9.69075 1.92957e-174
4.10336 3.61543e-83 4.85315e-16 1.40956e-07 3.81413 1.20908 14.6766 6.54154
1.45702 1.62936 0.000596346 0.76186 2.79954 4.16418 14.1858 7.44485e-07
6.77754 7.60342 9.28134 2.30207e-10 0.0185516 7.24304e-105 8.54903 6.753
3.24283 3.65794 6.80324e-11 9.10588e-29 5.89825 8.84013 7.26126 9.42246
7.02145 7.88218 9.62079 5.30207e-42 1.55366e-98 3.08442 9.02691 1.86819e-27
6.2391 6.91117 12.3069 2.00143e-07 1.83715 1.22335e-28 1.37869 7.6934
0.316138 2.76656e-28 2.51248 5.52432 7.39053 4.58219 0.94198 16.2299
1.29989 1.45001 0.0390948 4.29128 7.12559e-44 5.4105 4.45559 13.0462
2.46864 2.79232 2.6304e-60 7.91126e-121 4.54397 2.81734 16.7325 0.11387
1.2807 1.4466 5.82257e-45 4.19418 5.57773 8.33381 7.52035 9.16164
3.63167 4.06358 6.0798e-195 11.8009 2.03339e-84 6.22641 6.59002 7.79898
9.97991 11.1433 3.28878 2.90743e-26 1.82053 7.37191 1.41121e-146 0.0669705
0.421026 3.68511e-28 3.42567 1.23201e-79 4.1998 1.92279e-30 13.8725 0.787693
2.28355 7.50336e-22 18.3193 1.01473e-34 8.39995e-154 1.45703e-28 1.63671 9.80072e-41
3.79682 2.25449e-14 3.46818 11.2661 14.978 6.09978e-27 1.17518e-28 3.30306e-32
3.2215 3.61533 4.40826 3.95849e-13 7.90164 4.90481 7.07532 9.19336
14.5049 6.46544e-34 2.99734e-70 0.25165 0.0888647 8.05679e-15 6.64931 10.922
2.48869 2.77988 2.75848e-13 8.13451 2.26558e-05 10.3034 1.02653e-37 5.67808
5.642 6.39792 4.92545e-58 1.75453e-10 10.3975 15.418 7.01839e-08 7.94379e-87
9.6825 10.8761 1.26033e-34 5.0612 3.84727e-26 1.6413e-16 5.82709e-10 4.04084
0.495175 0.551634 5.85038 12.8491 1.47832e-215 8.74368e-144 6.47106 4.55037
13.6595 1.55086e-43 4.56028e-10 8.01799 1.59778e-32 7.5846 1.1301e-49 8.64505
5.82264 6.45802 3.62941e-09 5.10614 9.28927e-08 11.5665 9.50846 3.79842e-45
7.57039 8.48273 6.10206 4.49083 0.669617 6.17767e-88 6.26401 7.37282
6.05828 3.77326e-26 5.51589 4.14793 2.2459 10.9077 8.97089 4.91337
3.25956 3.63435 5.03722e-160 2.86833 3.06826e-10 6.51951 3.94307 14.6206
8.17609 9.11683 8.08861e-30 2.36792e-121 1.45514 14.1912 1.66955 2.00837e-224
13.5344 1.53704e-43 0.00498238 4.71042 2.10218e-23 6.85105 10.836 4.25302e-16
1.71067 1.91381 3.39468 8.75854e-05 5.18563 4.68119e-13 17.2115 4.8361
0.131971 1.15571e-28 1.04925 2.30127 9.84726 1.22776e-07 0.142286 15.5042
0.714268 0.799893 8.49047 2.98311 1.08119 10.4524 8.61891 4.84783e-11
0.887746 1.06638e-30 7.00969 2.46146 9.03425 13.4466 0.00184508 1.10457e-06
10.3672 11.6166 5.19361e-10 5.80536e-229 3.60787e-11 4.68338e-23 10.6351 1.87723e-14
1.08148 1.1977 13.3043 7.86192 2.72187e-45 1.84991e-40 7.10303 4.47656
6.08775 6.81432 12.0902 7.0729e-19 1.53248e-32 7.24039 1.49054 1.6793e-14
2.8341 2.07307e-06 1.55185 0.484537 17.0283 5.15064e-56 1.13599e-121 1.29972e-11
9.87916 7.4913e-27 1.66701e-36 5.05418e-45 12.0179 5.31398e-09 7.11034 8.40722
0.782765 0.868003 9.06207 5.01488e-35 2.28766e-10 10.5332 6.38334 10.2377
2.85263 3.194 1.39521e-40 9.72889e-16 5.21196 1.8838e-26 17.3468 0.137086
0.35087 1.93491e-31 2.83248 6.26982 9.60615e-05 3.29896 4.73401 13.8594
1.3516 1.51285 16.0566 0.39789 2.48877e-90 7.75113 2.30994e-57 1.78988e-14
0.853221 0.959049 9.66016 1.4633 11.8766 3.33309 7.65086e-18 3.19613e-14
12.4868 0.273502 3.28664e-32 1.61967e-07 7.69529e-26 14.3709 2.45415e-06 2.2612
9.44872 0.207078 1.66382e-42 0.163885 1.12554 4.54266 0.935802 16.313
3.44817 3.86264 1.08703e-36 7.68402e-31 0.616092 2.49722 14.7878 10.8993
5.36499 0.000103899 0.356581 3.15092 7.58995 11.2818 1.87952e-71 10.2843
7.2379 8.07151 1.05672e-48 6.36229 4.82315e-67 6.9787e-15 7.78936 9.87803
10.568 4.50812e-37 7.14885e-29 3.68089 13.6437 0.00465895 8.07524 1.58898e-47
2.99189 3.33022 1.4599e-40 3.9371e-39 5.32498e-06 5.14545 17.4733 0.0488839
0.478682 0.534408 5.73977 12.7222 0.502889 6.70137 1.37618 10.6834
1.99694 2.24211 0.00693606 6.53079 8.69803 0.259547 6.96047 9.11526
0.173386 0.19327 2.08622 4.62826 6.19061 9.25577 8.37102 10.1514
10.054 11.2371 5.10104e-39 8.83804 2.07579e-05 8.36658 3.08549e-112 1.93101e-14
0.98843 6.15406e-88 6.50778e-51 2.14926 2.88624 4.29298 14.5382 1.84926
0.0452515 0.0506626 0.541389 1.18419 1.57301 2.33815 7.93865 12.997
2.0833 2.34019 2.84866 9.39074 7.27713e-25 11.8498 1.39059 8.75617e-26
0.288085 0.321852 3.44136 2.46225e-39 4.2238 0.12033 14.113 10.3952
12.1643 1.0473e-07 0.603963 2.46734e-47 1.71063e-56 5.83308 6.15686 10.1896
0.601297 0.671483 7.20231 15.9198 0.127391 9.69275e-15 1.78716e-37 4.58544
3.99656 4.4689 2.11414e-12 5.67154e-14 4.81083e-20 1.28768e-79 15.3848 1.4945e-18
9.10438 10.1565 7.92257e-58 1.12365e-06 1.6236 1.46169e-16 6.29154 10.3549
0.487155 0.547304 0.667116 1.41662e-179 4.39457e-15 9.45218e-157 3.82919e-24 18.377
0.889814 3.80313e-38 0.000242742 1.93505 2.57299 1.59731 9.55697 15.7435
1.28853 2.49588e-175 10.3171 3.60999 13.3513 1.08811e-54 7.52899e-79 1.3761e-21
13.2221 1.62433e-53 0.00486308 4.60612 1.66698 6.75582 10.6662 1.78902e-78
0.358586 0.399689 4.35414 2.22499e-17 5.31105 3.29705 5.21607 14.256
2.39194 2.66418 6.31543e-43 2.10086 5.03579 1.40833e-79 16.8 2.1403
2.10225 2.51753e-30 5.39443e-164 4.56795 6.07872 9.05902 7.46094 9.66347
1.30863 1.45776 15.7494 2.80952e-10 2.61055e-12 6.33771e-94 1.40824 7.84361
4.4697 5.0044 2.10726e-28 2.25577e-21 8.13405 6.97491e-162 0.933969 16.2886
1.49246 3.17143e-42 11.7727 7.8196e-73 1.05736e-14 5.66671 8.98595 0.735168
4.34405 4.85511 8.99671 0.0016731 13.5336 6.87843e-32 1.55408 1.08182e-17
5.2464 5.89094 7.19212 8.54011e-11 12.8699 0.200536 1.18794e-60 6.94489
5.1648 2.10501e-18 4.7079 15.3679 3.13122e-42 5.90908 1.58503 7.4831
5.72662 8.15718e-44 0.284316 1.9925 7.29263 10.9081 8.9774 2.01945
0.413697 0.46285 4.96688 2.94137 4.23651e-34 6.68243 4.04393 15.0324
3.18872 3.61541e-44 4.21042 11.5021 1.27302e-32 2.65037e-28 5.79669 9.54237
0.648179 1.25557e-05 5.2723 3.11879 7.44768 11.0853 1.05239e-67 7.2328
1.92061 0.0420553 2.54084 4.12762e-08 3.8823 5.76397 5.22814 14.3069
6.00245 6.70062 11.8842 9.18745e-07 7.16685e-07 7.13393 7.55747 2.156
13.071 0.286043 4.42776e-18 7.6513 1.10139e-33 1.47642e-72 10.3539 3.82047e-15
2.16611 2.42055 5.72156e-43 7.03612 9.42741 7.24561e-48 7.57909 9.59317
6.85107 7.66106 3.35651e-40 6.03283 4.4883e-21 5.72043 8.20024 10.6756
3.79732 4.23092 1.00324e-42 0.0985141 6.86558 10.233 9.28259 1.95008
0.91503 1.01745 10.8388 9.00746e-26 1.30076e-05 12.5792 0.00185187 11.4061
0.631462 0.709386 7.17815 5.51533e-27 0.86238 7.22145e-156 4.5158 13.1525
2.21296 2.46372 3.23611e-66 7.2569 9.72948 4.65602e-07 7.81612 3.87828
0.402184 0.449109 0.833709 2.26578 0.295851 2.88029 9.75861 15.9341
7.36737 4.64364e-111 4.83845e-50 2.56638 9.47262 14.1018 3.85187e-49 1.69464e-18
2.14355 2.43542e-44 17.5907 0.3072 1.00237e-62 1.97214e-23 1.70745e-152 4.64846
1.10033 1.21913 2.17818 6.00604 8.04799 11.984 7.74991e-19 7.81396
14.0972 2.48841e-49 7.56168 4.06994e-29 3.11107 5.69806 5.73733e-65 0.267475
7.61631 8.51427 2.39718e-36 1.08068e-13 13.9087 1.0636e-102 1.59695 4.35715e-05
2.06774 2.30668 4.28265 1.85299e-13 6.40816 2.69181e-87 3.80176 13.9074
7.12043 7.94099 14.1069 0.306601 9.57084e-10 1.39784e-28 8.32135e-46 1.58845e-26
1.93521 2.17878 2.46195e-40 6.39847 8.47217 12.6738 1.48536 0.081791
0.727927 0.812388 8.77771 0.153306 10.7998 4.11975e-44 6.36491 10.5415
14.8914 8.69256e-17 6.70761e-52 2.23854 1.79748 1.52403e-155 8.01576e-88 1.17097
1.13486 1.27552 1.55635 5.04903 6.72501 10.0728 8.22078 5.99139e-22
11.4428 12.7045 1.12784e-23 1.2121e-38 1.52045e-43 8.18454 3.90873e-49 1.89261e-14
3.76393 4.21147 1.84796e-40 1.96541 7.23222 10.8176 2.56745e-17 7.88919
1.09957 1.23512 12.4097 1.87837 1.50741 4.45488 8.37024 4.3359e-58
1.95616 2.20477 2.69422 8.77894 11.7178 7.26797 3.37774e-18 1.34633
7.40681 8.28247 1.54759e-105 8.62172e-53 8.91064e-20 12.7784 9.15254e-35 8.31989
1.47927 0.0324185 11.7239 2.10522e-27 1.40772 13.68 8.29877 2.10905e-63
1.52914 1.71169 1.58868e-21 4.99238 6.64161 9.92021 8.16784 6.42386
3.9108 4.36851 7.76384 1.67145 0.00109713 11.3831 9.34526 3.28181e-10
6.7881 7.62618 1.41378e-105 4.01551e-229 12.3477 1.26235e-28 10.9523 1.75636e-18
0.805624 3.70847e-100 6.51801 14.4056 1.46529e-36 1.09137e-48 2.04555e-06 2.41413e-31
0.316756 0.353646 3.87279 8.49616 11.2061 6.9771 1.43453 1.35492
1.36656 1.53085 16.5128 5.89974e-09 1.48291e-43 7.98358 5.44656e-12 3.55495e-19
0.521927 0.58235 6.29944 13.9724 3.93961e-36 3.11358e-57 9.498 1.3901e-21
0.432039 2.56784e-15 3.19912 4.55994e-73 16.9785 4.09511e-43 1.4169e-81 1.1093
0.569976 0.637362 6.70698 1.1613 2.54029e-233 6.66435e-73 17.5925 1.09267e-18
1.46613 1.6456 1.18217 5.49336 7.28441 10.8938 5.57508e-23 4.16976
5.35018 5.97011 10.5919 2.28173 1.83402e-10 1.06e-28 3.13341e-81 9.00355
0.294021 0.326958 3.47242 7.62837 0.609446 4.37119e-11 0.746204 12.845
1.0882 5.28219e-140 8.32476 6.38704e-27 1.63265 9.8184 8.07056 7.51074
0.208512 1.57661e-40 3.12173e-44 0.46215 9.37127e-44 0.58416 0.479414 17.0981
2.03326 2.28489 4.05129 1.76585 6.54129 9.36337e-65 5.25949 15.3833
13.9559 1.05692e-26 2.45607e-42 5.44296e-229 1.90171e-10 6.69164 9.6189 2.16342
6.24124 1.33621e-41 8.25468 6.07831 14.6191 1.49189e-28 1.09289e-22 2.87116e-31
6.70692 7.52904 5.26028e-21 3.50984 12.9778 2.16844e-21 4.35392e-90 4.40093
1.63959 1.85839e-44 13.127 4.60975 4.39696e-31 1.49273e-16 8.69041 8.11602
1.42029 3.5734e-87 11.3941 4.00255 1.22485e-14 5.81484 8.37804 4.65739
0.259682 0.290889 3.15582 8.04592e-10 7.75362e-47 3.66879 12.4633 9.16699
5.67697 0.124237 1.37213e-47 3.3271 7.88789 11.8444 10.7158 0.000439052
5.29442 5.92066 9.13891e-12 1.03164e-07 9.5222 14.3095 1.09444e-22 2.81787e-115
1.80447 2.0201 3.58739 9.74618 13.0978 1.804e-16 2.32962e-09 5.03525e-139
4.61122 5.13778 2.88611e-09 0.119738 0.821279 8.00052 0.939712 16.4334
4.12345 4.60453 2.01903e-40 1.24605e-46 7.47827 11.1533 9.1496 1.15489e-198
1.14484 1.28459 13.4672 7.96436 1.87549 7.56499 1.55844 4.40091e-25
7.33222 8.15749 1.93535e-42 6.83067e-27 5.93781e-10 5.25921 7.55261 9.79972
0.575644 0.641885 6.9612 15.2767 1.99972 2.45696e-06 1.81796e-22 2.57169e-127
3.85425 4.30343 1.95665e-18 0.0474508 6.9272 6.89328e-206 4.12681 15.3477
9.03438 2.63527e-170 8.23443 1.99195e-101 5.52387e-12 2.64011 7.73477 10.0872
8.29677 9.33474 9.24456e-13 6.33836 0.119569 3.02453 1.02219e-60 9.84201
14.787 2.17519 3.59943e-47 1.93816e-07 1.33708e-43 9.53353e-05 9.27718 2.6329e-20
1.83744 2.05399 3.64909 6.74955e-51 1.43601e-31 5.25773 17.8173 3.5435e-10
4.0733 6.62668e-08 3.71241 0.826323 6.71866 10.0328 8.26508 6.50238
0.728081 0.813983 8.85941 8.44169e-14 10.9034 6.74742 3.21896e-49 10.7362
1.01015 0.0221361 8.02488 4.74098 0.00104147 7.37158e-29 0.831328 14.471
2.21145 2.6552e-30 17.3627 3.80266e-24 2.08537 7.88575e-67 8.88609e-07 1.30133e-198
2.85599 3.21666 2.30986 10.5966 14.0582 9.58882e-51 4.84418e-24 4.04661e-29
3.28553 3.75723e-50 2.92432e-27 7.2445 7.18637e-95 3.36778e-10 3.64096 13.4717
5.85865 1.03512e-49 4.32003e-13 0.880054 7.12881 4.43285 6.35253 8.26288
0.944118 3.44016e-29 7.52068 4.44033 1.04672 10.2079 6.16897 7.30348
3.54838 6.86436e-05 1.25109e-12 1.81639e-45 4.30866 2.1914e-74 14.4158 7.59892
4.56354 5.1138 1.20627e-42 15.0135 1.96707 7.9242 2.37408e-06 1.13396e-20
10.0696 11.2612 5.89456e-30 2.82521e-17 4.74858e-31 1.18978e-28 6.89415 4.34806
4.59054 5.15055 2.43755e-12 4.04447 9.95036e-65 9.2026 8.32441 10.1478
0.81393 0.906587 3.59807e-139 2.69189 3.57503 2.22256 13.0967 9.65053
0.520171 0.585264 6.24682 13.7863 1.51992e-14 8.8071e-31 9.41693 7.46162e-11
3.80924 0.0833212 5.0462 13.8736 4.2551e-112 8.44921e-15 6.97155 8.25549
6.15445 6.87766 1.62617e-42 0.160095 7.01081e-28 10.6248 9.6347 2.83904e-10
4.81854 5.42079 3.89162 1.2369 0.993301 4.01334 0.823898 14.2737
0.182039 0.204444 2.19562 4.85561 6.51164 6.27394e-90 5.75747 15.7219
10.4116 11.5917 4.5006e-24 9.14334 0.002005 7.89748e-110 1.0812e-08 2.35476e-57
4.73892 5.25023 9.33838 6.86806 8.93982e-115 6.50151 3.09989e-49 10.3248
3.0394 3.38988 1.47993e-40 10.0523 13.2753 4.3199e-45 1.12704e-12 5.07632e-44
0.325469 0.360884 3.89566 2.30031 5.52735 3.41563 4.91962 14.3568
6.26862 7.03674 12.5224 5.71207e-229 7.54222e-07 1.23241e-28 4.62722e-12 7.70419
5.16336 6.05767e-28 0.000635214 6.69852e-08 6.31648 6.43905e-29 5.58266 15.2488
0.514664 1.91255e-08 3.62921e-20 1.13522 4.66573e-42 1.4301 1.17653 16.9241
5.90868 6.59805 1.44785e-39 8.15491e-68 0.641596 1.59455e-20 0.785962 13.7693
2.23262 2.49506 4.80063e-70 3.13948e-107 4.01905 5.992 4.93882 14.4187
4.38748 4.86579 6.2942e-32 3.83984 9.23525 7.124e-21 7.41141 9.66749
0.206362 1.2432e-19 0.110674 4.35229e-30 2.59032e-28 0.269893 0.912639 17.8708
0.987043 3.5928e-24 1.30776 3.56773 4.78766 7.12938 4.41294e-37 14.5913
2.24283 8.15222e-24 2.96997 8.10846 10.8629 4.13737e-44 8.73646 4.33542
11.8138 1.42344e-202 10.7734 9.30468e-17 4.68838e-63 3.4573 1.90095e-08 1.04951
0.566603 1.20865e-42 4.51196 2.66646 6.40032 6.54067e-29 5.14983 15.0526
0.350645 3.98049e-45 2.7807 1.64458 0.386549 3.76666 12.8648 9.4853
0.705396 0.789201 8.36905 4.95524 11.8013 1.45218 7.04548 8.32632
0.102826 0.114933 1.23465 2.70553 3.63222 5.37562 4.87811 13.3282
2.20022 2.45912 3.15733e-26 14.9154 1.3666e-43 1.20674e-28 9.49056 2.13374
0.521027 3.88653e-23 0.47392 1.55164 2.05887 15.1986 5.9819e-23 6.40929
8.2664 9.28206 2.19205e-42 7.29799 7.80025e-10 0.0046199 9.87183 2.65807e-31
2.77892 3.76863e-40 3.66778 10.1168 1.3238 12.8908 7.7799 1.8726e-14
3.84039 4.32426 8.70877e-104 7.14721e-23 7.03563 10.4693 1.22965 6.83477
0.735741 8.84377e-31 5.41361 11.9218 2.54121 1.90126e-83 9.97462e-103 9.13601
6.50545 7.40607e-44 2.15886e-54 2.26363 8.40568 12.5003 7.58593 5.23569e-139
3.48509 0.512617 4.66624 1.00463 1.67126e-112 6.85596 4.13288 15.3502
5.11054 5.78353 1.52199e-57 7.29283e-107 7.87402e-33 8.87202 7.302 9.49956
0.236919 0.263283 2.85458 3.73112e-08 3.50282 5.21245 17.7237 9.78635e-70
5.20548 5.81016 0.00292343 1.34144 9.64901 5.18611e-34 5.69815 9.39777
13.7625 0.000266363 1.19702e-34 8.07509 0.116259 1.69933e-16 7.01233e-79 10.9512
4.54294 5.05311 3.95157e-58 3.99147 7.51697e-08 3.77313 3.99087 14.8129
2.95265 3.3583e-44 0.0242783 1.51181e-45 3.59665 2.22729 13.2932 9.79265
5.27039 0.115313 4.56398e-62 1.931e-33 6.359 9.47574 7.80085 7.29113
3.86803 4.35457 7.21352e-38 12.7924 2.32778e-09 0.323094 1.10902e-87 4.06218
5.91124 6.54657 11.6723 8.57936 5.33225e-31 1.33768e-28 1.73354e-37 8.35328
2.41091 2.59953e-19 3.19177 0.0693582 4.8749 1.85881e-44 16.201 6.31028e-183
3.14457 3.51965 6.24441 4.54511e-91 4.24107e-10 8.99336 7.39558 9.36782
1.268 1.43869 15.5283 1.50661e-08 1.58773e-32 9.86544e-37 1.53473e-50 1.30531
2.2264 2.49419 4.41955 11.9716 1.57253 3.79882e-45 8.23988 10.7253
8.21125 3.4905e-37 4.75507e-58 8.68771e-31 9.98933 14.8258 9.58838e-28 4.17067e-30
1.11553 1.25009 13.4111 4.70068 1.03636 6.87136 7.27436 3.842e-73
5.57056 6.2837 0.168456 7.38484e-39 10.1741 1.59259e-07 6.65332e-07 6.46995
7.86584 8.77602 0.0968407 6.91141 1.38187e-32 2.31861e-92 9.32467 1.1337e-54
7.17421 8.00251 14.2306 5.77431e-18 1.80662e-32 1.04788e-102 1.44954e-21 3.41197e-37
8.40205 9.38539 4.26844e-18 2.23964e-27 3.15778e-10 14.492 1.70272 1.92374e-14
6.08986 6.77308 3.09048e-18 1.48743e-08 11.1101 7.97141e-15 8.93676 2.00879
7.80554 8.73654 3.97081e-18 6.87406 3.19452e-06 6.48169 9.33539 4.64138
0.343526 0.386035 0.0302097 0.0777171 0.0623071 0.608038 0.496215 17.1854
14.3495 9.00894e-111 0.712115 8.42604 1.02418e-134 7.98534 3.81173e-49 2.19461
1.27104 1.42768 14.0554 2.13416 3.54998e-13 6.87416 0.977551 6.61043
1.96999 1.48979e-36 15.3934 3.1348e-46 2.80089e-114 3.04495e-28 1.37635 1.84091
3.31621 3.7039 1.68566e-18 2.54347e-45 6.0647 9.02091 7.41991 6.9191
0.885315 7.89102e-15 6.99703 0.122236 3.17534e-154 9.89299e-09 18.185 2.54538e-57
1.34422 1.50304 16.4608 1.27937e-175 1.68914e-32 7.94156 6.28449e-38 2.17875
12.2468 3.0751e-153 1.08363e-10 4.26189 2.52084 1.1442e-155 8.16846 7.62732
13.2775 0.00644617 9.84875e-13 6.73553 3.63872 4.43191e-35 1.73511e-140 10.5203
4.78485 5.34821 0.144146 2.49716 9.18414 3.4569e-140 7.3966 9.6071
0.217657 0.242291 2.62562 5.80796 7.73959 0.0032136 1.0252e-37 15.4342
1.33825 1.48209 2.64111 7.3044 9.77774 7.53245e-21 5.78229 9.52574
15.0036 3.19745e-41 9.82556e-50 3.51727e-52 1.34202e-43 1.17999e-28 0.000265952 3.93049
2.01624 1.27882e-111 3.55532e-43 3.01852e-138 2.45068 3.64683 12.3634 9.11297
0.932856 1.04492 11.345 6.70105 1.18363e-43 1.04487e-28 6.0896 10.0114
2.04861 5.55593e-39 2.70619 1.99247 4.77589 4.88263e-29 15.9206 7.87415e-41
5.13221 3.79699e-12 1.67665e-40 1.78791 2.20779e-62 4.2669e-29 13.9567 10.2831
3.48568 3.91588 3.55943e-117 3.97704e-27 6.32281 3.934 0.078475 13.938
4.81131 5.33455 0.35672 2.49051e-229 8.75612 13.0094 3.14535e-37 4.52921
6.51441 7.28198 1.72573e-42 0.169243 11.8936 9.88764e-73 0.141043 10.5583
0.558483 4.00411e-14 4.41811 9.65004 0.7703 12.2416 1.90821e-21 1.00018e-17
6.95078 1.48114e-41 2.26434e-40 4.07825 9.80563 14.5777 1.71072 0.27399
2.44958 9.89551e-30 3.24317 1.4406e-09 4.87892 2.48821e-41 16.3401 1.58895e-18
12.1769 2.59639e-41 2.15286e-42 2.7992e-12 14.8266 4.83191e-30 1.3268e-18 2.49321e-57
8.19257 9.19963 1.69585e-31 1.5331e-69 0.891238 5.91335 9.33794 3.6741e-16
2.26862 2.5758e-44 18.2051 7.00856e-229 8.82404e-07 1.08536e-102 8.37368 4.86541e-05
6.03681 6.72459 3.06535e-18 5.31262 12.5818 7.81519 1.61001 2.7786e-31
5.30418 5.9473 0.466191 4.83569e-13 9.65701 6.00249 4.30564e-143 9.55013
0.744924 0.825866 8.94429 5.28919 9.33129e-44 12.0212 2.18888e-09 4.17493
0.790125 0.880447 9.45117 3.76603e-20 11.5211 7.139 7.58058 8.95403
1.07985 1.20589 12.8267 1.3899e-07 1.31868e-32 6.17313 8.8698 3.56503e-30
6.9244 1.02244e-25 9.15632 6.30068e-35 13.9506 1.00308e-14 9.36294e-33 0.000417528
6.93645 7.68185 13.6829 0.297378 7.80525e-154 6.90554e-94 7.85438 2.45395e-57
2.25464 5.19728e-75 17.7856 5.20278e-229 1.6137e-05 1.41055e-28 5.2956e-12 1.94133e-36
1.87158 1.15894e-111 14.8083 0.25848 1.94029e-12 4.39829e-44 6.81468 8.07015
2.17035 4.64932e-42 17.1973 0.300535 2.36107e-10 1.05336e-15 7.94121 2.85795e-20
4.57826 5.11906 6.26339 1.39343 1.11779 10.8926 8.93122 2.30995e-124
13.7669 1.6182e-27 3.31527e-47 7.55723e-35 0.100141 7.62901e-15 6.29429 7.4498
1.84386 2.05529 3.6543 2.68491 6.45238 9.60546 7.90188 7.3644
3.51685 3.92605 1.78184e-39 11.5794 4.23956e-13 14.5566 2.39622e-15 4.0891e-30
2.17341 2.43256 3.42201e-81 7.40133e-16 8.39274e-37 3.74234 12.7869 9.42106
3.12844 3.50911 4.63228e-66 10.1637 1.85928e-92 12.8536 9.84454e-23 2.79943e-10
