0 0.00911226 195 193 203
1 0.0256736 138 166 153
2 0.0423815 140 197 159
4 0.0755908 73 78 164
6 0.108799 69 52 105
9 0.158557 68 49 79
13 0.225256 47 44 41
19 0.325115 44 46 46
27 0.459158 39 42 43
38 0.644785 30 24 33
52 0.893814 23 25 23
71 1.24075 26 21 22
97 1.72502 19 17 21
135 2.39462 14 17 22
187 3.31779 21 16 49
254 4.58291 39 26 29
335 6.33766 48 34 33
427 8.75277 46 69 25
542 12.1112 62 95 38
683 16.734 71 92 51
877 23.133 49 91 41
1216 31.942 69 63 57
1930 44.0968 68 76 49
3074 60.87 61 51 61
4967 83.9951 65 51 71
7534 115.901 69 47 51
10476 159.92 58 106 66
14508 220.652 78 65 127
21004 304.445 30 53 33
29986 420 60 51 83
