0 0.663155 82 82 101
1 1.43863 62 57 53
2 2.15888 55 44 38
3 3.04108 32 16 18
4 3.96254 26 18 13
5 5.16171 15 9 11
6 6.73858 11 6 7
7 8.68805 9 7 7
8 11.2404 9 5 12
9 14.2762 13 6 7
10 17.2711 8 5 6
12 23.3455 9 6 8
14 29.8049 5 8 5
16 36.0507 8 7 5
19 44.6855 6 6 6
22 54.3142 5 4 5
25 64.0255 4 7 5
29 76.8369 10 7 5
33 89.1508 5 5 5
38 105.373 4 6 4
43 121.566 5 8 6
49 140.862 4 6 4
56 163.068 5 6 4
64 188.475 5 6 7
73 216.726 6 4 4
84 250.74 5 5 6
96 287.771 7 6 5
109 328.852 5 6 5
123 373.787 7 4 6
138 420.394 6 6 5
