0 0.0805865 3 2 2
1 0.19273 3 5 4
2 0.300054 6 3 3
3 0.40838 4 3 4
5 0.628571 6 3 3
7 0.853263 4 4 3
10 1.18795 4 4 2
14 1.60914 3 3 3
19 2.12349 5 4 5
25 2.76181 3 4 4
33 3.60066 6 4 5
43 4.65344 3 6 4
56 6.0091 3 4 4
73 7.77996 4 4 3
95 10.0675 3 5 4
122 12.9279 5 3 4
157 16.6275 5 3 4
202 21.3406 5 3 5
261 27.3865 5 4 7
337 35.1532 4 5 6
434 45.1221 4 4 4
555 57.8655 4 3 4
711 74.1614 4 3 5
910 95.0438 3 4 3
1199 121.823 5 5 4
1568 156.129 3 13 9
2016 200.025 9 9 4
2571 256.199 3 4 4
3304 328.146 8 5 6
4230 420.058 10 5 4
