0 0.0178524 9 11 9
1 0.0445475 9 9 9
2 0.0707706 8 8 9
4 0.124892 8 7 10
6 0.17808 8 10 12
9 0.259641 10 13 10
13 0.368098 14 10 10
18 0.505561 11 9 9
25 0.693435 11 9 10
35 0.963063 11 7 15
49 1.32756 7 6 7
65 1.81167 6 10 7
80 2.46029 8 8 8
94 3.33927 5 11 8
111 4.56363 9 9 7
134 6.23431 9 5 6
164 8.44035 10 10 5
205 11.4491 6 6 9
268 15.4652 9 9 10
341 20.8804 10 13 7
439 28.2411 13 10 8
574 38.1795 12 14 22
753 51.5806 17 14 25
986 69.6689 17 14 18
1305 94.0444 13 16 11
1744 126.935 16 10 10
2360 171.28 11 19 24
3269 231.031 22 24 27
5059 311.557 18 12 13
7408 420.027 11 22 27
