0 0.363216 2 3 3
1 1.01013 3 3 2
2 1.58624 4 3 2
3 2.19174 3 3 2
4 2.79392 4 3 6
6 4.04545 4 5 3
8 5.26574 4 2 5
10 6.49274 5 2 4
13 8.30201 6 3 4
17 10.2761 4 3 3
21 12.4451 3 3 3
26 15.2626 2 4 5
32 18.3813 4 3 3
40 22.5335 3 3 2
49 27.1792 3 4 2
60 33.0702 4 3 4
74 40.1258 9 5 4
90 48.3748 3 3 3
110 58.1582 5 5 3
133 69.7998 5 4 4
160 83.687 3 7 3
193 100.326 3 4 5
231 120.329 4 2 3
275 144.315 3 3 4
327 172.999 4 3 6
389 207.186 4 4 3
461 247.558 4 6 2
591 295.621 6 5 2
748 352.798 4 5 4
865 420.578 4 3 4
