0 0.87687 2 3 3
1 2.05671 3 3 3
2 3.23533 4 3 4
3 4.41106 3 3 4
4 5.62696 4 3 4
5 6.87354 5 4 5
7 9.32435 3 3 4
9 11.9572 4 3 4
11 14.6748 5 3 4
13 17.3367 4 3 5
16 21.4087 3 4 5
19 25.5294 5 4 5
23 31.1948 4 4 4
27 36.995 5 3 5
32 44.3533 4 3 3
37 51.9399 5 5 3
43 60.8557 3 4 4
50 71.0881 4 3 5
58 82.8453 4 4 3
68 97.41 4 7 4
79 113.265 5 4 4
92 132.106 4 4 4
108 154.002 3 4 5
126 179.284 5 5 3
146 208.3 5 3 4
169 240.991 3 4 4
195 277.618 3 6 4
239 319.008 3 4 5
290 366.473 4 3 4
347 420.423 4 4 4
