0 1.06577 2 2 2
1 2.68999 2 3 4
2 4.11914 2 3 2
3 5.55954 2 2 3
4 6.9827 3 2 2
5 8.37798 2 3 2
7 11.2487 2 4 3
9 14.1284 2 3 4
11 17.0084 3 2 3
13 19.8696 4 3 3
16 24.1937 2 4 2
19 28.4734 3 2 3
23 33.9996 2 4 3
27 39.6566 3 3 3
32 46.6393 3 2 4
38 54.9532 2 4 4
45 64.476 3 4 3
53 75.3715 2 3 5
62 87.464 2 3 3
79 101.409 1 2 2
99 117.442 2 3 3
122 135.877 2 2 3
148 156.608 3 4 2
178 180.75 3 3 2
212 208.114 3 2 2
251 239.768 3 3 1
296 276.484 2 3 2
348 318.315 2 2 2
407 366.345 2 2 3
474 420.52 3 2 3
