0 0.0398645 4 4 4
1 0.1032 2 4 4
2 0.166884 3 3 3
3 0.231705 3 3 2
5 0.364366 4 2 3
7 0.498993 4 3 2
10 0.706261 2 3 3
14 0.976649 3 3 2
19 1.32176 3 4 3
26 1.79785 2 3 2
35 2.40976 3 3 2
47 3.21473 2 2 3
63 4.27566 4 2 5
84 5.65846 3 3 3
111 7.46857 2 3 3
146 9.79493 3 3 3
192 12.8596 3 2 3
251 16.8231 2 3 2
328 22.0319 3 3 3
429 28.8549 3 2 2
561 37.7619 2 3 2
733 49.3687 2 3 2
958 64.5556 2 2 2
1253 84.3896 3 2 4
1637 110.303 2 2 2
2144 144.141 2 3 2
2814 188.372 2 2 2
3696 246.155 2 2 4
4865 321.641 2 3 2
6514 420.035 2 2 2
