0 0.402218 3 3 3
1 1.00336 4 4 4
2 1.51574 6 4 4
3 2.08289 5 6 4
4 2.65994 4 4 5
5 3.28521 5 5 5
7 4.52957 5 5 4
9 5.79465 5 4 4
12 7.63162 4 7 6
15 9.59939 7 5 4
19 12.1868 7 6 5
24 15.2675 5 5 5
30 18.834 6 4 5
37 23.1894 5 5 4
45 27.8648 4 5 7
54 33.735 6 6 5
65 40.5819 7 5 6
78 49.0438 4 5 7
94 59.1477 5 6 6
113 71.0943 8 10 6
135 85.5896 5 5 4
164 102.709 6 7 5
199 123.008 5 7 5
237 147.111 5 4 7
286 175.628 8 4 6
344 209.468 4 5 8
419 249.672 5 4 5
508 297.377 7 5 5
613 353.77 10 7 6
735 420.107 6 6 9
