0 0.0141169 7 9 8
1 0.0341602 5 6 6
2 0.0544452 6 6 7
4 0.0949641 9 8 9
6 0.135952 9 7 9
9 0.194795 10 9 11
13 0.275311 11 8 13
19 0.39576 12 11 12
27 0.554573 14 12 15
38 0.773265 13 12 9
53 1.06975 14 18 10
74 1.46985 13 12 11
103 2.024 11 12 10
142 2.78547 8 10 9
194 3.81412 10 11 11
269 5.21883 12 12 14
376 7.14968 18 13 14
506 9.78894 20 21 17
660 13.3915 18 20 20
914 18.3235 28 27 28
1266 25.0649 23 31 30
1809 34.297 25 27 25
2567 46.9149 16 22 17
3493 64.1677 39 75 23
4718 87.7755 25 25 39
6477 120.057 27 30 30
8762 164.2 24 29 23
12163 224.579 18 26 18
16559 307.147 21 22 30
24157 420.007 33 30 40
