0 0.0964034 99 105 90
1 0.210569 87 64 54
2 0.330287 73 61 45
3 0.450541 42 30 37
5 0.70726 10 11 15
7 0.974252 16 8 15
9 1.30714 10 9 7
11 1.7446 7 6 6
13 2.38705 7 6 7
15 3.21611 6 6 7
17 4.18968 8 5 7
20 5.70561 8 4 8
24 7.77961 9 5 5
28 9.90447 6 8 4
33 12.603 8 6 7
40 16.4125 5 6 5
48 20.7663 5 5 6
58 26.1942 5 4 8
71 33.0217 4 5 8
88 41.9455 5 5 5
110 53.3434 6 6 4
137 67.3666 10 5 8
169 84.7559 9 5 10
210 106.79 4 8 5
260 134.469 5 6 5
322 169.239 5 5 6
401 212.591 5 4 5
498 267.196 5 6 4
618 335.562 5 8 7
766 420.549 7 8 7
