0 0.0125085 25 26 20
1 0.0357901 19 18 13
2 0.0604907 25 8 14
3 0.0883454 15 9 8
4 0.128163 9 7 8
5 0.18334 10 4 4
7 0.30438 6 3 5
9 0.428798 5 3 5
12 0.620862 5 4 6
16 0.877195 5 3 4
21 1.20866 4 3 3
28 1.6827 3 3 4
37 2.29201 3 6 3
50 3.17852 3 4 4
67 4.34582 4 3 4
90 5.95479 3 4 2
121 8.14108 2 3 3
163 11.0949 2 3 5
220 15.0731 3 3 5
296 20.4517 3 3 3
399 27.7269 3 4 2
538 37.5424 3 2 3
728 50.8126 2 4 3
987 68.7795 3 3 5
1332 93.0148 6 3 2
1800 125.765 3 3 3
2433 170.071 3 4 3
3299 229.933 3 3 2
4460 310.861 5 3 3
6610 420.018 3 3 3
