0 0.354914 9 9 9
1 0.780169 9 7 7
2 1.22813 9 10 13
3 1.68783 16 13 17
4 2.13477 14 12 12
6 3.04655 16 13 14
8 3.97491 13 16 16
10 4.89075 16 15 15
13 6.28894 15 19 15
17 8.1582 17 20 19
21 10.0068 15 13 19
26 12.5067 18 18 14
32 15.5087 21 16 21
39 18.973 21 17 16
48 23.1981 17 21 16
59 28.4602 16 16 16
72 34.9711 16 15 19
88 42.6223 16 16 16
107 51.7635 17 13 16
130 62.6522 15 18 16
159 75.9068 14 15 15
195 92.0111 13 19 13
236 111.598 16 16 16
288 135.199 17 14 18
352 163.52 13 21 15
429 197.776 14 18 17
519 239.013 24 39 15
627 288.792 20 18 15
755 348.523 16 11 15
911 420.335 14 22 17
