0 0.323233 3 3 3
1 0.995826 3 2 2
2 1.57341 2 2 2
3 2.14092 3 2 3
4 2.72674 3 3 5
5 3.35808 2 2 3
7 4.59534 3 3 2
9 5.82031 2 2 3
12 7.65866 5 4 2
15 9.48287 3 3 3
19 11.9863 3 2 2
24 14.9475 4 3 2
30 18.5242 3 4 3
37 22.8319 2 2 4
45 27.4524 2 3 2
54 32.9524 2 3 2
65 39.5837 3 3 3
78 47.7168 3 3 3
94 57.3755 5 4 4
113 69.2565 2 2 3
135 83.1448 2 5 2
161 99.658 3 3 2
192 119.895 3 3 2
230 144.019 2 3 3
275 172.429 3 3 2
328 206.433 2 2 2
391 246.966 4 3 3
465 295.158 2 2 2
558 352.805 2 3 2
700 420.165 3 2 3
