0 0.0492258 5 4 5
1 0.140149 4 5 3
2 0.236727 3 4 6
3 0.326447 3 5 4
5 0.500257 3 3 4
7 0.676398 5 7 4
10 0.932306 4 5 4
14 1.2844 3 5 4
19 1.75557 5 4 5
25 2.30195 4 5 6
33 3.0257 6 6 3
43 3.93561 3 8 4
57 5.18873 4 4 4
75 6.76405 4 6 4
99 8.80826 4 5 6
130 11.4047 4 4 5
170 14.7889 9 3 6
221 19.1516 7 5 3
285 24.8489 6 5 5
370 32.1686 6 6 5
479 41.6706 5 5 4
621 53.9617 4 5 4
804 69.8178 4 3 3
1038 90.2585 3 5 4
1343 116.697 5 4 7
1746 150.795 6 5 6
2272 194.82 5 7 5
2954 251.732 4 4 5
3848 325.254 5 7 6
5096 420.028 5 5 4
