0 0.0434794 8 6 6
1 0.105401 6 6 4
2 0.167582 5 7 9
3 0.231778 5 7 7
5 0.367987 6 6 5
7 0.51024 6 6 8
10 0.713199 7 7 6
14 0.972697 7 7 6
19 1.29236 6 8 7
26 1.75699 10 8 7
36 2.37058 7 9 10
49 3.13528 9 7 7
66 4.12352 8 7 8
88 5.43029 11 8 8
117 7.16968 6 7 7
149 9.44577 9 9 9
188 12.3961 8 9 8
252 16.2874 9 9 7
342 21.3686 9 8 8
453 28.0706 10 14 7
586 36.8424 9 26 12
710 48.3708 14 26 22
842 63.4304 18 21 16
1178 83.1238 30 22 30
1899 108.913 29 38 28
2884 142.676 30 25 26
4033 186.909 15 12 19
5418 244.847 19 13 13
7011 320.722 17 34 41
9965 420.005 24 30 30
