0 1.48188 82 92 89
1 3.22224 56 41 58
2 4.98889 44 34 40
3 6.90238 28 19 19
4 9.02096 15 12 13
5 12.0163 12 10 10
6 16.6242 10 6 7
7 22.7887 7 5 6
8 29.1505 6 6 7
9 34.8739 5 5 7
10 40.5855 8 7 6
11 46.9191 6 6 7
12 53.2647 7 6 11
14 66.5282 5 6 5
16 79.0301 4 6 7
18 91.907 5 6 8
20 105.004 6 5 6
22 118.045 5 4 4
25 137.225 8 4 6
28 156.688 6 8 5
31 175.922 7 9 8
34 195.83 4 5 5
37 215.892 4 5 5
41 242.433 7 5 3
45 268.524 4 5 7
49 294.708 6 6 5
54 327.686 5 5 6
59 361.311 5 6 4
64 393.422 7 6 4
69 426.52 4 4 5
