0 0.0286416 86 84 99
1 0.0684949 60 70 84
2 0.110953 53 62 52
4 0.19154 18 18 15
6 0.271081 8 11 11
9 0.40673 8 7 8
12 0.567062 7 6 6
16 0.81972 7 5 5
21 1.13462 6 6 8
27 1.50765 6 5 5
35 2.00844 12 5 7
45 2.66632 8 7 7
63 3.57495 5 10 7
80 4.75856 6 6 5
98 6.33439 5 4 7
120 8.44074 8 5 5
149 11.2436 8 6 4
188 14.9027 6 8 8
234 19.7265 9 5 9
289 26.1168 6 6 7
364 34.5297 7 6 9
456 45.6074 8 6 7
579 60.2982 5 6 8
752 79.6613 7 5 6
967 105.173 5 6 7
1249 138.814 8 5 5
1619 183.158 4 7 10
2099 241.567 4 6 6
2739 318.612 4 5 6
3437 420.052 5 9 4
