17 0.193686
720.927 1268.12 0
0 2055.61 0
150.164 2.3463 1612.48
515.142 468.784 979.868
1115.57 97.2655 902.349
379.703 1339.61 0
1332.27 359.567 152.381
0 1776.08 0
1233.17 573.245 335.756
1170.08 717.336 603.756
0 0 1754.28
742.846 742.846 746.349
926.085 196.113 877.808
2055.83 0 0
296.998 645.459 881.374
422.426 89.131 1837.6
1253.51 0 478.766
10.8469 404.731 810.218
734.975 734.975 0
323.486 482.074 1110.19
226.294 1004.38 740.539
411.344 1804.46 90.9342
666.162 460.982 1127.14
618.68 874.938 609.677
899.57 238.143 1045.18
584.379 584.379 844.69
615.93 391.347 793.059
334.295 1068.52 503.361
539.965 124.714 1964.44
58.8579 149.984 1293.24
257.112 257.112 887.253
333.253 127.814 2077.41
661.374 156.913 919.38
675.239 2078.15 0
884.518 1136.87 389.18
0 1330.06 241.005
823.65 802.03 403.525
395.533 608.29 1173.61
376.105 1016.61 811.247
855.927 451.83 1047.09
589.077 422.844 1184.1
549.549 490.453 1139.08
78.5274 407.647 1228.25
0 1343.49 1081.41
755.635 753.713 545.719
976.755 229.374 628.536
525.104 551.932 1564.8
557.765 22.6674 935.526
577.938 326.956 2093.78
0 2416.36 362.07
895.49 888.483 0
465.915 0 1148.64
34.8618 1660.07 278.052
0 21.2251 1662.77
1015.97 726.86 1143.05
0 179.05 1834.45
685.133 685.133 313.111
869.014 30.9074 1086.1
46.0395 47.8126 1191.59
335.135 730.589 1151.28
958.216 276.675 919.037
321.756 679.835 1515.68
418.188 632.561 658.229
545.409 329.429 749.932
627.955 78.5896 1321.6
522.896 522.896 1045.79
483.666 483.666 1512.81
881.609 881.609 829.412
872.584 872.584 0
648.605 0 1255.17
619.391 113.337 1823.47
1403.8 0 26.5547
589.092 1641.24 0
602.814 0 766.083
686.203 541.19 284.859
0 1071.8 923.862
501.36 1538.44 128.438
750.42 987.53 349.105
167.415 580.947 1440.9
559.229 66.6466 1587.23
536.056 1272.18 525.165
757.774 340.983 698.557
1027.14 509.783 67.5864
245.134 1778.68 87.425
541.535 1815.37 0
0 724.868 1105.21
496.056 632.445 902.63
0 1189.26 1189.26
682.408 344.345 795.764
757.526 306.93 1071.46
667.771 1590.84 0
639.221 0 1052.44
684.166 684.166 64.3428
1521.97 0 133.286
267.679 551.851 1591.67
1139.59 676.398 0
200.524 200.524 1476.16
598.801 498.936 286.996
737.632 0 1514.88
797.316 731.044 651.708
855.403 269.411 514.961
527.496 771.711 129.149
1319.45 118.007 466.151
1365.14 160.932 545.407
56.7397 832.748 1401.75
590.356 590.356 723.392
533.165 13.1335 1210.06
1176.37 1192.39 188.76
186.176 693.4 1542.14
783.506 837.284 387.468
0 1466.56 858.486
466.196 466.196 1068.53
382.816 382.816 518.872
1210.38 0 897.728
0 0 1950.05
250.545 0 1392.1
778.592 778.592 216.151
1219.85 949.77 268.685
1337 181.579 309.122
333.142 333.142 1331.75
216.917 705.393 1298.98
279.125 279.125 1670.22
1241.75 0 388.207
713.803 805.803 325.944
496.384 42.0133 1700.59
919.894 2.60325 1369.77
487.607 328.562 940.844
1045.73 192.448 477.24
0 1229.31 347.923
846.186 1033.8 0
129.031 549.993 1550.88
1073.54 1073.54 0
0 1824.89 71.1758
352.065 333.108 965.242
2080.89 0 0
448.903 659.166 1271.52
359.322 934.427 1016.09
355.732 1008.26 364.241
1079.35 534.007 335.008
1500.82 230.667 333.424
172.87 745.615 899.842
548.284 1105.21 0
378.999 2065.99 0
1108.55 261.974 856.107
947.301 947.301 0
160.693 807.602 968.295
396.579 720.923 738.914
302.065 0 1720.69
0 1874.42 387.917
269.592 0 1285.71
1236.97 157.689 890.049
151.494 286.26 1722.29
226.877 886.595 1113.47
723.35 723.35 327.066
760.334 760.334 251.805
606.999 359.624 921.45
0 0 2353.32
465.673 376.262 986.082
420.259 970.286 681.362
1059.69 741.144 502.311
0 581.474 1033.16
980.494 0 778.54
0 959.868 1208.59
215.361 917.163 1132.52
156.119 675.025 1417.22
89.4936 1732.01 0
65.5749 757.074 716.281
27.2266 341.358 1362.71
651.47 68.387 1474.05
1030.04 437.77 726.101
477.756 1415.7 0
932.726 262.325 545.057
972.183 519.046 467.619
70.2894 335.408 1037.25
911.125 209.608 450.898
467.132 306.165 732.685
1282.89 82.8035 509.578
1749.96 501.229 0
25.8318 924.942 950.774
70.1226 646.67 708.031
341.121 392.89 1583.79
0 1600.82 293.905
0 1668.98 239.556
517.544 1060.67 51.3347
1457.89 0 737.98
234.04 637.254 1109.35
1074.7 409.103 523.835
2045.2 0 0
414.235 359.49 839.705
210.992 535.33 1090.17
1221.5 613.662 439.598
1428.48 650.777 0.495151
0 906.155 925.39
727.001 800.314 543.503
0 1750.97 446.472
236.504 718.087 954.592
0 0 1819.94
319.587 424.881 1195.43
0 1321.91 720.107
432.725 324.477 1239.94
116.803 423.627 540.43
830.412 518.418 1057.68
1123.17 160.529 283.472
0 525.387 1386.62
1476.03 95.0004 990.857
164.525 164.525 1587.18
0 0 2324.94
855.29 915.144 0
1231.38 0 828.99
254.931 235.075 1688.09
0 0 2039.07
1812.52 0 0
0 921.184 921.184
32.2322 122.161 1999.79
138.333 1147.93 1286.27
534.441 38.8102 1660.89
0 1713.87 555.394
789.035 465.029 707.823
0 1031.3 942.811
205.332 205.332 1426.54
1102.1 1139.37 0
0 788.564 1253.34
940.24 546.895 534.135
67.0056 454.251 1440.84
663.296 246.11 1268.69
343.575 375.142 1157.28
2148.94 0 0
110.982 1285.92 610.753
754.134 549.894 977.153
0 345.146 1511.61
978.741 691.429 0
766.667 949.516 324.799
92.6884 1125.6 770.618
0 1771.41 40.8531
941.147 586.199 573.237
1147.18 0 231.465
1236.8 0 486.371
960.018 960.018 715.342
567.566 982.035 823.681
1154.66 46.9041 1201.56
1240.92 598.592 0
1101.62 192.123 478.226
210.432 2336.67 0
877.41 136.431 930.576
0 571.45 1395.68
1660.44 0 190.018
118.785 1169.37 331.682
953.248 48.7236 1360.59
123.013 1527.5 316.893
352.257 1181.47 135.731
0 0 2725.63
322.242 0 1354.7
675.902 109.985 785.888
1827.14 0 56.5102
868.986 313.015 715.07
481.504 481.504 1124.47
361.932 1162.75 552.821
381.144 190.808 1143.55
242.31 1663.18 0
1229.52 0 68.5376
469.342 812.274 512.989
1115.86 107.289 767.95
557.704 0 1790.32
1028.27 100.568 680.394
0 0 2204.89
317.311 647.414 964.725
92.1533 1646.24 994.048
495.166 520.289 1057.99
1030.42 1039.38 0
1177.69 0 669.347
249.343 88.7491 1480.7
832.46 498.787 670.866
498.887 935.948 674.602
0 477.563 1347.13
884.092 884.092 252.598
1061.38 0 595.263
700.187 0 1528.04
332.697 282.442 1278.55
372.01 891.936 1072.79
676.089 839.544 89.0574
325.836 1430.08 874.032
31.4957 191.875 1579.42
933.601 0 933.601
923.796 361.647 588.726
1321.54 205.333 421.356
0 378.487 1513.45
1.75205 210.171 2197.25
897.49 22.8469 1300.34
0 719.705 1852.27
233.323 180.289 1343.55
532.7 452.144 817.903
283.415 792.249 1075.66
887.157 164.94 602.012
1274.24 237.488 401.254
1817.84 439.371 0
682.22 514.06 749.222
712.336 0 1025.12
452.597 452.597 905.193
1311.26 58.3888 518.209
1424.47 1006.39 117.038
