1 0.0344435
0.00098818 0.0134174 1.52457 146.298 100.888
1.7871 0.505551 9.19517 0.909966 178.273
0.0540745 1.04942 0.577422 90.8801 151.762
24.9743 29.5442 9.84236 55.6703 167.299
1.7188 22.6592 38.1185 100.284 138.28
0.217557 0.0399404 2.47738 175.29 34.1806
20.3642 9.74735 95.1462 145.047 39.6977
21.6403 65.7049 36.7207 105.156 120.948
1.26647 1.17762 60.5485 26.8642 166.349
6.58729 8.3009 34.0885 28.985 172.467
7.61249 9.47293 174.701 39.3551 3.77188
0.433771 7.00432 3.08357 5.19683 177.759
2.92317 3.12066 31.9373 152.111 82.9891
115.698 67.031 0.96995 48.631 109.396
0.296187 0.177369 0.33258 0.341393 177.562
3.65527 6.42466 37.1944 175.467 13.8793
138.759 52.8786 7.20194 8.04474 86.4645
47.4252 69.4762 69.1469 122.573 69.2648
2.44145 0.0315861 30.2584 132.635 111.169
21.11 20.2321 58.3418 1.63219 167.11
0.555724 42.858 59.7457 159.127 40.0318
0.0540745 1.04942 0.577422 90.8801 151.762
2.22255 4.50132 34.2741 163.804 56.9367
38.3499 15.0913 115.144 62.0204 118.28
45.3754 16.075 6.2449 169.44 9.38265
84.7967 111.387 100.737 54.1702 1.99024
33.3767 117.695 98.7519 7.07295 89.186
5.38637e-05 0.00451695 0.13919 0.0086217 173.388
4.71806 6.76734 105.828 10.4722 139.517
42.6119 48.7204 66.9414 130.674 80.3242
2.37957 14.8711 178.656 14.0937 9.38477
122.758 54.5096 1.0939 23.2395 103.991
6.61598 0.823335 58.3279 10.4349 169.461
3.39798 1.49491 26.1819 142.216 105.141
0.133987 0.811617 0.663331 87.8087 153.264
3.42155 0.57056 6.49462 8.92705 173.27
0.705066 67.9814 28.944 161.12 16.9902
2.80472 2.13316 1.11561 2.23492 175.468
65.3982 38.2477 134.951 15.7269 91.1466
125.994 59.6784 24.5544 105.905 0.146025
0.0136418 0.330192 0.996818 116.567 132.597
35.6022 12.8041 23.1229 7.36975 168.642
25.4287 48.058 21.5348 65.2488 152.77
28.3043 105.019 34.5897 76.2989 115.821
14.5935 31.9736 74.3492 159.538 16.4257
5.34448 7.48672 9.93088 171.791 48.3712
18.484 80.7859 24.0361 69.0995 141.312
72.8733 32.3023 64.6273 51.445 135.52
53.2006 27.3259 136.341 13.7735 98.4847
0.126933 0.0421537 0.08608 10.9472 173.431
0.337665 2.47696 0.713814 4.4393 177.187
38.3499 15.0913 115.144 62.0204 118.28
66.6088 55.2901 101.173 83.5849 77.8271
45.3754 16.075 6.2449 169.44 9.38265
23.3865 69.4737 132.658 61.4715 72.0652
2.71098 3.7427 0.183513 7.41221 174.62
48.5472 15.1358 82.708 69.0868 131.27
22.8663 1.97765 22.8406 112.797 134.587
11.668 54.1172 89.9395 76.6646 124.935
14.5753 85.7925 40.2607 2.90351 151.93
15.2974 11.5691 14.2571 27.2722 173.387
2.32245 19.7128 16.4545 133.547 113.534
5.84479 0.109172 16.2743 159.701 72.6592
10.9422 4.29391 2.36721 118.43 132.644
12.8969 12.0491 15.5961 118.453 133.138
1.38449 6.89462 0.131097 7.96285 175.782
21.11 20.2321 58.3418 1.63219 167.11
3.40565 17.1837 90.4558 138.846 66.2027
2.65553 10.2259 91.8962 8.03854 148.573
2.52296 41.5249 160.293 36.3376 56.1842
2.65553 10.2259 91.8962 8.03854 148.573
78.5879 1.32551 13.279 114.522 114.602
51.2632 36.5336 4.98801 68.7307 153.002
33.2148 108.403 3.82862 133.477 25.8133
1.23347 158.477 14.382 74.251 5.79554
50.2686 0.466792 17.5086 79.2145 151.44
15.5393 14.4532 14.3253 111.555 137.65
5.38637e-05 0.00451695 0.13919 0.0086217 173.388
0.438713 12.7833 0.0806311 51.4047 169.466
2.21368 2.48617 7.82513 148.434 98.4412
1.33383 11.7004 11.7125 127.737 123.539
8.2653 57.5135 65.2857 141.98 67.9666
10.9293 1.35727 13.8835 140.823 107.512
5.34448 7.48672 9.93088 171.791 48.3712
6.08796 43.9711 117.488 115.348 52.9955
9.46203 3.4741 13.0664 2.94906 176.551
3.59774 0.793997 5.61196 8.16458 178.729
66.6717 50.6123 84.5754 1.52896 133.277
5.99376 10.2678 8.04391 6.9648 176.887
26.8849 6.4157 126.476 31.5948 116.494
34.0573 1.0209 14.2547 166.347 56.6224
0.0179786 0.88733 64.1452 143.624 78.1536
0.0201447 1.00407 1.58412 0.806714 176.939
27.9952 41.1825 162.793 22.6727 50.4462
52.8024 75.7858 120.164 12.2321 95.3101
0.296187 0.177369 0.33258 0.341393 177.562
9.2501 3.17339 34.2221 111.556 133.587
25.6818 20.0273 154.804 39.2946 74.1096
28.6121 49.7124 82.2418 149.373 2.15748
24.4169 111.22 96.368 68.8355 72.0672
43.4287 13.3861 142.37 49.4803 82.9134
31.7708 37.0634 4.53093 99.2287 140.37
26.6117 0.355343 1.86508 60.2255 161.775
3.55332 2.61288 8.63735 1.07817 173.094
23.3407 0.386683 10.8114 4.78221 168.952
5.68418 4.14516 0.452758 4.56691 177.033
0.0136418 0.330192 0.996818 116.567 132.597
3.55332 2.61288 8.63735 1.07817 173.094
10.7163 7.07416 6.95175 44.2504 168.877
138.759 52.8786 7.20194 8.04474 86.4645
0.999254 0.218883 0.745587 0.51469 178.746
0.536609 0.259142 6.09083 0.399621 179.012
20.0598 5.38458 25.8637 162.204 58.1864
0.0179786 0.88733 64.1452 143.624 78.1536
50.7014 101.657 126 59.7596 6.85549
5.67377 2.45597 55.2571 90.4801 143.92
19.0256 3.9997 72.5349 69.9111 140.667
125.994 59.6784 24.5544 105.905 0.146025
0.881512 0.00647748 0.72244 22.7865 168.539
26.8849 6.4157 126.476 31.5948 116.494
46.9051 137.688 60.2738 90.8389 17.5416
2.99283 2.51819 66.3929 160.942 40.7857
4.93189 14.7645 10.2416 33.5041 171.452
96.0108 1.01043 22.1737 45.1487 141.145
28.4861 5.51007 48.1269 2.38953 167.263
7.61249 9.47293 174.701 39.3551 3.77188
6.61598 0.823335 58.3279 10.4349 169.461
35.6189 15.4559 94.6875 53.643 135.725
18.8789 91.4999 88.9987 101.56 65.106
48.8209 56.8585 82.0736 26.5748 138.075
74.0988 80.8214 73.5724 96.1912 68.5016
47.4252 69.4762 69.1469 122.573 69.2648
15.3454 49.2312 29.3012 92.623 139.02
24.9743 29.5442 9.84236 55.6703 167.299
3.41075 6.55975 88.7096 11.0324 153.271
25.7276 26.2602 60.4981 0.613333 163.419
2.71098 3.7427 0.183513 7.41221 174.62
29.2061 37.8067 59.909 159.199 30.1505
128.08 98.5789 3.36286 53.8668 30.0283
8.86543 9.11753 7.05195 155.658 80.518
24.7699 15.1531 99.7302 5.8089 145.719
82.8396 104.505 104.995 42.9013 25.7375
6.88911 5.58497 77.7868 31.011 156.305
1.77431 4.26358 9.57158 46.1524 171.508
6.2861 7.21954 6.73064 22.2156 173.562
31.7708 37.0634 4.53093 99.2287 140.37
23.7823 96.48 4.70602 57.2739 138.691
0.768146 39.8486 1.00948 37.6221 167.436
4.86466 3.86175 115.322 90.9803 99.944
142.995 3.7016 101.691 9.73084 14.2095
10.7324 8.92596 2.95201 9.52959 177.177
12.5315 14.3133 38.5938 29.2153 172.718
0.690064 8.14853 19.7875 103.382 141.021
33.795 22.3629 31.5433 167.718 22.4474
2.21344 4.28675 13.7296 177.316 31.3796
10.393 6.64139 19.3778 107.025 135.682
84.7967 111.387 100.737 54.1702 1.99024
0.705066 67.9814 28.944 161.12 16.9902
143.274 83.9584 61.5861 14.0864 0.0120892
78.6602 30.228 21.2907 128.996 90.8381
6.08796 43.9711 117.488 115.348 52.9955
18.1554 4.26265 14.041 1.43629 176.414
4.56286 3.27567 11.183 2.626 174.319
35.6022 12.8041 23.1229 7.36975 168.642
40.8628 29.9739 10.7964 160.163 49.2798
3.82461 6.86288 1.97756 115.409 129.737
2.67102 62.1468 60.9531 96.4918 122.097
10.9422 4.29391 2.36721 118.43 132.644
28.6121 49.7124 82.2418 149.373 2.15748
7.93378 0.685105 15.5706 96.4949 144.228
2.92317 3.12066 31.9373 152.111 82.9891
6.71188 6.88619 4.89911 137.13 108.016
5.84479 0.109172 16.2743 159.701 72.6592
10.7324 8.92596 2.95201 9.52959 177.177
0.900592 1.27314 5.70378 30.0454 177.758
71.7211 72.771 58.0756 103.739 80.7236
115.698 67.031 0.96995 48.631 109.396
7.6809 10.9492 25.593 125.57 120.908
2.21344 4.28675 13.7296 177.316 31.3796
33.3767 117.695 98.7519 7.07295 89.186
78.0079 6.01532 81.7919 139.303 6.30599
6.05248 4.08565 7.79497 2.80953 179.041
29.0374 7.7301 61.9329 80.6532 138.885
1.29173 3.26829 1.53278 5.0113 176.567
24.0686 20.1255 4.49451 44.3789 169.675
35.0744 98.947 1.49321 3.2371 143.966
88.2013 31.2682 93.6627 64.6368 103.022
7.6809 10.9492 25.593 125.57 120.908
63.441 0.428416 83.8307 54.2164 132.437
14.8819 102.302 65.6065 122.954 40.6637
40.8628 29.9739 10.7964 160.163 49.2798
10.7163 7.07416 6.95175 44.2504 168.877
59.7306 124.469 72.3345 12.1793 89.3301
74.0988 80.8214 73.5724 96.1912 68.5016
3.11618 1.77324 61.5258 120.112 116.952
0.222321 25.9505 160.714 71.8786 13.2038
6.88911 5.58497 77.7868 31.011 156.305
1.17657 0.892807 0.841246 24.1726 173.047
10.9293 1.35727 13.8835 140.823 107.512
21.7193 140.068 18.1893 104.25 12.7762
16.3827 18.1733 40.2377 11.5709 169.252
3.40565 17.1837 90.4558 138.846 66.2027
46.9051 137.688 60.2738 90.8389 17.5416
45.8046 97.7208 22.1284 102.898 92.5118
66.8135 20.745 16.6874 41.5899 160.07
3.41075 6.55975 88.7096 11.0324 153.271
2.37957 14.8711 178.656 14.0937 9.38477
9.46845 6.5573 6.11948 28.3493 175.054
7.41284 4.30616 13.7483 61.7797 162.228
25.4287 48.058 21.5348 65.2488 152.77
82.3972 14.0491 40.106 44.0457 146.379
21.7193 140.068 18.1893 104.25 12.7762
0.000132612 0.0088262 0.261259 0.0915715 175.805
117.532 53.9359 61.9685 37.5092 94.408
43.4287 13.3861 142.37 49.4803 82.9134
18.2851 155.499 36.1884 36.5243 69.4339
53.4663 30.4746 144.703 60.6622 56.7801
14.5753 85.7925 40.2607 2.90351 151.93
0.433771 7.00432 3.08357 5.19683 177.759
21.818 7.78259 109.189 138.392 16.5611
5.33214 152.043 42.3047 12.6275 82.0814
23.3865 69.4737 132.658 61.4715 72.0652
3.65527 6.42466 37.1944 175.467 13.8793
3.98304 23.3964 105.811 134.79 33.5712
143.274 83.9584 61.5861 14.0864 0.0120892
21.169 26.08 26.5544 72.0359 158.578
0.222321 25.9505 160.714 71.8786 13.2038
4.93189 14.7645 10.2416 33.5041 171.452
19.0256 3.9997 72.5349 69.9111 140.667
2.00448 1.49616 75.2306 13.9466 163.985
22.8663 1.97765 22.8406 112.797 134.587
14.5935 31.9736 74.3492 159.538 16.4257
0.801936 0.0949602 18.5287 1.59431 175.752
3.39798 1.49491 26.1819 142.216 105.141
27.9952 41.1825 162.793 22.6727 50.4462
14.1322 4.95011 61.6133 6.90926 169.129
9.46845 6.5573 6.11948 28.3493 175.054
6.2861 7.21954 6.73064 22.2156 173.562
4.86466 3.86175 115.322 90.9803 99.944
6.89743 102.76 10.2667 105.447 92.1634
128.08 98.5789 3.36286 53.8668 30.0283
1.79334 0.399461 10.8827 98.2478 141.681
7.93378 0.685105 15.5706 96.4949 144.228
4.56286 3.27567 11.183 2.626 174.319
37.9548 160.393 59.2321 29.7315 27.3067
1.23347 158.477 14.382 74.251 5.79554
5.67377 2.45597 55.2571 90.4801 143.92
3.5993 0.0985808 17.2251 0.179915 177.544
4.1483 1.22273 9.24508 5.93798 175.753
34.6571 55.4605 13.7693 28.192 162.776
29.2061 37.8067 59.909 159.199 30.1505
5.34522 1.31053 5.70087 52.1677 166.2
14.1322 4.95011 61.6133 6.90926 169.129
23.3407 0.386683 10.8114 4.78221 168.952
42.6119 48.7204 66.9414 130.674 80.3242
0.438713 12.7833 0.0806311 51.4047 169.466
48.3764 48.2755 108.06 114.793 53.0928
2.21006 142.608 45.8182 98.0457 14.2063
39.1447 15.5142 168.272 11.0849 44.1939
94.9357 25.3348 50.8183 53.9364 132.473
3.55489 1.85165 5.21987 0.141187 173.835
14.9572 17.6796 8.38588 13.4978 174.661
1.68673 8.21991 128.018 101.399 75.4701
3.55489 1.85165 5.21987 0.141187 173.835
14.9667 0.0788482 1.55168 57.1079 163.771
54.6699 28.1437 19.7251 119.737 115.189
1.29173 3.26829 1.53278 5.0113 176.567
2.22255 4.50132 34.2741 163.804 56.9367
122.758 54.5096 1.0939 23.2395 103.991
0.581504 0.119029 0.860362 59.4705 167.685
15.6933 24.7976 22.5832 32.2737 171.271
2.80472 2.13316 1.11561 2.23492 175.468
53.4663 30.4746 144.703 60.6622 56.7801
15.3454 49.2312 29.3012 92.623 139.02
68.1027 20.7174 113.736 117.89 14.5211
24.0686 20.1255 4.49451 44.3789 169.675
2.351 16.2271 23.0851 152.197 87.1306
1.90321 19.451 154.117 81.0377 37.2958
39.2723 2.74145 22.2971 14.4953 167.823
2.351 16.2271 23.0851 152.197 87.1306
79.5876 65.5235 55.5897 6.41087 131.733
18.8638 59.4627 2.82282 84.5696 139.051
117.532 53.9359 61.9685 37.5092 94.408
21.169 26.08 26.5544 72.0359 158.578
3.42155 0.57056 6.49462 8.92705 173.27
16.2728 20.3691 31.1636 175.631 13.7678
33.795 22.3629 31.5433 167.718 22.4474
0.00510275 0.00592687 0.0626289 0.0514286 175.902
79.5876 65.5235 55.5897 6.41087 131.733
118.931 58.117 56.1154 0.976403 107.349
0.585411 0.0844782 42.0428 0.872976 173.181
63.441 0.428416 83.8307 54.2164 132.437
40.7766 15.736 131.166 16.9235 114.205
39.1447 15.5142 168.272 11.0849 44.1939
40.8685 23.1647 91.9378 86.8515 114.826
68.1027 20.7174 113.736 117.89 14.5211
94.9357 25.3348 50.8183 53.9364 132.473
18.8638 59.4627 2.82282 84.5696 139.051
10.7378 2.44821 3.17225 124.188 127.444
37.9548 160.393 59.2321 29.7315 27.3067
