10 13.8997
216.12 83.8873 173.434 440.074 6034.15 642.771 4570.64 578.516
61.7709 67.4737 106.763 226.056 12.6672 455.336 4765.33 6447.78
6.85665 72.1024 17.5247 142.624 159.079 5834.9 1526.37 5792.68
1351.01 798.636 441.302 1383.63 6389.05 1711.55 1684.96 751.116
162.327 315.686 430.193 2824.65 4181.98 369.728 150.352 5323.9
131.966 3.91995 11.7035 52.7874 3153.93 6783.37 3338.48 2166.08
22.3769 74.6221 39.4063 25.7537 6.60732 2139.24 5718.36 5261.24
91.5742 87.1097 86.7233 16.9931 1475.04 2296.11 6965.95 2845.65
17.3887 27.1516 19.0861 48.3023 61.5369 7915.1 747.877 4404.94
111.733 90.3132 117.32 55.1559 591.097 7375.55 5794.74 264.629
485.135 57.419 1273.56 3387.74 3408.46 396.27 7244.47 116.229
469.57 102.038 234.264 477.542 8311.12 611.325 2877.85 371.695
210.809 104.041 123.381 779.372 6975.73 4735.04 239.421 2451.48
1312.65 476.951 90.2774 1368.15 918.625 6456.41 5112.11 671.64
253.618 65.1971 153.215 88.8476 5629.16 39.3005 6406.04 2459.37
421.898 65.5883 66.4206 159.959 515.746 8222.92 2272.92 1551.79
332.617 111.904 328.829 876.667 693.844 4231.27 7684.85 525.792
3.1973 2.08889 5.48066 743.212 288.905 7610.16 2413.86 3527.62
51.8582 13.6956 984.636 1228.02 5220.91 5470.33 697.114 3285.37
9.36243 4.6612 11.3537 8.02591 7615.07 71.6588 1965.55 5570.87
112.037 13.7135 31.3613 1707.2 7424.82 2883.24 1504.4 1228.82
76.7397 416.87 311.812 1185.2 2091.65 4295.11 503.485 6285.57
3.65537 2.70397 918.709 5652.53 7215.98 3896.18 371.687 205.806
65.2788 188.667 46.968 6858.37 4616.75 332.365 333.916 2008.8
1.72944 3.76236 9.35944 7.78067 12.3172 903.948 8202.84 1998.29
554.56 994.494 668.29 7205.09 278.983 5280.01 152.399 915.321
82.807 16.4601 9.12001 273.278 72.4749 739.307 811.813 7995.32
25.4013 76.2929 18.625 96.4262 7429.85 6318.06 895.363 1312.06
49.6232 61.986 734.602 2010.92 4201.16 1240.26 6493.5 1775.94
0.873878 0.938336 1.77249 1.88353 1.6932 12.9543 0.362057 8363.58
1478.56 846.582 471.422 5998.13 2483.95 5826.09 2280.8 43.5849
180.736 286.188 33.2761 731.994 457.73 5662.96 5.37766 7338.1
184.143 23.795 31.8226 690.865 6649.48 1747.82 5634.7 320.679
40.5321 113.072 91.9442 4155.45 3531.49 7049.08 3630.85 144.931
9.93879 12.9099 22.0103 4799.06 5564.16 564.578 4413.14 1603.32
851.409 1147.91 310.032 5741.76 1658.07 1294.97 6292.91 1234.92
16.0152 39.2149 16.2479 36.0301 31.4594 2852.43 6626.41 4501.99
168.647 138.481 358.111 4181.58 4667.19 11.113 696.416 5523.74
33.7012 103.395 20.1901 223.253 394.378 4186.79 1642.12 7085.47
6.31894 3.9612 17.9832 31.7775 10.541 20.1093 17.542 8235.27
165.293 56.502 955.49 2131.03 4122.11 2413.58 1187.29 5038.74
7.5715 48.5196 46.8077 26.5659 6.8041 632.41 6607.11 5316.22
136.278 1018.5 951.412 5276.49 3902.26 320.663 494.245 4510.37
439.602 352.935 305.364 532.919 157.638 74.13 7892.05 3706.79
1.8327 2.10623 6.55144 2.31637 47.0805 564.366 7398.8 4652.77
4.88703 6.76329 12.4133 120.861 4741.03 198.006 3160.13 6692.02
115.655 823.44 757.271 3156.61 2394.84 8176.4 362.969 1087.67
4.01183 25.7962 27.534 6607.64 5962.84 1988.87 199.855 1580.81
231.029 243.713 162.594 866.575 4388.22 3035.73 3567 4691.88
107.097 329.205 1056.75 4699.58 2538.22 7850.17 832.531 440.69
1910.22 314.257 673.335 2646.88 8065.98 2007.53 579.468 780.424
20.4775 17.6658 17.0632 3.89842 2.92597 492.778 8737.71 505.835
246.99 974.739 1967.76 5.22874 2411.28 2896.94 343.177 7166.6
113.171 90.0463 41.2402 278.721 70.72 385.093 8356.31 1655.87
59.8651 556.089 36.9938 3088.9 6624.44 4345.15 868.795 1398.06
169.483 78.9838 303.525 67.0058 640.257 3919.12 8729.18 2.6199
0.873878 0.938336 1.77249 1.88353 1.6932 12.9543 0.362057 8363.58
668.623 997.171 1662.8 3790.37 4943.97 0.361695 1329.31 8062.05
102.901 2476.8 981.378 1113.69 0.00512616 4181.84 8053.76 5520.28
0.0588447 0.0514529 0.0676992 0.00817202 8.81852 74.1847 249.675 10074.5
17.1082 65.9757 0.0250666 836.526 1207.56 2699.44 3467.65 7215.42
6.48986 0.0020609 162.581 1412.88 2571.05 363.523 5607.28 8263.24
0.00177768 0.506957 2.09577 15.3457 20.7614 281.085 7094.61 7501.4
409.49 308.323 287.066 1156.59 7866.26 2061.83 4612.23 552.908
138 207.257 393.007 195.987 20.9278 1074.87 6073.58 7862.12
1544.74 464.507 992.615 3076.6 5561.37 4177.19 6349.1 646.888
155.855 46.068 141.063 671.215 8773.93 507.544 3139.28 3680.01
9.00063 14.6461 28.8264 2.10414 13.307 80.0511 9194.4 4167.5
248.539 70.5988 153.185 1290.28 6880.17 2184.95 4311.21 5320.46
1959.2 651.319 1673.41 2018.04 6876.64 2632.11 5912.42 32.2635
54.3867 113.164 239.282 230.081 26.1309 274.434 6040.4 8580.62
922.072 501.975 1196.18 1632.78 8173.05 2835.01 3687.21 801.841
443.171 445.162 938.613 815.073 484.911 3428.74 6689.22 6122.96
1664.15 295.23 908.997 1779.83 4760.31 1816.63 7706.68 6284
25.6334 14.1937 56.8113 164.97 19.209 321.819 4511.57 7711.57
1969.12 781.402 1906.32 2860.32 7219.38 1869.7 3237.41 234.904
906.143 499.182 2247.47 2628.24 5889.42 1582.8 6116.15 2871.02
125.103 33.038 189.379 194.958 7438.51 4895.2 6471.2 337.481
888.947 322.013 384.296 877.611 9861.43 939.771 2033.92 2043.76
3.45451 3.31692 5.56612 35.5263 7867.11 2652.65 4503.18 1176.49
67.6828 55.9286 346.288 979.749 158.864 1535.05 3975.11 8208.15
708.267 400.116 1851.17 2463.85 6086.18 3226.87 4878.15 4362.32
45.5483 109.005 166.504 321.846 84.0607 1646.52 3258.4 9795.37
469.328 129.978 484.602 1617.94 6488.4 1341.9 6900.94 1654.36
328.218 220.818 337.347 649.563 323.325 1763.63 6677.02 8710.26
1079.42 331.539 339.837 1591.31 7477.42 1655.44 6652.03 1630.28
65.2506 84.7043 156.12 367.67 71.2031 720.165 5841.41 9789.55
395.965 204.184 501.771 1281.72 5965.89 2254.87 5336.58 4954.79
0.386096 0.628455 1.62054 2.67951 0.179821 372.106 6865.26 7212.79
971.04 759.59 628.33 1325.18 7552.44 1483.76 5466.55 2795.38
864.182 434.909 471.965 1084.34 4807.49 2315.8 8268.2 169.541
187.167 39.4337 183.22 379.237 3806.74 962.92 9684.9 730.68
939.372 290.702 704.88 779.214 8297.47 2047.53 2389.34 4629.25
126.602 77.1966 134.034 1845.96 5446.26 2159.3 4611.22 5352.42
89.0977 82.9622 135.951 891.109 219.951 788.952 3857.2 7845.22
0.0583721 0.0587575 0.0702188 1492.85 5671.18 376.345 7634.85 3056.99
54.1179 35.5263 53.9109 365.208 5525.57 307.823 8548.18 995.472
1969.16 138.711 2734.72 5305.74 4638.14 1270.2 2878.21 4777.53
660.119 605.121 380.785 2063.33 4552.39 4757.09 6649.56 3840.03
46.4579 22.8141 47.5032 75.4995 6786.74 4654.83 5035.68 109.48
235.124 54.9141 124.812 760.159 6353.74 443.563 6750.64 716.115
676.131 505.884 953.289 2690.5 6952.68 2704.97 4705.13 1553.18
679.279 299.532 821.391 1765.91 5895.71 170.139 8943.71 807.168
388.092 280.853 3.89933 125.661 3755.53 1761.44 7952.24 1258.31
789.78 132.145 100.798 1182.68 7603.04 287.69 986.567 3954.18
16.4827 10.0398 30.9111 71.3145 27.4177 136.959 7316.84 6955.93
518.467 162.632 465.698 1512.56 240.815 2037.88 5199.94 5641.79
1219.61 329.977 655.285 2409.16 7062.06 1819.57 844.534 5295.35
24.3633 19.6598 28.356 175.23 57.071 836.263 7299.46 7784.95
76.9439 79.9212 168.395 606.844 8071.94 657.7 2891.19 1759.88
22.8741 12.2796 45.5066 222.435 6792.73 35.5122 7866.28 2223.09
41.5689 46.218 57.8258 142.345 8766.16 1716.88 5118.42 674.824
75.6251 71.7711 200.792 456.843 80.4296 3076.44 7125.93 6002.04
991.229 429.005 525.095 663.583 5147.93 1281.18 8547.84 2197.81
1097.33 761.393 1251.73 2695.45 5639.52 2606.21 4696.32 2954.33
439.581 113.365 400.193 1810.53 5677.23 2610.9 6078.56 3585.28
11.0578 2.87743 6.10823 28.9267 7387.33 1726.44 5534.26 1740.25
168.19 114.935 416.763 2691.14 8914.45 70.365 3543.27 156.738
434.158 15.1706 97.2896 515.847 3886.74 1604.7 7265.99 2946.16
538.685 937.026 808.536 1866.56 141.724 2062.86 8113.97 5695.49
140.602 674.896 286.929 1388.75 902.782 7861.1 145.388 4733.29
391.253 71.849 478.354 1530.56 7530.73 2154.43 5270.92 2306.8
581.315 81.9964 235.698 2629.27 7314.87 1078.05 3372.86 2834.92
259.706 55.4164 595.123 1481.98 8378.96 2434.51 2600.11 1903.63
671.192 289.51 460.684 744.815 5583.51 695.371 8155.43 807.655
422.127 301.741 258.695 1110.23 5262.49 978.759 7279.2 898.091
306.048 126.125 128.617 271.64 5734.75 299.771 7249.84 848.176
61.5207 85.0021 36.2075 523.718 6381.85 2230.6 5755.02 3107.15
621.622 91.7013 353.938 1626.29 7984.68 505.797 5225.46 3552.63
360.725 73.4974 142.603 1640.44 7557.95 2996.67 3472.54 2509.96
1487.34 668.347 1722.99 2928.17 4250.2 2228.9 4888.54 4402.74
272.567 200.262 335.349 993.35 8117.55 1450.73 5294.76 105.793
1366.44 179.316 654.256 805.924 7387.93 3819.23 5317.24 1540.3
605.159 543.416 980.819 1384.1 8532.7 2317.51 2374.83 2128.24
32.725 21.0884 12.5163 78.9762 5181.43 2731.74 7395.66 2180.11
649.862 58.5219 587.374 1651.78 8948.4 1502.81 4330.16 1796
382.052 77.4241 666.59 1186.09 176.188 926.122 5986.3 6646.96
334.961 110.474 338.039 1732.07 5341.3 5583.66 7688.71 2195.67
1235.57 442.264 439.392 1233.14 4776.79 887.632 7742.36 404.859
165.458 229.95 419.117 732.039 8422.04 1866.77 1851.22 2628.58
1065.23 534.825 184.73 1495.09 6613.04 3209.35 6805.43 3650.95
1115.34 536.405 934.04 1933.25 6225.24 2335.76 5133.07 2826.3
755.271 351.156 1012.25 1825.81 7004.94 5683.16 5289.39 2483.05
401.06 328.485 725.733 1241.97 7136.23 1700.23 6906.68 443.802
187.123 169.522 298.061 1262.02 9979.69 2039.46 4941.85 852.916
293.311 76.7756 410.056 982.713 7663.73 3216.26 5689.45 1471.75
11.2674 25.0047 83.7202 154.673 52.2074 632.569 5206.1 8713.37
119.603 82.019 60.0835 525.53 6875.46 2422.94 6096.79 2741.07
471.836 107.864 145.193 528.237 3234.09 1944.63 8129.81 3993.82
401.395 114.614 994.318 1437.46 5944.39 3691.33 4830.96 4585.62
48.7822 47.7811 42.738 1850.55 615.511 1583.32 6794.47 7679.52
119.52 6.73888 60.7119 169.07 4605.73 2176.12 8417.04 2302.41
2887.39 477.676 2310.01 696.377 6453.62 914.792 6771.87 32.5533
145.268 62.3515 72.4535 824.649 7171.36 186.777 6485.23 1887.93
457.169 40.582 252.683 672.154 3249.03 1698.29 6603.8 4398.59
474.685 537.505 392.029 1031.34 4959.75 4534.63 4875.02 5664.5
26.9242 497.932 208.041 1854.5 1191.84 9304.32 2306.63 4607.56
14.2005 16.7566 56.8115 59.8516 31.3705 194.112 4554.96 10481.1
1796.19 963.302 167.058 3139.73 5143.15 109.112 6634.41 4739.59
718.483 704.607 1954.02 1978.4 6384.86 5219.33 7259.66 2325.25
929.155 379.277 263.536 1064.9 6590.8 2877.29 6909.28 916.709
81.8145 446.094 1282.76 647.746 989.579 4121.72 6623.98 5018.67
616.491 313.003 1451.85 1358.96 6984.2 2185.84 4371.75 2559.62
94.6325 97.5639 242.686 1062 9526.86 1636.88 3519.37 1988.17
399.25 418.659 327.408 1703.35 5752.27 1607.63 6925.29 2616.11
1203.99 268.442 1431.92 2829.91 8380.57 1387.45 1518.54 464.389
646.428 192.712 323.887 775.249 6326.38 795.76 3356.5 7698.33
506.771 66.1789 403.312 3570.53 4229.92 838.519 5836.82 3564.05
85.5765 29.5922 92.2946 147.817 5836.8 634.914 5583.3 966.339
205.726 356.003 136.813 333.004 191.649 2557.33 7077.44 6649.64
97.2423 0.0662294 173.636 296.165 8781.2 3429.75 5578.34 1311.46
264.142 4.70702 310.624 598.637 7684.94 47.8698 4232.27 1122.14
14.9608 58.5514 86.2141 161.034 19.5284 353.979 3437.98 10069.2
2163.23 1870.32 2681.02 2878.54 5102 3864.02 4294.71 2186.38
211.861 175.429 198.015 610.809 5538.52 292.496 6946.19 3750.38
25.3943 8.46745 3.52784 35.4202 7411.92 952.028 5153.06 1618.44
22.5792 10.5463 6.17661 41.4721 5017.32 1636.57 8547.48 1042.7
834.306 338.969 649.747 1139.46 7860.03 1257.38 4414.22 2208.31
65.1875 0.907747 69.9607 219.266 7394.4 4211.39 5159.98 3265.23
2083.18 699.902 2270.71 4321.2 7599.39 1364.9 5327.49 2259.75
68.7286 15.0783 54.8272 800.824 4667.36 1926.17 7374.44 4230.16
453.57 36.7247 724.283 1273.23 5474.88 545.556 8187.57 3396.36
689.781 26.3209 570.775 1072.34 7991.65 1306.26 4900.05 1201.79
75.9297 130.873 444.766 522.635 27.6065 952.806 8556.22 6717.62
96.146 50.1323 153.575 1442.52 253.335 1187.42 5188.05 7685.81
94.7886 32.8385 55.6418 127.189 42.6897 1401.47 5469.16 7807.03
44.051 15.4173 68.2472 130.375 6716.99 3085.85 5107.84 2430.97
2178.11 970.327 846.807 3404.67 6755.26 2408.5 3783.03 382.01
68.023 74.3601 62.783 465.915 103.254 1218.79 7102.74 5659.31
556.831 171.141 237.396 1271.53 7745.77 2010.59 3905.76 5022.54
2403.83 979.532 1205.98 3995.76 9354.69 1706.32 2065.41 1791.66
2388.21 1950.51 306.038 1675.71 7505.21 1755.65 5496.05 1950.4
456.714 19.4961 75.4169 282.353 6502.64 925.073 7037.08 153.324
38.7077 111.989 223.383 475.687 152.019 924.676 2078.75 10154.3
3014.74 701.034 2147.49 3585.99 8151.87 93.7252 5625.62 741.997
1316.05 936.262 1188.61 2007.96 5177.17 1229.44 6870.73 4772.22
2118.02 1888.96 1723.34 3086.94 6066.25 2210.66 6147.99 1693.82
619.176 238.789 1755 1526.71 6886.26 1105.06 2223.94 2715.01
980.299 144.923 694.945 1305.84 6709.39 4065.21 5598.38 2004.14
403.934 89.3199 429.12 669.322 7710.7 2990.02 4784.46 1226.33
178.468 186.922 267.002 990.841 41.664 963.414 4354.58 9205.89
90.7466 81.9011 171.536 810.278 256.082 1358.41 4985.18 8165.21
0.882474 0.457524 5.48822 22.5577 9.50319 33.0122 3952.12 9332.11
1031.21 526.436 415.987 1380.62 6994.17 3208.06 6211.51 1176.86
40.8807 54.7633 60.6697 93.4063 1.32851 1991.77 5773.32 7491.55
30.3331 44.2302 130.621 190.566 12.9626 261.522 3913.19 8413.31
713.721 309.86 893.919 1830.67 151.946 1525.99 8654.08 4825.42
58.0657 120.114 97.0529 448.829 142.877 634.107 3102.82 10354.3
1198.87 49.2721 728.554 3198.26 6384.68 4092.71 3980.12 3458.19
61.2887 42.9947 62.4178 101.536 29.2704 119.119 2661.04 8343.28
40.0713 26.7168 28.9664 70.9436 5.33732 603.279 6172.9 6999.63
29.4534 50.3989 112.9 90.0903 43.3812 298.883 538.186 9593.4
118.425 28.1265 68.4192 123.706 9073.03 89.2731 2758.09 3164.3
286.021 100.211 108.851 563.503 3241.56 986.728 8760.92 4913.71
456.172 563.835 554.018 1153.01 0.129864 4001.59 8420.96 2056.06
92.5723 49.3772 57.1392 286.911 61.4771 280.119 5259.52 8138.25
476.135 50.26 345.029 1189.61 7838.64 1456.25 7425.32 2381.12
3.4437 3.31877 6.75495 11.1502 6.89227 23.9438 4908.61 8475.18
144.7 88.6032 162.099 525.041 133.632 1072.38 6794.9 9400.43
7.77835 5.35436 18.6622 33.4122 6394.57 727.293 7376.78 4039.6
216.104 69.2647 159.627 1762.67 5008.65 4086.08 6378.1 4938.65
633.237 912.49 417.146 2593.22 4926.02 1095.74 7551.21 2370.02
1366.96 167.338 439.076 1907.84 8394.33 1697.07 2009.89 1381.53
134.816 38.9492 84.3207 338.636 9617.89 3359.83 3473.89 2676.56
99.592 13.2716 117.481 900.587 5420.34 1637.36 8343.59 2982.9
1657.1 721.911 2428.41 2058.9 6851.86 241.119 4293.3 1996.53
1490.25 432.552 990.158 2839.56 6729.68 108.152 5474.39 682.67
580.047 78.5641 457.043 1625.96 7579.92 1145.14 4195.54 1275.75
175.01 291.147 446.238 449.694 381.545 507.433 6662.23 7850.75
73.8971 34.7563 30.8092 900.759 5647.86 1464.23 6829.35 59.3525
664.07 450.624 28.3304 765.745 7676.72 1989.21 8105.34 2803.23
552.827 104.554 1277.13 1689.18 5263.49 1617.48 8664.22 232.838
57.5839 4.19601 134.19 214.36 8727 1363.87 4122.95 2965.69
1519.01 1173.75 1054.39 2707.23 6462.85 4516.06 2733.4 2463.43
108.27 35.9969 127.15 802.673 8042.1 2263.22 5020.58 2178.84
488.809 100.234 393.333 1186.96 5851.11 445.583 7209.73 1397.12
68.7009 178.058 109.948 131.271 6495.43 5836.47 5793.14 2177.42
484.804 607.829 1275.79 1858.09 8653.82 1916.92 3775.95 2608.11
498.992 363.663 335.562 1395.76 6860.27 2295.36 6008.49 2438.59
888.941 362.662 675.468 1529.49 6163.9 738.731 8525.84 2357.09
1358.77 241.159 1393.99 2656.25 5632.06 4895.82 5465.67 4330.31
78.6321 111.575 37.8771 361.135 13.714 504.424 4610.54 7499.37
351.493 112.693 431.477 924.169 7688.57 2441.07 3755.81 1273.66
1190.75 436.844 1764.43 3511.59 7598.93 2067.77 4244.21 3231.53
2344.68 829.475 3437.78 2817.97 8402.28 596.54 1419.64 1372.63
2891.28 1591.22 1744.36 1371.04 5185.45 692.213 6378.39 981.493
259.678 67.289 191.477 448.547 7980.24 1513.04 5082.93 1032.84
384.817 130.601 373.987 960.111 7556.23 4263.2 3117.09 3219.81
571.127 258.643 233.165 349.843 6079.43 226.692 6123.29 6374.6
479.063 47.8817 331.498 1665.1 8321.06 1071.32 1128.74 1892.45
332.555 395.561 687.546 1193.32 323.172 1896.48 4733.01 9344.29
487.864 768.834 789.68 1347.7 8831.05 116.132 4305.38 736.836
31.8578 22.5042 70.8541 81.67 36.9622 414.119 3137.8 9642.54
64.0002 104.023 281.863 825.882 27.2512 1008.57 6476.97 6011.66
21.3494 6.01841 68.6833 229.91 6790.56 442.039 3772.04 5142.67
121.377 24.5889 96.7682 199.644 1715.01 600.434 9632.01 515.724
187.809 230.03 409.238 3550.46 4560.91 4071.07 5360.34 4568.59
206.829 203.233 257.413 288.346 41.2347 722.551 6172.86 6904.03
1146.74 385.998 757.762 1493.75 8745.88 2202.81 2384.98 1724.32
1435 415.744 1561.32 3477.63 6189.78 2168.84 5244.31 1863.18
398.493 147.403 395.88 1023.54 10297.6 870.638 2309.34 11.2709
51.4886 37.5349 53.4851 238.692 2.72348 1079.43 5060.44 7541.51
15.635 5.97497 49.2398 50.8913 40.3212 132 1194.6 10574
185.097 78.5875 133.776 381.684 5089.04 3485.33 6805.06 3239.38
169.631 46.1149 181.747 230.332 9851.83 660.38 5494.4 695.919
189.588 165.572 83.7997 240.849 7881.67 2360.32 5890.43 928.072
391.683 149.017 471.082 868.217 8778.99 2695.53 559.141 2395.3
81.0129 82.403 107.73 393.639 92.9396 725.921 5077.84 8829.58
297.519 116.665 208.399 1098.58 7762.43 1070.27 6764.17 2083.05
104.343 203.944 461.043 1495.23 47.8195 1778.5 5774.78 7756.27
345.565 361.275 301.149 1328.55 637.63 2282.06 8681.32 4949.91
421.225 137.687 422.726 1132.46 8536.34 513.412 3731.75 2676.16
1155.31 140.177 474.685 911.884 6722.46 1180.09 4850.32 4003.03
786.157 819.867 724.914 3430.09 5280.84 756.858 5377.94 1693.44
648.285 98.5837 1427.84 2719.53 8210.9 1108.25 2528.56 1211.04
137.795 27.0087 110.608 222.269 2819.56 929.005 7616.03 6881.72
268.642 24.7134 136.664 1006.79 6050.8 5753.45 5214.3 748.683
446.981 391.814 373.251 1283.54 364.142 1798.2 3953.44 10135.1
375.577 25.8517 64.3882 599.386 5590.27 1360.04 7901.99 2496.77
1026.12 302.53 569.179 1892.37 7758.59 1288.64 6718.86 2144.23
5.41643 2.50264 6.03922 28.5187 7646.77 1108.53 5824.02 2967.51
180.978 37.5532 182.486 291.039 3438.03 478.033 8802.11 1718.14
2951.89 1032.58 2483.16 3532.74 7818.06 2178.22 4076.59 1704.08
49.8619 16.8111 23.0705 54.0993 9106.3 1557.7 4402.82 36.5175
108.9 154.506 240.704 437.837 121.894 761.59 3737.8 7973.97
53.2573 34.5346 485.759 776.194 77.3526 1252.99 5915.35 7431.79
1123.3 132.783 1016.72 3584.87 6550.73 1057.78 4499.87 2268.2
3.16296 0.975751 16.1201 97.6378 30.0386 125.497 3222.57 8652.47
818.587 236.977 348.555 977.303 6436.98 2591.27 7256.18 3635.62
1425.36 321.651 825.317 2293.04 6861.56 914.092 5529.25 2682.8
314.462 369.587 795.561 929.673 3231.78 384.221 7049.49 2724.71
1826.13 776.361 1468.76 1953.1 6793.24 1099.49 7258.76 582.715
523.295 126.199 383.661 2101.39 9082.96 542.352 1995.47 722.932
542.565 420.719 629.456 1137.42 841.488 1384.19 8365.7 3462.84
2689.02 940.137 2342.52 2747.44 6958.85 1198.66 4808.15 905.845
178.852 93.0752 76.7896 905.221 4761.38 1894.88 7385.27 5873.69
387.847 26.1902 258.462 1336.66 7574.79 2464.55 5805.14 1575.62
20.0826 26.5386 50.2636 144.658 12.878 351.989 6331.07 8426.11
34.0349 29.9141 51.0551 153.688 8377.58 751.651 4791.54 855.688
0.45073 0.552572 3.80234 9.08532 6.16221 10.4191 599.37 9958.33
