2884 90.022
0 0 0 0 0 0 2522.58 1119.84
2.23593 4.56457 0.288291 1.81991 0.0427373 0.233954 3865.08 0.000623215
5.5675 0.0849727 18.3091 4251.47 4.36451 3.75418 0.501279 8.79707
0 0 0 0 0 0 237.001 3225.1
184.675 876.084 61.991 19.7795 536.626 1996.84 11.0673 0
84.1352 6.11359 2.6322 3.28075 4239.75 1.27645 7.09878 1.97023
0.812283 8.25008 0.508856 0.112592 0.10643 4095.42 0.336578 0.640862
0 0 0 0 0 0 55.8306 3286.83
0 0 0 0 0 0 2525.12 869.133
1.4177 4.33274 4127.13 72.52 5.93267 68.8067 8.5042 33.0118
1.40875e-19 4.01706e-20 5.51425e-21 2.79812e-18 6.14955e-17 3.85931e-16 6.17455e-18 4217.68
4131.23 26.6944 12.5674 34.5815 8.98935 1.01623 28.625 4.45051
6.78061e-18 4.05628e-19 3.1902e-17 9.40027e-17 9.6764e-17 1.79516e-17 5.14184e-27 2289.09
17.6964 4004.24 43.0426 60.2462 8.79595 6.10284 9.70855 2.72838
0 0 0 0 0 0 2882.92 0.0267841
0.378685 28.8766 0.491281 0.549544 3283.4 124.743 149.584 111.396
0.0674974 0.206284 185.535 3958.57 5.84658 67.8083 8.38079 32.5327
108.804 7.66435 3.39692 4.20301 3099.54 867.183 2.97759 140.096
1.08046e-17 6.46347e-19 5.08342e-17 1.54113e-17 5.64893e-17 6.81457e-18 1.2294e-16 2438.12
180.86 320.05 83.0481 27.1399 259.567 63.0867 3035.55 0.00289047
12.718 26.0774 0.121048 0.998179 83.6848 16.4809 3638.68 0.000563983
3947.53 25.5074 34.9157 20.0435 8.6108 99.305 11.6613 4.3497
51.0649 272.169 44.6104 3186.41 204.674 66.7721 66.2233 60.8786
1072.02 174.171 24.628 244.008 5.18709 1546.51 93.8592 836.726
2196.44 147.633 3.69783 961.194 3.41352 187.429 123.781 8.39504
18.4849 0.0819823 1011.13 13.905 395.52 221.818 1938.8 334.602
34.0154 3871.66 41.7984 58.5047 8.5417 5.92643 9.42792 2.64951
6.57328 28.0639 1.31354 6.2021 1858.51 61.6771 1330.46 711.806
1.18548e-18 2.03602e-17 1.32262e-18 2.6161e-16 3.09485e-17 4.2291e-17 2.88376e-17 3570.78
368.191 13.0592 1700.98 343.184 201.539 127.494 656.972 0.488539
11.7635 64.1636 3844.24 43.3609 11.594 56.4601 13.2631 3.16555
1460.82 27.7219 20.8154 716.412 308.171 1092.48 5.95098 410.811
20.4396 5.88664 1.79667 425.242 232.704 2233.75 929.178 61.4475
15.7784 32.3526 0.0991814 0.28077 95.0799 1.62155 3771.99 0.000584646
2314.09 794.101 599.887 134.621 6.06942 295.951 15.7625 0.0334303
22.8262 0.242659 0.303506 4146.93 4.30145 17.9574 10.731 8.93077
1965.41 350.922 88.2592 44.8117 1494.18 56.8602 27.79 4.22454
0.365573 56.5838 1.74883 6.86134 591.636 1665.64 1200.65 123.131
3.04954 12.3739 265.287 3022.14 200.193 179.596 71.7897 402.096
1.07497 12.9782 366.514 651.711 1559.29 83.9931 25.7461 1461.2
15.7803 1.06067 0.0107487 35.754 7.30639 11.0814 2695.75 566.426
1.94189 0.312661 11.871 168.149 1.34106 3145.75 565.434 192.249
1.32079 44.3234 250.676 25.4646 1.62781 3337.64 32.9452 187.789
44.8238 3706.89 23.4291 17.443 8.08669 5.61074 313.436 2.70858
5.57096 0.0437959 4029.75 41.6579 11.926 26.6779 13.5396 3.23155
3516.17 16.4742 261.084 36.8234 9.63205 49.7199 80.717 74.1539
916.84 1637.53 313.685 44.0429 7.53407 1010.46 7.68368 52.0568
12.6234 2.33927 0.0362271 34.4497 80.6194 1837.41 1263.76 840.516
2858.72 82.1116 197.739 158.845 199.863 179.3 71.6715 392.943
0.0195809 0.644281 3.6459 338.267 1.38382 3549.71 35.0384 158.048
219.484 12.1668 3922.39 34.4451 8.95388 1.01222 28.512 4.43296
291.079 0.994833 12.2879 2116.87 1205.22 115.919 136.188 8.05558
3765.51 61.5043 229.892 32.8082 19.3523 0.720677 9.53432 2.70832
3576.63 323.849 41.9807 31.8826 137.365 0.627826 9.54022 2.71
893.763 161.295 311.778 634.585 253.341 1297.59 41.1966 476.692
300.631 3071.74 152.638 130.718 4.8714 390.787 1.48106 68.3903
2046.63 59.2818 8.97923 307.685 90.1611 9.91973 2.25148 1111.28
18.3832 37.5287 8.49818 16.5361 0.388319 70.5343 3538.92 0.000550854
1.16579 6.10364 54.1284 2578.64 1258 206.707 0.480354 8.42986
3252.2 254.595 127.584 141.185 5.03109 403.598 1.52961 70.6322
4.80359 48.7885 9.19407 6.24656 0.758707 3976.27 0.331729 1.3811
944.192 52.806 2.11396 352.254 1640.33 379.513 467.941 0.0461465
0.571847 0.00545145 12.4791 3550.51 226.328 167.508 57.7035 6.97388
2745.82 258.487 59.684 8.40008 31.9261 252.13 13.2797 266.218
2.01443 29.4384 1279.23 22.1588 659.802 276.812 1683.73 18.9708
167.085 5.04023 3696.6 31.6782 67.6541 11.6673 12.8438 13.8938
135.219 17.5761 643.311 211.09 447.664 412.457 1999.25 2.28462
3711.39 57.9798 11.393 31.3499 230.796 6.44871 21.5304 4.27188
6.75444 0.0712524 0.0206577 2.27306 7.17883 3665.92 76.4046 193.865
52.559 123.681 616.641 98.9094 408.363 2306.85 244.566 27.6556
19.2738 133.974 919.707 151.976 2752.01 19.1322 77.9475 17.1458
12.8671 48.9071 1.0691 23.9315 3406.44 108.71 227.288 2.43988
49.0645 5.10053 2991.61 505.6 16.6145 1.05199 6.07409 0.584297
3362.75 130.567 384.888 95.8367 29.1458 89.772 34.2402 6.24532
7.93436e-18 2.97339e-16 1.89839e-17 7.97362e-18 5.29331e-17 1.05748e-17 2.96561e-19 3658.34
93.2953 22.932 564.372 93.952 415.648 330.253 2371.64 38.6392
128.652 697.057 61.0251 1740.72 6.64963 34.1045 1431.26 76.5603
32.269 64.6548 3.12247 37.5318 2469.36 125.301 21.1525 1198.69
43.4634 516.83 88.7999 311.831 1952.88 25.8435 243.813 806.588
136.351 20.1548 6.7424 2180.49 4.40281 924.094 699.066 47.3545
5.08672e-17 3.58062e-16 5.09758e-18 7.14471e-20 8.79442e-18 1.07388e-17 1.95566e-18 4023.7
80.9176 1159.8 101.061 2473.74 9.45476 5.63038 139.171 70.9224
16.1693 342.142 1805.3 1278.68 306.824 48.5409 178.068 6.11795
24.3839 2.47529 1119.04 366.739 2.13128 155.609 2290.23 2.46406
330.582 726.201 15.9852 1.22837 2.14421 2620.3 92.7392 6.50925
1190.1 12.6303 20.7391 233.381 4.88027 10.2508 528.31 2195.55
32.3668 2887.21 85.2456 121.443 338.45 159.491 296.44 95.0225
4.80018 106.676 3.12153 38.0476 114.599 3469.63 92.4341 202.568
3.11839 0.648312 719.65 1604.96 472.591 278.572 358.73 347.22
21.5477 2.49184 1168.92 420.255 0.867505 166.322 2322.21 2.55248
465.39 3346.17 10.3683 22.2605 8.19673 5.68708 331.816 2.75472
0.24926 3.5802 768.266 1333.17 201.987 286.572 2.38932 1404.35
1483.11 153.225 32.1222 351.513 23.4071 37.3831 8.17054 2004
1586.82 81.6218 289.784 843.476 177.244 725.875 87.9164 65.4653
15.3357 63.5435 1220.06 32.5441 1726.3 272.434 57.5521 378.125
7.80803 46.4019 3.93762 1659.6 846.785 1361.33 0.45942 37.7362
2426.75 162.224 60.5367 855.832 16.9472 362.951 118.822 2.97687
9.60182 0.683544 0.347875 2891.57 242.261 138.981 812.792 8.61335
13.3597 0.610813 44.8962 3242.77 52.1914 192.93 25.0411 469.63
665.049 1209.15 109.927 283.624 81.93 254.519 0.463918 1324.52
19.8882 1.61128 0.971345 7.46055 46.033 1910.66 1282.6 756.77
10.3885 0.754868 0.38322 158.164 4081.37 1.25147 6.76333 1.93159
0.343972 3.57054 178.577 33.9539 3645.03 63.5615 0.000533019 85.1547
2.2125 0.353879 0.4696 36.1399 0.288232 3731.82 33.4656 190.946
2.5746e-18 7.34148e-19 1.00777e-19 4.76208e-17 5.47048e-18 3.60068e-16 5.71061e-18 3900.77
808.856 164.049 15.0233 161.291 191.851 26.7027 487.496 1876.96
114.006 472.957 1809.27 68.651 1117.28 104.316 8.5523 498.643
12.7307 953.989 28.669 10.9812 12.9592 2477.33 156.884 244.994
12.1366 24.7765 0.078268 9.49684 84.1675 16.5209 3429.58 0.000533835
3385.11 245.975 121.813 60.8077 199.666 6.40561 20.3839 2.54708
7.23331 87.821 4.07963 31.5787 0.216895 6.70498 3306.58 0.000554642
198.641 403.982 19.9321 311.067 507.201 2124.39 250.443 34.5358
38.3471 3627.95 306.838 58.8851 8.59723 204.402 0.144716 2.48991
447.79 3188.62 45.3304 0.635345 78.2045 95.4952 17.3908 3.26232
4.97594 29.9776 1.32553 9.66425 2025.63 1.37382 1369.51 744.156
423.677 39.4273 76.78 28.2243 233.604 58.0904 2795.14 289.117
1.35204 0.2549 41.104 2428.13 0.820672 121.252 1044.57 361.687
102.007 552.692 49.042 1520.72 21.6019 205.514 1459.71 73.7621
3023.2 19.5348 51.8787 262.96 20.4185 472.548 174.447 6.66197
5.49774 23.81 3300.4 456.182 246.114 77.9581 6.99468 0.46032
6.99635e-18 2.62187e-16 1.65243e-17 2.47854e-17 4.94698e-17 9.88289e-18 2.77157e-19 3418.98
1242.34 64.8719 19.7732 1.51945 1.45842 2552.09 107.674 6.85376
279.949 3011.41 192.65 97.0663 14.9087 0.867177 181.605 114.862
2109.8 181.609 121.38 791.874 291.525 428.038 111.56 9.94065
28.4448 1.84247 123.7 2718.32 117.241 1.62515 885.811 7.91783
18.5694 642.815 1833.28 475.509 17.3331 48.6276 1149.66 18.0775
0.795962 11.632 505.461 8.75561 260.708 1424.49 1640.99 18.6372
34.6993 3282.83 277.649 53.2835 7.77939 367.001 0.137155 2.35983
574.764 55.1474 2651.03 17.0256 63.9583 111.592 438.719 1.92899
0 0 0 0 0 0 448.415 3006.2
588.454 1102.16 203.401 44.6443 864.654 970.203 6.01538 2.30509
69.5012 537.237 2300.3 576.981 473.737 118.009 47.0503 23.294
35.8303 2.6276 157.071 3451.65 164.636 1.17897 20.0334 7.82806
119.608 1705.58 32.206 1077.36 386.372 148.153 91.8976 469.38
7.07409e-18 4.23184e-19 1.35674e-16 3.24617e-17 1.27706e-16 3.22841e-17 1.26205e-18 3111.95
1314.41 381.43 56.6035 2037.42 143.284 67.0889 55.8359 12.5957
3.44898 0.717041 795.941 1775.11 522.692 154.113 378.821 366.666
2.69729 6.34142 74.7846 3.17136 2854.63 1145.48 1.61785 6.07563
206.035 901.083 125.715 31.0724 2593.93 73.1214 38.4537 11.6849
139.121 2318.11 280.929 346.313 65.7691 346.21 393.113 186.033
1.26255 3.6964 3559.08 62.5384 460.007 66.7684 6.73084 32.0221
420.474 1010.88 83.9716 215.49 894.617 10.3646 2.35246 1161.12
38.1045 324.003 1629.17 35.9174 98.1837 70.5697 1617.57 139.222
268.653 576.614 14.5753 164.246 3.25245 416.948 518.372 2154.25
1.08488 6.19187 54.0228 2574.51 1299.36 208.653 0.484927 8.5101
821.015 55.1844 0.540053 1860.17 228.789 4.77055 729.984 10.1758
1381.57 26.2179 19.6861 677.545 43.201 941.822 395.062 395.455
2935.43 18.9677 19.4848 1023.83 39.0841 0.97348 56.7221 4.29404
331.739 1491.9 286.447 1372.26 224.414 39.4656 179.11 0.595511
3130.43 121.547 355.456 269.496 28.4336 87.5784 33.4036 6.09271
478.013 961.09 113.387 72.1921 1137.25 258.767 40.838 668.952
91.5829 348.1 10.1552 185.741 2977.86 24.7518 219.042 1.67351
16.1909 606.75 2022.67 65.0566 431.88 86.2794 2.41963 486.165
4.1003 16.2612 241.008 2279.68 1404.46 48.4457 9.74124 19.9038
43.0769 3532.23 159.326 91.4866 8.1582 79.306 9.17733 2.57909
163.16 1969.17 92.2628 775.562 38.8743 893.742 121.258 106.006
2.1324e-17 1.27564e-18 1.00327e-16 3.04158e-17 1.11497e-16 1.34498e-17 1.47188e-18 2584.27
1255.97 189.256 37.4865 356.603 166.04 214.123 1786.57 102.351
1146.28 7.4068 3.48704 162.783 2702.9 1.45394 82.3053 4.30674
3.28876 877.161 157.258 124.503 1.70134 1708.16 1078.73 106.408
332.326 625.829 158.857 18.6528 3.03515 82.5079 2625.77 5.3349
229.147 1415.84 62.833 63.199 190.392 816.831 213.364 978.988
340.183 32.6398 2915.69 74.8625 65.2267 114.798 466.362 1.97708
92.262 437.683 30.9701 9.88165 1079.41 1962.41 10.8765 0
6.78061e-18 4.05628e-19 3.1902e-17 9.40027e-17 9.6764e-17 1.79516e-17 5.14184e-27 2289.09
8.58509 13.6291 1080.16 401.684 686.25 36.7971 1897.86 1.17268
47.4623 0.226756 1882.9 26.0772 734.841 727.389 317.402 117.891
560.113 2023.74 86.6811 44.8181 142.494 1174.67 20.4485 2.55515
2.45378 6.49708 74.0578 3.44914 2837.01 1138.41 1.60787 6.03813
527.284 839.018 38.8332 570.599 136.011 39.2822 1781.58 35.0969
33.076 1144.99 66.3075 247.973 8.80523 1519.87 1187.08 20.7899
153.546 2165.39 40.1329 898.36 289.294 110.375 230.77 27.703
1214.48 181.878 38.6709 345.135 147.312 205.808 1717.19 98.3761
9.28218 17.4252 1086.22 51.7404 576.552 164.436 1413.83 633.248
5.47602e-17 3.27584e-18 2.65528e-18 1.37607e-17 5.41304e-17 1.3892e-17 1.34658e-16 2559.99
1.23152 13.304 1192.25 23.0967 2089.76 111.282 31.7729 662.419
386.537 829.63 20.9709 119.266 4.30787 573.677 7.21175 2131.14
15.375 1.08305 819.066 291.912 545.44 450.021 1874.02 136.782
246.932 2242.76 237.389 167.55 118.152 1.40791 843.273 7.87797
24.0459 3934.65 11.9653 32.9246 19.5633 43.2264 33.1121 31.2082
354.581 2531.18 509.516 341.1 6.05409 35.3612 0.877909 202.599
2.58311e-16 9.9407e-18 1.36865e-17 9.59374e-17 2.7563e-18 2.0687e-17 5.83863e-18 3761.09
2.15066 31.4292 1365.74 24.572 711.926 296.701 1581.99 19.2062
31.6466 0.246658 3113.2 411.697 231.221 86.7181 40.4174 137.786
9.39068 0.82177 0.494585 2911.64 269.857 141.072 825.127 8.74406
114.047 32.8458 10.0249 2372.73 28.1941 337.984 945.298 61.5252
1726.71 443.04 55.7572 980.301 7.14371 444.634 13.6292 519.151
371.974 2208.22 288.595 160.948 592.321 199.258 78.6313 136.367
2.48412 0.163956 0.48455 37.2904 0.0790123 3829.97 46.5283 0.839395
4.03956 334.068 9.87204 55.0239 2.66574 3238.74 14.2143 89.3539
127.096 1368.07 24.2852 41.9696 4.96364 652.322 170.393 1559.96
258.562 27.1038 2727.2 500.137 4.95775 0.976292 5.9243 0.5573
0.0903671 0.170637 176.876 3773.82 5.55973 22.7105 7.90631 30.6909
272.656 3.48525 1403.34 447.391 945.321 870.975 59.7432 2.36518
7.92776 42.954 3.80441 1481.35 814.553 166.926 1498.97 70.4063
126.97 7.46496 581.769 1638.68 45.5158 1052.47 9.37244 225.808
13.782 0.630123 46.3156 3345.29 3.47699 188.162 9.212 474.241
171.727 397.169 2156.83 540.995 63.1091 108.295 473.199 18.8126
147.947 19.5346 2428.5 35.7322 1.12548 118.128 52.3628 1432.23
43.3625 81.5776 2561.05 122.101 27.4288 981.352 7.46233 51.2501
788.991 1434.5 130.945 162.352 91.9892 282.584 1112.44 2.48992
109.574 488.396 1926.39 72.5952 1217.21 110.838 60.4196 113.411
2616.76 327.708 58.4953 19.1408 31.4035 248.003 13.0624 261.861
1172.49 69.5291 27.7347 373.928 39.6677 173.459 2185.03 3.00496
0.904163 97.5013 3.1702 32.368 2404.12 122.846 20.6003 1121.02
661.064 1503.62 67.67 831.947 5.08467 157.185 246.079 25.5556
138.314 1330.39 23.8554 55.1407 70.0973 673.734 175.986 1611.17
0.740567 17.2497 571.79 1157.78 814.927 33.1773 1392.35 84.3013
798.985 2782.49 447.578 56.5212 31.5061 67.2667 102.135 32.9951
1681.6 126.184 103.227 1269.74 199.652 181.986 154.945 426.38
7.8144 24.803 3211.6 367.632 71.4833 288.853 186.563 1.9185
3.2133 40.864 162.339 2235.25 1019.18 111.442 309.877 133.789
1352.24 409.673 276.577 440.515 3.76532 40.5645 424.802 1022.36
7.53407e-18 3.0203e-19 8.63816e-20 1.96027e-18 1.6662e-16 2.36095e-19 1.40655e-16 2931.89
10.3511 69.4996 846.834 445.19 196.833 30.0288 2034.65 392.276
18.8548 39.5892 1548.15 881.515 1372.05 124.82 59.52 139.158
156.606 62.6681 1.31395 775.121 2340.38 55.4742 368.791 273.639
652.3 1863.92 308.999 43.385 7.43171 1107.12 7.78742 52.7597
6.74254e-18 4.0335e-19 3.20874e-19 1.84752e-18 1.57036e-16 3.39289e-18 1.35087e-16 2815.84
4035.38 26.0751 1.59427 86.4292 8.87051 3.38032 90.7069 3.43524
412.042 2437.08 490.045 229.856 5.78293 33.7774 9.09537 193.967
538.995 33.5141 2409.45 357.91 6.40313 147.72 496.49 3.62676
1762.97 213.485 140.3 239.45 45.5413 1053.06 389.737 172.473
1306.26 147.952 85.5298 218.962 909.031 10.5316 2.36443 1179.82
175.664 2497.65 855.806 76.7109 7.83736 59.0418 416.759 23.3288
328.474 721.95 15.8657 82.0224 2.29257 2801.61 16.4263 6.81754
268.555 1041.54 134.569 730.109 141.43 0.851211 155.527 1375.59
507.956 30.012 2290.01 11.3747 5.44355 0.696547 99.8943 1041.45
19.1017 243.377 1666.84 118.669 137.365 665.4 87.8968 994.204
0.843297 3.84535 416.297 11.193 11.3675 3050.57 158.587 393.183
770.601 2394.3 32.7152 192.11 440.45 88.2273 209.095 3.76172
1.75185 3.76002 0.0121433 877.92 0.682051 372.748 538.261 2267.07
1.40145e-16 5.9806e-18 1.30619e-17 3.74791e-17 1.37441e-16 2.55003e-17 9.10961e-18 3405.99
209.245 2611.22 17.6135 13.1133 5.35989 881.705 316.877 119.236
393.117 840.123 21.2653 120.94 8.33102 575.594 64.4308 1963.54
550.355 36.992 0.374873 1246.96 153.368 351.308 574.891 596.624
1783.26 318.398 84.5949 40.7427 1358.5 53.9727 25.2824 213.47
511.342 40.0299 2802.72 384.87 4.98232 292.589 12.7638 68.3302
8.13175 124.695 441.518 1127.48 781.426 31.8298 1349.12 82.9519
126.58 596.33 69.9729 1682.25 29.5963 463.278 225.853 433.869
60.0975 22.2736 642.196 1578.88 30.0031 4.42813 48.0165 1724.3
0.0141028 0.0431006 38.7654 827.097 443.39 2705.86 18.5879 30.8398
554.865 999.78 180.213 40.6387 725.061 176.089 60.9994 938.269
105.283 12.2523 1101.5 233.958 2.08701 1384.86 1010.7 91.8128
1642.63 112.157 39.7901 182.317 787.136 194.258 0.372715 1275.71
55.724 444 2248.32 48.6632 11.6235 758.96 309.136 141.519
130.195 250.219 1225.52 881.153 1351.58 123.609 59.1808 139.719
15.1247 0.429566 64.8707 2735.48 209.404 816.982 15.0365 140.945
187.595 1947.3 79.4879 1470.2 234.762 307.862 0.346581 51.795
81.4466 790.723 2.75546 1915.43 6.01047 16.1685 1444.65 4.46465
11.9088 1080.95 16.7189 12.2409 0.315759 2732.28 33.1863 56.9039
758.473 1168.19 53.9262 51.0362 139.859 40.3934 1831.98 34.4626
1.08287e-16 6.47789e-18 9.81129e-18 2.82455e-17 1.11119e-16 2.8516e-17 1.09973e-18 2711.7
70.0812 670.464 56.3333 1405.12 5.49408 3.24944 1659.3 69.1405
70.0463 2.67535 21.643 2815.17 216.367 847.192 22.8503 146.01
201.405 13.4713 3638.37 33.1957 265.716 1.0013 51.411 4.40948
1230.57 62.9509 205.397 66.6908 36.8569 171.165 2119.38 65.6929
2.64306 14.0872 2.30899 164.925 3711.7 69.2011 2.77633 62.0631
2090.13 155.771 132.265 145.375 106.283 278.414 1118.94 4.69627
2373.89 212.756 147.701 340.058 192.977 175.901 149.764 412.125
415.155 118.047 84.0231 296.522 1873.36 804.043 12.2416 475.07
309.723 662.166 16.7587 28.9673 489.4 635.358 8.31569 2047.23
1.33681 13.8765 0.566435 3702.24 222.79 309.548 0.348479 52.0787
6.33051 23.6779 0.0907013 0.0180467 1177.86 2891.52 201.837 2.14298
26.6313 4.45687 1510.11 5.59532 0.831788 159.474 2226.6 2.42762
553.769 205.24 32.5658 1562.12 30.6576 4.44054 49.0622 1754.83
23.7525 48.4899 0.153178 18.5862 40.8125 16.6648 3459.47 0.000538487
32.1742 1124.33 32.4416 167.253 2635.41 1.8789 97.584 12.4538
724.391 2124.11 367.534 186.394 462.922 89.999 10.6413 8.49956
67.3724 745.74 115.875 43.1753 10.8125 11.3305 3165.49 0.00298415
2.56254e-16 9.86153e-18 2.97449e-17 9.93681e-17 2.89982e-18 2.16379e-17 6.10701e-18 3933.97
2531.43 229.211 29.6682 1057.61 132.995 26.0409 8.70793 2.63085
161.409 493.295 2501.68 182.937 480.323 87.9847 45.641 30.4302
823.084 1580.05 295.049 63.4885 1035.49 26.7146 66.1918 2.61891
1106.78 114.345 24.018 237.337 17.1787 27.4358 543.474 1986.38
97.252 719.957 128.363 640.25 202.852 1152.35 126.062 531.718
208.586 374.368 93.0032 3.81481 1381.49 779.369 235.601 779.422
1858.9 124.147 295.225 33.6488 8.62758 350.939 21.8676 1234.87
116 1654.14 31.2345 1044.87 377.283 349.562 136.972 489.132
44.3762 13.4442 2341.69 42.1043 3.91919 39.9562 434.918 1012.74
171.371 1.24798 15.5151 0.80344 3843.99 1.13237 182.762 4.42233
7.59564 24.1086 3121.69 253.358 67.4242 475.62 177.936 1.90419
833.216 1781.36 10.4348 253.063 1.78911 1214.15 0.836371 2.49838
941.743 83.8892 1.32935 362.073 1686.05 387.4 489.329 0.0475008
637.194 1148.12 197.569 35.48 14.3365 703.501 25.2742 945.409
2.09717e-18 2.49151e-19 1.04161e-17 1.44148e-16 6.16993e-20 7.62391e-18 1.43513e-16 2846.14
849.847 172.363 15.7847 169.465 201.574 1.33968 502.68 2070.5
434.127 88.0482 20.4202 1203.8 298.468 203.373 983.556 327.022
455.318 74.1208 34.2699 686.142 10.1085 1541.55 611.549 510.6
3.55198 0.0622009 0.249818 50.1123 24.7168 1765.56 252.355 1749.48
12.4547 47.3394 5.66357 24.9096 3547.47 126.855 224.333 1.99656
33.9077 3207.94 272.608 52.0871 68.8328 190.325 312.26 2.42703
281.056 1238.53 90.8585 20.3747 35.6958 2004.13 12.38 48.5278
1.44203 12.3536 1.72521 3641.49 219.135 304.469 0.342761 3.1669
8.74985 17.941 298.952 767.182 2291.21 338.006 282.898 5.64101
412.933 32.3261 16.1994 15.6512 1.60046 2968.35 479.114 321.725
1930.15 293.141 109.541 444.662 11.1492 45.338 1240.82 17.5981
0.704505 7.15542 0.441339 0.929088 0.101447 3903.64 0.320818 34.4655
7.69663e-19 2.8846e-17 2.33622e-16 2.33406e-17 4.55371e-17 1.06181e-17 2.82222e-20 3166.23
612.36 53.273 15.0933 1051.41 689.683 294.54 0.342234 1494.68
