14 33.1256
0.365644 2.58793 3.67363 299.362 5134.47 61.0068 1147.21 3255.25
0.138596 0.894124 0.76667 6.92287 721.085 1309.43 2043.38 5261.52
0.00291308 0.144849 0.135776 1.16429 2105.86 458.067 3961.67 2663.63
3.90205 11.9739 161.492 375.863 2971.83 683.082 64.6611 6042.78
32.9526 32.3089 58.1948 391.158 21.0852 118.972 810.091 7408.68
11.2612 3.70179 66.0491 1080.65 308.897 83.3403 2905.39 5502.82
10.3607 10.7448 26.1542 180.841 1114.12 2730.02 11.336 6768.04
10.5078 7.46648 59.3365 1282.65 2.33288 1136.21 363.28 7443.12
0.143677 1.38241 4.24137 11.04 15.858 0.366549 2031.75 8244.27
1.149 12.1574 14.0526 130.358 822.951 164.109 1489.48 7033.63
0.709081 39.7604 2.49413 92.9192 4913.68 625.111 2342.97 1383.61
8.67451 11.9481 371.073 1701.92 1510.9 3.2958 1846.43 4120.4
0.338769 2.28106 9.67402 246.477 762.444 3147.1 2535.24 2183.83
0.375015 0.657446 12.5892 203.237 1376.45 3832.98 3625.42 86.5387
0.918234 2.95082 7.3335 31.0864 4054.22 415.728 4945.31 135.232
0.0287852 0.0400136 0.104994 0.981413 605.124 4061.09 3456.94 1079.36
1.3192 1.82188 21.8408 1.31709 20.7221 7564.29 86.2312 2571.91
5.94821 3.71348 44.6022 1202.45 1819.58 485.925 1466.24 4370.38
0.106346 0.556355 0.728759 7.23733 511.543 268.237 4964.77 3372.02
0.308875 0.634149 1.24049 58.9943 5991.17 1713.79 37.1047 2660.21
0.00015946 0.00326512 0.00662522 0.0279171 150.698 6300.89 276.555 3983.01
2.83602 20.613 47.389 2361.79 4498.48 383.901 2731.11 8.8137
0.418991 1.13533 14.6631 1.16818 14.869 5418.79 497.003 3564.28
0.000296096 0.0898822 0.523898 5.49477 181.643 12.8666 3749.77 7041.26
0.414151 1.51277 1.49864 2551.23 1547.8 1175.69 2998.07 1067.06
0.506573 1.22757 11.0551 201.296 1297.81 6883.39 1662.84 36.5932
1.31174 2.35573 3.31532 1705.54 3805.3 378.939 2340.13 1480.09
1.8401 2.13234 39.0444 1404.75 2050.89 2332.32 144.077 3812.76
1.08431 15.5825 117.496 276.468 4142.23 5745.78 99.1801 23.1119
2.64115 5.69691 264.856 1675.28 4123 2369.64 0.0279646 1811.99
4.93946 15.5777 26.9886 3038.08 932.544 2690.92 759.458 1726.83
14.7819 48.2785 67.5355 308.758 3516.17 409.703 949.287 4625.98
1.29221 17.3838 8.81383 173.076 2514.4 1299.98 608.601 5648.68
35.0381 55.0631 6.92206 2366.1 989.288 1573.3 4283.23 132.295
6.52833 10.8146 81.5348 1433.72 4145.06 738.493 434.953 3461.37
0.055444 0.125055 0.447465 375.012 5053.78 2486.37 1642.46 51.2237
3.15248 80.8389 41.1243 652.041 3563.71 528.798 4536.48 12.2867
10.5701 47.6971 76.6147 305.729 1730.77 4801.48 9.32983 3550.17
0.140436 72.902 268.879 915.876 1796.08 0.177097 4617.54 2319.05
8.26261 10.2158 64.2538 34.8974 499.8 6696.47 2461.74 276.776
11.8009 17.6077 75.441 605.082 2960.87 6386.25 86.3019 168.38
48.7337 41.1729 271.384 2014.52 3517.8 38.2238 2678.07 1096.4
7.63833 22.5212 8.73051 992.611 106.306 1364.34 5019.67 2276.14
1.76783 25.249 36.4187 306.247 1153.71 3497.09 595.434 4396.62
3.3967 10.0303 11.4603 587.448 2831.42 1656.47 3231.2 901.259
0.637419 0.794805 7.44084 1.30938 14.994 6105.1 2264.71 1476.57
10.0672 17.7328 66.1944 397.642 5324.58 4730.25 11.1271 97.2427
7.47284 19.8681 166.029 1892.96 2548.73 73.0828 2484.68 2928.19
18.9153 39.854 503.066 96.4801 685.099 4598.24 60.4126 4031.26
0.35718 0.697606 11.7881 2.92819 34.5689 3875.71 3327.46 2617.62
17.4982 16.7622 136.323 930.213 6082.28 895.611 297.396 1612.41
0.00198538 0.0101157 0.0196125 11.9645 105.001 111.424 5114.73 4731.66
5.0315 6.21454 208.472 108.484 134.387 3989.82 3288.96 1521.41
0.144985 0.0509973 2.02236 3.98932 15.4428 1694.67 1.88214 9101.66
0.088953 0.179308 0.825996 19.0641 6292.53 3025.01 362.736 567.13
13.7654 16.1239 40.7263 394.471 4386.28 2930.18 2270.96 0.777359
2.64115 5.69691 264.856 1675.28 4123 2369.64 0.0279646 1811.99
0.140436 72.902 268.879 915.876 1796.08 0.177097 4617.54 2319.05
0.00149457 0.00162228 0.00132379 0.0300324 0.0361086 74.1453 262.097 10162
0.000449074 0.000182316 0.00076968 0.00160341 27.08 378.376 39.8071 9140.12
0.000449074 0.000182316 0.00076968 0.00160341 27.08 378.376 39.8071 9140.12
0.000449074 0.000182316 0.00076968 0.00160341 27.08 378.376 39.8071 9140.12
0.00015946 0.00326512 0.00662522 0.0279171 150.698 6300.89 276.555 3983.01
240.545 85.1147 237.323 468.031 1496.45 1745.96 1337.07 3949.78
0.157272 1.05579 0.853114 1.90835 5.16473 3.48037 10.3089 9924.06
6.56347 6.30851 1.1674 14.5699 40.3801 158.637 2175.29 8426.04
24.554 64.5108 31.2478 413.878 655.619 141.578 1711.3 7083.7
2.92518 121.628 1104.85 205.887 349.623 2194.08 1873.19 3777.83
3.776 69.2626 60.8039 742.725 1972.49 3703.12 2306.91 1785.02
666.443 64.3094 235.972 1380.01 746.757 1341.24 4231.12 2339.34
18.688 26.908 69.9169 720.101 776.08 1720.2 2881.28 5356.3
65.4959 221.548 2346.04 680.821 3713.43 1069.62 1210.72 324.291
34.6284 462.37 114.774 93.954 260.692 2181.53 6009.64 2093.02
18.0297 3.22911 13.4735 92.7355 63.1385 129.366 1334.55 8019.28
4.69433 8.16607 0.750513 20.8656 19.1735 54.7522 127.542 8998.29
1.26566 112.84 14.838 154.559 648.35 1654.27 2384.75 6228.79
286.255 316.25 254.078 233.238 2067.73 1605.41 2312.7 3431.46
1.1586 27.5924 9.11086 46.3266 59.1136 33.3162 248.443 10621
2.92365 4.13187 3.46662 166.421 50.235 128.749 3083.64 7389.93
47.1051 15.9672 12.0184 101.196 775.18 226.129 5066.67 4050.15
16.7571 28.8376 12.3632 554.553 1056.52 4517.9 248.962 4888.54
4.68402 31.5132 22.1156 36.5098 931.849 3134.63 1339.9 5555.51
2.33678 90.7849 129.085 89.9087 180.551 646.328 588.089 8966.34
0.310887 0.00965282 97.8337 77.8119 326.03 656.855 1661.44 7302.99
6.47459 146.954 113.719 221.646 401.468 964.29 1870.5 5651.32
53.0689 68.3151 692.553 370.13 4533.15 1199.12 679.154 2862.58
108.948 360.545 37.1299 443.446 960.719 53.5413 6692.29 1391.57
0.178598 4.04823 19.7556 26.9126 320.383 471.69 163.46 9374.36
0.120185 0.36709 0.690434 0.402436 30.6074 20.2503 376.848 9281.55
0.752319 2.48149 52.5149 46.4287 50.8655 1025.69 4031.78 5859.41
159.286 217.571 586.858 332.359 4244.11 1400.52 932.813 1868.96
101.398 172.143 107.013 242.494 157.892 433.804 3955.95 5057.29
11.7135 33.9947 195.735 907.337 2138.69 3808.35 3471.23 738.947
9.48946 130.166 24.5479 571.932 282.098 582.736 651.08 8777.74
0.636947 4.55761 1.91227 719.607 2438.7 21.8772 172.793 7840.59
34.102 45.6585 20.6193 92.7029 414.293 634.535 4352.98 4338.59
90.8072 155.432 86.6434 242.295 698.165 2286.81 648.955 6693.68
1.51628 3.09866 33.8695 5.58698 2452.56 3018.42 4388.13 39.6144
14.7548 20.7594 55.9959 10.3897 94.0385 256.461 2134.14 7439.06
17.3934 28.0181 137.934 90.6698 263.487 563.559 8107.9 677.791
16.36 185.369 84.7433 967.497 451.347 658.005 1214.4 6948.97
0.0766744 7.8226 8.7887 48.7773 962.159 2768.48 6096.1 476.024
38.4709 16.5209 25.3988 68.9452 300.897 2245.2 7349.01 248.693
26.0165 27.3568 62.2087 15.1736 40.7816 28.1036 909.505 9374.63
0.708207 0.112406 0.043466 298.144 2135.67 201.237 1262.09 6372.29
1.91293 0.346573 2.44674 1.05874 44.4981 74.9845 5438.28 5006.16
71.6156 71.1187 18.9794 39.6942 602.868 704.481 6454.77 2557.15
173.401 27.7937 166.446 2.27307 1933.8 4839.53 1004.01 2556.88
0.0766469 1.56594 153.091 74.0192 5022.95 2049.63 2117.96 1409.27
73.4056 341.111 189.269 990.703 397.13 1667.93 565.708 5339.03
1.16193 0.384027 2.14493 33.4972 703.752 3342.44 3646.31 2210.82
1.94554 2.75476 27.4325 37.0899 132.657 187.974 6049.55 4074.21
41.4578 75.6297 150.224 34.8499 338.733 401.981 9020.43 1525.6
12.9339 29.6444 574.507 36.9005 232.756 622.74 5137.52 4030.12
26.2318 69.0959 549.254 72.5773 491.482 130.857 4688.53 4717.59
121.093 52.3494 466.152 513.261 367.204 904.908 1507.12 6505.34
14.4752 86.5805 77.9037 56.8081 500.945 15.3514 673.593 8897.83
0.465553 1.42399 4.1561 9.02768 174.108 1419.08 2586.76 6077.14
0.870352 18.8597 311.104 98.9513 336.227 554.941 1105.86 8689.58
37.6796 471.875 485.631 1199.13 623.994 86.3879 4609.71 2619.99
56.2035 61.0036 77.2975 49.7129 105.696 2972.34 5104.27 1668.92
8.69732 29.8915 93.2187 228.391 741.427 90.1143 273.415 8309.87
1.5368 4.64768 28.2517 28.1944 84.5386 1416.12 8377.05 996.21
61.8339 61.9739 63.7277 833.861 201.788 1172.73 1512.76 6583.55
0.269511 4.37827 4.34721 4.88396 30.8848 29.4773 1803.58 8546.14
18.4202 62.7621 64.7235 60.5523 45.7387 1975.35 478.461 7825.19
66.4557 6.32107 275.006 1219.2 480.1 792.287 2510.71 5104.62
0.767203 2.44962 50.4162 92.1277 362.199 356.983 1455.93 8692.41
153.731 186.394 143.869 1938.89 616.286 636.877 4092.91 1986.97
2.49285 1.09923 19.8521 34.0037 347.186 3403.24 1112.36 4925.93
0.0129623 0.124912 0.687266 0.298382 1710.22 1003.11 1067.62 6689.64
12.1023 812.943 17.4473 326.524 5971.03 1326.02 1514.47 371.479
1.56148 42.4473 38.7768 104.83 507.462 967.661 1971.99 6791.73
18.5981 90.2947 85.3506 140.521 543.828 545.907 5801.15 2875.87
0.598768 0.152915 1.05324 3.39542 17.2034 5.21964 131.104 9584.84
3.82335 9.25757 65.0116 97.4175 910.667 178.759 2530 6364.58
342.354 92.9852 120.327 36.9449 2092.14 1428.94 4688.75 2002.82
5.49911 12.114 43.2467 87.3064 143.887 5.36121 583.101 8806.76
46.3779 19.9263 9.36442 67.4121 1778.17 1416.22 1040.54 5965.15
0.512831 12.942 750.87 250.442 917.742 1649.12 1864.9 5662.34
1.4807 4.40134 39.345 359.851 840.004 2643.4 2978.71 3018.61
2556.39 24.4066 229.102 1502.84 2347.67 860.808 1509.7 1959.8
172.065 349.451 460.379 395.858 2159.54 1671.86 3650.12 1362.76
62.0002 2.5199 87.2853 586.514 162.875 808.106 7222.96 726.672
0.988813 9.98996 80.6778 606.057 1029.92 784.134 1096.55 6849.21
2.10414 1.91094 5.82794 0.602905 10.8653 212.408 3369.63 6466.63
29.8296 835.638 1271.29 165.223 1061.96 650.877 360.755 5989.65
1.12068 2.62461 1.89056 1.49087 74.8458 65.8035 3222.01 6913.35
1.57159 1.49159 87.6734 17.5155 627.572 56.8653 1033.78 7811.58
56.0407 1.40249 73.3339 22.3706 903.886 796.579 88.7842 8630.09
13.3138 8.96976 6.0936 39.6378 80.6649 327.149 800.763 8921.25
32.1006 11.1417 138.571 68.1208 815.37 2355.4 5769.07 1858.94
4.57044 65.2043 51.1438 1032.35 1614.5 2608.52 1346.99 3378.12
380.971 62.9387 72.6554 174.388 769.749 7165.22 467.876 1993.24
179.874 26.6386 295.021 378.127 26.2359 4608.9 4578.47 1327.4
281.285 170.966 469.65 1295.53 898.618 553.722 5532.87 1162.61
5.75344 5.48862 3.73553 4.29534 6.59541 294.898 161.515 9818.68
103.703 480.384 349.58 102.34 685.183 2144.66 2222.34 4382.86
41.5944 108.783 639.612 42.9088 1611.06 693.876 2357.2 5151.25
14.5686 67.1256 42.1469 1522.49 526.566 520.142 716.441 7517.1
32.0647 30.8391 13.6209 36.6298 34.7978 58.7688 5558.03 3824.56
18.4613 8.59671 30.758 762.734 241.366 623.498 3462.09 5667.55
33.7783 1988.28 117.954 1428.66 1072.09 2371.72 1378.95 1690.45
83.4099 28.486 5.74268 205.408 1455.35 636.205 2107.48 5763.71
25.8551 101.051 126.665 506.95 1260.95 2870.74 4624.36 246.105
3.66503 0.94151 79.3359 56.2963 201.066 613.864 3778.39 6020.17
14.7982 10.9555 21.4691 24.0582 7.99723 95.6338 4998.91 5749.69
0.127627 1.64967 1.70651 96.9003 1166.29 119.041 157.989 8853.84
8.13167 4.18259 10.1996 592.336 801.596 1328.07 408.909 7584.54
0.688932 1.78853 1.77544 10.9899 29.5692 64.239 5714.56 3979.39
4.74793 86.0027 0.279474 28.8844 554.206 1159.54 792.595 8241.85
70.3263 23.8537 612.08 222.997 343.947 391.102 664.132 8216.17
0.953453 3.73173 3.16186 70.898 208.4 2749.96 1184.15 6382.66
29.4168 19.6234 26.9149 68.9077 50.4172 37.4581 4365.58 5586.71
54.1566 45.5273 52.8749 684.875 940.713 250.765 5296.04 2154.38
0.117039 0.20236 0.178784 1.71054 0.856045 97.0415 7462.05 2571.26
70.0194 158.294 768.836 204.705 352.531 415.338 7061.89 400.846
211.556 68.871 7.33849 136.865 1531.84 2812.71 3129.73 1926.64
179.559 173.045 236.978 1018.87 1427.68 1511.82 1734.85 4489.33
33.0388 62.0077 297.323 117.352 406.989 1922.36 1829.1 6270.98
9.39048 133.698 91.6009 15.1423 857.57 91.8106 207.962 8938.85
76.3147 98.8498 189.406 239.418 61.0675 134.521 3482.28 6143.29
24.7512 107.029 64.7351 75.8277 1663.98 580.589 7449.79 498.588
35.5912 362.683 45.0205 26.1311 1044.99 133.311 6916.14 3128.83
51.3139 12.3841 209.685 190.633 608.357 394.554 4045.89 5479.64
0.29958 0.0193119 2.38748 13.4431 58.2947 29.5838 4237.71 5899.35
14.8451 23.8894 89.2563 62.315 136.551 499.382 61.9994 9587.79
464.826 35.7281 15.1206 958.352 3489.55 564.318 3240.68 1592.69
46.2864 31.6251 135.031 259.852 156.419 3733.73 651.345 6253.29
106.743 99.6779 12.6128 1853.84 328.974 5992.87 601.187 939.914
192.044 30.6748 51.3212 8.28838 545.662 3771.11 1127.36 3974.19
7.65884 299.877 1349.6 279.974 2330.19 1044.06 4375.24 613.595
33.1484 3.66885 114.834 417.153 604.994 1036.36 3043.36 5724.3
3.53812 9.85398 0.809659 36.8461 4.01349 5419.5 3695.71 1254.68
0.693464 0.0218985 6.42906 25.7374 131.496 464.622 137.733 9144.16
41.8552 25.0835 14.8943 31.5447 24.0505 11.7708 1.74079 10365.6
2.88044 15.187 13.3173 13.3389 2.2635 171.827 1064.34 9420.77
180.574 338.511 360.166 413.919 201.457 1685.8 204.023 7558.17
0.140204 0.0683578 4.86976 112.659 291.758 0.260708 1094.46 8808
186.068 62.8989 1484.32 211.797 1434.23 1759.16 3396.29 1677.53
1.72393 3.00039 4.31179 8.96895 37.8424 26.3842 2379.06 8636.03
6.85069 10.4956 7.57902 216.377 22.4457 6445.21 2027.62 3142.09
101.48 52.9146 328.139 69.2056 310.24 3792.44 3075.29 2797.61
4.61927 6.04703 39.2246 44.5376 1665.03 13.2937 3055.81 5642.43
18.9197 15.5172 216.713 17.2219 193.21 155.003 5846.17 3788.72
1.13808 0.892289 1.37529 62.5453 602.641 114.609 8119.47 2414.57
1.68956 15.2963 126.039 145.05 1566.36 2187.12 511.059 5788.15
0.0235612 0.424249 3.52553 60.6509 524.782 3653.73 1332.27 4532.04
35.2227 417.795 79.2041 535.371 526.715 179.97 1344.7 7151.26
12.7595 13.9731 59.1461 59.9953 163.059 542.76 4775.35 4881.61
7.75483 5.61635 13.8589 289.546 743.592 7334.54 57.5809 1300.46
19.7725 10.5726 6.36625 19.5967 81.9501 362.094 4924.24 5230.8
6.46813 58.6671 5.68186 154.355 385.452 1238.8 3442.45 4869.02
3.75572 14.3314 4.28487 27.2338 349.882 726.597 4109.18 5039.45
6.32752 0.526334 4.83364 7.65677 7.05037 61.2812 1042 9676.72
11.4077 22.6719 264.955 542.701 195.457 621.602 3316.71 5709.32
129.133 219.53 89.0037 428.529 595.914 2507.59 4642.22 1436.14
23.8807 47.3735 10.9958 511.392 2021.07 112.632 839.275 6485.33
13.3493 12.9647 103.696 100.362 385.93 316.39 1407.9 8032.27
14.0489 54.48 80.2784 152.729 151.681 809.117 2765.15 6475.43
0.448404 0.0438738 2.83507 3.49581 8.01865 200.922 544.637 9714.85
8.02601 0.148809 11.4948 32.4689 35.4799 3420.13 397.09 6445.18
0.0261048 0.11315 0.317021 4.07318 31.9869 1170.32 2107.42 7174.91
201.554 177.143 3.70959 91.0866 50.1076 1072.48 2703.05 5275.06
51.0908 131.697 2569.32 201.595 1144.65 2646.52 2416.73 1224.26
33.0862 32.4341 742.987 11.4398 2293.22 2506.79 253.901 4473.04
325.125 464.748 85.5268 2048.39 1412.31 4434.17 1453.44 236.803
0.517904 1.46599 6.17749 217.865 996.54 169.765 2579.94 6742.2
264.388 134.34 102.34 127.599 488.172 801.37 83.615 7687.5
4.17881 3.70155 4.65841 71.2995 4.94213 1836.96 1190.8 6668.83
3.88788 2.90515 5.86599 84.2076 483.815 2558.74 2753.6 4605.29
12.5116 105.161 1505.81 1614.35 1192.58 5947.35 236.616 17.0827
253.579 35.7993 20.6577 1776.74 1543.67 669.891 5283.28 287.636
68.7104 141.811 159.327 503.413 1625.94 577.327 515.912 7096.96
9.59143 117.838 65.3126 308.715 415.058 2355.95 1997.91 4841.73
1105.5 493.316 1307.54 946.514 4110.62 209.124 1678.56 1473.24
3.63026 0.910562 20.1802 153.521 410.617 5.62326 804.888 8776.73
1.6147 0.195487 105.504 10.3925 17.616 812.531 5851.13 3859.49
21.6976 58.2853 156.486 69.5318 148.05 393.268 1892.42 8048.26
59.636 1.83654 704.183 1904.32 3359.87 2213.72 1993.95 780.42
9.60832 4.23012 3.74625 3.55511 45.0633 1956.99 3126.99 5840.34
2.5135 9.10976 8.70873 5.70115 774.173 1258.9 2916.83 5781.58
317.684 810.99 916.24 736.165 2024.66 469.63 1188.27 4005.24
229.965 286.384 298.756 1100.59 1451.91 502.073 783.611 4507.01
90.1134 276.455 278.592 1067.66 710.595 1436.36 6498.92 403.096
306.016 154.334 205.694 1005.05 155.443 118.431 3527.85 4849.39
22.6384 31.3329 39.0122 865.538 1432.89 2273.05 4265.14 1444.91
17.2254 37.3897 9.09318 4.21377 1683.38 1243.46 1148.07 7071.59
14.8901 1193.02 186.617 870.383 4514.59 488.648 2859.94 835.454
6.31209 4.32764 14.1166 2.92565 248.92 8.86889 4165.04 5225.76
1.75254 1.67968 39.6035 41.437 67.9065 964.374 5354.77 4291.78
4.08552 40.7803 164.814 212.461 564.424 179.54 4601.72 5198.92
272.572 281.106 256.858 916.338 2222.13 2884.89 2551.51 1114.43
36.6073 448.517 356.582 1641.66 1530.22 118.614 712.391 5315.32
107.07 127.452 2.48335 63.7943 256.43 656.653 7555.66 1364.35
0.0447507 18.4461 38.9687 214.849 150.251 14.0811 3844.01 6133.67
20.9505 18.3291 100.566 363.072 159.069 1068.91 1739.11 6998.76
28.8397 272.597 830.671 842.132 1326.17 206.541 2975.15 3877.16
0.540321 1.02613 0.965928 11.5199 732.727 100.337 557.801 8895.01
1.89003 14.1981 62.1702 620.066 220.715 1632.68 2562.64 6695.24
0.281299 0.0216455 0.0333819 0.0634718 15.8959 155.064 8286.22 1275.55
0.102643 0.267727 0.452506 5.19599 3.07933 35.6947 116.975 9871.95
0.146786 0.169135 501.045 103.138 333.46 1543.74 2278.79 5190.6
2.65311 4.86704 23.2412 5.5117 64.3808 675.738 3986.76 6094.62
0.0237555 0.102555 0.644109 0.377586 2.98711 4.95856 1532.58 9719.1
12.6735 271.799 103.815 1118.27 483.591 2025.09 83.5403 7168.93
0.358671 4.82494 2.27764 4.21031 599.264 61.0417 3944.49 6070.77
142.658 191.285 1388.61 1355.56 150.707 345.454 2301.8 4577.02
25.7678 7.89514 148.649 1.10754 1040.79 1462.95 3338.11 4261.55
88.5902 15.1277 28.3602 298.045 3247.83 5256.44 1442.26 855.305
0.703445 1.30972 5.25892 25.7844 1070.38 458.888 4756.9 4316.94
17.5664 7.2559 78.5001 709.063 241.349 194.487 714.072 8165.01
0.294317 2.19074 1.22744 102.302 1189.6 468.505 377.634 8163.59
4.18744 1.21002 32.0927 269.461 108.718 522.541 2841.41 6210.01
38.4703 24.5271 14.9498 47.9363 675.714 4396.03 4191.2 491.353
53.6208 30.4953 29.9392 542.623 926.764 3829.37 1646.93 3674.74
4.98145 0.896734 13.7971 40.8062 1619.85 1238.76 4127.97 3512.66
1.38182 0.935433 5.70207 4.83566 43.4801 2019.97 1183.35 7630.29
45.7979 69.4927 390.107 583.602 1114.02 1689.68 2550.27 4127.27
41.4777 604.155 735.095 407.291 245.909 2149.65 374.293 6685.01
8.75388 4.7283 13.0077 92.3725 1182.2 597.739 4995.44 3286.5
3.85518 40.1026 15.9918 241.938 458.371 1898.75 3102.72 4832.46
29.2306 36.4108 20.7607 22.9694 343.061 570.04 964.731 8793.53
31.4553 38.2766 32.0271 615.014 1188.72 827.019 1061.91 7178.35
1.64367 1.75831 2.44779 19.6919 52.9309 1730.66 1550.92 6383.84
39.6495 82.8683 41.9533 353.963 1320.61 2544.97 4712.76 856.23
14.8842 29.6188 10.2817 11.977 1506.56 464.939 1613.36 6450.05
226.263 305.19 176.604 1081.52 384.182 3038.81 4284.39 1409.91
3.185 2.82948 1.96029 2.37202 7.30861 63.0691 50.8398 11059.7
332.795 86.0222 122.887 594.522 159.837 128.212 476.506 7474.95
0.0312684 0.0343946 0.0711402 1.64453 36.3247 13.4755 287.373 10655.3
0.355862 0.455928 0.408869 47.1551 80.9974 85.5748 2475.08 7737.99
46.303 741.972 542.826 2181.07 2.10701 5655.66 1682.31 625.34
14.0164 18.0687 260.834 92.4925 202.153 614.093 1666.67 7937.52
0.0512144 1.44475 11.1376 6.46572 26.8654 257.82 2551.14 7696.11
800.349 245.345 453.559 307.003 835.579 1558.53 645.799 5426.11
37.179 28.1868 116.152 58.0823 55.3748 1043.11 4510.3 4437.77
140.359 134.496 895.31 627.366 174.371 1504.63 796.864 6584.7
0.580585 1.09411 11.0614 5.65251 23.0871 2982.83 5539.57 2533.75
74.616 132.846 90.088 495.576 254.641 25.0279 447.099 8274.12
