1906 51.0966
0.000371087 0.00736151 570.255 611.447 595.138
538.103 0.00174433 471.565 495.4 539.631
3.62874e-09 2.09714e-07 3.82744e-05 885.528 875.763
516.724 326.688 371.966 1.40651e-05 528.633
282.298 493.813 452.249 510.679 4.12649e-05
255.51 1258.15 175.138 170.561 602.517
26.0904 1073.83 1.35442 428.213 567.911
59.4951 1263.74 231.871 377.557 197.417
552.186 687.44 315.862 157.831 494.397
376.639 231.091 937.423 735.996 133.543
2012.1 0.352117 18.238 296.913 131.557
160.16 82.474 386.17 468.822 1268.51
204.4 32.9532 1329.31 26.0249 494.418
1.00933 2.52715 33.1858 331.811 1894.73
11.1762 1596.24 565.528 120.358 4.85587
13.3052 125.512 296.526 965.106 750.379
906.987 117.385 1051.77 207.559 111.704
64.1681 50.519 192.3 100.948 1814.06
0.652305 1.30997 75.6556 1603.08 141.278
229.874 305.222 1278.34 267.541 41.717
2012.1 0.352117 18.238 296.913 131.557
13.8411 644.22 17.7017 721.1 989.258
102.044 336.954 148.678 762.164 1413.83
263.16 26.7542 273.65 280.028 1308.49
0.000396581 0.11499 7.55341 78.4806 1902.04
374.421 131.366 1367.94 328.318 102.852
39.9079 282.791 1480.38 641.793 35.7052
234.099 337.774 217.482 47.045 1288.95
1110.1 293.517 566.735 534.068 124.117
88.943 138.342 150.987 1268.14 734.894
322.094 474.05 237.318 580.445 721.344
161.952 652.717 18.81 663.606 660.741
55.3813 215.822 478.385 608.236 809.883
426.961 235.665 364.852 2.81522 1116.28
298.301 1117.24 341.61 27.3682 391.022
66.5564 170.619 86.5242 1717.58 130.097
362.331 701.386 1018.86 191.904 365.726
1371.53 28.9516 610.772 208.992 305.467
1087.45 134.009 573.328 115.579 396.368
170.162 0.000192363 19.3168 1417.91 229.479
893.123 0.00105499 765.181 242.201 947.677
1.00933 2.52715 33.1858 331.811 1894.73
901.029 474.331 360.863 122.14 391.416
0.522409 0.356793 26.996 102.228 2021.79
348.593 0.766254 504.582 738.663 695.356
178.797 853.663 379.799 1223.74 13.699
783.614 1076.42 97.1953 151.647 287.893
495.054 531.678 783.885 206.729 95.6935
0.716923 0.663063 3.52117 172.439 1896.87
161.546 100.955 239.013 237.759 1171.84
139.857 400.242 849.34 329.097 504.247
0.00521935 0.00132558 0.818867 24.9951 2500.77
211.674 379.237 247.36 750.517 826.776
317.039 760.577 546.199 80.2247 632.829
62.729 957.15 1327.65 0.276719 278.63
330.97 495.107 498.083 283.279 799.092
1.8382 152.845 36.479 693.231 1268.52
720.479 737.533 423.141 235.393 468.887
598.172 938.284 223.943 50.5042 813.017
745.196 782.703 4.4734 564.725 280.36
5.34737e-06 0.0342602 218.145 1151.67 628.852
369.831 510.444 206.865 7.97714 577.746
486.679 340.486 866.585 7.53863 691.612
771.772 0.00308644 118.772 1141.99 35.4315
44.223 53.3057 127.682 621.331 1590.68
366.669 921.315 201.075 344.556 466.075
16.6269 11.7909 372.439 1860.12 74.8149
154.613 1489.96 13.7892 172.914 351.105
893.123 0.00105499 765.181 242.201 947.677
5.68775 1148.83 517.123 244.773 756.823
1.85778 15.5445 870.009 754.875 583.009
313.347 136.031 1036.8 794.165 19.5587
124.484 108.671 236.288 1623.48 339.203
6.35712e-07 3.82859e-06 1.9466e-05 898.137 1788.59
1297.68 22.1941 444.604 87.7906 115.15
538.427 19.4625 1172.08 191.808 341.233
230.084 9.54623e-05 361.183 1351.46 516.242
659.05 138.428 241.301 54.7136 1201.05
43.9868 138.352 295.74 1009.23 803.997
53.29 103.152 55.2986 704.248 1366.01
799.077 898.743 45.8413 0.38075 382.089
362.331 701.386 1018.86 191.904 365.726
214.487 21.3492 91.5038 219.447 1408.13
406.292 7.5561 862.078 525.277 69.3225
4.58194e-11 1.73471e-08 1.98613e-05 548.798 1110.77
0.00158997 0.00151093 0.1737 277.498 1760.72
1339.74 1.46423 306.595 36.5156 160.238
671.784 163.155 586.498 55.8271 341.24
53.29 103.152 55.2986 704.248 1366.01
624.825 75.5489 1410.5 3.37655 250.656
1105.82 127.55 8.60145 816.406 0.0141817
1105.82 127.55 8.60145 816.406 0.0141817
6.05092 5.30062 34.8245 278.458 1692.2
215.766 100.105 299.012 770.613 758.556
348.612 2.88577 1453.66 2.41626 410.103
150.356 1857.57 14.5861 284.801 59.4446
0.858975 0.46679 22.5762 0.497008 2647.58
30.1438 1504.57 1.92627 354.355 757.599
150.356 1857.57 14.5861 284.801 59.4446
1538.75 445.309 65.5676 1.61319 89.6596
430.276 42.433 545.042 453.032 849.482
13.8411 644.22 17.7017 721.1 989.258
6.05092 5.30062 34.8245 278.458 1692.2
344.885 155.135 230.675 1006.05 364.82
647.118 9.2529 345.675 1225.15 1.52062
187.192 49.2003 500.76 1069.13 405.044
280.967 146.135 361.257 430.359 1550.8
356.328 593.656 1168.93 0.116681 362.255
292.625 727.453 975.48 343.669 57.486
0.145608 0.0891791 3.32777 317.165 1983.98
356.328 593.656 1168.93 0.116681 362.255
552.186 687.44 315.862 157.831 494.397
22.3854 7.29345 112.654 136.445 2184.61
3.89052 3.98369 12.7543 374.087 1453.12
716.32 118.42 746.314 74.7311 337.336
230.366 294.291 896.491 0.37904 1073.29
426.961 235.665 364.852 2.81522 1116.28
118.106 19.2177 0.916778 1461.19 987.277
134.942 99.5022 160.849 1225.2 492.721
43.9868 138.352 295.74 1009.23 803.997
330.97 495.107 498.083 283.279 799.092
544.586 470.018 63.2302 1563.61 180.035
92.8754 43.7597 186.479 1292.34 791.823
0.64083 1.22104 13.7193 721.126 1312.9
34.8455 1254.72 250.256 357.571 399.334
3.89052 3.98369 12.7543 374.087 1453.12
22.1662 23.1476 722.418 1284.36 266.138
109.329 1647.64 485.586 2.11603 83.8247
230.595 2120.58 18.5576 0.2175 25.0441
45.1298 18.2403 98.854 188.697 2077.02
0.139986 0.0207164 4.55693 28.4086 2465.56
76.0676 20.6783 649.546 1292.99 217.566
499.962 83.8976 21.8193 1284.08 861.082
187.769 27.1778 746.622 584.804 206.26
2.71405 232.584 961.292 537.325 838.965
30.9037 1419.97 826.641 665.71 92.4515
6.126 512.593 119.349 797.923 933.038
783.614 1076.42 97.1953 151.647 287.893
400.271 881.944 816.008 126.839 50.3922
4.81143 125.113 33.1826 2345.39 88.6924
0.000705645 0.0272441 4.56299 1205.88 1200.02
1110.1 293.517 566.735 534.068 124.117
420.246 1369.18 182.085 46.2912 658.156
2214.22 3.20744 30.9063 127.204 121.212
93.2712 312.494 19.5118 390.9 973.677
20.2507 43.4391 38.8174 1987.36 320.395
580.951 1192.93 124.929 13.7045 428.717
36.6403 23.468 337.788 19.371 1627.98
187.769 27.1778 746.622 584.804 206.26
62.729 957.15 1327.65 0.276719 278.63
624.825 75.5489 1410.5 3.37655 250.656
6.40227 13.4564 955.169 637.71 800.567
495.054 531.678 783.885 206.729 95.6935
22.3854 7.29345 112.654 136.445 2184.61
34.8455 1254.72 250.256 357.571 399.334
207.617 473.986 587.745 969.577 340.352
369.831 510.444 206.865 7.97714 577.746
0.385142 5.2847 5.9679 2091.39 344.886
246.102 0.2882 127.724 2000.9 0.598452
771.772 0.00308644 118.772 1141.99 35.4315
88.943 138.342 150.987 1268.14 734.894
77.6807 242.863 504.695 644.052 1050.28
12.6019 11.2211 1230.08 543.468 189.216
246.102 0.2882 127.724 2000.9 0.598452
183.94 974.6 169.027 492.354 266.401
796.103 86.1263 890.195 410.535 657.748
262.525 568.469 890.365 0.454239 738.666
27.9968 258.105 98.6804 1564.03 241.659
377.41 315.918 1530.16 50.333 20.6732
4.58194e-11 1.73471e-08 1.98613e-05 548.798 1110.77
43.6802 134.56 46.0528 1138.68 1073.32
851.581 302.862 543.218 92.5293 422.122
449.588 393.502 657.63 247.024 1025.08
400.271 881.944 816.008 126.839 50.3922
3.87552 1220.49 2.87582 297.237 607.152
336.937 224.932 4.63205 1041.66 736.627
293.062 443.627 819.437 278.792 374.859
336.937 224.932 4.63205 1041.66 736.627
1210.47 533.53 336.664 231.759 96.3772
372.942 174.595 1728.91 63.9515 1.50545
255.51 1258.15 175.138 170.561 602.517
0.534991 0.865068 415.93 846.398 1023.76
161.546 100.955 239.013 237.759 1171.84
3.96848 2002.17 382.947 0.137275 28.3463
580.951 1192.93 124.929 13.7045 428.717
943.303 488.488 142.187 296.356 403.611
671.29 175.923 585.236 708.941 127.733
2.71405 232.584 961.292 537.325 838.965
430.276 42.433 545.042 453.032 849.482
499.962 83.8976 21.8193 1284.08 861.082
1538.75 445.309 65.5676 1.61319 89.6596
2556.18 1.49945 32.8194 9.26954 122.186
215.766 100.105 299.012 770.613 758.556
1371.53 28.9516 610.772 208.992 305.467
9.45658 7.26666 4.8143 1947.74 365.003
7.53154 563.82 360.995 1431.95 3.92984
19.466 1101.63 867.107 136.931 33.6665
292.625 727.453 975.48 343.669 57.486
78.6523 6.39789 1253.92 460.307 812.195
3.55331 4.45528 2.61564 2309.93 1.8082
414.244 1397.02 175.795 0.16616 715.292
5.39185 213.201 8.1329 1257.86 625.834
410.816 15.9383 876.391 12.9464 992.703
0.139986 0.0207164 4.55693 28.4086 2465.56
1088.94 958.228 82.9751 45.6234 46.0694
1297.68 22.1941 444.604 87.7906 115.15
113.478 1.8952 1622.44 48.9857 299.049
716.32 118.42 746.314 74.7311 337.336
636.823 249.552 53.6282 447.751 1024.15
344.885 155.135 230.675 1006.05 364.82
1638.51 43.0996 403.276 641.41 0.0112733
0.858975 0.46679 22.5762 0.497008 2647.58
446.248 0.000221854 489.138 828.791 383.091
33.8039 51.3834 425.883 208.364 1771.04
211.674 379.237 247.36 750.517 826.776
817.28 515.379 451.615 2.47118 526.353
1934.67 226.861 31.5777 615.782 0.0223554
6.126 512.593 119.349 797.923 933.038
0.000396581 0.11499 7.55341 78.4806 1902.04
376.639 231.091 937.423 735.996 133.543
345.23 0.000203737 276.082 1129.7 347.432
943.303 488.488 142.187 296.356 403.611
671.784 163.155 586.498 55.8271 341.24
230.084 9.54623e-05 361.183 1351.46 516.242
664.946 911.911 718.659 0.119185 267.583
0.0513499 0.0244023 8.99137 2082.76 415.307
598.172 938.284 223.943 50.5042 813.017
94.8848 43.667 240.039 258.259 1910.56
1.73811 204.87 26.3333 1195.97 485.894
234.099 337.774 217.482 47.045 1288.95
353.035 0.0595775 1150.4 159.778 137.811
39.9079 282.791 1480.38 641.793 35.7052
1668.25 144.797 396.843 2.69534 544.556
119.966 315.936 491.589 990.913 343.139
0.000705645 0.0272441 4.56299 1205.88 1200.02
78.6523 6.39789 1253.92 460.307 812.195
68.0681 1335.55 816.842 1.24458 246.08
109.329 1647.64 485.586 2.11603 83.8247
0.000129536 0.6373 119.569 324.579 1391.57
12.5439 1974.33 498.721 0.460985 76.4704
466.745 173.914 1028.94 345.375 520.728
0.00521935 0.00132558 0.818867 24.9951 2500.77
1040.4 473.216 203.959 61.5577 626.28
1240.52 603.173 288.644 574.517 133.774
574.669 266.698 808.059 897.388 110.899
2.7834e-08 3.28939e-05 112.125 1286.39 952.071
0.0513499 0.0244023 8.99137 2082.76 415.307
1087.45 134.009 573.328 115.579 396.368
1.73811 204.87 26.3333 1195.97 485.894
99.3223 210.922 189.774 740.083 587.211
544.586 470.018 63.2302 1563.61 180.035
329.279 978.771 268.956 401.873 495.498
26.0904 1073.83 1.35442 428.213 567.911
102.397 121.467 202.759 97.4068 1659.88
0.392761 60.1959 103.828 385.21 1511.44
378.317 107.462 180.035 55.9072 1386.14
0.652305 1.30997 75.6556 1603.08 141.278
368.368 788.923 520.961 195.797 768.162
241.181 81.6332 1057.72 737.287 63.6307
636.823 249.552 53.6282 447.751 1024.15
134.942 99.5022 160.849 1225.2 492.721
160.16 82.474 386.17 468.822 1268.51
17.0318 14.8688 724.193 1353.99 166.498
584.694 149.753 942.436 22.8204 584.283
137.579 958.095 262.412 690.58 640.313
174.531 1627.96 143.767 457.462 148.271
331.652 42.6213 1333.69 280.147 509.974
170.162 0.000192363 19.3168 1417.91 229.479
0.716923 0.663063 3.52117 172.439 1896.87
817.28 515.379 451.615 2.47118 526.353
576.879 30.3028 1158.75 105.543 274.483
230.595 2120.58 18.5576 0.2175 25.0441
1317.51 375.207 186.458 364.017 201.469
260.081 915.56 2.27541 982.337 127.349
348.612 2.88577 1453.66 2.41626 410.103
20.2507 43.4391 38.8174 1987.36 320.395
374.421 131.366 1367.94 328.318 102.852
99.3223 210.922 189.774 740.083 587.211
128.306 621.093 211.13 452.168 857.79
3.96848 2002.17 382.947 0.137275 28.3463
849.143 339.23 118.57 1341.32 1.89638
851.581 302.862 543.218 92.5293 422.122
38.7741 119.485 231.954 464.834 1389.02
6.40227 13.4564 955.169 637.71 800.567
43.6802 134.56 46.0528 1138.68 1073.32
119.966 315.936 491.589 990.913 343.139
4.72566 962.494 789.879 31.4624 763.049
7.53154 563.82 360.995 1431.95 3.92984
0.00279526 0.00886292 35.7143 362.159 2184.44
1339.74 1.46423 306.595 36.5156 160.238
0.000112972 0.000127229 0.0296182 254.498 2185.89
94.6693 1.42739 553.821 1122.28 189.349
313.569 115.976 1709.85 50.3946 126.809
9.45658 7.26666 4.8143 1947.74 365.003
664.946 911.911 718.659 0.119185 267.583
414.244 1397.02 175.795 0.16616 715.292
113.478 1.8952 1622.44 48.9857 299.049
74.2573 188.389 70.7857 2327.06 131.345
938.475 234.719 130.146 918.183 1.93502
59.4951 1263.74 231.871 377.557 197.417
