19 1.08583
6.03008 0.79726 2.09488 0.943685 0.877276 0.989473 0.925696 0.578205
1.81028 6.14974 1.1836 1.09319 0.859174 0.972959 1.8967 0.603993
1.44112 0.181694 0.493467 0.427057 6.75333 1.00482 0.935495 0.610453
0.944569 2.33805 0.750675 2.73428 0.722954 2.22328 0.944044 0.00624922
0.754469 0.091823 0.783992 6.87463 0.866274 0.985857 1.72745 1.22741
0.629143 1.7696 6.22951 0.89674 0.82707 0.939956 2.64438 1.21043
0.0576469 0.213718 0.729907 0.795787 0.141255 0.160215 6.95331 1.18571
0.0379289 0.0083811 0.0400621 0.0154845 0.0205467 0.00883386 0.0106905 7.16945
0.0355584 0.114191 0.198708 0.0342237 1.00229 6.93776 1.20059 1.34893
0.0180064 0.00498667 0.00723214 0.0040344 0.00460008 0.0332774 0.00765469 4.55941
0.00910303 0.00114178 0.00311227 0.00160778 0.00125859 0.00142751 0.0619427 7.14129
0.00140581 0.000192559 0.000493846 0.000227414 0.000212228 0.00952701 0.0559305 6.45973
0.000121224 2.7387e-05 0.000261409 0.00160463 0.00026793 0.00892883 0.0462787 5.3676
4.50212e-05 0.000156247 0.00034885 6.55924e-05 0.00153446 0.00924846 0.0514014 5.94688
1.33787e-05 3.76757e-05 8.21394e-05 0.00046302 0.00167288 0.00860997 0.0412769 4.80308
0.886153 0.412692 0.338815 6.02846 0.842792 0.948515 1.59525 1.22221
1.12582 0.164504 0.403944 5.51284 0.839649 0.938015 0.989876 1.2927
3.30946 1.54615 1.2725 1.02169 2.19471 0.711295 1.02581 4.36588
0.125968 0.331119 0.485021 0.625426 0.208611 0.15575 4.73262 2.77835
0.157979 0.423757 0.622349 0.14301 3.57113 1.05395 2.22119 4.06574
0.174878 0.880732 2.02541 2.32266 0.4481 5.36615 0.903762 1.28861
1.67451 5.66795 2.01908 0.893816 2.2553 0.98662 1.52473 0.013971
0.428498 0.832899 0.517498 1.11145 1.48408 2.26807 0.593122 2.92979
4.03827 0.548691 0.785153 0.623725 0.736719 2.32768 4.35026 0.0131203
0.457024 1.27823 4.47051 4.90186 0.871027 0.98753 0.983867 1.41772
0.902413 2.53049 5.95279 1.8104 0.863308 0.979851 1.92853 0.6185
1.54128 0.319396 3.40544 3.91023 2.21206 1.66319 1.31021 0.281249
2.59277 0.38553 0.935794 0.453344 0.426802 4.67662 0.853685 1.99226
0.346751 1.25942 2.86367 3.25343 4.01552 0.912002 2.45866 1.34174
2.76734 0.365375 4.60698 2.69305 1.43535 0.932575 0.986348 2.27769
1.71874 0.797709 4.15097 1.18662 0.638014 0.719388 1.0481 4.5447
0.382494 1.23444 0.434987 0.198629 5.93447 3.73385 1.20999 1.37386
1.38187 0.651977 2.49622 0.490653 0.436968 4.93509 1.52199 1.13218
3.59238 3.41659 1.71563 1.49641 0.949855 3.42687 0.92248 0.567645
5.47385 2.53441 1.134 1.73293 0.851931 0.961904 1.63779 1.1294
0.842114 0.138996 0.315406 0.170655 0.393382 0.183997 5.12785 0.451283
0.141262 0.762582 0.261377 5.12763 1.19435 3.26691 0.811899 3.75673
0.526993 1.45469 5.01144 1.48684 2.97491 1.71713 0.899199 1.69104
0.254842 0.594068 0.6666 0.950615 5.59336 0.844064 1.64026 3.48141
4.24919 0.64431 1.54396 2.00527 0.95035 2.0832 1.47967 0.956871
2.17032 0.290942 3.60807 1.20276 0.600176 2.7405 4.04516 0.569192
0.16664 0.525811 0.56873 0.811017 4.724 2.99837 3.27627 1.71089
1.69013 0.382828 5.62784 0.706922 2.37843 0.957615 1.15073 1.7059
5.15711 0.724333 1.82634 1.60191 0.957974 1.65066 1.57425 0.539972
1.64314 0.745755 3.01614 3.63577 0.603469 5.17209 0.900183 2.62846
1.48753 2.11562 0.938075 0.770752 2.74091 0.689777 0.810297 3.7834
4.49507 0.582958 1.55237 0.733907 4.64212 0.995604 0.929604 0.591053
0.202459 0.666212 0.717673 0.162217 0.18084 0.290315 6.12816 1.29247
0.266864 0.936406 3.06311 3.34957 2.56286 2.91982 0.913258 0.00839748
0.51019 1.87366 3.21425 3.91728 0.712006 3.3715 2.56627 0.597373
1.118 3.07955 0.819896 3.52184 4.32929 0.990612 0.927522 0.00913946
0.902987 3.24791 1.16907 1.0206 3.29393 1.38476 4.00293 0.563074
0.974951 5.05389 1.76716 0.790759 1.30476 3.07137 1.82998 1.26778
0.935711 2.39417 1.8822 0.899429 0.572874 0.632321 2.69261 2.59395
0.349304 0.950874 2.19897 0.617631 0.354195 4.17088 3.86732 1.266
5.15483 2.35253 1.90099 1.42889 1.40267 3.85867 0.945369 0.643046
1.19034 0.154298 2.64069 2.99865 1.66835 4.56189 0.8769 2.35192
0.496421 1.36778 4.70211 0.600426 1.99518 3.30458 1.79989 1.32989
0.440803 0.060173 0.47757 0.680495 3.85027 4.02397 2.28692 2.21765
0.736631 1.05017 2.77315 3.19978 1.83892 0.815184 1.09316 2.87238
2.86678 4.09167 1.02808 1.52071 1.35218 0.923399 1.67227 0.501823
3.24974 0.40231 3.37744 4.93634 0.86283 0.980053 1.70561 1.20353
1.56967 0.340994 3.42286 1.13463 1.64174 1.25372 3.48471 0.952208
3.99916 1.88525 1.56238 0.741977 1.94646 0.832746 0.988186 3.05099
1.11909 2.89151 1.14656 3.44031 0.801504 1.47176 0.871792 1.044
2.40027 1.17155 0.996837 2.98175 1.60221 1.36283 1.21238 1.72018
1.5677 4.24385 1.59135 0.748779 0.701406 1.97802 0.994627 3.10271
0.513738 1.82098 0.663238 2.08987 2.77553 4.07165 1.48498 2.16637
4.8454 0.651559 1.69223 2.21128 2.2691 0.928304 0.869959 2.25576
0.207889 0.557601 0.211408 0.66162 4.17373 1.23191 3.47008 2.02701
1.04454 0.263007 2.25152 2.59739 3.2151 0.88898 1.38576 1.03787
0.622902 1.33272 3.09438 1.58245 1.65673 1.78898 0.861317 0.770175
1.13476 0.154772 3.67019 4.00856 0.772534 1.56987 2.35724 1.63295
0.99363 1.41233 1.84958 0.455292 0.410965 4.2396 1.52397 1.89359
2.50957 3.60317 1.53689 0.715962 1.15286 0.765602 3.81839 1.16598
0.114286 0.0146081 0.118814 0.169437 0.998065 6.74127 1.53066 0.0140649
4.31561 0.981429 1.54755 0.71949 1.73292 2.02702 0.796343 3.17115
0.754469 0.091823 0.783992 6.87463 0.866274 0.985857 1.72745 1.22741
0.998564 0.128191 0.343788 6.43955 0.85565 0.968058 1.6607 1.15444
4.40167 0.662488 1.59527 2.07269 1.31412 0.8987 0.851708 1.96552
1.6857 3.75786 1.11579 1.88982 0.913813 2.6545 0.894454 0.476341
1.86759 2.71531 1.09866 3.59334 0.602189 5.11243 0.898013 2.59853
0.544833 0.0689944 0.59015 0.400407 0.116441 0.558298 6.55169 2.41557
0.402735 0.107619 0.663599 0.156057 0.221978 0.260346 4.12277 2.42948
0.808129 0.115286 0.287653 0.143483 0.322845 5.61252 2.32832 0.530597
1.42765 3.88533 1.44768 1.11917 0.642135 2.83945 3.11174 1.26467
0.526176 1.47463 5.16945 0.753646 1.93466 3.55477 1.89916 1.32256
0.865111 2.84596 1.1021 1.42477 3.10373 1.96127 0.876455 0.863992
0.563225 2.07195 3.55563 4.04517 0.757528 0.857363 2.357 2.87469
1.90315 2.72233 1.17911 0.564973 3.42236 1.42433 0.788587 3.002
1.88155 3.85942 1.50698 2.11148 0.904215 0.811785 1.51106 3.20579
0.155403 0.0214083 0.0398645 0.929293 0.229554 0.531347 6.32214 0.00880398
0.998564 0.128191 0.343788 6.43955 0.85565 0.968058 1.6607 1.15444
1.72206 5.41761 1.95736 0.881263 0.819169 1.69451 1.81653 1.24074
0.15667 0.78786 0.578277 0.284661 4.19477 0.672567 3.3991 3.30072
1.41595 0.182455 0.488041 0.423479 6.57832 0.997676 0.930927 0.595406
0.777298 0.172809 1.32014 0.650623 6.34538 1.78307 1.91062 0.319178
2.30721 0.599032 3.82027 1.30898 1.17834 0.900564 1.04885 1.02313
4.66345 0.583674 4.8472 0.943613 1.5838 1.00726 0.937057 0.615601
1.45596 3.9957 3.0581 2.24104 2.0643 1.6898 1.81193 0.451373
0.697872 0.663953 1.03374 0.22914 5.22071 2.96645 0.948719 1.18393
0.379845 1.82554 4.00184 1.3061 1.06866 2.95418 1.48137 1.49905
0.597175 0.0793661 0.621095 5.1039 1.86723 0.833651 1.41092 3.42268
1.7731 0.266007 2.91628 3.56616 0.754723 0.841207 2.10143 1.97259
1.72588 4.75909 1.74562 1.52027 0.754073 3.47195 0.924875 0.575509
3.04176 4.36188 1.87001 0.92928 0.82488 0.924088 1.71565 1.23949
0.813047 2.27187 3.93258 4.81351 0.860603 0.975336 1.90767 0.608991
4.14297 0.554331 1.06223 4.49726 0.850556 0.958173 1.82546 0.456293
0.311371 0.651828 0.25296 0.797834 4.46268 0.727326 3.69361 2.13542
1.92185 0.400337 2.02304 2.93792 1.66544 2.73983 1.12148 3.16066
3.73275 0.937252 1.42353 0.73613 1.60553 1.87717 0.83592 1.78948
0.786706 3.96329 1.40589 1.22904 3.9519 0.924608 0.868022 2.1871
5.53386 0.739624 1.92899 0.874842 0.983035 2.40565 1.17464 0.571129
0.783215 2.14649 3.75969 1.8843 0.662658 3.47091 1.52268 2.20685
1.16236 3.08689 0.877126 3.55519 0.759153 2.76731 0.904029 0.00792038
1.28624 3.50837 0.95066 0.587861 3.46355 2.8559 0.864305 2.20447
1.95631 5.34463 1.10407 1.66772 0.844529 0.94895 1.78689 0.553975
0.648939 1.79446 6.19447 0.945595 0.878451 0.991432 0.926944 0.582304
3.7315 0.530357 1.32661 4.18732 0.83811 0.938843 1.7404 0.532814
2.81333 1.35215 2.27143 0.698537 0.631189 2.22049 1.39824 2.74568
4.63123 0.651968 1.64133 2.13978 1.97906 0.915288 0.861714 2.14192
0.675954 0.315312 0.259196 4.57099 0.644625 2.90254 0.890658 3.32689
0.593884 1.6109 5.43997 0.885096 0.828477 0.928654 1.72888 1.15403
3.76698 0.508291 1.31702 4.19462 1.39996 1.66627 1.78667 1.21119
0.0668031 0.152035 0.0586342 0.0293519 0.711133 4.37864 0.74907 4.15498
0.256792 0.70484 0.143923 4.45272 1.82373 0.748076 2.8394 3.27998
0.387786 1.07046 3.68791 4.04765 0.754739 3.48674 0.925662 0.578091
1.64334 0.246932 1.71193 2.48534 1.2874 3.73228 1.57487 1.99112
2.50866 0.350763 0.887116 2.77315 1.57099 4.22942 1.73322 1.25834
1.89462 5.2934 1.91145 2.50559 1.07331 0.948322 0.883129 2.39383
0.359985 0.821281 0.924115 0.762688 5.40772 2.26366 0.902712 1.02983
0.564144 1.5647 2.30806 2.96738 4.86453 0.946305 1.61573 1.72549
0.401632 1.10611 2.57515 0.443817 3.38833 4.50519 1.60557 1.32741
0.160842 0.349439 0.901045 1.02304 6.33213 3.9463 0.908892 2.74865
0.524406 1.21423 0.455754 0.821732 6.03815 0.944315 1.80743 1.33799
0.789698 1.65977 4.00296 0.705002 0.62211 1.26229 0.857433 4.3886
1.71642 0.382138 2.4439 3.14096 5.15261 0.981903 1.69225 0.606042
0.929927 4.60497 1.64792 1.44555 0.74257 3.25661 1.02251 0.539527
0.274018 0.0426397 0.379851 0.241849 0.13698 0.890722 5.48885 0.385233
0.074285 0.205113 0.706857 0.0894599 0.660986 6.37167 1.47218 1.24062
1.00209 2.77303 4.87033 1.60827 1.4049 0.910062 1.75035 2.2973
0.00165433 0.00236998 0.00909806 0.00279443 0.0396385 0.0116807 0.0331297 6.13347
0.603254 0.0801603 0.209901 0.671319 0.203937 0.144221 5.7115 3.33978
0.115955 0.243308 0.606949 0.692331 3.89649 2.49041 3.74526 2.16611
2.87457 0.679967 3.04409 0.665227 0.623475 3.12758 1.57333 2.65875
1.36742 1.92688 2.43159 0.89848 0.738207 2.6239 0.797243 2.15233
1.32487 3.56623 2.74918 0.787148 0.701068 1.37986 1.4809 3.111
1.94717 1.85174 2.7703 1.64654 4.96098 0.986881 0.924047 0.572789
1.58385 3.4766 1.41888 1.83366 0.918993 1.92351 1.40265 0.444147
0.110373 0.0520952 0.130898 0.186497 1.02491 0.172479 5.94716 0.521537
0.0668031 0.152035 0.0586342 0.0293519 0.711133 4.37864 0.74907 4.15498
0.787009 0.109972 0.278247 4.78229 0.691561 0.775757 3.86507 0.543103
5.04244 2.3649 1.95216 0.964332 0.854489 0.958213 1.37401 0.541028
0.43977 0.629333 0.555004 0.159494 0.14216 0.279106 5.59781 2.04417
0.160982 0.0263683 0.0451323 0.850224 0.230779 0.504107 5.19159 0.00725988
1.755 0.406793 5.76153 0.914999 1.48277 0.978095 0.918469 0.554496
1.75073 0.420039 3.86855 0.722616 1.78159 1.34905 2.83489 2.05086
1.38441 1.99844 4.01856 2.7533 0.723403 3.38765 1.83234 1.36474
1.2009 1.14178 5.39511 1.59065 3.19333 0.994197 0.928707 0.588101
1.01517 4.74184 1.74964 0.864855 0.817034 1.79384 0.898169 0.488355
1.47844 0.305706 3.26856 3.75272 0.746936 3.26805 0.916773 0.0125885
0.0513175 0.142295 0.492754 3.08995 0.415946 5.97852 0.929016 0.589119
0.0128041 0.0354259 0.0388393 0.0152877 0.00752492 0.00849454 0.016333 6.78764
2.2499 4.74298 1.75788 2.31064 0.734475 0.83768 3.61914 2.54938
0.10203 0.0136635 0.225093 0.0705074 1.06071 0.166425 6.50977 0.569862
0.944115 0.446621 0.211586 0.314682 4.38064 1.30343 3.6706 0.514934
0.0179058 0.0376312 0.0299944 0.0147499 0.00745333 0.00837775 0.0158003 6.46774
0.859113 0.31692 0.174002 0.145812 0.379533 6.46765 1.17712 0.574121
2.91249 0.664874 4.92571 0.850862 2.3435 0.952971 1.14272 1.67681
0.0630752 0.176818 0.0635944 0.0294196 0.853872 5.87737 1.66115 3.67795
0.719467 0.342988 0.165707 0.142525 0.34367 5.08997 1.02278 2.27634
2.23915 3.25373 1.31962 4.34669 0.731012 3.70684 0.896251 2.57427
0.202141 0.0260052 0.666357 0.713369 0.131006 6.57521 1.49802 1.27876
0.714767 0.103599 0.521995 0.387235 0.14342 0.398297 5.8829 1.0063
2.97758 1.40568 1.16623 0.909089 0.901358 2.32144 3.42015 2.40291
3.63179 0.511799 1.28756 1.67848 0.608015 1.72243 3.66055 2.11577
0.372146 0.0552556 0.517186 0.666298 0.215453 0.158101 5.23835 2.53994
3.16008 0.413313 5.26529 1.73733 0.853796 0.964066 1.85583 0.585369
0.245259 0.798738 0.294584 0.383753 0.140547 5.84952 1.1214 1.22791
0.938352 0.216421 3.03683 3.32029 0.666237 2.89604 1.43474 2.44664
1.54173 4.01258 1.18129 0.821331 0.744605 2.57581 0.980926 0.369358
0.588271 0.0814654 0.20738 0.65577 0.128283 5.64709 2.3243 1.60511
0.167269 0.241292 0.953191 0.24779 4.275 2.36372 2.99015 3.46853
0.689647 0.32624 0.154553 4.26429 1.78504 0.772531 2.76578 2.37538
0.32154 0.0760291 0.713837 4.40328 1.82907 1.37723 2.91432 2.11392
5.92569 0.782731 2.05802 0.926545 1.5231 0.989766 0.925883 0.578818
2.45483 0.349692 2.66006 3.79005 0.762274 0.853539 2.199 2.11364
0.172394 0.0274016 0.0475608 0.188363 0.987366 0.180718 5.3583 0.376293
5.6389 0.751571 1.9639 0.889134 1.45661 2.02052 0.924092 0.572936
0.939045 1.94556 4.79571 0.897313 0.801842 0.894973 2.25729 0.510674
1.89721 5.15979 1.92408 1.68621 1.0855 0.973036 0.915266 0.544015
0.89799 2.34377 4.04919 0.829829 1.17912 1.49253 1.06755 1.12787
0.0917132 0.0136856 0.150924 0.956814 0.147785 5.6913 0.903161 0.504548
1.72772 0.415081 3.81604 1.01886 1.08793 3.22602 2.27002 0.514242
0.150108 0.450271 0.48892 0.713608 3.46272 0.611545 2.14231 3.90741
1.17466 1.11775 5.13455 0.884355 0.984875 1.57394 2.35218 0.53729
2.23915 3.25373 1.31962 4.34669 0.731012 3.70684 0.896251 2.57427
3.60074 1.69853 2.8767 2.13272 0.787735 0.880932 1.62175 2.08102
0.507184 0.0654999 0.549395 0.787306 0.143436 0.162176 6.72004 1.14659
0.372232 0.847381 1.9911 1.02546 0.358985 4.02761 3.74834 0.415245
0.120825 0.337222 0.593692 4.23305 5.07982 0.96823 1.66853 1.31236
4.90747 2.28865 1.88099 0.86275 1.40227 1.66816 1.58689 1.21193
1.4667 3.87711 1.1107 1.89058 0.902933 0.820659 2.95697 0.00778659
0.452273 0.105108 0.762707 5.12352 0.73104 1.47674 3.15092 1.19431
0.865111 2.84596 1.1021 1.42477 3.10373 1.96127 0.876455 0.863992
3.74745 0.515676 3.89915 1.56411 0.79314 2.28528 1.78384 0.552585
0.538701 1.47993 5.07063 0.830806 1.29288 3.42128 0.922182 0.566669
0.0586742 0.214712 0.725853 0.791903 0.145215 0.16412 6.75855 0.591247
0.673105 0.309733 0.251916 4.79132 1.13325 3.06609 1.64391 3.62367
0.757605 0.100469 1.05905 0.203763 5.47341 3.47984 0.871915 0.576223
1.65557 2.35854 2.96813 1.10602 0.667443 0.74261 3.44027 1.13585
4.96168 0.715992 1.77283 2.30831 1.01371 0.95702 1.13531 0.523809
0.358899 0.968615 3.25237 3.55633 1.12698 1.44469 0.791532 3.06613
0.282215 0.776218 1.09028 0.168038 5.10369 3.27062 1.56067 1.66594
0.929927 4.60497 1.64792 1.44555 0.74257 3.25661 1.02251 0.539527
5.68994 0.752573 1.97694 1.72093 0.851633 0.960513 1.83956 0.577957
0.150108 0.450271 0.48892 0.713608 3.46272 0.611545 2.14231 3.90741
0.0557228 0.0530572 0.238468 0.0662108 1.01099 0.175158 5.73167 0.503045
2.17915 0.50279 4.87583 0.85453 2.1965 0.905457 1.51863 2.22719
1.22204 0.174383 0.435025 0.382347 5.44753 0.904441 2.32772 0.530427
1.09375 0.506866 3.91206 4.26934 2.37313 0.956806 1.62595 1.25997
0.44401 1.39157 0.278357 0.233462 6.21009 0.972497 0.910795 1.23739
3.18192 0.424757 5.29186 0.970946 0.853281 1.75477 0.923784 0.571924
0.114286 0.0146081 0.118814 0.169437 0.998065 6.74127 1.53066 0.0140649
0.156446 0.0361261 0.055788 0.984331 0.138748 6.29128 1.16459 0.559024
1.57384 5.10626 1.88969 1.04247 0.847074 0.94736 0.894117 1.2143
1.2987 0.176298 0.45492 0.594171 6.17937 0.981295 0.920498 0.561145
3.04176 4.36188 1.87001 0.92928 0.82488 0.924088 1.71565 1.23949
0.425643 1.14021 3.79639 0.6429 1.01561 2.60234 1.46275 3.054
0.714767 0.103599 0.521995 0.387235 0.14342 0.398297 5.8829 1.0063
5.79198 1.31301 2.04196 1.23396 0.858675 0.96907 1.16423 1.34946
0.016029 0.003489 0.0536959 0.00851997 0.00740151 0.0156415 0.0148096 6.9638
5.8403 0.762417 2.02101 0.903219 1.49146 0.964672 1.85861 0.586634
0.167269 0.241292 0.953191 0.24779 4.275 2.36372 2.99015 3.46853
0.0269064 0.00742852 0.0107839 0.00831286 0.00696217 0.0234697 0.00766075 4.58448
0.208802 0.0288921 0.672099 0.686269 0.138721 6.11541 1.44871 0.549142
0.00240654 0.00654911 0.00244032 0.0421027 0.00763975 0.0312497 0.0155913 6.34228
0.696691 0.111423 0.257953 4.20507 1.62722 0.813228 0.775291 2.71418
2.45483 0.349692 2.66006 3.79005 0.762274 0.853539 2.199 2.11364
0.0246855 0.0353986 0.00854963 0.00686451 0.0109906 0.0285452 0.00804577 6.21617
8.88272e-05 8.45965e-05 0.000377456 6.96001e-05 0.00155641 0.0091275 0.0494521 5.72633
1.60514 0.222245 5.16561 0.827357 0.926916 2.22696 1.74027 1.37333
0.623359 1.71415 5.8796 1.7546 0.875772 0.986349 0.924106 0.455093
0.248807 0.357162 0.448626 3.5476 3.1999 0.762762 3.79714 1.25771
5.76805 0.761298 2.00277 1.74296 1.52397 0.990018 0.926043 0.579345
0.00300489 0.00786932 0.025544 0.0280042 0.00623288 0.0247947 0.0128091 5.48837
0.401632 1.10611 2.57515 0.443817 3.38833 4.50519 1.60557 1.32741
3.61619 1.35165 0.757358 4.02596 2.29073 0.960698 1.4457 0.01272
0.010176 0.0536537 0.0186033 0.00818403 0.00757616 0.00857923 0.0167221 7.02147
0.146854 0.0197739 0.0513095 0.163512 0.931271 6.03583 0.978314 2.25234
1.42313 0.177606 0.485833 0.419935 6.69584 0.987428 1.71294 0.617639
4.9768 1.87313 1.0606 0.901559 2.25054 0.959322 1.13922 0.528505
0.00845129 0.0438446 0.0153247 0.00685191 0.0113112 0.0302515 0.016381 6.81651
0.19942 0.0270644 0.646052 0.709453 0.135702 6.19277 1.45167 1.08366
1.31696 0.264317 2.93532 3.38478 0.641044 2.92157 1.15962 3.38077
0.19942 0.0270644 0.646052 0.709453 0.135702 6.19277 1.45167 1.08366
0.0203913 0.0290068 0.0128517 0.0166686 0.00650961 0.00725887 0.024874 5.59194
0.0649209 0.329988 1.0818 0.323668 4.83811 1.38795 4.01598 0.564964
0.623359 1.71415 5.8796 1.7546 0.875772 0.986349 0.924106 0.455093
0.304485 1.51578 4.91652 0.83813 0.934162 1.49833 2.24293 2.16561
0.0649209 0.329988 1.0818 0.323668 4.83811 1.38795 4.01598 0.564964
0.304485 1.51578 4.91652 0.83813 0.934162 1.49833 2.24293 2.16561
0.640521 0.0859496 0.22355 0.666143 0.130683 6.08535 0.871615 2.23615
1.94217 5.32711 1.08966 0.916216 2.36138 0.970227 1.47459 0.0131771
1.88169 0.265033 6.20795 0.931613 1.54558 0.994823 1.05284 0.594858
0.000587557 0.000559625 0.00131584 0.000272953 0.000373669 0.00909938 0.0490008 5.67529
0.564144 1.5647 2.30806 2.96738 4.86453 0.946305 1.61573 1.72549
1.31696 0.264317 2.93532 3.38478 0.641044 2.92157 1.15962 3.38077
0.673105 0.309733 0.251916 4.79132 1.13325 3.06609 1.64391 3.62367
0.00580411 0.00552964 0.00170447 0.00147513 0.00349258 0.0015831 0.0477573 5.5347
5.79901 0.778348 2.02409 0.975622 1.50583 0.984775 0.922708 0.568394
3.18192 0.424757 5.29186 0.970946 0.853281 1.75477 0.923784 0.571924
1.43471 0.181883 0.492082 0.426141 6.70873 1.003 0.934331 0.606617
0.0118608 0.0323583 0.0120215 0.0382621 0.00743925 0.008355 0.0156971 6.40581
0.0228291 0.0328108 0.0139358 0.018188 0.0112124 0.0294222 0.00809251 6.41774
0.00894778 0.0450436 0.0159842 0.0073616 0.0119356 0.0202375 0.0157844 6.45822
8.88272e-05 8.45965e-05 0.000377456 6.96001e-05 0.00155641 0.0091275 0.0494521 5.72633
0.0269064 0.00742852 0.0107839 0.00831286 0.00696217 0.0234697 0.00766075 4.58448
0.00140581 0.000192559 0.000493846 0.000227414 0.000212228 0.00952701 0.0559305 6.45973
5.13156 0.667068 1.77345 2.32141 2.1305 0.938346 0.876352 2.34432
3.3155 0.416244 5.54432 1.79924 0.861868 0.977446 1.91741 0.613431
2.0602 5.70797 1.1385 1.74114 0.854297 0.964891 1.85961 0.58709
1.59385 0.31445 3.5689 4.11272 0.757817 3.53747 0.929347 0.468847
1.53855 4.15645 1.56239 2.03536 0.932927 0.839101 3.18873 0.00845236
1.06822 2.76266 0.822352 3.19928 0.743212 2.53072 0.977675 0.00720606
0.344989 0.0448119 0.358717 2.99843 0.403109 5.80224 1.64661 1.13904
0.13028 0.0603792 0.14805 1.22575 4.63852 0.721229 1.05319 4.58556
0.0341823 0.00848079 0.0127573 0.00936007 0.00750022 0.0285433 0.00790289 5.6037
0.0260656 0.0376726 0.0156315 0.00690153 0.011482 0.0309279 0.0166453 6.97528
0.0216205 0.0307704 0.0136062 0.00710822 0.15561 0.0278308 0.0496899 5.62386
0.00883567 0.0477518 0.0163581 0.00701759 0.0118865 0.0325339 0.0172728 7.35245
4.43823 2.04616 1.66669 0.734989 1.86135 2.17831 0.804113 3.57939
1.2627 2.91837 1.09856 1.97816 1.57161 2.60215 2.84606 3.40194
1.0815 2.8982 2.23796 0.999743 0.590125 0.658964 3.15684 3.05836
0.0300049 0.157111 0.0546619 0.0242152 0.0224445 0.106114 0.0572028 6.92967
1.97544 5.41983 1.10788 1.67963 1.06867 0.953612 1.80807 0.563618
1.97544 5.41983 1.10788 1.67963 1.06867 0.953612 1.80807 0.563618
2.1688 4.51486 1.71409 2.24428 0.973615 0.863354 3.52541 0.59285
2.09156 5.8179 1.14883 1.7633 0.8572 0.969685 1.88163 0.597125
0.0269078 0.0389635 0.0160386 0.00696681 0.0117087 0.0318271 0.0169966 7.18644
