1 0.0152417
9.03434 1.54375e-163 2.40497e-95
2.36305 2.8179e-35 8.41835
4.56102 8.1318 1.62075e-85
7.38827 1.61128e-49 7.82598e-52
7.52177 1.93332e-26 3.40017e-86
7.90501 8.27543e-112 8.15786e-190
7.29487 5.62274e-06 1.68073e-76
8.69711 4.59535e-179 7.23076e-94
8.56242 5.42193e-164 1.50022e-50
8.39275 3.71584e-116 2.10419e-255
7.34489 6.06216e-36 1.24461e-73
7.97778 2.5307e-07 0
8.54246 4.72611e-125 1.7868e-121
8.82121 1.2087e-218 2.72905e-80
8.36268 5.18937e-50 6.72579e-202
7.16347 3.4852 0
9.09502 1.6499e-163 4.24423e-98
9.10268 1.39264e-183 3.2829e-83
9.30232 3.46009e-189 1.43311e-120
7.85421 4.16197e-72 1.08973e-131
5.07668 1.74569e-22 5.99519
8.05828 1.04009e-120 2.58229e-110
8.69963 9.25293e-213 8.35012e-72
7.30062 2.03856e-26 5.42531e-87
7.09112 6.34869e-47 7.51123e-52
8.54768 2.38227e-62 6.70955e-278
6.11 1.27845e-22 6.8757
3.4818 7.65242 1.67735e-47
8.60015 3.76148e-226 1.85551e-05
8.56021 4.52302e-179 0.030523
8.6877 1.32915e-183 1.47829e-73
7.79639 8.16172e-112 2.54861e-76
6.05263 7.56332 1.33008e-49
7.88701 3.81954e-118 8.66192e-144
7.50325 1.79066e-162 1.31464e-50
8.23412 1.2912e-139 5.50499e-96
9.85857 3.75426e-129 2.20041e-260
8.2337 1.20081e-37 6.74984e-248
7.86783 5.45454e-09 6.96221e-153
2.3815 2.8399e-35 8.48407
4.73364 8.43957 1.68209e-85
9.19619 8.42776e-90 6.28529e-147
9.29824 3.0905e-94 5.79612e-155
8.68857 1.33241e-83 3.63823e-146
8.3269 2.64145e-07 0
8.95033 1.2264e-218 2.769e-80
9.67164 3.59746e-189 1.49001e-120
7.8677 6.46382e-38 5.101e-120
8.08489 1.04353e-120 1.47786e-94
7.18408 4.02985 2.66927e-15
7.42408 4.6062 1.76535e-51
7.50153 7.20869e-42 2.34798e-44
7.37814 2.80588e-35 0.115106
8.61068 4.94315e-39 3.60562e-146
8.99514 1.46364e-57 5.52009e-176
8.92553 3.64693e-56 3.08746e-231
8.68048 6.22384e-42 9.28207e-160
6.1514 1.28711e-22 6.92229
8.81319 1.34835e-183 1.49965e-73
6.17559 7.71697 1.3571e-49
8.2863 1.82593e-67 1.14968e-131
7.98459 3.8403e-105 5.27027e-52
8.08932 8.22207e-103 1.19855e-94
8.05887 3.69784e-45 3.93208e-107
9.14928 9.23844e-92 1.60802e-126
9.27547 2.60335e-92 5.7572e-128
8.95151 2.02922e-87 3.67119e-97
7.91223 2.52731e-86 2.29497e-08
7.97255 1.22194e-128 6.09848e-11
8.34343 1.63469e-151 5.77337e-38
7.90088 1.08935e-79 3.58767e-30
8.08259 2.02363e-157 0.00219246
8.13968 2.18442e-160 8.15648e-14
8.04258 7.20825e-120 2.06828e-16
8.61543 1.26037e-127 1.25642e-80
8.36845 4.20426e-137 2.48793e-58
9.13847 1.07365e-88 1.64205e-95
9.8895 6.54147e-119 2.33307e-149
8.34798 6.89007e-36 3.8295e-159
9.56603 1.12909e-30 8.90457e-238
8.31947 1.61682e-10 9.90395e-178
8.26656 4.42723e-08 7.31505e-153
7.89961 0.069876 5.74645e-140
4.90096 8.73788 1.74155e-85
8.97019 5.69715e-80 3.75616e-146
8.84551 2.53192e-65 5.52972e-135
9.39903 1.06271 8.80486e-238
9.86637 0.345412 1.87679e-305
8.50182 6.55304e-06 4.0252e-182
10.1909 0.115584 1.93745e-305
9.3098 9.9019e-213 8.93576e-72
9.26649 4.45868e-164 2.90613e-79
10.136 3.31727e-172 8.9494e-90
10.136 3.31727e-172 8.9494e-90
9.7064 5.32997e-133 4.21962e-111
7.93516 1.54213e-10 5.36265e-75
8.03721 6.19492e-06 1.85176e-76
8.13694 4.36452e-107 2.2021e-43
8.34814 2.55769e-118 5.76837e-54
7.29713 4.09326 2.71128e-15
7.76945 2.9547e-35 0.0956241
7.5378 4.39332e-20 2.35933e-44
7.5878 2.62806e-21 4.61638e-20
8.97935 3.66893e-56 3.10608e-231
8.93866 1.28619e-11 7.18903e-202
9.00171 9.20417e-155 3.1278e-56
8.81426 5.58139e-164 8.05556e-51
6.17569 7.7171 1.35712e-49
8.81024 7.65613e-55 5.615e-107
8.46954 4.22983e-45 5.4912e-120
7.99037 2.58271e-14 1.38867e-51
8.11477 3.13365e-64 3.06784e-52
8.48382 1.87741e-59 6.38882e-82
8.51661 1.6003e-95 4.02973e-66
8.37662 3.01572e-54 1.08995e-71
8.25278 2.59426e-65 8.00917e-49
8.61753 1.907e-59 3.67947e-83
8.11436 2.23463e-95 4.54361e-40
8.18532 1.59074e-10 1.76096e-75
8.0607 4.35502e-26 1.45917e-38
8.59003 3.94156e-45 4.19124e-107
8.09983 3.14282e-27 7.28013e-40
8.2707 7.77569e-11 8.58583e-98
9.17418 3.08753e-82 1.41337e-120
9.37556 1.2476e-88 3.8451e-97
9.37826 4.59716e-91 5.29154e-123
9.72068 2.55563e-84 2.87022e-124
8.65137 3.2751e-149 1.10267e-32
7.97278 2.87813e-22 1.48037e-05
7.9917 5.04749e-32 2.35957e-14
8.25913 2.21647e-160 8.27617e-14
8.16811 1.25192e-128 1.85532e-11
8.05012 3.96724e-107 4.4438e-10
9.65357 1.59483e-127 1.96717e-80
8.82506 1.29104e-127 8.76982e-64
8.68241 4.36198e-137 2.58127e-58
8.42593 7.04266e-101 1.26495e-55
8.45882 5.37469e-132 8.8064e-40
9.9218 4.8636e-91 2.21016e-123
8.54676 3.45939e-22 2.36695e-153
8.45857 6.61378e-19 2.76496e-102
8.89607 7.34245e-36 4.08093e-159
7.92988 1.35832 1.16428e-52
9.4885 4.20969e-75 1.17335e-141
9.4885 4.20969e-75 1.17335e-141
9.11213 5.9816e-75 2.48007e-116
8.94118 2.55931e-65 5.58953e-135
9.97595 1.12795 9.34531e-238
9.35176 9.94653e-213 8.97604e-72
9.47792 4.25217e-140 6.23866e-79
9.30683 8.58976e-159 3.23381e-56
10.3834 1.58799e-118 1.717e-106
9.87785 5.2817e-94 1.64599e-108
10.3834 1.58799e-118 1.717e-106
8.62593 4.6268e-107 2.33443e-43
7.78959 2.96236e-35 0.0958719
7.58682 0.132191 2.24037e-14
7.81019 4.55208e-20 2.85521e-39
8.02635 2.77996e-21 2.77446e-19
7.63626 4.90972e-09 4.12348
9.12994 1.31371e-11 7.34287e-202
9.05771 9.26143e-155 3.14726e-56
9.2575 1.58188e-163 1.024e-12
8.84124 1.73222e-151 6.11784e-38
8.547 2.92737e-32 1.19382e-89
8.82243 1.82391e-40 5.72e-120
8.4864 4.95393e-32 3.13367e-91
8.52026 4.77627e-42 9.66156e-86
8.11765 1.96674e-11 8.59858e-52
8.28829 4.89698e-13 4.37367e-45
8.33311 7.37912e-53 3.4357e-27
8.21271 6.24163e-38 3.68138e-15
8.2736 2.58621e-95 5.4286e-22
8.129 2.28542e-34 3.69399e-32
8.40515 3.52131e-87 1.01785e-24
8.29681 5.11245e-40 1.2034e-37
8.72196 4.0021e-45 4.25562e-107
8.4176 8.37916e-26 1.52377e-38
8.35648 9.32269e-10 1.02598e-60
8.37552 0.000417536 2.88206e-67
9.4107 9.13123e-83 1.0175e-121
9.59124 1.12684e-88 1.7234e-95
8.03745 6.40989e-22 4.24432e-14
8.2918 2.22524e-160 8.30891e-14
8.21792 7.14493e-50 1.75756e-10
8.12366 1.48451e-39 0.269532
8.25196 3.42326e-81 1.68681
8.74485 9.24318e-108 6.72512e-58
8.43139 7.04723e-101 1.26577e-55
8.83901 1.73081e-112 1.44548e-15
8.81886 3.56953e-22 2.4423e-153
8.61537 3.99903e-15 4.0204e-98
8.62259 6.74203e-19 2.81858e-102
8.48606 2.34852 2.89386e-69
8.94066 3.75211e-32 2.35957e-140
9.32934 6.82704e-69 8.15143e-97
9.23327 2.60446e-66 2.96278e-86
8.95138 3.22264e-54 1.16474e-71
9.09602 2.60363e-65 1.29353e-77
10.0207 8.5388e-143 1.83309e-65
10.3637 5.13213e-177 1.03396e-34
9.35745 4.18302e-110 7.19623e-58
9.44741 3.10525e-83 1.8559e-62
9.78037 3.05788e-159 5.20938e-58
9.48758 4.2565e-140 6.24502e-79
7.81608 2.43553e-14 3.11169e-25
8.03767 5.75777e-07 1.74195e-27
9.38056 0.000208111 1.54455e-192
9.22769 3.1186e-118 7.64241e-54
9.14857 1.25688e-125 6.19459e-46
8.85603 8.11527e-147 2.90123e-37
9.31144 6.6567e-36 3.49547e-118
8.50012 0.000223525 2.92494e-67
8.50647 3.73287e-15 2.63168e-80
8.64094 1.22406e-31 1.69018e-75
8.69287 5.24331e-32 4.71896e-69
8.53983 5.18125e-26 1.45824e-73
8.22114 2.50498e-08 7.82437e-38
8.28028 1.36414e-05 7.72041e-51
8.275 2.58665e-95 5.42952e-22
8.19004 2.61824e-07 1.77497e-27
8.20069 5.56816e-06 8.5995e-30
8.23465 8.11679e-30 2.68157e-23
8.33533 2.63984e-26 3.77909e-37
8.89002 3.04485e-32 1.24173e-89
9.24764 2.42242e-33 5.3633e-98
8.75179 1.10229e-35 2.49671e-80
8.43894 0.619277 4.26456e-58
9.44418 4.30355e-40 2.55699e-111
9.82298 1.74165e-38 5.0022e-115
9.71803 6.94737e-36 1.5887e-118
10.149 1.19238e-88 1.82363e-95
8.3963 2.10217e-157 0.000515014
8.61046 2.83116e-110 4.75312e-10
8.57909 1.40386e-107 4.7358e-10
8.70918 1.52085e-116 1.34569e-08
8.78057 5.75719e-107 6.75259e-58
8.78598 4.71265e-107 2.37775e-43
8.69681 6.82154e-96 7.74454e-24
8.46881 8.11952e-70 3.20168e-52
8.43821 1.27483e-51 1.9169e-55
8.5261 1.68336e-99 5.97913e-21
8.66414 2.73287e-95 7.71544e-24
8.48616 1.17026e-71 3.25591e-26
8.76441 1.03319e-82 3.09875e-42
9.19979 8.41445e-27 4.86809e-100
9.24749 1.68395e-29 6.1343e-115
9.32631 2.12259e-08 1.00837e-121
9.23351 1.97293e-25 4.52983e-104
9.08113 4.17905e-15 1.82748e-111
8.90508 5.34915e-137 0.265233
8.5973 2.37931 3.45814e-70
10.5216 4.2777e-82 3.26308e-90
10.049 0.00022294 1.65461e-192
7.95917 3.95922e-08 4.29785
8.03786 2.48954e-10 4.34034
8.96268 0.513078 1.38881e-84
8.28089 1.79981e-86 1.40684
8.72984 7.06286e-125 1.20519
9.94128 3.16955e-15 2.00057e-111
8.13062 3.97822e-07 3.91583e-08
9.70949 3.69749e-129 1.4303e-70
9.20831 0.000100317 9.09242e-99
8.90876 7.20762e-125 0.238822
8.14943 2.53941e-14 3.24441e-25
9.09618 2.78806e-30 1.70004e-77
9.42398 1.59957e-64 2.92303e-90
9.33514 2.29448e-57 1.37536e-92
9.47106 4.2939e-117 7.37269e-14
8.61573 4.99592e-63 5.73243e-37
8.70135 2.69177e-64 2.4265e-35
9.66132 6.13875e-132 2.73264e-25
9.06888 1.55117e-52 2.06017e-55
9.2766 2.01501e-06 2.96013e-98
9.59974 2.96588e-117 6.31885e-79
8.56649 3.83098e-19 6.94278e-64
9.00648 5.6763e-23 3.73275e-88
9.54166 1.99146e-07 3.04471e-98
8.28956 1.36567e-05 7.72906e-51
8.74824 2.83165e-71 2.11531e-25
8.35207 3.01192e-29 2.67381e-19
8.40621 1.95405e-31 2.80951e-11
9.29595 3.29041e-32 4.53832e-68
9.57849 1.63344e-117 1.54958e-13
8.35379 3.82157e-08 7.95062e-38
8.52043 9.94004e-94 3.37081e-20
8.84378 1.05815e-98 6.20191e-21
8.7951 1.4992e-45 4.67161e-50
8.79823 1.5364e-116 1.35944e-08
8.43188 2.79931e-49 7.01604e-17
8.46809 3.38766e-37 2.05612e-39
8.94612 1.33172e-109 1.14024e-32
9.54293 3.06898e-15 4.45324e-98
8.91898 5.41129e-26 3.23078e-83
9.6929 3.4934e-132 3.72761e-70
8.85065 4.55034e-30 2.41503e-58
8.87535 5.35338e-32 4.81802e-69
8.88187 1.28604e-16 1.89499e-75
8.71275 5.66346e-52 3.91534e-42
8.51283 1.18198e-91 1.35407e-11
