1328 14.9544
0.725315 0.921356 2.24005
9.54172e-17 4.64627e-17 1.73321
0.744784 1.1842 0
4.59937e-17 7.32505e-17 1.41254
0.740931 0.617035 0.962002
1.39899e-16 4.72461e-17 2.41149
0.576081 0.500388 1.1583
0.211574 0.2235 1.11643
0.626824 0.607289 0.735527
0.555396 1.04983 1.09294
0.590753 0.676323 1.00154
0.875726 0.875726 0.714517
0.972108 0.700194 0.511429
0.248438 0.248438 1.21814
1.14064 1.57462 2.03662
0.416856 0.320805 1.09982
0.966584 0.985374 0.993292
1.11448 2.83983 0.909251
6.6525e-17 5.59651e-17 1.41975
0.633446 0.655969 1.17145
1.93136 0.692574 2.05178
0.939942 1.11201 0.209486
1.201 1.201 0.439182
1.28378 0.733716 0.318852
1.91874 1.91874 4.60241
1.79868 1.00186 1.85694
1.28144 1.43358 0.166106
1.20842 0.470153 3.91524
0.257217 0.316598 1.23282
2.24954 1.15179 0.795646
0.540547 1.27258 1.38263
0.974684 0.890276 0.256782
4.33275e-16 4.79943e-17 7.11919
0.809836 0.881633 0.0166407
8.56842e-17 4.61585e-17 1.58946
2.08754 0.620605 3.63229
0.787755 1.0158 4.41461
0.977821 0.977821 0.211764
0.781503 0.86946 1.50065
0.720496 1.01906 1.33588
0.99486 1.00432 0
1.8933 1.3206 2.30837
1.01873 1.01873 0
0.703909 1.88596 0.884077
8.64922e-17 4.61866e-17 1.6013
1.6086 2.32497 0.261012
1.5765 2.00744 0.0950049
0.951888 0.897911 0.808314
2.39829 1.04503 0.650652
0.822156 0.992798 2.49286
0.761847 1.67844 0
0.679086 1.57057 0.880806
1.02277 0.707695 0.369772
0.70618 2.46881 1.16339
0.912934 0.76131 0.446701
1.06701 1.06894 0
2.54604 1.73743 0.308846
0.800954 0.929001 1.66658
0.651277 0.950974 1.27736
1.55806 1.88997 0.326423
0.51368 0.627573 0.914334
0.723003 2.12963 0.837017
2.84144 2.13361 0.366199
0.638648 0.692247 0.849215
1.33134 0.612815 1.08015
0.918279 0.798876 0.269471
2.11876 1.23529 0.800788
0.27558 0.148521 1.55773
9.20689e-17 8.33304e-17 2.02801
1.28673 0.850363 0.377681
0.644738 1.08593 0.899003
1.3096 1.11485 1.92014
2.33721 2.26604 4.9215
0.584235 0.543729 1.71736
1.45068 0.835145 0.173887
1.10577 3.13705 0.755037
0.890793 1.28135 2.42949
1.04456 1.04456 0.0551346
2.43127 1.46868 2.84044
1.86756 1.07639 0.0498648
0.641653 0.921 1.07965
0.67778 0.616202 0.916019
0.767507 1.09209 0.730779
3.77809 1.7931 1.62979
0.887289 3.89794 0
0.37384 0.660618 1.32284
0.428572 0.428572 1.30801
0.543524 0.705086 0.890261
2.7946 0.716302 1.21446
0.661818 0.620357 0.907109
0.548136 0.736533 0.850763
0.518815 0.774986 0.950112
1.41542 0.76327 0.642171
2.91038 2.64366 1.32203
0.524296 0.403354 1.01379
0.809355 0.53695 1.02292
0.757538 0.839607 0.615797
1.28672 0.636994 0.926171
1.3644 0.671103 1.08886
1.39981 0.71642 0.532845
0.588701 0.625623 0.859053
1.72518e-16 5.41086e-17 2.95276
3.1913 3.1913 1.11585
1.06717 0.643996 1.87647
0.63998 1.21248 1.09889
0.644292 0.479943 1.53953
5.69993 0.744269 1.88324
0.75506 3.01587 0.76433
1.40719 1.65713 0.207167
0.657681 0.310681 3.1422
1.44871 1.09969 3.50545
2.87125 2.66152 0
1.51981 4.46256 0
0.323219 0.429382 1.0921
3.77858 3.77858 1.37443
0.533916 0.936905 1.06597
0.56437 0.56437 1.18164
1.11538 1.23615 0.348866
3.4794 2.64043 4.36785
1.29962 1.20309 0
2.09855 2.50779 3.27
2.23134 0.764085 1.17992
1.41739 1.65507 0.0533265
1.37872e-16 1.06214e-16 2.8423
2.37247 1.0833 3.03441
1.04493 0.534874 1.17387
0.578611 1.20053 1.6286
0.910833 0.624654 1.10015
3.1949 0.767151 0.558359
1.04561 1.70454 0
0.851373 1.4701 1.37737
3.86082 2.42444 4.55892
0.791022 0.791022 1.65432
2.23901 3.05024 5.48041
0.282976 0.484912 1.53396
0.639602 0.986143 1.0347
2.74242 0.775495 0
0.613998 0.924116 0.836526
2.10804 2.08949 0
0.933659 0.785249 1.05046
0.881699 0.553376 1.04097
0.422484 0.327516 1.23459
1.95094 1.95094 0.413701
1.00248 0.803231 0.411335
1.18302 2.35468 0
0.899035 0.977557 0.85461
0.806895 0.806895 0.616102
3.26916 1.67111 0.780711
0.516341 1.42932 2.66825
0.850022 1.03703 0.637598
0.628155 0.840727 0.832789
0.635512 0.655045 1.99682
0.939164 1.16514 0.645948
0.463507 0.463507 1.2215
2.10696 2.86591 2.33595
1.25634 0.606027 1.05262
0.769385 1.33012 0.417528
1.60143 0.411129 2.65221
1.11639 0.888431 1.60978
1.24943 1.92858 0
0.981066 0.981066 1.40672
0.740176 1.60804 0.425561
1.89556 1.89556 0.337878
0.944416 1.44743 0
1.07192 1.01859 2.67208
2.55843 0.774069 0.0381594
1.80887 1.32069 0.229074
0.100426 0.0855102 1.82553
0.535402 1.06216 1.18947
1.09153 0.658765 0.683103
0.836316 0.821029 0.077302
0.65805 0.779955 1.44399
2.12695 0.732654 1.32377
1.30323 1.01124 0.361939
1.23076 0.460567 1.75611
2.34883 4.15064 1.62581
1.24612 0.899252 1.03207
1.15741 1.54982 2.52969
0.624695 1.28699 1.12813
0.242672 0.242672 1.5895
2.14453 0.549554 2.21382
7.75268e-17 1.35996e-16 2.55653
2.72049 1.12407 2.94357
0.949783 1.0226 1.32893
0.788914 0.749675 0.966428
0.737934 1.18342 1.23986
1.18019 1.4342 1.85735
0.332695 0.258597 1.95786
0.31445 0.43576 4.10899
0.757861 1.64131 0.168149
2.1913 3.08847 0.393563
0.0584015 0.0330306 1.63752
0.320433 0.264662 1.2793
0.853283 0.72972 0.553835
1.26124 1.26124 1.78366
1.4486 1.4486 0.126518
2.87565 0.960229 0.172975
0.235887 0.490059 1.72516
1.95089 1.95089 0.580182
1.10385 1.3445 2.53893
0.399181 0.402033 2.13605
0.93807 0.339689 2.02855
1.04988 0.725132 0.364979
1.20091 0.280434 3.19379
0.57393 0.435383 1.78614
0.481511 0.74559 1.34301
0.78221 0.564011 0.941441
0.757651 1.51824 0
0.988825 2.87479 3.04009
0.628667 0.760757 0.805639
2.96601 1.20706 0
1.13114 0.933948 0.616109
0.78491 1.17601 0.522144
1.55202 1.55202 0
0.204563 0.561223 2.16616
1.223 1.223 1.72959
0.52769 0.598545 1.87621
2.55138 3.80293 4.57949
0.933531 0.814468 0.468722
1.58551 1.58551 0.513917
0.822867 0.923728 0.356293
0.946155 1.51066 0
0.686191 2.19709 1.19719
0.834759 1.50373 0
0.239011 0.358603 1.64272
1.22073 1.22073 0.265264
5.10202 2.64654 0.02155
1.23837 0.634086 0.904905
0.758624 0.873536 0.876933
0.407484 0.487331 0.995927
1.9967 3.61638 0.360861
0.990386 0.990386 0.688613
1.14054 0.764238 1.16499
1.03685 0.713307 0.338929
1.01301 1.22161 0
0.642737 0.522278 1.01217
1.03372e-16 5.13231e-17 1.88481
0.914203 0.787784 0.672316
0.395461 0.414054 1.16085
0.7328 1.45642 1.08017
1.99802 0.767893 0
3.84624 1.73262 1.25473
0.81558 0.646773 2.43567
0.55827 1.11195 1.14065
1.45394 4.23209 3.88678
0.967224 1.17805 0
0.568857 0.858078 0.860223
1.28502 1.59201 1.44162
0.810873 0.714146 0.789356
2.14956 1.03773 1.84868
1.38633 1.05098 0.385072
0.681506 1.43258 0.782192
1.69805 1.02108 1.35032
0.727899 0.918278 0
0.784843 0.276022 3.56998
1.66549 0.641652 2.3354
3.1385 1.73461 1.38247
0.225221 0.225221 1.50861
0.821942 0.748289 2.59545
1.85092 0.800258 1.57116
1.91978 1.91978 2.71498
0.429492 0.479415 1.04435
6.31582e-17 8.38099e-17 1.71385
1.03786e-16 4.6673e-17 1.85845
1.63834 1.36494 0
0.311408 0.201724 1.4437
0.483559 0.498564 1.57976
4.39369 2.27151 0
1.06872 1.22497 0
1.2333 1.99879 0.779263
3.5299 0.658063 2.29465
2.83581 3.7146 0.0595151
0.542187 0.330106 1.47492
0.497346 0.399843 1.23718
0.696927 0.849979 1.13187
0.91089 0.80782 0.729595
0.595896 0.747746 0.894882
1.04149 0.847415 2.77334
0.752368 0.139411 4.21784
0.305352 0.540256 1.73729
1.28331 1.28331 5.4107
1.14042 1.38174 0.126468
2.92963 2.23273 0.730882
1.93773 0.687198 3.12765
0.0849058 0.0236524 2.88951
0.726079 2.7841 1.09526
2.74702 0.726349 3.83582
0.333934 0.333934 1.57329
1.301 1.301 0.669708
0.557739 0.887902 1.38426
0.771384 0.672592 0.619006
0.608011 1.53575 1.26986
0.544623 0.544623 0.921731
1.89574 0.651191 1.27145
0.620491 0.88729 1.08272
0.531978 0.522249 1.117
0.770317 2.18159 0.0345835
3.54847 1.669 0
1.41368 0.767897 0
0.79484 0.566543 0.809852
