7 0.0688425
0.778311 21.8558 3.13189
3.45252 0.126555 21.521
19.8796 2.6174 0.192118
14.7625 3.59726 7.68161
0.0242107 0.0295579 13.8459
1.00456 21.779 0.526697
4.49149 10.9354 13.551
11.6608 4.57044 2.21539
1.14853 0.805925 18.9553
0.0750628 0.121382 21.7786
0.0263713 0.0500851 15.6645
9.27024 16.9698 1.16104
0.0127133 0.075788 14.9167
18.2119 2.18326 9.98283
6.64414 13.0186 11.8715
12.8576 3.33509 5.29886
2.19878 16.1593 4.10249
0.799013 3.54899 27.6037
16.3347 7.36798 6.20916
13.1856 13.0092 0.916769
0.0127133 0.075788 14.9167
9.27024 16.9698 1.16104
10.6333 11.7104 7.95047
6.32304 3.70076 16.767
10.6333 11.7104 7.95047
0.449417 9.46118 18.7824
0.96261 1.79175 15.3935
16.1166 11.0148 3.89556
2.28992 12.9309 9.93341
2.7386 2.35091 10.8133
4.93164 9.65564 14.8768
0.449417 9.46118 18.7824
6.23279 2.84129 1.48741
2.12828 19.9394 1.40412
4.17318 18.6131 3.88873
4.74757 3.35568 13.1899
24.5773 0.796626 0.296525
15.4756 1.22424 1.8144
1.78914 1.31091 15.9973
1.19975 16.6401 3.91099
20.9248 7.83102 0.0089762
4.05604 0.167927 21.2241
3.91125 4.86183 5.3944
1.41558 0.744122 12.4787
2.96283 1.41217 13.2619
1.43121 1.38219 16.0498
19.3399 1.75781 0.00982617
1.59048 3.31338 21.1084
0.927075 16.5639 4.49063
3.87328 0.759601 19.774
4.14972 21.0906 0.821234
0.782731 19.5117 1.97767
17.3147 1.70982 7.74418
0.823012 20.9301 0.703261
2.79579 15.5976 16.1959
14.9941 6.32297 1.73937
14.827 11.7927 0.349099
10.8902 2.48491 6.54971
9.82834 1.42963 13.8287
1.43121 1.38219 16.0498
3.99451 2.62733 14.7418
8.03984 6.99345 1.69182
14.3076 0.667679 10.3662
10.8902 2.48491 6.54971
6.45128 2.76804 18.4524
24.2755 4.69911 1.40459
3.23469 20.4827 6.71362
7.77918 13.2144 2.79491
15.9119 1.40334 4.81858
10.7243 0.696733 6.18108
1.16751 0.0858254 23.605
3.11967 2.16226 21.9955
5.10656 0.299916 20.1436
3.01796 4.06167 3.3874
10.9006 1.85072 12.7747
0.798423 0.544646 7.86934
2.65544 12.8264 2.92171
9.85232 5.82593 11.1134
7.939 5.66033 10.4587
3.11967 2.16226 21.9955
9.25225 9.96328 0.400792
0.83309 0.421845 14.2698
0.00305387 0.0344866 18.0443
2.46197 1.65995 13.5884
19.8804 2.61749 0.192126
4.89816 2.58 9.30158
2.97633 12.3961 12.1051
1.59048 3.31338 21.1084
4.80555 19.1018 6.02745
0.00305387 0.0344866 18.0443
6.7634 14.4301 5.08703
22.7401 5.22154 2.68844
19.7811 2.11146 3.95363
0.170033 0.238219 28.62
5.68924 6.44058 15.8196
15.7676 1.39336 2.87624
3.81288 13.8752 7.80373
0.859537 11.7912 12.98
1.72302 17.0346 4.69191
7.02108 8.23982 9.33695
4.97278 8.68683 2.17693
17.0111 11.2694 1.16782
5.04809 9.90376 8.46793
15.6442 5.99131 2.22286
2.46197 1.65995 13.5884
6.35704 10.7051 0.608669
2.19878 16.1593 4.10249
0.246508 2.30922 18.7169
2.32999 16.1892 0.243445
3.23903 20.5168 6.72474
1.96529 3.26017 17.8602
7.17276 0.618388 17.2821
15.9119 1.40334 4.81858
14.3076 0.667679 10.3662
2.33972 1.91519 8.77418
2.32835 1.90611 8.73198
8.52258 10.5882 7.65097
1.16027 2.0709 21.3475
6.04455 17.4232 1.18977
1.24191 15.4927 6.52931
6.00484 0.306905 16.8292
3.1845 9.00301 10.0232
1.14853 0.805925 18.9553
14.6501 1.84199 9.07545
14.8729 19.4601 0.548651
14.3105 4.04407 3.49529
2.96283 1.41217 13.2619
6.35704 10.7051 0.608669
16.3347 7.36798 6.20916
1.03428 1.58873 15.1213
3.47787 2.35953 17.0723
1.41558 0.744122 12.4787
8.52258 10.5882 7.65097
1.45689 20.9219 2.29619
2.53641 0.862251 18.8307
0.830452 18.0161 0.282716
14.6501 1.84199 9.07545
0.39897 0.183644 17.8833
0.798423 0.544646 7.86934
4.29098 16.5112 10.0929
3.01796 4.06167 3.3874
14.827 11.7927 0.349099
4.59437 6.17933 14.2517
2.65544 12.8264 2.92171
0.83309 0.421845 14.2698
13.7973 6.40318 1.34838
4.19725 16.2467 3.43082
7.02108 8.23982 9.33695
10.4991 2.99365 10.5713
24.0928 3.90784 0.7442
0.150839 0.0586485 17.802
23.243 2.27866 7.45914
10.9006 1.85072 12.7747
7.81791 2.25637 4.05003
10.6194 2.46285 13.0923
24.5773 0.796626 0.296525
4.67641 6.73985 13.8391
11.2547 6.29038 5.68337
5.04293 3.99178 16.5329
16.7181 9.49071 0.444291
4.93752 17.2508 13.839
6.10891 10.5755 2.56699
20.4906 3.85704 0.663808
3.40123 4.50511 15.5501
0.606267 0.996084 16.3929
6.45149 14.6196 6.24389
4.67641 6.73985 13.8391
14.8579 0.703864 11.1235
1.74875 0.449793 18.1714
3.35431 3.24469 12.3739
4.05604 0.167927 21.2241
1.24191 15.4927 6.52931
4.74757 3.35568 13.1899
11.7299 4.5172 10.9496
5.68924 6.44058 15.8196
3.06167 3.40708 23.7927
14.0102 3.32182 1.36606
19.3399 1.75781 0.00982617
6.10891 10.5755 2.56699
8.85096 5.66502 15.9597
8.07991 11.4369 2.65499
1.90369 14.3485 3.64486
0.657679 0.462745 22.4857
4.72109 14.5579 0.00339497
3.04969 15.7865 2.9567
21.3352 1.7407 1.30897
14.3105 4.04407 3.49529
0.0581016 0.171687 17.5837
8.85096 5.66502 15.9597
13.8567 0.776895 5.05753
4.49149 10.9354 13.551
9.25225 9.96328 0.400792
7.09385 8.36828 11.2207
4.67048 9.03119 4.41037
7.03061 4.86276 7.2271
9.82834 1.42963 13.8287
3.93491 9.07158 0.486591
23.1274 5.96241 0.178467
1.79398 3.82952 14.8947
1.57109 20.6754 0.640285
5.64283 17.8488 0.772056
23.243 2.27866 7.45914
1.44251 8.59322 17.9297
4.17318 18.6131 3.88873
12.5328 9.84151 5.4494
0.0581016 0.171687 17.5837
25.2741 1.32921 0.0684673
16.7181 9.49071 0.444291
3.29126 1.73306 10.3608
1.55315 12.4041 1.92645
12.109 14.1908 2.47077
4.42721 18.6515 0.392891
3.23469 20.4827 6.71362
23.3873 0.894426 9.91041
3.40123 4.50511 15.5501
4.77886 25.9672 9.21898
8.94744 9.5448 6.57375
1.25245 1.45628 7.41357
2.32999 16.1892 0.243445
1.12478 13.4055 3.11391
3.93491 9.07158 0.486591
19.9731 0.80143 0.0400691
9.9662 10.8909 2.72948
8.86502 2.52486 7.09546
6.39954 10.736 7.73838
0.39897 0.183644 17.8833
3.17603 17.0291 2.70643
0.073656 0.172331 18.0911
1.96529 3.26017 17.8602
7.939 5.66033 10.4587
4.77886 25.9672 9.21898
12.0572 2.06171 9.23091
2.44535 12.5471 1.44798
26.469 0.822949 0.348049
3.2518 3.3727 13.5926
23.1274 5.96241 0.178467
3.2518 3.3727 13.5926
1.16786 1.0024 16.7592
7.81791 2.25637 4.05003
24.0928 3.90784 0.7442
1.03428 1.58873 15.1213
4.87362 19.2307 3.64433
2.79579 15.5976 16.1959
1.45689 20.9219 2.29619
20.4906 3.85704 0.663808
18.5853 3.29007 11.448
0.170033 0.238219 28.62
7.03061 4.86276 7.2271
2.7386 2.35091 10.8133
3.80115 0.338899 20.9668
25.2741 1.32921 0.0684673
12.5328 9.84151 5.4494
3.17603 17.0291 2.70643
14.9941 6.32297 1.73937
18.3909 8.45201 0.190752
18.1169 0.821796 1.71854
1.04495 1.43052 13.4114
3.19014 1.78811 24.6931
4.95347 2.88978 17.9424
1.90369 14.3485 3.64486
6.39954 10.736 7.73838
13.6905 0.993107 11.8153
13.903 6.07922 2.25801
5.60924 13.6309 8.01425
5.13768 7.50065 12.5706
0.190002 0.271005 21.2763
10.7243 0.696733 6.18108
1.44251 8.59322 17.9297
5.60924 13.6309 8.01425
0.015539 0.00183466 21.1192
3.3819 0.406658 18.3816
5.04809 9.90376 8.46793
0.0276529 0.0246685 20.5937
11.3356 2.28963 13.3428
15.6442 5.99131 2.22286
8.86502 2.52486 7.09546
0.624327 1.43042 17.4921
7.28884 19.6882 2.55146
1.00456 21.779 0.526697
18.3909 8.45201 0.190752
9.35195 12.924 1.50347
0.0263713 0.0500851 15.6645
9.43481 6.303 3.374
0.823012 20.9301 0.703261
2.89173 0.529814 22.5872
12.374 5.51541 3.88824
7.02648 11.4845 1.02002
0.627056 1.38612 9.36867
0.464025 2.36251 17.5844
10.8057 0.70892 21.2643
15.7737 3.30092 2.96299
4.83481 2.97753 17.7259
6.45149 14.6196 6.24389
12.109 14.1908 2.47077
4.80555 19.1018 6.02745
14.8729 19.4601 0.548651
0.073656 0.172331 18.0911
0.624327 1.43042 17.4921
4.70053 14.6914 0.755609
1.19975 16.6401 3.91099
