3 0.0976549
0.00198568 0.00473222 0.00378814 0.000547928 0.0130242 12.6337 11.2544 11.8796
0.0188247 0.000839761 0.0880715 0.0626142 0.37475 0.329525 6.90155 19.0221
0.0181916 0.00522972 0.0084869 6.52825 6.35291 5.96819 14.375 12.7177
1.74807e-06 5.53907e-06 1.05401e-05 0.00089634 0.000772739 1.2446 15.7855 10.939
3.87682e-05 0.00143662 0.00198188 0.019879 0.00875357 0.0670808 0.00637575 18.2365
4.59402 2.07589 9.32618 6.59045 1.75228 3.38078 13.8773 9.08995
7.05429e-05 0.0020655 0.00277589 1.09729 0.113059 2.5725 0.357806 22.1403
0.0256154 0.0155326 0.0394459 0.161911 0.553463 0.29976 17.0581 0.156038
0.020739 0.016204 0.0300088 0.040612 0.427045 0.0549444 26.0155 0.130921
2.08723 1.19258 2.65358 0.23884 3.2248 0.343853 6.8214 12.9934
1.45672 2.46359 1.37268 7.81031 6.41103 9.82139 6.92897 2.32164
1.03404e-05 0.000101473 0.000137863 0.000221128 0.0124755 0.326205 0.721669 18.7234
0.205717 0.38056 0.00499384 1.72752 0.254657 0.0502024 24.9245 3.94726
0.00443468 0.00342164 0.011425 0.00328779 8.32124 6.11665 15.2555 0.428084
1.8461 1.76097 3.59858 2.78708 4.14616 9.89056 6.56692 7.76905
4.55079 0.800697 1.05729 1.39665 0.0786895 4.13339 2.11125 17.2597
0.000713047 0.00258144 0.00154583 0.00223159 0.056223 6.39155 7.90377 11.6649
0.0674867 6.3318 0.00340386 0.00429575 7.3536 12.7638 1.27633 10.1134
0.633092 0.925217 0.199616 6.42445 8.91284 13.5679 1.53066 1.38933
0.341908 1.70427 13.0121 4.77698 0.65487 5.36167 9.4156 2.16522
0.698147 0.866343 0.694989 7.02726 3.85339 13.402 6.62344 3.9481
0.00429767 0.00425562 0.00354947 0.00428036 0.0416622 4.2569 5.93626 13.384
0.115157 0.130741 0.0770586 0.191111 0.885666 0.554905 4.92135 15.6477
3.24305 1.97249 0.0583445 17.301 0.733367 1.52504 3.25211 5.92393
0.147645 0.164861 0.175492 3.91349 0.572738 3.64646 6.03474 0.510335
0.225237 0.406174 0.000276107 5.68133 0.761254 0.0148369 19.0876 1.85412
0.000116525 2.44621e-05 7.03034e-05 0.207986 1.41137 1.75574 0.374702 23.4998
0.0134444 0.00670671 0.00740901 0.0208237 0.0650213 5.75296 2.12896 15.7784
0.225237 0.406174 0.000276107 5.68133 0.761254 0.0148369 19.0876 1.85412
0.00129899 0.00110594 0.00175501 0.00138911 0.018156 0.458102 22.206 0.0275927
0.00129899 0.00110594 0.00175501 0.00138911 0.018156 0.458102 22.206 0.0275927
0.0274738 0.00798771 0.0377111 0.00753202 0.0661872 2.24771 20.2299 3.46359
0.406281 0.0962429 0.0197391 0.455671 0.371063 1.18956 18.7071 8.17436
0.00313039 0.0456707 0.000188042 0.00391862 1.60452 3.80073 0.641615 17.1377
1.20888 0.799872 5.18977 0.111176 15.2432 9.31716 11.0746 2.01761
0.441756 0.374166 0.250342 0.402033 4.76369 2.41805 2.05757 17.3804
1.94249 1.74779 4.73906 9.08816 0.698314 1.46717 1.43258 14.0128
5.10048e-07 9.46802e-11 1.84104e-06 2.29185e-06 0.000746886 0.149171 0.092463 21.6709
0.0611815 0.105538 0.0859817 0.00619463 0.244322 0.123023 0.222759 20.7171
1.0124 0.714989 1.89541 2.75115 4.29058 9.72882 8.7142 6.57252
0.341908 1.70427 13.0121 4.77698 0.65487 5.36167 9.4156 2.16522
0.00223027 0.00011083 0.0028968 0.0397911 0.0818245 0.0639305 0.0283827 15.944
0.21398 0.277729 0.000676281 3.46684 0.640498 0.377833 20.5981 0.118922
0.135044 0.224593 0.161587 0.0253847 0.284598 0.318223 0.140878 17.7441
1.04893 1.21381 1.10094 0.649643 4.49909 7.73284 16.8342 4.48491
3.09875 1.00595 0.447924 3.04791 1.32879 7.35234 1.94412 17.2952
0.764223 0.0534367 0.820169 0.813399 0.38851 0.387338 5.56186 19.1532
1.7778e-05 7.78486e-06 8.73786e-06 0.00672288 0.594944 0.934796 9.07918 16.1446
0.000991518 0.110936 0.114741 2.45824 8.29646 9.17375 9.60892 5.8842
0.00146766 6.27911e-05 0.0107909 0.0387065 0.0167056 0.0301983 0.141071 16.7481
0.00321986 0.000236962 0.0112044 0.0594611 0.0200055 0.0404923 0.162009 12.6843
0.0181777 0.106195 0.0941836 3.96528 0.191655 3.00215 5.14299 18.1364
0.00977582 0.0081132 0.0300895 2.72338 0.105501 3.15325 18.9547 2.04643
1.94249 1.74779 4.73906 9.08816 0.698314 1.46717 1.43258 14.0128
1.58094 0.945222 2.41621 2.49014 4.45479 4.90479 6.36067 4.32052
0.149156 0.00549309 0.253324 0.255171 0.151489 0.9647 12.5342 14.8902
0.181782 0.0114344 0.557968 0.79329 3.1533 6.08328 12.5962 4.4624
1.04893 1.21381 1.10094 0.649643 4.49909 7.73284 16.8342 4.48491
0.00136868 0.000996966 0.0026647 0.010291 0.0634379 2.67068 1.38675 14.6226
0.65675 0.0622738 8.75619 0.249743 6.83112 21.3813 1.5445 11.7583
0.00225073 0.001668 0.00138734 0.000109496 9.25108 6.49185 15.3185 7.15361
0.663562 0.0429381 0.501429 1.77096 6.24749 0.80635 1.04105 21.6552
0.00110967 0.00201752 3.11754e-08 11.8383 1.19381 0.0463772 24.2127 1.29305
1.14928 1.38558 0.957098 2.5344 2.10948 0.128297 11.172 3.10934
1.5097 1.57326 0.157266 14.791 0.734857 8.30086 9.9817 6.94534
0.0134444 0.00670671 0.00740901 0.0208237 0.0650213 5.75296 2.12896 15.7784
2.24649 1.39634 0.124466 1.97023 3.12061 0.0705911 17.4389 7.75844
1.51203e-06 3.8459e-05 0.000141808 0.000198983 0.00020428 1.49908 21.1192 1.90414
0.388839 0.135086 0.519562 0.237873 0.574872 0.531137 5.15283 19.7387
6.7128e-06 9.07808e-06 0.00022941 0.00058087 0.000996015 0.00327298 0.0571282 21.5283
0.00157033 0.000964388 0.00188668 0.000954822 5.71891 9.39116 20.2386 0.322403
1.46065e-07 1.6323e-05 4.14526e-05 0.00011472 0.000648756 0.0897048 0.191276 19.7977
0.00404108 0.0189426 0.0159647 0.245009 0.142558 12.9977 1.82931 19.1037
1.74807e-06 5.53907e-06 1.05401e-05 0.00089634 0.000772739 1.2446 15.7855 10.939
0.131759 0.0406359 3.96194 12.13 0.589777 9.34737 1.87228 6.01144
0.328847 0.341842 2.67384 1.56192 1.63869 7.16494 11.2389 4.41129
0.0219075 0.00611979 1.13346 0.341995 4.20851 6.47775 8.77504 13.6008
0.000556239 0.000374512 0.0215613 0.0326796 0.244283 1.51157 6.70318 15.6824
1.46065e-07 1.6323e-05 4.14526e-05 0.00011472 0.000648756 0.0897048 0.191276 19.7977
0.644385 0.609388 0.322572 0.890137 2.67911 17.9818 8.22033 0.703465
1.0124 0.714989 1.89541 2.75115 4.29058 9.72882 8.7142 6.57252
4.59402 2.07589 9.32618 6.59045 1.75228 3.38078 13.8773 9.08995
0.109294 0.689897 0.501105 2.01976 3.55046 2.80284 1.57928 17.1129
0.000410096 0.000145415 0.000358093 0.00028272 0.498599 2.90303 1.80089 15.7138
0.0455512 0.0314473 0.180909 0.170168 1.50125 0.584018 18.2234 0.0888397
0.0934508 0.159425 0.503329 0.317103 15.7119 0.868102 2.71771 11.3912
0.000316799 5.54449e-05 0.000184572 0.000730319 0.00440431 0.0755806 0.280762 21.988
0.205717 0.38056 0.00499384 1.72752 0.254657 0.0502024 24.9245 3.94726
0.00664291 7.90578e-05 0.00521379 0.242458 3.04131 5.63028 2.65771 18.014
0.328847 0.341842 2.67384 1.56192 1.63869 7.16494 11.2389 4.41129
0.00329656 0.00799957 0.00439067 0.000300883 0.0188868 0.00307207 0.00326913 18.2545
3.2435 0.0314579 0.274665 4.2105 7.05756 4.87642 3.02301 13.5439
0.00343083 0.00593295 0.0897203 0.21573 0.245882 0.516376 1.34857 15.7472
0.028091 0.0744595 0.0945078 0.108905 0.508746 8.56618 11.1523 11.0059
5.10048e-07 9.46802e-11 1.84104e-06 2.29185e-06 0.000746886 0.149171 0.092463 21.6709
0.480038 1.05558 4.33771 1.73065 3.19923 5.01129 13.3693 3.21789
1.09346 0.153513 0.566828 0.882836 3.57961 12.9859 8.61184 8.53146
0.671116 1.46849 0.247861 2.86028 6.02693 0.103828 11.7085 13.0766
0.680835 1.57379 0.00549211 7.10799 0.950483 0.00368094 25.1908 4.43157
0.0655914 0.0916609 0.0951286 0.11435 0.378757 1.87605 19.9687 0.111137
0.0012092 0.000112157 0.00288687 0.000126485 0.000850411 0.45187 0.675758 17.702
0.00785366 0.249499 0.113293 0.166569 0.625616 0.769627 1.1216 17.106
0.0047558 0.00203616 0.0697153 0.205523 0.192072 0.208819 1.77307 15.9301
0.00215211 0.00106494 0.0138525 1.72077 2.73557 3.75803 17.504 8.32841
0.676878 1.18931 8.98852 3.01364 4.44077 14.9048 12.4485 6.59905
0.166144 0.0848443 1.18914 0.734211 7.08313 1.4072 7.20128 13.1917
0.00343083 0.00593295 0.0897203 0.21573 0.245882 0.516376 1.34857 15.7472
2.92414 3.53608 2.7836 3.17019 2.95836 1.3337 14.6983 0.365556
0.439923 0.569378 1.75681 2.17019 2.25075 3.35315 8.3081 3.91406
0.960128 1.43245 1.25924 1.99675 0.34761 10.6092 5.25798 1.79159
0.0717621 0.0415092 0.359347 0.365725 0.528443 0.880597 0.140312 17.9859
0.0934508 0.159425 0.503329 0.317103 15.7119 0.868102 2.71771 11.3912
0.000401702 7.74066e-05 8.93308e-05 0.468806 1.79004 1.30141 0.48302 19.8476
0.486358 0.218247 0.56952 5.63658 0.555101 0.46987 7.92393 3.37051
0.922444 0.609397 0.0135425 7.36283 5.03018 10.3489 11.9473 0.187275
1.00953 0.189805 0.00552685 3.87261 15.8462 1.64502 3.20198 12.1318
0.117717 0.159977 0.163814 0.315512 1.47226 1.73353 4.24968 10.697
0.177235 0.0878375 0.48864 0.980418 1.27475 2.20367 6.45769 10.6698
4.20515 2.3726 4.56671 0.000402695 1.93702 5.13549 6.26866 14.4931
0.00528145 0.00229838 0.0107041 0.0562401 0.198343 0.336685 17.9351 4.30999
0.589808 0.636129 0.0654859 1.20802 1.84599 16.0436 0.175031 9.14328
5.06613e-08 7.11373e-08 3.42199e-07 3.94371e-05 0.000110366 1.40082 21.9504 3.10421
0.883157 2.92052 1.57365 2.76036 0.126003 0.148144 12.088 11.0509
2.66648e-05 1.39844e-07 0.000132894 0.000181105 0.0130668 0.614822 0.808712 18.5413
1.16544 1.29834 1.4522 1.94021 1.67548 1.82321 3.93551 7.52358
1.0394 3.88643 0.00484517 3.37695 7.83131 0.814545 17.0672 3.32242
0.0655914 0.0916609 0.0951286 0.11435 0.378757 1.87605 19.9687 0.111137
1.16379 0.33338 4.8314 0.668045 5.50569 13.991 8.89728 7.51894
0.033685 0.0482485 0.0297862 17.9592 1.56522 3.59275 7.12987 2.5084
0.336266 0.25021 0.297042 0.0113061 1.05876 3.10665 14.5674 6.79928
0.0639032 0.0113309 0.105635 0.306067 0.494981 0.59964 0.28813 20.0521
0.178236 0.0775519 0.31065 3.99276 0.941373 10.9732 12.1852 1.73407
0.0004883 3.38545e-06 0.000708738 0.00196406 0.560333 4.74855 4.10143 15.6399
0.000786239 0.000241923 0.000202486 0.00562508 0.00200462 4.22688e-06 25.4513 0.370769
1.3954 0.0580591 0.0326343 4.11972 4.72724 4.11496 0.307476 23.6758
2.38995 1.36912 0.613275 15.1591 3.82328 7.52422 7.76227 6.63086
0.0175008 0.0010407 0.0115019 0.0352504 0.0585706 0.0510502 0.0119059 14.9556
0.000352411 0.000956303 0.0235897 0.0028895 0.0371566 0.0723579 0.322391 19.2461
0.000845684 0.00125709 0.00356951 0.00584519 0.351255 19.107 7.26317 4.7169
0.886046 0.607649 1.13959 6.34058 1.34966 16.7925 2.55559 7.9594
0.0138945 0.000638288 0.139086 0.200961 0.73227 1.98556 6.3364 11.2267
0.686259 2.33844 8.02091 0.0494404 3.15905 5.76292 7.07301 4.34835
0.0274738 0.00798771 0.0377111 0.00753202 0.0661872 2.24771 20.2299 3.46359
0.336266 0.25021 0.297042 0.0113061 1.05876 3.10665 14.5674 6.79928
0.17546 0.110278 0.33255 0.234461 0.360246 13.3311 9.27244 6.22043
0.834086 1.22572 1.22472 1.66392 1.0082 0.175753 14.4018 2.89841
0.960128 1.43245 1.25924 1.99675 0.34761 10.6092 5.25798 1.79159
7.73762e-05 1.91267e-05 0.000188637 0.000187197 0.0176385 0.0125069 17.805 6.39775
0.464295 0.896675 1.87485 3.45999 1.33837 0.015646 17.4817 1.23026
0.009305 0.0111489 0.051134 3.4298 0.266976 4.05717 16.7955 3.41262
2.48119 2.67847 1.70486 1.46855 7.09602 0.995329 8.07617 9.20976
0.149156 0.00549309 0.253324 0.255171 0.151489 0.9647 12.5342 14.8902
0.533669 0.656903 0.103992 11.1571 8.59999 16.1666 1.17833 0.0901959
0.0499674 0.0306924 0.000790681 4.76002 5.00124 4.78374 0.943324 18.3988
0.212488 0.00521476 0.497465 5.01252 5.47896 16.6585 3.78336 11.0236
0.133792 0.0369204 0.00103744 1.99685 14.5512 1.39029 3.84129 13.134
1.51918 0.885219 5.17016 0.736671 4.27868 9.69691 9.99784 6.56565
3.77383 0.126378 1.15087 2.93087 4.10034 5.90408 13.9536 7.64234
0.486358 0.218247 0.56952 5.63658 0.555101 0.46987 7.92393 3.37051
0.135044 0.224593 0.161587 0.0253847 0.284598 0.318223 0.140878 17.7441
0.0241201 0.0126093 0.017388 0.00174821 0.605536 0.0101764 19.5887 4.99571
0.537903 0.818014 4.23401 4.42198 0.0288381 11.8272 16.6596 0.48729
0.000932076 0.000237833 0.00212903 0.00806106 0.153686 0.350075 2.53944 21.5595
0.268755 0.153355 1.49318 0.307481 1.98408 6.12296 16.3946 1.75045
0.0012092 0.000112157 0.00288687 0.000126485 0.000850411 0.45187 0.675758 17.702
0.00329656 0.00799957 0.00439067 0.000300883 0.0188868 0.00307207 0.00326913 18.2545
0.00581182 0.000514004 0.00082555 0.0275014 0.0636809 0.0492272 0.0294458 19.6118
1.98085 1.35474 1.272 1.2235 4.07434 5.73614 13.5038 5.20989
0.125906 0.701381 0.577391 1.86383 3.07414 7.32089 1.89826 16.2552
0.0856371 0.0559731 0.704099 0.391821 0.575519 7.21304 5.66626 16.6971
0.181782 0.0114344 0.557968 0.79329 3.1533 6.08328 12.5962 4.4624
0.228396 1.01995 3.05961 4.07266 3.97733 0.0188121 19.566 0.964365
2.01868 1.42179 9.44522 3.0744 3.9898 4.82043 7.88452 4.42334
0.033685 0.0482485 0.0297862 17.9592 1.56522 3.59275 7.12987 2.5084
1.09346 0.153513 0.566828 0.882836 3.57961 12.9859 8.61184 8.53146
0.118938 0.981653 0.0885192 3.99265 7.68495 0.903504 9.76038 10.7012
0.0221786 0.0370541 0.0243615 0.181727 0.0776836 0.107186 17.2929 2.63816
1.92042e-05 3.81008e-06 8.1154e-06 8.0816e-05 0.00137112 0.0249363 0.180023 20.549
0.000376391 8.14041e-05 0.000995638 0.00230038 0.0933164 0.371487 18.1842 0.156618
0.686259 2.33844 8.02091 0.0494404 3.15905 5.76292 7.07301 4.34835
0.933353 1.1285 0.0990901 8.0631 1.62591 0.52783 20.8996 0.4043
0.0115073 0.0357693 0.116313 0.239869 0.121155 2.00635 15.4629 6.39369
0.0499674 0.0306924 0.000790681 4.76002 5.00124 4.78374 0.943324 18.3988
0.0819931 0.045243 0.131161 0.105846 7.10919 0.00222372 19.0942 2.74885
0.324948 0.429871 0.0359409 9.46033 6.08829 12.8753 3.37804 9.81109
0.140722 8.0214 0.0579096 0.0114299 3.07209 10.6343 3.10944 10.8811
1.20888 0.799872 5.18977 0.111176 15.2432 9.31716 11.0746 2.01761
2.81398 0.0486064 0.0071278 2.43338 11.9312 6.38901 3.68721 19.1803
0.43214 0.101527 1.32458 1.50022 1.87387 4.58792 6.3818 10.2654
0.125906 0.701381 0.577391 1.86383 3.07414 7.32089 1.89826 16.2552
0.400352 0.162313 3.58703 3.11529 5.32553 7.09893 14.7055 1.58126
0.118938 0.981653 0.0885192 3.99265 7.68495 0.903504 9.76038 10.7012
0.0183513 0.0130803 0.431556 0.597799 1.04235 2.79948 16.4148 6.0573
0.427476 0.39867 0.258643 0.903623 0.749033 0.47164 3.6383 17.0677
0.0359923 0.156252 0.139635 1.45057 2.53624 11.2586 8.4756 15.7868
0.000406357 0.00994328 0.00244677 0.000284836 0.570336 1.68875 0.495268 19.8062
0.000713047 0.00258144 0.00154583 0.00223159 0.056223 6.39155 7.90377 11.6649
0.0138945 0.000638288 0.139086 0.200961 0.73227 1.98556 6.3364 11.2267
0.219059 0.0389554 0.305826 0.0733573 0.0968556 0.841253 0.652539 18.0761
1.16544 1.29834 1.4522 1.94021 1.67548 1.82321 3.93551 7.52358
0.0286221 0.000779681 0.0227858 0.0479014 0.0412529 0.0866759 0.0713895 18.9326
2.3101 0.00112985 1.44432 18.4654 0.668828 0.185057 2.49293 1.83822
0.0124767 0.306904 0.331921 2.47649 8.91156 5.35827 8.42432 7.32099
0.10495 0.079435 0.19823 0.0850078 0.598028 0.0293662 18.3925 5.10215
0.0067151 0.00463949 0.0277546 2.95528 0.0294915 8.10047 15.2944 6.19938
1.66908 0.238926 0.070755 0.903274 2.41096 9.00264 20.7857 4.11227
0.11843 0.0959588 0.000493122 3.15048 2.82699 2.86963 17.3523 2.37788
0.0564989 0.0942361 0.233405 0.165413 0.266369 0.622146 0.855641 17.7822
1.58094 0.945222 2.41621 2.49014 4.45479 4.90479 6.36067 4.32052
0.212488 0.00521476 0.497465 5.01252 5.47896 16.6585 3.78336 11.0236
0.000376391 8.14041e-05 0.000995638 0.00230038 0.0933164 0.371487 18.1842 0.156618
0.0306455 0.574513 1.79593 0.729821 8.10905 2.35191 15.5218 9.21327
0.0482294 1.34372 9.69694 2.64468 0.576064 0.418011 13.8749 2.7616
0.000163069 0.000319218 0.000254112 0.000474547 0.0252362 6.65404 8.52128 13.3824
1.03404e-05 0.000101473 0.000137863 0.000221128 0.0124755 0.326205 0.721669 18.7234
0.764223 0.0534367 0.820169 0.813399 0.38851 0.387338 5.56186 19.1532
0.0844161 0.0579507 0.144656 0.0359505 5.43481 0.00605724 19.6699 4.14903
0.347988 0.187496 2.6821 3.34676 2.92675 3.73683 7.42923 4.06794
1.8461 1.76097 3.59858 2.78708 4.14616 9.89056 6.56692 7.76905
0.000410096 0.000145415 0.000358093 0.00028272 0.498599 2.90303 1.80089 15.7138
0.000434783 0.0145067 0.063862 0.0306726 0.738055 22.6977 1.32002 4.33866
1.00953 0.189805 0.00552685 3.87261 15.8462 1.64502 3.20198 12.1318
0.141621 0.938554 2.91223 0.483957 2.95387 3.77558 10.7545 13.4009
0.00967598 0.000409912 0.0638521 0.0301158 0.0453588 0.281717 2.5194 18.4545
2.13092 0.74842 2.69075 0.00234362 6.48438 1.13555 3.81746 19.8908
1.06721 0.063088 0.973966 0.866062 6.52842 3.55106 9.99017 15.7136
0.000163069 0.000319218 0.000254112 0.000474547 0.0252362 6.65404 8.52128 13.3824
0.00215211 0.00106494 0.0138525 1.72077 2.73557 3.75803 17.504 8.32841
0.200905 0.0896138 0.657494 0.993759 2.42495 1.97217 11.4715 6.96346
1.16379 0.33338 4.8314 0.668045 5.50569 13.991 8.89728 7.51894
0.589808 0.636129 0.0654859 1.20802 1.84599 16.0436 0.175031 9.14328
1.83571e-05 9.52816e-05 0.0153201 0.0144926 0.0515547 1.46614 16.938 9.57546
1.64199e-05 3.9335e-05 5.01734e-05 3.60734e-07 0.000174012 0.00162663 0.0239632 21.2001
0.249985 0.340274 0.569507 0.367255 0.70913 1.01356 10.6657 1.19195
0.000991518 0.110936 0.114741 2.45824 8.29646 9.17375 9.60892 5.8842
0.00429767 0.00425562 0.00354947 0.00428036 0.0416622 4.2569 5.93626 13.384
0.0707917 0.698838 0.000135329 0.390714 7.69322 0.408217 15.7009 7.11641
0.933353 1.1285 0.0990901 8.0631 1.62591 0.52783 20.8996 0.4043
0.834086 1.22572 1.22472 1.66392 1.0082 0.175753 14.4018 2.89841
1.17563 1.02624 2.21451 4.05908 3.27321 8.12374 8.75102 6.10394
0.663562 0.0429381 0.501429 1.77096 6.24749 0.80635 1.04105 21.6552
5.37933 4.28691 0.4543 11.4658 5.20242 12.0939 6.12386 3.40447
0.0189729 0.0163597 9.16513e-06 2.22709 1.89367 0.115804 28.6857 0.0814741
0.000321372 0.000319781 0.00115984 0.000613275 0.061595 0.0288036 22.2662 6.82485
0.10495 0.079435 0.19823 0.0850078 0.598028 0.0293662 18.3925 5.10215
0.014891 0.0118359 0.011112 0.0283017 0.0573625 7.35151 2.0038 17.775
0.316173 0.239776 3.04505 2.89965 6.75425 6.76045 6.62735 5.24674
0.0115073 0.0357693 0.116313 0.239869 0.121155 2.00635 15.4629 6.39369
0.0126928 0.0013319 0.00686941 0.0496458 0.216188 0.196397 0.149323 13.6121
1.51203e-06 3.8459e-05 0.000141808 0.000198983 0.00020428 1.49908 21.1192 1.90414
1.29163 0.336105 5.64586 13.0546 8.97338 2.03802 2.56546 6.3697
3.4607 0.495682 5.36614 9.85276 6.61646 4.86227 0.543077 11.2332
0.473775 0.3274 0.443033 0.178602 1.43028 10.7819 12.9564 11.3478
0.0067151 0.00463949 0.0277546 2.95528 0.0294915 8.10047 15.2944 6.19938
0.0113636 0.0577809 0.0549462 0.4585 0.48154 3.0876 1.72229 19.0166
0.0564989 0.0942361 0.233405 0.165413 0.266369 0.622146 0.855641 17.7822
2.66648e-05 1.39844e-07 0.000132894 0.000181105 0.0130668 0.614822 0.808712 18.5413
1.43716 1.50538 9.89153 7.80708 0.93462 5.991 19.2316 0.66888
2.24649 1.39634 0.124466 1.97023 3.12061 0.0705911 17.4389 7.75844
0.00967598 0.000409912 0.0638521 0.0301158 0.0453588 0.281717 2.5194 18.4545
2.92414 3.53608 2.7836 3.17019 2.95836 1.3337 14.6983 0.365556
0.0724554 0.0667702 0.146712 0.360316 5.3264 6.99001 7.94774 12.3139
0.236531 0.749917 0.574748 0.886792 0.772853 1.88906 3.17551 19.71
0.0611815 0.105538 0.0859817 0.00619463 0.244322 0.123023 0.222759 20.7171
0.0674867 6.3318 0.00340386 0.00429575 7.3536 12.7638 1.27633 10.1134
0.388839 0.135086 0.519562 0.237873 0.574872 0.531137 5.15283 19.7387
0.00198568 0.00473222 0.00378814 0.000547928 0.0130242 12.6337 11.2544 11.8796
0.0032539 0.000408506 0.366599 0.720682 0.256926 0.299268 1.80253 16.315
0.00785366 0.249499 0.113293 0.166569 0.625616 0.769627 1.1216 17.106
1.78535 0.769745 4.99931 4.72414 6.21554 5.85509 15.2707 1.72686
0.00036581 7.40652e-05 0.0131781 0.0258145 0.864044 0.202886 1.86474 19.9783
0.303535 0.388882 0.00112611 1.49196 1.10761 0.401485 19.7173 1.69086
0.000278813 2.66739e-05 0.00262507 0.0235199 0.0104306 0.0211515 0.226467 21.5626
0.0318443 0.0270576 0.193769 0.149152 0.105463 0.250353 0.489745 17.0441
4.14534 0.00190626 1.58995 19.7767 1.47656 0.0731744 1.05127 2.80373
0.0707917 0.698838 0.000135329 0.390714 7.69322 0.408217 15.7009 7.11641
3.4607 0.495682 5.36614 9.85276 6.61646 4.86227 0.543077 11.2332
0.0126928 0.0013319 0.00686941 0.0496458 0.216188 0.196397 0.149323 13.6121
0.0513298 0.00290446 0.17817 0.262741 1.68462 1.34565 2.8811 17.2546
3.09875 1.00595 0.447924 3.04791 1.32879 7.35234 1.94412 17.2952
0.680835 1.57379 0.00549211 7.10799 0.950483 0.00368094 25.1908 4.43157
4.70175 2.42152 5.10965 0.0625079 0.373773 4.61539 7.13174 11.6664
4.55079 0.800697 1.05729 1.39665 0.0786895 4.13339 2.11125 17.2597
0.134554 0.0658509 0.315148 0.604279 0.55504 0.88162 3.77781 7.92052
0.0270282 0.0331493 0.0395569 0.0513162 0.545154 0.086235 17.7019 0.136727
0.480038 1.05558 4.33771 1.73065 3.19923 5.01129 13.3693 3.21789
0.0423072 0.0434951 0.136351 0.0540615 0.198399 0.200709 6.53798 14.4013
1.14459 0.502853 1.47312 5.00467 0.700344 12.1071 11.1622 5.36843
0.0452279 0.0301915 0.0497234 0.0299984 0.23925 0.012273 20.2234 2.2724
0.00559198 0.0143823 0.0139902 0.103739 0.336487 2.9137 8.59938 9.10152
0.200796 0.336476 0.375614 0.115153 0.140146 0.2436 0.0416269 21.1314
5.06613e-08 7.11373e-08 3.42199e-07 3.94371e-05 0.000110366 1.40082 21.9504 3.10421
0.0221786 0.0370541 0.0243615 0.181727 0.0776836 0.107186 17.2929 2.63816
0.191426 0.0968901 0.0396281 0.11229 0.486685 0.0151132 19.6469 0.100039
0.427476 0.39867 0.258643 0.903623 0.749033 0.47164 3.6383 17.0677
0.0175008 0.0010407 0.0115019 0.0352504 0.0585706 0.0510502 0.0119059 14.9556
0.698147 0.866343 0.694989 7.02726 3.85339 13.402 6.62344 3.9481
0.00372484 0.120751 1.89088 2.00947 3.85703 6.85518 6.20308 12.5047
0.0455512 0.0314473 0.180909 0.170168 1.50125 0.584018 18.2234 0.0888397
0.0478585 0.0253162 0.481149 0.426328 0.665628 0.623149 1.31378 10.0779
