15 0.441866
76.3617 2.09459 45.9257
56.1704 36.4521 57.9669
44.604 30.309 68.8779
84.0016 0.801085 32.458
28.238 1.31927 84.0632
73.4206 32.2865 38.7296
45.6966 0.565504 75.8861
86.5738 12.3934 6.38667
70.7591 55.0931 0.186361
31.5683 16.5271 79.1769
0.179352 13.8722 87.2484
62.6876 45.9565 45.197
75.371 47.4543 2.75522
75.8124 36.3975 23.6494
61.9855 63.0504 5.91932
47.0294 75.0509 0.133799
60.4246 65.6304 0.286318
70.5884 51.6543 10.5855
80.501 36.6984 1.92653
1.53473 3.29447 89.1141
83.0699 34.2322 0.561955
65.6789 49.4031 35.2647
46.6287 59.334 45.0839
78.1618 38.6974 11.3878
59.4649 52.1517 39.2408
37.6447 79.4959 2.42348
49.3178 49.4202 53.5281
85.1075 29.4301 4.14127
1.0041 63.7115 60.8798
42.9765 46.0498 61.6614
58.8819 61.9148 26.5715
46.3689 41.1049 65.9029
45.6815 65.0871 40.3148
52.8 56.0196 43.3719
54.9129 49.7516 49.9956
54.1849 63.0746 27.8297
68.0597 52.5316 30.0168
53.7386 70.3079 1.24401
2.15233 45.2506 75.1687
30.6476 25.6312 78.3678
19.7913 86.7974 0.00895116
40.7373 48.409 60.3433
12.1184 30.7385 82.1931
0.00969971 0.817407 90.278
52.4546 67.0945 23.7097
0.550494 51.1702 73.7896
1.01673 82.6611 29.2666
27.1105 27.6871 79.5124
1.76437 36.4243 80.6308
48.793 0.43093 76.0659
38.9665 39.3804 69.7768
8.39615 28.2844 83.8964
6.44317 88.0985 2.13941
24.6749 52.2282 66.0245
53.4575 59.1294 39.1424
0.439103 47.8512 76.7676
39.7003 77.7547 7.95465
2.17019 88.0153 8.82456
37.6241 72.8179 33.4868
0.78557 41.8643 78.3725
19.7913 86.7974 0.00895116
0.128896 0.0836848 91.2328
0.00969971 0.817407 90.278
80.2362 6.08258 40.4128
77.9856 16.5209 42.1147
76.3673 3.93623 46.094
43.0774 11.2154 77.8016
23.742 16.6797 83.509
74.7567 29.5767 40.3316
82.2281 25.1966 22.1839
88.3556 1.91301 10.8841
57.6941 3.24728 68.866
37.4692 7.47791 81.0827
87.4876 1.98908 21.1386
40.753 33.4789 71.9854
55.9087 26.7102 64.2214
68.963 20.4954 53.0802
54.6063 29.1888 63.5607
81.2736 7.01691 37.3307
53.8302 18.6523 69.6531
37.5154 17.562 78.609
61.8301 50.5308 38.9689
81.7223 1.50124 37.0114
63.9404 17.6402 60.3721
46.6879 36.7752 66.3014
82.9998 8.94988 30.0223
73.66 5.90074 51.4569
86.8707 4.98308 21.4041
79.7372 8.50245 38.0355
73.459 14.7122 48.5802
66.0506 1.58937 60.141
84.4857 6.18339 30.4253
60.9491 37.7026 51.7691
55.6987 30.2173 63.8832
82.6077 9.38836 34.579
80.5908 12.872 36.7084
45.2875 10.3044 76.7812
58.519 30.3836 58.7024
74.9833 13.0007 47.1926
83.9537 7.98612 31.0416
70.3536 13.9258 53.3357
57.2697 27.1665 62.4564
77.4541 1.92032 45.6561
38.4415 40.2906 69.2684
46.4628 29.8072 69.1102
85.3843 7.01595 27.9153
80.9558 14.1958 36.8863
67.9735 34.3588 47.8601
64.0182 2.27233 64.0916
35.9679 38.8003 70.6956
78.7939 14.6008 39.2494
55.03 26.0367 65.8719
71.4296 22.171 49.1299
88.9216 1.0988 11.2664
80.6935 25.26 24.9496
60.9796 20.5741 62.661
64.0417 8.04471 61.4916
86.3584 3.98611 25.3533
76.4333 2.61442 46.9187
79.2153 4.29916 41.2481
72.7894 26.9733 43.3145
83.6592 4.25895 31.7234
63.5873 9.97711 62.7389
60.4193 48.6717 42.3322
76.0439 33.057 34.6181
83.926 25.719 14.8342
64.9804 33.0857 50.9804
72.4843 9.44288 51.315
56.7107 10.4967 68.7624
75.2266 31.5173 35.4506
73.9998 42.2137 28.6936
78.8437 6.16414 42.6294
77.2325 9.5112 44.0002
87.3506 9.15637 20.3987
58.676 8.04515 67.0754
60.4975 36.9857 52.9888
80.7632 12.9691 36.8841
79.0145 24.0386 36.4704
72.3432 3.56948 51.9454
71.8861 33.8202 39.7564
49.3574 34.6259 65.289
52.7085 3.09214 72.689
66.9508 34.8938 48.3814
82.8782 14.5928 32.0376
63.788 8.85672 62.5162
22.2807 54.666 66.4375
64.4217 10.482 62.7913
82.0867 18.6859 27.8082
58.8513 18.8024 65.5367
34.8912 30.0667 75.525
68.5203 0.684904 58.6119
56.9028 13.8851 67.5896
35.216 34.7146 72.9212
51.0555 34.3416 64.6572
71.6757 13.3022 52.5014
49.482 30.0912 66.9467
83.1779 12.4507 32.0127
75.8092 3.23767 48.6494
60.7587 4.85492 65.0483
70.8165 15.0527 52.7005
81.5008 6.10625 37.6468
75.926 9.97027 46.465
78.9538 11.0273 41.2
58.3015 1.54079 67.7742
82.7422 6.66369 34.0969
82.678 22.8938 23.9255
77.6278 3.82678 45.0216
69.8836 8.94009 53.8315
37.8371 21.2056 76.0536
66.5127 10.7921 58.7896
71.7046 13.6904 51.5998
72.063 19.2698 50.1589
81.589 3.79727 37.2367
80.1672 6.33124 38.2424
73.5939 16.1646 46.341
81.0233 19.1988 35.1088
77.1078 35.7832 26.8217
87.971 13.7994 10.649
36.8899 34.606 72.4263
66.0485 28.2695 51.663
33.0162 55.2444 59.9745
76.5014 5.0686 47.4289
49.0005 26.3038 70.4221
73.2027 15.8852 49.6427
78.5004 21.0447 38.3658
77.4804 22.0938 40.248
56.5674 24.4662 63.5333
81.3739 16.0488 32.9156
57.7683 57.6377 32.3512
51.1355 5.70924 73.0565
66.6313 4.95941 58.7201
72.2232 33.593 39.486
76.2587 1.62351 46.8565
88.289 12.6449 11.241
64.8256 28.5454 54.8108
49.3274 11.9489 73.3784
79.9981 7.36036 39.4877
49.9025 19.0692 71.5794
82.4254 11.3141 34.8159
70.9733 22.6011 49.5415
68.6941 21.0888 54.1432
53.8117 26.9936 65.6383
49.9827 1.3521 73.3627
86.1386 15.6847 18.8673
48.6477 27.0379 69.382
86.9249 16.8412 17.5307
86.3606 6.25632 23.3922
62.3936 10.4563 62.8936
39.5173 21.834 76.1613
69.1529 21.0333 53.3881
71.2894 7.95518 54.3521
36.0106 53.23 61.8617
69.7467 1.67353 56.2355
79.06 34.998 26.6565
73.9403 11.8985 49.5504
33.6853 48.8667 65.3622
57.3033 31.5422 58.4252
75.3096 11.2669 48.1652
44.7896 42.9124 63.3057
64.518 18.2709 60.3552
69.4197 1.01505 58.1621
74.3961 16.8938 46.9072
50.2213 8.72428 73.8934
69.3438 5.99464 57.1769
89.162 9.56813 3.67413
80.4936 1.50491 38.5097
71.8773 18.4316 48.7864
70.0227 22.1746 51.4641
59.456 20.0102 63.6992
85.6225 1.45662 26.1005
81.2318 11.4496 35.1931
66.1634 17.5262 58.4846
53.7678 10.0563 70.6358
86.5413 7.80812 20.8097
71.8279 2.52311 51.7811
68.8802 25.5791 51.0059
57.7547 12.1004 66.6521
70.2905 18.5077 51.7975
46.4787 36.8445 65.3849
83.0384 4.74123 35.265
81.3874 4.79949 38.0248
73.0988 14.2888 49.726
86.1253 12.7443 21.5218
69.2907 23.6322 49.1432
53.6279 13.0577 68.2107
85.6656 15.2187 23.7941
87.0751 22.3033 8.24396
59.9421 28.3329 61.1191
45.7365 17.9795 74.0236
49.3948 60.1921 42.819
72.902 24.8734 45.4611
65.5604 27.9946 54.6121
49.3228 21.3529 70.3421
84.0047 18.4121 24.335
59.7541 39.8007 52.3571
76.9612 2.78414 46.1534
58.9812 6.13139 67.8091
75.3368 8.8036 48.9383
68.8811 33.7798 44.0574
20.8654 15.5407 84.8071
73.4602 13.5434 49.3851
54.8871 19.6955 66.3724
50.2898 26.8547 69.5187
78.6709 32.3177 26.7439
64.1545 23.7013 57.5669
84.5812 10.7746 27.815
87.0885 9.64202 20.3344
67.9156 33.5701 47.3488
73.9796 7.94167 49.6671
47.0128 17.5144 73.2605
65.1472 16.5049 59.1605
78.8965 6.20051 41.8791
63.2964 42.6052 45.6254
72.1837 12.3571 51.3691
76.8237 17.6873 43.7768
65.086 32.6759 52.6927
70.2307 11.7539 54.8034
59.699 25.8878 61.3131
78.7878 2.72966 42.2664
63.1354 5.06123 63.8175
48.8594 22.523 70.2214
53.0953 26.0362 66.4375
39.9838 8.6384 80.4482
68.5783 33.6112 47.0125
61.2989 2.34568 65.074
72.7248 15.9359 50.0136
83.0761 5.08213 34.4648
55.9707 10.9769 67.922
79.5898 13.6122 39.4859
76.2935 33.6673 33.2838
69.4401 43.6404 34.065
70.7039 6.7367 55.025
73.9693 22.0915 46.2399
77.1879 13.1381 42.1612
66.0716 12.7391 60.0396
48.3877 5.6394 75.5535
80.9645 25.0651 29.3904
70.6611 28.8038 45.5416
76.7281 25.4565 38.0775
54.1772 16.9834 68.9027
