3535 90.0113
0.00073075 0.00336628 6.00591
0.050211 8.71717e-14 5.93216
0.0645371 0.898157 4.26967
0.926538 0.00134537 4.48315
0.859128 0.858719 2.61473
1.47248e-14 0.794392 4.4677
0.756024 0.626198 4.29087
0.0311307 0.293818 5.56373
0.619663 0.691474 4.79784
0.302278 0.667226 4.94544
0.898617 0.123207 4.13819
0.0541727 0.884811 4.27365
0.285985 0.819998 3.96428
0.886679 0.0961693 4.16798
0.694069 0.811602 3.5277
0.879117 0.701816 3.39551
0.867715 0.664345 3.66426
0.82906 0.822651 2.71086
0.703835 0.805295 3.48962
0.161324 0.880259 4.01466
0.841663 0.787884 2.81778
0.857431 0.670525 3.62467
0.739954 0.182045 4.46578
0.695202 0.771988 3.70867
0.661364 0.28601 4.96592
0.302278 0.667226 4.94544
0.63091 0.835403 3.91967
0.108516 0.756549 4.51227
0.0396245 0.146678 5.6581
0.631154 0.268054 5.15645
0.663737 0.15093 5.06113
0.123225 0.19651 5.38561
0.167498 0.0538861 5.59056
0.840488 0.808513 2.73075
0.671443 0.167835 4.97918
0.203243 0.201798 5.21689
0.785268 0.676695 3.77195
0.803163 0.682127 3.67165
0.898617 0.124866 4.13566
0.0435373 0.0782262 5.81849
0.184672 0.672892 4.92424
0.154727 0.141475 5.43923
0.879323 0.69881 3.42267
0.0193553 0.132408 5.72393
0.0134619 0.10513 5.79576
0.726859 0.843342 3.21256
0.0677313 0.0417822 5.8479
0.657164 0.868471 3.74567
0.824087 0.640411 3.90121
0.67949 0.194645 4.8712
0.0134619 0.0100599 5.97774
0.0828839 0.706364 4.89872
0.638167 0.703545 4.60206
0.636373 0.231409 5.13186
0.619663 0.691474 4.79784
0.668597 0.163971 4.99552
0.0213879 0.0834386 5.83524
0.661252 0.0724461 5.30522
0.830087 0.679877 3.59383
0.705754 0.738958 3.86052
0.713819 0.838386 3.32178
0.0628178 0.179988 5.55008
0.808998 0.811015 2.80474
0.836486 0.827526 2.68534
0.778057 0.69115 3.72363
0.805263 0.292343 4.03062
0.127809 0.727555 4.63585
0.807704 0.274863 3.99437
0.874482 0.172745 3.9756
0.0110296 0.0238459 5.9676
0.801962 0.743788 3.23123
0.00940131 0.0355705 5.94664
0.0179387 0.0486889 5.92119
0.728914 0.192866 4.49194
0.280697 0.75281 4.29059
0.859757 0.262659 3.88754
0.686448 0.167194 4.85478
0.0545948 0.155687 5.61037
0.644639 0.835704 3.82015
0.800641 0.846966 2.75496
0.0351133 0.0570967 5.87171
0.0396245 0.658604 5.3427
0.821569 0.792672 2.84879
0.811953 0.0140105 4.37992
0.191902 0.187698 5.27408
0.853393 0.690448 3.47278
0.687281 0.0187181 5.16809
0.121096 0.866427 4.0811
0.252132 0.0378799 5.52751
0.104542 0.735579 4.65315
0.0785339 0.245173 5.44567
0.83334 0.777665 2.89773
0.776307 0.876321 2.87898
0.271084 0.206319 5.18463
0.767686 0.0524651 4.55327
0.737598 0.865337 3.11902
0.101003 0.65521 5.24098
0.242694 0.0579417 5.49589
0.833817 0.807216 2.74845
0.858133 0.714602 3.29223
0.730674 0.852037 3.17587
0.785299 0.781359 3.04128
0.816352 0.649209 3.87699
0.838231 0.741385 3.12994
0.0607601 0.28289 5.51638
0.0954438 0.726373 4.72212
0.180442 0.698917 4.74853
0.717667 0.839273 3.27728
0.222328 0.0674204 5.48336
0.721437 0.807216 3.34719
0.0894319 0.138913 5.57506
0.648899 0.816645 3.844
0.22308 0.0908487 5.43213
0.847092 0.69608 3.43708
0.716267 0.246322 4.5381
0.838707 0.653396 3.75393
0.0143448 0.119643 5.76745
0.850083 0.842361 2.63283
0.21491 0.643262 5.10394
0.161557 0.0798239 5.5667
0.752979 0.845086 3.0211
0.850632 0.796509 2.76915
0.227845 0.711411 4.58732
0.0975015 0.170189 5.53303
0.83334 0.870525 2.65956
0.724106 0.826331 3.25934
0.686792 0.077513 5.07717
0.0367512 0.0330446 5.91333
0.243816 0.799793 4.01715
0.851666 0.76779 2.91922
0.755567 0.86281 3.00498
0.814077 0.776346 2.94587
0.0756253 0.637709 5.42015
0.757 0.862156 2.98886
0.232617 0.781287 4.12101
0.0734593 0.0279254 5.85109
0.185602 0.203758 5.26512
0.81778 0.686709 3.57036
0.274398 0.751406 4.34052
0.711206 0.839273 3.32696
0.112664 0.238629 5.37889
0.83334 0.799121 2.78994
0.781064 0.853969 2.85504
0.132542 0.66272 5.11882
0.776307 0.804917 2.97884
0.703835 0.73325 3.90834
0.188024 0.679877 4.88157
0.849782 0.762802 2.96441
0.775454 0.646866 4.0454
0.870047 0.816062 2.69628
0.150387 0.238629 5.28092
0.050211 0.020144 5.90967
0.0874772 0.100648 5.67307
0.27859 0.156781 5.27887
0.238437 0.759313 4.23833
0.859896 0.0464887 4.24688
0.190404 0.25738 5.2078
0.0488087 0.700081 5.03108
0.684244 0.247438 4.77999
0.0321435 0.748871 4.69282
0.792814 0.631794 4.04814
0.267915 0.652215 5.01925
0.84368 0.730986 3.1727
0.7588 0.740664 3.45028
0.796689 0.795814 2.91645
0.678456 0.718995 4.1952
0.194219 0.769997 4.22323
0.168837 0.188583 5.29899
0.0245138 0.791186 4.48852
0.149643 0.793679 4.18713
0.750165 0.726157 3.61008
0.0874513 0.143966 5.63937
0.759287 0.756876 3.33729
0.0311307 0.00650371 5.95787
0.130066 0.774078 4.32169
0.660466 0.73766 4.20898
0.769272 0.0908487 4.44456
0.642475 0.0373746 5.45678
0.824087 0.138645 4.112
0.0469967 0.72562 4.83276
0.763452 0.227126 4.21875
0.65322 0.126841 5.19013
0.104542 0.720476 4.76284
0.802941 0.0445072 4.36987
0.702224 0.281553 4.67706
0.650623 0.788772 3.94171
0.648899 0.836058 3.79427
0.173599 0.222057 5.24364
0.769853 0.0140105 4.58064
0.145481 0.238629 5.29116
0.236073 0.735495 4.40465
0.667562 0.126841 5.08608
0.68148 0.235435 4.82511
0.191902 0.225757 5.23298
0.814077 0.658985 3.77797
0.141159 0.831709 4.06546
0.260171 0.830946 3.92193
0.864756 0.745489 3.06477
0.132542 0.643262 5.25436
0.771613 0.82887 2.94918
0.736865 0.764877 3.44077
0.00564057 0.840213 4.31988
0.69963 0.0867659 4.94336
0.0997338 0.24297 5.40159
0.743683 0.125193 4.52651
0.692663 0.250523 4.72283
0.214914 0.635682 5.14288
0.698829 0.823998 3.46549
0.255074 0.679877 4.81783
0.212623 0.754922 4.28484
0.743726 0.816062 3.14671
0.141159 0.221263 5.32766
0.207171 0.253777 5.17637
0.848153 0.714602 3.29744
0.649984 0.638238 4.98572
0.205142 0.761872 4.2528
0.745373 0.866427 3.06305
0.259171 0.157642 5.26448
0.638167 0.708639 4.56635
0.872221 0.781287 2.85505
0.00815222 0.116897 5.77282
0.747816 0.0111992 4.77237
0.245723 0.0961693 5.40508
0.697417 0.0850977 4.9626
0.65465 0.256029 4.99744
0.0734593 0.00414778 5.88167
0.00104305 2.74567e-05 6.0026
0.00298026 0.0977617 5.83211
0.123625 0.86029 4.08971
0.730832 0.835403 3.19474
0.874482 0.151153 4.02147
0.675645 0.720159 4.20613
0.184672 0.671275 4.93616
0.838307 0.268117 3.9045
0.238437 0.669321 4.89324
0.218298 0.730779 4.50036
0.0719791 0.859578 4.19718
0.643738 0.853237 3.8049
0.143058 0.750477 4.44752
0.274211 0.825908 3.94629
0.852312 0.744249 3.07096
0.126429 0.00529798 5.75607
0.743683 0.78006 3.30318
0.800463 0.72738 3.3709
0.0616489 0.108258 5.70764
0.840276 0.0229056 4.30495
0.182113 0.0811173 5.50785
0.867662 0.700081 3.41027
0.816352 0.651144 3.84729
0.134513 0.727555 4.61986
0.796812 0.69881 3.5523
0.727503 0.0945305 4.7138
0.170234 0.0289241 5.62685
0.777272 0.646866 4.03516
0.687281 0.217869 4.77806
0.798714 0.876321 2.78053
0.0732306 0.114725 5.67956
0.741478 0.740251 3.57589
0.855091 0.644869 3.7985
0.750165 0.856625 3.02997
0.823649 0.275307 3.98967
0.0266526 0.658604 5.36309
0.265811 0.0631044 5.49551
0.0447168 0.10629 5.75142
0.692663 0.667525 4.47144
0.0268757 0.137917 5.70892
0.727503 0.101601 4.70237
0.794142 0.795814 2.93089
0.00433144 0.159562 5.69029
0.850632 0.830602 2.6553
0.273279 0.134397 5.33053
0.657164 0.814873 3.8188
0.195969 0.761872 4.26619
0.144716 0.00023229 5.71769
0.787163 0.1595 4.2321
0.695218 0.27915 4.70822
0.22001 0.633371 5.16455
0.810147 0.278592 3.98721
0.0601088 0.0324458 5.86853
0.228096 0.06993 5.47606
0.0677313 0.0302136 5.86783
0.017977 0.763507 4.62657
0.0988454 0.24297 5.4064
0.239192 0.178495 5.22287
0.217735 0.811493 3.99558
0.177601 0.834048 3.98139
0.0444453 0.0378799 5.89601
0.0869524 0.0968796 5.68129
0.699562 0.00845843 5.08815
0.224689 0.635682 5.13569
0.805087 0.0461754 4.36039
0.855331 0.773001 2.88815
0.68287 0.166595 4.88151
0.70739 0.0530768 4.95625
0.116263 0.00345394 5.78178
0.207171 0.248747 5.17838
0.201316 0.0811997 5.47355
0.250609 0.69881 4.6728
0.682061 0.235435 4.81628
0.655405 0.661221 4.79918
