876 15.8751
4.92322 2632.92 11.115 1.63416 7.10176
0 0 0 0 1154.29
2759.3 37.7922 4.26997 0.174858 1.68755
0.0263507 0.00136189 0.0100355 3017.83 1.8255
175.203 533.438 328.541 74.344 5.86325e-08
0.0474213 4.98163 2795.65 66.9277 2.0476
5.31853e-05 0.0184315 0.0168885 2827.97 29.3046
2563.3 45.7812 141.224 36.3396 1.08921
2759.3 37.7922 4.26997 0.174858 1.68755
2.6226e-13 6.26056e-13 2.92891e-12 1.22425e-13 1127.87
3.291e-12 2.73537e-13 1.09158e-14 1.18318e-13 1057.47
5.37703 2316.67 32.6186 1.87469 427.708
1.28891e-12 1.07241e-13 1.6745e-12 3.99032e-13 993.32
314.942 2186.76 0.0274191 291.558 2.2875
0.00138468 7.34532e-05 0.0356809 2969.14 1.79605
2.49026e-12 6.78517e-13 9.38368e-15 1.01929e-13 939.043
3.56991e-12 3.42885e-14 2.59787e-14 1.18359e-13 1073.15
0.00607232 2.87875 2593.31 107.191 62.0454
1.09717e-12 2.98943e-13 1.4714e-12 9.1966e-14 847.256
2.00604e-12 5.46581e-13 5.20361e-13 9.85557e-14 907.964
463.271 1579.26 16.9565 1.78705 264.731
5.95243e-05 0.0206282 0.00934371 2400.91 24.8793
2465.89 43.5593 763.901 0.194968 1.27952
5.0499 2553.83 10.7822 1.58523 6.88915
2295.66 40.5523 711.167 0.491263 1.19131
8.17434 796.742 1957.28 2.15739 2.86508
2149.61 412.125 22.648 0.509347 6.12013
3.50819e-14 9.5587e-15 3.27589e-12 1.06495e-13 981.107
2406.66 32.9624 0.241801 0.152294 2.03491
0.0098669 0.017366 0.000391235 2208.46 217.766
1.08758e-05 0.00133023 0.0328173 2730.85 1.70902
51.0931 2418.73 5.27081 0.885316 53.7109
23.8903 1234.96 4.69496 362.196 824.912
839.142 176.26 1723.48 1.46201 5.65208
0.0549952 30.4355 2284.17 201.602 189.101
19.9127 1661.24 558.389 228.814 25.9646
27.1573 1.24148 845.132 1529.54 14.8332
1071.65 340.539 216.146 9.49665 688.142
146.388 2357.33 117.837 3.07807 0.165497
628.564 1108.66 3.25408 121.754 763.685
0.00264259 0.00547749 0.0182328 2106.82 0.0238903
760.182 165.283 1633.25 102.755 11.3091
2080.42 2.3737 16.4777 741.34 21.7964
25.0194 0.33268 2655.76 1.65749 0.19995
1169.14 250.796 70.7672 11.3597 393.198
19.2616 1874.13 31.7314 0.555973 667.825
1023.06 221.047 1207.16 20.3107 120.458
1.06041 22.8663 2506.45 1.5643 0.188709
26.8986 28.0527 2.52592 2010.56 72.5296
2227.74 22.2548 0.940599 1.90932 141.733
2560.32 33.7653 19.336 1.64479 1.67625
241.016 2461.13 5.07151 1.70382 1.73641
0.00131147 0.0269159 0.000753766 2316.95 229.524
731.138 163.528 1602.08 1.54026 92.6111
42.1917 2026.26 144.368 12.2574 2.09936
0.800326 28.0841 2.31921 1608.47 148.546
253.121 2584.74 4.94852 1.78916 27.2974
355.145 830.381 11.9842 257.38 411.926
652.62 128.109 1.7557 1424.32 200.503
805.392 28.1907 1553.35 0.295291 353.856
0.0266345 0.000938602 0.00466766 2577.54 14.7772
71.379 0.240842 2161.06 78.4849 284.605
8.6785 151.147 1518.79 760.993 16.1519
537.631 424.5 24.0477 419.355 657.929
1341.28 21.6638 494.462 25.9249 369.264
8.17135 1383.63 504.93 10.7732 374.003
32.8958 1524.06 151.464 34.2723 4.0822
164.894 22.4517 0.493748 2062.75 49.4947
867.211 49.224 1791.45 1.01487 85.6199
35.4185 956.099 1847.66 0.351238 56.71
0.0816326 28.2899 2125.44 187.592 157.927
946.372 8.85937 880.994 71.1935 558.378
3.8421 1626 390.97 176.008 148.176
302.124 59.9831 574.959 1097.55 346.466
0.0135039 3.04309 2452.54 61.7115 58.8795
0.199889 3.21887 2743.14 3.22484 0.173388
4.99008 107.604 2384.78 1.5439 20.1675
2106.79 41.2266 5.01262 0.273926 630.109
1463.19 23.6329 539.405 0.613426 467.126
1234.29 392.22 256.03 9.06448 794.765
11.3152 1789.65 65.61 431.667 2.13045
1481.94 63.0136 4.93215 387.572 11.1966
2010.33 569.974 12.8374 0.60812 96.1499
877.778 17.3009 160.583 1183.03 88.3595
1623.97 343.761 268.007 8.85735 134.168
607.876 129.435 1229.31 443.239 144.046
274.705 1907.37 6.37059 62.6258 0.208936
1116.11 71.9668 17.9666 521.892 521.959
8.70648 1450.9 4.53091 373.485 718.124
8.66136e-05 0.0105938 0.0201426 2464.19 19.5864
29.8649 2074.66 7.19063 116.609 44.0354
107.358 2126.6 475.595 2.11627 0.202104
73.0789 1964.59 285.936 0.0304705 1.39352
26.7936 5.82424 888.742 821.866 448.194
0.0817068 214.225 2036.52 1.87258 17.6645
772.598 0.881513 6.11927 1890.31 17.4528
191.65 132.635 1188.43 111.14 637.674
246.359 664.205 7.55922 843.405 843.914
516.421 1060.59 12.0831 363.065 25.2933
1281.12 101.638 251.949 70.966 25.0767
6.16686 291.937 2078.84 0.850207 51.5808
46.4438 1199.58 3.0294 48.4823 3.03944
60.6513 1630.5 236.406 0.0252769 222.067
1366.41 15.4067 3.34938 414.202 808.558
736.645 4.46811 4.85872 937.897 531.168
47.2478 9.66856 1675.6 0.907443 713.302
9.67192 431.332 1047.19 370.643 813.788
239.715 1026.64 459.42 66.9005 401.312
192.478 2.63624 2256.63 0.153035 34.7735
1.12436 754.544 110.302 1740.62 144.988
1965.87 18.0448 195.273 23.0836 175.629
29.5375 1488.35 335.996 23.6641 68.7216
1.49468 517.983 455.447 1464.35 39.43
0.176708 21.1572 666.906 1698.76 161.304
122.457 187.874 489.671 919.924 461.143
29.4048 723.678 14.026 772.581 672.597
35.6356 1711.4 121.935 10.3528 321.144
2.8899e-12 2.41185e-13 1.74437e-14 2.6328e-14 908.915
16.599 408.514 382.188 797.033 681.622
0.00124253 7.99977e-05 0.0323626 2693.01 1.62902
49.7216 6.00605 1866.3 477.226 2.39411
1.02537 445.378 1060.02 375.182 778.873
604.056 15.1526 852.384 489.684 101.787
61.8045 465.739 746.319 653.225 235.8
318.659 112.899 522.652 877.01 788.575
0.0199326 2.43799 2406.66 103.525 23.8527
65.0551 1.11674 1913.3 583.845 13.1463
51.9069 368.618 416.302 925.535 274.986
218.782 490.17 1095.61 5.44104 553.853
1863.34 8.79665 87.1808 783.216 0.555448
362.292 7.11834 675.688 1224.08 113.486
0.168768 2.74978 2332.04 1.8237 0.174163
2.66314 1420.98 106.15 327.637 165.274
1211.13 1.78817 118.821 527.516 600.741
760.521 293.689 114.254 976.748 22.3379
5.28221 1940.4 668.483 214.966 0.572987
1357.51 260.263 39.4529 0.326618 311.542
9.33305 1829.02 15.8109 2.58681 541.653
1520.96 324.947 6.30698 218.855 43.0722
1120.87 16.4758 9.55909 1348.21 5.13795
2.1413 89.6995 1326.64 150.136 493.065
9.53041 515.487 11.2091 1012.01 779.609
324.675 64.4604 612.624 790.676 305.227
896.801 987.466 21.8206 20.1906 167.289
12.7761 1163.54 56.4743 255.672 595.712
167.87 3.3087 1563.48 3.76071 823.11
1168.96 0.711684 114.584 598.111 490.981
2259.91 21.1559 92.0341 92.009 1.37348
5.01871 2.15538 1769.3 172.633 646.546
1804.56 44.5691 5.90005 27.7719 229.006
1193.33 477.981 345.246 9.41653 172.016
1947.12 414.6 28.2699 0.332101 151.256
53.3442 461.028 920.57 344.52 793.741
3.65063 0.194251 1462.75 246.462 702.999
323.907 292.571 972.738 5.55345 426.218
7.98594e-05 0.0276754 0.00533182 2645.2 36.3132
1918.9 15.9923 6.07052 9.31646 365.594
2.90678e-06 0.00100735 0.0307663 2540.43 171.457
0.173865 20.8168 656.178 1671.43 179.571
418.848 165.795 1082.1 12.7012 439.633
592.721 587.36 1069.14 18.6111 110.528
69.5947 205.719 713.54 1149.69 8.78033
39.3637 1765.05 44.465 0.533954 368.668
1547.53 352.587 184.872 273.838 0.175806
156.792 372.663 849.847 24.2324 510.359
0.288405 7.03966 1807.28 1.41728 602.399
223.867 1686.99 93.4047 47.9714 251.113
96.0837 18.4213 2488.62 0.513043 6.16454
4.00888 1838.07 50.8396 413.532 2.98683
299.505 638.907 17.9155 615.548 476.277
176.935 1343.39 3.37071 2.06481 688.617
5.53533 2.95429 1214.49 39.2232 294.721
506.051 873.92 500.64 72.9029 437.318
2.74368 1384.53 103.437 319.267 161.051
65.0623 1259.12 160.03 0.0194631 617.812
714.362 152.109 1421.56 0.258085 136.78
158.67 238.096 356.702 1070.76 552.348
0.0878525 5.9737 1283.67 310.764 142.412
676.163 22.0508 725.688 568.824 100.014
17.3913 788.523 1322.21 0.240047 127.221
983.351 65.4638 206.981 543.422 544.708
439.94 94.8709 989.867 11.6186 402.161
241.281 620.165 1382.74 39.4272 23.1541
1.26039 1.48299 2201.23 83.4599 41.4881
1003.09 17.9433 66.7252 704.598 703.846
272.527 700.373 38.0602 905.205 253.142
1659.24 305.969 53.732 59.6689 35.8642
1726.94 455.437 16.1 0.515566 81.5162
477.022 401.245 789.584 21.532 717.757
1582.39 271.072 6.83108 244.327 0.15686
0.00227928 0.00472442 0.0157261 1817.17 176.273
456.972 96.7313 75.4147 1655.45 125.785
265.916 6.67042 322.906 1367.92 96.2155
259.704 204.882 535.341 1487.4 51.8533
639.802 33.7553 1204.99 1.7408 623.859
417.883 11.8578 1022.96 893.901 61.8873
9.82264 10.2619 1242.88 41.1777 14.613
0.0634519 56.1384 1346.83 748.383 76.2867
373.2 854.037 242.192 1.24716 498.756
986.743 2.89812 903.99 66.5665 241.386
140.273 27.5675 0.604356 1924.47 46.7218
0.00929613 0.0169298 0.00190695 2249.12 222.806
327.878 1141.67 36.8044 24.2732 500.389
697.88 104.376 1.80412 1444.38 204.287
286.071 3.22554 517.484 949.967 789.408
879.879 14.7146 800.343 499.923 11.2567
138.727 672.4 110.294 1079.22 335.324
1.18871 0.00642569 955.905 1408.83 330.359
145.216 29.2036 277.845 1051.98 585.894
10.2198 0.554071 0.598126 1774.65 217.234
0.0360815 1.67928 642.989 1185.94 751.255
243.504 51.5415 519.307 1737.15 41.2254
0.0927871 243.276 2312.69 2.12652 16.9369
62.767 118.143 313.825 1191.87 259.043
1419.02 18.9309 43.725 59.6928 611.89
1892.35 218.671 18.6633 248.674 1.50645
13.2642 323.361 537.549 1025.05 594.161
2.53594 55.9833 740.861 1965.66 1.67257
72.8372 1958.09 406.789 82.6525 1.5115
33.1834 904.994 1748.26 0.332343 66.6384
46.3329 771.713 803.428 8.54388 604.434
109.368 1704.75 3.3981 3.98022 746.978
811.16 181.426 1559.56 1.57443 10.7889
37.903 925.173 1403.68 1.84853 97.4518
686.459 0.41793 1036.57 18.5148 454.361
34.1358 1507.21 17.8494 153.753 272.374
341.198 23.3026 2.5753 1143.04 695.89
183.99 358.303 1428.01 0.569021 740.485
0.0302338 0.00115152 8.33136e-05 2515.81 40.3119
0.0272972 0.000468586 0.00074144 2279.06 75.0764
224.397 821.661 301.1 594.154 430.297
3.09518 0.614511 950.976 1118.18 576.029
373.119 722.228 8.39259 945.991 270.494
687.815 1742.52 18.1154 162.064 1.67333
0.354985 8.66482 2224.5 1.74447 98.6759
616.468 610.893 1111.97 19.3567 83.2814
1603.46 2.36742 157.311 1.43778 570.149
208.46 2165.89 7.16757 1.49884 6.2176
0.0291733 0.00161089 0.000307237 2485.65 101.78
58.0979 2136.01 4.66129 0.786475 36.3871
1839.57 142.928 0.390423 0.610497 1.87686
135.968 311.647 761.697 778.383 2.98393
366.573 99.8794 735.284 38.5417 181.683
106.787 267.58 619.059 639.426 494.753
129.163 1036.14 8.92857 1006.41 287.769
449.141 102.88 663.54 706.516 59.9882
0.802877 2.56209 2699.98 1.89929 1.86797
358.433 13.9113 591.215 1128.58 104.632
36.4492 486.674 11.1687 962.601 706.344
172.219 2048.98 1.50839 0.822577 370.646
1673.45 383.365 372.855 1.67764 13.0306
1770.64 1.078 110.334 20.2186 496.172
402.983 36.4917 697.804 1276.56 10.2547
1664.7 84.7616 3.09039 306.324 685.126
5.08264e-05 0.017614 0.0154875 2650.41 33.6461
2443.54 43.2995 18.5365 1.57679 1.60694
560.684 4.49656 836.191 862.317 209.159
1436.5 329.082 320.06 227.442 0.172397
45.2366 1361.99 1123.15 5.61334 217.51
577.194 1156.71 14.3943 17.0122 264.507
129.835 1008.81 8.72432 1026.93 286.932
73.6471 356.439 686.797 1308.16 18.1881
93.1329 662.739 0.315988 1866.47 2.14778
541.666 15.3702 824.141 849.89 206.145
315.804 62.6991 600.993 1147.24 339.842
28.4117 1364.48 147.644 719.995 2.13281
204.618 598.513 31.4188 1074.58 252.212
1934.51 9.8431 135.706 28.7354 1.98965
33.197 0.77551 1011 1829.74 17.7444
0.111824 775.635 1528.93 92.3917 10.1856
555.306 225.961 97.1007 1262.76 1.92585
70.1473 213.891 934.335 668.21 231.774
728.041 0.838065 146.573 1759.68 201.263
13.3911 2460.02 4.88975 3.43559 0.0333481
923.474 30.116 991.113 20.4691 98.6313
0.00559019 0.0123022 0.000789013 1493.52 599.489
77.1948 871.647 776.466 68.7798 478.52
0.657839 566.757 1295.45 1.72626 653.953
1101 121.911 1430.97 63.4196 1.94027
1557.8 100.381 3.63785 56.0167 671.782
38.4768 1688.99 367.766 623.287 0.202614
93.416 709.266 6.53651 676.445 670.52
916.048 192.414 1699.56 1.49892 5.79475
320.246 67.267 633.742 868.784 429.871
3.35528 233.086 37.664 2086.97 16.1265
397.209 1138.84 17.3797 1.26676 518.947
0.16823 7.04719 1755.44 186.564 309.809
965.47 263.06 68.9385 41.612 56.7166
302.142 1073.42 271.463 26.4241 430.522
105.314 161.573 414.705 831.819 544.251
567.741 972.528 103.039 11.4371 648.984
272.049 231.524 580.266 1629.37 4.60381
1.84561 0.417829 446.078 1042.85 580.812
85.3636 1.48748 1881.63 0.595942 453.812
8.83152e-05 0.00105403 0.0275822 2296.43 434.159
1531.38 3.15949 61.2411 691.521 24.0601
1245.18 43.9155 61.8887 280.184 652.825
51.0791 1322.95 344.311 0.913822 545.47
1402.23 101.138 3.64402 49.4566 534.598
4.28942 0.474496 2707.24 64.8087 1.98277
