6 0.140266
1393.13 2045.3 2943.72 0.126281 3158.12
1221.19 6359.64 328.309 421.966 386.566
0.225989 0.0225229 12.3703 496.389 5741.75
2000.06 3213.22 0.00255111 1029.33 1438.47
12.9221 62.4675 3927.49 127.411 1.28881
0.0852582 11.2485 4.51079 266.178 4640.27
3.91384 3.04733 80.76 5584.43 629.802
5642.06 318.033 134.035 321.816 19.0598
8.63645 136.797 5299.06 156.645 762.82
240.251 5135.69 780.033 145.557 261.515
1166.19 6073.21 596.999 404.315 370.396
4.83535 1203.65 4330.32 361.602 242.593
1.03451 58.3652 132.337 857.638 4460.52
426.009 293.811 3882.33 3.32358 3959.66
301.76 443.023 3981.63 0.131924 3299.24
5348.71 1841.03 105.572 332.428 19.1449
8.24091 223.892 4715.05 2494.76 431.03
14.0696 79.1184 2.37972 7.7424 5401.92
4.46484 108.775 43.659 5278.7 368.263
1374.37 4771.48 28.1208 476.598 586.371
0.519797 0.0487231 3.82829 358.283 5158.69
38.1744 747.912 5054.72 101.937 496.471
572.009 4500.45 89.0699 1334.35 527.27
9.71505 0.0519616 798.996 5192.04 1716.36
240.408 3365.79 4523.56 112.582 438.781
0.556295 2.28689 5.09547 9.47125 4917.46
3.67341 31.9759 220.456 4775.46 486.568
98.547 6.5033 40.8199 4955.16 741.997
430.176 38.0676 179.501 4593.69 687.112
943.556 4659.96 744.263 768.762 615.611
171.539 3360.79 4511.23 112.275 546.82
209.351 50.6759 4886.89 204.395 638.521
2741.88 2998.57 540.412 1094.29 1760.37
8.45736 154.668 5151.45 49.9076 400.693
528.283 1516.82 1166.91 711.483 3490.2
2277.31 1451.05 3007.02 892.469 1495.06
4877.38 286.855 2160.85 206.193 7.32829
3606.62 788.381 1576.91 239.659 2255.51
645.754 30.0911 240.879 4840.45 2951.98
4.72469 189.967 484.685 4232.07 1321.06
5125.76 385.507 79.1005 651.413 1967.2
1941.65 2342.89 3472.57 835.063 238.317
2238.28 1004.6 1694.37 4297.67 87.9357
4530.12 219.286 2071.63 404.841 1.64051
175.63 32.1624 456.433 3984.2 1248.86
0.384651 25.6786 51.5181 37.797 4767.74
101.065 499.129 4866.31 100.832 528.774
364.333 3571.16 2241.04 87.2089 3639.19
5002.61 1622.14 148.986 466.488 17.8421
4558.17 256.936 348.291 263.843 1.504
4733.25 1755.04 150.191 825.611 1198.76
16.8882 19.7349 0.0519775 27.2168 5249.26
3998.61 1122.13 270.674 1725.39 182.151
4678.02 2051.08 320.836 1125.2 50.0663
580.795 551.204 2942.7 1588.97 2753.31
3515.28 145.584 3167.54 1806.36 2176.97
5233.23 393.59 80.759 426.303 1999.08
1971.18 1305.42 2585.69 1628.04 2232.66
108.524 535.968 5248.87 47.4795 666.65
392.901 74.4741 36.7838 5.43122 5332.74
3331.02 2913.09 1221.82 99.3054 599.792
1.97379 0.376748 689.723 4481.65 1473.47
3383.27 1553.96 108.873 801.707 3269.68
4301.81 668 779.421 947.588 1857.69
1846.05 2141.71 2519.75 474.808 2587.87
1756.28 2821.57 8.01583 2080.65 1438.02
2992.45 2017.63 29.7822 3083.56 1364.06
3119.82 573.546 2842.72 1932.52 1684.13
3803.42 293.656 634.309 652.954 2561.15
408.486 202.268 1638.22 4156.74 241.629
78.6588 101.006 2351.37 3755.8 1627.07
1302.76 665.306 985.577 3050.11 2629.21
2586.06 660.985 1617.55 621.452 3030.27
709.867 4281.04 136.637 158.624 978.385
2216.51 1365.14 5.2092 2727.67 3071.55
1555.13 2859.97 152.428 3919.57 142.084
2370.25 2950.78 2017 762.737 508.697
18.8385 317.624 3093.28 1985.99 2630.77
2888.57 1926.34 1582.23 1075.04 1799.59
66.9614 4034.3 68.4008 551.198 1562.03
241.296 2873.55 1958.26 2015.2 1496.97
1177.36 2458.6 1172.31 2266.04 2575.98
656.366 3855.04 520.109 1489.27 1736.22
956.243 3642.67 180.259 1397 2030.67
2541.3 3704.76 71.1647 92.5106 806.689
2563.22 2337.8 139.355 2651.41 998.827
1657.07 2662.18 61.2093 1963.48 1868.91
4226.8 2528.24 1053.66 276.544 667.662
1115.45 3741.42 1737.16 1194.68 914.01
449.78 310.205 3653.64 3.13485 3733.45
4421.35 202.095 432.54 599.553 2036.66
1250.09 338.326 2156.68 2625.76 3127.23
130.304 167.324 3895.2 1474.72 1516.15
2612.21 838.838 2469.62 1486.3 231.875
192.478 3452.19 1601.28 521.123 2135.72
8.46572 11.439 459.318 4554.31 853.379
4334.87 25.5642 374.094 2537.73 789.014
2144.49 1017.68 620.984 1595.06 2926.34
205.577 330.272 3789.42 2452.49 654.002
3009.45 1269.81 3373.97 442.488 575.571
2342.41 1442.68 1498.87 3282.68 402.72
1906.65 2271.47 254.186 3514.64 202.227
2084.72 1062.48 3305.23 300.564 1296.46
394.365 2475.13 937.741 3889.43 925.292
3754.4 1053.6 256.645 3168.42 200.749
1522.21 2071.03 2599.56 131.575 3004.01
3330.38 2132.53 83.7357 1605 2634.11
3693.71 579.418 669.404 1748.21 1717.37
3659.61 990.442 878.512 298.496 1859.06
2408.24 3062.56 1734.14 911.874 1558.71
2719.58 842.636 1276.15 40.6078 3771.13
623.874 3040.88 3334.86 980.942 71.2585
2825.84 563.255 2930.28 239.599 2966.04
0.497998 5.5156 0.303919 9.35922 4859.3
893.148 3788.66 1458.38 851.369 711.88
192.959 260.729 2678.38 2396.1 672.711
1791.75 915.029 922.929 3827.61 820.307
879.518 4410.47 207.031 1272.13 40.4291
2385.39 2215 215.392 1712.42 2834.52
921.224 376.076 2324.58 2325.1 3089.79
2002.03 1341.87 1500.34 182.114 2680.33
274.498 4387.57 1086.75 470.774 965.938
2025.89 639.753 1080.84 3273.08 1467.8
770.768 3222.21 1472.84 2768.82 13.4684
3267.13 1963 584.043 900.077 188.052
429.733 4.23392 3711.13 2967.19 1417.22
1091.76 2544.66 18.1665 2365.74 2528.28
316.764 3785.08 1657.61 435.244 1019.48
2916.75 1777.6 1857.61 487.453 1924.93
23.5267 280.175 3844.38 2185.75 1619.35
1455.91 425.514 3261.08 2916.03 184.758
2852.54 330.064 2074.39 1351.95 2022.52
2505.85 1136.43 890.233 1777.73 2841.52
1984.67 2421.21 2171.17 186.425 2450.76
240.782 2937.43 1280.41 444.132 3550.03
3976.17 1474.32 1293.94 724.801 1052.39
1092.91 3967.91 684.354 820.57 37.6007
1372.73 598.023 3688.95 999.444 1295.28
822.625 1850.08 2209.27 2288.47 2723.81
6.60514 3282.77 1815.23 217.833 3363.94
1680.58 858.253 865.662 3590.11 1286.37
1410.13 2593.31 673.053 3692.3 102.64
104.101 1252.45 2763.32 2356.39 1519.62
1864.83 504.702 3217.25 401.93 3403.97
2679.49 209.023 111.729 2293.99 3200.26
1899.68 239.045 3188.5 318.13 3385.07
1.62352 12.0878 1161.89 4948.43 2258.9
121.962 3098.52 2141.57 2197.93 593.053
3497.98 393.036 193.027 2649.1 223.49
2440.3 880.963 3664.86 341.082 1437.71
218.336 2663.61 1376.81 408.915 3591.16
1498.55 2749.01 713.872 3571.75 103.245
2255.64 414.676 1061.32 3321.35 1820.37
47.6645 112.154 413.236 4389.75 315.385
840.204 926.857 2543.21 2599.51 93.992
12.8292 181.167 3855.3 1860.52 836.788
2652.26 1254.04 433.783 1782.72 2361.06
345.22 3903.29 1385.62 933.572 1827.67
472.342 3341.63 382.4 1188.25 2125.21
1141.64 3594.07 1544.86 1509.93 645.551
259.588 3091.39 2106.71 2167.97 185.824
2390.91 1352.45 1013.54 2317.53 2610.29
1586.06 1887.67 1126.56 3158.19 2365.46
1491.53 2622 42.2423 2348.42 2877
813.12 1002.98 3739.53 873.621 1475.93
2144.43 1420.16 2812.95 231.094 2206.75
186.625 2635.03 2889.06 312.916 2269.35
1007.42 4192.16 84.6494 1268.13 501.102
1466.52 1789.09 657.857 1671.68 2944.21
1212.49 567.79 3108.35 123.936 2906.43
251.862 301.163 3506.41 1246.57 3243.79
22.0496 1471.99 2953.21 3102.88 2292.84
1200.58 2700.09 118.699 2258.4 2688.03
2290.99 2241.22 138.082 1671.41 2896.16
235.77 2964.79 743.812 3738.75 103.931
236.47 541.71 3270.8 2508.94 156.21
4680.01 199.398 457.783 634.542 2155.52
465.959 193.101 74.6688 3512.52 3443.75
1356.56 2477.59 1758.38 222.71 3334.87
2975.36 106.375 3415.29 936.081 814.59
2030.5 1122.03 2428.97 1666.46 1205.62
0.649898 0.969119 84.3444 4.59545 4684.61
4111.62 755.877 132.986 1897.65 1684.97
154.288 297.076 3554.74 247.975 3492.8
779.146 3907.14 1767.91 1219.59 127.307
4388.16 1851.55 26.973 457.145 562.437
4975.47 229.702 229.287 1370.4 304.242
1329.94 679.184 710.303 2859.54 2464.93
2117.97 2322.68 1414.89 3161.62 879.55
2043.53 115.191 910.716 3256.05 2512.69
1232.91 1583.18 1448.98 959.374 3178.1
643.678 1325.93 1981.27 3858.81 537.822
2504.68 1737.26 1897.54 220.488 2313.88
1788.83 1154.71 605.479 1538.58 2709.79
3207.78 2117.31 1473.7 168.93 2389.63
138.223 1096.36 3633.12 734.314 1862.87
167.476 60.7261 2435.82 3430.5 1538.91
554.561 3618.25 223.595 1305.39 2402.59
163.389 2187.27 1944.56 2828.54 821.991
4932.67 672.722 5.21806 139.349 250.36
1573.69 776.089 3261.09 1151.09 1322.61
483.686 4692.43 852.315 300.77 810.025
1096.2 9.36031 3153.79 1808.8 3615.89
1026.9 3911.84 193.579 553.764 2063.91
3429.76 1788.66 1279.85 222.895 559.512
268.244 3194.47 512.018 1830.66 1361.98
2113.16 1394.53 247.144 2340.57 3109.32
3054.28 1449.42 2240.03 20.0545 2590.68
5146.57 1771.45 101.582 498.103 18.4664
2705.45 1642.34 2525.49 507.619 2004.57
3035.78 2068.42 1082.14 1704.87 283.275
1379.29 704.589 1069.66 3254.93 1166.27
791.265 4752.65 1799.54 206.937 146.657
1527.85 2802.76 727.83 3641.58 58.2355
3161.23 1125.02 3171.31 0.151606 1154.06
76.5962 15.9535 4.65787 13.2082 4498.61
350.242 3930.15 824.965 3200.55 285.774
696.742 3131.26 165.999 3038.92 769.082
1704.96 313.438 826.259 3799.5 1532.85
1051.05 535.739 0.0643806 4344.43 529.17
3399.43 3076.63 239.143 86.4269 1197.18
440.184 60.0326 20.2588 4408.1 222.722
1588.16 2718.29 733.506 42.0721 3836.92
2933.52 1060.66 3387.89 210.057 2416.23
1998.71 1165.66 2287.74 2098.44 2024.95
460.255 733.975 2760.11 3297.81 421.443
2881.03 1367.21 2112.97 331.958 2561.73
2515.39 21.4762 2751.09 1732.18 2375.48
5220.09 146.735 375.227 339.412 261.267
87.5829 65.2678 3586.58 2548.99 1124.59
3710.38 2284.11 85.5441 1281.53 506.398
4087.48 69.8181 3703.91 2121.39 475.247
251.608 3335.44 838.879 2571.71 1133.25
2416.69 1600.46 3170.09 190.806 1914.49
420.637 2744.46 1999.77 1226.24 2098.04
374.948 3412.79 22.5251 2933.34 198.719
701.907 562.151 578.092 3743.4 1949.8
1565.44 287.789 758.643 3488.57 1704.96
204.474 4334.37 1553.37 49.7412 885.822
842.119 3520.5 2628.45 1616.81 14.043
753.383 826.199 2570.57 2571.06 721.496
275.289 4691.31 1157.58 1303.08 82.1754
3942.46 1429.99 1301.98 717.858 1042.31
2282.36 128.653 1017.15 3636.58 865.137
247.045 2602.45 303.139 3692.31 1662.87
23.6184 0.0880414 511.376 4110.76 1346.11
564.984 3629.79 62.5356 3013.81 135.161
1134.53 2760.24 1650.19 227.488 3059.74
396.18 4094.08 2818.45 1092.56 546.801
2460.54 1629.5 3227.62 608.599 708.193
1743.15 782.368 1319.56 3346.98 553.756
982.819 4157.6 1436.14 1009.89 264.955
2398.08 977.574 430.607 3170.97 2495.05
1015.12 4341.31 1590.92 1063.28 43.7046
3188.17 1169.22 209.29 2429.01 1111.09
0.32509 0.876246 6.26587 118.637 4561.34
737.021 3117.8 1076.97 867.876 2366.86
1541.79 962.01 854.239 3491.27 237.635
60.1338 2293.18 74.9755 2616.46 3816.2
3183 89.4727 3906.32 285.834 251.368
85.3401 15.6814 650.911 3863.49 3218.22
315.811 4186.55 2265.11 217.602 2089.19
661.487 3224.21 3535.91 937.639 75.2405
356.213 3752.46 9.09104 2124.81 1586.88
1060.74 2793.89 23.2595 2947.73 1134.54
1618.52 320.347 1485.16 884.566 2715.85
1671.25 215.025 803.141 3812.84 1685.29
3083.17 2002.67 170.71 1493.1 30.0984
264.888 3511.49 1899.87 1800.34 1919.53
2609.3 1686.05 210.681 181.474 2982.45
3883.95 2407.4 196.808 1128.66 514.547
23.549 1572.09 3337.63 3469.25 1862.45
1862.96 2735.07 3936.48 0.168869 505.887
3368.14 3131.26 302.288 99.6956 616.992
969.102 2365.99 76.2712 3377.87 1242.6
1098.13 4141.77 1977.23 167.248 507.943
289.079 4074.86 212.216 2235.12 1215.25
3200.58 1634.5 1648.61 1658.47 1315.48
2100.72 2898.1 1604.55 1116.87 548.542
609.062 3007.98 961.164 171.967 3123.35
3387.2 3148.98 303.999 100.26 605.556
4421.1 72.6225 1940.34 377.252 74.6817
1272.96 2789.4 1363.05 2562.41 12.4644
821.39 1013.18 3777.56 882.506 1417.81
1153.33 3630.85 1560.66 1518.66 614.748
4129.09 70.5287 3610.88 2109.55 1220.35
2211.6 3015.66 2869.37 70.6242 847.157
369.655 4184.79 178.349 2371.19 343.165
192.931 2297.58 2728 1941.54 1511.51
3873.95 1666.6 23.8834 3135.5 617.735
2646.88 873.546 2633.41 1043.07 299.928
2386.47 1953.74 1100.56 2874.6 1441.68
1520.41 42.7382 1890.86 4399.15 250.186
2210.37 1481.83 2844.91 178.842 2253.59
600.226 717.358 2708.97 3384.06 208.769
3246 3900.9 194.637 1371.68 137.785
400.66 4735.42 66.5495 315.175 1737.14
3235.47 2387.29 417.88 398.185 293.327
2199.01 3532.83 9.86002 413.476 793.775
294.122 3502.64 1687.69 2254.21 193.216
