1650 51.855
13.3707 1.5679 0.783072 1.77523 1.74118
2.90631e-18 4.7946e-17 2.16376e-18 1.07116e-15 17.511
0.840239 5.77948 0.781972 1.20106 1.34796e-10
0.00371787 0.0614842 0.781229 17.5205 1.11336
2.38606e-16 1.60454e-16 4.79755e-17 4.78843e-17 4.82457
2.2039e-18 1.03203e-19 4.80325e-17 1.05845e-15 17.3036
0.0380757 0.810404 17.0184 0.885277 1.53983
0.77952 15.114 2.27247 0.792269 0.14357
2.18318e-18 4.78943e-17 3.64893e-18 1.07822e-15 17.6262
1.0057e-19 2.21639e-18 4.80594e-17 1.07174e-15 17.5205
5.20268e-17 6.66685e-18 3.69338e-18 7.1147e-16 11.6509
1.03241e-16 3.22304e-17 8.93402e-18 6.39038e-16 10.5857
0.783586 14.4737 0.873518 0.789446 0.135274
1.07736 0.101508 11.4183 1.38988 0.118653
1.32376 8.89956 7.625 0.790059 0.000241235
3.64802 1.73306 5.18374 4.6928 0.0878446
0.0717291 0.788706 13.2315 2.24039 2.10222
2.50207 0.562818 0.386618 0.391749 4.6552
0.637235 8.3371 1.66952 4.38626 3.92056
0.399728 6.32438 3.74122 10.2998 0.0231008
0.776515 13.778 2.13052 1.25627 0.0213428
0.63176 0.386555 11.9293 5.15695 0.786337
11.0631 2.32782 0.731098 4.53071 0.00113364
1.74702e-17 1.74258e-18 5.27831e-17 5.54605e-16 9.10283
7.91934 2.4356 6.31671 0.85107 0.145714
4.16907e-18 5.36736e-17 6.88774e-16 2.47251e-16 11.9836
0.570885 7.50352 6.7889 0.75977 4.01283
0.614881 8.64129 2.35833 6.38524 1.52326
12.4203 1.01814 3.06173 1.05171 0.0407075
0.766913 1.6981 0.293491 0.292507 4.73526
7.99682e-17 5.21288e-17 2.46174e-16 3.38018e-16 7.00475
0.0399803 0.710807 12.8504 5.49786 4.61782
0.773218 9.19099 1.75035 1.04896 0.0334254
10.4097 2.10464 0.787733 1.30311 0.270317
3.07537 6.03327 1.04869 0.765315 1.74006
9.87953 0.788185 9.31828 0.789848 1.60291
4.8224 0.40726 0.643735 8.01324 0.360194
1.64356 5.56874 0.716568 0.706024 2.83769
5.08781 0.400428 3.21555 9.03851 0.0241207
4.98634e-17 3.67476e-17 6.21772e-18 4.77626e-16 7.86621
4.74938e-17 3.52999e-17 7.43374e-18 4.01877e-16 6.63504
0.0718554 0.800566 14.6155 1.8644 1.72702
0.703011 10.3308 0.690669 3.31654 4.60872
3.08115 7.08908 8.75241 0.785004 0.0750149
12.9162 0.817089 0.961735 5.06996 0.459962
2.07005 1.40695 2.51612 9.76556 0.0531031
2.33297e-18 1.39262e-18 4.79961e-17 8.56762e-16 14.014
1.0483e-19 2.26228e-18 4.80558e-17 1.0492e-15 17.1527
1.68643e-17 3.2545e-17 4.08075e-17 5.05037e-16 8.29639
0.406376 4.36035 4.99093 7.25356 0.625279
0.917821 6.52952 5.95695 0.752939 3.61371
0.0386704 0.812867 16.7552 0.881452 1.96605
4.54693 3.45303 5.76321 5.36508 0.0203149
6.11337 5.00903 0.767448 1.67256 3.23038
1.1128 0.711244 8.35172 3.42297 0.319033
3.717 12.1849 0.74879 3.90842 2.24737
7.60085 0.820198 0.533366 8.5522 0.0825775
6.39484 5.74407 0.785914 1.61474 0.392265
1.50659 4.76535 4.51346 0.745372 2.7455
6.87504e-17 4.05018e-16 4.51992e-17 1.78549e-16 7.35248
0.783755 13.1242 1.0097 0.788917 0.14485
0.736174 10.8211 3.30994 1.34925 1.89655
7.04812 4.60441 0.641735 5.83287 1.14081
4.51107 0.493779 4.09406 0.622934 4.80114
0.0408402 0.807727 15.7815 0.877277 1.42844
0.491869 6.82043 7.77061 3.24031 1.27729
11.293 1.66927 0.746706 3.55943 2.01748
11.4965 1.52202 0.788576 1.16027 1.39574
0.812736 0.151525 10.8175 2.44287 0.755377
5.37876e-17 1.04558e-17 7.54898e-16 2.67922e-16 13.1124
1.00771 13.3966 0.863017 0.7859 1.21618
4.85866 11.0583 1.29721 0.785074 0.000566221
0.618845 7.97654 2.21795 5.9231 0.0112238
6.76271 4.42822 0.642977 5.59285 0.951245
6.32994 1.80131 3.45429 0.806795 0.177543
0.58096 3.90106 3.35001 7.09607 3.10443
4.19993e-18 1.45768e-17 6.42345e-17 5.86839e-16 9.64423
10.2908 2.21364 0.754468 3.13232 0.0155147
0.0487981 0.00768776 0.781897 14.0269 0.900717
2.24979e-16 1.47803e-16 2.5689e-16 4.79665e-17 6.12704
10.5908 2.2091 0.720532 4.34988 1.96725
0.00326657 0.0674511 0.781077 17.0023 1.11355
3.22353 7.31099 8.53242 0.785021 0.000544935
2.32191e-18 1.12884e-19 4.80253e-17 1.01823e-15 16.6475
1.02345e-16 3.09731e-17 8.97813e-18 6.27356e-16 10.3943
2.171 11.4105 1.01212 0.801766 0.223876
0.0439575 0.851472 15.2554 1.44177 0.516085
4.23267 0.316787 4.93439 9.44443 0.0254603
3.86741 0.34002 2.64594 7.69106 0.336571
1.97179e-16 1.26909e-16 2.60165e-16 4.79494e-17 5.77328
8.15925 0.715239 2.01828 2.05918 3.15688
1.52786 0.122437 8.1093 6.69292 0.737779
1.1873 11.9635 0.842246 0.758047 3.58452
0.946729 7.27179 6.61668 0.725329 4.21529
6.51474e-18 4.74779e-17 3.86611e-18 9.74362e-16 15.9319
0.0386933 0.809335 16.408 0.794729 1.48446
0.0032015 0.0669599 0.780674 17.2337 1.12867
4.15299 3.1672 4.69878 4.82844 0.942774
8.9471 0.662767 1.48432 5.19599 1.96027
0.887222 0.10586 0.0553158 13.7454 0.454344
0.87039 7.7304 0.640292 6.20103 0.706844
8.84691 5.84521 0.744185 3.24147 1.70116
9.21942 0.887817 7.24527 1.15592 0.0150182
2.23198 0.183447 0.589385 12.6222 0.00721199
0.808507 10.1221 1.91656 0.784045 0.438159
11.6457 0.800417 6.52504 0.884213 0.145682
5.40147 0.55561 5.42062 2.60689 0.545945
0.997307 9.86504 0.832714 0.812237 0.673905
12.1835 2.90859 0.791706 0.806537 1.52592
9.44097 1.45524 7.92963 0.789499 0.20849
12.0444 0.746483 0.947376 1.28179 4.09392
0.250641 0.762036 15.5191 1.93599 1.83283
11.2771 0.774053 0.915222 1.52166 1.80991
12.5572 0.768929 0.978504 1.32735 2.82926
1.48429 0.468912 7.41627 3.27424 3.84473
0.238584 0.729067 13.5564 4.17662 2.0735
5.35176 0.647944 4.4129 3.57604 1.56639
2.02202e-16 1.3043e-16 2.55475e-17 3.99322e-16 7.62528
6.71993e-16 4.34904e-17 1.50446e-16 3.18733e-16 12.4127
1.25286 12.8384 0.881534 0.790843 0.212047
5.56166 4.2059 7.03876 1.22071 0.0208511
2.02175 0.235929 8.96501 1.14051 3.7444
0.427466 0.0466807 5.69243 9.22459 2.99164
6.1324e-17 3.76803e-16 4.86283e-17 4.79751e-17 6.33365
7.42059e-18 5.23478e-18 4.72307e-17 8.75732e-16 14.3233
8.47876 1.25874 1.77774 2.14178 0.626472
2.9029 6.54368 6.14508 0.831464 0.173757
13.1791 1.69715 0.798493 0.825218 0.0103593
7.13565 0.567359 3.63965 4.78115 3.48956
9.46821e-17 2.94925e-16 4.8157e-17 4.79127e-17 5.17884
0.0475952 0.794348 16.3067 2.36179 2.71823
0.198195 1.62047 10.4973 4.3263 0.0214882
0.739699 9.73661 2.48039 2.42847 1.0408
1.39026 9.38965 7.22594 0.790138 0.000243997
10.8016 0.859856 0.754477 3.22905 0.0242853
0.0383746 0.775275 0.0843923 16.4979 1.97778
0.676363 9.39587 1.81408 3.74917 4.21261
2.17291 4.07233 4.92346 9.32805 0.000107173
1.70968 0.35003 12.6261 4.85788 0.00126735
0.746556 11.219 3.58833 0.798356 0.348894
4.00655 2.56652 3.04606 8.43986 0.0225441
0.166749 2.91951 13.4971 0.791434 0.129598
0.799691 0.0927838 0.22792 12.0227 3.40746
1.90355 0.193565 7.52959 2.63287 0.552655
0.79579 0.0577079 0.243178 11.6757 3.30955
1.90352e-18 1.95907e-17 4.38748e-17 7.91816e-16 12.9552
0.831762 14.004 0.87021 0.78928 0.102838
1.10071e-17 1.40035e-18 4.68514e-17 7.72945e-16 12.6476
4.67874 3.10109 5.60341 2.82161 1.25759
5.87885 0.513369 4.55694 4.0955 3.17621
4.41091 0.509878 4.00573 0.646542 4.22329
7.10984e-17 3.7174e-16 3.55809e-16 4.8033e-17 8.51972
7.55243 0.531089 9.218 1.41639 0.123368
0.751793 10.1788 2.84579 1.5873 0.00534823
5.55534e-18 4.75706e-17 4.12209e-18 8.27701e-16 13.5402
2.49361e-16 8.21741e-17 2.13262e-16 4.79387e-17 5.57927
0.0430953 0.794768 0.0485203 14.6694 1.75921
4.48103 2.83533 4.78728 0.761395 1.99269
0.611589 9.52072 2.60646 7.26107 0.381443
5.48504 0.553112 5.50334 2.49878 1.37191
9.08168 1.44424 8.64924 0.8593 1.22705
4.78136e-17 2.81698e-18 4.09734e-18 8.35482e-16 13.667
0.377496 3.73517 4.1814 6.31907 2.96393
5.18543 4.27058 0.771333 1.40709 2.35766
7.99159 3.57215 0.518114 10.0275 0.0957902
7.2959 0.983709 7.99401 2.54775 0.114683
8.0204 5.24301 0.786364 3.1776 1.12565
7.23218 0.579221 3.7014 4.44317 3.46423
0.046816 0.871622 14.3326 1.27635 3.14661
0.142609 3.04756 0.141784 16.6951 0.0272687
0.0871572 0.115591 1.63254 9.04599 2.96301
3.25735 1.99988 0.416969 5.93304 3.09129
0.054003 0.777985 0.148893 10.532 4.31855
0.211013 2.69054 2.53885 10.1327 0.0766086
1.42659 1.03856 9.7556 0.802437 0.221214
0.311933 1.07258 4.56632 7.01684 3.77057
6.1453 4.04518 0.646625 4.97631 0.990011
4.1155 1.27465 3.48481 0.712655 2.54971
4.6742 0.37829 0.804561 8.32274 1.79433
0.6493 3.31512 10.0775 0.788929 0.204166
0.384459 3.84713 4.30701 6.31738 3.00302
8.72538 0.683354 4.89506 1.28709 0.611071
10.1455 1.35148 0.870117 0.956004 2.69388
0.272259 0.611129 0.710803 11.9474 0.0192709
8.26542 0.629186 4.15771 4.77286 0.16615
0.752771 8.73423 2.29863 1.45706 0.00458211
3.53656 0.681592 2.2944 6.03343 0.177919
4.29521 2.69242 0.425738 7.9109 2.38215
5.71071 0.472019 6.24178 5.79605 0.130433
2.70297 6.7822 6.26507 0.812471 0.158018
9.97275 1.06338 1.3698 1.09932 0.113413
1.01715 10.627 0.839306 0.816533 0.147725
0.539405 5.19339 0.511236 6.45524 2.48362
2.83934 1.92877 1.04625 9.89196 0.053779
2.40784 0.728068 2.02114 5.80738 3.03198
3.94513 0.331776 3.54517 7.29306 2.97271
12.7532 3.11009 0.798249 0.824681 0.0214014
6.57677 0.588489 3.73061 4.55127 0.53459
0.00373777 0.0706575 0.779928 15.4784 1.22135
0.0631424 0.804572 14.96 0.871958 1.35448
3.70645e-18 1.84517e-19 4.79371e-17 9.94716e-16 16.2639
11.8405 0.749806 0.898534 1.27511 3.83612
4.09826 1.34714 3.4962 0.730594 2.16459
6.71172 4.68943 0.642258 6.51624 0.743357
1.18092 0.661279 7.78715 3.08181 4.04669
1.1989e-16 4.01717e-17 2.9494e-16 5.58092e-17 5.31936
0.147379 2.01259 0.522638 10.8601 0.00276505
4.97513 0.655612 4.32693 4.56672 1.19449
2.38464e-16 1.42401e-17 8.5054e-16 1.00245e-16 14.5204
9.35918 0.693725 6.1966 1.62267 0.116693
1.18001e-17 4.71387e-17 4.22425e-18 6.1037e-16 9.99987
0.503251 5.92815 6.48489 2.85378 1.23253
0.0397443 0.806493 16.0612 1.97897 1.89637
0.892002 13.3416 2.08707 0.791276 0.127008
0.210424 0.0391319 0.709096 12.9847 4.56768
4.96062e-17 2.60995e-18 9.32472e-16 1.13162e-16 15.3616
0.723701 8.06334 6.56375 1.72951 0.19188
0.29677 1.03591 4.77802 7.49424 4.22839
9.5725 0.64284 1.33741 6.63748 1.37852
2.06533 3.62777 4.64519 0.738825 2.22488
0.0580798 0.821481 0.0454635 14.259 0.102708
0.0608263 0.0217562 0.780928 16.0661 1.02113
0.472057 4.48223 2.95139 7.36146 1.50625
0.791212 0.0884875 0.041867 15.1223 1.93856
0.373895 5.49756 3.26555 9.85152 0.0348588
0.505178 6.58995 6.98304 0.794832 4.08117
2.64263 6.80656 6.26555 0.832567 0.158058
13.2642 1.56142 0.783396 1.77249 1.6553
0.731817 11.555 4.60146 1.64528 0.577367
8.38737 0.735337 8.21505 0.745608 4.06272
0.045472 0.795925 13.7179 2.30167 1.64164
0.185136 0.549274 0.585779 8.73541 1.32864
9.54403 0.741417 1.03757 2.85716 4.53132
0.7802 10.5056 1.04608 0.871878 0.0994552
0.539829 5.33729 4.3944 3.5689 0.0978001
0.339148 2.77723 12.1812 0.847236 0.0121389
1.33333e-19 2.64026e-18 4.80302e-17 9.61718e-16 15.7257
9.73079 0.754844 3.06061 1.02154 0.115938
7.32401 2.51196 0.739531 0.712376 3.60082
0.0399067 0.796812 0.0453589 15.9124 1.90785
0.773378 14.1711 2.75714 0.791797 0.139248
5.95 0.52127 4.42138 4.08305 3.1659
0.742678 12.5716 0.834806 0.745956 4.35787
3.16756e-18 1.95675e-19 4.79708e-17 9.00131e-16 14.7212
3.37775 2.57065 4.17183 8.6832 0.021988
10.08 1.50699 0.838018 0.955035 2.68199
5.59363 0.492608 7.14486 2.98828 0.644498
6.01762 0.717059 0.727815 3.86309 2.43228
0.563633 5.43795 0.447792 7.53915 3.29567
1.08943 12.457 0.788263 0.839456 0.0100531
0.221056 0.668848 10.113 4.28079 3.63093
0.216555 0.673513 12.3786 5.31183 4.45069
0.87735 0.0737124 11.1854 1.1322 1.3225
0.778077 0.098275 0.223938 11.2058 3.96013
0.0664239 0.936831 13.9216 0.7898 0.52616
0.81035 0.0421235 15.4146 1.90388 0.140168
1.75357 0.142482 8.65088 2.69451 4.28412
1.98172 1.13403 8.77819 6.08722 0.0980979
1.67915 11.113 1.57362 0.789797 0.000232173
1.21257e-17 4.68999e-17 4.69882e-18 5.4036e-16 8.86046
6.90813 0.569383 6.91926 3.17993 0.130832
0.607179 0.490604 0.0659991 12.7941 0.813725
3.79413 0.336146 3.23757 6.84536 2.99622
0.0398474 0.806374 16.016 1.97539 1.89107
0.65748 7.59834 3.93532 3.04637 0.0931805
0.530028 0.318455 9.4999 7.57728 0.484026
0.884623 0.0523164 12.4833 4.4184 1.93348
0.109042 0.0254408 0.777113 15.7428 0.154997
0.135759 2.31104 0.600522 13.2006 0.00753938
10.7426 0.812915 2.33115 1.32773 0.117713
8.92982 0.667601 1.28214 6.94077 1.33852
11.8564 1.62717 0.952266 0.790182 0.000245542
3.43588 2.1767 0.402544 6.293 3.28446
5.73632e-18 6.30185e-17 1.04151e-17 5.32278e-16 8.75562
0.214991 1.87001 12.6774 1.08322 1.50025
2.74094 1.69808 2.1561 4.99395 2.11838
4.67822e-17 1.08496e-17 2.3185e-18 9.9915e-16 16.3362
0.696184 0.269808 10.437 4.33278 1.12524
0.745733 0.116556 0.210087 14.3914 0.924052
0.763088 0.173898 0.0628345 14.9226 0.445161
0.267538 0.0225157 2.24654 12.2164 0.00698229
2.43463 0.439457 12.0377 0.784741 0.836452
0.617965 7.73014 2.16408 5.75059 0.249667
0.0471862 0.79819 0.052622 13.5241 0.199452
0.46114 1.41055 9.95097 5.11405 0.0360507
0.82912 0.110465 0.185674 11.4625 0.528065
4.30254 0.580456 2.79084 7.86837 0.0208877
9.68454 0.827519 1.94114 2.81443 0.706334
0.588699 2.99199 11.0799 0.789424 0.220661
0.669353 9.63648 1.84601 3.83231 4.31566
0.797602 0.519324 9.09656 6.27737 1.07122
0.180171 0.875535 14.8568 0.872636 1.02623
0.00752461 0.0805234 1.12348 11.112 1.13091
5.34813e-17 3.90489e-17 5.74782e-18 6.00481e-16 9.8665
0.621762 8.14392 0.593719 7.84117 0.124323
4.21276 2.63324 0.397278 7.77099 4.3508
3.41847 2.62622 3.88911 4.03178 1.0492
0.92664 0.060999 10.282 6.07992 1.40651
3.79609 2.40456 0.537895 6.14787 1.93245
0.530106 0.318427 9.54572 7.61293 0.486333
