3894 90.0111
3.89585 1.95926 0.65266 2.9165 0
5.50048 1.93534 1.17373 0.675276 3.52625
2.98274 1.30419 0.35241 6.49599 0.358259
0.782126 0.175041 0.77685 5.87098 5.97614
1.61145e-17 4.20372e-18 5.32064e-17 2.32335e-16 3.90204
0.480292 4.3966 5.31541 2.07022 0
0.698706 0.698706 0.98812 3.03696 6.23023
2.13686 0.851768 2.21406 3.19276 1.75076
0.00870437 0.00884013 0.102542 0.527581 6.50095
1.43555 1.06111 0.691582 5.5578 5.87828
2.76563e-17 7.38549e-17 1.42452e-16 7.17613e-17 2.90593
0.652836 0.345443 0.544153 0.917403 1.2974
1.3427 0.444984 1.03695 1.71172 0.13093
0.735356 2.32418 0.550801 2.49919 9.09125e-05
0.723142 3.80543 0.736083 1.39492 0
1.57661 0.441482 3.09761 2.14415 4.42812
3.25704 0.600837 1.28828 2.42966 0.063431
2.26473 1.38217 0.617382 2.09301 0
3.24701 1.20869 1.35455 1.13999 0
3.22488 3.22488 4.6097 1.93884 0.00724853
0.309869 2.21678 1.32664 2.56604 4.31572
0.473443 5.217 6.71393 0.772804 1.48206
0.0412454 0.389796 3.70439 3.72507 5.26804
0.120285 0.120285 0.565774 1.82915 3.76998
2.08704 0.951045 0.610391 3.41038 0
5.76274 0.736768 0.742765 1.89989 0.484811
0.770983 6.16088 0.776996 0.783057 0.178622
4.20915 1.28204 0.769786 0.781477 0
0.495433 0.245955 3.56502 3.60767 0.064927
0.971702 1.55704 1.55694 1.06499 0.754456
2.88083 2.88083 5.02613 0.783498 0
8.00376e-17 1.19821e-17 2.53695e-16 1.83915e-16 5.28525
0.577229 1.34226 4.05925 0.778775 0.348374
2.79569 1.49012 2.11327 1.23121 4.76892
0.501453 3.40152 3.43828 2.26882 0.0518486
1.30454 0.932941 0.195969 6.2087 0.753164
0.721111 4.33306 4.39265 3.85569 0
0.366816 0.113508 0.383977 4.50424 4.71893
1.00781 2.13095 0.756828 0.960614 0
0.598668 0.753059 0.96203 1.32572 0.795852
1.61526 1.61526 1.73683 3.83092 0.24225
0.315265 0.87501 0.930073 4.15775 4.36085
3.55665e-17 1.3474e-17 2.93481e-17 5.96044e-16 9.7657
7.06144e-17 7.06144e-17 3.32098e-16 1.61841e-16 6.24986
0.877318 0.860601 1.22895 2.82748 3.35302
2.5026 2.5026 3.87327 5.24673 0.808263
0.389578 0.0427582 0.391917 5.04992 5.08025
0.25187 0.509845 1.10954 2.26845 1.45876
2.8763 0.435542 2.2814 2.78027 2.4321
0.333385 0.295754 0.384584 0.58866 1.9846
1.54845 2.46249 2.90887 2.37842 0
3.19038 1.92083 2.83276 7.13102 0
0.48525 0.0521301 0.05243 4.56906 5.72205
0.0189974 0.139962 1.04062 0.517581 5.7028
0.468413 1.33322 2.36315 2.75343 3.89394
0.395605 0.395605 4.10043 4.05201 0
2.79449e-17 1.89947e-17 4.56544e-17 8.23274e-17 1.63344
0.570867 0.229508 0.449132 7.03809 5.93221
0.552656 3.58706 2.33653 2.65797 0.836688
0.394458 2.04392 2.81526 2.01214 0.814773
0.225568 0.471938 2.47587 0.843331 2.66735
4.83488 0.71002 0.717635 2.14897 0
0.105803 0.624649 3.7404 2.7421 0
2.24811 3.92874 4.52648 0.783298 0.130611
0.453855 0.453855 0.641848 2.16145 1.65681
0.372508 3.41432 6.2526 0.778313 0.857777
0.0939481 0.66074 4.69375 2.8981 0.215308
0.190574 1.00779 5.28437 0.782672 0
0.838178 0.838178 1.65873 2.03874 0
0.7359 0.289606 2.40095 6.26055 0.513127
0.360344 0.137482 2.06171 2.09747 3.03942
1.75694 1.75694 2.48469 3.51389 0
1.86425 1.86425 2.63645 3.7285 0
0.432604 2.43951 4.26023 1.86981 1.02112
3.06195 3.06195 2.16199 2.79911 0.205924
0.461299 1.16256 0.878878 1.52865 2.16184
0.400257 0.669303 7.54371 0.78401 0
0.830335 0.830335 2.21422 2.86024 2.47404
2.24421 0.505238 3.82103 4.46005 0
0.339036 0.327943 0.126396 4.06304 5.1348
0.825601 1.43986 0.448016 1.71916 2.49359
1.2522 2.58883 2.98773 2.80889 0.120422
1.28674 1.52498 1.99531 2.82179 0.596133
1.35084 1.35084 0.355179 3.79318 0.302042
1.79613 0.805299 0.945431 1.76448 0
3.14359 1.15168 3.80249 3.81805 0
0.0693942 0.778175 8.76094 0.784363 0
0.0634414 0.373355 1.53573 2.8957 3.29954
2.81661 0.940013 0.621082 2.19514 0.698192
0.489113 0.311298 0.25161 4.65174 3.4334
1.53542 1.53542 2.89794 3.31117 0
1.54801 0.258657 0.262243 1.82692 4.07855
0.752672 1.70865 1.86709 3.65568 2.2559
2.20167e-17 4.55975e-17 1.47022e-16 2.94792e-16 5.44303
2.0854e-17 7.84603e-18 4.22405e-17 2.30105e-16 3.83798
0.694177 0.652649 4.68168 2.44863 0
1.26575 1.26575 2.60639 2.99588 3.21194
0.550028 0.665576 0.638949 4.03795 0.356653
0.0229895 0.0560755 0.519017 2.72421 7.96014
0.739898 0.549191 4.42821 1.62943 0
0.403249 0.0541025 0.0545873 3.05969 5.01483
0.0260414 0.0497794 0.516613 6.42328 7.28885
3.42592 0.695098 0.709261 1.6343 0.000359585
1.542 1.39256 1.79849 3.3922 0.0136447
0.823687 0.823687 1.44481 3.57083 4.03583
1.59896 1.59896 2.26127 4.27258 0
1.27217 1.27217 0.389727 1.84084 2.60334
0.543245 0.0750634 0.0757766 4.00661 4.04467
1.20118 1.18329 1.36569 3.30534 3.95391
0.49328 0.49328 1.13975 3.26186 1.40905
0.449589 0.449589 0.45914 8.39995 0
0.764138 1.22326 0.150056 7.43479 0.146247
0.251979 0.154167 0.293936 2.55239 4.10639
4.85526 2.03091 0.774274 0.782608 0
0.718022 0.718022 1.01544 2.74221 2.43798
1.38601 0.432206 0.759793 1.63863 2.31738
0.552292 0.0997935 0.543436 4.32355 0
0.136554 0.689217 0.269316 2.5842 5.41208
1.13003 1.55632 2.12934 4.22845 0.383216
0.468221 0.177294 0.603761 8.70374 0
0.217565 0.379861 0.111407 3.16678 4.52723
1.71285 1.75378 5.99058 0.778361 0.752187
3.35886 2.83188 2.12475 0.844269 0
0.04374 0.504568 0.50646 8.2623 3.70363
1.36168 1.36168 1.92571 2.72336 1.72763
1.79548 2.50951 0.74911 0.890236 0
0.524804 0.524804 7.38906 2.5304 0
0.429658 0.0491727 0.345585 4.83706 4.87878
0.322129 0.218232 0.389092 2.29733 2.36231
0.264941 0.297402 2.86014 2.67713 4.08808
1.19767 0.977839 1.02616 1.31822 0.349378
0.136919 0.364176 3.38838 3.41064 4.89206
1.36436 0.276554 1.39211 3.3981 0
0.268856 0.109544 0.202036 1.63626 5.7565
1.26648 2.96368 0.749941 2.11082 0.333347
0.550319 0.550319 6.63 0.783612 0
0.409161 0.409161 0.958692 4.07549 0.390342
0.842127 1.02246 5.05105 1.45273 0
1.88762 1.88762 1.7538 1.92463 3.72911
0.470521 0.529705 0.331368 4.93264 0.00325288
0.521642 0.159532 0.0901034 3.34719 3.39255
1.37158 2.81048 0.365569 5.96983 0
1.91613e-17 1.79314e-17 4.02099e-17 4.91977e-16 8.07277
0.428331 1.15368 2.07691 1.67746 2.7373
1.30648 0.749585 5.78301 0.770095 1.11843
0.329072 0.0647037 0.438286 2.80676 2.8605
0.510877 5.71635 6.63986 0.784359 0
1.22245 1.01229 2.11091 2.64104 0.424621
0.42373 0.46517 0.957149 2.0165 1.21998
1.8668 2.80808 3.37198 3.03868 0.0944098
1.50577 0.357744 0.647078 1.67751 2.38939
0.706289 0.27149 0.98174 1.2395 3.77328
0.534149 0.0753418 0.411204 4.80888 2.79824
0.0502426 0.0205847 0.0638667 0.397254 3.75469
0.368252 2.8447 3.21566 4.3091 0.28894
0.154533 0.357449 1.71014 1.75392 2.48046
2.08219 1.00813 1.57797 1.33812 1.62083
0.611327 0.973074 1.14917 1.62517 0
0.0638217 0.779298 9.54751 0.784524 0
1.37826 0.875809 2.07699 1.59433 3.11002
3.48794 3.50134 2.70487 3.89419 0
2.64094 1.68302 3.13163 4.50235 3.35625
0.768424 0.768424 1.08672 4.80663 0
0.472797 0.0538718 0.475856 5.90615 3.5479
1.42446 1.42446 0.548378 2.0878 0.121868
0.49985 0.506919 3.27892 3.35532 0.0413333
1.19391 1.19391 4.83234 1.38396 0
0.100383 0.533176 2.88168 0.552075 2.98475
1.63058 3.02382 4.95906 3.08928 2.80681
0.11142 0.11142 0.279502 1.77541 8.08656
3.37553e-17 3.56712e-18 3.39432e-17 4.54246e-16 7.45971
0.522932 0.0536772 0.58169 7.63815 0
0.167178 1.52918 6.67481 1.01351 2.01857
0.227331 0.0669264 0.500774 4.57163 4.60507
4.49596 2.10168 1.59602 4.74549 0.545263
1.25118 1.25118 1.76944 2.50236 1.37788
0.465476 0.105819 0.362938 2.09441 3.85614
0.784346 0.618205 2.43533 3.22637 0
0.420682 3.1871 4.51884 5.38429 1.10734
0.188856 1.56523 4.46712 4.38849 1.04051
2.30282 2.30282 2.2693 3.96935 1.63314
0.367297 0.0638972 0.581909 3.97257 2.12916
0.867189 0.867189 0.679875 1.19439 0.72561
0.545141 3.24183 0.552795 3.3335 0
1.35635 1.60694 1.50675 2.50932 0.392954
1.41578 1.82878 2.31277 3.32414 3.28312
0.539262 0.846591 1.00375 1.41952 1.32681
0.489976 0.606563 7.46622 0.783982 0
0.658392 1.98977 0.385379 3.75524 0.10619
1.62811 1.62811 3.49477 3.63233 0
0.47838 0.953692 2.95056 3.08742 0.722225
0.82236 0.828721 1.1675 4.02458 5.41339
0.0328733 0.344742 1.66084 5.5899 5.84168
1.63367 0.62766 0.793801 3.66399 0.845276
1.5581 0.388797 1.60588 2.27105 0
0.31122 0.0482862 0.399018 3.27638 3.87846
0.978608 1.50179 2.34955 2.63951 0
2.85613 3.12646 4.23464 2.64663 0
1.31668 2.75278 0.619459 2.34094 0.450223
0.0791308 0.301661 0.708431 5.40486 0.821582
1.13556 1.13556 1.51619 1.15121 0.0394518
2.58066 1.42327 1.57726 2.90972 1.79211
1.17952 0.87077 0.830695 6.17604 1.48513
0.306118 1.03007 2.73545 3.09045 4.26478
0.232346 0.438659 2.68163 2.72719 1.88069
2.36017 0.375796 0.68826 2.48703 3.51719
1.62847 2.29322 1.21851 4.17453 0.548134
4.26582 0.725144 1.42299 1.00454 0
0.675485 5.73686 1.63624 2.96905 0.209413
3.52569 0.675214 1.40297 2.57464 0
3.73453 3.0369 0.98836 2.08809 0.627564
1.68279 1.68279 2.37982 3.36557 0
0.172843 0.494857 1.01728 4.73401 4.48196e-05
0.687514 0.20665 0.334866 6.67479 1.3495
1.87833 1.24541 0.929742 6.77845 0.662461
1.97354 0.727796 0.547701 2.17359 0.240419
0.497119 2.97569 2.61301 2.5338 0.402941
0.922903 0.922903 0.444251 3.52079 3.78112
1.8757 1.22671 3.40519 3.58659 0.696086
7.03042e-17 1.90746e-17 6.14078e-17 4.4339e-16 7.4064
1.18343 2.55183 1.70048 1.59408 1.9011
0.474709 0.474709 0.67134 0.949418 1.34268
0.369903 0.25685 0.0598382 3.41893 4.84278
0.522612 0.522612 4.3349 0.749751 1.31548
0.614954 2.30756 2.38809 3.37727 3.61666
2.08421 2.08421 2.94752 4.16842 0
0.496755 0.786528 0.144804 4.9927 0.235135
0.858584 0.858584 4.15325 0.5046 5.17618
0.780678 0.0561934 0.0563388 10.9019 0
0.0582709 0.280867 2.4292 1.98757 5.9287
0.761985 0.993051 2.89653 3.80565 2.00673
0.142379 0.236879 1.72862 1.73501 4.2973
0.422262 0.515123 0.943492 2.5188 0
0.407837 0.566875 0.352764 5.11142 0
3.26261 2.02023 2.43708 0.781609 0
0.471872 2.90843 0.478042 3.86447 0
0.475882 0.430159 1.06818 4.44823 0.456488
0.3226 1.55797 4.78195 3.45181 0
0.817672 0.817672 1.15636 1.32602 0.191628
0.667626 0.267484 0.719217 2.85666 0
0.107967 0.678365 4.31584 2.37972 0
0.586419 3.56805 4.47371 0.783004 0
0.176445 0.714867 6.67369 2.37781 0.591374
1.48224 0.369021 1.65599 2.25289 0.458066
0.0505542 0.781582 12.1087 0.784852 0
0.242242 0.495131 2.56205 2.62067 0
1.59437 2.16303 2.30793 1.4181 0
0.668554 0.406427 0.0593639 10.3414 0.0140772
1.42681 2.21698 3.72579 4.56424 0
0.769685 1.20975 1.2248 1.47211 0.0748372
1.3946 0.589566 0.86057 3.11211 2.29817
1.52378 2.84042 2.32439 0.497305 4.87452
0.466051 2.33073 3.09496 0.78031 0
0.678495 0.609974 1.08085 1.71975 2.22671
0.0679468 0.0717612 1.0907 2.86299 8.13337
0.365869 0.184694 2.51149 4.15442 0
0.37509 0.313061 0.262404 6.00996 6.0355
0.899737 1.4784 1.636 2.04046 3.13611
1.10886 0.842933 1.30753 3.36791 0
0.397081 1.77888 1.99641 2.29819 0.446792
0.753973 0.420648 1.61022 2.0959 0
0.564586 0.936246 1.0933 2.70597 3.20749
0.46697 0.437344 4.55099 3.2391 0.0975732
1.03525 0.23258 2.27858 3.86997 0
0.443083 0.0440998 0.259946 5.18034 5.9648
0.623742 0.335095 0.101782 5.64166 2.53755
0.0932504 0.238116 1.19446 2.62718 2.33949
1.05829 2.27962 2.73038 0.779795 0
2.5251 0.438184 2.56284 2.76649 0.323654
0.552529 0.552529 8.90539 0.784396 0
0.298852 0.465916 0.553525 5.51973 0
1.70417 2.52039 4.07908 3.24561 3.81318
0.313406 1.74989 3.56742 3.69471 0.063549
0.299607 0.0492889 0.443681 3.26803 3.4976
0.499017 0.537797 4.91755 1.83458 0.194969
0.254927 1.60597 3.13052 3.52764 0.0479411
0.687112 0.288257 0.225406 3.15482 3.79307
0.543627 0.451967 3.05507 0.72565 1.25238
0.314811 1.42077 1.45523 2.05801 2.12192
0.279638 1.62886 1.85369 3.89508 0
5.13568 1.12764 0.691188 2.82543 0
0.754083 0.0891567 0.159926 6.56331 0.926802
3.44942 0.888673 0.42169 2.40525 5.07678
0.523088 0.549337 4.61208 0.768737 0.881147
0.454099 0.0766383 0.628612 6.14243 0.633197
1.24664 1.24664 1.76302 4.58556 0
0.461423 0.461423 0.652551 1.78663 2.43845
2.99531 1.5842 0.44398 4.96605 0
0.252824 0.737789 0.898144 1.1895 1.68221
0.190312 0.757522 8.56445 0.784304 0.0473056
0.96094 2.07115 1.07009 0.768972 0.301341
2.44288 0.874821 0.712855 1.15765 0
0.106499 0.853827 0.104987 3.20034 5.55434
0.529523 0.391001 1.22035 3.81769 2.15914
0.596672 0.872532 2.36016 2.64935 3.70226
1.19641 0.253866 0.204747 2.96902 3.47386
0.766282 0.0832737 0.083764 7.13459 1.06767
0.20816 0.547383 0.908202 1.08064 1.52826
0.67737 2.97294 1.5452 0.778845 0
0.203109 0.419057 0.0664879 3.29475 4.42655
