2051 49.7161
0.00991297 5.48438e-06 11.3621 1.59577e-07 1.09526e-08
1.59129 10.3805 5.93307e-26 3.93475e-26 4.40873e-05
9.15905 0.0841074 8.30109e-23 7.38514e-14 1.0799e-08
0.132888 1.0853e-13 1.4279e-10 6.00826e-42 11.3121
0.120184 5.49038 1.83416e-12 8.98026e-08 9.10252
1.03517 4.17532e-06 2.80826e-262 6.50872 8.45254
0.963578 9.64775 4.96751e-49 4.88327 0.00106934
0.148719 9.32761 1.23905e-44 8.44031e-14 6.66832
0.809793 0.0846898 5.59848e-09 5.94787e-25 10.2968
1.17435 1.60502e-06 10.5825 0.000118455 0.00933006
0.963835 7.2494 8.00246 2.11304e-05 1.97484e-56
4.39097 8.6937 3.05412e-25 6.50415e-12 0.00150078
6.86858 1.31566e-24 3.22271e-31 7.00667 7.86635e-17
0.467685 4.51404e-11 1.28743e-17 10.2606 0.0623375
0.0647642 7.50191 8.99094e-40 8.85325 2.1492e-15
0.0395688 8.49846 1.40435e-35 1.59889e-13 7.94794
0.0126478 9.90048 3.5514e-09 7.82251 2.30172e-08
4.55037 0.000185007 3.98208e-71 9.09873 0.00018114
0.154666 0.000397936 3.34484e-43 9.76905 5.07702
3.53399 3.39249e-05 2.17455e-57 3.97972e-16 9.33935
4.81429 8.77605e-09 8.79701 1.14534e-21 3.41148e-43
8.30897 0.00436051 1.99627e-41 1.29149e-14 4.44672
0.366219 1.95223e-15 8.85474 7.07105 1.10798e-34
3.56166 0.015935 9.68619 2.74695e-08 9.91547e-78
4.46764 4.45202 2.29438e-20 1.0614e-25 7.78163
5.77364 0.0580005 1.03334e-41 2.46314e-21 8.0174
2.9672 4.77435 6.82692 3.98049e-25 6.40961
7.08859 4.1912 1.85635e-53 7.77965e-05 5.13106
6.84962 0.000986243 1.46089e-20 0.00167375 7.12004
2.53732 4.04316e-07 3.17661e-09 8.59261 6.22783
0.214125 6.02889e-20 9.82309 5.89559 4.32061e-51
0.0567739 9.21393 8.56513 3.03661e-12 3.47967e-30
2.40312 1.1764e-06 2.44704e-45 9.82184 2.69113e-11
6.16343 9.79984e-17 8.13853 3.14599e-20 2.16204e-183
0.193342 5.17574e-08 8.24348 1.09676e-15 9.27487
3.47537 8.0342 5.83505 3.14419e-09 3.16089e-42
7.6569 1.27696e-12 7.18565 7.5684e-14 5.27048e-35
5.57694 7.58563e-09 6.81268 6.25829 7.47003e-12
5.76723 0.000335504 1.06656e-35 7.50089 4.293
8.81133 2.31119 3.609e-96 0.124061 7.76867e-23
7.68575 6.4634e-05 7.4658e-23 6.06015 0.907398
0.407248 2.69156e-06 9.79394 3.96071e-18 7.5245
2.16608 8.41522 8.22357e-26 6.71915 0.0153912
8.04107 5.78926 7.94771e-09 0.442544 7.81299e-13
4.69014 6.15264 7.4056 3.20892e-29 4.31437e-06
2.32371 7.1048 1.62416e-52 8.22147 1.77703e-11
4.92323 7.4818 2.17261e-17 5.49058 1.98244e-14
2.07002 0.405653 7.93245 7.92174 1.895e-54
0.271085 8.06182 8.36863 0.830987 6.07971e-34
2.7964 8.18756 4.91569e-37 9.84688e-29 6.78513
6.24468 7.51739 1.21668e-07 2.43052e-11 4.83909e-12
3.23428 3.27758 5.83441e-13 7.04234 7.23348
2.93875 9.96877 4.1804e-05 0.00268374 7.51884e-05
0.575625 3.12037e-28 7.793 9.01017 2.32074e-13
6.70067 7.21338 6.29845e-47 1.98494e-15 0.00553824
0.234761 0.650724 3.93365e-22 11.0214 0.000936037
2.75051 0.0445333 7.57884e-19 2.53835e-16 10.0319
12.257 3.17129e-09 2.96195e-15 5.70171e-17 3.28972e-25
13.9726 3.66358e-45 3.64973e-44 1.96016e-42 0
0.428465 0.00741989 15.7015 0 4.33271e-19
13.6167 2.97164e-05 0 1.15913e-112 6.3495e-49
15.4099 0 6.48632e-59 5.98687e-136 6.87934e-52
0.000436413 7.09362e-07 9.24284e-43 12.4588 3.98881e-27
14.7183 0.661166 5.31712e-36 1.97795e-88 0.087734
14.019 3.54192e-44 0.000259546 1.81094e-64 0.186548
15.0295 1.43075e-21 3.79808e-09 2.42364e-45 2.93029e-06
12.7049 7.86089e-07 0.0872142 2.72982e-54 6.47812e-32
1.55042 12.5836 3.32213e-09 7.6887e-29 1.29231e-121
13.8152 8.09867e-37 1.3565e-18 4.07554e-05 9.27877e-30
13.6176 7.69158e-14 1.79255e-26 1.24389e-43 1.27245e-16
13.8145 6.77768e-16 3.06355e-16 1.29555e-07 1.04131e-14
15.5847 4.26982e-34 9.54243e-32 1.33085e-41 4.25997e-09
13.716 2.12644e-23 8.23789e-39 2.95348e-57 6.3494e-22
13.2472 1.52699e-101 6.76741e-35 2.01356e-17 8.05219e-32
15.185 4.20106e-05 4.72686e-30 8.34727e-26 7.26228e-16
14.9733 7.70195e-08 0.478508 2.24329e-72 8.53272e-24
12.9204 7.22912e-32 3.40353e-32 1.75615e-66 1.7864e-41
15.0971 3.73269e-11 4.8402e-14 4.08169e-27 4.50572e-32
13.7323 0.67625 1.03438e-103 4.56858e-24 1.52852e-23
13.3589 0.705866 2.72778e-15 0.0410318 2.56483e-08
15.4274 2.97492e-18 1.15998e-16 1.49532e-32 1.60987e-46
3.44403 14.917 0.00353318 7.26505e-10 1.78567e-15
1.8359 0.00781314 13.9295 3.42125e-21 6.46472e-17
14.1736 9.15808e-35 4.17246e-135 1.25114e-16 5.61496
14.1547 0.0453863 1.85217 2.95432e-57 4.63126e-16
13.5785 1.62274e-18 1.83829e-08 6.92511e-13 0.437254
13.1097 0.000725918 0.00977555 5.06101e-09 3.73587e-29
14.1093 1.15154e-58 1.28935e-18 6.94567e-17 4.63796e-45
13.7621 7.16876e-11 2.41239e-28 1.64783e-47 6.35676e-21
14.2866 8.60994e-05 6.42759e-06 2.133 0.00742218
14.3794 9.08783e-72 5.07299e-14 2.8432e-33 1.46214e-05
13.2548 0.000192332 3.19459e-05 1.56232e-57 6.14024e-62
14.528 2.43086e-08 6.02546e-19 2.02543e-11 5.17512e-48
13.9662 0.00619491 4.79891e-08 4.9864e-07 4.45885e-07
12.5097 9.82467e-28 1.56318e-28 5.77484e-16 1.32097e-06
15.863 1.06447e-15 3.4866e-16 5.28392e-13 0.102652
12.2184 5.50352e-18 0.000872808 4.87974e-27 1.07462e-06
12.3084 0.000122215 1.57219e-58 4.26842e-08 1.35022e-13
14.6027 1.93789e-34 3.77319e-51 1.11191e-05 2.60999e-131
14.275 2.04775e-41 1.15648e-34 4.93919e-06 3.35108e-13
13.878 6.5816e-39 7.91286e-41 8.07448e-05 1.15205e-14
13.6984 0.380583 6.54267e-14 2.76742e-64 6.01912e-20
14.4893 0.00207563 1.74072e-11 8.44229e-11 7.44013e-18
12.3497 3.92237e-16 4.48593e-176 4.54875e-14 3.07384e-21
4.05227 3.05726e-40 13.4031 2.45535e-07 2.82224e-19
13.4057 7.14772e-34 0.0339382 2.95659e-42 9.05699e-10
12.2693 1.55392e-104 2.5834e-21 7.66622e-20 0.0331825
12.0654 5.33652e-42 0.017682 3.05145e-44 2.32674e-10
11.8373 6.84653 3.20146e-14 5.36776e-38 2.56727e-28
13.6898 3.5699e-27 0.000346859 3.1248e-10 3.47327e-24
14.6982 1.74506e-05 0.000113794 1.92369e-84 3.67403e-08
14.9928 4.56091e-33 0.0863064 5.12981e-19 9.02483e-27
14.8438 8.39137e-16 0.414997 1.70806e-78 1.46667e-05
13.8995 2.0021e-28 2.42618e-152 4.32831e-18 2.25922e-07
14.2499 1.93673e-23 3.15527e-08 8.23821e-05 2.39398e-24
14.5255 1.58375e-08 0.125308 1.18538e-40 0.000350743
13.4975 7.32107e-12 2.36765e-15 2.92864e-29 1.03576e-13
13.7235 4.73828e-09 9.33704e-27 3.18331e-40 3.0384e-16
3.5607 1.85194e-10 12.6426 4.67138e-20 0.000115421
13.266 3.85619e-17 1.36817e-07 0.000274581 8.70809e-12
12.8108 1.4032e-58 7.33231e-28 1.65172e-08 0.000666276
16.638 0.0427614 0.369002 6.8178e-08 1.63822e-06
13.5181 3.32338e-44 2.9294e-14 5.532e-11 1.81142e-08
15.1783 1.31528e-33 4.09161e-05 5.80023e-18 6.02592e-29
14.5454 0.538232 8.94863e-06 1.7727e-44 0.00104271
13.9138 1.65681e-05 8.02232e-94 1.27854e-17 8.6708e-10
12.9574 0.00624872 0.000426914 7.37499e-28 5.21259e-13
14.3216 3.09535e-40 6.3785e-41 4.9214e-08 0.187182
12.2493 1.65621e-18 7.37081e-13 2.72511e-27 0.0022294
15.4438 1.79395e-05 5.30434e-13 1.38193e-33 2.10438e-14
15.375 3.34257e-06 6.40603e-23 3.01172e-08 6.95893e-48
6.26921 7.86949e-12 13.465 1.01105e-30 4.0019e-27
13.284 3.25071e-23 1.14556e-19 1.75974e-08 3.12165e-81
8.04752 2.55424e-11 1.78398 13.0289 5.42232e-23
13.429 1.30751e-09 0.0272567 1.0163e-12 0.0227758
12.0391 3.74452e-11 4.76454e-14 4.55484e-13 1.74016e-05
12.8059 1.29595e-07 0.00382983 8.09043e-08 4.91402e-122
0.421268 4.31608e-11 1.12942e-05 14.2665 1.86082e-43
13.5041 1.27034e-30 7.40221e-08 1.07309e-08 5.26668e-16
13.9807 8.59996e-37 5.56852e-07 2.66017e-163 2.89968e-13
14.0279 5.56335e-14 6.11768e-12 8.58626e-25 6.29613e-30
14.0798 7.92408e-23 0.109986 5.20646e-33 4.14871e-23
14.2468 9.96623e-09 7.2045e-06 2.93138e-21 8.1507e-45
13.085 1.30229e-06 7.08538e-18 1.78669e-11 2.73557e-25
13.7472 1.41764e-07 0.000403183 2.29676e-10 7.09545e-34
13.6378 1.4979e-11 2.92093e-114 5.87766e-72 2.40959
14.7301 7.82975e-05 6.11261e-11 3.64866e-25 1.43601e-14
15.3562 3.53883e-11 1.53536e-27 2.57953e-14 9.3011e-06
15.1288 9.80039e-06 3.84908e-10 0.0405923 8.98531e-13
14.2141 1.72988e-15 1.51892e-18 2.05794e-14 6.54819e-05
14.2092 2.63979e-06 1.28754e-11 3.10014e-17 1.61757
12.7767 1.62207e-20 5.36715e-54 1.99182e-11 6.16208e-08
12.8481 4.56614e-18 5.86401e-05 1.40418e-12 3.78218e-22
14.2678 1.44923e-16 1.64592 2.48084e-13 2.25185e-51
16.0458 1.18182e-08 9.21342e-12 9.89222e-36 3.90268e-09
13.4758 9.33193e-17 0.000628359 0.0132958 1.15694e-16
11.5236 1.74425e-06 7.33061 2.12713e-19 1.82149e-28
12.7844 1.22865e-17 3.76057e-08 3.41717 0.000169666
12.8618 0.010252 5.42957e-10 9.23084e-41 0.0118591
3.54681 0.00397774 9.54201e-05 2.13709e-50 14.0841
14.1553 1.1726e-05 1.4043 0.000145673 4.37012e-11
13.6643 1.5116e-24 0.161121 5.01991e-34 1.26287e-38
13.897 1.11338e-09 3.74491e-12 0.152877 5.99966e-26
12.7743 0.000106209 3.49962e-64 2.37779e-40 2.26891e-45
13.4742 2.60132e-05 1.9059e-14 1.07013e-05 1.64163e-06
13.4029 1.52816e-14 0.953141 1.29705 4.8738e-63
14.4805 2.45392e-19 9.29012e-80 1.16748e-13 2.91977e-23
14.5575 6.08266e-11 1.19734e-12 2.75046e-33 2.3791e-21
15.7717 3.38069e-09 2.39525e-14 3.87162e-21 2.2569e-17
13.1733 1.5951e-10 2.53121e-26 9.5261e-47 1.25616e-11
11.3562 1.99816e-36 9.04199 2.16355e-19 3.72827e-07
13.6154 6.15483e-09 8.71028e-25 6.97973e-10 4.03221e-09
12.9082 6.79464e-16 1.49597e-167 3.74867e-51 5.23032e-44
13.586 6.98598e-09 1.35569e-05 0.478981 0.000172111
13.8185 0.00220322 1.18238e-15 1.13775e-17 2.70666e-12
9.11779 0.00931223 1.2812e-16 0.0058522 10.3503
11.9756 5.91448 6.74132e-12 8.34836e-15 9.39479e-11
13.7862 2.12868e-40 1.08717e-07 3.35257e-08 3.6948e-14
14.2048 1.8794e-11 5.50723e-21 1.91633e-52 8.71762e-26
14.7552 4.08676 0.320438 2.86996e-12 1.19073e-14
1.5251 2.86354 4.52393e-30 12.7552 8.87053e-19
13.2854 0.00423384 7.73552e-18 1.72015e-16 7.40233e-43
13.3393 6.58877e-19 1.2673e-127 2.61065e-40 6.80055e-30
12.5536 3.69073e-11 2.65158e-40 0.00627777 9.1965e-32
13.9541 1.04222e-23 2.10975e-16 0.00757189 1.62854e-12
13.7627 8.21116e-06 7.62554e-16 3.78442e-26 5.6111
13.051 2.08437e-07 2.63023e-16 1.10269e-16 6.74896e-26
0.236404 2.13451e-24 2.72247e-07 13.8503 2.90284e-05
12.803 8.814e-17 6.1669e-16 1.44362e-09 2.82352e-12
1.22463 14.5303 4.58499 2.43502e-37 5.1726e-19
14.1153 4.70238e-14 0.000863995 3.16599e-10 3.82573
13.7712 2.7988e-07 2.28759e-33 9.8343e-64 1.43079e-55
14.055 0.000187454 8.69059e-21 2.09881e-64 4.56013e-39
14.5801 1.76139e-07 1.5019e-17 4.92976e-28 1.45328e-10
16.0777 2.30536e-05 2.19359e-07 5.81495e-14 9.2553e-06
12.6026 1.16154e-38 4.22782e-05 1.28287e-11 1.34587
13.903 1.30127e-07 2.74421e-08 1.65635e-33 4.84143e-40
13.3642 2.45449e-26 0.000140027 2.63712e-22 3.21045e-41
12.9863 2.37458e-09 1.91135e-61 1.32818e-38 4.49685e-31
5.83709 12.7082 2.03672e-15 2.35151e-22 5.5039e-37
14.4996 9.3337e-19 0.00845842 4.28707e-38 7.65419e-09
13.752 4.74944e-11 0.0536047 6.65494e-06 6.23621e-62
14.061 8.81762e-12 1.10218e-16 3.20755e-10 3.91237e-25
14.0608 1.01301 7.62489e-71 9.74138e-53 2.85971e-48
14.3127 8.84216e-12 6.59053e-32 4.15968e-78 2.01193e-42
13.3711 1.19293e-54 3.70193e-18 6.22219e-19 9.46681e-48
15.1532 0.0155197 3.37932e-14 1.60443e-25 1.90628e-17
0.185229 2.58366e-57 3.14591e-06 14.4423 0.00563267
15.7285 1.88688 5.70992e-11 6.33389e-05 3.73962e-27
12.4973 7.81883e-09 4.79727e-57 0.00296082 9.97156e-61
14.7776 8.69665e-17 9.37236e-60 4.43432e-16 2.78301e-29
15.401 1.56493e-11 0.0473425 5.10265e-22 2.46791
15.1749 1.59293e-11 5.45988e-19 4.89617e-16 5.58875e-34
14.4205 1.58827e-41 1.10749e-23 0.00382805 1.89788e-09
7.74179 5.00793e-13 2.43462e-46 9.80942 1.14466e-07
12.8877 1.28731e-13 1.43405e-25 1.27636e-09 7.61048e-35
14.3703 0.64796 3.72507e-21 1.84451e-131 5.12156e-19
13.3926 0.0356612 1.23898e-71 0.00187207 1.1881e-06
14.3112 1.03674e-13 0.613069 1.93475e-10 5.98253e-19
12.6024 0.00989237 7.42271e-05 0.00628852 3.80687e-18
12.2628 9.7619e-12 0.00667889 1.81344e-11 2.06631e-63
13.7483 0.0213782 5.61038e-19 1.80528e-44 2.08386
12.6709 1.31916 7.42619e-14 1.19179e-22 6.0179e-06
14.1515 1.94102e-37 9.11463e-08 4.60857e-13 2.17573e-23
13.4179 5.26172e-11 1.936e-11 0.00860927 2.41652e-17
14.1986 9.6538e-11 3.03346e-74 1.52284e-14 4.6487e-39
13.4242 3.28932e-05 1.29049e-13 2.20073e-11 6.21798e-28
14.2064 4.74193e-07 0.00695477 1.51457e-26 0.0754153
13.7562 1.12789e-12 1.0108e-12 3.19528e-15 6.91477e-16
14.4341 4.72956e-12 2.9638e-26 4.25928e-28 0.000233777
14.5343 1.5272e-05 1.17736e-13 1.09913e-50 4.18513e-29
13.5202 4.58065e-16 0.00160556 2.16001e-11 3.57432e-14
12.2319 1.25474e-08 3.79566 1.26342e-38 1.00351e-07
14.139 4.80698 1.01901e-10 0.27823 8.92466e-53
14.2148 6.68746e-28 9.8773e-09 6.03912e-08 3.52853e-12
14.3217 5.20287e-19 1.51492e-38 0.0840101 1.88575e-09
11.7972 7.57749e-05 7.18253e-27 0.000144099 4.58849
13.947 1.16562e-05 1.46502e-08 1.80441e-29 1.3435e-43
14.5492 4.78886e-08 5.50123e-24 1.22892e-15 4.02693e-15
14.444 3.76889e-11 3.51033e-65 0.00103905 0.00280231
13.0354 8.68593e-05 8.27989e-30 0.00855751 3.31105e-09
15.1151 4.91464e-41 0.0413183 1.20247e-37 1.6953e-09
12.2919 1.29906 3.27122e-06 2.79112e-10 4.53457e-79
16.9044 2.11002e-38 1.35383e-27 7.27955e-13 2.57145e-07
12.8005 5.20081e-14 4.88137e-30 2.06149e-31 8.1004e-05
13.3092 2.81892e-14 1.96319e-16 1.85841e-09 3.78717e-15
14.3297 4.04034e-22 1.69515e-14 1.62731e-43 1.18015e-33
4.41418 12.3816 8.61284e-10 4.76078e-22 0.00693097
14.2288 1.68206e-46 1.09491e-34 9.14892e-21 2.507e-05
11.208 7.64598e-24 6.66555 0.00184607 1.98514e-63
14.9716 0.000348092 7.1206e-48 3.36871e-07 3.46503e-11
13.4487 3.24981e-08 0.948596 1.0892e-21 3.98879e-09
14.2003 0.000103797 0.0584669 3.0814e-18 6.6243e-08
14.0566 1.25294e-20 1.58718e-05 3.00564e-12 1.39438e-05
12.6318 2.42428e-48 6.65729e-37 1.94051e-51 5.49355e-43
16.0452 1.13621e-07 1.81643e-11 5.89011e-15 2.58641e-70
14.953 6.99682e-11 0.213983 0.00483534 4.3124e-33
13.5584 2.89549e-44 8.47912e-07 4.57235e-40 7.42125e-49
12.8283 2.96127 1.67765 1.21678e-54 2.29466e-52
12.7484 6.94954e-06 0.512199 8.16791e-25 0.000937693
14.2044 4.98415e-15 1.10465e-22 1.02229e-12 6.21851e-06
14.1826 1.04771e-15 0.00154629 1.1309e-14 1.2805e-40
14.5933 2.03338 0.0234193 5.11925e-22 2.49342e-10
14.6119 6.3038e-12 2.87005e-36 3.22347e-31 7.90793e-36
13.6747 0.0104873 0.00693251 1.75182 2.72467e-24
14.2664 8.99857e-15 1.67746e-22 3.45421e-08 4.28881e-25
14.0485 3.03503e-26 0.729182 5.51063e-08 0.056571
14.7075 3.15175e-07 5.65472e-10 5.60922e-26 1.79241e-11
13.937 0.0274751 1.27615e-69 2.52277e-104 1.14478e-09
14.9895 2.58601e-33 0.441476 1.16297e-46 1.15976e-30
12.306 7.1824e-08 4.86261e-13 1.14318e-12 1.09987e-104
15.0908 0.0205647 3.81685e-14 2.64633e-05 1.72356e-06
11.1452 1.05205e-07 1.0821e-43 2.86986e-20 7.3875e-24
4.04774 12.4091 3.76711e-36 6.42291e-09 1.87803e-12
10.9274 1.64652 5.38843 6.80445e-31 3.3356e-20
14.1564 1.32152 1.41382e-29 6.13521e-300 1.29955e-05
12.6936 4.69451e-68 0.00970243 8.30077e-31 6.08098e-41
14.7462 4.58201e-14 2.96238e-35 7.30983e-70 2.64039e-09
12.8513 3.37689e-09 0.0822604 0.0113265 2.48353e-51
3.697 1.08575e-39 1.11336e-13 13.778 1.33382e-13
12.3503 1.52994e-07 7.34041e-19 0.753733 7.30666e-09
12.3278 3.95274e-15 3.61325e-26 1.88617e-25 1.14824e-48
15.2448 3.73761e-27 2.6189e-10 2.2337e-34 2.11491e-55
15.0735 4.77215 0.0782567 1.0533e-13 2.94015e-51
12.7382 5.20672e-13 2.26736e-22 7.02765e-48 1.45406e-17
13.4951 9.14546e-11 2.15851e-14 6.26082e-30 2.48325e-12
14.4764 3.64945e-23 4.61713e-14 9.88395e-27 0.0155607
13.5665 1.39604e-08 1.60178e-08 4.71187e-26 6.31882e-15
13.6836 0.0822344 0.00077314 5.47971e-22 0.400834
15.5994 1.97317e-08 2.39963e-10 3.66548e-29 9.84296e-14
15.7718 8.49766e-06 0.00162304 0.012338 1.16666e-28
12.4903 5.74258e-08 2.04148e-54 1.80703e-42 9.14081e-12
10.2071 5.13516e-05 7.47581 2.15679e-37 2.64017e-14
14.1168 6.71431e-28 7.84157e-08 3.66231e-12 5.84461e-11
13.8568 0.0146734 2.31128e-05 7.07354e-25 7.42989e-18
15.3991 0.254684 9.69716e-27 7.83353e-14 1.22688e-26
13.8698 5.71784e-31 3.86971e-50 4.0334e-21 4.9442e-12
13.9061 0.393311 2.5976e-18 8.54598e-16 2.88443e-27
7.87431 11.3484 2.13945e-51 1.2518e-26 1.3402e-13
15.3201 2.12759e-10 3.73298e-19 4.28006e-16 3.06482e-28
