198 2.60817
0.000973501 0.00105139 0.00110572 0.00142135 1.60228
0.167371 0.208165 0.854788 2.72944 0.00888514
0.156483 0.211583 0.645288 1.93716 1.14952
0.208621 0.0618167 0.740977 2.61844 1.05236
0.554693 0.26125 0.461856 1.76698 0.278829
0.170121 0.197714 0.713305 2.26063 0.530751
0.68726 0.239197 0.262569 2.48501 0.262083
0.24557 0.263879 0.514063 0.449655 1.44697
0.235007 0.258085 0.681352 2.12947 0.272898
0.154743 0.213794 0.35825 0.365887 1.51801
0.277766 0.186723 0.769862 1.84356 0.628318
0.206671 0.190524 0.754597 2.84796 5.17545e-05
0.489298 0.311754 0.567525 2.10104 0.0699213
0.2442 0.0837402 0.75087 2.32545 0.221595
0.451563 0.253605 0.930499 1.59127 0.379842
0.441539 0.390266 0.837923 0.859657 1.05164
0.545162 0.329119 0.381171 1.5646 0.974315
0.392688 0.163651 0.695738 1.89169 0.220215
0.440965 0.240715 0.823649 1.81962 0.0291455
0.328275 0.239236 0.931772 1.19369 1.23323
0.733761 0.522392 1.0457 1.11047 0.554182
0.352162 0.212938 0.782468 1.60341 0.941358
0.438204 0.39421 0.990989 0.739775 1.10378
0.758249 0.220061 0.33549 2.8073 0.0210302
0.0845444 0.0928402 0.139747 0.134082 1.55431
0.425566 0.203224 0.647851 2.39086 0.0153024
0.000209672 0.000205636 0.000375958 0.000279305 1.84007
0.0823252 0.0854634 0.0791827 0.119947 1.56434
0.0695424 0.0663962 0.127861 0.0941179 1.57532
0.420555 0.199196 0.754031 0.972894 1.35174
0.216251 0.22862 0.916796 2.33783 0.0279494
0.368524 0.126971 0.716546 2.31382 0.0267905
0.39072 0.115808 0.66897 2.61914 0.246651
0.554698 0.324599 1.01227 1.66983 0.0223433
0.441184 0.326979 0.522001 1.30364 1.28167
0.635441 0.356199 0.322394 2.33425 0.477193
0.422521 0.425655 0.690436 1.55796 0.74018
0.332946 0.301276 0.723882 0.503657 1.42113
0.331541 0.137037 0.931992 2.02452 0.234778
0.33623 0.135476 0.963486 2.10473 0.117624
0.557194 0.389527 0.46102 0.689573 1.37035
0.261058 0.0841558 0.852827 2.43027 0.064244
0.633162 0.312466 0.686924 1.72434 0.0166644
0.148342 0.146812 0.132573 0.178349 1.55104
5.53156e-05 6.2595e-05 8.03064e-05 8.90049e-05 2.21186
0.250352 0.0854173 0.731622 2.04457 1.37072
0.499458 0.313161 0.621107 1.67165 0.470645
0.260459 0.0824828 0.812409 2.46589 0.103009
0.641596 0.203906 0.47747 2.55804 0.55376
0.675719 0.362259 0.312344 2.17904 0.356051
0.281304 0.143243 0.982227 2.3237 0.01722
0.756038 0.345275 0.339288 1.8967 0.51495
0.813267 0.350231 1.13935 1.34 0.391807
0.829285 0.434018 1.56449 1.04661 0.0655577
0.0681462 0.267889 0.85465 4.26523 1.49436
0.609263 0.241771 1.58382 1.7861 0.010702
0.577931 0.632571 0.30984 3.69619 1.04358
0.670223 0.242658 2.06522 1.25139 0.138234
0.206671 0.190524 0.754597 2.84796 5.17545e-05
3.36118e-06 3.10275e-06 9.12685e-06 9.25502e-06 2.96232
3.36118e-06 3.10275e-06 9.12685e-06 9.25502e-06 2.96232
3.36118e-06 3.10275e-06 9.12685e-06 9.25502e-06 2.96232
3.36118e-06 3.10275e-06 9.12685e-06 9.25502e-06 2.96232
0.0992214 0.196879 0.330012 0.151655 2.93068
0.665667 0.58934 1.38067 2.44964 1.20466
0.262001 0.402659 0.1913 0.505016 3.60636
0.212284 0.216526 0.0930962 0.285154 3.36582
0.191556 0.313532 0.844991 0.694325 3.64619
0.0119045 0.0212369 0.0254527 0.0428853 2.80441
0.351134 0.145063 1.12171 2.76243 1.67852
1.46811 0.481393 1.29699 1.23476 2.95491
0.238967 0.378055 0.435253 0.51357 2.77115
0.670683 1.02076 1.34953 2.0658 1.89861
0.0320787 0.100118 0.0306557 0.0839686 3.2447
0.42076 0.371329 0.445179 0.664498 3.49562
0.84593 0.748447 0.610033 1.29788 2.72
0.343507 0.375462 0.285434 0.442965 2.84697
0.385493 0.163542 0.415595 0.93397 3.05721
0.221134 0.275143 0.503029 0.567679 3.78099
0.386715 0.417633 1.00119 1.48166 2.33429
0.327135 0.285638 0.934167 3.68341 1.63193
1.02911 0.860772 0.607695 1.37229 2.2391
0.333731 0.454393 0.213814 1.04138 2.96912
0.885716 0.60672 1.36333 1.20068 2.73923
0.236387 0.252357 1.72848 3.56803 0.0477188
0.565628 0.336235 0.500963 0.983169 2.97963
0.631835 1.47529 0.914562 1.06639 2.25255
1.70123 0.45744 1.43005 2.13574 1.49395
0.244903 0.898334 0.283619 1.61391 3.71105
0.419786 0.435758 0.536496 0.752648 2.9231
0.206684 0.0885839 0.0662536 0.17976 3.33441
0.249642 0.131454 0.166039 0.474085 3.53353
0.871269 0.357412 1.42128 2.39201 1.58415
0.248149 0.479678 0.316769 0.349147 2.48695
0.454016 0.824521 1.95757 2.1693 1.21523
1.33061 0.627564 1.82986 1.17676 2.92917
0.136032 0.203878 0.506609 0.82375 3.38652
0.74534 1.5187 1.2302 1.27504 2.47423
0.198094 0.181843 0.26268 0.27433 2.42227
0.0788496 0.301574 0.120226 0.354118 3.21101
0.128524 0.148321 0.192164 0.311797 3.02375
0.30108 0.579158 0.278305 0.906536 3.37222
0.78457 0.58168 2.34849 1.87034 1.98033
0.72989 1.42844 0.566291 1.36305 2.90119
0.572538 0.555874 1.07045 3.05832 0.771469
0.667945 2.79418 1.56922 0.925145 0.546288
0.676413 0.548604 0.824324 3.94989 1.1905
0.524591 0.666547 2.70112 0.986423 1.49798
0.0700508 0.332243 0.0838336 0.869992 3.74975
0.113544 0.163215 0.170795 0.0664733 3.69581
0.27196 0.392057 0.332966 0.425632 3.49798
0.0886602 0.0301531 0.0544174 0.292158 3.84479
1.15489 1.17442 1.12162 2.27705 2.70703
1.00486 0.878039 0.58926 0.624903 3.06164
0.87447 1.00866 1.53156 1.93655 1.78457
0.450365 0.229062 0.298007 0.664847 3.29671
0.531458 0.791614 1.18856 0.663067 2.53574
0.583612 0.626499 1.2408 1.04056 2.85424
0.00614946 0.00788686 0.0232278 0.0474581 3.26107
1.30914 0.391347 1.99044 2.31985 2.17049
0.00111862 0.00314723 0.00389513 0.00141831 3.0111
0.143652 0.575199 0.575245 2.27907 2.41307
0.0391748 0.0965696 0.0689179 0.114626 3.04417
0.477706 1.07822 1.3648 2.42288 2.21822
0.467239 0.205157 0.465961 0.266201 2.66953
0.273498 0.6208 0.30321 0.619703 3.22138
0.318809 0.881451 0.487977 0.358739 2.78367
0.500703 0.640084 0.614849 0.966997 3.24587
1.67302 1.40065 1.37974 1.93685 2.02014
0.317319 0.336967 0.353809 0.225381 3.16147
0.701298 0.531271 0.420347 1.51537 2.10492
1.16627 0.669906 1.29373 0.560103 2.89525
0.640804 0.411853 0.547966 0.471487 3.8912
0.0988814 0.255729 0.109408 0.338606 2.64508
0.252005 0.230018 0.0920202 0.194207 3.21407
0.0673509 0.0529342 0.420184 0.151082 3.9454
0.145205 0.0466655 0.0969647 0.0833397 3.60199
0.529502 1.00222 0.422065 0.430557 3.48693
0.132619 0.116546 0.0867929 0.187044 2.96246
0.17 0.342313 0.715403 0.434929 2.64568
0.228218 0.217454 0.862785 3.53311 0.422541
0.589895 0.432386 0.567687 0.323858 2.63807
0.0216755 0.0371194 0.0108609 0.023387 3.57841
0.816498 1.41857 1.23157 3.56343 0.862681
0.485905 0.455947 0.476774 0.697109 2.57914
1.69512 0.857197 0.71377 1.25387 2.17573
0.0198671 0.0279328 0.018358 0.0271585 3.1826
0.297835 0.507924 2.42198 2.11694 0.665346
0.168605 0.460173 0.375554 0.312527 3.19218
0.881692 0.378965 0.347255 0.531398 3.11247
0.755875 0.474968 0.915956 1.57186 2.17127
0.70878 0.670829 0.605058 1.05773 3.778
0.706564 0.857624 1.50211 0.58928 2.97442
0.0836271 0.12553 0.05666 0.144457 3.28027
0.499517 0.634543 1.481 1.04746 2.70593
0.358661 0.228627 0.264115 0.573831 4.17207
0.160156 0.117842 0.170929 0.43309 3.39611
0.253972 0.279585 0.262722 0.466808 2.38047
0.285603 0.148645 0.257573 0.210304 2.86053
0.23888 0.349297 0.715471 0.255188 3.48609
0.743329 0.836928 0.251536 0.269583 3.51313
1.65084 1.1749 1.05665 1.93556 2.43568
1.22452 1.10178 1.36949 1.31588 2.58949
0.481025 0.448688 0.451757 2.23095 2.50832
0.729061 0.349457 0.22935 2.19926 2.19371
0.181524 0.199542 0.227492 0.168807 3.28676
0.415418 0.396712 0.758243 0.865247 2.3117
1.03089 0.598901 0.778186 0.846613 2.52652
0.52803 0.223596 0.226135 0.962376 2.71798
0.0686832 0.0362176 0.0566816 0.156195 3.29709
0.587829 0.52068 2.0422 3.30393 0.35785
0.755613 1.63607 1.05405 1.90913 2.26685
0.506531 0.411799 0.968552 1.3758 2.4038
0.0134836 0.0114441 0.00999441 0.0261667 2.94419
1.49647 1.17087 0.574865 1.75193 1.57961
0.318843 0.35568 0.483306 0.354385 3.07168
0.263564 0.33658 0.922534 0.476038 3.60549
0.230061 0.253817 0.574193 0.520141 3.13666
0.256605 0.370714 0.914534 3.66661 0.11657
0.0317012 0.0525141 0.0343165 0.0490039 3.3171
0.636552 0.671483 1.47914 1.81136 1.74319
0.0617856 0.0841736 0.321865 0.107897 3.65269
0.663159 0.655293 0.891345 2.37349 2.98213
0.185587 0.182332 0.318144 0.794102 2.90913
0.131077 0.195842 0.176472 0.204378 3.60332
0.933326 1.21323 0.507994 1.1184 2.50156
1.13163 1.01026 1.14513 0.792144 2.66276
0.458468 0.57982 1.09953 1.81525 3.64586
0.41432 0.415894 0.260046 0.235573 3.67288
0.847541 0.627592 1.0626 1.67523 2.42527
0.153984 0.233574 0.249614 0.445567 3.34502
0.180763 0.525867 0.326549 0.281827 3.16592
1.19986 0.351368 0.321278 0.883319 3.36031
0.0839873 0.0483095 0.0461511 0.101472 2.9959
0.604863 0.305776 0.881789 3.51834 0.467298
0.118022 0.055698 0.0598153 0.0540292 3.62531
0.583823 1.0296 0.361908 1.70896 2.83307
0.138337 0.0533188 0.274153 0.133348 3.4878
0.287523 0.372963 1.79462 3.83516 0.342109
1.26934 1.77657 0.679999 1.22384 1.71927
0.145078 0.115299 0.106234 0.411378 2.55978
0.661619 0.706682 0.728019 1.46933 3.00273
0.343156 0.911453 1.06145 1.30951 2.17656
0.240778 0.120334 0.669473 0.490711 2.74102
0.436963 0.807374 0.817049 0.952042 2.55176
0.585787 0.537419 0.696792 3.06289 1.38645
0.467435 0.407111 1.15546 2.4938 0.115423
0.220502 0.273376 0.819007 3.60508 1.06262
0.527449 1.1249 1.54608 3.54421 0.947457
1.45725 2.70076 0.830781 1.29359 0.581618
0.343531 0.783998 0.302406 1.47402 2.6241
0.127919 0.172356 0.099113 0.243798 2.07403
1.36604 1.8356 0.682929 1.24508 2.84883
1.33739 1.07202 0.555797 0.705103 2.31128
0.841782 1.07534 1.48873 1.11542 2.81377
0.514325 0.392789 0.600481 0.630577 2.64081
0.623333 1.13597 0.380395 0.467914 3.4624
0.310292 0.624787 0.838218 2.29035 2.77053
0.11448 0.22547 0.141482 0.545156 3.36897
0.391856 0.413234 0.243315 0.558306 3.29485
0.532222 0.334102 0.966808 2.91474 1.54965
0.699609 1.00444 1.12438 0.999252 3.07275
1.58136 1.04783 1.74776 1.52998 1.83483
0.147624 0.187837 0.732793 4.00053 1.52801
0.112285 0.25469 0.0858252 0.139701 3.19239
0.616159 1.16903 0.868318 1.30748 2.66571
0.35577 0.413091 0.175446 0.304716 3.6435
0.35485 0.336458 0.407891 0.214119 3.47055
0.240411 0.515388 0.294264 0.167882 4.26109
0.129814 0.133132 0.164551 0.139113 3.72183
0.410452 0.596702 0.613351 0.984141 2.89055
0.133582 0.283838 0.154391 0.565565 3.37749
0.673819 0.669841 0.814826 0.903347 3.23578
0.469514 0.822788 1.71532 2.85875 2.56227
0.332299 0.643959 2.69152 2.6535 0.974281
1.0436 1.86713 0.507827 2.69964 0.253237
0.116657 0.105276 0.189237 0.355536 2.96143
0.21075 0.457978 0.874947 0.513728 2.84366
2.4959 1.90632 1.0564 1.15846 1.80646
0.0808111 0.269216 0.625815 1.01402 3.03312
0.0973746 0.149966 0.16667 0.385906 3.0619
0.0382489 0.0463478 0.0241381 0.0394136 3.8279
0.139241 0.198465 0.0713057 0.0956633 3.33972
0.872614 0.790152 2.59878 3.33433 1.74514
0.274108 0.634192 0.696802 3.38941 1.288
0.313808 0.3051 0.295348 0.344622 3.3771
0.106141 0.088304 0.114209 0.142981 3.11876
0.232796 0.736158 1.38937 3.04858 1.77077
0.365723 1.10638 1.14957 2.7484 0.632087
0.0991149 0.24178 0.455982 0.536214 3.5273
0.233796 0.416222 0.684618 2.90809 1.484
0.904166 0.920979 1.38119 0.852903 2.13929
0.342515 0.357558 0.810719 2.86867 0.394925
0.148091 0.199027 0.167255 0.441913 3.088
0.386686 0.330557 0.828762 3.55661 0.52693
0.630119 0.174224 0.214765 0.492072 3.22829
0.628343 0.96162 1.21728 2.19388 1.573
0.604602 0.365941 0.722601 0.856774 3.20468
0.413425 1.39731 1.33307 1.18193 2.12541
0.438112 1.79286 1.02594 0.895442 3.04497
0.0374045 0.0708747 0.0490579 0.0552982 3.15967
0.58589 0.425875 1.57224 2.22973 1.1906
0.411923 0.209858 0.636614 0.672174 3.27388
0.805111 1.36494 0.44492 3.86198 0.796935
0.079071 0.189059 0.192773 0.741178 3.39702
0.944471 0.596403 0.678124 0.765412 3.15916
1.17936 1.16701 1.61712 1.72944 1.73557
2.29999 1.17995 1.42619 0.836166 1.5977
0.376031 0.390993 0.940339 1.09639 2.88051
0.569814 0.827868 0.53873 0.680113 3.39991
0.0360651 0.0917171 0.131268 0.0963359 3.12666
0.20367 0.519731 0.506644 0.477211 2.93795
0.358699 0.417713 0.176864 0.468245 3.07874
0.649797 0.821818 0.616743 0.630388 3.27124
0.198437 0.329564 0.585175 0.184795 3.01491
1.0634 1.82176 0.589252 1.35779 2.63223
0.0181563 0.025913 0.0308968 0.0508875 2.69566
0.160811 0.23852 0.210907 1.44178 3.50119
0.169964 0.366409 1.31545 4.04662 0.589958
1.18246 1.29639 0.578377 0.988803 2.73455
0.378055 0.247618 0.544344 1.146 2.97913
0.736056 0.257113 0.42411 0.696027 3.00383
1.62413 1.8831 1.32536 1.57475 0.565364
0.38 0.451496 1.46885 1.42542 3.26226
0.691215 0.506279 0.884551 0.640392 2.46572
0.0331489 0.084743 0.0291516 0.0511177 3.01102
0.594696 0.517049 2.10687 2.46687 1.70452
0.399323 0.429429 0.541679 0.390048 3.39681
0.278653 0.471457 1.67222 3.30626 1.15355
0.124413 0.24261 0.621387 0.337235 2.82186
1.05162 1.95153 2.2734 1.38939 0.770933
0.413209 0.827462 0.439255 2.33526 2.06333
0.754151 1.8402 1.30189 0.930575 2.64439
0.265308 0.609699 0.396346 0.741524 3.25611
0.813408 1.3338 1.61271 2.8346 1.44011
0.24315 0.175436 0.419082 0.289252 3.26857
0.470483 0.197849 0.591946 2.71937 3.29854
0.720944 1.31785 0.712514 1.25131 2.31381
1.82662 0.936936 0.602129 1.2134 2.22151
0.405787 0.802818 2.19908 2.9573 0.605763
