1351 90.0329
1219.04 836.61 521.575 1163.75 186.068
1065.63 1158.31 1805.04 14.1913 248.662
76.5174 374.484 1.16791 14.4773 3267.96
23.2481 955.923 813.555 6.19664 2245.29
921.728 1212.01 328.5 2156.86 0.0126548
1100.8 1019.68 35.1477 0.514689 2223.13
395.027 61.904 123.299 3058.19 103.731
1151.71 1510.27 27.4805 334.531 1292.9
941.226 1566.14 1286.09 274.033 259.764
495.501 1136.29 1729.78 843.028 29.3411
1507.06 84.0695 912.572 78.8122 1390.77
74.4749 674.888 1087.94 2336.49 16.2601
89.4676 212.847 936.328 339.615 2031.42
425.795 597.527 2368.54 729.498 14.2663
16.7389 254.768 1313.96 1886.36 350.235
1769.38 52.5155 138.798 1543.64 824.729
876.597 0.723007 477.243 2697.06 87.348
743.379 259.028 1620.78 1804.64 2.33241
330.865 721.916 0.00722812 1405.55 1728.81
774.06 746.181 404.962 727.591 1314.4
7.98688 1.07957 9.73604 0.32304 3890.62
1.28787 1167.66 1950.41 274.78 629.968
2597.32 453.997 771.257 472.461 185.382
1433.4 702.68 210.659 1694.33 270.47
16.7572 1004.03 310.018 2603.13 165.322
1978.38 2.48395 2198.13 98.714 299.232
3.55046 5.47353 554.856 1469.48 1701.63
27.9775 517.249 2.83876 1060.52 2428.09
4.93159 140.649 15.7265 2399.68 1525.96
2557.48 1607.55 339.792 176.351 346.988
1195.11 1440.2 363.399 13.0623 1379.46
1569.25 50.1603 2092.17 5.43781 945.059
1448.34 303.29 2727.78 312.353 5.76384
24.276 1215.24 1678.86 153.574 1085.75
0.30698 12.7826 1733.64 949.423 1441.24
4.17915 2.39066 0.105294 3480.89 889.303
0.516905 1864.73 1363.58 564.699 637.271
41.9988 15.7623 51.3605 3296.61 475.065
1277.4 104.617 744.264 1322.42 699.112
1.36376 13.3986 2343.24 1377.1 434.927
1758.47 1142.35 138.423 607.073 1012.31
6.37277 52.5732 2818.36 1421.72 113.578
1310.81 526.776 649.757 31.1116 1689.12
1.15642 641.864 62.473 3618.53 84.8893
1649.33 27.2444 424.789 57.5413 2498.64
2840.35 85.6585 10.336 986.83 804.547
450.919 2678.56 51.2141 1274.57 718.434
68.9905 1634.79 275.017 1898.72 584.659
2.75753 0.494502 940.389 36.6799 3339.03
383.559 1455.76 1709.54 35.567 1342.89
542.629 17.9129 1810.53 176.634 1896.51
1771.54 71.6763 1863.6 315.129 751.893
2400.24 17.9532 312.61 526.677 1880.88
404.857 1378.95 676.451 711.585 1430.2
699.387 5.98801 1800.3 26.2469 2345.4
63.3768 5.67065 2327.04 2902.23 9.61807
181.703 1279.84 127.435 897.991 2250.8
2110.34 163.526 1237.43 1118.54 391.63
921.728 1212.01 328.5 2156.86 0.0126548
22.1708 1.21223 17.652 8.04794e-05 5307.47
8.44574 22.6795 0.0016577 374.844 5157.76
0.0161412 9.47528e-07 0.0331202 4364.08 975.32
2.59728e-05 0.00902495 1.67698 98.1163 4953.36
908.852 1171.93 1121.06 305.424 1164.77
55.6792 88.5435 198.571 2397.69 1821.96
358.598 130.991 306.666 2303.56 1514.34
1721.44 203.444 1210.79 810.278 1036.68
39.1673 317.239 38.9119 4.54966 5189.94
533.945 215.02 1569.85 65.1644 2444.97
221.828 108.699 113.368 764.128 4439.08
611.708 96.0444 2389.44 498.121 1037.45
0.992134 1.95614 29.7366 849.635 4464.97
655.411 198.445 166.561 2568.34 1819.88
449.344 882.244 441.302 2836.11 269.653
42.7051 1112.9 2649.76 750.774 317.592
1136.72 601.282 663.16 2432.5 1316.84
335.747 1382.9 1681.88 85.271 2197.83
1263.16 28.0984 574.047 240.849 2458.51
316.14 506.287 365.15 1440.46 2571.65
1167.26 0.7547 18.8197 499.478 3878.47
1236.82 83.7617 1262.03 1157.2 1208.4
326.223 530.548 976.474 1285.09 2071.34
1039.81 2937.74 471.266 396.674 143.352
1167.26 489.164 81.6685 1518.49 1570.28
948.573 915.068 1049.78 1196.8 909.477
570.606 792.555 565.1 1981.91 1136.27
228.989 243.204 174.232 1643.1 2476.18
25.1232 30.037 105.098 147.136 5475.06
765.505 189.878 422.049 1869.11 1834.66
91.1234 581.987 2927.19 992.571 450.288
1133.58 2546.24 34.8845 780.936 835.089
397.136 441.688 499.163 2269.22 1825.66
127.785 120.697 64.7657 2128.48 2015.07
64.2694 252.095 40.0578 2471.43 2029.92
171.623 796.282 683.251 6.52918 3494.65
927.548 151.051 1447.12 1564.82 1154.12
1615.19 1409.77 227.794 1759.84 305.704
162.124 2274.24 1348.44 576.135 722.846
6.02874 34.9215 2220.23 850.041 2085.64
9.17413 1.84735 553.005 2336.37 2372.85
1238.3 1164.22 493.45 1253.9 555.526
3002.75 252.162 1282.97 301.132 383.985
134.161 1085.25 670.755 2497.08 1178.68
54.7006 19.2371 984.228 2117.87 1285.55
453.287 53.8909 280.03 2557.75 2112.5
259.518 965.124 724.342 2582.84 540.832
520.948 602.498 1829.98 559.742 1438.62
539.042 162.918 118.405 2619.59 1584
500.993 223.25 3263.24 92.1253 1717.23
1428.9 245.062 1410.45 1238.9 751.088
764.326 469.487 1211.69 779.173 2099.25
1152.04 833.232 1285.19 1202.25 862.119
315.831 448.995 1100.33 655.142 2432.24
368.515 189.507 660.922 782.249 3245.4
602.304 309.996 1458.38 456.772 2360.19
807.989 215.811 1183.06 121.546 3363.11
34.4097 626.08 132.825 1093.88 3553.46
1206.76 364.227 1421.92 1428.8 1095.11
86.5863 266.581 885.642 3871.69 58.5586
128.481 369.825 692.042 2514.16 1841.18
839.857 388.548 1219.04 452.657 2134.6
622.659 303.413 602.005 224.825 3929
9.03479 4.78961 13.5462 132.653 5048.39
435.452 1093.48 1320.12 351.64 1463.53
439.355 279.506 800.417 497.788 3633.57
627.129 722.266 185.244 1550.73 1757.47
816.132 529.059 572.63 1730.44 1899.01
52.5861 514.798 354.82 1318.58 2667.96
717.216 119.88 1645.6 577.227 2170.32
35.3124 1544.73 1551.74 1261.22 938.64
833.247 384.941 1329.62 519.734 2176.74
755.042 46.4082 101.893 3443.8 1201.47
328.599 132.037 1282.16 2397.17 1211.08
1122.41 1047.81 1012.15 1981.07 340.255
0.238419 7.87456 231.953 131.042 5132.62
132.584 224.103 410.414 2164.38 2217.37
425.919 341.665 29.4247 1627.15 2531.44
1350.89 281.801 1195.36 1675.95 172.953
943.41 115.232 1196.8 1877.06 891.391
1128.32 2114.4 51.319 986.451 695.976
164.348 340.63 282.47 1926.81 2255.71
102.049 19.4358 24.1963 366.82 4472.46
227.877 949.799 593.023 2447.06 502.407
70.958 55.9964 924.435 4143.1 726.203
264.721 326.154 120.422 2325.47 2143.46
811.746 99.8521 734.244 2655.53 814.825
219.888 607.47 211.531 821.1 3545.52
398.235 1319.24 894.268 701.392 1639.53
1066.76 340.661 982.409 1164.41 1180.28
1074.16 1525.6 333.483 650.443 1423.23
353.897 115.584 93.7157 3400.06 1711.04
71.1534 634.24 3640.42 1350.21 137.144
165.823 97.0402 42.6398 3419.96 1378.15
74.4936 650.679 3120.25 373.447 754.128
148.024 509.436 1633.67 556.519 2317.84
95.8982 359.065 2657.63 1520.5 173.813
405.908 48.8075 80.9282 1601.38 3198.24
103.32 78.0369 187.11 853.393 4140.22
874.56 810.129 990.68 967.868 825.009
580.199 621.638 236.682 2196.57 1591.51
247.312 448.484 675.516 1205.61 1706.67
439.722 635.956 349.061 2693.83 1011.42
1016.57 770.787 252.691 1511.8 1328.26
124.458 120.731 80.999 225.581 4735.49
1657.51 243.617 788.581 1262.89 868.894
233.954 48.6057 3874.74 606.289 413.844
14.3632 284.533 169.874 3112.99 1269.58
284.441 388.047 227.2 173.264 4236.48
123.915 93.9188 38.8037 618.907 4243.85
8.4062 0.732612 74.1191 4087.83 742.774
1505.31 319.808 660.754 2658.51 240.741
539.19 193.662 481.704 1969.09 2135.95
386.506 753.383 378.838 910.603 2313.31
1224.67 146.579 62.5729 691.457 3226.03
24.7439 13.3735 78.6634 2063.76 2689.43
73.4004 377.991 281.71 296.145 3538.13
1222.92 690.776 782.602 682.39 1758.31
59.7475 82.0211 263.853 677.038 4026.23
521.725 630.323 1891.38 1139.86 761.54
523.483 106.383 304.121 2028.41 2191.88
116.623 594.267 359.168 2952.68 1581.61
613.546 1164.36 322.489 887.09 1576.87
90.0305 70.0843 698.165 95.1978 4158.48
729.669 86.9736 131.57 2596.79 2053.2
496.865 215.647 737.215 1123.64 2744.76
1.16782 3.69733 108.756 2646.91 1964.43
364.772 211.855 880.77 3302.71 381.75
1080.07 490.613 331.069 323.352 2405.53
339.183 572.284 575.448 1138.89 2702.11
526.671 106.214 228.45 3173.55 724.513
540.401 92.3999 1966 1390.1 761.913
13.6819 1186.41 3341.37 269.744 884.094
7.53938 276.842 600.319 127.928 3416.29
2997.05 213.754 1232.26 201.188 617.728
4.44497 3.93383 3.73215 148.201 4922.32
257.412 379.329 96.5988 1637.83 2822.65
173.42 3.7185 2618.23 624.305 2050.05
36.9299 38.5973 273.873 122.921 4816.51
407.071 206.782 1858.08 2744.97 107.655
37.9576 25.743 6.78547 2921.95 1822.17
4.3898 1.77716 0.320689 2895.42 2277.67
7.59549 224.146 690.325 2234.71 2091.59
26.906 29.0677 246.857 113.25 4706.81
479.848 1385.16 1596.89 228.369 1773.53
1588.81 508.454 891.806 889.532 1734.17
4.75677 960.274 971.872 2769.89 508.609
675.787 89.5553 388.036 234.286 3524.01
1232.52 1191.13 1447.18 94.2235 1381.08
1575.5 1270.92 5.80568 1478.75 1163.83
535.699 22.9086 23.4999 1449.38 2799.33
371.384 9.47706 365.851 57.2791 4058.15
1504 1029.19 779.636 688.739 1048.07
811.315 961.471 314.591 294.179 2713.93
341.281 1906.96 95.4032 2537.32 280.047
676.312 1621.39 826.585 861.383 836.425
423.624 174.672 691.9 932.356 2797.11
265.594 85.0204 216.452 3946.37 418.256
169.109 1173.01 54.7076 476.615 2791.88
1388.35 2196.33 197.889 306.371 851.28
2024.95 599.058 2040.12 531.648 166.288
438.343 471.023 590.575 2549.52 1205.01
1055.08 392.505 1242.57 463.423 1806.14
327.709 647.036 688.48 3057.08 215.131
45.2775 99.3063 309.869 105.962 4740.5
377.085 265.869 172.085 882.806 3689.42
553.972 266.36 567.275 3738.47 391.258
548.161 647.364 870.538 1197.08 1718.28
386.52 966.255 1715.18 466.605 1803.63
277.712 211.907 55.3582 50.9921 4365.56
279.039 52.0506 599.515 3791.1 692.054
295.701 93.9278 525.54 3002 1144.85
442.395 153.576 3323.56 391.187 678.558
150.815 1077.82 314.587 616.179 3019.72
296.152 122.976 328.715 3387.3 681.557
242.608 83.7775 555.212 1798.58 2105.82
1371.12 186.277 1318.48 160.852 1826.01
526.75 1274.45 593.323 2463.46 902.273
104.107 125.449 70.3704 571.744 4065.74
429.218 1680.26 742.848 1156.65 695.33
372.054 621.232 1919.65 1861.39 324.299
510.79 783.139 2186.53 1264.46 570.888
979.286 583.979 302.153 584.197 2344.46
181.874 164.737 1654.71 651.491 2792.31
151.597 14.8979 76.8911 3561.9 1617.99
924.165 1337.79 1649.35 710.201 561.047
522.245 521.112 1247.84 1669.28 1707.56
802.667 513.685 644.152 2552.17 599.543
1.97882 80.3399 12.9039 154.925 4431.25
385.481 423.934 1224.77 2281.99 291.489
1139.52 364.634 396.442 2528 381.296
40.7268 397.367 558.36 1486.33 2471.52
41.5364 623.901 410.316 1115.5 3232.11
644.554 3091.87 695.127 495.023 304.043
180.901 654.242 374.64 3587.36 181.943
23.8641 1272.39 933.845 1519.14 1509.24
140.039 73.7791 1084.38 336.017 3336.09
692.088 444.705 3304.72 400.082 255.072
955.954 678.109 930.415 2142.13 773.918
206.442 637.981 500.747 1335.16 2507.12
454.417 74.9557 870.699 365.738 2845.16
84.7105 157.205 1849.58 16.6718 3097.61
712.769 873.555 2472.91 243.998 233.347
22.0577 731.484 883.623 1930.98 1724.87
40.7999 78.5436 583.515 4468.45 44.011
796.172 168.39 1179.52 2623.71 412.575
855.299 572.511 331.403 1745.5 2074.12
1066.4 585.19 164.986 2490.42 1155.91
453.747 249.155 1536.43 1027.03 1654.46
990.025 131.679 366.551 686.548 3084.09
598.435 1853.88 1693.52 212.987 903.626
3173.79 117.042 842.721 510.208 584.128
339 348.713 772.068 2045.7 1235.07
19.5364 17.7456 25.9511 479.141 4435.34
1147.35 583.037 62.4341 3282.15 250.913
564.742 1311.25 1438.72 1441.22 348.566
18.926 171.907 46.828 1723.78 3185.88
886.089 857.857 531.439 1525.56 680.321
253.888 991.3 196.927 871.777 2469.93
338.455 187.907 887.231 1453.88 1706.16
723.899 318.506 937.174 2794.2 520.784
657.879 226.774 190.398 2092.9 2844.12
1039.25 633.885 497.426 851.401 2323.6
871.719 72.5202 1262.25 2155.74 666.799
3123.99 291.773 1209.3 342.137 294.651
43.4238 1469.73 350.241 1937.77 1538.42
388.012 687.114 333.959 1407.51 2360.13
660.709 897.502 189.356 1007.46 2131.38
35.3095 13.286 0.369123 2386.56 2510.12
12.8016 217.721 220.819 196.042 4294.12
218.322 183.668 2581.75 578.749 1691.92
333.746 713.081 1293.13 1965.47 1162.15
298.75 1528.08 1494.12 920.652 809.224
567.847 70.1976 610.853 253.592 3823.1
470.133 617.076 326.978 3740.39 132.076
120.675 730.868 2189.57 1210.08 1209.09
992.155 670.671 1327.02 1717.04 364.481
6.14123 28.4643 261.335 2728.45 2640.14
597.739 276.839 1657.32 1218.88 1416.2
648.013 1823.42 867.356 285.036 1621.69
788.712 1140.78 180.646 1120.88 1730.02
