7000 90.003
2.74181e-08 1.53121e-09 2.37251 2.52112 2.46808
4.85718e-10 1.58003e-10 2.63612 2.60496 2.80315
9.14423e-10 1.56331e-09 1.59983e-09 2.57821 2.17392
1.58131 2.12801 2.12576 1.88074e-05 2.04552
1.88893 2.41497 2.17983 2.19564 1.50611e-10
0.0268545 0.00447116 0.475675 0.60069 7.43487
0.352731 0.177553 1.12062 6.98111 3.29985
0.265625 0.213397 5.59191 5.60055 1.27512
0.0458331 0.011355 1.76932 0.111122 8.55276
3.53597 3.80822 3.20781 1.1135 8.97639
1.88253 1.19452 2.54174 6.91067 2.81063
2.05156 11.0788 2.20574 2.43765 1.06209e-10
3.17405 5.77362 4.18009 0.251772 6.47611
2.44917 1.47996 1.39449 5.54086 0.627695
2.27988 6.2259 4.08984 1.96109 0.516887
4.93208 5.52614 3.37803 5.69024 0.463864
0.109281 11.1495 1.71452 2.86787 0.0674219
0.218202 0.536176 0.0556974 10.3104 2.97368
0.381001 0.238608 0.182313 9.24514 1.96991
2.22473 3.78784 3.21831 5.21294 0.0447085
2.13626 1.13865 2.73434 2.64363 2.75989
2.8533e-10 1.55744e-10 3.09518 8.7855 0.105034
5.34611 9.55816 1.38732 2.56548 0.116606
0.347576 11.6944 0.568576 2.15494 0.236644
0.197905 0.0777658 0.706855 3.00015 2.26277
0.481853 1.17939 3.38732 3.29513 4.3857
2.13626 1.13865 2.73434 2.64363 2.75989
0.00665519 2.79878e-06 0.0487486 5.37457 10.7096
0.284667 0.439846 0.904093 0.546599 10.2103
0.0614431 0.438148 0.184425 3.09154 6.45147
1.22332 0.897837 1.27362 3.0869 1.94695
1.308 10.4163 0.284263 6.34039 0.134269
4.17091 7.44618 1.19287 3.75772 2.61329
1.784 3.88773 1.74751 4.35346 2.52629
1.86563 1.75544 0.0130955 1.51603 7.90964
0.247566 5.44967 1.78772 2.68517 4.32708
0.828861 3.26613 3.92511 1.52791 5.2761
0.0345193 0.0981646 0.0214517 0.0281527 13.5167
0.0229404 5.4805 1.69423 3.1864 1.59959
1.83164 6.36038 2.74038 0.499128 1.8723
0.163558 0.148278 0.345526 5.12724 4.79086
1.45104 0.00689734 7.93283 7.48988 4.11547
0.160232 0.288034 0.089903 10.9749 1.02188
0.158064 0.166715 0.230735 12.8077 0.0131267
3.92653 5.62846 4.61072 2.63731 2.23468e-10
0.00676167 0.023114 0.110007 0.133109 7.94554
0.000293857 0.000329702 0.000445214 0.00168845 9.25192
1.3674 0.846888 1.76663 2.42276 6.04823
0.0736651 0.0395779 0.00587391 0.0643331 11.0056
3.83018 4.3021 4.26446 1.45217 4.88054
1.87054 11.6052 3.35553 0.878797 0.109759
0.422256 0.0172613 0.270119 1.156 11.7111
4.2017 8.35112 2.38428 1.90785 2.84638
0.160232 0.288034 0.089903 10.9749 1.02188
0.273855 8.53905 5.52686 3.53142 0.586424
0.23643 0.504588 0.465601 3.93492 6.56674
1.52121 0.39934 3.00723 0.625578 7.66577
0.881152 4.16821 1.60156 6.27123 2.33016
5.34611 9.55816 1.38732 2.56548 0.116606
0.0157908 0.34317 0.00362662 8.07017 1.26506
0.00316746 0.00118391 2.71049 1.6208 4.5331
0.0711521 0.0830572 0.861455 1.41619 9.82703
0.7225 0.364603 4.33946 10.1283 0.127014
1.09017 0.442369 4.16719 4.15271 3.64013
1.77617 3.27368 2.3953 3.61326 0.937684
0.955315 12.8355 0.00315463 0.903706 0.00171715
1.17622 4.22292 5.59244 0.447723 6.31763
0.7053 1.40288 0.735294 0.0304813 6.89517
0.464006 0.243425 2.02208 4.91458 5.42564
3.90972e-05 0.00403459 0.00235354 0.00123266 8.02959
1.06153 1.92813 1.76874 4.61543 6.47286
0.00202259 0.0188964 0.000808555 15.1811 0.000539743
0.944271 1.5059 10.2762 1.45124 0.781465
1.25071 0.457384 2.69814 4.56274 4.93505
0.783069 0.547203 2.75227 3.65298 2.99286
0.620857 9.22524 4.27842 0.649541 3.33931
3.72769 3.05528 3.77193 5.14958 4.49724
0.0398612 0.024851 2.2009 0.0199278 7.94629
1.91184 9.83973 3.43255 0.108813 0.825699
4.35858e-05 0.00816467 0.00302367 12.4148 1.16206
0.158729 0.205202 0.125734 14.8854 0.00907469
0.0268545 0.00447116 0.475675 0.60069 7.43487
0.184754 0.0287756 0.0218554 0.241006 8.83479
0.218202 0.536176 0.0556974 10.3104 2.97368
0.379651 3.08155 1.28171 2.92781 8.10178
0.0936418 0.191395 0.0705713 1.02284 8.41272
0.0833482 0.745628 0.190708 6.33866 4.87325
0.655198 0.276985 10.9256 0.608045 2.17384
0.166915 0.156948 0.115561 0.475934 5.18876
0.464006 0.243425 2.02208 4.91458 5.42564
3.17405 5.77362 4.18009 0.251772 6.47611
1.09736 2.33938 3.96943 0.864076 5.36192
2.3785 3.20682 3.3756 4.11646 3.91872
1.77697 3.2856 1.97887 3.0879 7.63247
2.1539 1.79706 3.44788 1.63602 1.82837
0.265625 0.213397 5.59191 5.60055 1.27512
0.607082 2.34596 3.16033 6.84586 7.14364
0.930873 10.7139 6.10943 0.335205 2.07037
0.0621032 0.0136409 1.75188 6.6502 4.91664
0.359445 1.05758 4.70699 3.00947 5.9497
0.495637 0.0184908 6.15746 2.41979 6.11094
0.0366527 0.0223352 0.0102136 5.49304 8.17962
0.0768215 0.00228558 0.134665 7.63467 5.79397
0.149705 3.81875 5.58954 0.079788 3.48327
0.0159442 0.017285 0.151455 0.0674457 7.31679
1.84871 2.5043 1.52046 6.69406 4.65769
0.841419 0.406506 8.66756 1.43379 0.769623
3.9014 5.78361 0.902901 7.76525 0.162817
1.308 10.4163 0.284263 6.34039 0.134269
0.384588 0.466714 0.382886 4.46852 6.71417
8.42101e-14 2.68554e-11 1.13078e-11 8.79783 3.71395
4.30539 5.08808 1.02086 5.17673 0.271589
0.00100507 5.32073e-07 0.0743624 1.93537 11.7271
0.0118728 5.50787 0.763262 1.51134 4.86198
0.027285 0.175332 0.0275571 12.6042 0.0057199
0.989921 13.3404 0.000948734 0.0860521 0.0012662
1.44872 0.940398 2.05423 3.51258 6.04451
0.254248 0.369474 0.810929 4.08755 3.96984
0.00676167 0.023114 0.110007 0.133109 7.94554
3.56772 5.5989 0.307674 4.89535 1.33032
3.66696 0.641465 1.52573 2.24455 11.0695
1.28229 0.726704 9.71759 0.708209 4.48133
3.61986 1.80992 7.08209 0.00252278 3.87805
0.00123877 0.000342185 2.1404e-05 11.3531 1.08335
0.155009 0.0123837 0.230588 4.49055 5.19403
0.719358 0.503418 0.973835 11.1155 2.2068
0.00294648 0.0130678 0.470856 0.339262 11.0937
0.881152 4.16821 1.60156 6.27123 2.33016
0.0398612 0.024851 2.2009 0.0199278 7.94629
5.32433 3.59537 2.69108 3.70347 4.87235
1.11757 3.68956 2.38275 3.05413 3.68104
4.84319 6.82537 4.10434 0.999693 3.05196
4.93208 5.52614 3.37803 5.69024 0.463864
1.87054 11.6052 3.35553 0.878797 0.109759
1.52121 0.39934 3.00723 0.625578 7.66577
2.45209 3.97436 5.69343 1.46565 2.49055
0.0157908 0.34317 0.00362662 8.07017 1.26506
0.0122556 0.178278 6.89294 7.12038 1.99913
0.0279339 0.17093 0.0244116 9.55416 0.0248621
0.422256 0.0172613 0.270119 1.156 11.7111
1.91184 9.83973 3.43255 0.108813 0.825699
2.1539 1.79706 3.44788 1.63602 1.82837
0.0833482 0.745628 0.190708 6.33866 4.87325
0.133955 0.22596 0.231338 0.140225 7.39516
0.000741661 4.13456e-07 0.0520554 0.79473 9.45576
1.17622 4.22292 5.59244 0.447723 6.31763
0.287121 0.314402 1.50936 2.30237 4.26623
0.864113 0.661964 5.94083 11.1587 0.0222965
1.98935 1.49636 5.22388 0.0262333 6.46695
0.0582172 0.134598 0.0029175 12.532 0.165485
0.278881 0.956783 2.83473 1.50403 8.90314
2.14429 7.50704 1.1211 1.39253 2.62563
3.60019 4.80511 2.59231 3.28415 1.21703
0.0140216 0.681639 0.88096 0.255779 6.95798
0.00319137 1.8879e-05 2.32094 0.525463 12.5378
0.711452 0.671872 3.04003 0.108083 7.59486
0.227583 0.333191 1.83184 4.00899 7.54671
0.103917 0.120756 0.705766 1.02519 8.88722
1.16807 6.20734 0.481131 6.4221 0.385203
0.620857 9.22524 4.27842 0.649541 3.33931
4.35858e-05 0.00816467 0.00302367 12.4148 1.16206
0.391144 0.0716579 0.311162 11.3665 1.98849
0.567823 0.147613 1.98591 5.65918 6.93694
2.57761 0.0958228 10.2699 0.728352 0.678393
0.230521 0.333877 0.964698 1.45639 5.90017
1.20594 2.68556 2.52843 2.12619 3.81869
0.390488 0.277423 0.614277 8.1731 2.52547
1.83164 6.36038 2.74038 0.499128 1.8723
0.247566 5.44967 1.78772 2.68517 4.32708
0.867078 0.901816 0.838931 6.1103 4.77343
1.60679 1.82859 4.72497 0.417623 7.50604
1.22332 0.897837 1.27362 3.0869 1.94695
0.424469 0.184639 0.508074 2.48604 5.18385
1.86563 1.75544 0.0130955 1.51603 7.90964
0.0621032 0.0136409 1.75188 6.6502 4.91664
0.0756997 0.0408814 1.26305 2.75584 5.45978
0.0269903 0.0019746 1.96681 2.93339 2.07744
0.495524 11.6359 3.16609 1.58751 0.27138
0.854681 0.50868 3.57651 10.3961 0.0518254
0.166915 0.156948 0.115561 0.475934 5.18876
0.0384014 0.415173 0.01425 9.75731 1.02474
2.3785 3.20682 3.3756 4.11646 3.91872
0.287121 0.314402 1.50936 2.30237 4.26623
1.37139 5.61388 2.53639 1.29078 4.68316
4.3319 5.23275 5.72307 2.47942 4.43563
0.363534 2.23397 7.55698 2.28328 4.88581
0.48958 1.55729 1.68545 3.40125 8.38107
0.555326 0.00950066 0.995651 7.1635 6.08528
2.33418 9.98967 0.137303 5.05917 0.354012
0.0881156 0.0499003 0.314127 11.6735 0.0249101
0.0122556 0.178278 6.89294 7.12038 1.99913
4.2017 8.35112 2.38428 1.90785 2.84638
0.133955 0.22596 0.231338 0.140225 7.39516
0.0269903 0.0019746 1.96681 2.93339 2.07744
1.57524 0.977202 5.14438 4.67665 5.51102
3.53674 1.68718 9.35693 0.590597 1.65462
0.398504 0.306829 4.90201 3.80365 3.28463
0.119985 9.21765 2.84675 5.4383 0.0205593
1.43839 0.356676 5.97887 0.97462 5.45389
0.867078 0.901816 0.838931 6.1103 4.77343
2.44917 1.47996 1.39449 5.54086 0.627695
0.00772721 0.00354207 0.00427969 0.275118 11.814
2.14429 7.50704 1.1211 1.39253 2.62563
1.70372 1.53121 1.22781 1.12826 6.12084
0.0159442 0.017285 0.151455 0.0674457 7.31679
0.0279339 0.17093 0.0244116 9.55416 0.0248621
2.05156 11.0788 2.20574 2.43765 1.06209e-10
3.90972e-05 0.00403459 0.00235354 0.00123266 8.02959
8.42101e-14 2.68554e-11 1.13078e-11 8.79783 3.71395
0.490202 10.9717 1.35699 1.02017 2.7378
0.955315 12.8355 0.00315463 0.903706 0.00171715
0.0445239 0.0107195 0.211355 2.54598 4.15338
0.0936418 0.191395 0.0705713 1.02284 8.41272
0.00665519 2.79878e-06 0.0487486 5.37457 10.7096
0.143961 0.0897075 0.269774 11.1687 1.74037
1.27748 5.59965 8.96641 0.466611 0.163896
1.70372 1.53121 1.22781 1.12826 6.12084
0.385617 1.08267 1.35668 2.67346 6.34654
1.43612 1.29264 0.89528 8.46614 4.75412e-05
0.0110369 0.00732949 0.00921038 0.453455 11.0827
0.740548 5.81362 4.72297 7.4719 0.382536
1.09736 2.33938 3.96943 0.864076 5.36192
0.655198 0.276985 10.9256 0.608045 2.17384
1.22623 0.882364 0.899795 3.59511 1.0678
1.11757 3.68956 2.38275 3.05413 3.68104
0.0699067 0.0166049 0.11112 0.400109 11.7542
3.20929e-10 2.42697e-09 2.10726e-09 4.16558 4.35753
0.143961 0.0897075 0.269774 11.1687 1.74037
2.57761 0.0958228 10.2699 0.728352 0.678393
0.00772721 0.00354207 0.00427969 0.275118 11.814
0.347576 11.6944 0.568576 2.15494 0.236644
1.784 3.88773 1.74751 4.35346 2.52629
0.00202259 0.0188964 0.000808555 15.1811 0.000539743
0.218223 0.0917745 2.73393 4.74584 4.27945
0.239802 1.18563 9.70879 0.139092 3.08299
0.0229404 5.4805 1.69423 3.1864 1.59959
2.22665 2.48008 0.845339 13.8975 0.00471801
0.218223 0.0917745 2.73393 4.74584 4.27945
0.545057 0.720832 4.15835 1.34666 6.45682
0.0174974 0.0205335 0.0130908 12.9476 2.77118
0.138316 0.0655105 1.88231 1.03491 3.76695
2.45209 3.97436 5.69343 1.46565 2.49055
0.992813 0.476445 1.33118 3.4668 7.29296
0.390488 0.277423 0.614277 8.1731 2.52547
1.77697 3.2856 1.97887 3.0879 7.63247
0.138316 0.0655105 1.88231 1.03491 3.76695
0.217688 0.309675 0.154512 0.477307 7.62164
4.25248 3.06256 1.31331 5.96414 0.610784
0.656646 0.807011 1.82066 3.93651 6.13118
0.00316746 0.00118391 2.71049 1.6208 4.5331
0.00252497 0.000729107 0.0023085 2.64782 11.7748
2.28689 2.42321 1.6949 0.401474 7.92658
0.239802 1.18563 9.70879 0.139092 3.08299
3.43067 0.408017 1.02124 1.90929 7.00757
1.05831 0.47155 1.38303 0.223341 9.30184
0.158064 0.166715 0.230735 12.8077 0.0131267
2.8533e-10 1.55744e-10 3.09518 8.7855 0.105034
0.141164 0.749364 1.01962 1.63263 5.80541
0.381001 0.238608 0.182313 9.24514 1.96991
0.214252 0.463789 6.79524 2.39396 7.37944
0.481853 1.17939 3.38732 3.29513 4.3857
1.0669 2.28404 6.65419 9.52655 0.0685399
0.137056 1.85517 2.25895 4.85385 5.06179
0.401853 0.170908 0.698709 0.780675 8.87762
0.117402 0.0950513 0.625037 0.719566 6.98507
1.33994 3.61774 4.29249 7.82591 0.0544897
0.363534 2.23397 7.55698 2.28328 4.88581
0.479342 0.947421 3.20359 2.17707 7.69461
1.01428 2.29734 2.2868 1.94415 3.71673
0.273855 8.53905 5.52686 3.53142 0.586424
2.83283 1.94354 1.65707 1.07623 10.198
0.177354 0.0981588 0.731598 1.84466 6.16665
0.00294648 0.0130678 0.470856 0.339262 11.0937
0.000187285 0.0171313 1.78851 0.759916 12.4365
0.0159316 0.025362 8.90404 5.05279 3.16535
0.0926505 0.11171 0.30719 0.250803 11.6044
0.198645 2.22563 7.56802 3.93898 2.35901
0.52055 0.346285 0.831884 1.47724 9.03868
0.000655858 0.000554768 0.000466176 2.95096 9.69215
2.22473 3.78784 3.21831 5.21294 0.0447085
0.391144 0.0716579 0.311162 11.3665 1.98849
0.398504 0.306829 4.90201 3.80365 3.28463
2.39975 7.99331 3.6336 3.98008 0.212822
0.300704 1.48012 1.45214 2.7142 7.83972
0.829317 1.82818 0.467354 1.85704 6.6546
0.565878 1.35744 0.98729 3.74006 6.32396
0.944271 1.5059 10.2762 1.45124 0.781465
0.0614431 0.438148 0.184425 3.09154 6.45147
1.33994 3.61774 4.29249 7.82591 0.0544897
3.43067 0.408017 1.02124 1.90929 7.00757
0.0110369 0.00732949 0.00921038 0.453455 11.0827
0.85797 0.253975 0.593023 10.5044 2.06579
1.37139 5.61388 2.53639 1.29078 4.68316
0.859642 0.554829 5.00319 4.77284 2.42722
0.0169619 0.132565 6.8158 6.63617 1.85292
0.150615 0.120553 1.44189 0.299961 6.39934
0.501599 0.593296 0.537985 0.31893 11.1567
0.0578941 0.0188507 0.0119327 0.793791 10.4505
0.14948 0.214542 1.47733 1.61132 5.94239
0.196722 0.1495 0.368181 4.29376 2.3086
