11 0.407479
0.0847311 0.704598 0.291396 0 28.4617
0 0.169075 0.169753 0 30.6383
0.35482 0.25166 0.3501 0.351907 29.3089
0.0289779 0.339471 0.040098 0.755077 28.3565
1 0.343674 0.828289 0.0439633 26.5699
0.900898 0.5 0.669094 0.31653 27.9573
0.219513 0.705425 0 0.393174 28.6264
0.132417 0.304982 0.272486 0.5308 30.1423
0.47491 0.633105 1 0.739852 26.6713
0.156971 0.169546 0 0.5 30.8813
0.818143 0.300396 0.934754 0.0099936 28.0174
0.5 0 0.870005 0.5 29.0461
0.0128164 0.5 0.0824594 0.113929 30.8066
0.35161 0.0191118 0.100851 0.917425 29.8969
0.919315 0.112777 0.88852 0.630313 27.2655
0.30343 0.5 0.553779 0.319945 28.3495
0.851241 0.807608 0 0.523081 27.792
0.927518 0.773935 0.569991 0.5 26.0451
0.841282 0.907472 0.234877 0.5 26.5363
0 0.5 0.283953 0.5 31.699
0.740664 0.5 0.5 0.638321 29.7109
0 0.623027 0.5 0.5 30.7271
1 0.542252 0.0910553 0.943944 28.5823
0.803742 0.5 0 0.23127 29.3942
0.956764 0.639846 0.745266 0.28014 26.3767
0 0.359218 0.973241 0.33337 28.9467
0.895975 0.286994 0.235513 0 28.0262
0.518232 1 0.432849 0.664184 29.6793
0.470103 0.981359 0.5 1 28.4115
0.657764 0.829932 0.333192 0.590594 29.0408
1 0.5 0 0.627461 29.66
0.640965 0.35002 0.19305 0.731882 28.0708
0.5 0.319833 0.436534 0.18627 30.6978
0.154062 0.172815 0.113499 0 30.2403
0.702273 0.644369 0.356189 0.628639 29.7008
0.100943 0.387542 0.633892 0 31.3772
0.132451 0 0.460768 0.5 30.3428
0.5 0.749365 0.616858 1 26.8492
0.266455 0 0.640901 1 27.937
0.861883 1 1 0 26.5337
1 0 0.240598 0.5 30.4105
0 0.491239 0.323407 0.213631 29.4071
0 0.239307 0.453123 0 29.7767
0 0.5 0.642761 0.21791 28.8705
0.788333 0.320359 0.323813 0.214777 26.9948
0.5 0.294568 1 0.331351 27.8622
1 0.616269 0.5 0.620289 28.7372
0 0 0.908339 0.210754 27.9383
0.386204 0.334859 0.199899 0.368038 30.0344
0.354779 0.321481 0.52256 0.675637 28.6264
0.756363 0.404445 0 1 27.9482
0.5 0 0 0.713862 29.5285
1 0.00203077 0.5 0 30.149
1 0.771898 0.5 0.694971 27.0356
0.5 0.292098 1 0.0107065 29.9651
0.675413 0.541674 0.501018 0 29.4206
0.284766 0.5 0.838736 0.471831 28.9069
0.104785 0.654303 1 1 26.7574
0.70712 0.5 0.388541 0.24326 28.3426
0.925679 0.921921 0.215592 0.927991 24.5961
0.224275 0.357998 0.816624 0.335958 29.5466
0.508714 0.786252 0.244674 0.171182 28.4065
0.321491 0.5 0.666077 0.307571 29.5399
0.244208 0.611225 0.767258 1 28.235
0.180879 0.056462 0.595374 0.550868 30.0522
0.21619 0 0.350426 0.387235 30.0358
0.665504 0.111911 0.295266 0.85514 27.313
0.5 0.422181 0 0.148526 31.2309
0.764802 0.701254 0.848246 0.605078 25.4371
0.5 1 0.607639 0.458654 30.3622
0 0.5 0.0988004 0 32.1086
0.5 0.5 0.671578 0.688548 29.1979
0.73256 0.402299 0.340651 0.63255 27.3452
0.717344 0.5 0 1 28.8769
0.212466 0 0 0.959413 29.0685
0.374787 0.559658 0.42929 0.5 30.0199
0.128642 0.273888 0.490206 0.556805 30.0083
0.932174 1 0.520688 0.673512 28.252
0.979315 0.312532 0.167559 0.696793 27.5263
0.530459 1 0.473004 0.186903 28.6349
0.5 0 0 1 30.2495
0.221024 0.414302 0.338926 0.16813 31.3904
0.586796 0.745242 0.747107 0.764711 26.807
0.255131 0.350106 0.891653 0 27.6051
0.459358 0.488272 0.0827038 0.550391 30.0288
0.544991 0.721661 0.198862 0.910242 28.1428
0.393428 0.649341 0.433557 0.705025 29.3518
0.695331 0.5 0.608252 0 29.7113
0.265531 0.437826 1 1 28.4167
0.918815 0.39748 0.0760561 0.764097 26.5568
0.74462 0.64478 0.853043 0.797104 26.7827
0.594951 0.75912 0 0.790977 28.2036
0.0922216 1 1 0.898317 26.433
0.35956 0.459597 0.243094 0.970373 29.0185
0.5 0.0860554 0 0.716096 28.2693
0.227141 0.435126 0.5 0.732589 29.0083
0.5 0.718009 0.4017 0.784565 27.2444
0.805476 0.5 0.5 0.656376 27.4496
0.465167 0.137365 0.411556 1 29.0413
0.666308 1 0.361561 0.135852 27.2189
0.506723 0.834371 0.396355 0.132947 28.5419
0.0686035 0.331564 0.0929541 0.40864 30.0456
0.670917 0.691525 0.0725763 0.00823259 29.2444
0.5 1 0.742562 0.471713 28.4826
0.507892 0.691368 0.810917 0.5 27.1257
0.216025 0 0 0.153982 31.7765
0.5 0.725776 0.697657 0 28.6135
0 0.5 0.897582 0.529494 30.0084
0.614066 0.250266 0.457723 0.570086 29.3278
0.703875 0.0031542 0.941426 0.74991 26.9975
0.609094 0.637237 0.623279 0.855552 27.5029
0.237428 0.920737 0.193333 0.777158 26.9553
0.5 0 1 0.777137 27.6885
0.576749 0.243133 0.654416 0.319593 29.8365
0.326517 0.370114 0.583121 0 30.9105
0.824338 0.873416 0.679604 0.806832 24.3965
0.503464 0.582063 0.549963 0.664553 29.2359
0.431612 0.892879 0.915961 0.254498 27.2539
0 0.540908 0.189953 0.71579 29.0185
0.795118 1 0.5 0.5 28.45
0.5 0.198419 0.734322 0.519976 28.2797
0.615117 0 0.38685 0 30.4156
0.46717 0.206947 0.230683 0.311376 28.4948
0.5 0.5 0 1 30.2391
0.5 0.5 0.5 1 29.0963
0.905563 0.250026 0.635538 0.452344 28.2857
0.5 0.5 0.5 0.5 30.6683
0.414108 0.397144 0.299501 0.457306 30.5446
0.932341 0.0958183 0.687175 1 26.526
0.83161 0.268148 0.127051 1 27.6088
0.505826 0.136857 1 0.714397 29.2877
0.107475 0.5 0.695172 0.5 29.3858
0.406871 0.5 0 0.5 29.6992
0.00258705 0.795231 0.943933 0.643435 26.6026
0.5 0.19392 0.231016 0.48393 29.9664
0.445092 0.5 1 0.579809 29.1789
0.408424 0.5 0.330813 1 29.179
0.587868 0.539003 0.704856 0.922703 26.3182
0.5 0.410405 0.426918 0.5 30.4146
0 0 0.439048 0.126573 30.7146
1 0.854796 0.305734 0.214163 26.8549
0.590741 0.767204 0.868553 0.412963 26.9741
0.077065 0.436188 0.389701 1 29.9953
0.0196426 0 0.5 0.5 30.8302
0.600194 0.160808 0.796771 0.0887954 27.577
0 0.00855503 0.303602 0 30.9207
0.431208 0 0 0 31.1558
0.624782 0.778253 0.252651 1 26.8012
0.237385 0.217255 0 0 29.6434
0.243434 0.772582 0.204745 0.749887 27.0495
0.341638 0 0.423469 0.678032 30.1691
0.273708 1 0.942384 0.216261 27.06
0.820155 0 0.267643 0.978387 28.2833
0.835064 0.5 0.400452 0.337736 28.6867
0.50972 0.812105 1 0 27.2673
0.0877168 0.687949 0.350435 0.5 29.1588
0.850527 0.601935 0.0856284 0.872398 26.315
0 0.32972 0.589016 0.610126 30.2283
0.455814 0 0.404441 0 31.7829
0.5 0.5 1 0.82105 29.3461
0.817601 0.5 0.0937897 0.5 28.5558
0.5 0.69915 0.233737 0.129689 28.823
0.236434 1 0.770621 0.446274 26.9001
0.828969 0.133957 0.640312 0.277661 27.8375
0.5 0.287962 0.513876 0.860925 28.6796
0.5 0.5 1 0.774159 28.2778
0.0801756 0.257533 0.364352 0.0714362 29.8681
0.358839 0.888259 0.5 0.425919 28.5274
1 0.83758 0.115163 1 26.5623
0.159705 0.304608 0.735063 0.386897 28.7465
0.362178 0.219625 0 0.377204 30.1287
0.808405 0.5 0.731565 0.435682 27.3011
0.988988 0.5 0.5 0.115444 29.6406
0.5 0 0.14731 0.5 30.7738
0.5 0.5 0 0.505409 29.579
0.5 0.5 0.74631 0.624369 29.3163
0.0221272 0.284051 1 0.5 29.6393
0.965039 0.569686 0.693652 1 26.6868
0.929741 0.860785 0.512896 0.325249 27.0126
0.153348 1 0.5 0.730163 28.3498
0.847123 0.489273 0.263657 0.5 30.3266
0.429637 0.0450065 0 0.585264 31.2657
0.176133 0.257592 0.937879 0.0730689 27.9633
0.87874 0.611557 0.665924 0.503984 27.8732
0.364077 0.718679 0.487113 0.980321 28.002
0.617182 0.578209 0.583443 0.167148 30.1341
0.845502 0.941281 0.257526 0.290852 26.6855
0.558603 0.797779 0.5 0 28.1756
0.533108 0.839724 0.959035 1 26.8763
0.5 0.503178 0.094588 0.673281 30.0272
0.5 1 0.876999 0.48881 27.2346
0.675837 1 0 1 26.9215
0.186726 0.240502 0.187916 0 28.6487
0.163745 0.263639 0.5 0.479216 31.1351
0.5 0.514563 0.5 0 30.0053
0.55699 0.23969 0.708994 0.0296077 28.1051
0.30658 0 0.229795 0.652762 29.9386
0.848563 0.930508 0.431016 0.713412 26.6989
0.187814 0.5 0.574735 0.583885 31.7162
0.5 0.701782 0.874239 0.18646 28.0028
0.455366 0.241025 0 0.751255 28.8643
0.776093 0.332752 0.5 0.856406 27.9985
0.445146 0.312465 0.625138 0.64582 28.6051
0.5955 0.695435 0 1 28.0448
0.742548 0.782465 0.196413 0.478564 26.9778
1 0.125337 0.639608 0.342157 29.2647
0.5 0.845108 0.206389 0.321157 26.9854
0.16596 0.836989 0.414648 0.47054 27.5892
0.980797 0 0 0 29.6687
1 0.397421 0.708162 0.632379 27.4678
0.429717 0.161754 0.160984 0.963271 29.169
0.598385 0.280959 0.628732 0.31928 29.0002
0.570329 0.232577 0.489631 0.0923621 30.692
0.291687 0.682896 0.5 0.354304 29.9615
0.707837 0.5 0.836716 0.462504 28.3823
0.639044 0.417969 0.460936 0.601967 30.1641
0.30734 0.291011 0.16162 0.162019 30.0042
1 0.960464 0 0.647034 26.8967
0.31429 0 0.799951 0 29.2557
0.71518 0.508749 0.937604 0.0663384 27.4477
0.929083 0.260829 0.184072 0.804061 27.6777
0.924907 0 0.892925 0.44801 26.4168
0.933067 0.57339 0.5 1 27.2215
0.69901 0.638617 0.5 0.341467 28.548
0.692912 0.298513 0.612974 0.0646999 29.4701
0.5 0 0.5 0.0220305 31.0015
0.314148 0.5 0.169112 0 30.6927
0.0884257 0.0375578 0.512036 0.474512 30.7339
0 0.337833 0.0477628 0.583404 30.8544
0.350524 0.112744 0.00720191 1 31.3008
0.760575 0 0.491758 0.885186 27.6753
0.124897 0.190555 0.135393 0.380751 29.8899
0.961803 0.188978 0.577494 0 28.0808
0.813172 0.695202 0.573271 0.985981 26.4237
0.736594 0.087517 1 0 27.2236
0.712901 0.807672 1 0.145226 27.065
0.494286 0.5 0.672272 0.592977 29.3914
0 0.504855 0.509085 0.5 30.2109
0.290001 0.72419 0.191149 0.476442 29.5472
1 1 0.202605 0.65767 27.2546
0.499734 0.5 0 0.778823 29.4382
0.73525 0.47258 0.381136 0.44138 28.6511
0 0.377843 0.470144 0.353367 31.2503
0.621194 0.0416052 0.765989 0.217676 28.0271
0.262623 0 0.0829569 0.679399 29.5135
0.416209 0.878876 0.0707661 0.848652 26.2093
0.186377 0 0.708462 0.393842 30.348
0.182267 0.455109 0.875175 0 26.7841
0.217468 0.3 0.436716 0.545826 30.1037
0.83135 0.789166 0.630449 0.826682 25.1
0.99616 0.406169 0.212686 1 28.6715
0.324772 0 0.787431 0.726519 28.4395
0.447715 0.531005 0.70642 0.374486 29.7165
0.593606 0.263446 0.684874 0.145291 29.4566
1 0.00330792 1 0.5 28.1485
0 0.298359 0.333546 1 27.6741
0.957096 0.5 0.671905 0.988827 28.0696
1 0.637062 0.325121 0.2652 28.3096
0.619534 1 0.934439 0.723903 27.0242
0.39951 0 0.159265 0.387395 30.6862
0.701102 0.5 1 0.240127 28.0896
0.0312014 0.0404614 0.253878 0 31.1289
0.402282 0.257298 0 0.424776 29.864
0.5 1 0.638794 0.643504 28.4355
0 0.541749 0.57328 0.0823155 31.0104
1 0.926836 0.691082 0.341092 26.8883
0.512805 0 0 0.665702 31.0218
0 0.520885 0 0.660465 30.8549
0.0988392 0.458514 0.868041 0.27539 29.5952
0.451967 0.5 0.313909 0 29.6314
0.0398345 0 0.101866 0.904836 30.6074
0.882262 0.49429 0.49494 0.458625 28.6785
0.58536 0.97115 0.873763 0.121297 26.9634
0 0.395224 0.539835 0.903527 29.0529
0.518759 0.381745 0 0.156414 30.3715
0.192498 0.920957 1 0.296274 25.5053
0.441869 0 0.0320454 1 30.6311
0.428979 0.444309 0.917475 0 28.3927
0.425952 0.711877 0.179337 0.128582 30.4432
1 0.512982 0.021735 0.263302 29.7363
0.524986 0.597456 0.340094 0.147304 31.2347
0.53507 0 0.136227 0.839931 29.0823
0.411577 0.994088 0.964147 0 27.9856
0.779438 0.702646 0.0190661 0.576284 28.1079
0.400262 0.809618 0.5 0.140937 28.2497
0.267607 0.614519 0.0696781 0.681828 29.2151
0.274165 0.152226 0.227944 0.942905 28.6966
0.00797844 0 0.111855 1 29.5659
0.511326 0.428151 0.306253 0.552049 32.4596
0.962511 0.649298 0.0269385 1 28.7682
0.606397 0.457542 0.264253 0.512206 29.5204
0.571062 0.596782 0.555838 0.504508 29.9222
0.632544 0.955811 1 0.234856 26.6842
0.432822 0.14222 0 0.631106 30.015
0.5 0 0.487514 1 31.1248
0.0386246 0.193741 0.971791 0.732012 27.5217
0.116248 0 0 0.142775 30.5436
0 0.0220879 0.187716 0.396635 30.2875
0.5 0 0.729612 0 29.2547
0.186828 0.505151 0.228046 1 29.562
