705 7.34254
1.24082e-09 0.774865 11.9556
0.83109 2.38672e-13 5.81169
0.867937 0.198178 5.07978
0.929817 0.191063 5.57917
0.631896 0.273052 6.73241
0.812311 0.062304 5.93756
0.546454 0.645863 7.95352
0.899216 0.234275 5.39648
0.939816 0.18354 5.5131
0.859295 0.31826 5.60925
0.849054 0.26706 5.49428
0.818665 0.195284 5.53154
0.571399 0.0610654 8.38573
0.774877 0.27549 5.56183
0.806132 0.262898 6.0055
0.564932 0.0688777 8.59907
0.811694 0.254982 5.60173
0.89511 0.20044 5.48159
0.930979 0.168219 5.47268
0.785295 0.160975 5.59601
0.86517 0.253018 5.52405
0.825684 0.23175 5.38975
0.862437 0.161374 5.6045
0.899751 0.107032 5.47777
0.903656 0.277654 5.53845
0.118667 0.724979 11.9364
0.863095 0.16527 5.75993
0.546663 0.00175581 9.26739
0.838652 0.262791 5.57127
0.864583 0.114905 5.69269
0.880362 0.178012 5.58857
0.792074 0.128203 6.30311
0.727783 0.0704547 7.71088
0.408163 0.805945 8.60237
0.603536 0.466956 8.34253
0.847848 0.273499 5.36634
0.862615 0.0911112 5.66044
0.81514 0.209821 5.65473
0.884885 0.161103 5.58722
0.571399 0.0610654 8.38573
0.831635 0.185268 5.79091
0.736415 0.245971 6.57476
0.703634 0.256398 6.57679
0.66965 0.218299 7.97592
0.842534 0.0402043 5.78013
0.665231 0.125224 7.41494
0.781963 0.126626 5.78039
0.776508 0.094873 6.63651
0.843283 0.122555 5.49545
0.73457 0.135496 6.59002
0.755199 0.429846 6.82651
0.564932 0.0688777 8.59907
0.913166 0.136805 5.9353
0.717287 0.149826 7.1158
0.858393 0.195228 5.15291
0.575482 0.0148884 8.45393
0.593747 0.00023731 9.06037
0.8114 0.194944 5.38496
0.0962955 0.858866 13.4324
0.772008 0.11162 6.102
0.846903 0.270236 5.17139
0.938828 0.173467 5.59901
0.757722 0.240928 6.1948
0.807767 0.198607 5.61333
0.824076 0.0824758 5.96434
0.85654 0.191394 5.20416
0.774877 0.27549 5.56183
0.871187 0.216437 5.5119
0.918738 0.150679 5.38876
0.720113 0.133313 6.61807
0.772008 0.11162 6.102
0.764863 0.203894 6.42038
0.446481 0.548564 9.82105
0.589776 0.1637 8.17058
0.049567 0.653374 12.6878
0.772355 0.0749789 8.31842
0.776509 0.0365004 6.8506
0.695816 0.0374798 6.65886
0.880272 0.138202 5.25561
0.827725 0.141662 5.48233
0.846903 0.270236 5.17139
0.876794 0.165655 5.42083
0.884261 0.177335 5.37402
0.839828 0.182634 5.63566
0.968711 0.24492 5.87747
0.717243 0.134706 7.06432
0.824508 0.00518368 5.86158
0.788827 0.152784 5.74721
0.835997 0.151644 5.69421
0.863095 0.16527 5.75993
0.793544 0.21134 5.72861
0.910548 0.124384 5.78511
0.840311 0.0990242 5.57241
0.862039 0.140928 5.51224
0.632307 0.439418 8.06803
0.846903 0.270236 5.17139
0.747895 0.129054 5.96469
0.719945 0.160391 6.61288
0.957552 0.205144 5.67344
0.833307 0.220351 5.03635
0.928983 0.275753 5.69167
0.772008 0.11162 6.13074
0.837586 0.16646 5.56116
0.844961 0.149412 5.59339
0.859295 0.31826 5.60925
0.824949 0.266827 5.52882
0.888925 0.232948 5.19137
0.768499 0.0933868 6.42116
0.7805 0.354369 6.49354
0.899751 0.107032 5.47777
0.833008 0.0968672 6.05449
0.890367 0.183265 5.51748
0.70701 0.0134108 7.04363
0.546663 0.00175581 9.26739
0.87831 0.303888 5.57925
0.825154 0.543222 6.15415
0.764863 0.203894 6.42038
0.626966 0.199191 7.73943
0.841791 0.176462 5.78628
0.662782 0.402049 7.94127
0.877653 0.0790345 5.63528
0.867475 0.14436 5.63293
0.779268 0.179127 5.97446
0.832229 0.0246586 6.17959
0.700756 0.00219722 7.34794
0.864583 0.114905 5.69269
0.790253 0.0437782 6.11752
0.860157 0.153754 5.18822
0.852943 0.185986 5.54163
0.775415 0.255017 5.89734
0.703634 0.256398 6.57679
0.939816 0.18354 5.5131
0.66965 0.218299 7.97592
0.845065 0.0807187 5.96278
0.742139 0.105909 6.58038
0.819494 0.286775 5.3411
0.8441 0.0516239 5.76397
0.552633 0.448386 8.29746
0.779603 0.0615368 6.14834
0.833008 0.0968672 6.05449
0.859191 0.246239 5.38586
0.858393 0.195228 5.15291
0.67028 0.0623898 7.48849
0.82098 0.223062 5.6429
0.707619 0.325046 6.8591
0.886796 0.207522 5.4051
0.593747 0.00023731 9.06037
0.807767 0.198607 5.61333
0.833307 0.220351 5.03635
0.868617 0.281262 5.48944
0.656586 0.000341761 8.04406
0.678551 0.314933 7.91394
0.779268 0.179127 5.97446
0.547285 0.0116185 8.40317
0.717287 0.149826 7.1158
0.881657 0.240275 5.42007
0.825684 0.23175 5.38975
0.899134 0.239618 5.59243
0.793544 0.21134 5.72861
0.928983 0.275753 5.69167
0.75695 0.311375 5.92834
0.792074 0.128203 6.30311
0.968711 0.24492 5.87747
0.862615 0.0911112 5.66044
0.67028 0.0623898 7.48849
0.589776 0.1637 8.17058
0.711472 0.3092 6.63919
0.803418 0.116945 5.69105
0.70701 0.0134108 7.04363
0.348116 0.447829 10.8686
0.865852 0.268013 5.51441
0.631896 0.273052 6.73241
0.881657 0.240275 5.42007
0.862437 0.161374 5.6045
0.888925 0.232948 5.19137
0.703634 0.256398 6.57679
0.865852 0.268013 5.51441
0.742916 0.074728 7.16514
0.827318 0.245297 5.3641
0.833224 0.269853 5.61693
0.852588 0.12287 5.57469
0.8441 0.0516239 5.76397
0.83122 0.209633 5.58551
0.747379 0.19153 6.19756
0.822945 0.140607 5.71986
0.863904 0.0835883 5.42121
0.875409 0.0197162 5.7005
0.903139 0.226793 5.46807
0.787392 0.247311 5.64501
0.678551 0.314933 7.91394
0.855159 0.119442 5.63994
0.582742 0.1318 9.10783
0.863406 0.231173 5.59636
0.796222 0.170634 5.24803
0.772008 0.11162 6.13074
0.768499 0.0933868 6.42116
0.843283 0.122555 5.49545
0.92608 0.239573 5.67687
0.762361 0.285467 6.10568
0.853278 0.435838 5.99408
0.348116 0.447829 10.8686
0.83122 0.209633 5.58551
0.878743 0.148521 5.77509
0.912023 0.147389 5.84393
0.742772 0.186555 5.78358
0.707619 0.325046 6.8591
0.819211 0.110239 6.42764
0.82523 0.119439 5.66992
0.803394 0.16321 6.65425
0.898678 0.129896 5.48767
0.720033 0.190631 6.59881
0.739722 0.205955 7.32805
0.972527 0.214044 5.86088
0.819627 0.197333 5.27855
0.812311 0.062304 5.93756
0.831635 0.185268 5.79091
0.831043 0.217768 5.41107
0.711343 0.227648 6.77593
0.781963 0.126626 5.78039
0.933343 0.117972 5.79115
0.850428 0.18923 5.51295
0.887236 0.144064 5.61325
0.996065 0.225478 5.85169
0.83745 0.0857828 5.8096
0.898347 0.157201 5.48247
0.741167 0.150492 6.58425
0.860157 0.153754 5.18822
0.547285 0.0116185 8.40317
0.625307 0.291825 8.41951
0.794915 0.25954 5.8635
0.408163 0.805945 8.60237
0.73457 0.135496 6.59002
0.831043 0.217768 5.41107
0.966145 0.178888 5.71343
0.999157 0.0677419 6.14489
0.776509 0.0365004 6.8506
0.845065 0.0807187 5.96278
0.824949 0.266827 5.52882
0.772829 0.11001 6.07663
0.775415 0.255017 5.89933
0.903139 0.226793 5.46807
0.720113 0.133313 6.61807
0.818665 0.195284 5.53154
0.834977 0.182642 5.70309
0.847848 0.273499 5.36634
0.77198 0.12645 6.08228
0.844786 0.247795 5.57636
0.877653 0.0790345 5.63528
0.720033 0.190631 6.59881
0.715765 0.313889 7.66759
0.0962955 0.858866 13.4324
0.77708 0.127669 6.55578
0.907705 0.0134479 6.12165
0.702594 0.195964 6.11585
0.811133 0.229931 5.34654
0.665941 0.00404991 7.31025
0.575482 0.0148884 8.45393
0.75695 0.311375 5.92834
0.702594 0.195964 6.11585
0.660341 0.1512 7.40641
0.883946 0.00670299 5.92245
0.840785 0.00112617 5.83179
0.756589 0.0751776 6.96914
0.546454 0.645863 7.95352
0.747645 0.0225908 6.68345
0.976561 0.191528 5.76588
0.0836774 0.88419 15.2636
0.825154 0.543222 6.15415
0.695816 0.0374798 6.65886
0.853278 0.435838 5.99408
0.81514 0.209821 5.65473
0.811133 0.229931 5.34654
0.819211 0.110239 6.42764
0.882895 0.0904987 6.09283
0.552633 0.448386 8.29746
0.592902 0.154394 8.99227
0.863406 0.231173 5.59636
0.933343 0.117972 5.79115
0.446481 0.548564 9.82105
0.826328 0.190804 5.48398
0.912993 0.220813 5.12479
0.756589 0.0751776 6.96914
0.807641 0.105953 5.60238
0.700756 0.00219722 7.34794
0.827318 0.245297 5.3641
0.848816 0.179267 5.71262
0.907782 0.167554 5.55502
0.786588 0.0005936 6.62805
0.842534 0.0402043 5.78013
0.7805 0.354369 6.49354
0.0836774 0.88419 15.2636
0.91908 0.130524 5.66793
0.868617 0.281262 5.48944
0.803068 0.352914 5.78762
0.857241 0.164734 5.49203
0.80382 0.15193 6.02844
0.782935 0.068784 5.99834
0.762361 0.285467 6.10568
0.844786 0.247795 5.57636
0.688319 0.127412 7.07405
