2 0.105444
0.0103747 0.00143947 0.0253343 0.1045 18.5022 634.289 7025.62 1911.05
0.268028 0.0472811 0.260171 0.0761004 169.544 1258.76 3096.37 5916.49
0.0103747 0.00143947 0.0253343 0.1045 18.5022 634.289 7025.62 1911.05
7.56983 10.8673 19.3759 81.0423 8.24748 107.181 623.684 10453.5
0.02078 0.00985677 0.0149206 0.0654332 0.11976 0.375425 6765.09 2686.3
0.0424501 0.0778889 0.042045 1.6315 0.355535 13.1226 40.6862 10624.8
0.000207558 7.89173e-05 0.00278739 0.219606 0.071365 0.46388 1252.2 8507.28
8.23511 120.754 149.338 100.57 153.129 7934.29 448.007 515.519
0.856319 1.1414 0.064104 96.7247 141.842 748.851 4095.78 5515.14
15.6464 51.2224 40.4179 148.298 233.122 7951.47 1004.3 538.169
0.0974985 0.635633 1.12612 58.5971 371.916 171.47 579.344 9064.44
0.000207558 7.89173e-05 0.00278739 0.219606 0.071365 0.46388 1252.2 8507.28
0.0974985 0.635633 1.12612 58.5971 371.916 171.47 579.344 9064.44
0.167153 0.393042 15.8873 7.18762 5324.35 2032.05 186.235 2395.29
63.9045 0.433247 0.689182 0.486533 71.5384 30.3194 9011.22 1267.82
3.64609 3.98285 0.510564 289.926 70.3916 774.904 9073.55 215.971
44.9843 3.98299 183.057 423.025 713.021 0.0421855 597.515 6797.3
108.26 30.8566 35.5261 23.9696 571.318 84.7317 7137.94 2105.62
97.7146 90.8578 381.989 173.929 3543.86 3684.79 1694.78 19.6766
1.70399e-05 0.000184002 0.000190689 0.019156 10.3505 24.2271 7719.94 2243.89
5.17375 1.39549 85.6527 0.10764 842.629 6735.9 982.948 1655.77
83.0057 145.338 243.356 716.631 1998.8 5374.77 152.525 2109.68
0.167777 1.65329 4.75007 161.255 712.381 1419.79 4032.28 4054.5
64.5054 216.512 133.486 1552.35 88.4299 4705.74 1728.74 1417.97
1.72107 4.91959 1.78588 4.47776 28.9562 4854.44 4593.51 265.4
16.5969 22.8592 14.7973 60.8166 41.1571 6495.19 2909.32 563.717
46.2926 3.16487 955.429 83.2177 2724.72 2632.01 1364.93 2225.36
360.188 452.043 280.679 8.08405 437.69 6462.79 1174 775.816
637.628 344.597 842.78 1070.61 418.158 40.1446 264.503 5964.5
0.0244166 0.0409851 0.0446806 0.0752267 0.699187 1923.14 6873.96 694.972
6.68563 0.396429 61.7139 216.29 154.442 16.522 587.766 8601.28
1723.37 258.552 99.4252 1241.95 757.679 1237.51 2181.77 3001.29
364.353 78.0915 273.189 52.9714 253.698 207.824 1113.31 7492.47
0.0234487 0.0644809 0.213724 0.607424 3.01377 136.618 9497.56 506.904
0.0951357 1.07188 10.9652 10.2357 23.7111 710.467 1219 8375.88
34.3349 23.8269 401.282 2.51119 164.026 823.431 1684.32 7026.37
1.64323 0.00877981 1205.93 960.256 155.566 2716.03 374.028 4113.4
79.261 19.24 368.299 396.24 1749.02 3169.49 4156.4 166.116
0.127892 1.41195 2.39142 754.548 1376.44 2372.11 824.938 4964.41
0.0203472 0.00427554 0.019229 25.2231 96.5019 131.752 212.887 9731.81
142.629 2799.95 385.274 2174.13 205.972 2985.32 292.963 965.789
16.592 19.1783 300.243 721.976 16.6076 217.591 1371.46 6765.89
8.23511 120.754 149.338 100.57 153.129 7934.29 448.007 515.519
60.8339 0.75922 1683.24 1278.54 1448.27 2126.3 452.675 3522.62
18.4251 10.1585 13.5998 128.684 418.925 7768.15 50.5502 913.578
1.53836e-06 1.06055e-06 2.61386e-06 0.00104473 0.0199024 0.0517578 13.5302 9838.86
0.000117576 0.000247023 0.000135927 0.00201247 0.00168687 28.8788 8283.3 1420.9
6.42933 0.194246 0.600932 2.75207 13.5883 55.9419 683.616 9324.24
17.7195 51.5483 48.2447 82.4514 172.594 8614.74 935.401 148.96
221.363 2497.09 455.9 1199.22 871.401 2776.66 489.311 1519.72
165.673 252.63 495.4 77.0094 164.548 392.254 2217.92 6508.92
0.00755021 0.294201 1.71217 26.1329 98.6648 1017.14 2653.01 6271.73
1.32657 0.290609 74.6646 113.079 4812.43 3340.3 1502.65 280.23
2.0956e-07 1.23474e-06 1.27886e-06 3.1786e-05 3.96577e-05 0.000392045 8863.88 0.154176
40.0419 0.312448 284.521 77.7543 1235.2 2.02966 1326.58 6219.41
0.720728 30.8486 71.4373 9.80206 814.223 2360.68 2398.57 4363.1
43.3703 52.839 215.093 330.023 504.746 4609.76 672.919 3438.92
0.535316 0.187107 57.297 9.61749 2526.36 1767.61 2566.41 3258.96
2.36881 1.96594 25.651 59.9089 809.801 2031.77 120.568 6592.3
120.472 109.386 272.885 501.277 742.449 225.498 101.409 8066.49
44.9843 3.98299 183.057 423.025 713.021 0.0421855 597.515 6797.3
4.00417 7.11774 11.7695 100.193 49.7885 272.405 3320.46 6085.36
63.9045 0.433247 0.689182 0.486533 71.5384 30.3194 9011.22 1267.82
2.61892 0.0240483 63.3993 295.713 111.862 7972.23 72.2818 1320.96
1.32657 0.290609 74.6646 113.079 4812.43 3340.3 1502.65 280.23
240.616 192.587 212.633 946.037 633.019 3535.76 1547.18 2227.54
18.9093 13.5163 58.0212 162.234 893.727 828.08 136.083 8422.44
0.000978123 0.0201375 3.72221 8.47566 56.5274 3575.07 175.929 6244.17
28.8553 5.13858 55.6677 45.0782 608.566 7384.72 1427.91 628.933
24.5536 36.701 15.203 50.1409 139.228 156.935 456.933 9328.02
450.433 179.084 6.93166 69.7136 178.758 4943.78 3859.51 261.568
292.8 71.84 77.4444 43.3665 1462.77 122.35 3600.69 4898.58
0.00701013 0.00348025 0.00265268 0.0183562 0.0436283 2.29121 9298.03 2.47187
0.616906 32.5626 26.4355 53.3845 505.974 517.02 252.06 7076.87
0.0459412 0.0963814 0.143149 2.70852 0.959311 17.3014 15.2543 10604.9
0.0652984 0.220344 0.0286005 13.9798 1.15399 1930.84 5749.71 2532.07
7.1848 5.11634 2.53966 11.985 729.525 1681.57 2318.14 4690.62
0.0865961 0.0464235 0.0403346 0.0261553 0.196437 0.039057 5499.54 4259.8
5.7287 3.88373 20.8745 3025.67 1607.73 245.608 1613.13 3545.36
0.0234487 0.0644809 0.213724 0.607424 3.01377 136.618 9497.56 506.904
332.924 132.268 463.923 732.623 1751.88 4702.02 1053.95 1109.07
20.6766 88.8911 0.609504 679.351 114.493 2016.87 5988.33 650.238
63.512 11.0658 2.89395 27.1738 21.0077 2189.21 7454.48 232.558
85.5935 10.2765 373.345 525.223 984.893 29.2937 1802.57 5950.36
9.93268 19.8421 42.3921 14.3404 89.5546 7640.4 258.072 3241.13
1938.88 125.538 256.965 2236.78 3124.62 1414.03 204.66 1049.29
361.779 99.6895 1084.88 1041.34 346.899 3505.81 377.994 2333.19
0.492202 1.03683 0.149492 3.19677 7.21221 6556.96 2548.92 469.067
8.38856 0.364652 1505.72 1405.85 11.8288 5207.46 42.4065 2525.5
682.289 39.2943 1204.28 408.742 3142.73 1882.14 652.381 1930.72
323.845 59.7239 5.05752 85.0444 2115.58 1985.29 2389.59 3463.16
325.633 0.00799247 56.8961 36.4678 1231.71 91.9339 5904.17 2637.91
64.5054 216.512 133.486 1552.35 88.4299 4705.74 1728.74 1417.97
720.457 363.809 162.224 1872.17 1829.8 3341.97 671.269 540.394
6.39247 221.22 438.773 252.277 461.243 5401.11 996.561 2029.25
420.731 9.27237 439.53 1575.91 843.635 7240.87 116.807 81.1387
3.29268 1.27135 4.15323 17.8635 207.123 148.052 941.228 8983.38
3.88799 38.5376 639.491 1066.26 138.284 5787.69 1678.74 230.497
245.371 14.9252 447.882 974.822 1610.86 648.975 2631.27 3510.07
5.67285 1.21142 815.613 456.318 4.05669 1217.43 47.2897 7385.54
31.1679 5.39109 2960.84 907.667 20.3578 1677.66 196.084 4673.93
15.0913 15.824 48.8821 113.535 212.599 2556.34 4822.36 3138.08
497.753 93.0399 18.7241 578.314 37.6879 2410.75 4731.79 1329.64
5.90721 55.3802 41.7269 916.79 457.145 3016.94 4363.08 576.317
5.31995 88.7959 37.9532 1923.61 576.721 3871.77 4047.65 826.572
155.152 3.51873 483.797 689.371 1363.83 1594.41 3207.18 3140.3
0.240716 0.976518 7.34046 0.340589 7.92835 613.913 3127.91 5566.65
479.708 244.073 1115.16 2305.09 115.213 56.4883 902.536 4457.3
5.31995 88.7959 37.9532 1923.61 576.721 3871.77 4047.65 826.572
51.3216 347.062 2176.15 335.093 12.6853 3719.41 3919.92 12.5222
120.472 109.386 272.885 501.277 742.449 225.498 101.409 8066.49
3.60934 4.23071 25.7833 36.4237 1706.26 3445.57 105.571 3935.01
360.188 452.043 280.679 8.08405 437.69 6462.79 1174 775.816
2.32252 0.825599 3.0605 0.124407 3435.04 2225.23 1012 3643.22
9.93268 19.8421 42.3921 14.3404 89.5546 7640.4 258.072 3241.13
78.1987 487.759 1049.06 925.857 388.775 4873.37 2124.85 104.337
0.0261153 0.0121051 0.0349999 18.9432 52.9934 122.574 282.746 9018.3
0.824986 1.57027 1.74711 16.0481 12.1249 1988.18 7096.36 1276.94
720.457 363.809 162.224 1872.17 1829.8 3341.97 671.269 540.394
59.8905 31.077 822.429 1270.95 119.457 3121.75 3743.35 63.6837
0.0951357 1.07188 10.9652 10.2357 23.7111 710.467 1219 8375.88
4.37461 0.0975152 268.421 102.111 3948.66 1465.36 2415.51 2424.43
23.8734 12.0589 123.824 1535.07 1561.34 2193.18 246.766 5367.93
0.00583816 0.00377165 0.0155284 1.12257 9.71323 9.98698 91.6616 9509.02
3.7257 303.06 672.308 617.083 1418.25 2914.75 2093.55 1512.63
1.28057 0.335833 163.152 886.711 15.2803 3814.29 16.7304 4766.43
28.8553 5.13858 55.6677 45.0782 608.566 7384.72 1427.91 628.933
138.545 355.74 880.654 3536.78 310.32 1369.16 2219.77 2109
0.263788 0.0353104 29.4498 3.4379 3590.18 1974.9 2312.06 2503.59
46.2926 3.16487 955.429 83.2177 2724.72 2632.01 1364.93 2225.36
66.2598 598.212 666.322 1906.54 178.727 3517.41 1510.67 1400.02
0.102698 1.46425 4.47307 30.9707 375.078 2174.74 2811.38 3948.34
70.5776 9.90815 267.714 594.453 775.407 338.462 1192.92 6506.76
1.64323 0.00877981 1205.93 960.256 155.566 2716.03 374.028 4113.4
52.4687 371.631 190.322 348.299 693.078 1129.85 7164.07 917.664
186.562 7.98154 76.2134 22.6418 420.634 5.10183 411.565 8357.37
34.1981 357.822 434.469 158.449 626.082 6426.04 238.223 2954.91
0.492202 1.03683 0.149492 3.19677 7.21221 6556.96 2548.92 469.067
70.1603 65.9548 189.014 3784.42 2675.87 1629.94 1174.03 30.4487
59.083 9.75903 870.003 498.917 653.316 2200.88 2975.2 2437.18
11.4867 2.18923 743.71 421.124 578.906 34.4051 1198.15 6905.76
40.0419 0.312448 284.521 77.7543 1235.2 2.02966 1326.58 6219.41
0.272526 0.0295829 21.7114 6.02336 714.333 1404.68 1397.55 6982.38
185.56 1535.88 116.93 2416.34 137.636 1546.77 1288.84 2544.63
9.02163 6.36062 7.72152 44.2149 245.29 9326.44 57.5901 666.719
157.155 9.50613 83.807 126.644 83.6422 344.405 762.988 8954.97
17.5146 60.7539 88.206 67.3898 2232.61 2102.55 2356.85 3474.79
1.17741 1.5155 2.09521 3.4085 1671.9 3222.55 2345.26 3810.34
0.0184008 0.0581835 1.34925 32.6855 343.734 240.43 438.497 8150.75
366.167 207.123 3256.27 1417.84 163.348 73.733 903.657 4848.59
0.824986 1.57027 1.74711 16.0481 12.1249 1988.18 7096.36 1276.94
59.8905 31.077 822.429 1270.95 119.457 3121.75 3743.35 63.6837
479.91 390.379 375.948 1124.63 93.7621 8.74849 82.5348 6812.41
273.958 216.033 661.623 2472.63 736.87 1996.8 851.218 3299.68
70.5776 9.90815 267.714 594.453 775.407 338.462 1192.92 6506.76
3.64609 3.98285 0.510564 289.926 70.3916 774.904 9073.55 215.971
20.6766 88.8911 0.609504 679.351 114.493 2016.87 5988.33 650.238
450.433 179.084 6.93166 69.7136 178.758 4943.78 3859.51 261.568
5.67285 1.21142 815.613 456.318 4.05669 1217.43 47.2897 7385.54
101.793 18.8965 15.5096 1140.01 695.23 33.1741 2838.91 5036.13
0.126054 1.29151 1.19998 3.55662 74.3663 1703.85 4080.62 4263.45
44.6717 24.0945 19.9632 131.049 4.7216 4608.73 4171.37 495.857
9.02163 6.36062 7.72152 44.2149 245.29 9326.44 57.5901 666.719
3.57401 0.52233 17.5271 76.8231 1939.57 1373.33 870.605 5774.25
0.0676428 0.0736483 1.29035 6.64523 54.522 74.5927 271.809 10654.2
0.0764117 0.048208 0.0330782 0.0080877 0.288702 0.107987 6926.67 4000.22
0.000978123 0.0201375 3.72221 8.47566 56.5274 3575.07 175.929 6244.17
6.77726 171.57 209.558 1392.36 25.4753 6586.58 644.012 286.09
0.0764117 0.048208 0.0330782 0.0080877 0.288702 0.107987 6926.67 4000.22
62.8896 0.745825 377.188 222.708 1542.62 9.35341 1281.3 6181.2
102.462 364.562 206.522 1235.61 62.2909 2300.76 2928.89 2866.43
17.7195 51.5483 48.2447 82.4514 172.594 8614.74 935.401 148.96
52.4687 371.631 190.322 348.299 693.078 1129.85 7164.07 917.664
804.742 18.8324 823.427 326.019 12.8329 1483.84 414.173 6798.17
0.126054 1.29151 1.19998 3.55662 74.3663 1703.85 4080.62 4263.45
14.0536 21.8013 30.3696 375.521 282.111 1505.01 4349.39 2208.71
0.100545 0.135414 0.536853 0.00333235 4269.13 2399.09 1881.9 2009.32
179.39 163.716 637.533 620.686 1397.59 1944.23 4238.36 735.088
9.25612 118.273 342.13 169.943 505.084 8117.21 678.789 74.7207
55.0085 74.682 525.736 357.055 1006.8 3172.45 2251.32 1862.23
0.0184008 0.0581835 1.34925 32.6855 343.734 240.43 438.497 8150.75
123.749 10.4451 217.151 450.981 735.831 270.353 1443.51 6638.88
64.296 10.1216 588.69 833.244 3603.91 3874.22 654.089 349.428
51.3216 347.062 2176.15 335.093 12.6853 3719.41 3919.92 12.5222
39.2719 59.4564 113.822 181.563 357.342 1537.86 2851.99 4642.19
131.741 75.0184 589.835 23.0106 441.088 3852.8 139.212 5516.23
198.402 216.668 56.8659 1919.87 1318.04 1481.97 3161.94 2122.07
114.665 790.712 1134.35 1324.46 738.832 1816.57 3271.24 652.646
55.0085 74.682 525.736 357.055 1006.8 3172.45 2251.32 1862.23
28.8887 376.824 257.373 472.042 448.355 4733.5 2996.04 679.493
1.19008 0.0448885 11.6096 2.32628 238.769 2084.57 846.954 6285.1
2.0956e-07 1.23474e-06 1.27886e-06 3.1786e-05 3.96577e-05 0.000392045 8863.88 0.154176
62.8896 0.745825 377.188 222.708 1542.62 9.35341 1281.3 6181.2
66.2598 598.212 666.322 1906.54 178.727 3517.41 1510.67 1400.02
20.9229 327.046 232.085 346.24 254.133 1203.94 5776.21 1461.35
0.0217244 2.27785 0.643743 126.068 1.00039 6637.8 2500.73 292.873
540.62 329.738 134.883 2485.57 118.818 321.73 1126.57 5248.21
637.628 344.597 842.78 1070.61 418.158 40.1446 264.503 5964.5
66.8563 2.27616 0.608251 476.072 487.951 1790.84 1833.24 5021.44
2.4568 2.55096 36.5291 1.4659 131.499 2217.62 2163.54 5205.74
31.2186 4.59588 46.9585 7816.26 75.0824 716.014 1719.47 92.3775
0.0203472 0.00427554 0.019229 25.2231 96.5019 131.752 212.887 9731.81
66.8563 2.27616 0.608251 476.072 487.951 1790.84 1833.24 5021.44
60.8339 0.75922 1683.24 1278.54 1448.27 2126.3 452.675 3522.62
186.562 7.98154 76.2134 22.6418 420.634 5.10183 411.565 8357.37
479.91 390.379 375.948 1124.63 93.7621 8.74849 82.5348 6812.41
210.44 77.5174 2052.69 447.949 1459.24 471.042 3490.84 2076.4
4.97045 2.00204 2.87781 49.5823 0.00678744 826.004 3559.33 5486.73
9.53448 15.3184 201.733 47.026 1634.73 6466.98 1863.96 107.502
64.0618 35.2026 4.58801 26.572 700.405 717.746 3570.76 5111.99
273.958 216.033 661.623 2472.63 736.87 1996.8 851.218 3299.68
0.100545 0.135414 0.536853 0.00333235 4269.13 2399.09 1881.9 2009.32
44.6717 24.0945 19.9632 131.049 4.7216 4608.73 4171.37 495.857
0.218829 197.04 33.8074 1489.88 4.48452 1700.69 3669.45 1918.11
1.70399e-05 0.000184002 0.000190689 0.019156 10.3505 24.2271 7719.94 2243.89
5.00489 0.685902 188.048 120.752 756.165 315.036 1224.01 7021.79
8.90838 0.0186488 41.4234 0.985437 681.772 5356.42 780.818 3242.57
2.61892 0.0240483 63.3993 295.713 111.862 7972.23 72.2818 1320.96
1.29682 1.19194 2148.6 13.8968 615.077 2456.72 4867.35 697.91
0.0070135 0.00491896 4.08463e-05 0.00611416 0.0181793 2.50665 8947.73 657.548
6.23868e-07 2.83283e-06 7.47333e-06 1.25313e-05 6.41112e-06 23.4468 9942.7 27.8463
42.7983 15.9964 347.48 151.581 795.589 3188.29 1824.87 3818.45
3.88799 38.5376 639.491 1066.26 138.284 5787.69 1678.74 230.497
0.207779 29.7325 27.9038 50.7276 44.6241 374.308 2696.69 6144.61
42.7983 15.9964 347.48 151.581 795.589 3188.29 1824.87 3818.45
323.423 233.735 389.158 386.308 1347.45 2325.42 1533.51 3028.24
232.026 9.28464 41.5282 2524.69 317.995 529.292 1016.27 5150.25
0.696439 0.709572 0.355598 0.112487 14.5569 884.893 3241.67 4905.95
34.3349 23.8269 401.282 2.51119 164.026 823.431 1684.32 7026.37
198.402 216.668 56.8659 1919.87 1318.04 1481.97 3161.94 2122.07
8.23957 6.00152 12.2777 23.0824 34.0036 2660.64 4464.8 3414.61
4.34181 4.45867 132.307 470.192 629.257 2236.37 1935.68 5327.94
4.37461 0.0975152 268.421 102.111 3948.66 1465.36 2415.51 2424.43
9.96965 0.954891 46.5169 11.8496 3003 809.912 1247.72 5086.92
1.60238 1.44683 1147.14 130.49 87.3151 8164.29 964.317 16.503
59.083 9.75903 870.003 498.917 653.316 2200.88 2975.2 2437.18
3.61652 310.527 140.005 256.333 572.776 976.67 5789.82 1106.57
0.0475491 0.0640544 18.1793 50.8119 219.369 6724.09 343.941 2501.9
265.971 9.34693 488.702 2058.94 23.0892 1325.46 123.58 5492.2
44.3153 20.0029 20.4044 209.604 448.003 221.78 506.655 7972.68
1.19008 0.0448885 11.6096 2.32628 238.769 2084.57 846.954 6285.1
34.3349 23.8269 401.282 2.51119 164.026 823.431 1684.32 7026.37
2.32638 3.12967 155.318 355.077 344.244 322.165 112.673 8246.96
10.9106 1.22509 49.5115 11.6142 465.783 4891.3 4026.6 711.818
3.29268 1.27135 4.15323 17.8635 207.123 148.052 941.228 8983.38
96.2266 44.0337 196.155 91.7144 492.542 35.6466 254.916 8272.31
18.4251 10.1585 13.5998 128.684 418.925 7768.15 50.5502 913.578
79.261 19.24 368.299 396.24 1749.02 3169.49 4156.4 166.116
0.00243542 0.0130269 0.0233049 0.158562 1.93239 83.106 8162.45 1557.32
86.3104 19.837 2346.23 1809.21 1518 178.853 1676.84 3462.66
102.462 364.562 206.522 1235.61 62.2909 2300.76 2928.89 2866.43
85.5556 37.3033 609.034 505.247 337.936 1632.72 229.004 6686.35
1.04421 5.36054 0.0560489 791.561 206.956 1591.92 6358.69 1248.47
10.098 51.5808 18.5946 1098.24 1.20375 863.648 6885.38 764.122
332.924 132.268 463.923 732.623 1751.88 4702.02 1053.95 1109.07
142.629 2799.95 385.274 2174.13 205.972 2985.32 292.963 965.789
0.0865961 0.0464235 0.0403346 0.0261553 0.196437 0.039057 5499.54 4259.8
0.102698 1.46425 4.47307 30.9707 375.078 2174.74 2811.38 3948.34
96.2266 44.0337 196.155 91.7144 492.542 35.6466 254.916 8272.31
1183.78 51.7129 2843.59 997.557 67.4883 67.6189 453.091 4417.31
0.0652984 0.220344 0.0286005 13.9798 1.15399 1930.84 5749.71 2532.07
8.38856 0.364652 1505.72 1405.85 11.8288 5207.46 42.4065 2525.5
307.684 54.8966 27.2073 1133.22 361.002 7651.94 374.294 1480.97
21.1296 24.3914 11.8027 26.2546 328.085 475.309 1426.06 7801.56
350.997 403.732 43.6613 667.034 346.667 43.5567 5976.53 1660.61
273.27 124.59 226.265 3333.25 96.9406 52.2931 1055.4 4956.72
131.718 833.238 92.427 33.2448 1135.33 7859.8 2.91534 400.293
302.219 2.46021 292.013 467.513 1610.41 3687.09 4115.96 169.265
208.118 336.676 30.8733 1038.01 132.292 792.015 8017.02 135.101
210.44 77.5174 2052.69 447.949 1459.24 471.042 3490.84 2076.4
0.263788 0.0353104 29.4498 3.4379 3590.18 1974.9 2312.06 2503.59
0.167153 0.393042 15.8873 7.18762 5324.35 2032.05 186.235 2395.29
1.46036 2.64009 283.199 49.3769 2318.53 2720.78 4378.4 539.366
37.6143 326.947 179.761 453.63 219.54 6643.48 2002.69 329.78
16.0773 45.4291 492.738 6.69308 1770.8 7026.67 308.93 646.747
164.316 243.61 1061.33 1332.43 1090.14 4858.1 640.589 377.382
14.7767 276.606 95.8687 9.22085 1607.49 4037.54 2155.92 1552.49
887.661 98.9946 57.178 4.92146 1262.64 938.873 4698.09 2135.39
253.481 31.2497 0.0380487 68.5992 554.223 106.781 5776.93 2744.01
26.5429 809.271 9.1821 6.07584 562.512 4414.59 2506.91 1824
123.749 10.4451 217.151 450.981 735.831 270.353 1443.51 6638.88
83.0057 145.338 243.356 716.631 1998.8 5374.77 152.525 2109.68
0.240716 0.976518 7.34046 0.340589 7.92835 613.913 3127.91 5566.65
0.00899294 0.0282784 21.2673 4.69808 567.157 4505.16 1857.06 2862.16
34.1981 357.822 434.469 158.449 626.082 6426.04 238.223 2954.91
0.956036 5.77282 18.3422 102.77 487.167 5559.57 3494.93 568.436
253.481 31.2497 0.0380487 68.5992 554.223 106.781 5776.93 2744.01
1183.78 51.7129 2843.59 997.557 67.4883 67.6189 453.091 4417.31
115.988 130.261 597.835 84.7552 490.461 7167.08 109.876 223.672
479.708 244.073 1115.16 2305.09 115.213 56.4883 902.536 4457.3
421.456 120.222 206.401 935.854 192.096 685.768 6346.98 1019.51
122.123 117.698 36.987 749.836 766.3 1132.18 983.016 6201.05
43.3703 52.839 215.093 330.023 504.746 4609.76 672.919 3438.92
101.793 18.8965 15.5096 1140.01 695.23 33.1741 2838.91 5036.13
44.3153 20.0029 20.4044 209.604 448.003 221.78 506.655 7972.68
87.2402 22.1553 19.5655 180.897 58.0952 105.428 6086.31 3397.94
0.956036 5.77282 18.3422 102.77 487.167 5559.57 3494.93 568.436
1.29682 1.19194 2148.6 13.8968 615.077 2456.72 4867.35 697.91
0.0157353 0.0332126 0.023032 0.0484379 10.0128 810.952 4571.46 5346.02
6.77726 171.57 209.558 1392.36 25.4753 6586.58 644.012 286.09
