101 1.38892
3.36865e-08 6.71986e-13 8.26208e-15 1.29995e-17 2400.96
3.20238e-07 1.32295e-11 9.18632e-14 7.53901e-14 2400.93
7.68063e-11 4.27555e-16 3.02163e-15 4.51861e-18 2397.53
72.9877 3.78752e-07 1.18458e-05 0.0142416 2400.09
3.53465e-23 7.85108e-09 0.280941 2405.68 6.36666e-08
0.00683405 7.74084 95.9041 4706.32 0.37685
244.52 245.647 328.042 463.411 658.051
235.563 235.856 334.076 470.915 666.784
3.70166e-16 6.83672e-13 0.000149694 2528.8 106.812
3.33073e-10 7.38779e-08 4.26478e-05 3545.93 219.857
96.3173 96.3718 136.127 192.66 272.462
6.32611e-06 0.00137751 0.862089 2755.33 99.7669
4.78903 0.0091859 0.000265118 7.19524e-05 3183.41
6.60058 0.00028279 0.00822414 0.0269457 3461.02
227.124 221.997 331.171 460.272 676.229
148.187 148.293 209.834 299.16 419.613
102.938 0.415285 1.1738 0.140568 3300.2
3.58492e-11 6.29557e-09 3.85764e-05 2623.79 174.154
615.907 3.94593 5.3041 3.31599 3373.33
156.029 0.936502 0.0907502 1.61543e-09 3625.89
193.609 192.935 268.941 379.614 837.558
322.906 325.061 462.061 652.99 901.732
443.516 437.971 629.126 895.647 1357.36
645.771 664.456 934.567 1316.03 827.579
262.349 263.563 350.804 496.49 695.544
2.49132e-07 0.000556862 0.551673 2547.27 0.685136
538.213 519.711 725.263 1009.84 1501.81
358.698 365.446 529.513 747.399 920.662
4.16042e-12 9.05428e-19 7.42776e-17 1.57261e-16 2575.24
254.256 253.984 359.137 510.977 720.868
272.435 272.239 325.38 496.863 737.39
4.95317e-07 0.000332062 4.1996 2669.63 14.9462
32.204 32.2032 45.2438 64.2163 88.5495
173.257 174.032 245.416 347.592 484.645
294.76 290.996 397.198 572.008 832.896
294.76 290.996 397.198 572.008 832.896
233.991 233.302 330.076 467.104 654.032
1.40401e-05 0.00777302 2.7247 2594.3 8.39233
402.325 407.432 540.164 764.361 1051.4
274.625 0.000269551 4.02877e-05 2.08736 3255.58
1.49248e-06 0.000664665 3.73771 2538.23 134.096
8.48219e-06 0.00852757 1.66767 2664.64 9.14152
3.33073e-10 7.38779e-08 4.26478e-05 3545.93 219.857
3.93394e-16 6.97501e-14 3.38686e-05 2418.57 7.56301
94.3085 91.7555 131.469 185.981 267.222
1.91226e-08 4.81056e-05 0.492354 2981.54 0.145977
236.684 237.081 334.94 506.105 709.438
4.10198e-06 0.000184503 0.45752 2578.11 2.6826e-08
387.064 381.591 536.855 757.215 1122.19
462.587 459.966 639.512 980.586 1309.75
5.50057e-06 0.00133277 0.681521 3070.65 22.563
228.291 227.73 319.794 454.416 981.985
7.9625e-09 2.73114e-12 3.05638e-16 2.70999e-19 2603.59
8.85957 5.21495e-08 4.45144e-06 0.0477371 2811.12
22.3341 0.0777493 0.00138813 0.00164337 3037.65
244.52 245.647 328.042 463.411 658.051
4.78903 0.0091859 0.000265118 7.19524e-05 3183.41
76.4498 76.3911 107.829 152.54 215.168
5.52034e-06 0.00420759 0.812631 3022.53 0.0689189
5.21767e-06 0.00116198 0.254099 3185.62 327.005
5.41732e-10 1.06637e-15 4.49532e-18 1.58208e-20 2781.04
3.93394e-16 6.97501e-14 3.38686e-05 2418.57 7.56301
275.21 276.781 378.125 535.815 746.469
1.63326e-21 7.15298e-13 1.83452e-05 2791.94 4.13634e-05
0.0323628 0.10929 105.341 7747.83 341.25
3.53465e-23 7.85108e-09 0.280941 2405.68 6.36666e-08
1.49248e-06 0.000664665 3.73771 2538.23 134.096
236.684 237.081 334.94 506.105 709.438
1.25738e-08 3.29838e-14 4.03603e-16 1.66549e-18 2704.11
0.000671037 0.143465 17.1479 3753.75 0.14265
281.641 283.988 402 566.251 805.907
500.153 497.668 737.843 1032.58 1433.33
372.519 12.9246 0.151657 0.189365 4685.65
352.611 354.693 496.734 689.026 1006.49
6.32611e-06 0.00137751 0.862089 2755.33 99.7669
420.941 422.388 624.446 871.108 1251.47
215.332 214.072 300.739 423.398 591.305
4.40046e-05 0.00190895 1.74258 3071.59 10.9265
1.25906e-08 9.12575e-15 3.19172e-16 6.35169e-12 2545.89
312.605 312.782 433.366 624.917 867.017
229.958 234.952 326.957 461.276 634.454
512.103 522.321 734.65 1034.83 1304.75
25.6845 25.6482 36.2972 51.2379 72.1105
5.87305e-05 0.0376528 0.829868 3470.81 1.2586
156.029 0.936502 0.0907502 1.61543e-09 3625.89
2.08676e-11 5.53858e-18 7.37062e-16 1.72714e-15 2455.33
753.024 706.525 988.756 1394.48 1549.96
341.108 338.696 469.271 665.326 872.645
283.714 281.082 401.574 566.462 835.085
5.52034e-06 0.00420759 0.812631 3022.53 0.0689189
164.957 164.255 231.344 328.472 459.194
272.435 272.239 325.38 496.863 737.39
1.91226e-08 4.81056e-05 0.492354 2981.54 0.145977
1.37143e-09 8.04929e-06 0.678975 3358.75 19.9214
476.81 475.644 682.664 954.029 1334.62
1.94332e-13 1.51491e-09 167.402 2417.69 45.5911
1.99866e-06 0.00028666 0.355365 2927.79 6.765
1.93846e-05 0.0107934 5.87935 3071.77 24.6806
111.217 111.211 157.549 222.747 315.29
512.103 522.321 734.65 1034.83 1304.75
235.563 235.856 334.076 470.915 666.784
9.69163e-09 2.41289e-14 4.91001e-16 3.64957e-19 2600.48
88.489 2.76121 0.00996588 0.0156172 3133.04
4.98053e-09 0.000171175 3.31811 2740.02 5.63584
522.061 528.416 669.607 952.065 1362.46
119.459 1.28161 0.00359589 0.00216688 2685.3
2.58618 8.16624e-09 1.29671e-07 0.000179877 2562.4
7.9625e-09 2.73114e-12 3.05638e-16 2.70999e-19 2603.59
37.7404 37.7702 53.3938 75.5773 106.835
0.00166168 10.5437 102.775 5051.39 0.140112
15.4056 9.06808e-06 0.000360366 3.32046e-07 2798.38
4.64184e-11 1.85198e-08 0.0321574 3901.91 23.2719
312.605 312.782 433.366 624.917 867.017
1.98988e-05 0.0244545 6.9094 2737.61 109.647
0.000269068 0.150463 27.8253 6562.78 14.7142
342.319 343.497 507.834 708.063 1017.49
213.527 212.83 309.301 434.762 633.934
2.2662e-13 5.32489e-12 0.00310563 2404.93 44.6433
2.71097e-11 8.78621e-05 4.49092 2483.87 1.50517
557.756 580.138 815.559 1143.33 1128.34
499.672 500.551 737.711 969.931 1449.41
249.204 0.596717 0.8405 0.19981 4364.54
0.0323628 0.10929 105.341 7747.83 341.25
342.176 340.521 472.922 677.085 946.585
164.957 164.255 231.344 328.472 459.194
0.0227001 0.0785439 65.7411 6298.7 4.74914
222.294 222.246 312.667 441.965 632.911
427.444 422.149 594.095 850.04 1535
1.17514e-20 4.05872e-12 3.05702e-05 2620.58 0.00011428
421.071 415.026 583.243 825.332 1164.61
291.142 291.946 427.767 595.559 654.759
62.3978 62.3095 88.1802 124.477 175.185
0.00206254 0.140736 34.7823 5305.06 462.07
159.695 0.352908 0.521428 0.0574503 3063.78
233.669 231.833 333.482 480.31 660.578
291.142 291.946 427.767 595.559 654.759
0.000269068 0.150463 27.8253 6562.78 14.7142
123.276 3.67563 1.42083 0.362946 3910.33
96.3173 96.3718 136.127 192.66 272.462
2.63283e-05 0.0109884 6.37068 2863.14 435.017
175.567 175.307 248.963 352.731 527.717
4.95317e-07 0.000332062 4.1996 2669.63 14.9462
4.69282e-26 7.66396e-10 0.328178 2428.8 0.0510176
155.624 155.197 217.512 308.266 436.071
413.715 409.139 569.581 821.462 1139.93
3.55317e-07 0.000546452 3.80889 2735.06 23.7266
296.515 0.399147 0.758881 0.40774 4973.82
228.291 227.73 319.794 454.416 981.985
403.404 403.982 630.777 844.315 1179.57
371.89 367.142 501.153 721.649 906.567
4.14117e-10 1.44348e-07 0.203158 3555.7 18.6258
699.073 703.724 972.001 1381.33 1994.15
1.66635 0.00488609 0.00638334 0.000606693 2667.48
1.91252 0.000187457 0.00141844 0.00126269 2434.27
372.624 380.314 530.715 753.234 1474.7
248.695 248.687 345.689 491.899 694.297
175.567 175.307 248.963 352.731 527.717
583.616 569.291 780.944 1129.24 1543.69
431.992 432.537 608.174 863.601 1076.82
1.40401e-05 0.00777302 2.7247 2594.3 8.39233
223.058 223.586 316.887 447.159 633.751
101.097 1.23897e-06 0.0107544 0.328443 3246.02
1.94332e-13 1.51491e-09 167.402 2417.69 45.5911
390.495 0.000568559 0.0148031 1.16448e-05 2612.32
9.88657e-27 3.49007e-11 0.0050178 2401.15 5.11506e-08
23.9242 0.052456 0.00641581 0.095027 3184.03
327.567 325.807 460.418 651.326 923.624
753.024 706.525 988.756 1394.48 1549.96
219.129 219.194 312.389 440.829 424.801
1.93846e-05 0.0107934 5.87935 3071.77 24.6806
1.98211e-09 1.80412e-15 4.20137e-13 3.16602e-13 2411.13
403.722 405.97 554.189 788.824 1145.97
236.18 235.498 332.178 475.014 644.295
4.14117e-10 1.44348e-07 0.203158 3555.7 18.6258
317.243 314.873 443.135 640.227 901.445
236.18 235.498 332.178 475.014 644.295
368.319 369.465 564.336 772.233 1053.36
3.40015e-27 5.55287e-11 0.131424 2404.93 0.013693
55.0287 54.928 77.4567 109.37 154.229
559.242 57.8354 55.0685 51.324 16132.9
141.325 1.64583 0.000910148 1.10564 3125.03
262.349 263.563 350.804 496.49 695.544
300.717 298.545 416.22 599.508 831.698
362.997 357.986 519.887 741.481 1072.29
149.223 0.57202 0.243621 0.0524944 2859.45
183.869 182.672 255.598 360.303 928.694
499.672 500.551 737.711 969.931 1449.41
214.361 214.558 308.994 434.614 613.793
377.455 376.185 525.263 662.215 990.459
229.958 234.952 326.957 461.276 634.454
4.16042e-12 9.05428e-19 7.42776e-17 1.57261e-16 2575.24
2.60388e-14 1.30448e-09 322.029 4101.34 69.4528
403.722 405.97 554.189 788.824 1145.97
1.63326e-21 7.15298e-13 1.83452e-05 2791.94 4.13634e-05
8.2875 0.0517692 0.00304013 0.0382885 2933.45
68.4249 0.186809 4.08816e-06 0.0117629 2621
3.61914e-09 2.0681e-12 9.82553e-14 1.41044e-19 2454.96
99.1959 99.1289 139.183 196.546 594.293
259.784 259.721 371.82 523.109 738.526
148.187 148.293 209.834 299.16 419.613
394.211 392.088 560.571 790.564 1106.5
77.7138 0.192938 0.467981 0.0446842 3030.88
548.343 570.831 794.51 1100.11 2245.32
342.319 343.497 507.834 708.063 1017.49
2.61411e-07 0.00165017 3.65863 3225.53 2.96729
147.347 147.351 208.312 262.494 394.646
139.169 0.39643 2.27127e-05 0.017754 2612.92
3.15718e-07 0.0222903 1.44874 3766.3 2.85065
4.40046e-05 0.00190895 1.74258 3071.59 10.9265
431.992 432.537 608.174 863.601 1076.82
73.7292 0.0453312 0.110072 0.00678808 2518.93
280.757 284.221 397.091 554.976 777.56
49.3768 49.4047 69.7851 98.7667 139.677
0.208183 8.34341e-06 7.05016e-05 2.65405e-05 2582.23
1.64156e-09 1.09629e-06 0.807543 2442.97 0.630018
192.706 194.184 273.512 382.353 539.777
472.183 470.261 630.978 915.993 1333.9
189.638 187.544 267.257 381.558 543.898
268.032 268.313 369.923 523.041 747.306
258.339 268.337 373.654 526.765 743.942
119.459 1.28161 0.00359589 0.00216688 2685.3
139.169 0.39643 2.27127e-05 0.017754 2612.92
434.232 444.306 622.287 878.086 1045.82
549.024 548.654 793.09 1110.16 1537.74
41.0842 40.9196 57.9514 81.9297 115.962
322.478 319.238 446.818 637.759 900.739
1.25906e-08 9.12575e-15 3.19172e-16 6.35169e-12 2545.89
3.61914e-09 2.0681e-12 9.82553e-14 1.41044e-19 2454.96
423.802 422.995 608.736 854.473 1191.69
467.912 1.17698 2.33444e-05 3.30492e-08 3014.86
427.444 422.149 594.095 850.04 1535
2.2662e-13 5.32489e-12 0.00310563 2404.93 44.6433
0.000671037 0.143465 17.1479 3753.75 0.14265
323.012 319.067 454.951 648.525 802.352
41.0842 40.9196 57.9514 81.9297 115.962
371.89 367.142 501.153 721.649 906.567
212.73 207.22 294.306 421.494 714.031
4.38931e-06 0.000469398 0.053598 2907 0.0174352
72.3283 72.2519 96.1564 138.732 197.343
149.223 0.57202 0.243621 0.0524944 2859.45
153.923 153.712 217.211 302.143 430.859
56.2317 0.412374 1.14336 0.143567 3999.2
6.60058 0.00028279 0.00822414 0.0269457 3461.02
229.958 234.952 326.957 461.276 634.454
244.414 241.779 351.839 492.404 716.564
128.583 128.141 179.8 253.621 360.227
23.9242 0.052456 0.00641581 0.095027 3184.03
53.4023 53.4012 75.0512 106.658 147.989
240.948 241.709 342.716 485.797 606.104
3.06962e-06 0.00155983 0.200869 3387.19 0.0428114
443.811 414.091 593.297 835.867 1234.95
87.569 87.5638 123.839 175.147 248.142
8.36359e-05 0.0186444 8.60241 3873.3 33.0036
319.58 319.569 461.392 642.485 895.407
280.757 284.221 397.091 554.976 777.56
435.31 429.302 623.455 884.415 1286.44
380.141 378.503 525.932 753.674 1053.82
442.916 447.104 615.35 869.439 1187.71
90.6999 90.3401 126.669 179.001 474.854
8.11186e-16 1.42385e-13 3.43914e-05 2450.96 111.946
25.0484 0.0123833 0.0127884 0.000143776 2450.9
32.204 32.2032 45.2438 64.2163 88.5495
233.991 233.302 330.076 467.104 654.032
275.21 276.781 378.125 535.815 746.469
3.18642e-10 8.95737e-05 1.95127 2610.13 2.52879
3.18642e-10 8.95737e-05 1.95127 2610.13 2.52879
9.88657e-27 3.49007e-11 0.0050178 2401.15 5.11506e-08
53.4023 53.4012 75.0512 106.658 147.989
403.404 403.982 630.777 844.315 1179.57
1.84496e-12 3.27666e-18 3.89909e-18 2.98689e-16 2536.5
212.73 207.22 294.306 421.494 714.031
323.012 319.067 454.951 648.525 802.352
193.609 192.935 268.941 379.614 837.558
2.40341e-11 4.58345e-17 5.97944e-16 2.31221e-19 2501.17
115.735 81.9413 122.842 0.228524 5984.43
8.85957 5.21495e-08 4.45144e-06 0.0477371 2811.12
423.142 434.753 594.862 841.539 1218.83
8.59753e-10 2.13107e-07 0.196316 2725.5 0.545423
341.108 338.696 469.271 665.326 872.645
4.10198e-06 0.000184503 0.45752 2578.11 2.6826e-08
434.232 444.306 622.287 878.086 1045.82
402.325 407.432 540.164 764.361 1051.4
1.24913e-10 0.00015701 5.80489 2439.68 3.09994
173.257 174.032 245.416 347.592 484.645
90.6999 90.3401 126.669 179.001 474.854
274.493 275.492 388.787 549.668 731.196
480.151 475.629 624.977 912.795 1291.93
283.714 281.082 401.574 566.462 835.085
2.98528e-19 8.69133e-16 4.92156e-05 2497.27 56.698
3.55317e-07 0.000546452 3.80889 2735.06 23.7266
0.00417832 3.12502 58.0812 4119.57 1.2411
377.455 376.185 525.263 662.215 990.459
288.169 290.038 420.943 602.883 828.526
372.519 12.9246 0.151657 0.189365 4685.65
20.503 0.0243298 0.000907285 0.0316758 3241.55
4.38931e-06 0.000469398 0.053598 2907 0.0174352
1.01761 5.87669e-05 0.000386722 0.000230997 2894.03
249.204 0.596717 0.8405 0.19981 4364.54
215.332 214.072 300.739 423.398 591.305
39.8674 0.163874 0.00134991 0.000369121 3772.49
