109 4.30662
1.14054 1.31293e-17 5.62325e-59 7.93099e-55 1.05667e-57
0.406764 0.606361 0.217754 1.95325e-127 0.85855
0.00724968 1.2664 0.377682 0.165381 1.23391e-57
0.00218781 2.51849e-20 1.26257 0.351912 0.00662281
0.000493275 0.00253587 0.00142298 1.43326 0
4.10033e-05 3.31068e-05 0.030413 0.017508 1.62591
1.67654e-05 8.61891e-05 3.2946e-293 0.0426689 1.1522
3.80423e-07 4.25235e-06 0.0024638 1.19729 0
1.59568e-07 1.83685e-24 9.20854e-05 0.0447492 1.20838
2.93536e-08 1.50904e-07 8.87176e-05 0.0431126 1.16419
0.00413167 0.0461836 0.0255402 0.00662464 1.44062
0.828714 0.580331 0.557264 0.321937 0.356621
0.0630786 0.324279 0.181966 1.08633 0.596531
0.104967 1.17332 0.07297 3.23266e-101 1.09347e-57
0.207847 1.06852 0.093032 0.304511 0.0625529
0.578712 0.290404 0.479096 0.769566 0.235193
0.553726 6.37418e-18 1.23702 0.169606 0.406235
0.762069 0.382415 0.469646 0.936263 0.0918242
0.428324 0.214938 1.0706 0.146787 0.160104
0.00179165 0.00125466 0.00161843 1.32225 1.22502e-57
0.330056 0.0620122 0.750247 0.785345 0.240015
0.864059 0.605082 0.0277174 0.607464 0.63162
0.469334 0.0449857 0.561359 0.913371 0.132182
0.18432 0.947565 0.313568 0.511019 0.304548
0.193637 0.995466 0.0628188 0.283204 0.398979
0.639516 7.36175e-18 0.207735 0.837767 0.406333
0.0668658 0.747422 0.555248 0.469994 0.542163
0.469871 0.700434 0.273975 0.247179 0.770985
0.915128 1.05344e-17 0.67713 0.317303 0.249505
0.511141 0.256496 0.185767 0.0426535 1.04618
0.156946 0.806841 0.608195 0.588633 0.00329071
0.28103 0.284716 0.893715 2.68188e-101 0.648752
0.198879 0.296468 0.797528 0.109348 0.737467
0.22279 1.14534 0.183129 0.0837807 0.0653051
0.149101 0.76651 0.122558 0.220315 0.924614
0.00147292 0.00103146 0.000584102 1.12945 0.585901
0.05158 0.265167 0.603486 1.02706 0
0.000175921 0.00196644 1.13935 0.317567 1.09581e-57
0.462078 0.46814 0.0407453 0.821107 0.697589
0.754955 8.69061e-18 0.245233 0.988992 1.1749e-57
0.0637056 0.712098 0.393801 0.410951 1.02971
0.61794 0.92116 0.0687099 0.309763 0.472944
3.65077e-07 4.08082e-06 0.00236441 1.41246 0.00713702
0.0757522 0.846754 0.629041 0.294768 0.326525
0.735616 1.09658 0.393799 3.77407e-101 0
0.534052 0.373986 0.166915 0.64301 0.779513
0.592291 0.414769 0.0189996 0.691089 0.662823
0.246048 0.124078 0.483953 0.693861 0.7451
0.0984957 0.506355 0.381689 0.799509 0.531813
0.542553 0.379939 0.215155 0.665386 0.638171
0.12628 0.649188 0.364285 0.210451 0.883217
0.000324645 0.00166896 0.981197 0.273485 0.853037
0.444004 0.222806 1.10979 0.152161 0.0833105
0.0001347 0.00150567 0.872381 0.502209 0.522179
1.05628 0.530053 0.35245 3.3778e-101 0.00623146
0.481309 0.0904301 1.09406 0.334099 0.00628758
1.37807e-07 6.94936e-08 8.9067e-05 0.0532072 1.43677
0.700531 0.118887 0.391381 0.408425 0.760601
0.233969 0.348777 0.310759 0.263044 1.01516
0.691969 0.484572 0.465311 0.485575 0.560136
0.441345 0.0749006 1.00006 0.305395 0.466275
0.0808467 0.903701 0.294723 0.265898 0.656155
0.0935959 0.481166 0.146187 0.911828 0.692705
0.160711 0.826196 0.0521371 0.235048 0.986445
1.11849 1.28754e-17 0.333566 3.19681e-101 0
0.0422641 0.0212086 0.00292914 0.00336074 1.28257
0.132173 0.679484 0.224855 0.906809 1.07727e-57
0.632105 0.44265 0.425055 0.245558 0.765929
0.892775 0.625192 0.600342 0.155717 0.0852574
0.269706 0.18887 0.735571 2.20732e-101 0.908091
0.582715 0.109483 0.438712 0.424602 0.958972
0.0378075 0.0190657 0.00664566 0.0215797 1.29581
0.972713 0.488119 0.324567 0.316544 1.09228e-57
0.345208 0.241742 0.941487 0.519341 0.343478
0.187745 0.965176 0.727548 7.51151e-105 1.13322e-57
0.787276 0.395064 0.651759 0.551687 0.6364
0.0451077 5.19254e-19 0.00279415 0.000133249 1.2204
0.720423 0.363297 0.126633 0.780317 0.238478
1.94115e-06 9.74091e-07 0.00125336 0.609073 1.05705
0.370006 0.551566 0.215745 0.870072 0.578749
0.909727 0.637063 0.360761 3.19835e-101 0.478691
0.256854 0.17987 0.700519 0.44183 0.741646
0.128621 0.661224 0.371039 0.387198 0.721069
0.0377098 0.0382045 0.765751 0.956404 0.00342048
0.595206 0.41681 0.302066 0.396198 0.73783
0.00203369 0.000345137 1.19041 3.26046e-101 0.354049
8.5705e-05 1.4545e-05 0.0501669 0.00627804 1.36524
0.0865853 0.445125 1.01305 0.30936 1.06749e-57
0.805912 0.406408 0.0559097 0.520592 0.427746
0.0925834 1.03489 0.337508 0.0774944 0.448962
3.65077e-07 4.08082e-06 0.00236441 1.41246 0.00713702
0.756383 0.379561 0.466142 0.120908 0.815434
0.000495637 0.000738843 0.513433 0.258503 0.997629
0.00129314 0.000648913 0.834953 0.232723 0.976688
0.0666437 0.74494 0.411963 0.429904 0.8006
0.41448 0.207991 0.343134 1.58005e-101 1.00118
0.152552 0.784253 0.440075 2.49828e-101 0.763878
0.0887265 0.99178 0.736778 0.345254 0
0.0480986 0.537644 0.175341 0.707127 0.759345
0.0266603 0.0397423 0.0142721 0.00624952 1.35904
0.306197 0.214424 0.121425 0.489692 1.08975
0.000884479 0.00131849 0.916237 0.255379 0.796562
0.0166675 0.0248462 0.0221379 0.572869 0.99631
0.202854 0.142054 0.0804437 0.749991 0.894573
0.990719 0.497154 0.173972 0.312739 1.07915e-57
0.111435 0.572873 0.321462 0.383565 0.86629
0.941177 0.659087 0.0711738 0.320871 1.10721e-57
0.0204647 0.105207 0.239437 0.755594 0.901257
0.378688 0.0711494 0.860792 0.542917 0.446089
1.03109 0.174985 0.311896 0.136574 0.450867
0.876824 0.179455 0.0554398 0.112217 1.0183
1.0377 0.523296 0.377514 3.34687e-101 0
0.0916791 1.02478 0.0637327 0.593434 1.10199e-57
0.534052 0.373986 0.166915 0.64301 0.779513
0.351246 0.24597 0.957954 0.131343 0.40009
1.00685 0.170873 0.331735 0.29929 0.141212
0.677194 7.79547e-18 0.041948 0.845345 0.444347
0.0211424 0.0315168 0.0113182 0.0199393 1.19731
0.172793 0.888308 0.498465 0.520173 0
0.429238 0.639863 0.0477278 0.0966073 0.876648
1.0062 0.170763 0.33152 0.299096 0.456658
0.376414 0.263595 0.807046 0.534633 0.439282
4.54737e-06 5.23468e-23 0.00262426 1.27527 1.18149e-57
0.0760218 0.390819 0.699234 0.224274 0.941229
0.215258 0.320884 0.0239349 1.11508 1.09357e-57
0.356834 0.249883 0.973193 2.92038e-101 0.706446
0.0612573 0.314916 0.71671 0.978341 1.16224e-57
0.000162554 0.00181702 0.00100484 1.24418 0.00628668
0.789106 0.552594 0.712813 0.334023 0.470573
0.936113 1.0776e-17 0.692657 3.18952e-101 0
0.268937 0.134955 0.672208 0.917594 0.149052
0.892775 0.625192 0.600342 0.155717 0.0852574
0.181714 0.93417 0.309136 0.125221 0.523124
0.00156378 0.000784723 0.0012946 1.30021 0.532998
0.0796603 0.409524 0.2298 0.739867 0.736902
0.427681 0.215672 0.354414 0.925563 0.451241
0.908781 1.04614e-17 0.500571 0.522371 0.476178
0.412786 0.0700538 0.935349 0.515955 0.24223
0.0018486 0.000927648 1.1936 3.2692e-101 1.10583e-57
0.219894 1.13045 0.374088 0.337501 1.16459e-57
0.574796 0.402517 0.209273 0.912336 0.00591114
1.11907 0.561563 0.0775581 0.088986 1.16514e-57
0.0776844 0.868353 0.283195 0.46152 0.532387
0.29583 0.148451 0.244908 0.393392 0.988307
0.069671 0.35817 0.81515 0.0633515 0.749807
0.117903 0.606126 0.456897 0.214101 0.898537
0.0814772 0.418864 0.953282 0.291109 0.410116
0.0345665 0.386383 0.866627 0.546597 0.414405
0.0771815 0.862731 0.00473046 0.436108 0.812153
0.29456 0.439099 0.171754 0.69266 0.74381
0.0622044 0.319785 1.0443 0.304908 0.465531
0.0967021 1.08093 0.0672246 0.136071 0.449207
0.000107479 0.0012014 0.696088 0.867269 0.576885
0.558313 0.280168 0.462209 0.96817 1.15016e-57
0.398199 0.278851 1.04384 0.32095 0.355528
0.164659 0.846492 0.638084 0.299005 0.331219
0.491786 0.733104 0.653192 0.5529 0.155753
0.288567 0.144806 0.721275 0.0988926 0.897386
0.000547751 0.000274868 0.353671 1.01868 0.442042
0.104115 0.53524 0.177122 0.890567 0.549435
0.797112 0.558201 0.316102 0.589019 1.0938e-57
0.119511 0.614394 0.0982359 0.984162 0.000671988
0.000465393 0.000693759 0.00186628 1.22148 0.154738
0.306197 0.214424 0.121425 0.489692 1.08975
0.677194 7.79547e-18 0.041948 0.845345 0.444347
0.38224 0.267674 1.04248 3.12831e-101 0.468207
0.450221 0.00236585 0.134271 0.729802 0.97801
1.05628 0.530053 0.35245 3.3778e-101 0.00623146
0.126731 0.651511 0.365589 0.436217 0.732225
0.302279 0.450606 0.176255 0.0713954 0.997845
0.450221 0.00236585 0.134271 0.729802 0.97801
0.0780536 0.0132465 0.176865 0.558135 1.02536
0.729898 8.40217e-18 0.237094 0.956167 0.00341963
0.0271127 0.0189865 0.00987126 0.0330008 1.28998
0.32074 0.224608 0.127193 0.393355 0.988212
0.000312885 0.0016085 0.945653 0.263578 1.10618
0.507782 0.00266833 0.375728 0.981226 0
0.0653579 0.730567 0.0454349 0.915613 1.08773e-57
0.356652 0.249756 0.972699 0.536558 0
0.97882 0.685447 0.0740204 3.27919e-101 0
0.0703528 0.361675 0.823127 0.454052 0.523773
0.00690754 0.00699816 0.0211141 0.0117267 1.15671
0.0328803 0.016581 0.0202835 0.011718 1.17853
5.88614e-05 0.00065795 0.381215 1.09802 0
0.164659 0.846492 0.638084 0.299005 0.331219
0.181325 0.2703 0.698903 0.960574 0
0.111435 0.572873 0.321462 0.383565 0.86629
0.490545 0.246161 0.178282 0.0722167 1.00932
0.0905441 0.465476 0.154035 0.287027 0.998444
0.458778 0.231354 1.10329 0.339227 0.000725375
0.169766 0.872747 0.657875 0.556863 0.00345379
0.584023 0.8706 0.0649386 0.528831 1.0895e-57
0.119505 0.614363 0.463106 0.44821 0.752356
0.458778 0.231354 1.10329 0.339227 0.000725375
0.31974 0.223908 0.872029 2.6168e-101 0.800116
0.0015773 0.000296349 0.926176 0.533178 0.89498
0.729463 0.739032 0.0643229 2.84958e-101 0.539704
0.000164146 2.78572e-05 1.25301 3.43193e-101 0.00071938
0.00358742 0.0401 0.00249387 0.0112431 1.13076
0.00187963 2.16372e-20 1.08472 0.0769449 0.411329
0.0320749 0.0161748 0.005638 0.034974 1.36237
0.150815 0.775322 0.435064 0.0639657 0.757077
0.120094 0.617388 0.465386 0.974826 0.158349
0.268937 0.134955 0.672208 0.917594 0.149052
0.041139 0.21149 1.07724 3.00892e-101 0.450338
0.38224 0.267674 1.04248 3.12831e-101 0.468207
0.00125116 1.44027e-20 0.722037 0.899599 0.472866
0.171403 0.881161 0.0556056 0.51776 0.538349
0.0813419 0.418169 0.9517 0.600254 0.00335568
0.150815 0.775322 0.435064 0.0639657 0.757077
0.00358742 0.0401 0.00249387 0.0112431 1.13076
0.0905441 0.465476 0.154035 0.287027 0.998444
0.183916 0.94549 0.312882 0.0718399 0.526686
3.44887e-06 5.85307e-07 0.00201878 1.20598 1.1173e-57
0.219894 1.13045 0.374088 0.337501 1.16459e-57
0.864059 0.605082 0.0277174 0.607464 0.63162
0.912877 0.639269 0.824617 3.79716e-101 0
0.548372 6.31254e-18 0.178128 0.0721545 1.00845
0.00024871 0.00127859 0.000717466 0.888355 0.743964
0.300447 0.210396 0.819409 0.516816 0.537366
0.3008 0.210644 0.820372 0.517423 0.425142
4.14667e-05 6.18142e-05 0.0429556 0.00537559 1.16899
0.0015534 1.78819e-20 9.62238e-05 0.929754 0.778634
0.169766 0.872747 0.657875 0.556863 0.00345379
0.000117532 0.00131377 0.000975976 0.980204 1.1045
0.97882 0.685447 0.0740204 3.27919e-101 0
0.120179 0.17915 0.463219 0.257272 0.992878
0.000519253 0.000261851 0.335603 0.966644 0.530808
1.11907 0.561563 0.0775581 0.088986 1.16514e-57
0.0382357 4.40148e-19 0.0282917 0.00595237 1.29442
0.00011049 0.000568013 0.33394 0.961854 0.528178
0.120179 0.17915 0.463219 0.257272 0.992878
0.000394401 0.00202757 1.19203 0.149174 1.11299e-57
0.0266603 0.0397423 0.0142721 0.00624952 1.35904
1.0062 0.170763 0.33152 0.299096 0.456658
1.16068 0.582441 0.0804414 0.162824 0.0891485
0.427968 0.637971 0.423148 2.40219e-101 0.988261
0.109806 1.22741 0.0763341 3.38169e-101 1.14388e-57
0.0738688 0.825702 0.0513515 1.03484 0
0.045952 5.28974e-19 0.00284645 0.00576159 1.25294
0.00222917 0.000378313 1.30483 3.57387e-101 0.000749134
0.000403889 0.00207635 0.00116512 1.44263 0.00728946
0.000185768 0.00207651 0.00114834 1.42186 0.00718448
8.48455e-07 4.36181e-06 0.00256435 1.24615 0.157863
0.213788 0.318692 0.857314 0.117545 0.792751
0.362636 0.253947 0.989019 0.545561 0.360819
0.000180846 0.00202148 1.17124 0.326456 0.256703
0.619518 0.433836 0.225555 0.983321 0.375008
0.0205929 0.105866 0.240937 0.760329 0.906904
0.482759 0.719646 0.28149 0.253959 0.792133
0.325451 0.227906 0.887603 0.559827 0.459983
0.694485 7.99452e-18 0.0430191 0.86693 0.576659
0.902619 0.455176 0.0626187 0.583062 0.479074
0.136076 0.699552 0.392547 0.409642 0.762866
0.353176 0.177228 0.128357 0.517646 1.15195
0.0212302 0.0316478 0.0113652 0.0200222 1.20229
1.0409 0.522334 0.347318 0.338733 1.16884e-57
1.02846 1.1839e-17 0.760986 0.356597 0.395016
0.756032 8.70302e-18 0.245583 0.990404 1.17657e-57
0.129214 0.664276 0.50073 0.234641 0.984739
0.0798483 0.89254 0.663054 0.310707 0.474385
6.25494e-05 0.000699174 0.4051 1.16682 0.640727
0.111733 0.16656 0.0314786 0.584764 1.07428
0.195398 1.00452 0.332415 0.299904 0.457891
0.0885328 0.989616 0.547273 0.653001 0.53654
0.151869 0.780742 0.588522 0.498159 0.574652
0.152589 0.0765707 0.381395 1.20357 1.18036e-57
0.396634 0.591261 0.526811 1.10349 1.31092e-57
0.628754 0.315516 0.520524 1.09032 1.29527e-57
0.0977952 1.09315 0.604529 0.721318 0.00730538
0.0815386 0.911435 0.504038 0.525988 0.606755
0.129176 0.192562 0.518012 0.285745 1.10276
0.953217 0.478335 0.789136 3.63378e-101 0.00670371
0.0669619 0.748496 0.556046 0.538162 0.559561
0.0960532 1.07368 0.797619 0.373764 0.00703405
0.000111597 0.000573709 0.337289 0.971499 0.533474
0.000198449 0.00221825 1.28525 3.52022e-101 0.00649422
0.201495 1.03586 0.581263 0.606576 0.0068156
0.0984917 1.10094 0.0684686 0.637532 1.18388e-57
0.970359 0.679522 0.0733806 0.33082 0.46606
3.54624e-06 1.77955e-06 0.00228973 1.36785 1.26727e-57
0.211481 1.0872 0.610071 0.636639 0
8.51119e-07 4.3755e-06 0.0025724 1.25006 1.15815e-57
0.000849586 0.000426332 0.00212354 1.38986 0.00702281
3.94727e-06 1.98079e-06 0.00254866 1.23853 1.14746e-57
0.0984917 1.10094 0.0684686 0.637532 1.18388e-57
0.243627 1.25246 0.380519 0.246577 1.25453e-57
0.14731 0.757301 0.424952 0.443458 0.825842
0.12384 1.38428 0.08609 0.388117 0.00730418
0.00225324 0.000382397 1.31892 3.61245e-101 0.000757221
0.000223143 0.00249428 1.44518 0.102514 0.00732069
4.00583e-06 2.01017e-06 0.00258648 1.25691 1.16448e-57
9.02484e-07 4.63956e-06 0.00272764 1.32551 1.22804e-57
0.000112712 0.000579439 0.340658 0.981203 0.538802
0.184148 0.946681 0.53122 0.554355 0.639477
0.209749 1.0783 0.812818 0.380886 0.00716809
6.35361e-05 0.000710204 0.41149 1.18522 0.650835
0.186683 0.959714 0.538534 0.561987 0.648281
0.00249234 0.000422975 1.45888 3.99578e-101 0.000837573
0.000112941 0.000580618 0.34135 0.983198 0.539898
