2589 25.0946
1.79319e-15 1.88001e-15 1.13867
4.44282e-09 4.8145e-09 1.24678
1.05788 1.08508 1.61459e-18
1.12644 0.959232 1.48718
0.787589 2.78705 0.181909
1.16066 1.37061 0.81091
0.020303 0.0204778 1.48366
0.00881722 0.0137883 1.52841
1.48114 1.34086 0.673108
0.0928188 0.11745 1.42148
0.373082 0.367615 1.54917
0.0204068 0.0190144 1.47711
0.0188478 0.0289262 1.78496
0.0700193 0.0706952 1.15314
0.128129 0.151137 1.50536
0.00365715 0.00409118 1.39151
0.000754032 0.000942397 1.40228
1.24282 2.59548 0.099575
0.139879 0.138396 1.47569
1.78091e-15 1.89476e-15 1.41508
0.000333493 0.00029996 1.40675
0.853211 1.53175 1.569
0.000499432 0.000807543 1.77441
0.827146 1.2817 1.24972
1.79319e-15 1.88001e-15 1.13867
0.608382 0.596368 1.35924
2.70049 4.1964 0.175983
0.153959 0.159146 1.54424
0.0612918 0.0911052 1.65246
0.108532 0.1085 1.70161
1.82223 2.92301 0.112105
0.0293498 0.0249751 1.52919
0.021353 0.0318903 1.47717
0.0210594 0.028384 1.54605
0.00230487 0.00264207 1.48457
1.01375 1.49627 1.36989e-18
1.72379 2.32445 0.53161
0.179582 0.208777 1.52584
1.27744 1.39882 0.724932
1.69143 3.63258 0.957881
0.00294244 0.00410265 1.55866
0.272547 0.55275 1.70996
0.0157877 0.0159918 1.54563
1.77692 2.29528 1.15364
0.536302 0.486677 1.6469
0.00638599 0.0125238 1.84192
0.104336 0.105417 1.26832
0.0117973 0.0157477 1.49205
0.468369 0.575061 1.39384
0.000954525 0.00122649 1.60734
2.11317 4.43147 0.48811
0.110882 0.116808 1.26343
0.66465 0.843135 1.31581
1.78091e-15 1.89476e-15 1.41508
0.0730151 0.119548 1.83466
0.265047 0.213938 1.85114
0.180851 0.177751 1.3772
1.06153 2.44151 0.427316
0.102105 0.0943321 1.48994
0.0969991 0.153178 1.57572
0.816093 0.713413 1.19487
1.05471 3.1308 0.0441929
0.0114963 0.0123707 2.00878
0.0123358 0.0184661 1.63344
0.0241771 0.0214194 1.66383
0.0529622 0.0698305 1.79178
0.778107 3.34489 0.630758
0.0136108 0.0186114 1.76631
5.64441e-17 8.05199e-17 1.6059
0.00230487 0.00264207 1.48457
0.782107 4.36441 0.0711856
0.0241771 0.0214194 1.66383
0.274929 0.218382 1.46721
0.0251472 0.031568 1.77793
0.265047 0.213938 1.85114
0.126968 0.0886201 1.58741
0.22485 0.253786 1.34132
1.61216 3.6423 0.115034
0.608382 0.596368 1.35924
0.020303 0.0204778 1.48366
0.154672 0.139895 1.53941
2.33381 4.27052 0.188844
6.83222e-05 5.38467e-05 2.16063
1.70493e-10 1.76887e-10 1.34619
0.32253 0.476908 1.79972
0.161605 0.151413 1.25709
0.781903 4.76597 0.0784261
4.89586e-09 7.16232e-09 1.79094
0.17352 0.162487 1.25609
0.0662543 0.0852845 1.46529
2.03848e-15 2.04439e-15 1.40172
0.734979 3.73879 1.36718
0.0113045 0.00667138 2.34201
1.87912e-15 2.27569e-15 1.4329
2.83669e-15 3.03795e-15 2.01805
1.56832 1.78376 0.448936
0.0695994 0.073921 1.3088
0.723901 1.09618 0.96215
0.0136108 0.0186114 1.76631
0.6364 0.632246 1.50932
1.03989 3.36777 0.718659
0.00493351 0.00523879 1.81792
0.842602 2.23508 1.16043
0.955667 3.54272 0.0825507
0.0568407 0.120306 1.81009
2.83669e-15 3.03795e-15 2.01805
2.23745 1.49765 1.60735
1.66503e-15 1.81661e-15 1.34101
0.0626753 0.0814046 1.3519
0.5752 1.27227 1.57346
0.00493351 0.00523879 1.81792
0.209575 0.177287 1.59759
0.953358 2.51235 0.393075
1.24282 2.59548 0.099575
1.4884 2.54954 0.435635
0.0626753 0.0814046 1.3519
9.75892e-16 1.67537e-15 1.6551
2.91691 4.55794 0.117069
0.23869 0.25937 1.93075
0.827146 1.2817 1.24972
0.0156886 0.017236 1.18767
0.000380381 0.000360492 1.65106
0.282859 0.3279 1.53484
0.153959 0.159146 1.54424
0.00881722 0.0137883 1.52841
9.07777e-16 1.09883e-15 1.50125
0.00454592 0.00956672 1.77331
0.33995 0.476341 1.41968
0.108532 0.1085 1.70161
0.570656 0.927247 1.32165
1.38827 2.71882 0.734179
0.162052 0.176707 1.53501
0.468369 0.575061 1.39384
0.369047 0.422791 1.44055
3.18415 1.87478 0.480252
1.2048 1.39826 1.00487
2.98533 4.9112 0.757256
0.00113262 0.00115839 1.921
0.778542 0.699547 1.08151
0.00128503 0.00162052 1.44126
0.54576 0.617519 1.09427
0.830514 2.24342 0.247288
0.17352 0.162487 1.25609
0.639875 0.715919 1.31194
0.886005 1.46342 1.2765
0.588677 1.06632 1.43849
1.11257 2.30799 0.996617
0.272233 0.320799 1.29301
2.54499 2.37581 0.131129
2.23745 1.49765 1.60735
0.439211 0.514754 1.65781
0.132554 0.146854 1.38451
0.336126 0.699534 1.82524
0.0210594 0.028384 1.54605
0.00206748 0.00226319 1.3513
1.2048 1.39826 1.00487
1.27154e-15 1.20279e-15 1.49411
1.4884 2.54954 0.435635
0.164543 0.203855 1.33926
0.369047 0.422791 1.44055
1.01375 1.49627 1.36989e-18
1.48114 1.34086 0.673108
1.73497 1.42946 1.41796
0.133887 0.167864 1.57047
0.00294244 0.00410265 1.55866
0.310138 0.53701 1.45142
0.216273 0.226048 1.48209
0.0126612 0.0133817 1.39505
0.778542 0.699547 1.08151
1.06153 2.44151 0.427316
4.35413e-10 4.02614e-10 1.40027
0.883996 2.23379 0.343818
0.853211 1.53175 1.569
0.0748903 0.0838754 1.39633
0.955667 3.54272 0.0825507
1.23713 1.51216 0.840432
1.51933 1.49859 0.648361
0.0188478 0.0289262 1.78496
0.0644328 0.0718312 1.31855
0.266555 0.277305 1.56551
0.0700193 0.0706952 1.15314
0.781903 4.76597 0.0784261
0.0862345 0.0927944 1.6055
0.0644328 0.0718312 1.31855
0.0113045 0.00667138 2.34201
0.367108 0.39341 1.36002
0.164543 0.203855 1.33926
0.235943 0.235438 1.4069
1.77692 2.29528 1.15364
0.0310838 0.0246009 1.993
0.5752 1.27227 1.57346
0.0239302 0.0208383 1.70532
0.348344 0.384958 1.38693
0.000868806 0.000990003 1.42753
0.166927 0.177365 1.23967
0.844227 2.84948 1.29019
0.000872781 0.000793177 1.37226
9.75892e-16 1.67537e-15 1.6551
1.87912e-15 2.27569e-15 1.4329
0.128129 0.151137 1.50536
0.100072 0.0842546 1.57093
0.16195 0.248083 1.53654
0.66465 0.843135 1.31581
4.89586e-09 7.16232e-09 1.79094
2.05261 1.60288 1.42247
0.259342 0.291366 1.35134
0.607628 0.647018 1.21838
2.70339e-06 2.78286e-06 1.63132
0.700318 0.589059 1.20817
0.000954525 0.00122649 1.60734
0.0612918 0.0911052 1.65246
0.95159 4.10448 0.348049
0.0969991 0.153178 1.57572
0.844227 2.84948 1.29019
0.00454592 0.00956672 1.77331
0.607474 0.647775 1.52531
1.16293 1.70189 1.04386
0.88463 1.12632 1.24101
0.996487 3.68392 0.0372651
0.0905624 0.141183 1.48057
0.0165821 0.0128145 1.70364
2.03848e-15 2.04439e-15 1.40172
0.639875 0.715919 1.31194
0.0538573 0.0581307 1.22345
4.35413e-10 4.02614e-10 1.40027
1.38827 2.71882 0.734179
0.0416569 0.0616516 1.87622
0.88463 1.12632 1.24101
0.000380381 0.000360492 1.65106
0.0220318 0.0280185 2.45596
0.0833856 0.106487 1.72391
0.11326 0.208189 1.56042
0.364985 0.381811 1.21784
0.0343961 0.0386552 1.37944
0.00685135 0.00737089 1.21082
3.18415 1.87478 0.480252
0.310138 0.53701 1.45142
0.0130224 0.0190996 1.68754
0.0402867 0.0440554 1.44142
0.985908 4.34289 0.0333786
0.607474 0.647775 1.52531
4.42467 2.57243 0.230748
0.0416569 0.0616516 1.87622
0.028996 0.0368578 1.38907
1.82223 2.92301 0.112105
0.11326 0.208189 1.56042
0.441669 0.677912 1.69609
0.0251472 0.031568 1.77793
0.441881 0.374207 1.43864
0.59016 0.589447 1.35255
0.180851 0.177751 1.3772
0.00318991 0.00696322 2.02288
0.550325 0.744286 1.20076
0.150052 0.160165 1.32294
0.607628 0.647018 1.21838
2.98533 4.9112 0.757256
0.19216 0.210076 1.66136
0.110882 0.116808 1.26343
0.10318 0.100353 1.30162
0.059158 0.0645852 1.27367
0.00128503 0.00162052 1.44126
0.0117973 0.0157477 1.49205
0.0675223 0.0502878 1.64362
0.00061998 0.000555311 1.70877
0.399832 0.513819 1.34189
0.000754032 0.000942397 1.40228
0.6364 0.632246 1.50932
0.778107 3.34489 0.630758
0.928885 1.90637 0.524654
0.95159 4.10448 0.348049
0.588677 1.06632 1.43849
0.150052 0.160165 1.32294
0.0695994 0.073921 1.3088
0.441669 0.677912 1.69609
1.56832 1.78376 0.448936
0.0662543 0.0852845 1.46529
0.348344 0.384958 1.38693
1.72379 2.32445 0.53161
0.0905624 0.141183 1.48057
0.157134 0.201643 1.63043
0.104336 0.105417 1.26832
0.962205 3.13834 0.296853
0.161605 0.151413 1.25709
0.000179609 0.000334553 2.12508
0.0220318 0.0280185 2.45596
4.42467 2.57243 0.230748
0.283868 0.331699 1.56598
0.989825 1.08101 1.36411
0.000285751 0.000275667 1.47941
0.00365715 0.00409118 1.39151
1.70493e-10 1.76887e-10 1.34619
1.05984 1.45349 1.02682
0.373082 0.367615 1.54917
0.883996 2.23379 0.343818
0.594365 0.733413 1.54387
0.710843 0.785923 1.35449
9.07777e-16 1.09883e-15 1.50125
0.0130224 0.0190996 1.68754
0.0189397 0.0219374 1.35333
0.00141286 0.00181615 1.41349
