3 0.0461659
0.179423 0.0186129 0.035767 0.180071 0.292176 0.0894655 3.96058 19.1701
0.0145045 0.0347846 0.0696012 0.0978227 0.0854555 0.0381094 0.42611 18.5248
0.00238326 0.000719558 0.0195453 0.35514 0.813128 5.78315 14.9395 0.287683
0.00227453 0.00217465 0.000192598 0.013951 0.0250188 0.431956 0.863057 16.6191
3.27698 2.35204 1.13108 4.73416 14.716 5.25919 0.813275 6.37719
0.388439 2.46337 1.42627 13.7287 6.84192 3.42614 4.9616 4.33791
0.574114 0.450288 1.73608 0.177667 0.671268 7.91849 14.9004 0.0578997
0.0743732 0.0718966 0.130753 0.839735 4.95683 16.7215 5.3763 4.75434
0.000342282 0.00217804 0.0178402 0.129641 0.453386 0.0394784 3.41533 15.2758
11.3809 4.29219 1.8512 3.6079 11.5496 1.95882 2.21666 4.64509
3.41879 9.72116 6.11905 3.32003 1.45645 9.6198 5.09918 2.23254
0.0736635 0.13269 0.0733243 0.0750469 0.757461 0.739545 0.0489236 17.6659
0.0949392 0.569337 0.0941373 0.168293 0.255952 4.06513 17.6692 2.40876
2.94294 3.23038 12.8556 6.94949 4.01742 3.97059 8.97563 4.47759
0.00777187 0.00428183 0.0389731 0.00459211 0.170653 1.02873 2.93699 16.4755
0.000500179 0.00716913 0.00259696 0.0143038 0.00289296 0.246115 0.56246 16.6043
8.15706 5.74632 1.22788 7.24821 1.5948 1.45439 5.62894 10.354
5.18011 1.08135 3.32935 10.988 7.09519 1.94905 1.0602 6.55623
2.94294 3.23038 12.8556 6.94949 4.01742 3.97059 8.97563 4.47759
11.3809 4.29219 1.8512 3.6079 11.5496 1.95882 2.21666 4.64509
1.15977 3.73529 2.12789 4.99073 12.5424 1.7646 5.57905 1.17501
0.945162 1.30077 11.4513 1.02908 1.54626 0.660145 1.56942 11.3056
0.00227453 0.00217465 0.000192598 0.013951 0.0250188 0.431956 0.863057 16.6191
3.3648 7.39698 2.43397 8.23958 6.33413 8.79419 7.43102 1.10425
0.125211 2.52668 8.76559 0.823251 7.9835 5.33832 9.32649 0.426339
3.27236 6.47804 2.59179 1.89305 8.08047 7.266 8.78465 0.487703
0.388439 2.46337 1.42627 13.7287 6.84192 3.42614 4.9616 4.33791
3.63315 3.31176 1.5273 8.54826 2.38143 9.98461 1.95119 8.16886
1.55174 4.04305 6.42893 1.67917 5.3561 10.4312 8.18536 3.89279
0.179423 0.0186129 0.035767 0.180071 0.292176 0.0894655 3.96058 19.1701
4.09259 1.47267 1.85535 2.36797 10.1691 3.78461 2.16871 12.6944
0.860277 4.8858 7.0458 3.24424 3.17481 4.73935 1.59835 11.3185
0.350171 1.57773 7.35656 2.87884 7.35265 3.24525 11.551 2.11848
0.194531 0.0402478 2.03605 7.44832 10.8354 0.886587 9.8678 0.60713
0.28317 0.386509 4.04714 5.05768 8.18712 5.79753 10.7212 6.0514
0.452464 0.127032 5.8437 5.83673 2.35198 10.2269 9.55699 5.58197
0.28317 0.386509 4.04714 5.05768 8.18712 5.79753 10.7212 6.0514
0.332704 0.533242 1.28346 9.80286 4.92056 7.81695 4.09937 10.4253
3.45328 2.33654 7.27151 5.42489 1.29481 5.19091 5.67678 12.7834
1.87022 1.35823 0.379307 8.74886 1.81296 9.47634 4.31498 11.4388
5.86162 2.50339 1.36016 9.50544 1.203 4.22819 8.79417 6.44575
0.945162 1.30077 11.4513 1.02908 1.54626 0.660145 1.56942 11.3056
5.35 2.47609 3.10123 2.01386 3.45708 6.8271 1.24181 12.6501
1.04567 2.04956 4.24129 5.51284 5.20812 2.6388 16.0811 1.20396
2.25778 0.150838 5.48627 1.98277 4.72015 11.0586 5.61778 5.80923
4.31508 1.88944 3.11293 5.03722 9.17234 8.00412 1.27506 10.9026
0.00238326 0.000719558 0.0195453 0.35514 0.813128 5.78315 14.9395 0.287683
3.41879 9.72116 6.11905 3.32003 1.45645 9.6198 5.09918 2.23254
0.631635 0.782425 5.66585 1.62625 9.67291 10.591 3.29477 4.10591
1.23747 1.73866 4.98552 6.58929 11.0792 7.7052 1.93662 4.08828
0.0292853 0.043267 0.155476 1.49311 4.41842 13.7176 2.04778 2.68243
1.68426 1.52743 2.32583 0.825533 3.60229 6.23186 6.35618 13.7853
2.94294 3.23038 12.8556 6.94949 4.01742 3.97059 8.97563 4.47759
2.47878 0.320741 1.54993 0.654198 9.06755 8.20331 4.79113 8.03446
0.00227453 0.00217465 0.000192598 0.013951 0.0250188 0.431956 0.863057 16.6191
0.165794 2.72441 6.92324 4.31214 4.01853 8.31502 4.18487 10.4617
0.720976 0.43581 0.553221 9.23517 4.79224 7.54613 8.86412 7.16259
0.125211 2.52668 8.76559 0.823251 7.9835 5.33832 9.32649 0.426339
11.3809 4.29219 1.8512 3.6079 11.5496 1.95882 2.21666 4.64509
0.815225 5.44065 2.86549 9.77382 3.44423 7.46045 8.83067 7.75043
0.392574 2.12949 1.29797 1.08208 7.51132 11.833 8.95706 7.66231
0.343671 0.36451 0.103982 0.311773 6.63686 12.6721 10.9258 3.7529
3.13936 4.64147 0.848901 4.00334 2.60694 2.84775 6.04437 12.6365
0.741696 0.272859 1.10914 1.58231 10.11 0.59554 6.49659 9.73282
0.187135 1.07076 0.631701 1.26621 7.98398 4.11526 11.6115 5.18875
0.0852921 1.26557 2.89879 2.97645 7.39073 12.2527 7.58581 5.69968
1.23747 1.73866 4.98552 6.58929 11.0792 7.7052 1.93662 4.08828
0.860277 4.8858 7.0458 3.24424 3.17481 4.73935 1.59835 11.3185
5.86162 2.50339 1.36016 9.50544 1.203 4.22819 8.79417 6.44575
5.86162 2.50339 1.36016 9.50544 1.203 4.22819 8.79417 6.44575
0.710163 0.882821 5.57867 8.08422 2.93051 2.13715 12.9389 7.06826
0.0228608 0.339358 0.0784892 0.422355 2.49971 13.4609 7.80014 7.67251
0.631972 0.420063 1.426 0.414939 1.04508 12.5167 11.923 1.85404
0.815225 5.44065 2.86549 9.77382 3.44423 7.46045 8.83067 7.75043
3.13936 4.64147 0.848901 4.00334 2.60694 2.84775 6.04437 12.6365
0.572109 1.69746 1.45251 0.627409 0.181873 0.285635 17.045 0.655131
0.165794 2.72441 6.92324 4.31214 4.01853 8.31502 4.18487 10.4617
0.0188333 0.0460839 0.0595604 0.0784983 0.0601853 0.100513 0.669829 17.5345
1.15977 3.73529 2.12789 4.99073 12.5424 1.7646 5.57905 1.17501
1.50636 0.932311 0.304552 1.27117 3.84623 7.24969 13.6655 0.227612
0.307306 0.410955 4.32925 1.714 2.51414 12.078 10.0687 4.1041
0.0228608 0.339358 0.0784892 0.422355 2.49971 13.4609 7.80014 7.67251
0.56892 0.0555602 0.265741 4.59291 6.98939 1.84418 13.1344 7.63649
0.884237 1.07814 3.53828 2.24048 0.854277 9.04659 3.28023 13.2604
0.884237 1.07814 3.53828 2.24048 0.854277 9.04659 3.28023 13.2604
0.415316 0.185467 2.02932 6.49306 4.23004 8.00572 7.63854 5.83076
0.0999657 0.146986 1.93164 0.194211 4.80454 8.099 14.1729 1.35812
0.827977 1.9305 1.18122 0.679469 7.11825 4.83093 1.1145 14.4218
0.0441533 0.420245 0.190271 0.916889 9.87256 7.33573 3.87859 11.6375
0.472132 0.235403 0.515417 0.359265 8.4775 10.1391 1.99548 10.8238
0.827977 1.9305 1.18122 0.679469 7.11825 4.83093 1.1145 14.4218
0.0228608 0.339358 0.0784892 0.422355 2.49971 13.4609 7.80014 7.67251
0.0315966 0.0287959 0.0629874 0.0567811 0.0926486 0.104649 0.658706 17.8978
0.343671 0.36451 0.103982 0.311773 6.63686 12.6721 10.9258 3.7529
0.0736635 0.13269 0.0733243 0.0750469 0.757461 0.739545 0.0489236 17.6659
0.720976 0.43581 0.553221 9.23517 4.79224 7.54613 8.86412 7.16259
0.585185 1.76052 0.118165 3.39488 1.27769 1.27159 5.44449 14.9941
0.392574 2.12949 1.29797 1.08208 7.51132 11.833 8.95706 7.66231
0.0135204 0.0640883 0.308401 1.34193 1.27079 4.51001 13.3446 8.95051
0.815225 5.44065 2.86549 9.77382 3.44423 7.46045 8.83067 7.75043
0.431889 0.671745 0.349032 0.834996 6.66576 5.43099 15.6504 4.73475
0.860277 4.8858 7.0458 3.24424 3.17481 4.73935 1.59835 11.3185
0.0743732 0.0718966 0.130753 0.839735 4.95683 16.7215 5.3763 4.75434
1.05619 0.69161 0.775826 0.903315 1.28878 6.15371 3.82526 12.3958
0.356074 3.09655 1.29686 1.66992 1.9735 1.29002 2.52496 15.183
0.0754729 0.692606 0.440985 0.730419 6.05568 1.47202 1.75171 14.5799
0.297391 0.121284 0.0542705 5.64197 0.568876 3.20298 7.40101 14.5012
0.623204 0.858903 1.25711 3.00176 4.18022 6.27208 6.09158 11.269
0.420438 0.535319 3.71929 7.76173 2.96556 8.23288 5.0759 12.0359
0.560049 0.919067 0.199901 0.761322 4.12403 5.67789 10.3055 10.2924
2.94294 3.23038 12.8556 6.94949 4.01742 3.97059 8.97563 4.47759
0.165794 2.72441 6.92324 4.31214 4.01853 8.31502 4.18487 10.4617
1.7176 0.198227 1.08144 4.61938 1.30336 10.1884 11.0913 6.34463
0.13574 0.0562803 0.0883257 1.10286 0.984053 13.0835 5.95254 9.07985
0.307306 0.410955 4.32925 1.714 2.51414 12.078 10.0687 4.1041
0.0697001 0.0674635 0.0130409 0.112988 0.660738 8.53125 12.2985 6.99836
0.388439 2.46337 1.42627 13.7287 6.84192 3.42614 4.9616 4.33791
1.05619 0.69161 0.775826 0.903315 1.28878 6.15371 3.82526 12.3958
0.16031 0.41716 2.63481 5.9783 0.45721 5.56079 1.34454 12.9204
0.0045311 0.0326179 0.0167629 0.0046821 0.047355 0.149849 1.03118 19.0265
0.741696 0.272859 1.10914 1.58231 10.11 0.59554 6.49659 9.73282
0.0287145 0.0114081 0.109717 0.257963 1.94929 6.70368 3.5556 14.1871
0.574114 0.450288 1.73608 0.177667 0.671268 7.91849 14.9004 0.0578997
0.0949392 0.569337 0.0941373 0.168293 0.255952 4.06513 17.6692 2.40876
0.323757 0.0373884 0.371587 1.51305 5.44526 10.9116 3.8783 11.8348
0.0736635 0.13269 0.0733243 0.0750469 0.757461 0.739545 0.0489236 17.6659
1.23747 1.73866 4.98552 6.58929 11.0792 7.7052 1.93662 4.08828
0.404936 0.184707 1.42902 2.80798 3.16726 3.71731 5.26935 15.0785
0.0153763 0.100998 0.0476353 0.13583 0.590738 6.94229 15.2187 2.76776
0.0242479 0.0270257 0.549876 1.42174 5.75799 2.05432 7.0883 13.4855
0.423441 8.04909 0.879852 8.04083 2.8438 1.48596 11.0526 6.71546
0.0848937 0.0257867 0.342599 0.348373 0.886863 12.4694 8.07379 9.24006
1.23747 1.73866 4.98552 6.58929 11.0792 7.7052 1.93662 4.08828
1.15977 3.73529 2.12789 4.99073 12.5424 1.7646 5.57905 1.17501
0.692245 0.924155 0.468839 1.23261 1.83818 12.0625 9.40862 6.43773
0.00227453 0.00217465 0.000192598 0.013951 0.0250188 0.431956 0.863057 16.6191
0.815225 5.44065 2.86549 9.77382 3.44423 7.46045 8.83067 7.75043
0.0125438 0.0270292 0.368614 1.26405 1.8099 11.4622 2.308 13.5015
0.0153763 0.100998 0.0476353 0.13583 0.590738 6.94229 15.2187 2.76776
0.452464 0.127032 5.8437 5.83673 2.35198 10.2269 9.55699 5.58197
4.31508 1.88944 3.11293 5.03722 9.17234 8.00412 1.27506 10.9026
0.000500179 0.00716913 0.00259696 0.0143038 0.00289296 0.246115 0.56246 16.6043
0.0754729 0.692606 0.440985 0.730419 6.05568 1.47202 1.75171 14.5799
0.56892 0.0555602 0.265741 4.59291 6.98939 1.84418 13.1344 7.63649
0.0358235 0.0553053 0.114662 0.589115 1.50047 10.467 13.8375 3.10448
0.0956162 0.10823 0.509363 1.57077 1.19638 5.03067 8.55625 13.9938
0.125211 2.52668 8.76559 0.823251 7.9835 5.33832 9.32649 0.426339
0.0743732 0.0718966 0.130753 0.839735 4.95683 16.7215 5.3763 4.75434
0.805178 0.315599 0.253012 0.147942 1.11783 3.55997 16.5349 4.19728
0.0045311 0.0326179 0.0167629 0.0046821 0.047355 0.149849 1.03118 19.0265
0.408121 2.91012 4.16437 1.15671 4.24261 0.9834 14.1528 3.46073
0.179496 0.718377 0.293121 2.76384 8.28248 6.25326 7.58269 7.17078
0.064782 0.0500367 0.143062 1.05482 1.18103 10.9805 10.2729 7.52328
0.16363 0.0148551 0.121963 1.21162 0.8414 2.75795 1.97371 16.4546
1.7176 0.198227 1.08144 4.61938 1.30336 10.1884 11.0913 6.34463
0.132511 0.19393 0.264792 6.6659 0.700695 4.33464 0.551205 14.6219
0.0153763 0.100998 0.0476353 0.13583 0.590738 6.94229 15.2187 2.76776
0.126531 0.957922 1.35478 0.953624 5.78864 4.66433 2.06136 13.8764
0.0135204 0.0640883 0.308401 1.34193 1.27079 4.51001 13.3446 8.95051
0.0178693 0.00386618 0.0450861 0.318203 5.88787 7.96727 4.72797 14.4619
0.850669 0.932202 0.140477 2.41665 3.33987 1.01923 13.2302 9.14542
1.76954 0.468274 1.30913 1.48458 0.543611 4.44754 11.5411 11.9391
1.23747 1.73866 4.98552 6.58929 11.0792 7.7052 1.93662 4.08828
0.623204 0.858903 1.25711 3.00176 4.18022 6.27208 6.09158 11.269
0.0828893 0.392107 0.899458 2.65626 2.50423 7.69277 14.2875 6.18405
0.442589 1.12215 1.75279 0.742194 0.219316 2.14771 9.32405 14.9752
4.31508 1.88944 3.11293 5.03722 9.17234 8.00412 1.27506 10.9026
0.187135 1.07076 0.631701 1.26621 7.98398 4.11526 11.6115 5.18875
1.7176 0.198227 1.08144 4.61938 1.30336 10.1884 11.0913 6.34463
0.631635 0.782425 5.66585 1.62625 9.67291 10.591 3.29477 4.10591
1.23747 1.73866 4.98552 6.58929 11.0792 7.7052 1.93662 4.08828
0.420438 0.535319 3.71929 7.76173 2.96556 8.23288 5.0759 12.0359
0.194531 0.0402478 2.03605 7.44832 10.8354 0.886587 9.8678 0.60713
0.0619904 0.335181 0.304673 0.34337 3.72057 4.18314 12.6532 9.08721
3.13936 4.64147 0.848901 4.00334 2.60694 2.84775 6.04437 12.6365
1.04567 2.04956 4.24129 5.51284 5.20812 2.6388 16.0811 1.20396
0.408121 2.91012 4.16437 1.15671 4.24261 0.9834 14.1528 3.46073
0.222137 0.140507 0.231684 0.208865 3.06142 11.5944 5.10622 9.46513
0.815225 5.44065 2.86549 9.77382 3.44423 7.46045 8.83067 7.75043
1.00573 0.244617 0.351493 0.785794 6.3187 4.87455 14.0138 3.85653
0.0852921 1.26557 2.89879 2.97645 7.39073 12.2527 7.58581 5.69968
3.27236 6.47804 2.59179 1.89305 8.08047 7.266 8.78465 0.487703
0.415316 0.185467 2.02932 6.49306 4.23004 8.00572 7.63854 5.83076
0.0736635 0.13269 0.0733243 0.0750469 0.757461 0.739545 0.0489236 17.6659
0.0358235 0.0553053 0.114662 0.589115 1.50047 10.467 13.8375 3.10448
0.305901 0.334628 0.131638 1.33106 0.790773 7.19031 12.0783 7.22636
0.343671 0.36451 0.103982 0.311773 6.63686 12.6721 10.9258 3.7529
0.631972 0.420063 1.426 0.414939 1.04508 12.5167 11.923 1.85404
0.13574 0.0562803 0.0883257 1.10286 0.984053 13.0835 5.95254 9.07985
0.710163 0.882821 5.57867 8.08422 2.93051 2.13715 12.9389 7.06826
2.25778 0.150838 5.48627 1.98277 4.72015 11.0586 5.61778 5.80923
0.442589 1.12215 1.75279 0.742194 0.219316 2.14771 9.32405 14.9752
0.356074 3.09655 1.29686 1.66992 1.9735 1.29002 2.52496 15.183
0.585185 1.76052 0.118165 3.39488 1.27769 1.27159 5.44449 14.9941
5.86162 2.50339 1.36016 9.50544 1.203 4.22819 8.79417 6.44575
0.815225 5.44065 2.86549 9.77382 3.44423 7.46045 8.83067 7.75043
0.0135204 0.0640883 0.308401 1.34193 1.27079 4.51001 13.3446 8.95051
0.0828893 0.392107 0.899458 2.65626 2.50423 7.69277 14.2875 6.18405
3.41879 9.72116 6.11905 3.32003 1.45645 9.6198 5.09918 2.23254
0.57722 0.986616 1.64138 3.30489 1.75042 9.89292 8.94783 8.81908
1.50636 0.932311 0.304552 1.27117 3.84623 7.24969 13.6655 0.227612
1.17214 0.228305 0.232714 0.48676 1.45678 15.4318 4.81184 2.95208
0.815225 5.44065 2.86549 9.77382 3.44423 7.46045 8.83067 7.75043
0.0852921 1.26557 2.89879 2.97645 7.39073 12.2527 7.58581 5.69968
2.47878 0.320741 1.54993 0.654198 9.06755 8.20331 4.79113 8.03446
3.0685 1.85623 1.62943 1.71488 0.625534 4.45354 10.0383 13.0574
0.423441 8.04909 0.879852 8.04083 2.8438 1.48596 11.0526 6.71546
0.611388 0.370011 0.0413486 0.380052 5.33067 5.49247 8.19352 13.3326
1.09687 0.392763 0.92679 0.28266 1.92627 5.57264 0.619155 16.2141
1.68426 1.52743 2.32583 0.825533 3.60229 6.23186 6.35618 13.7853
0.152462 0.371887 0.77124 0.139129 2.14806 5.51326 3.66174 14.0947
0.144847 0.452331 0.094003 0.582787 5.32565 2.54046 7.98284 13.2933
0.194531 0.0402478 2.03605 7.44832 10.8354 0.886587 9.8678 0.60713
3.41879 9.72116 6.11905 3.32003 1.45645 9.6198 5.09918 2.23254
3.3648 7.39698 2.43397 8.23958 6.33413 8.79419 7.43102 1.10425
1.7176 0.198227 1.08144 4.61938 1.30336 10.1884 11.0913 6.34463
11.3809 4.29219 1.8512 3.6079 11.5496 1.95882 2.21666 4.64509
2.99953 0.499344 2.66399 1.58864 4.49861 1.00477 11.2176 9.6171
0.56892 0.0555602 0.265741 4.59291 6.98939 1.84418 13.1344 7.63649
0.179496 0.718377 0.293121 2.76384 8.28248 6.25326 7.58269 7.17078
4.09259 1.47267 1.85535 2.36797 10.1691 3.78461 2.16871 12.6944
0.50454 0.171795 0.0950421 4.12049 2.88282 6.42909 3.26078 13.9946
0.827977 1.9305 1.18122 0.679469 7.11825 4.83093 1.1145 14.4218
0.165794 2.72441 6.92324 4.31214 4.01853 8.31502 4.18487 10.4617
1.17214 0.228305 0.232714 0.48676 1.45678 15.4318 4.81184 2.95208
3.41879 9.72116 6.11905 3.32003 1.45645 9.6198 5.09918 2.23254
0.336125 2.50743 1.71264 2.43608 4.13981 5.45029 12.2472 7.03859
0.00238326 0.000719558 0.0195453 0.35514 0.813128 5.78315 14.9395 0.287683
0.105319 0.121596 0.02564 1.37765 1.34559 8.47908 6.37915 14.0161
0.0956162 0.10823 0.509363 1.57077 1.19638 5.03067 8.55625 13.9938
0.332704 0.533242 1.28346 9.80286 4.92056 7.81695 4.09937 10.4253
0.0817152 0.234845 0.142327 2.98403 1.4079 1.82463 14.5652 8.22666
0.0178693 0.00386618 0.0450861 0.318203 5.88787 7.96727 4.72797 14.4619
0.585185 1.76052 0.118165 3.39488 1.27769 1.27159 5.44449 14.9941
1.55174 4.04305 6.42893 1.67917 5.3561 10.4312 8.18536 3.89279
0.859471 0.0532018 3.22677 1.9427 0.816962 1.46472 7.04658 13.9441
2.25778 0.150838 5.48627 1.98277 4.72015 11.0586 5.61778 5.80923
0.332704 0.533242 1.28346 9.80286 4.92056 7.81695 4.09937 10.4253
5.86162 2.50339 1.36016 9.50544 1.203 4.22819 8.79417 6.44575
0.0292853 0.043267 0.155476 1.49311 4.41842 13.7176 2.04778 2.68243
3.3648 7.39698 2.43397 8.23958 6.33413 8.79419 7.43102 1.10425
0.827977 1.9305 1.18122 0.679469 7.11825 4.83093 1.1145 14.4218
0.701625 0.392769 0.399937 2.94967 3.66217 5.53675 1.79234 14.7209
0.388439 2.46337 1.42627 13.7287 6.84192 3.42614 4.9616 4.33791
0.00391219 0.0052184 0.0983667 0.186601 0.0455571 1.69668 14.143 8.5091
0.57722 0.986616 1.64138 3.30489 1.75042 9.89292 8.94783 8.81908
1.09687 0.392763 0.92679 0.28266 1.92627 5.57264 0.619155 16.2141
0.0145045 0.0347846 0.0696012 0.0978227 0.0854555 0.0381094 0.42611 18.5248
0.0736635 0.13269 0.0733243 0.0750469 0.757461 0.739545 0.0489236 17.6659
1.23747 1.73866 4.98552 6.58929 11.0792 7.7052 1.93662 4.08828
0.000342282 0.00217804 0.0178402 0.129641 0.453386 0.0394784 3.41533 15.2758
0.0817152 0.234845 0.142327 2.98403 1.4079 1.82463 14.5652 8.22666
0.0176323 0.00175423 0.301107 0.555246 1.47859 2.58603 7.56374 14.4447
0.0449061 0.0736948 1.06557 2.03764 3.26048 2.26015 15.8758 4.86886
0.0125438 0.0270292 0.368614 1.26405 1.8099 11.4622 2.308 13.5015
0.472132 0.235403 0.515417 0.359265 8.4775 10.1391 1.99548 10.8238
0.0469019 0.349356 0.131079 0.226237 0.677629 1.57568 16.9335 1.05888
1.55174 4.04305 6.42893 1.67917 5.3561 10.4312 8.18536 3.89279
0.57722 0.986616 1.64138 3.30489 1.75042 9.89292 8.94783 8.81908
4.31508 1.88944 3.11293 5.03722 9.17234 8.00412 1.27506 10.9026
0.297333 0.0559727 0.544762 1.09403 1.14228 1.54349 3.37144 15.3486
3.27698 2.35204 1.13108 4.73416 14.716 5.25919 0.813275 6.37719
5.35 2.47609 3.10123 2.01386 3.45708 6.8271 1.24181 12.6501
0.336125 2.50743 1.71264 2.43608 4.13981 5.45029 12.2472 7.03859
0.654202 1.09824 1.71707 0.932999 2.95185 0.358855 9.39255 14.1686
0.631635 0.782425 5.66585 1.62625 9.67291 10.591 3.29477 4.10591
0.0292853 0.043267 0.155476 1.49311 4.41842 13.7176 2.04778 2.68243
0.297391 0.121284 0.0542705 5.64197 0.568876 3.20298 7.40101 14.5012
0.179423 0.0186129 0.035767 0.180071 0.292176 0.0894655 3.96058 19.1701
0.388439 2.46337 1.42627 13.7287 6.84192 3.42614 4.9616 4.33791
0.297333 0.0559727 0.544762 1.09403 1.14228 1.54349 3.37144 15.3486
11.3809 4.29219 1.8512 3.6079 11.5496 1.95882 2.21666 4.64509
3.27698 2.35204 1.13108 4.73416 14.716 5.25919 0.813275 6.37719
0.000873594 0.000811915 0.00537587 0.00832945 0.022869 0.122428 0.0570793 16.5964
0.125211 2.52668 8.76559 0.823251 7.9835 5.33832 9.32649 0.426339
0.585185 1.76052 0.118165 3.39488 1.27769 1.27159 5.44449 14.9941
0.179496 0.718377 0.293121 2.76384 8.28248 6.25326 7.58269 7.17078
3.27236 6.47804 2.59179 1.89305 8.08047 7.266 8.78465 0.487703
2.99953 0.499344 2.66399 1.58864 4.49861 1.00477 11.2176 9.6171
0.0145045 0.0347846 0.0696012 0.0978227 0.0854555 0.0381094 0.42611 18.5248
3.45328 2.33654 7.27151 5.42489 1.29481 5.19091 5.67678 12.7834
0.105319 0.121596 0.02564 1.37765 1.34559 8.47908 6.37915 14.0161
8.15706 5.74632 1.22788 7.24821 1.5948 1.45439 5.62894 10.354
0.00777187 0.00428183 0.0389731 0.00459211 0.170653 1.02873 2.93699 16.4755
0.166756 0.257777 0.321332 0.201575 0.442072 9.43689 7.05099 11.8617
0.0828893 0.392107 0.899458 2.65626 2.50423 7.69277 14.2875 6.18405
0.299117 0.0569855 0.0478114 1.88484 2.8796 0.839308 0.57641 15.5428
0.297333 0.0559727 0.544762 1.09403 1.14228 1.54349 3.37144 15.3486
1.87022 1.35823 0.379307 8.74886 1.81296 9.47634 4.31498 11.4388
0.356074 3.09655 1.29686 1.66992 1.9735 1.29002 2.52496 15.183
8.15706 5.74632 1.22788 7.24821 1.5948 1.45439 5.62894 10.354
0.000873594 0.000811915 0.00537587 0.00832945 0.022869 0.122428 0.0570793 16.5964
0.0188333 0.0460839 0.0595604 0.0784983 0.0601853 0.100513 0.669829 17.5345
0.388439 2.46337 1.42627 13.7287 6.84192 3.42614 4.9616 4.33791
0.0817152 0.234845 0.142327 2.98403 1.4079 1.82463 14.5652 8.22666
0.585185 1.76052 0.118165 3.39488 1.27769 1.27159 5.44449 14.9941
0.404936 0.184707 1.42902 2.80798 3.16726 3.71731 5.26935 15.0785
0.654202 1.09824 1.71707 0.932999 2.95185 0.358855 9.39255 14.1686
0.350171 1.57773 7.35656 2.87884 7.35265 3.24525 11.551 2.11848
5.35 2.47609 3.10123 2.01386 3.45708 6.8271 1.24181 12.6501
