11 0.098766
11030.8 19528.5 9.12457
134.882 21855.5 4819.76
10.3082 5.62065 21554.5
10.3082 5.62065 21554.5
21199 2606.78 2181.05
19988 5033.78 1108.97
15808.6 656.425 15431.8
4805.58 442.417 20109.3
16462.8 8827.02 1177.4
17888.8 6613.89 7357.7
12071 15852.3 7228.69
5827.16 621.838 19340.1
19522.5 3775.07 1808.58
15036.5 3335.39 13120.6
571.467 20837 6655.59
14985.5 12342.5 4016.12
4805.58 442.417 20109.3
8400.08 1765.46 18492
134.882 21855.5 4819.76
2763.87 7155.61 18878.8
15808.6 656.425 15431.8
1798.29 16738 11369.4
11668.7 14644.3 10580.5
3665.08 14660.2 14051.3
10442.8 13588.5 11432.3
10.3082 5.62065 21554.5
9159.91 11140 12027.9
8400.08 1765.46 18492
14479.9 7117.78 12559.6
19902.1 1155.71 7145.79
18857.3 1251.08 8131.91
14725.4 13089 7949.37
9784.08 16178.2 10262.2
15212.5 11048 9812.25
5515.44 18717.7 5482.09
13200.5 11853.8 10030.9
3390.03 5569.77 18326.9
122.652 19920.5 8622.8
45.3436 244.846 20822.5
10958 10322.4 13689.1
13525.7 4573.45 16431.7
11668.7 14644.3 10580.5
20771.2 471.565 6111.09
16155.8 11079 6919.75
1316.68 15409.6 12021.4
16550.6 1513.85 13255.9
11841.4 16554.4 7353.41
5298.13 20320.6 18.7229
3417.05 20397.6 381.912
15193.4 2426.84 12737.7
571.467 20837 6655.59
19522.5 3775.07 1808.58
13525.7 4573.45 16431.7
12995.8 8102.25 12349.5
12923.3 13140.5 8785.11
3665.08 14660.2 14051.3
8724.42 9907.61 14886.1
9784.08 16178.2 10262.2
4882.67 19162.3 4138.02
14806 14185.4 4951.27
1429.57 18500.8 5949.14
6964.98 14365.4 10696.4
1662.37 14706.1 13984.1
398.656 620.203 19938.2
5515.44 18717.7 5482.09
14329.7 2213.94 14481.4
12071 15852.3 7228.69
851.589 17944.5 7775.83
14329.7 2213.94 14481.4
16550.6 1513.85 13255.9
18026.9 1557.89 10848.3
1662.37 14706.1 13984.1
3417.05 20397.6 381.912
21199 2606.78 2181.05
12995.8 8102.25 12349.5
16010 12207.9 2640.59
18715.3 6368.9 3819.8
19704.3 1568.35 6246.56
458.968 13878.6 17935.1
17130.9 1611.9 12600.8
17130.9 1611.9 12600.8
14806 14185.4 4951.27
3417.05 20397.6 381.912
14268.2 2999.77 14964.9
14479.9 7117.78 12559.6
18857.3 1251.08 8131.91
5980.01 16315.2 9441.55
18518.3 15014.3 951.295
8724.42 9907.61 14886.1
3443.54 19370.3 3174.85
10555.3 4660 16844.4
13525.7 4573.45 16431.7
851.589 17944.5 7775.83
20771.2 471.565 6111.09
9507.19 368.736 20317.2
17952.6 2759.9 8383.81
16331.8 12177.2 6320.64
14424.1 9050.37 11632.1
16385.7 9593.12 9821.45
8400.08 1765.46 18492
14268.2 2999.77 14964.9
13111.2 17718.8 1004.94
5827.16 621.838 19340.1
8050.9 13227.5 13626.3
11273.1 255.827 16934.2
8400.08 1765.46 18492
458.968 13878.6 17935.1
7300.84 18581.2 975.799
12923.3 13140.5 8785.11
9507.19 368.736 20317.2
6955.81 14347.1 14353.8
19902.1 1155.71 7145.79
3390.03 5569.77 18326.9
14424.1 9050.37 11632.1
2748.73 14664.5 15019.7
3443.54 19370.3 3174.85
3270.38 10909.6 16964.6
1662.37 14706.1 13984.1
2573.06 11837.8 17182.9
14779.6 13797.7 5673.65
13200.5 11853.8 10030.9
2267.48 20227.1 4466.03
14044.5 16077.2 1136.76
13583.6 7724.83 14148.4
10442.8 13588.5 11432.3
2243.77 10579.9 18465.2
16385.7 9593.12 9821.45
851.589 17944.5 7775.83
851.589 17944.5 7775.83
15808.6 656.425 15431.8
17952.6 2759.9 8383.81
5910.83 15087.1 13487.3
9507.19 368.736 20317.2
14995.9 13206 2689.24
14479.9 7117.78 12559.6
12315.1 7834.5 13222.7
12853.6 7901.39 12629.6
1612.33 11977.2 18149.5
5515.44 18717.7 5482.09
12995.8 8102.25 12349.5
5910.83 15087.1 13487.3
7300.84 18581.2 975.799
16550.6 1513.85 13255.9
14779.6 13797.7 5673.65
11841.4 16554.4 7353.41
45.3436 244.846 20822.5
154.553 533.05 20713.2
12510 13357.3 7104.56
13111.2 17718.8 1004.94
13583.6 7724.83 14148.4
21199 2606.78 2181.05
11273.1 255.827 16934.2
3417.05 20397.6 381.912
14329.7 2213.94 14481.4
18518.3 15014.3 951.295
12510 13357.3 7104.56
1798.29 16738 11369.4
2763.87 7155.61 18878.8
14995.9 13206 2689.24
2243.77 10579.9 18465.2
12510 13357.3 7104.56
16010 12207.9 2640.59
12995.8 8102.25 12349.5
9322.67 10801.6 13668.7
6955.81 14347.1 14353.8
3665.08 14660.2 14051.3
9159.91 11140 12027.9
13583.6 7724.83 14148.4
12923.3 13140.5 8785.11
12995.8 8102.25 12349.5
1429.57 18500.8 5949.14
2582.18 19983.4 2901.84
14329.7 2213.94 14481.4
2243.77 10579.9 18465.2
12995.8 8102.25 12349.5
18518.3 15014.3 951.295
16010 12207.9 2640.59
19902.1 1155.71 7145.79
5980.01 16315.2 9441.55
14806 14185.4 4951.27
7300.84 18581.2 975.799
12315.1 7834.5 13222.7
2573.06 11837.8 17182.9
12923.3 13140.5 8785.11
18715.3 6368.9 3819.8
1612.33 11977.2 18149.5
2582.18 19983.4 2901.84
8724.42 9907.61 14886.1
6955.81 14347.1 14353.8
851.589 17944.5 7775.83
1429.57 18500.8 5949.14
3665.08 14660.2 14051.3
21199 2606.78 2181.05
19988 5033.78 1108.97
13583.6 7724.83 14148.4
11030.8 19528.5 9.12457
21199 2606.78 2181.05
18518.3 15014.3 951.295
13583.6 7724.83 14148.4
14985.5 12342.5 4016.12
6955.81 14347.1 14353.8
8724.42 9907.61 14886.1
8050.9 13227.5 13626.3
1612.33 11977.2 18149.5
21199 2606.78 2181.05
9784.08 16178.2 10262.2
12853.6 7901.39 12629.6
13583.6 7724.83 14148.4
1316.68 15409.6 12021.4
11030.8 19528.5 9.12457
13111.2 17718.8 1004.94
13111.2 17718.8 1004.94
19704.3 1568.35 6246.56
18026.9 1557.89 10848.3
16550.6 1513.85 13255.9
12071 15852.3 7228.69
11030.8 19528.5 9.12457
19704.3 1568.35 6246.56
14995.9 13206 2689.24
2748.73 14664.5 15019.7
14329.7 2213.94 14481.4
5910.83 15087.1 13487.3
18518.3 15014.3 951.295
12510 13357.3 7104.56
2582.18 19983.4 2901.84
6964.98 14365.4 10696.4
12923.3 13140.5 8785.11
17761.7 633.228 12894.4
9322.67 10801.6 13668.7
19522.5 3775.07 1808.58
8400.08 1765.46 18492
10958 10322.4 13689.1
13525.7 4573.45 16431.7
13200.5 11853.8 10030.9
17952.6 2759.9 8383.81
1662.37 14706.1 13984.1
10.3082 5.62065 21554.5
458.968 13878.6 17935.1
16010 12207.9 2640.59
8400.08 1765.46 18492
13583.6 7724.83 14148.4
14806 14185.4 4951.27
18026.9 1557.89 10848.3
1429.57 18500.8 5949.14
14329.7 2213.94 14481.4
16462.8 8827.02 1177.4
18026.9 1557.89 10848.3
398.656 620.203 19938.2
6964.98 14365.4 10696.4
14725.4 13089 7949.37
16385.7 9593.12 9821.45
15212.5 11048 9812.25
5298.13 20320.6 18.7229
11668.7 14644.3 10580.5
122.652 19920.5 8622.8
19522.5 3775.07 1808.58
1316.68 15409.6 12021.4
13583.6 7724.83 14148.4
12071 15852.3 7228.69
14985.5 12342.5 4016.12
21199 2606.78 2181.05
19988 5033.78 1108.97
14329.7 2213.94 14481.4
6955.81 14347.1 14353.8
14806 14185.4 4951.27
19902.1 1155.71 7145.79
2582.18 19983.4 2901.84
2243.77 10579.9 18465.2
851.589 17944.5 7775.83
10958 10322.4 13689.1
13525.7 4573.45 16431.7
1662.37 14706.1 13984.1
10.3082 5.62065 21554.5
1798.29 16738 11369.4
13583.6 7724.83 14148.4
14806 14185.4 4951.27
1429.57 18500.8 5949.14
14329.7 2213.94 14481.4
398.656 620.203 19938.2
14779.6 13797.7 5673.65
5910.83 15087.1 13487.3
15808.6 656.425 15431.8
21889.2 3863.24 8.9357
10.3082 5.62065 21554.5
6279.71 7774.58 14886.6
11668.7 14644.3 10580.5
851.589 17944.5 7775.83
851.589 17944.5 7775.83
1798.29 16738 11369.4
14479.9 7117.78 12559.6
8724.42 9907.61 14886.1
13200.5 11853.8 10030.9
1429.57 18500.8 5949.14
11030.8 19528.5 9.12457
16550.6 1513.85 13255.9
8400.08 1765.46 18492
2112.19 16345.8 10237.8
5515.44 18717.7 5482.09
5910.83 15087.1 13487.3
12923.3 13140.5 8785.11
