1416 53.0705
0.000831164 0.00137364 0.00992492 0.0269327 0.0613507 0.253613 0.743375 6.35409
0.69689 0.437185 0.207897 0.644612 0.811179 1.53635 2.23117 0.967302
1.50965 0.87005 0.435838 1.7961 2.54007 1.28956 0.780088 0
1.59201 1.92881 0.385356 2.53048 0.551408 1.86065 3.13358 0
0.682368 0.13244 0.312689 1.3783 1.42002 3.96839 0.832989 1.50187
0.132296 1.63457 0.184102 0.133562 7.4805 0.620092 5.62789 1.95477
1.4219 5.16331 0.505608 1.49642 5.58359 0.745489 2.59035 0
0.0968855 0.0776968 0.130887 0.18043 0.148246 0.327971 0.441193 1.35555
0.207494 0.395827 0.208515 0.493165 0.894052 1.13391 0.590218 1.70876
0.0309172 0.00260881 0.24494 2.926 5.802 6.50274 1.57322 0
0.0107676 0.0302201 0.0635274 0.0164623 0.349485 0.418611 0.829421 7.45909
0.30896 0.328278 0.450802 1.45426 0.622199 0.342216 2.19976 2.80438
0.544213 0.0383082 0.0900822 7.85527 0.554315 1.91142 7.67654 0
0.384008 0.384008 6.44605 1.09514 0.552749 0.554707 6.6075 0
1.41454 0.266597 0.87996 8.9112 1.63325 0.781654 0.784461 0
7.70837 5.8044 2.74931 0.775034 0.777343 0.779659 0.781981 0.834911
2.13466 2.13466 3.01886 1.73562 3.38018 1.33572 2.30885 0.00324256
0.481127 0.551188 10.2918 0.733483 3.31088 1.63447 1.35753 0
0.276836 1.80523 1.09662 0.21654 2.14125 4.31551 0.535888 5.65952
0.0436941 0.104306 0.312264 0.256978 0.772311 0.220689 1.01265 4.87322
1.36274 1.36274 4.08115 1.31932 4.70218 1.88155 0.775295 1.03079
5.77017 4.40299 7.37058 0.752883 2.8387 0.782637 0.784707 0
3.82541 0.574671 1.86795 0.318101 9.47321 1.99771 0.784683 0.00290725
4.11241e-19 2.20151e-18 1.19893e-17 1.21967e-17 4.37267e-17 2.51638e-16 4.78189e-17 4.25296
1.76829 0.270706 1.13178 2.07257 2.62608 3.23194 0.782381 0
0.0168592 0.00675939 0.142282 0.362361 0.173308 0.426515 1.45865 5.98073
1.22385 0.398413 4.43946 1.20063 0.45447 5.30274 4.17041 0
0.315828 0.707086 10.9538 0.776347 0.778285 0.780228 1.18767 0.106277
0.0876849 0.0876849 0.375592 0.421443 0.456487 0.736506 1.06133 3.54019
1.52 1.52 1.11524 2.42169 2.31111 0.745548 1.31442 0.00174124
7.40958 5.67647 3.11379 0.975021 0.779739 0.78216 0.784588 0
2.94747 6.45889 7.09964 0.777609 0.779938 0.782274 0.784616 0
2.26195 2.26195 0.963732 2.47851 2.03673 1.59757 1.21346 0
0.0546913 0.00532755 0.00448149 0.764116 0.160256 0.0564723 10.8759 0
3.86259 8.13954 2.86721 0.694887 4.78819 0.780589 1.09361 0
0.113239 0.196272 0.0777365 0.260307 0.250846 0.440723 0.70791 2.18276
2.08109 0.465781 1.56526 0.24852 0.576982 2.71893 4.51288 5.92885
0.357253 0.410729 1.44559 0.865799 0.399175 1.06003 2.10206 2.19094
2.17497 6.5868 3.0025 1.74576 1.1316 2.95103 0.850321 0.40105
0.105954 0.0224562 0.0461865 0.768015 0.0748179 8.10639 0.784192 0
0.58555 0.102456 0.743286 0.951756 0.777739 4.18689 0.781463 0.0269272
0.596882 0.596882 1.49752 1.71904 2.43109 0.574944 3.212 0
8.06863 1.05351 4.85224 0.75878 0.76121 0.763647 2.25377 0.0321619
1.80652e-18 2.4344e-18 1.99449e-17 2.6425e-17 2.53377e-17 2.34109e-17 3.1521e-16 5.20689
0.554522 0.631271 0.890894 0.912355 0.819314 1.65917 0.550661 2.46159
0.406548 0.152434 1.24647 1.48602 1.27644 0.73395 0.768562 0.296235
0.906204 0.906204 0.661109 1.44204 0.91548 1.75507 1.96021 0.0938164
2.04747 2.32949 0.519323 2.77603 0.702379 0.712158 1.95312 0
1.75839 0.280759 1.42793 2.28632 2.20946 2.87846 1.00095 0
0.125617 0.0658174 0.0488824 1.5262 0.150726 3.64825 4.05576 5.66863
0.906952 0.906952 0.304178 5.96802 0.552358 0.554609 6.16179 0
1.66774 1.02096 0.336469 1.44725 2.61959 0.617863 2.82227 0.0578425
0.728251 4.531 1.82433 2.37064 1.70113 1.0048 1.23899 0.108355
0.319505 0.30358 0.75881 10.5986 1.87144 0.78266 0.784713 0
0.479923 0.276416 0.300932 1.0738 0.578228 1.37284 3.46267 1.28627
1.13201 0.25458 1.14398 8.04345 0.695421 0.697913 4.24222 0
1.36399 1.36399 0.880774 2.01764 0.466646 3.90932 0.782131 0
2.56266 0.588636 0.392368 2.00312 2.27375 3.354 0.782529 0
0.0370062 0.0358355 0.115996 0.12783 0.121486 0.272549 0.755544 1.685
0.550788 0.420246 0.979573 1.35973 1.19536 2.19294 0.762982 0.628199
1.02122 1.06782 0.917273 0.148238 7.62688 1.17142 3.62225 3.09912
2.12876 3.45646 6.77955 1.60848 0.723091 1.64805 2.88357 0.739291
3.01104 2.98596 5.30018 2.25432 0.897561 0.779297 0.783838 0.076272
4.23279 4.23279 2.25462 0.517037 7.21168 0.780302 1.01162 0
1.81712 1.81712 3.561 0.333969 3.14551 4.92365 7.3166 0
0.27677 0.47708 0.486963 0.667085 0.417346 1.07727 0.649792 1.36422
0.696679 0.696679 0.271656 0.0823025 5.87409 3.49416 6.91125 0
2.90404 0.402512 0.699693 4.60063 0.762332 0.76962 1.04656 0
0.103545 0.159489 0.47482 1.00836 1.18095 2.27264 1.90015 2.29178
1.72178 1.72178 0.526523 2.34155 0.739291 0.756377 0.891175 0
0.00307771 0.0038051 0.00401685 0.00419782 0.0367561 0.181604 0.208616 3.84355
0.11628 0.109732 0.215476 0.268313 0.379452 0.465096 0.660528 0.969835
2.80489 4.54378 2.85182 0.473649 6.07211 5.0874 1.24499 0
5.53841 0.446908 5.55641 0.598461 5.00115 0.71085 3.25916 2.91786
0.382436 0.0989946 0.830677 0.919827 1.91376 1.25921 1.61429 0.261648
0.57068 0.426409 0.141766 1.34517 0.529177 1.53967 2.23331 2.45168
0.281702 1.91192 0.284743 1.15529 2.98605 0.552614 3.75979 0.562419
0.0328266 0.341408 3.56714 0.344564 1.01299 3.44014 2.78306 5.7937
2.91939 4.17804 1.28424 0.415424 0.41672 4.19224 7.30595 0.487244
2.44586 6.24421 0.937248 0.488609 7.63088 3.73383 0.78471 0.0537344
0.149322 0.130278 0.176138 0.286077 0.281178 0.555095 0.747293 1.16486
0.669162 1.46521 1.34917 1.36849 0.990691 1.82771 1.34165 1.04244
2.04478 0.883712 7.00765 1.69761 3.60867 0.778678 2.59079 0
0.415783 0.481219 0.306562 0.674753 0.956968 0.713253 1.62893 0.614652
0.264907 0.0887978 0.833507 0.879088 0.714865 0.922094 1.71977 0.179615
0.706923 0.674034 0.886108 0.199213 2.30665 2.6645 0.386274 6.6906
1.50761 1.50761 2.13208 3.01522 0.705915 1.23775 1.64333 0.0668033
0.502146 0.502146 0.44426 0.837656 1.62055 0.904268 1.01284 0.925164
0.229822 0.224499 0.394941 0.391756 0.562844 1.01427 1.72319 1.05889
4.25276 0.395505 4.30696 1.61853 2.24478 0.620042 5.1862 0
0.956677 2.79081 3.02896 1.08828 1.36434 4.99635 0.731516 2.62386
3.08966 2.82374 4.35415 2.30382 1.08913 0.826448 1.24214 0
0.369319 0.0255976 0.125156 5.63825 5.65178 7.99282 1.02296 0
1.61563 0.540618 1.80992 2.50502 0.545961 0.552456 3.62291 0
0.313858 3.35602 1.04937 0.33015 5.20494 0.588981 4.74288 2.90419
0.303559 0.0221981 0.145268 4.612 4.24725 3.54895 7.98414 0
0.0561463 0.245055 0.807832 0.528106 0.977482 1.93552 0.546837 2.48283
0.767791 1.44839 1.63931 2.31834 3.01371 2.36005 0.995277 0.197021
2.74603 0.388453 2.77337 2.62018 1.95196 2.13653 0.782816 0
2.82385 0.374965 2.39082 3.40723 0.669743 0.675621 3.00839 0
4.02127 6.1667 5.99381 0.728761 3.60474 0.907128 0.78463 0
2.15617 3.65737 5.7278 0.777811 7.20666 0.782314 0.784626 0
1.1507 0.444274 0.691438 1.41406 0.501418 2.42252 3.18107 0
2.5443 4.66635 0.416419 0.417695 7.35816 4.18854 0.784598 0
0.0636051 0.539763 0.556486 0.0592578 10.2403 0.782375 0.784642 0
2.46694 2.46694 4.48907 1.06886 5.79619 0.780635 0.784174 0.0861313
1.36526 3.39384 3.65815 0.394398 5.18842 0.559381 7.23846 0
2.40001 2.40001 3.39412 1.53863 0.633639 5.08026 1.40762 0.00338956
5.88771 4.0395 2.86903 0.582243 5.66303 0.72426 4.001 0
0.389898 1.84097 3.46769 0.298635 5.50193 2.82371 7.36052 0
0.283803 0.11626 0.306693 0.480363 0.279138 0.704832 1.02312 1.42841
2.51506 1.04453 0.271235 0.272577 2.75035 3.88958 1.02009 5.59449
0.258319 0.0586795 0.946046 2.25555 2.26072 3.34119 4.72516 0.0312932
2.57895 1.26094 8.60072 1.39091 0.778058 0.780852 0.799808 0.388986
0.0486523 0.239106 0.420096 0.569225 0.854776 1.01801 3.587 0.338986
1.48403 1.48403 0.361935 2.12971 3.24762 0.960147 0.781586 0
2.35498 2.35498 3.19689 0.436444 4.63708 4.66777 0.760993 2.01353
0.671721 0.471559 0.18092 1.20571 0.564749 1.73227 2.64612 0.788347
3.6259 0.458577 0.46223 2.38984 0.555363 0.559787 4.36702 0
2.89796e-18 1.71833e-17 1.7426e-17 2.14624e-17 2.9723e-17 2.61933e-16 1.10871e-16 4.7008
0.717121 0.237987 0.75558 3.6793 1.20955 4.56242 4.95263 0
0.356607 0.926554 0.99281 0.485016 1.82914 2.35634 1.3026 3.14872
2.16109 1.74633 1.38947 0.234957 3.27182 6.32407 6.91673 0
0.00934215 0.0165445 0.106795 0.25406 0.276248 2.1959 2.23038 3.15423
0.265212 3.3907 4.81012 0.460783 5.90904 3.61642 4.26424 0.375489
1.0295 0.774211 0.678555 2.31756 3.06137 3.23127 0.782437 0.0720528
0.0647369 0.0362061 0.0755826 0.932759 0.53451 2.61446 4.58491 4.38672
1.26981 0.19763 3.12498 3.45317 0.751927 0.760979 1.179 0
0.791825 0.1711 0.925922 1.23028 1.16776 2.04378 2.24779 0
0.721234 0.175297 1.22278 2.38299 2.64904 3.83956 1.76494 0
0.092638 0.153807 0.218062 0.28247 0.251792 0.909771 0.532022 1.1651
1.5199 0.137422 0.607526 6.72918 3.22334 4.1088 0.784334 0
0.943696 1.22529 1.50896 0.17156 8.3594 1.7816 4.52863 0
1.33035 0.147299 0.148199 3.22777 5.78828 2.08479 0.803349 0
2.48212 0.357241 2.71358 3.69487 1.29304 0.774743 0.782726 0
0.00992095 0.00553532 0.0577741 0.00588191 0.774713 10.1723 0.779232 1.20721
0.606168 0.349296 0.0523906 9.36842 3.10669 3.44215 0.784552 0.179966
0.216695 0.0185659 0.0186339 2.54776 1.16303 2.21707 7.96614 2.85956
0.119132 0.174555 0.29668 0.364254 0.515133 0.766128 0.682349 1.25828
2.54272 3.16851 3.84015 0.443666 5.6079 1.72566 5.69756 0.0979704
0.738787 0.288512 0.215251 1.22414 0.520576 5.48516 0.782964 0
2.24883 0.219528 0.59772 7.60604 0.776757 0.780449 0.784159 0
2.31268 5.97042 6.40269 0.660954 0.662713 0.664476 5.72971 0.209314
3.67133 3.09937 6.40131 0.592384 3.84376 5.03191 2.91743 0.0312614
3.31582 5.50583 1.30584 0.485506 7.73885 0.7518 3.03964 0.176042
1.87421 1.7007 3.64583 0.389045 4.45517 0.552302 6.37845 0
1.82336 1.93738 0.3085 6.35446 0.774012 0.778873 0.783764 0
0.23093 0.893268 0.578497 1.32934 1.20314 2.98224 0.926229 0.00127981
2.21984e-17 3.95555e-18 1.58645e-17 6.28068e-17 5.15428e-17 8.57989e-17 2.44243e-16 4.45389
1.57112 1.57112 0.790413 0.217074 7.30802 3.52715 4.72749 0.125103
0.344153 0.578743 0.203604 0.837483 0.73901 1.62496 0.533251 2.29109
2.0418 0.356429 4.19426 0.358824 5.27233 7.0579 2.37597 0
0.550615 1.38886 1.73843 0.707659 1.28052 2.71934 0.553177 3.88946
6.43775 3.76641 2.29663 0.552135 0.553515 7.84323 0.784745 0
2.34449 1.73548 1.57687 0.657936 7.28501 1.59114 1.03822 0
0.133929 0.159559 0.465817 0.148092 0.459742 3.03395 7.88671 0.0219343
3.45473 2.31979 5.24319 0.554938 6.40949 1.8255 0.784427 0.132069
0.634212 0.792026 0.637272 1.54687 2.18583 0.588487 3.08813 0.329568
0.657849 0.330175 0.235971 0.0603948 9.92278 1.33131 0.784602 0
1.42532 0.242472 0.245955 1.49989 2.48122 3.24914 0.781686 0.00446207
1.71531 0.296282 1.74071 2.46174 3.39455 1.29512 1.06249 0
1.96604 1.96604 3.48199 1.45561 5.4502 0.769783 1.39143 0
4.84809 2.96327 7.89311 0.759018 2.15755 1.11952 0.784604 0
0.164133 0.138579 0.218661 0.33265 0.424274 0.613336 0.87224 1.23353
0.874194 0.710887 1.13845 1.60176 2.48873 2.26869 1.78784 0.335686
0.598509 0.0409234 0.37477 10.3451 4.85824 0.78296 0.784788 0
1.04595 0.757187 0.990032 1.95932 1.52579 2.78589 1.43162 0.409154
3.29265 0.852432 0.544365 2.82659 1.56335 0.885556 1.18555 0.0519976
4.20116 7.10855 0.607443 0.609084 1.36271 2.34602 6.17337 0
4.97572 4.25979 1.40018 0.483985 8.49877 0.782677 0.784717 0
0.493812 0.493812 0.897963 0.271041 1.69155 3.55017 1.44884 4.52612
0.374394 0.265455 0.259748 0.568087 0.775131 1.0962 1.01689 0.722794
4.98689 8.09884 3.1205 0.758149 0.76032 0.762498 2.45127 0
0.00077586 0.00312984 0.00322457 0.00456023 0.00612246 0.0358724 0.0435335 3.23168
0.279366 0.0945657 0.0254798 3.42671 2.08605 3.85348 7.17829 0.709233
1.45994 0.865973 1.55537 2.30229 0.702752 0.540985 3.5224 0.00533036
0.455073 0.535958 0.712129 0.910205 1.41394 1.95682 1.39513 1.53152
1.78518 1.46823 2.39722 1.87484 2.25106 0.782168 0.805255 0
0.0170566 0.00176541 0.00710341 0.179326 0.180284 0.476637 5.2225 5.51584
0.359055 0.0288355 0.360211 6.34316 3.28375 5.51174 3.73361 0.674626
5.978 5.978 5.74873 0.96488 1.86775 0.78247 0.784665 0.00286006
0.103055 0.377675 0.143238 5.16285 5.40646 0.625527 6.21114 0
3.34907 0.276478 3.35924 0.392258 7.03595 4.11464 1.32036 0.117418
1.53576 1.53576 1.48069 2.6286 0.906248 0.82119 1.02912 0
1.61587 1.0732 1.5791 2.50127 0.662276 2.10852 0.780913 0.0206657
1.63044 1.2207 0.662775 2.14189 0.536358 0.573981 3.1293 0.706422
0.588331 0.113269 0.300581 0.462955 0.299445 0.569731 3.95058 0.605515
1.4628 4.34415 4.35053 0.528634 6.86381 0.7817 0.78443 0.112927
2.83862 3.6668 0.720928 3.42808 0.769633 0.776353 0.783131 0
0.532889 2.52079 0.479204 2.06651 0.620731 0.631376 2.41979 0.681158
1.13493 2.82665 2.99559 0.79528 3.34248 6.60773 0.784312 0
1.07547 0.363566 2.70067 2.92958 1.91177 1.52959 0.781961 0.0525994
0.124584 0.124584 0.193649 0.26375 0.263084 0.458257 0.612237 0.912869
1.22363 1.22363 0.588623 0.599196 5.69359 0.768706 1.18543 0
1.38555 6.21091 2.72047 0.572969 3.21375 5.01979 2.56788 0.246563
0.06712 0.0370186 0.083562 1.34792 5.50991 1.66392 7.25372 0
0.260412 0.116506 0.285286 5.17872 3.65523 6.35159 4.6215 0
1.77389 0.21902 0.220683 4.1183 0.635148 4.4226 0.839388 0.0557828
0.741518 0.870805 0.364767 0.824896 1.10478 2.97686 1.85151 0.182478
0.0781799 0.0429289 0.15267 0.176814 0.272942 0.370167 1.85938 2.11157
4.14834 0.444373 2.46379 1.73099 0.551154 0.554307 5.20421 0
2.10831 2.93789 2.30109 1.945 2.72286 0.774947 0.782778 0
0.124673 0.609613 0.0528667 0.0530572 7.37641 5.31293 1.68249 0
0.691371 7.40442 1.94065 1.85956 0.738339 2.73316 0.784236 0.0714102
2.05264 2.40958 1.29647 3.13513 0.734592 1.24149 1.18755 0
0.391476 0.0272058 0.392421 7.98565 7.92629 0.78288 0.784768 0
0.0979188 0.115119 0.0131111 1.74862 1.15794 0.397208 8.82003 0
1.42712 1.67957 5.17097 0.486092 1.1049 1.31042 6.93733 0
1.62483 1.62483 2.29786 1.11318 4.34745 3.58823 0.783572 0
2.17453 4.89924 5.61262 0.59342 3.45181 0.65105 5.7442 0
0.95219 0.163262 0.958859 2.33012 2.19998 3.48168 0.782154 0
0.393506 0.314503 7.00613 0.505046 2.77426 7.86268 0.784716 0.0478977
0.179862 0.179862 0.170986 0.306491 0.325335 0.541957 0.886823 1.17213
1.30539 0.189725 0.556538 1.06647 4.47308 2.40916 0.782674 0
7.87204 3.82132 0.677266 0.679292 0.789136 0.684056 4.98024 0
4.59187 3.66762 3.86627 0.545469 7.05565 1.67996 0.784614 0
2.51294 3.35995 0.336909 0.337993 4.22278 7.31328 2.63286 0
0.0218242 0.0218242 0.0377137 0.0487331 0.138797 0.234639 0.475357 2.15236
8.48343 0.613997 0.615603 0.617213 6.62081 0.782668 0.784715 0
2.82378 3.47135 1.97525 0.381212 0.546053 0.384728 8.80064 0
0.682722 1.39665 1.34811 0.196199 0.422837 0.712248 7.62853 2.26012
0.0126862 0.0617809 0.139637 0.917771 1.67335 3.06779 0.448937 6.15383
0.511153 0.311368 0.839323 3.8304 0.843962 4.05548 5.10269 0.247849
0.448026 0.606926 0.59935 2.16472 1.50265 4.90091 0.769367 1.07768
0.635188 0.144495 0.651416 0.921241 1.30283 2.80371 0.946698 0.8012
3.22697 2.14796 6.01008 0.55153 7.17303 0.782298 0.78462 0.026119
5.41646 3.84177 6.64058 0.722382 3.8366 0.782315 0.784626 0.0171639
8.0176 4.05574 3.02816 0.738515 0.740752 1.83024 2.78276 0
0.973802 0.564512 0.608892 1.96109 3.37646 2.63084 0.785363 0.0184228
4.88314 3.34483 2.9591 0.526425 7.25171 0.782099 0.78457 0.02996
1.25103 0.254112 1.27658 1.80536 0.925883 0.551651 2.77132 0.00269564
0.24257 0.124953 0.753831 2.72758 1.67458 3.21694 5.24218 0.401616
1.20112 0.7224 0.244486 1.42279 2.39317 0.545383 3.17385 0.732809
0.757136 0.0811668 0.756963 3.28741 0.823805 2.55296 5.91011 0
1.48719 1.48719 2.24412 0.241304 3.9545 5.01556 7.09307 0
1.69838 1.4798 9.04159 0.700278 3.96101 0.844375 2.4307 0
0.103231 0.937842 0.572443 0.121474 3.02037 3.44644 0.562893 5.36404
1.21918 0.176063 1.7152 4.5179 0.720183 1.99544 0.782635 0.0749609
4.2642 4.5443 7.55322 0.777095 0.779539 0.78199 0.804845 0
0.031647 0.136195 0.146 1.71094 1.72284 2.43646 3.40937 5.07074
0.237475 0.237475 0.189859 0.385792 0.344647 0.467191 0.738625 1.40766
0.216149 0.0584083 0.104239 2.55032 1.65503 5.76502 2.91515 3.89191
6.21893 0.458079 1.85423 0.479197 0.480495 3.77701 7.55311 0.0649586
0.0909257 0.0909257 0.172826 0.186222 0.324643 0.705228 0.858167 1.19175
1.68277 2.70562 8.20087 0.747557 0.75025 0.752954 0.755667 2.48722
0.556546 1.58484 0.35563 0.178029 3.03092 4.02074 0.551916 5.39889
1.51549 0.274399 1.54013 2.17807 1.1854 0.877526 3.41515 0
0.19291 2.27887 2.64666 0.296102 3.5104 3.46713 7.05872 0
0.341393 0.394727 0.52188 0.738049 0.478123 1.14806 0.78717 1.80436
0.513181 1.63345 1.23703 0.431864 1.03894 3.45773 0.825308 4.2854
4.43116 2.48757 0.469436 0.471434 0.473442 3.09024 0.554575 6.02886
1.54453 1.02237 0.204593 4.60724 1.05962 4.11719 2.86282 0
0.675592 0.170272 0.244473 0.0557801 9.80165 2.17328 2.67232 0.10232
0.122421 0.592855 0.990745 0.765424 0.568171 0.551929 2.20831 2.72727
2.69971 1.44576 3.06246 2.12366 0.679205 0.685906 2.7056 0.0519269
0.694342 0.490692 1.96542 2.14144 1.29368 3.29319 1.43972 1.11512
4.36336 1.44076 0.388709 0.482305 4.63664 0.55469 6.58061 0.0589689
1.66083e-19 4.34032e-20 7.91716e-19 9.81264e-18 1.4955e-17 5.14575e-17 5.81294e-16 9.53486
0.347243 0.347243 0.713519 0.866178 1.52154 1.95336 2.85888 0.748737
0.842287 1.50354 1.40626 0.177882 9.46857 0.777956 0.78044 1.00786
0.751414 0.063016 8.99144 1.32731 1.92738 0.781735 0.784479 0.0272577
3.03995 0.250739 3.71809 0.396668 5.84386 0.625099 5.76671 0.00767559
0.190235 0.190235 3.07091 0.559331 3.78781 4.91561 5.69707 0
0.30987 0.327768 2.75282 2.78953 0.646396 2.60652 0.78195 0
0.0379452 0.0379452 0.10922 0.121691 0.149496 0.903828 0.2351 3.03008
0.237947 0.421124 0.44648 0.658262 0.536298 1.07435 1.52366 0.785301
2.39943 9.68365 0.774787 0.77712 0.77946 0.853485 0.784612 0
1.37842 1.0003 1.63812 1.29325 3.29637 2.47802 2.87451 0
0.17215 0.17215 0.243458 0.344301 0.438678 0.690663 0.516851 1.14904
6.93739 0.51008 2.57048 0.54526 7.43587 1.72596 0.974676 0
8.00758 0.663088 3.58461 1.38314 2.1074 2.44723 0.784505 0
0.478168 0.376824 0.633086 0.878316 1.98334 2.0619 1.18853 0.0245564
0.512713 0.409759 0.0558407 7.74225 1.21907 0.669174 3.4884 3.33906
0.0914631 0.362143 0.496382 0.489913 0.791153 1.17866 1.41986 2.32854
4.90144 1.35111 7.89932 0.72574 1.54259 0.737593 3.47358 0
4.84923 0.535708 0.578052 0.500647 8.13739 1.39648 0.784532 0
3.85019 1.15571 8.32948 1.56548 0.773752 1.36583 0.784512 0
0.126083 0.13651 0.388559 5.13653 0.43222 7.52013 2.06064 0.766065
2.40375 4.26425 1.76926 1.08032 1.7097 1.89475 5.48276 0.00195825
3.36253 2.01605 2.86317 1.91578 2.96211 2.01639 1.41454 0.0721574
0.810878 1.80392 3.53319 2.11502 0.620586 1.18589 3.33348 0.251026
1.88484 1.88484 2.66556 1.45777 0.534906 4.22227 1.08429 0.0555919
0.0806956 0.129027 0.50997 0.373119 0.332854 1.66467 0.542459 1.93285
0.00935998 0.0141859 0.0110092 0.18037 0.368857 3.66174 3.33142 4.96747
0.54636 7.5884 7.60804 0.77467 0.776675 1.31136 0.846534 0
3.58521 7.03656 1.47322 1.19201 1.33445 2.74261 3.65461 0
2.06713 3.49193 7.0098 1.48706 1.41123 0.780859 0.784262 0
0.679519 0.548538 1.7743 0.143642 7.29323 7.55795 1.75551 0.0337723
2.30138 1.77196 0.503036 2.94775 0.721991 0.732739 1.59322 0
0.086963 0.221873 0.336577 0.415718 0.344506 0.767279 1.04436 1.50987
0.12019 0.244108 0.133969 0.303285 0.42891 0.60657 0.858819 1.21385
0.0165795 0.0165795 0.023447 0.0313082 0.137902 0.267348 0.304256 2.42121
6.46675 2.8134 7.05224 0.773757 0.776082 0.778414 1.27213 0.0357309
1.78223 1.03003 0.36377 2.09037 0.886142 0.545386 3.134 0.719878
1.83707 2.73262 2.38412 0.534811 4.10025 2.31447 6.24347 0.0874909
1.98845 0.772224 1.39907 2.80259 2.64401 1.13578 0.78193 0
2.63595 1.27671 2.92886 0.389832 5.28888 0.554538 6.7519 0.254586
0.668844 0.0513087 5.27539 0.407947 8.09271 3.26774 0.784631 0
0.966254 4.78279 6.51818 0.692056 1.04748 3.07467 2.11021 2.00441
0.615621 0.328436 0.465807 1.52236 0.291668 3.45239 2.69961 0.0719026
