299 4.65684
5.55584e-16 9.07337 1.12432e-29 1.45363e-101 0.0026785
4.02127e-16 3.85069e-60 2.29481e-119 6.23887e-44 6.56723
4.62269 6.23348e-70 5.72815e-30 7.64225e-32 3.35871e-98
6.81071 5.07189e-35 8.43942e-30 0 8.43942e-30
5.14029 6.36954e-30 6.94357e-19 0 3.01742e-111
4.37643e-16 7.14725 0 0 2.0829e-99
2.9662e-16 3.67554e-46 4.84417 2.76576e-34 7.63761e-32
4.4249e-32 7.22641e-16 11.8016 1.46239e-29 3.58586e-21
9.51947 0.00450066 1.40309e-27 1.1796e-29 2.81022e-134
5.4327 0.0221133 4.40956e-119 2.9292e-98 1.0924e-26
5.10772 1.30616e-37 1.87769e-14 0.0430949 0
5.80374 1.43726e-19 7.19164e-30 8.69195e-64 0
2.7254 1.48836e-23 9.3662e-52 1.27882e-56 6.45325e-06
4.09041 2.02415e-93 5.06859e-30 3.40893e-253 5.06859e-30
2.36764 8.08413e-78 4.52544e-55 0.00200408 5.08464e-51
12.5015 2.03645e-27 0 2.24158e-29 1.4908e-28
6.18466 1.04468e-35 9.72579e-93 2.27853e-36 6.14874e-21
4.356e-16 7.11389 0.0181341 0 1.19075e-151
6.43946 5.68883e-67 1.93893e-18 1.02963e-15 0
5.46041 1.21075e-89 0 1.41281e-28 3.89674e-83
5.02202 6.22299e-30 6.22299e-30 5.40833e-25 4.57566e-24
4.928e-16 6.31929e-18 8.0487 3.69344e-43 5.18391e-232
5.73969 1.31594e-84 1.98801e-28 7.63053e-66 2.97635e-33
8.56062 1.06078e-29 1.06078e-29 1.06078e-29 0
3.51644e-16 4.35736e-46 5.74278 2.68733e-65 0
4.93112 6.11034e-30 6.11034e-30 6.11034e-30 5.26883e-28
6.55505 0 8.12262e-30 9.05263e-29 9.35827e-66
5.79321e-16 9.46103 9.70511e-65 6.04997e-11 8.96082e-16
9.39806 0.809674 0.0438533 0 6.851e-113
5.32592 6.59956e-30 2.55333e-11 6.59956e-30 0
8.8541 1.57862e-62 4.93701e-108 0 7.37448e-08
5.8913 6.64898e-20 1.72891e-18 7.30015e-30 7.30015e-30
5.20305e-16 6.4473e-46 2.49911e-29 1.87517e-38 8.49722
7.03072 0 8.71204e-30 2.62973e-55 6.38654e-22
6.22175 0 1.39574e-69 2.66194e-16 2.93026e-128
5.92487 7.34175e-30 7.05097e-52 0 7.34175e-30
8.46203 2.97923 1.11165e-29 0 0
7.52005 5.71779e-33 1.66448e-57 3.13773e-26 1.62498e-18
7.35116 9.10911e-30 1.45577e-12 9.10911e-30 0
3.47542e-32 9.44013e-141 5.67579e-16 9.26927 0
3.98116e-16 2.49236e-88 5.07472e-66 6.50173 4.1065e-51
5.59716e-16 9.14086 8.628e-08 0 0
2.8039 1.58567e-31 5.51953e-52 5.52662e-36 3.47442e-30
6.27055e-16 4.69309e-266 10.2406 6.96457e-141 1.82975e-15
9.28737 2.83834e-99 1.01824e-24 1.15084e-29 4.10314e-82
7.20488 6.19064e-14 5.26558e-37 3.06004e-43 0
3.63422 4.50331e-30 4.50331e-30 4.50331e-30 0
3.57098e-16 5.83185 4.48932e-102 4.39925e-09 8.83857e-67
5.72228 1.61872e-17 6.29967e-94 0 6.64906e-74
6.85753 2.98973e-78 8.43501e-26 0 0
5.55626e-16 9.07407 5.85147e-128 4.9101e-39 9.51697e-135
6.07707 7.53034e-30 3.48291e-37 4.21949e-26 8.04959e-61
7.31344 1.03275e-13 0 4.84194e-26 9.06238e-30
5.8087e-16 0 2.87862e-107 3.82822e-132 9.48633
12.1412 4.92597e-06 0 1.1988e-82 1.16291e-23
17.4644 3.62251e-61 4.18438e-23 0 1.5926e-12
5.22732e-16 8.53686 2.4147e-09 1.86874e-86 0
6.95308 9.56896e-15 4.78903e-68 2.44152e-07 2.40724e-69
5.85691e-16 0 9.56506 0 4.06398e-11
6.90059 1.13448e-07 4.88618e-45 0 0
4.59417e-16 0 7.50285 9.29708e-30 3.28318e-29
6.20171e-16 6.2786e-26 5.20222e-147 10.1282 0.000272655
8.58528 8.15575e-12 7.24422e-28 0 0
7.54584 2.40095e-89 0 2.33121e-45 2.33348e-09
7.52758 9.32772e-30 1.95561e-34 2.86866e-80 9.32772e-30
7.28875 4.22756e-10 2.18864e-83 1.13297e-40 4.0206e-87
5.87932 6.91648e-201 0.0151571 1.1159e-87 8.83047e-103
2.98341e-32 1.19667e-196 4.87227e-16 6.03743e-46 7.95702
6.51002 5.86615e-106 0.000170128 3.08784e-15 4.24857e-76
10.366 7.00303e-43 1.40029e-31 8.67476e-154 9.59668e-17
5.55716 4.485e-32 1.07228e-09 6.99493e-28 0
4.81116e-16 1.49036e-49 0 3.30695e-82 7.85722
7.57138 0 4.74246e-22 2.89522e-19 9.382e-30
4.46581e-32 7.29322e-16 1.75009e-103 0 11.9107
5.06675 0.000128336 9.72092e-62 1.92426e-64 1.49275e-25
5.02897e-16 2.70042e-35 8.21293 7.94682e-11 6.56751e-48
6.22124 7.70899e-30 1.76506e-14 9.10172e-92 8.56875e-37
3.52635 3.4829e-06 4.36963e-30 9.13431e-74 9.15765e-114
4.38282e-16 7.15768 0 4.72681e-59 0
3.78606 2.75335e-35 3.0817e-18 7.22534e-39 3.24334e-148
5.36197e-16 6.69766e-73 8.75677 1.08509e-29 0
5.01692e-16 8.19325 1.51513e-26 3.87216e-15 1.01526e-29
7.39936 0 9.16884e-30 4.89278e-103 2.27798e-20
4.03281e-16 1.26713e-50 6.58608 0 0
8.82004 0.0391502 2.87457e-31 4.98655e-15 2.53494e-31
5.50397e-16 0 8.98866 0 6.39921e-143
4.81361e-16 5.96474e-46 0 6.43552e-124 7.86122
7.36046 6.26998e-38 9.12064e-30 0.00110881 3.17453e-26
4.11082e-16 6.71349 4.77189e-33 1.13172e-58 1.87338e-31
5.42095 2.67512e-36 8.88514e-15 0 2.68807e-95
3.88548e-16 5.07668e-76 6.34547 7.86293e-30 0
18.7071 9.08157e-05 3.43624e-84 8.69161e-07 1.02135e-12
4.93114 4.13562e-153 1.27279e-46 4.58748e-22 6.10641e-70
4.56798 4.12631e-42 3.84964e-19 1.48612e-74 1.13331e-122
4.36043 1.06081e-25 6.0262e-85 5.40319e-30 6.52868e-59
6.95954 2.53925e-13 1.76214e-51 1.36812e-09 9.4181e-41
5.6109 2.60223e-47 6.95269e-30 5.01565e-142 1.53701e-52
6.10819 0 2.15543e-12 4.89612e-175 3.81265e-157
6.04435 0 7.48979e-30 2.44187e-63 7.48979e-30
6.57143 1.12822e-20 1.49477e-11 0 0
11.1987 1.29476e-10 4.39639e-107 0 1.96776e-33
6.4002 1.28159e-22 5.03111e-67 0 5.51424e-05
6.13574 1.62565e-83 7.60304e-30 7.60304e-30 5.3363e-90
6.71489 4.31647e-23 8.32069e-30 1.81679e-48 8.32069e-30
7.74712 0 9.60013e-32 2.06316e-197 2.74517e-66
6.17854e-16 5.13957e-49 1.20148e-70 10.0903 1.25033e-29
5.18534 1.32434e-38 1.86801e-13 1.66253e-47 1.74172e-99
5.46748 0 1.17073e-95 1.91307e-09 6.17132e-43
7.71092 0 1.01402e-107 9.55491e-30 3.825e-13
9.00206 1.11548e-29 7.56303e-14 5.85406e-28 0
8.17645 0 1.01318e-29 0 1.34975e-10
5.18743 0 1.96483e-57 6.42795e-30 6.78009e-128
9.72611 4.805e-29 1.2052e-29 1.2052e-29 4.71546e-49
10.3178 4.71786e-23 1.63136e-39 0 6.9389e-28
3.45099e-32 1.55594e-108 5.6359e-16 9.20413 6.20435e-47
6.69692 3.09496e-29 8.29842e-30 1.12432e-68 1.42935e-93
7.88399 1.88947e-47 5.28789e-146 0 4.80488e-21
4.93094e-16 6.2299e-64 1.18185e-21 7.76187e-31 8.05284
6.68906 0 0.000254568 4.98304e-77 3.56046e-80
4.02362e-16 1.71834e-36 6.57107 8.80294e-50 1.07637e-12
4.08584e-16 2.89434e-129 6.67269 8.26839e-30 6.3748e-63
15.0357 1.16737e-05 0 9.4598e-19 5.79587e-06
4.49593e-16 7.3424 6.59069e-26 1.13525e-15 9.09827e-30
3.06693e-16 1.13532e-125 5.00868 1.99555e-29 3.15299e-86
7.37568 5.16972e-91 8.09984e-08 0 2.19885e-85
5.66446 7.01906e-30 0 3.55759e-54 1.67956e-168
4.29318 0 5.31985e-30 6.13493e-16 1.70217e-05
8.18062 6.57063e-23 1.96663e-62 2.86549e-34 0
8.59353 1.06486e-29 0 2.29794e-31 8.05071e-23
6.84018 1.81055e-11 8.47594e-30 3.51792e-197 0
5.37431e-16 8.77691 1.05334e-38 4.47305e-06 0
5.92018 4.79377e-27 3.88668e-93 7.33592e-30 1.71576e-71
5.13681 3.80289e-123 0.632362 6.07621e-96 2.02251e-18
5.44989e-16 8.90035 1.10288e-29 2.06748e-60 1.3504e-39
7.32035 4.92658e-25 0 1.8795e-43 1.29509
8.78124 1.08812e-29 1.1083e-107 1.08812e-29 2.41165e-60
2.41344e-32 3.94145e-16 0 6.43687 5.55948e-25
7.03572 1.07293e-18 2.01605e-46 0 5.76186e-35
7.77211 4.23447e-76 0.0015565 7.23734e-54 2.6351e-106
4.01128e-16 0 6.55092 4.48124e-76 0
4.01241 4.97194e-30 4.97194e-30 4.97194e-30 3.30167e-35
7.84102 1.0591e-24 3.31065e-49 1.26262e-10 9.71613e-30
5.63395 1.37491e-26 5.25279 2.03191e-70 9.54485e-30
11.8991 6.17121e-62 8.35207e-129 1.63365e-08 1.89003e-15
6.22737 7.71659e-30 7.71659e-30 1.40749e-50 5.30918e-12
6.14537 1.01095e-24 8.56269e-80 7.61498e-30 7.8498e-10
5.03077e-16 8.21588 1.01806e-29 1.83882e-05 1.01806e-29
4.87039 6.03509e-30 2.84244e-06 1.69263e-71 5.33277e-56
9.27546 8.94248e-22 3.42303e-88 3.24059e-86 0
4.63658 7.34015e-30 5.81589e-22 9.87205e-31 6.26351e-134
4.9641 0 9.88462e-70 1.79175e-18 2.30937e-64
8.9993 0 1.73109e-48 1.56125e-72 1.11514e-29
5.30884 1.10643e-44 6.5784e-30 5.55839e-47 1.0391e-264
3.23406e-16 5.28162 6.11802e-35 4.72457e-59 4.90365e-90
7.85807 1.85492e-40 2.62312e-32 0 2.65476e-31
3.86113 2.00366e-29 0.000106627 1.50447e-37 2.91622e-33
8.44426 0 1.35127e-20 4.72047e-94 2.77422e-24
8.6203 0 1.06818e-29 1.79834e-98 5.51577e-11
7.55776 1.3702e-07 2.09268e-05 9.36512e-30 2.23901e-22
5.6744 1.1299e-69 5.71659e-19 7.03137e-30 7.03137e-30
7.54159 9.34509e-30 1.30335e-121 6.07923e-48 9.34509e-30
5.39984e-16 7.78599e-31 4.01588e-78 0 8.81861
5.99851 2.12171e-47 7.433e-30 7.433e-30 1.69616e-13
6.20267 0 3.18091e-35 1.77968e-81 1.60466e-17
6.08245 1.67988e-132 7.537e-30 1.6313e-89 7.537e-30
6.66226 8.11028e-83 1.62565e-20 0 0
4.73486e-16 7.73262 0 5.88813e-12 2.06597e-51
6.17768 2.64921e-14 1.14603e-23 0 7.655e-30
5.79442e-16 0 0 0 9.46301
3.20343 3.96949e-30 2.9566e-39 1.13782e-37 2.55029e-10
7.68081 8.6129e-27 4.42766e-127 0 7.45772e-46
3.19165 3.9549e-30 1.11754e-12 9.61376e-145 6.64526e-66
5.88201 1.80477e-06 0.182851 7.29215e-30 1.82157e-56
2.56383 1.06907e-33 1.65731e-79 8.6923e-14 6.87212e-55
3.70747e-16 0 0 6.05476 0
8.78235 6.00821e-29 4.94985e-14 0 0.000146785
4.33861e-16 2.00908e-44 0 7.08549 1.28622e-30
7.71843 9.56422e-30 3.90354e-46 0 9.56422e-30
5.42886 1.64947e-34 5.33864e-53 7.40845e-44 0.00154989
4.68727e-16 4.55529e-76 9.58087e-38 0 7.65489
8.10649 1.00451e-29 2.02135e-162 0 3.03959e-97
7.44276 9.07866e-37 4.16327e-53 4.33407e-26 4.44807e-22
5.23227 4.42657e-20 1.46827e-72 0 3.87806e-79
7.94493 9.50457e-64 1.25146e-21 0 4.63557e-197
6.79003 0 3.01802e-197 8.41379e-30 5.35034e-33
3.9895 5.80774e-64 4.94355e-30 2.88711e-29 1.73955e-58
6.13641 3.1598e-27 6.72076e-84 6.07907e-29 3.11627e-33
10.9405 4.90574e-05 1.19208e-28 0 2.97735e-07
6.90511 2.56296e-06 8.55639e-30 2.49163e-128 0
9.04293 1.36923e-109 5.49585e-35 1.04564e-159 2.30472e-09
7.65136 6.84264e-23 4.04619e-09 9.4811e-30 9.4811e-30
5.65372 7.35419e-09 9.71412e-13 2.45839e-280 4.27142e-42
3.62949e-16 0 1.04703e-174 5.92741 7.34489e-30
7.64947 1.31947e-59 1.34985e-48 3.75666e-26 3.42328e-33
8.7348 4.48546e-91 5.83253e-05 6.19513e-58 4.45483e-05
3.61327 4.47735e-30 6.3488e-66 1.53212e-85 2.06484e-12
6.96085 1.58864e-127 2.8195e-21 4.04685e-28 8.62547e-30
8.96287 2.37409e-21 6.70838e-24 0 0.000181693
8.49816e-16 2.22301e-134 0 13.8786 7.26168e-35
6.44532 1.37432e-09 5.09312e-23 1.24158e-27 1.22074e-48
4.65843 5.77245e-30 5.77245e-30 6.80334e-57 5.77245e-30
5.52312 1.92041e-21 4.04306e-06 5.30326e-18 7.62773e-48
4.11872e-16 5.10367e-46 0 6.72638 7.68967e-10
5.51271e-16 2.25362e-27 4.6475e-138 1.19298e-18 9.00296
6.96148 1.72901e-69 8.62625e-30 8.62625e-30 0
2.44991e-16 1.35348e-38 6.60292e-71 0 4.00101
5.25688e-16 6.65556e-52 7.51941e-39 8.58513 2.96546e-51
6.05326 7.38432e-191 7.21839e-65 5.90771e-24 5.94536e-75
3.87277e-16 3.11691e-60 5.61871e-319 0 6.32471
9.71975 0 7.53346e-17 0 6.28035e-44
6.40691 3.58446e-37 2.4144e-82 1.62792e-156 0
8.30092 2.67721e-51 1.34403e-37 1.06608e-71 5.74335e-17
8.2944 0.196208 0 2.88431e-32 5.48589e-34
5.07848e-16 8.29379 0 7.36523e-89 3.98964e-23
5.11615 3.38272e-22 0.00263147 5.68108e-148 0
2.77997 2.36815e-44 1.04077e-32 4.61974e-09 0
5.40978e-16 8.83485 1.1115e-163 1.09476e-29 0
8.52661 1.05657e-29 9.23098e-15 6.00176e-67 0
6.31106 7.71753e-16 1.4066e-30 2.71192e-25 7.69305e-30
5.01767 6.2176e-30 6.2176e-30 9.8945e-72 5.36099e-29
3.79491e-16 6.24354e-51 0 6.19756 7.70614e-16
5.16376 1.33268e-52 2.55148e-14 0 7.20279e-122
7.20179 2.595e-39 0 6.08253e-31 8.92402e-30
7.51963 8.97967e-25 9.31787e-30 0 5.70772e-83
4.12427e-16 0 6.73544 8.34616e-30 5.23746e-48
3.99987e-16 6.53229 7.24887e-218 4.72053e-38 0
4.23207e-16 5.24413e-46 5.24413e-46 8.38647e-52 6.9115
7.61337 0 9.43403e-30 4.11363e-21 4.81233e-48
5.91394 7.3282e-30 5.13338e-46 1.71431e-50 5.18988e-27
5.43685 6.73702e-30 3.53953e-35 6.6358e-88 3.69983e-39
8.74845 1.82279e-72 2.11213e-23 1.17326e-36 0
3.03168 5.07284 4.19667e-41 6.55896e-72 2.04772e-70
8.00099 0 0 1.04586e-27 9.91434e-30
7.59275 3.45235e-192 1.765e-12 0 3.23713e-28
5.28658 6.59363e-68 7.01405e-28 6.28867e-31 3.56336e-50
5.07358 6.28688e-30 6.6031e-41 1.96622e-64 4.31603e-06
6.18675 1.03212e-31 2.00306e-93 1.81457e-15 1.76722e-141
4.61611 1.12195e-78 1.22631e-09 8.34037e-58 6.19291
14.2467 0 2.051e-122 6.65628e-09 2.05508e-89
2.94406 1.43142e-42 5.25714e-64 8.31761e-36 8.62565e-27
4.85599 1.81693e-46 4.06268e-19 7.8131e-37 5.99553e-47
8.87941 1.69437e-25 5.11636e-26 0 3.15984e-195
6.08223 7.90455e-115 5.93439e-08 1.23019e-45 3.58546e-117
8.60894 5.33474e-44 0 3.55636e-101 0
7.26263 0 1.36235e-90 8.99941e-30 1.03592e-21
4.53991e-16 4.8948e-36 7.41423 1.83976e-44 0
5.46385e-16 0 8.92314 7.74438e-07 0
3.53461 3.02376e-63 6.35436e-53 2.28517e-42 9.0877e-41
4.95379e-16 9.73476e-121 6.13844e-46 0 8.09015
5.09458 2.48024e-35 3.06399e-08 3.73184e-162 9.75521e-18
4.8276e-16 0 7.88407 5.58572e-43 9.76946e-30
10.1056 2.03969e-20 4.37574e-140 0 9.55041e-37
6.77233 1.61729e-66 5.884e-14 7.67739e-27 1.50814e-07
4.69892 1.46934e-107 1.62276e-169 5.63418e-35 9.25051e-139
7.23572 0 1.38565e-75 0.000129041 0
7.71583 0 9.56099e-30 0 1.23253e-97
6.40448 1.23576e-112 2.35857e-50 1.71339e-77 6.70331e-31
5.22697e-16 2.28257e-115 6.47694e-46 7.24154e-51 8.53628
6.64445 5.41678e-51 8.2334e-30 1.16874e-43 8.2334e-30
10.4662 4.78765e-28 1.69892e-25 0.000486687 0
7.21039 1.72167e-40 1.09664e-60 3.25186e-43 8.13506e-13
6.15366 2.35518e-62 0 2.21333e-43 7.62524e-30
4.91848 2.85011e-94 8.02196e-44 2.44198e-37 3.73398e-10
8.35825 4.69334e-74 6.43841e-28 4.75893e-71 1.0357e-29
5.44583 3.47975e-76 2.36735e-40 1.61151e-43 0
6.12063 2.36164e-29 7.64755e-74 0 2.03727e-38
7.44848 0 3.10735e-27 3.60917e-108 1.95279e-17
7.62388 2.33252e-23 9.44705e-30 9.44705e-30 2.54314e-81
5.01522 2.88283e-12 0 3.30719e-87 5.85544e-23
4.1599 1.46926e-29 1.75462e-19 2.28142e-21 1.84591e-08
5.81795 6.14903e-32 7.20925e-30 8.35091e-76 1.87542e-22
5.36275 9.02948e-45 3.20631e-14 1.50394e-43 6.64519e-30
6.50771 8.06396e-30 0.00501293 3.47827e-42 2.48613e-97
4.22598 5.23659e-30 5.62587e-15 0 5.23659e-30
7.5412 7.88589e-12 0.0182876 0 1.07153e-47
6.85515 0.000666296 1.48462e-71 1.09285e-27 3.57511e-10
4.60181 4.71795e-76 9.91038e-33 1.49348e-100 1.50772e-22
4.23217e-16 0 0 6.91166 8.56451e-30
4.7088 5.83486e-30 0 2.34452e-32 1.42803e-44
8.06698 3.74354e-18 9.99611e-30 9.99611e-30 5.151e-94
3.20113 0 1.01119e-173 4.39183e-30 2.46215e-31
9.21991 3.02275e-23 0 7.79161e-13 1.76485e-49
3.94557e-16 0 4.36227e-55 0 6.44361
7.06463 0 2.87109e-40 1.40017e-08 8.98973e-61
5.06527e-16 8.27221 0 0 2.8088e-64
5.56983 3.68909e-40 6.90179e-30 6.90179e-30 4.90656e-37
6.29118 1.13988e-32 5.01661e-23 3.49754e-40 1.21797e-46
3.89563 1.39906e-19 4.98897e-159 4.37012e-22 1.34312e-27
6.42413 1.2672e-34 7.96039e-30 4.82584e-44 0
9.52586 1.21338e-27 3.86372e-43 0 1.96476e-10
6.05495 8.7261e-65 9.69432e-30 0 7.50293e-30
6.48961 2.71314e-06 0 8.04153e-30 8.04153e-30
4.9843 1.68903e-13 7.06518e-69 2.72109e-37 1.06549e-46
5.36285e-16 5.80921e-72 8.7582 1.08526e-29 2.49993e-18
6.53048 3.00102e-34 2.98361e-51 4.05893e-100 8.09218e-30
8.66746 0.064784 2.13006e-70 1.02853e-92 2.17526e-92
5.85425 3.94159e-68 1.88512e-23 4.18912e-25 0
4.25851 0 3.08746 0 6.76804e-26
7.63582 1.03685e-177 0 0.189677 5.79927e-68
9.90072 1.54529e-13 1.25946 0 1.26646e-123
