408 1.47734
4.72971 16.0856 6.37395e-27 8.40445e-47 9.15668e-103
10.2279 3.08102e-188 2.62432e-05 1.97198e-49 13.5789
12.7136 11.3373 7.05702e-98 2.11813e-311 4.43776e-20
3.57984 12.2564 11.6742 8.6651e-47 5.10825e-10
7.3855 6.59608 4.3516 9.62461e-311 14.4061
0.811718 9.38121 0.000127512 8.90741e-311 12.5226
16.6479 1.42944e-111 1.72855e-229 8.27389e-37 4.34771e-20
18.4861 2.24853e-05 7.56278e-98 2.49336e-249 5.46021e-10
3.93042 13.3301 2.96444e-68 0.666664 5.33222e-266
9.02553 8.05301 2.60294e-68 12.3261 1.39201e-265
1.69293 5.7807 2.64632 6.67982 12.4551
3.27642 11.2092 0.000158183 11.8731 2.43665
8.69467 7.45869e-14 6.43252e-26 1.05069e-17 11.5506
3.93042 13.3301 2.96444e-68 0.666664 5.33222e-266
7.50999 2.74974e-45 1.18967e-85 7.65813 14.2208
6.0655 3.84545 1.55071e-68 7.31612 13.6031
15.7802 0.0209946 3.39829e-68 2.08385e-249 4.54685e-52
9.55896 1.11008e-50 4.19625 10.64 3.63592e-27
8.32347 1.01103e-05 7.59049 11.4803 2.35067
2.72543 9.27134 0.401551 2.63769e-116 12.839
6.35589 5.67617 7.78577 11.7193 9.00764e-103
10.8276 1.31498e-05 9.87824 1.37897e-62 4.1946e-52
16.4756 1.42387e-111 6.85046e-98 2.71527e-249 2.1076e-05
4.36647 14.9527 0.000210726 0.412438 4.78658e-16
3.93042 13.3301 2.96444e-68 0.666664 5.33222e-266
10.5954 9.44572 6.23435 5.82047e-311 1.63224e-146
4.36647 14.9527 0.000210726 0.412438 4.78658e-16
13.7012 12.2378 7.61066e-98 1.73606e-62 9.82297e-266
13.5231 1.64307e-05 5.93748 3.48776e-310 4.35988e-10
15.3407 1.8654e-05 6.73095 4.5842e-116 4.80214e-52
18.4861 2.24853e-05 7.56278e-98 2.49336e-249 5.46021e-10
16.8265 2.00882e-42 7.39234 3.18716e-310 4.47573e-27
5.32817 4.75192 2.70926e-27 7.26404 13.5351
2.72543 9.27134 0.401551 2.63769e-116 12.839
6.0655 3.84545 1.55071e-68 7.31612 13.6031
6.64936 5.9364e-21 2.91844 7.38126 13.7339
11.7921 1.01239e-111 5.17001 2.47771e-49 4.63279e-07
4.72971 16.0856 6.37395e-27 8.40445e-47 9.15668e-103
2.25119 7.70544 3.52769 4.36646e-37 11.6479
3.57984 12.2564 11.6742 8.6651e-47 5.10825e-10
8.01867 7.14679 1.71849e-85 10.9344 9.48108e-82
6.35589 5.67617 7.78577 11.7193 9.00764e-103
5.00731 4.47255 6.12961 0.240647 12.0927
8.01867 7.14679 1.71849e-85 10.9344 9.48108e-82
3.93042 13.3301 2.96444e-68 0.666664 5.33222e-266
4.42844 15.088 2.53143e-85 1.1e-310 4.82664e-16
7.20838 4.56539 3.7468 4.64349e-37 12.3906
8.48017 7.58512 10.3705 0.407079 8.48451e-103
4.55294 5.11478 5.06728e-26 6.9671 12.9828
4.55294 5.11478 5.06728e-26 6.9671 12.9828
13.1004 8.30991 2.46614e-85 1.46269e-62 3.78185e-27
5.00731 4.47255 6.12961 0.240647 12.0927
10.8182 1.3146e-05 4.75074 12.0487 1.76618e-134
1.97603 6.73153 6.40832 1.50296e-69 12.6233
16.8265 2.00882e-42 7.39234 3.18716e-310 4.47573e-27
8.48017 7.58512 10.3705 0.407079 8.48451e-103
6.64936 5.9364e-21 2.91844 7.38126 13.7339
0.811718 9.38121 0.000127512 8.90741e-311 12.5226
5.00731 4.47255 6.12961 0.240647 12.0927
4.72971 16.0856 6.37395e-27 8.40445e-47 9.15668e-103
1.97603 6.73153 6.40832 1.50296e-69 12.6233
0.811718 9.38121 0.000127512 8.90741e-311 12.5226
15.3407 1.8654e-05 6.73095 4.5842e-116 4.80214e-52
8.69467 7.45869e-14 6.43252e-26 1.05069e-17 11.5506
2.35115 8.05524 3.67929 8.64058e-63 12.1518
9.81767 3.31785e-27 1.87473e-32 1.72373e-05 13.037
6.56479 4.2573e-08 5.98675 1.08964e-249 11.7864
9.12337 1.64637e-38 4.00257 1.23914e-249 13.2187
10.5894 3.57088e-19 4.95151e-11 1.27788e-17 14.0687
3.93042 13.3301 2.96444e-68 0.666664 5.33222e-266
5.00731 4.47255 6.12961 0.240647 12.0927
14.6411 0.0194756 6.42156 4.41389e-116 3.89316e-27
11.7921 1.01239e-111 5.17001 2.47771e-49 4.63279e-07
8.32347 1.01103e-05 7.59049 11.4803 2.35067
9.55896 1.11008e-50 4.19625 10.64 3.63592e-27
11.3377 3.19925e-83 2.90814e-05 11.5192 2.36229
6.19657 5.54227 3.64506 4.53903e-47 12.0818
14.6411 0.0194756 6.42156 4.41389e-116 3.89316e-27
12.1075 4.08409e-19 11.0199 3.14771e-49 3.10471e-57
12.7136 11.3373 7.05702e-98 2.11813e-311 4.43776e-20
1.97603 6.73153 6.40832 1.50296e-69 12.6233
3.27642 11.2092 0.000158183 11.8731 2.43665
15.3407 1.8654e-05 6.73095 4.5842e-116 4.80214e-52
5.32817 4.75192 2.70926e-27 7.26404 13.5351
7.50999 2.74974e-45 1.18967e-85 7.65813 14.2208
6.35589 5.67617 7.78577 11.7193 9.00764e-103
7.3855 6.59608 4.3516 9.62461e-311 14.4061
6.64936 5.9364e-21 2.91844 7.38126 13.7339
10.8182 1.3146e-05 4.75074 12.0487 1.76618e-134
7.76282 6.94005 4.57809 11.5887 1.70795e-146
2.25119 7.70544 3.52769 4.36646e-37 11.6479
2.25119 7.70544 3.52769 4.36646e-37 11.6479
7.50999 2.74974e-45 1.18967e-85 7.65813 14.2208
6.19657 5.54227 3.64506 4.53903e-47 12.0818
13.5231 1.64307e-05 5.93748 3.48776e-310 4.35988e-10
2.35115 8.05524 3.67929 8.64058e-63 12.1518
15.7802 0.0209946 3.39829e-68 2.08385e-249 4.54685e-52
3.93042 13.3301 2.96444e-68 0.666664 5.33222e-266
9.12337 1.64637e-38 4.00257 1.23914e-249 13.2187
13.1004 8.30991 2.46614e-85 1.46269e-62 3.78185e-27
8.32347 1.01103e-05 7.59049 11.4803 2.35067
10.2279 3.08102e-188 2.62432e-05 1.97198e-49 13.5789
2.25119 7.70544 3.52769 4.36646e-37 11.6479
7.3855 6.59608 4.3516 9.62461e-311 14.4061
9.02553 8.05301 2.60294e-68 12.3261 1.39201e-265
9.12337 1.64637e-38 4.00257 1.23914e-249 13.2187
12.7136 11.3373 7.05702e-98 2.11813e-311 4.43776e-20
3.27642 11.2092 0.000158183 11.8731 2.43665
7.3855 6.59608 4.3516 9.62461e-311 14.4061
3.93042 13.3301 2.96444e-68 0.666664 5.33222e-266
6.19657 5.54227 3.64506 4.53903e-47 12.0818
1.69293 5.7807 2.64632 6.67982 12.4551
10.2279 3.08102e-188 2.62432e-05 1.97198e-49 13.5789
3.57984 12.2564 11.6742 8.6651e-47 5.10825e-10
8.48017 7.58512 10.3705 0.407079 8.48451e-103
10.8182 1.3146e-05 4.75074 12.0487 1.76618e-134
8.69467 7.45869e-14 6.43252e-26 1.05069e-17 11.5506
9.12337 1.64637e-38 4.00257 1.23914e-249 13.2187
2.25119 7.70544 3.52769 4.36646e-37 11.6479
2.25119 7.70544 3.52769 4.36646e-37 11.6479
16.1494 4.57669e-83 6.11842e-27 3.24628e-68 1.65699e-146
16.4756 1.42387e-111 6.85046e-98 2.71527e-249 2.1076e-05
6.0655 3.84545 1.55071e-68 7.31612 13.6031
5.00731 4.47255 6.12961 0.240647 12.0927
3.27642 11.2092 0.000158183 11.8731 2.43665
16.1494 4.57669e-83 6.11842e-27 3.24628e-68 1.65699e-146
16.8265 2.00882e-42 7.39234 3.18716e-310 4.47573e-27
10.5954 9.44572 6.23435 5.82047e-311 1.63224e-146
13.1004 8.30991 2.46614e-85 1.46269e-62 3.78185e-27
6.35589 5.67617 7.78577 11.7193 9.00764e-103
3.27642 11.2092 0.000158183 11.8731 2.43665
3.93042 13.3301 2.96444e-68 0.666664 5.33222e-266
13.7012 12.2378 7.61066e-98 1.73606e-62 9.82297e-266
7.76282 6.94005 4.57809 11.5887 1.70795e-146
10.5954 9.44572 6.23435 5.82047e-311 1.63224e-146
9.55896 1.11008e-50 4.19625 10.64 3.63592e-27
7.76282 6.94005 4.57809 11.5887 1.70795e-146
7.76282 6.94005 4.57809 11.5887 1.70795e-146
4.55294 5.11478 5.06728e-26 6.9671 12.9828
8.48017 7.58512 10.3705 0.407079 8.48451e-103
7.3855 6.59608 4.3516 9.62461e-311 14.4061
7.76282 6.94005 4.57809 11.5887 1.70795e-146
9.12337 1.64637e-38 4.00257 1.23914e-249 13.2187
10.8182 1.3146e-05 4.75074 12.0487 1.76618e-134
3.57984 12.2564 11.6742 8.6651e-47 5.10825e-10
15.9322 2.7266e-19 6.0469e-27 7.98581e-47 5.72817e-81
1.69293 5.7807 2.64632 6.67982 12.4551
13.1004 8.30991 2.46614e-85 1.46269e-62 3.78185e-27
11.7921 1.01239e-111 5.17001 2.47771e-49 4.63279e-07
16.8265 2.00882e-42 7.39234 3.18716e-310 4.47573e-27
16.6479 1.42944e-111 1.72855e-229 8.27389e-37 4.34771e-20
13.7012 12.2378 7.61066e-98 1.73606e-62 9.82297e-266
9.55896 1.11008e-50 4.19625 10.64 3.63592e-27
16.4756 1.42387e-111 6.85046e-98 2.71527e-249 2.1076e-05
16.6479 1.42944e-111 1.72855e-229 8.27389e-37 4.34771e-20
13.1004 8.30991 2.46614e-85 1.46269e-62 3.78185e-27
9.81767 3.31785e-27 1.87473e-32 1.72373e-05 13.037
13.1004 8.30991 2.46614e-85 1.46269e-62 3.78185e-27
16.8265 2.00882e-42 7.39234 3.18716e-310 4.47573e-27
9.12337 1.64637e-38 4.00257 1.23914e-249 13.2187
13.1004 8.30991 2.46614e-85 1.46269e-62 3.78185e-27
4.36647 14.9527 0.000210726 0.412438 4.78658e-16
3.27642 11.2092 0.000158183 11.8731 2.43665
6.64936 5.9364e-21 2.91844 7.38126 13.7339
6.0655 3.84545 1.55071e-68 7.31612 13.6031
8.69467 7.45869e-14 6.43252e-26 1.05069e-17 11.5506
13.5231 1.64307e-05 5.93748 3.48776e-310 4.35988e-10
5.00731 4.47255 6.12961 0.240647 12.0927
12.7136 11.3373 7.05702e-98 2.11813e-311 4.43776e-20
9.81767 3.31785e-27 1.87473e-32 1.72373e-05 13.037
4.36647 14.9527 0.000210726 0.412438 4.78658e-16
5.00731 4.47255 6.12961 0.240647 12.0927
11.4636 1.36992e-42 2.46049e-68 11.686 3.11752e-57
3.27642 11.2092 0.000158183 11.8731 2.43665
9.55896 1.11008e-50 4.19625 10.64 3.63592e-27
9.12337 1.64637e-38 4.00257 1.23914e-249 13.2187
18.4861 2.24853e-05 7.56278e-98 2.49336e-249 5.46021e-10
3.57984 12.2564 11.6742 8.6651e-47 5.10825e-10
13.7012 12.2378 7.61066e-98 1.73606e-62 9.82297e-266
14.6411 0.0194756 6.42156 4.41389e-116 3.89316e-27
2.72543 9.27134 0.401551 2.63769e-116 12.839
6.19657 5.54227 3.64506 4.53903e-47 12.0818
11.4636 1.36992e-42 2.46049e-68 11.686 3.11752e-57
10.8182 1.3146e-05 4.75074 12.0487 1.76618e-134
10.8182 1.3146e-05 4.75074 12.0487 1.76618e-134
0.811718 9.38121 0.000127512 8.90741e-311 12.5226
9.02553 8.05301 2.60294e-68 12.3261 1.39201e-265
10.8182 1.3146e-05 4.75074 12.0487 1.76618e-134
3.27642 11.2092 0.000158183 11.8731 2.43665
3.57984 12.2564 11.6742 8.6651e-47 5.10825e-10
8.48017 7.58512 10.3705 0.407079 8.48451e-103
3.27642 11.2092 0.000158183 11.8731 2.43665
15.3407 1.8654e-05 6.73095 4.5842e-116 4.80214e-52
13.1004 8.30991 2.46614e-85 1.46269e-62 3.78185e-27
8.69467 7.45869e-14 6.43252e-26 1.05069e-17 11.5506
10.2279 3.08102e-188 2.62432e-05 1.97198e-49 13.5789
9.81767 3.31785e-27 1.87473e-32 1.72373e-05 13.037
18.4861 2.24853e-05 7.56278e-98 2.49336e-249 5.46021e-10
16.6479 1.42944e-111 1.72855e-229 8.27389e-37 4.34771e-20
12.7136 11.3373 7.05702e-98 2.11813e-311 4.43776e-20
8.69467 7.45869e-14 6.43252e-26 1.05069e-17 11.5506
7.76282 6.94005 4.57809 11.5887 1.70795e-146
9.02553 8.05301 2.60294e-68 12.3261 1.39201e-265
8.69467 7.45869e-14 6.43252e-26 1.05069e-17 11.5506
15.3407 1.8654e-05 6.73095 4.5842e-116 4.80214e-52
9.12337 1.64637e-38 4.00257 1.23914e-249 13.2187
14.6411 0.0194756 6.42156 4.41389e-116 3.89316e-27
7.76282 6.94005 4.57809 11.5887 1.70795e-146
16.8265 2.00882e-42 7.39234 3.18716e-310 4.47573e-27
16.6479 1.42944e-111 1.72855e-229 8.27389e-37 4.34771e-20
0.811718 9.38121 0.000127512 8.90741e-311 12.5226
13.1004 8.30991 2.46614e-85 1.46269e-62 3.78185e-27
10.8276 1.31498e-05 9.87824 1.37897e-62 4.1946e-52
3.93042 13.3301 2.96444e-68 0.666664 5.33222e-266
4.72971 16.0856 6.37395e-27 8.40445e-47 9.15668e-103
12.7136 11.3373 7.05702e-98 2.11813e-311 4.43776e-20
13.7012 12.2378 7.61066e-98 1.73606e-62 9.82297e-266
8.48017 7.58512 10.3705 0.407079 8.48451e-103
9.12337 1.64637e-38 4.00257 1.23914e-249 13.2187
13.5231 1.64307e-05 5.93748 3.48776e-310 4.35988e-10
15.3407 1.8654e-05 6.73095 4.5842e-116 4.80214e-52
9.12337 1.64637e-38 4.00257 1.23914e-249 13.2187
16.8265 2.00882e-42 7.39234 3.18716e-310 4.47573e-27
4.72971 16.0856 6.37395e-27 8.40445e-47 9.15668e-103
0.811718 9.38121 0.000127512 8.90741e-311 12.5226
9.81767 3.31785e-27 1.87473e-32 1.72373e-05 13.037
4.72971 16.0856 6.37395e-27 8.40445e-47 9.15668e-103
9.12337 1.64637e-38 4.00257 1.23914e-249 13.2187
13.1004 8.30991 2.46614e-85 1.46269e-62 3.78185e-27
3.93042 13.3301 2.96444e-68 0.666664 5.33222e-266
5.32817 4.75192 2.70926e-27 7.26404 13.5351
8.69467 7.45869e-14 6.43252e-26 1.05069e-17 11.5506
8.69467 7.45869e-14 6.43252e-26 1.05069e-17 11.5506
16.4756 1.42387e-111 6.85046e-98 2.71527e-249 2.1076e-05
6.64936 5.9364e-21 2.91844 7.38126 13.7339
8.69467 7.45869e-14 6.43252e-26 1.05069e-17 11.5506
12.7136 11.3373 7.05702e-98 2.11813e-311 4.43776e-20
5.00731 4.47255 6.12961 0.240647 12.0927
12.1075 4.08409e-19 11.0199 3.14771e-49 3.10471e-57
6.56479 4.2573e-08 5.98675 1.08964e-249 11.7864
5.00731 4.47255 6.12961 0.240647 12.0927
16.4756 1.42387e-111 6.85046e-98 2.71527e-249 2.1076e-05
2.25119 7.70544 3.52769 4.36646e-37 11.6479
15.9322 2.7266e-19 6.0469e-27 7.98581e-47 5.72817e-81
8.48017 7.58512 10.3705 0.407079 8.48451e-103
10.5954 9.44572 6.23435 5.82047e-311 1.63224e-146
8.48017 7.58512 10.3705 0.407079 8.48451e-103
12.7136 11.3373 7.05702e-98 2.11813e-311 4.43776e-20
15.3407 1.8654e-05 6.73095 4.5842e-116 4.80214e-52
3.57984 12.2564 11.6742 8.6651e-47 5.10825e-10
6.0655 3.84545 1.55071e-68 7.31612 13.6031
3.27642 11.2092 0.000158183 11.8731 2.43665
4.42844 15.088 2.53143e-85 1.1e-310 4.82664e-16
7.76282 6.94005 4.57809 11.5887 1.70795e-146
8.69467 7.45869e-14 6.43252e-26 1.05069e-17 11.5506
1.69293 5.7807 2.64632 6.67982 12.4551
3.57984 12.2564 11.6742 8.6651e-47 5.10825e-10
16.8265 2.00882e-42 7.39234 3.18716e-310 4.47573e-27
13.7012 12.2378 7.61066e-98 1.73606e-62 9.82297e-266
4.72971 16.0856 6.37395e-27 8.40445e-47 9.15668e-103
3.93042 13.3301 2.96444e-68 0.666664 5.33222e-266
16.4756 1.42387e-111 6.85046e-98 2.71527e-249 2.1076e-05
8.32347 1.01103e-05 7.59049 11.4803 2.35067
16.4756 1.42387e-111 6.85046e-98 2.71527e-249 2.1076e-05
16.8265 2.00882e-42 7.39234 3.18716e-310 4.47573e-27
6.56479 4.2573e-08 5.98675 1.08964e-249 11.7864
12.1075 4.08409e-19 11.0199 3.14771e-49 3.10471e-57
5.00731 4.47255 6.12961 0.240647 12.0927
12.7136 11.3373 7.05702e-98 2.11813e-311 4.43776e-20
16.6479 1.42944e-111 1.72855e-229 8.27389e-37 4.34771e-20
10.2279 3.08102e-188 2.62432e-05 1.97198e-49 13.5789
10.8276 1.31498e-05 9.87824 1.37897e-62 4.1946e-52
14.6411 0.0194756 6.42156 4.41389e-116 3.89316e-27
8.69467 7.45869e-14 6.43252e-26 1.05069e-17 11.5506
7.50999 2.74974e-45 1.18967e-85 7.65813 14.2208
13.1004 8.30991 2.46614e-85 1.46269e-62 3.78185e-27
9.12337 1.64637e-38 4.00257 1.23914e-249 13.2187
13.7012 12.2378 7.61066e-98 1.73606e-62 9.82297e-266
9.81767 3.31785e-27 1.87473e-32 1.72373e-05 13.037
0.811718 9.38121 0.000127512 8.90741e-311 12.5226
8.48017 7.58512 10.3705 0.407079 8.48451e-103
3.93042 13.3301 2.96444e-68 0.666664 5.33222e-266
18.4861 2.24853e-05 7.56278e-98 2.49336e-249 5.46021e-10
15.7802 0.0209946 3.39829e-68 2.08385e-249 4.54685e-52
4.72971 16.0856 6.37395e-27 8.40445e-47 9.15668e-103
6.0655 3.84545 1.55071e-68 7.31612 13.6031
1.69293 5.7807 2.64632 6.67982 12.4551
15.3407 1.8654e-05 6.73095 4.5842e-116 4.80214e-52
13.1004 8.30991 2.46614e-85 1.46269e-62 3.78185e-27
8.69467 7.45869e-14 6.43252e-26 1.05069e-17 11.5506
14.6411 0.0194756 6.42156 4.41389e-116 3.89316e-27
9.81767 3.31785e-27 1.87473e-32 1.72373e-05 13.037
15.3407 1.8654e-05 6.73095 4.5842e-116 4.80214e-52
6.19657 5.54227 3.64506 4.53903e-47 12.0818
3.93042 13.3301 2.96444e-68 0.666664 5.33222e-266
9.02553 8.05301 2.60294e-68 12.3261 1.39201e-265
12.7136 11.3373 7.05702e-98 2.11813e-311 4.43776e-20
15.3407 1.8654e-05 6.73095 4.5842e-116 4.80214e-52
9.02553 8.05301 2.60294e-68 12.3261 1.39201e-265
3.27642 11.2092 0.000158183 11.8731 2.43665
