1537 22.3535
9.16404 9.21247 0.0696316 25.3287 40.1777 271.792 5152.66 1936.13
9.16404 9.21247 0.0696316 25.3287 40.1777 271.792 5152.66 1936.13
376.458 2006.58 1312.38 3618.08 1481.68 2241.06 1018.94 543.865
239.978 241.249 128.124 182.317 5100.54 346.75 829.085 541.303
3483.57 1900.76 21.3386 1901.28 1496.55 634.649 933.858 400.769
693.464 1028.91 3500.59 808.861 1719.61 566.035 838.334 2678.85
59.345 59.6629 31.6863 157.116 15.3129 88.478 3768.52 1174.17
4289.5 982.259 23.6225 1118.31 1544.38 194.482 1809.41 534.533
380.119 3323.47 167.59 2408 2775.7 250.905 1896.8 743.548
4289.5 982.259 23.6225 1118.31 1544.38 194.482 1809.41 534.533
150.295 34.4165 0.825839 142.313 141.185 34.3047 27.0681 4714.78
22.8374 109.685 517.266 1031.61 98.1044 5227.02 2153.48 1067.54
9.16404 9.21247 0.0696316 25.3287 40.1777 271.792 5152.66 1936.13
762.651 377.264 320.391 370.517 2704.68 15.1535 432.639 3811.89
9.16404 9.21247 0.0696316 25.3287 40.1777 271.792 5152.66 1936.13
3272.33 3289.67 24.9096 2223.02 767.078 352.474 783.872 441.648
693.464 1028.91 3500.59 808.861 1719.61 566.035 838.334 2678.85
693.464 1028.91 3500.59 808.861 1719.61 566.035 838.334 2678.85
371.471 183.752 333.307 1001.87 1518.77 923.203 3157.58 1181.25
628.877 632.218 1482.4 439.616 150.983 4179.92 1714.34 506.414
563.603 2706.81 906.439 380.524 3155.85 292.006 698.32 1616
1400.45 692.734 588.31 799.867 276 4367.57 945.894 405.684
2143.48 1060.33 119.785 3022.28 1311.29 276.034 1555.27 1359.04
22.8374 109.685 517.266 1031.61 98.1044 5227.02 2153.48 1067.54
2174.06 2185.61 1981.67 3382.29 421.943 683.119 215.324 1896.98
520.451 1958.04 2457.21 809.313 1117.47 2910.34 30.1419 1699.51
563.603 2706.81 906.439 380.524 3155.85 292.006 698.32 1616
3483.57 1900.76 21.3386 1901.28 1496.55 634.649 933.858 400.769
1678.45 830.3 1745.34 1043.18 940.145 866.977 2468.44 3236.55
2893.71 1578.87 17.7115 1652.84 1254.12 1156.61 2933.67 795.859
142.695 70.587 358.24 2939.26 3970.51 676.4 1905.64 850.005
2143.48 1060.33 119.785 3022.28 1311.29 276.034 1555.27 1359.04
1480.2 173.832 7.99435 747.355 4593.08 662.98 981.779 1856.98
1251.8 1258.46 1140.95 459.563 2898.33 1760.35 2050.51 1404.07
2174.06 2185.61 1981.67 3382.29 421.943 683.119 215.324 1896.98
1480.2 173.832 7.99435 747.355 4593.08 662.98 981.779 1856.98
144.701 145.465 165.021 132.023 100.174 1717.03 506.322 4412.79
1760.26 1769.58 13.3635 1017.17 3608.98 611.136 734.978 1505.37
847.956 846.27 1116.58 2067.15 223.154 2699.58 1702.7 2587.41
2673.49 1322.55 1123.12 694.094 2194.81 1914.74 870.687 708.072
184.282 21.6391 119.276 1653.83 567.429 523.35 4311.79 488.421
142.695 70.587 358.24 2939.26 3970.51 676.4 1905.64 850.005
1678.45 830.3 1745.34 1043.18 940.145 866.977 2468.44 3236.55
150.295 34.4165 0.825839 142.313 141.185 34.3047 27.0681 4714.78
106.039 106.6 49.2954 146.038 144.885 605.623 4554.41 850.989
910.605 915.402 1565.93 2561.89 3515.06 2085.98 554.91 548.44
847.956 846.27 1116.58 2067.15 223.154 2699.58 1702.7 2587.41
1005.83 1150.2 982.204 461.573 2509.47 1525.36 2515.34 2681.35
59.345 59.6629 31.6863 157.116 15.3129 88.478 3768.52 1174.17
2362.11 2374.64 1261.23 1794.54 1361.67 1091.02 783.543 1664.83
252.97 29.7084 163.737 441.147 716.456 3713.25 760.386 3215.03
3272.33 3289.67 24.9096 2223.02 767.078 352.474 783.872 441.648
94.9605 830.425 537.307 1871.86 2837.72 1051.7 597.374 2335.4
1305.16 1312.1 1488.44 310.621 814.58 2580.46 2609.22 1646.28
2479.13 1352.7 792.147 1405.3 275.152 969.276 2750.17 695.013
301.594 303.189 1974.31 967.74 2408.94 222.903 2380.46 3835.53
2143.48 1060.33 119.785 3022.28 1311.29 276.034 1555.27 1359.04
2362.11 2374.64 1261.23 1794.54 1361.67 1091.02 783.543 1664.83
910.605 915.402 1565.93 2561.89 3515.06 2085.98 554.91 548.44
563.603 2706.81 906.439 380.524 3155.85 292.006 698.32 1616
520.451 1958.04 2457.21 809.313 1117.47 2910.34 30.1419 1699.51
689.785 693.456 2759.42 1402.68 274.645 1586.63 585.931 678.863
689.785 693.456 2759.42 1402.68 274.645 1586.63 585.931 678.863
1880.06 1025.82 2597.55 1688.24 318.573 3855.16 168.649 562.941
2345.16 751.93 13.2566 2273.04 1931.7 3243.66 816.184 1590.98
9.16404 9.21247 0.0696316 25.3287 40.1777 271.792 5152.66 1936.13
188.294 1003.64 2880.9 1245.55 3549.54 661.742 735.539 414.274
1874.68 927.337 1344.41 1191.06 3890.92 323.102 951.565 507.864
376.458 2006.58 1312.38 3618.08 1481.68 2241.06 1018.94 543.865
1643.19 1651.86 1497.76 703.883 2401.74 3807.54 752.736 561.175
2174.06 2185.61 1981.67 3382.29 421.943 683.119 215.324 1896.98
2064.4 1021.17 646.031 974.785 1738.01 425.094 625.644 4197.22
94.9605 830.425 537.307 1871.86 2837.72 1051.7 597.374 2335.4
138.646 139.378 126.374 59.3922 664.297 3900.49 789.334 3336.77
2479.13 1352.7 792.147 1405.3 275.152 969.276 2750.17 695.013
364.943 199.127 691.095 1175.02 1111.15 246.662 2107.03 3489.74
2673.49 1322.55 1123.12 694.094 2194.81 1914.74 870.687 708.072
1678.45 830.3 1745.34 1043.18 940.145 866.977 2468.44 3236.55
2362.11 2374.64 1261.23 1794.54 1361.67 1091.02 783.543 1664.83
1888.01 1030.16 809.846 1951.85 1025.53 1384.12 1771.12 1212.69
40.7759 40.9913 243.318 436.984 497.294 96.0111 4461.09 470.864
1305.16 1312.1 1488.44 310.621 814.58 2580.46 2609.22 1646.28
364.943 199.127 691.095 1175.02 1111.15 246.662 2107.03 3489.74
9.16404 9.21247 0.0696316 25.3287 40.1777 271.792 5152.66 1936.13
2362.11 2374.64 1261.23 1794.54 1361.67 1091.02 783.543 1664.83
1880.06 1025.82 2597.55 1688.24 318.573 3855.16 168.649 562.941
762.651 377.264 320.391 370.517 2704.68 15.1535 432.639 3811.89
368.184 84.3087 1743.89 1646.94 1577.18 395.185 124.604 3662.78
1169.12 1175.31 624.234 1634.98 1879.41 3117.68 1755.81 870.071
970.628 1109.94 947.825 764.652 1242.15 677.137 745.059 3955.33
2893.71 1578.87 17.7115 1652.84 1254.12 1156.61 2933.67 795.859
40.7759 40.9913 243.318 436.984 497.294 96.0111 4461.09 470.864
2345.16 751.93 13.2566 2273.04 1931.7 3243.66 816.184 1590.98
376.458 2006.58 1312.38 3618.08 1481.68 2241.06 1018.94 543.865
150.295 34.4165 0.825839 142.313 141.185 34.3047 27.0681 4714.78
1888.01 1030.16 809.846 1951.85 1025.53 1384.12 1771.12 1212.69
1251.8 1258.46 1140.95 459.563 2898.33 1760.35 2050.51 1404.07
1888.01 1030.16 809.846 1951.85 1025.53 1384.12 1771.12 1212.69
1005.83 1150.2 982.204 461.573 2509.47 1525.36 2515.34 2681.35
184.282 21.6391 119.276 1653.83 567.429 523.35 4311.79 488.421
40.7759 40.9913 243.318 436.984 497.294 96.0111 4461.09 470.864
138.646 139.378 126.374 59.3922 664.297 3900.49 789.334 3336.77
2174.06 2185.61 1981.67 3382.29 421.943 683.119 215.324 1896.98
689.785 693.456 2759.42 1402.68 274.645 1586.63 585.931 678.863
2174.06 2185.61 1981.67 3382.29 421.943 683.119 215.324 1896.98
368.184 84.3087 1743.89 1646.94 1577.18 395.185 124.604 3662.78
1005.83 1150.2 982.204 461.573 2509.47 1525.36 2515.34 2681.35
371.471 183.752 333.307 1001.87 1518.77 923.203 3157.58 1181.25
1005.83 1150.2 982.204 461.573 2509.47 1525.36 2515.34 2681.35
2345.16 751.93 13.2566 2273.04 1931.7 3243.66 816.184 1590.98
1678.45 830.3 1745.34 1043.18 940.145 866.977 2468.44 3236.55
1604.78 367.484 461.811 434.512 600.024 4348.6 1179.93 1516.84
371.471 183.752 333.307 1001.87 1518.77 923.203 3157.58 1181.25
563.603 2706.81 906.439 380.524 3155.85 292.006 698.32 1616
1760.26 1769.58 13.3635 1017.17 3608.98 611.136 734.978 1505.37
1601.79 1610.27 855.251 989.001 3509.11 296.836 465.513 3188.17
479.35 485.561 827.505 537.782 2643.42 1413.79 2616.94 2845.43
144.701 145.465 165.021 132.023 100.174 1717.03 506.322 4412.79
479.35 485.561 827.505 537.782 2643.42 1413.79 2616.94 2845.43
2174.06 2185.61 1981.67 3382.29 421.943 683.119 215.324 1896.98
364.943 199.127 691.095 1175.02 1111.15 246.662 2107.03 3489.74
22.8374 109.685 517.266 1031.61 98.1044 5227.02 2153.48 1067.54
2345.16 751.93 13.2566 2273.04 1931.7 3243.66 816.184 1590.98
2143.48 1060.33 119.785 3022.28 1311.29 276.034 1555.27 1359.04
1498.53 1506.49 11.4383 926.941 3271.84 544.021 2921.74 923.092
1498.53 1506.49 11.4383 926.941 3271.84 544.021 2921.74 923.092
1169.12 1175.31 624.234 1634.98 1879.41 3117.68 1755.81 870.071
953.917 958.964 869.42 2029.57 880.627 2789.61 777.871 2876.78
1874.68 927.337 1344.41 1191.06 3890.92 323.102 951.565 507.864
144.701 145.465 165.021 132.023 100.174 1717.03 506.322 4412.79
2362.11 2374.64 1261.23 1794.54 1361.67 1091.02 783.543 1664.83
500.118 571.913 1494.13 425.963 3027.98 236.24 1317.56 3083.52
2143.48 1060.33 119.785 3022.28 1311.29 276.034 1555.27 1359.04
106.039 106.6 49.2954 146.038 144.885 605.623 4554.41 850.989
4289.5 982.259 23.6225 1118.31 1544.38 194.482 1809.41 534.533
1305.16 1312.1 1488.44 310.621 814.58 2580.46 2609.22 1646.28
2064.4 1021.17 646.031 974.785 1738.01 425.094 625.644 4197.22
1601.79 1610.27 855.251 989.001 3509.11 296.836 465.513 3188.17
22.8374 109.685 517.266 1031.61 98.1044 5227.02 2153.48 1067.54
953.917 958.964 869.42 2029.57 880.627 2789.61 777.871 2876.78
1498.53 1506.49 11.4383 926.941 3271.84 544.021 2921.74 923.092
2673.49 1322.55 1123.12 694.094 2194.81 1914.74 870.687 708.072
1643.19 1651.86 1497.76 703.883 2401.74 3807.54 752.736 561.175
59.345 59.6629 31.6863 157.116 15.3129 88.478 3768.52 1174.17
520.451 1958.04 2457.21 809.313 1117.47 2910.34 30.1419 1699.51
138.646 139.378 126.374 59.3922 664.297 3900.49 789.334 3336.77
1169.12 1175.31 624.234 1634.98 1879.41 3117.68 1755.81 870.071
1480.2 173.832 7.99435 747.355 4593.08 662.98 981.779 1856.98
479.35 485.561 827.505 537.782 2643.42 1413.79 2616.94 2845.43
184.282 21.6391 119.276 1653.83 567.429 523.35 4311.79 488.421
2673.49 1322.55 1123.12 694.094 2194.81 1914.74 870.687 708.072
138.646 139.378 126.374 59.3922 664.297 3900.49 789.334 3336.77
2143.48 1060.33 119.785 3022.28 1311.29 276.034 1555.27 1359.04
1169.12 1175.31 624.234 1634.98 1879.41 3117.68 1755.81 870.071
1498.53 1506.49 11.4383 926.941 3271.84 544.021 2921.74 923.092
1604.78 367.484 461.811 434.512 600.024 4348.6 1179.93 1516.84
500.118 571.913 1494.13 425.963 3027.98 236.24 1317.56 3083.52
479.35 485.561 827.505 537.782 2643.42 1413.79 2616.94 2845.43
1498.53 1506.49 11.4383 926.941 3271.84 544.021 2921.74 923.092
1498.53 1506.49 11.4383 926.941 3271.84 544.021 2921.74 923.092
184.282 21.6391 119.276 1653.83 567.429 523.35 4311.79 488.421
970.628 1109.94 947.825 764.652 1242.15 677.137 745.059 3955.33
2345.16 751.93 13.2566 2273.04 1931.7 3243.66 816.184 1590.98
910.605 915.402 1565.93 2561.89 3515.06 2085.98 554.91 548.44
479.35 485.561 827.505 537.782 2643.42 1413.79 2616.94 2845.43
138.646 139.378 126.374 59.3922 664.297 3900.49 789.334 3336.77
1643.19 1651.86 1497.76 703.883 2401.74 3807.54 752.736 561.175
500.118 571.913 1494.13 425.963 3027.98 236.24 1317.56 3083.52
1480.2 173.832 7.99435 747.355 4593.08 662.98 981.779 1856.98
1305.16 1312.1 1488.44 310.621 814.58 2580.46 2609.22 1646.28
910.605 915.402 1565.93 2561.89 3515.06 2085.98 554.91 548.44
953.917 958.964 869.42 2029.57 880.627 2789.61 777.871 2876.78
1874.68 927.337 1344.41 1191.06 3890.92 323.102 951.565 507.864
2479.13 1352.7 792.147 1405.3 275.152 969.276 2750.17 695.013
762.651 377.264 320.391 370.517 2704.68 15.1535 432.639 3811.89
500.118 571.913 1494.13 425.963 3027.98 236.24 1317.56 3083.52
1601.79 1610.27 855.251 989.001 3509.11 296.836 465.513 3188.17
689.785 693.456 2759.42 1402.68 274.645 1586.63 585.931 678.863
500.118 571.913 1494.13 425.963 3027.98 236.24 1317.56 3083.52
520.451 1958.04 2457.21 809.313 1117.47 2910.34 30.1419 1699.51
693.464 1028.91 3500.59 808.861 1719.61 566.035 838.334 2678.85
1874.68 927.337 1344.41 1191.06 3890.92 323.102 951.565 507.864
1874.68 927.337 1344.41 1191.06 3890.92 323.102 951.565 507.864
1305.16 1312.1 1488.44 310.621 814.58 2580.46 2609.22 1646.28
40.7759 40.9913 243.318 436.984 497.294 96.0111 4461.09 470.864
1498.53 1506.49 11.4383 926.941 3271.84 544.021 2921.74 923.092
520.451 1958.04 2457.21 809.313 1117.47 2910.34 30.1419 1699.51
22.8374 109.685 517.266 1031.61 98.1044 5227.02 2153.48 1067.54
106.039 106.6 49.2954 146.038 144.885 605.623 4554.41 850.989
301.594 303.189 1974.31 967.74 2408.94 222.903 2380.46 3835.53
1251.8 1258.46 1140.95 459.563 2898.33 1760.35 2050.51 1404.07
371.471 183.752 333.307 1001.87 1518.77 923.203 3157.58 1181.25
693.464 1028.91 3500.59 808.861 1719.61 566.035 838.334 2678.85
1005.83 1150.2 982.204 461.573 2509.47 1525.36 2515.34 2681.35
142.695 70.587 358.24 2939.26 3970.51 676.4 1905.64 850.005
1169.12 1175.31 624.234 1634.98 1879.41 3117.68 1755.81 870.071
364.943 199.127 691.095 1175.02 1111.15 246.662 2107.03 3489.74
2143.48 1060.33 119.785 3022.28 1311.29 276.034 1555.27 1359.04
2345.16 751.93 13.2566 2273.04 1931.7 3243.66 816.184 1590.98
3483.57 1900.76 21.3386 1901.28 1496.55 634.649 933.858 400.769
252.97 29.7084 163.737 441.147 716.456 3713.25 760.386 3215.03
1005.83 1150.2 982.204 461.573 2509.47 1525.36 2515.34 2681.35
2174.06 2185.61 1981.67 3382.29 421.943 683.119 215.324 1896.98
1643.19 1651.86 1497.76 703.883 2401.74 3807.54 752.736 561.175
1880.06 1025.82 2597.55 1688.24 318.573 3855.16 168.649 562.941
2345.16 751.93 13.2566 2273.04 1931.7 3243.66 816.184 1590.98
3483.57 1900.76 21.3386 1901.28 1496.55 634.649 933.858 400.769
1251.8 1258.46 1140.95 459.563 2898.33 1760.35 2050.51 1404.07
376.458 2006.58 1312.38 3618.08 1481.68 2241.06 1018.94 543.865
22.8374 109.685 517.266 1031.61 98.1044 5227.02 2153.48 1067.54
59.345 59.6629 31.6863 157.116 15.3129 88.478 3768.52 1174.17
2673.49 1322.55 1123.12 694.094 2194.81 1914.74 870.687 708.072
59.345 59.6629 31.6863 157.116 15.3129 88.478 3768.52 1174.17
2345.16 751.93 13.2566 2273.04 1931.7 3243.66 816.184 1590.98
138.646 139.378 126.374 59.3922 664.297 3900.49 789.334 3336.77
40.7759 40.9913 243.318 436.984 497.294 96.0111 4461.09 470.864
1305.16 1312.1 1488.44 310.621 814.58 2580.46 2609.22 1646.28
59.345 59.6629 31.6863 157.116 15.3129 88.478 3768.52 1174.17
150.295 34.4165 0.825839 142.313 141.185 34.3047 27.0681 4714.78
142.695 70.587 358.24 2939.26 3970.51 676.4 1905.64 850.005
1880.06 1025.82 2597.55 1688.24 318.573 3855.16 168.649 562.941
239.978 241.249 128.124 182.317 5100.54 346.75 829.085 541.303
2362.11 2374.64 1261.23 1794.54 1361.67 1091.02 783.543 1664.83
693.464 1028.91 3500.59 808.861 1719.61 566.035 838.334 2678.85
40.7759 40.9913 243.318 436.984 497.294 96.0111 4461.09 470.864
628.877 632.218 1482.4 439.616 150.983 4179.92 1714.34 506.414
59.345 59.6629 31.6863 157.116 15.3129 88.478 3768.52 1174.17
94.9605 830.425 537.307 1871.86 2837.72 1051.7 597.374 2335.4
1005.83 1150.2 982.204 461.573 2509.47 1525.36 2515.34 2681.35
3483.57 1900.76 21.3386 1901.28 1496.55 634.649 933.858 400.769
2174.06 2185.61 1981.67 3382.29 421.943 683.119 215.324 1896.98
2064.4 1021.17 646.031 974.785 1738.01 425.094 625.644 4197.22
2174.06 2185.61 1981.67 3382.29 421.943 683.119 215.324 1896.98
1888.01 1030.16 809.846 1951.85 1025.53 1384.12 1771.12 1212.69
1888.01 1030.16 809.846 1951.85 1025.53 1384.12 1771.12 1212.69
4289.5 982.259 23.6225 1118.31 1544.38 194.482 1809.41 534.533
1005.83 1150.2 982.204 461.573 2509.47 1525.36 2515.34 2681.35
2345.16 751.93 13.2566 2273.04 1931.7 3243.66 816.184 1590.98
1400.45 692.734 588.31 799.867 276 4367.57 945.894 405.684
500.118 571.913 1494.13 425.963 3027.98 236.24 1317.56 3083.52
1888.01 1030.16 809.846 1951.85 1025.53 1384.12 1771.12 1212.69
910.605 915.402 1565.93 2561.89 3515.06 2085.98 554.91 548.44
1498.53 1506.49 11.4383 926.941 3271.84 544.021 2921.74 923.092
910.605 915.402 1565.93 2561.89 3515.06 2085.98 554.91 548.44
1005.83 1150.2 982.204 461.573 2509.47 1525.36 2515.34 2681.35
368.184 84.3087 1743.89 1646.94 1577.18 395.185 124.604 3662.78
1005.83 1150.2 982.204 461.573 2509.47 1525.36 2515.34 2681.35
1305.16 1312.1 1488.44 310.621 814.58 2580.46 2609.22 1646.28
1169.12 1175.31 624.234 1634.98 1879.41 3117.68 1755.81 870.071
2479.13 1352.7 792.147 1405.3 275.152 969.276 2750.17 695.013
3483.57 1900.76 21.3386 1901.28 1496.55 634.649 933.858 400.769
1874.68 927.337 1344.41 1191.06 3890.92 323.102 951.565 507.864
301.594 303.189 1974.31 967.74 2408.94 222.903 2380.46 3835.53
2893.71 1578.87 17.7115 1652.84 1254.12 1156.61 2933.67 795.859
1169.12 1175.31 624.234 1634.98 1879.41 3117.68 1755.81 870.071
1604.78 367.484 461.811 434.512 600.024 4348.6 1179.93 1516.84
364.943 199.127 691.095 1175.02 1111.15 246.662 2107.03 3489.74
847.956 846.27 1116.58 2067.15 223.154 2699.58 1702.7 2587.41
1888.01 1030.16 809.846 1951.85 1025.53 1384.12 1771.12 1212.69
1498.53 1506.49 11.4383 926.941 3271.84 544.021 2921.74 923.092
1251.8 1258.46 1140.95 459.563 2898.33 1760.35 2050.51 1404.07
479.35 485.561 827.505 537.782 2643.42 1413.79 2616.94 2845.43
500.118 571.913 1494.13 425.963 3027.98 236.24 1317.56 3083.52
693.464 1028.91 3500.59 808.861 1719.61 566.035 838.334 2678.85
2362.11 2374.64 1261.23 1794.54 1361.67 1091.02 783.543 1664.83
3483.57 1900.76 21.3386 1901.28 1496.55 634.649 933.858 400.769
1169.12 1175.31 624.234 1634.98 1879.41 3117.68 1755.81 870.071
1678.45 830.3 1745.34 1043.18 940.145 866.977 2468.44 3236.55
1498.53 1506.49 11.4383 926.941 3271.84 544.021 2921.74 923.092
1601.79 1610.27 855.251 989.001 3509.11 296.836 465.513 3188.17
479.35 485.561 827.505 537.782 2643.42 1413.79 2616.94 2845.43
2174.06 2185.61 1981.67 3382.29 421.943 683.119 215.324 1896.98
1601.79 1610.27 855.251 989.001 3509.11 296.836 465.513 3188.17
500.118 571.913 1494.13 425.963 3027.98 236.24 1317.56 3083.52
1888.01 1030.16 809.846 1951.85 1025.53 1384.12 1771.12 1212.69
9.16404 9.21247 0.0696316 25.3287 40.1777 271.792 5152.66 1936.13
847.956 846.27 1116.58 2067.15 223.154 2699.58 1702.7 2587.41
2064.4 1021.17 646.031 974.785 1738.01 425.094 625.644 4197.22
188.294 1003.64 2880.9 1245.55 3549.54 661.742 735.539 414.274
628.877 632.218 1482.4 439.616 150.983 4179.92 1714.34 506.414
693.464 1028.91 3500.59 808.861 1719.61 566.035 838.334 2678.85
380.119 3323.47 167.59 2408 2775.7 250.905 1896.8 743.548
1305.16 1312.1 1488.44 310.621 814.58 2580.46 2609.22 1646.28
3272.33 3289.67 24.9096 2223.02 767.078 352.474 783.872 441.648
2479.13 1352.7 792.147 1405.3 275.152 969.276 2750.17 695.013
59.345 59.6629 31.6863 157.116 15.3129 88.478 3768.52 1174.17
142.695 70.587 358.24 2939.26 3970.51 676.4 1905.64 850.005
1678.45 830.3 1745.34 1043.18 940.145 866.977 2468.44 3236.55
847.956 846.27 1116.58 2067.15 223.154 2699.58 1702.7 2587.41
1251.8 1258.46 1140.95 459.563 2898.33 1760.35 2050.51 1404.07
9.16404 9.21247 0.0696316 25.3287 40.1777 271.792 5152.66 1936.13
1251.8 1258.46 1140.95 459.563 2898.33 1760.35 2050.51 1404.07
762.651 377.264 320.391 370.517 2704.68 15.1535 432.639 3811.89
2362.11 2374.64 1261.23 1794.54 1361.67 1091.02 783.543 1664.83
520.451 1958.04 2457.21 809.313 1117.47 2910.34 30.1419 1699.51
1498.53 1506.49 11.4383 926.941 3271.84 544.021 2921.74 923.092
1760.26 1769.58 13.3635 1017.17 3608.98 611.136 734.978 1505.37
2174.06 2185.61 1981.67 3382.29 421.943 683.119 215.324 1896.98
1601.79 1610.27 855.251 989.001 3509.11 296.836 465.513 3188.17
3272.33 3289.67 24.9096 2223.02 767.078 352.474 783.872 441.648
