29 0.35219
1.9862 12.8963 0.203433
10.7048 10.7048 0.190318
6.50988e-16 10.6314 10.6314
9.59785 1.13751 9.66502
9.12657 6.15539 0
11.1033 6.87221 0
4.86578e-16 7.94641 10.2808
4.9677 3.37382 6.97798
9.48447 9.48447 5.27214
0.956434 9.59243 4.35158
8.65291 3.07206 6.98351
10.383 0 12.1347
2.60025 2.24234 2.91272
5.45302 3.97734 6.74942
4.94064 9.86915 0
2.67105 10.6068 0
0.663115 4.50728 8.77342
5.48813 0.139658 10.6436
2.44167 12.8836 9.68472
7.90854 5.74127 9.77277
2.63373 8.895 0
7.84033 8.31668 5.45311
0.367647 0.153812 10.6179
8.91646 1.94967 11.03
8.09273e-16 13.2164 2.55679
6.29405 16.159 0
1.8728 2.03154 10.9928
3.07929 1.50237 8.32341
2.9963 8.24747 3.13514
13.3888 5.0646 0
4.03217 5.50026 11.3303
8.61141 0.688206 8.63886
5.04923e-16 8.24601 6.67218
6.93217 6.93217 8.33572
10.3553 3.39048 9.48838
4.19628 8.3477 6.20809
5.7686 5.7686 3.25697
0.603664 7.12667 14.0693
6.5999 4.27428 7.86308
5.27987 5.27987 7.46686
12.1742 12.2896 5.79345
8.44581e-16 13.7931 1.51127
11.337 0 5.70548
5.16092 5.04048 2.25458
5.52348 5.52348 8.47284
2.75122e-16 4.49309 15.9308
6.3057 6.3057 8.9176
15.3886 0 9.27416
2.77069 16.1401 0
1.55996 1.55996 12.6533
0.413369 0.779498 15.548
9.23936 1.85129 19.9993
1.59748e-15 26.0889 0
3.26156 4.32998 1.51775
6.82382e-16 11.1441 0
4.15789 5.40643 18.0079
11.5298 1.99104 12.4741
12.5195 0.851222 0.246286
10.6303 9.90215 0
9.90995 3.07603 10.3764
9.50383 0 10.7693
4.78458 9.00015 10.1929
4.7615 5.13942 17.5186
8.31742 0.597064 10.6496
7.49667e-16 12.243 7.46641
7.92807e-16 12.9475 1.82897
3.69081 3.69081 12.2454
4.99193 2.57754 15.6674
5.96987 5.96987 2.37441
5.28851 0 7.22404
0.957289 0.713686 13.3115
11.2072 9.68338 0
2.6722 2.6722 11.2144
4.5662 3.35868 7.82382
4.65514 4.8301 6.70822
5.48931 4.5909 7.21333
9.6158 9.6158 0.890439
4.68671e-16 4.68671e-16 10.8244
0.999467 17.473 2.10768
8.24127 8.24127 0
8.23367 8.23367 1.61992
6.96997 8.08657 11.0569
0.585422 15.9472 0
8.27917e-16 13.5209 8.63544
4.59456e-16 7.50348 8.92708
1.24836 11.3939 9.85857
7.21398e-16 11.7813 10.223
13.7005 1.21882 7.19501
8.30371 3.42267 7.6737
1.84936 3.73292 16.1333
5.45774 0.863771 18.5183
5.49878 2.09385 5.88394
8.34323 2.80188 12.9206
4.32638 14.4501 0
2.0513 2.0513 9.05189
3.07764e-16 5.02616 10.9686
7.27511 8.74871 3.90327
12.3247 6.31105 5.70091
8.26871 7.14124 10.9256
5.7142e-17 0.933199 11.4097
1.4086 9.96198 0
9.79401 1.55099 9.91605
1.4914 5.3901 17.6685
5.84132 4.75495 3.48649
6.57074 2.92931 7.19413
6.09774 0 9.75153
2.20858 12.9303 3.85681
5.32508 3.63664 6.44838
4.40328e-32 7.1911e-16 11.744
6.05998 7.09608 13.9563
11.6294 5.12349 8.64657
8.74172 8.74172 6.96727
5.72075 11.8077 3.6848
4.64753 7.78003 12.2039
6.01872e-16 9.82931 9.82931
10.8191 0.19148 0.491945
11.6565 16.3536 3.68477
1.37194 11.077 1.34553
6.8648e-32 1.12111e-15 18.3091
5.79754e-16 2.23534e-16 10.1475
8.3522 7.49462 12.8201
1.43293 7.97871 7.54742
8.93349 8.93349 7.30192
6.94451e-16 11.3412 12.4258
7.73721 3.39437 3.84045
0.61382 0.396795 23.6843
2.23293 6.2631 9.86595
0.738773 0.308678 10.6713
1.54574e-15 25.2439 8.05587
5.24866 0 13.0337
1.65139 16.4618 0
12.2344 12.2344 0
0.726263 6.99568 17.1837
6.84865 6.84865 9.68546
7.47629 7.47629 10.5731
8.45365e-16 5.73191e-17 13.8376
6.52288 11.9313 18.9552
5.60488 5.60488 7.9265
9.13685e-16 14.9216 5.66272
5.10942 3.88424 6.41821
10.9594 6.85889 12.9287
9.65701e-16 15.7711 0
5.46513e-16 5.46513e-16 12.6222
18.0776 0 1.83847
8.16568 0.103753 4.60834
14.3295 5.18141 6.6731
11.6991 5.78474 10.333
12.9571 6.42537 6.44473
5.74472 6.14904 5.08178
1.34826e-15 22.0188 0
1.78642 5.67664 10.9634
6.00816 14.0412 5.36427
5.01265e-16 5.01265e-16 11.5771
2.255 5.96996 5.88758
5.76491 1.42957 6.33929
6.92297 6.92297 11.7524
15.2917 6.60695 0
3.99648 3.99648 7.7509
2.02484 3.85559 11.5294
3.91489 14.2915 0
4.03978 3.64667 7.25053
3.64234 3.22694 13.6899
10.8421 6.61055 5.10673
3.5018 1.75617 14.2146
4.51059e-16 7.36635 14.6465
6.55838e-16 6.55838e-16 15.1471
5.74744 5.86848 8.77745
6.70045 6.70045 9.47587
14.9709 0 17.4156
1.09014e-15 1.93422e-16 18.0814
8.83422e-16 2.5521e-16 15.0173
4.40627 5.67096 7.18157
8.39357 2.12095 4.03468
8.34215 6.33195 8.96035
9.49589 0.838329 7.63592
11.8706 6.33839 7.13505
6.86647 10.4543 3.11091
11.7893 0.0583365 14.4901
1.12055 7.43168 16.4241
8.3302 2.87722 6.07146
8.71258 3.53049 9.40071
4.43755 11.7155 4.66324
8.91649 0 8.24857
6.59722 0 15.1156
14.3091 6.46287 1.0148
2.39683 2.39683 7.71739
2.32879 5.27864 15.95
8.12262 8.12262 11.4871
12.6233 7.06558 5.67498
0.0930203 0.0930203 15.8793
7.91819e-16 4.25297e-16 14.6786
6.57819 6.57819 11.6669
7.19619 4.95033 0
4.95789 2.12023 13.2432
1.30588 9.29678 9.66712
4.42422 2.71646 15.7296
3.93861e-16 6.43224 15.263
13.7837 3.39786 1.26762
1.17802e-15 19.2385 2.22294
6.94999 6.94999 7.69312
4.23647e-16 4.23647e-16 9.78449
11.962 1.28785 3.82209
6.16119e-16 10.062 7.76893
10.1283 7.9248 1.30049
10.7727 10.7727 0
1.48023 7.72691 4.42433
4.1085 5.99787 13.765
6.6491 3.4962 14.7079
5.48418 5.48418 7.7558
4.51196 17.0488 0
1.05878e-15 5.53912e-16 19.5145
0.455273 12.9812 0
9.96789 10.082 1.64415
7.30247 11.398 12.3942
4.39565e-16 1.0567e-15 18.6908
1.05665 13.7221 6.13609
13.8235 0 2.8877
5.20265 7.07249 0.874957
3.22285 3.4685 12.7371
4.44709 6.14126 8.08826
6.32483 0.326037 10.8156
12.219 0 0
5.21277 9.84348 4.8557
3.04488 4.71823 12.4958
4.66849 2.31982 10.1459
9.3299 7.54999 1.83506
1.56446 11.5203 6.14386
9.3074 4.39258 3.4909
14.3924 7.1688 3.03293
3.78807 3.78807 9.36622
10.3654 4.81896 11.4309
1.2497 0.322041 23.3043
4.2446 1.34763 18.3735
5.12342 9.01684 6.63424
6.20788 6.43789 10.4751
7.25137e-16 0 11.8424
1.98035 0.861631 12.6202
6.36335 2.9955 8.94319
1.98692 5.90287 14.0948
7.75855 8.811 5.32463
1.26615 11.5806 0.441041
8.5085e-16 2.24916e-16 14.3727
0.567623 4.81454 13.6405
7.68016 7.68016 2.10063
5.93551 5.93551 8.26414
5.57176 10.1538 8.08339
10.6301 9.01276 0.540812
7.34784e-16 4.10676e-16 13.747
9.51652e-16 15.5417 2.71502
2.87192e-16 4.92327e-16 9.3083
0.609064 2.74549 17.8739
4.28358e-16 6.99562 12.5831
7.6758 7.6758 10.8552
14.4738 3.83846 0.582033
9.37312e-16 15.3075 0
8.24033 8.24033 11.6536
5.44171 6.68028 1.96452
7.08138e-16 7.08138e-16 16.355
11.7406 0 11.7406
6.63703 6.63703 9.38618
12.6371 5.85648 2.84293
9.61739 4.64989 10.6825
8.09687 8.09687 11.3576
6.27807 3.89549 10.4107
9.1757 9.1757 16.0684
3.60347 4.21694 11.3134
5.97968 4.34051 7.38895
15.0314 0 15.0314
6.76342 0.724558 10.7538
14.8448 0 0
5.57129 3.52324 6.59185
9.93991 9.93991 2.03518
6.4957 6.4957 9.80718
11.5494 10.3785 4.67176
10.699 11.1155 5.6019
8.82746e-16 0 14.4163
6.66667 6.66667 7.01916
2.77282 0.703324 7.32057
1.12725 0.484834 15.5089
1.09248e-15 17.8416 8.21411
8.61762 8.61762 0
5.08779 3.73206 13.6788
6.18711 13.0206 0
1.18595 0.649672 16.7461
14.346 0 12.3431
6.59701e-16 10.7737 10.7737
15.3746 0 0
15.0019 7.77314 1.83328
9.20292 7.58514 0.494778
14.9066 7.85201 3.38753
1.1873 2.7328 9.8951
1.01203e-15 5.29995e-16 18.657
1.05054 3.35951 21.5671
4.15915 12.4411 11.6034
9.54412 5.1313 10.3233
9.43135 9.43135 0
2.46606 12.1254 12.0254
9.72691 0.544598 10.1078
8.21103 0 10.7841
9.23198e-16 15.077 0
