6 0.45814
69.1591 18.8865 5.89233 35.6059 22.1303 11.9511 15.7641 11.5142
13.8057 6.50255 76.241 6.36215 29.5362 11.9795 15.0168 0.0233686
9.62204 4.53145 16.4921 3.82929 83.3799 5.35107 6.97417 8.71643
8.83542 78.293 20.9931 15.4545 5.49047 4.55176 20.7908 9.14878
6.82381 14.1021 10.2353 79.8639 8.56819 4.52449 19.2044 6.13977
5.10861 1.39534 4.22816 5.67282 3.63365 84.9046 6.94338 1.76259
0.131622 0.272012 0.400696 0.420131 0.360191 0.040983 0.133359 85.0397
0.0642501 0.421617 0.23896 0.494089 1.11331 4.21068 86.3282 1.5917
0.0593427 0.122619 1.48784 8.77846 0.855919 45.8304 69.4836 0.0228542
0.0210074 0.0526493 0.0187367 0.254749 0.112996 0.0156493 12.4965 83.6244
0.00870797 0.0352181 0.0183925 0.00067201 0.124407 1.35493 35.5801 78.838
0.00106569 0.00029103 0.00330153 0.218536 0.528453 40.9283 63.9942 40.9828
0.000678843 0.000874343 0.000371882 0.00226827 0.00408617 0.162019 3.16885 85.7831
0.000233722 0.000716472 0.0013526 0.00660919 0.000560719 0.484579 12.634 84.585
0.000169629 0.0014792 0.0163183 0.0318329 0.0052278 1.22174 2.97369 86.9213
0.000169629 0.0014792 0.0163183 0.0318329 0.0052278 1.22174 2.97369 86.9213
1.86883 5.72855 39.76 35.6867 4.4426 64.0452 15.7021 3.03921
8.17829 27.202 9.54661 14.8368 2.22014 73.4664 20.1702 11.1985
0.171126 0.893979 0.0820329 0.648008 0.380891 33.8107 40.6104 66.77
0.655277 5.80007 1.60034 0.549116 61.1015 54.7434 7.71969 19.9142
2.63393 8.07406 25.3765 7.02949 22.4082 49.6757 38.2144 45.7809
44.4873 39.2312 40.5647 30.8084 6.45822 17.8317 14.3364 25.2551
63.1033 35.8705 17.7665 6.11801 28.3897 11.517 14.4361 21.9288
33.7338 7.64409 2.84341 37.5187 4.21847 38.8591 3.62455 57.2255
1.53297 46.8821 37.4508 25.7329 26.8509 21.9767 29.367 32.3571
17.8629 10.3402 25.0394 2.65485 52.7199 8.89787 47.2863 34.5031
4.24202 37.6005 10.081 7.42085 2.63541 2.66964 62.5882 44.6691
6.42922 13.2857 3.61352 64.8355 17.7717 3.78558 31.5316 36.9293
68.1186 18.6051 5.8073 35.0728 21.801 11.7755 19.2577 11.4445
12.5455 21.6407 55.3494 18.8955 44.3143 6.31353 30.2475 18.3203
7.74478 68.5322 18.3853 13.5388 37.6227 5.12198 20.4716 5.27752
21.3479 44.1092 29.5304 50.774 3.11883 11.0098 30.727 6.02574
28.4203 20.7851 34.4613 7.84829 50.6315 30.2735 17.6409 30.188
10.9712 42.9806 35.4156 50.371 11.0847 23.867 31.8937 1.777
3.19395 9.07542 45.7729 35.0338 2.88507 15.5368 57.5612 17.1793
36.004 16.9564 61.7101 14.3297 23.35 4.89277 14.7169 32.955
52.2837 29.7194 36.2356 1.99788 19.0812 36.2137 14.4876 22.0103
11.2797 5.31253 6.9862 34.4315 17.6149 36.7595 16.3739 63.8919
12.2403 27.1973 10.254 33.4451 46.8546 41.0471 35.3596 7.26233
1.61638 14.3208 11.5063 44.4292 53.1834 22.3178 6.10048 41.7324
4.52366 2.13069 6.06617 1.13253 33.1095 2.12877 50.7696 59.724
15.8447 35.2116 9.96275 42.2884 30.0946 29.7115 25.1824 41.2113
33.0489 30.4068 14.8398 39.5932 25.3604 26.8716 28.1526 37.5761
12.7113 11.2092 20.5608 2.17705 64.6438 9.25868 48.7636 13.5943
25.2125 22.2331 40.7822 22.6534 27.1655 8.41504 44.33 39.0379
19.4784 40.2548 14.7796 10.1163 49.0999 43.0149 25.7574 2.58329
10.6335 5.00852 58.7192 4.90087 57.6405 11.9583 14.9899 1.43805
6.53423 3.71426 49.5975 9.38345 52.0159 6.05949 16.9993 40.62
17.1013 3.41469 5.08417 19.6372 35.4829 44.239 59.0928 1.77161
5.91823 12.2319 7.614 15.7426 10.4643 78.5705 24.3964 1.58063
35.5609 73.4937 6.71794 6.70481 6.79055 11.8457 14.8486 11.3874
1.65881 0.764333 2.42196 5.02936 51.3847 51.4892 45.0708 8.45226
13.9637 6.57737 4.7456 68.9184 4.69163 3.89115 16.5183 43.8552
1.88863 4.19711 7.13676 1.65708 36.0817 2.31561 55.3292 55.3365
49.1935 23.1719 14.494 4.60782 54.1681 11.2407 31.3953 0.0232198
14.9345 15.3028 41.6069 45.3746 33.7447 29.5692 30.9787 13.4669
13.5164 27.9376 7.59342 34.5407 17.812 50.0871 43.843 22.2397
29.3163 60.5877 16.4734 4.65882 26.2955 10.6663 34.2667 21.9838
15.5194 32.0676 30.2722 7.89525 24.5555 34.267 11.3156 53.4985
48.4385 13.2253 56.5348 17.7686 24.2383 15.5461 14.7508 22.427
6.14468 8.81199 53.651 54.2404 8.04998 17.6125 14.1618 25.8143
54.3032 14.9099 13.7774 57.4698 7.82433 6.81004 14.6567 22.2781
4.41947 17.2999 27.6825 29.2335 1.79357 10.025 8.06193 70.2105
12.8858 55.2613 36.7419 28.9804 4.86789 22.9406 19.2705 32.8204
7.90623 4.4945 3.28934 23.2933 38.9997 2.90856 69.2488 13.2232
8.0308 4.64943 1.75726 55.4997 21.3209 30.4401 25.0821 43.271
11.5812 11.8668 5.99442 19.061 38.022 33.4882 53.6541 38.0696
32.3405 13.7859 38.6775 23.2655 15.285 48.3229 8.82844 38.0687
48.8109 33.7755 9.5511 11.254 5.87847 5.11893 26.2794 50.3546
16.77 51.4013 43.1692 3.0319 21.6219 31.073 31.3466 0.0231834
8.68681 76.9191 20.6303 15.1898 5.40158 5.10937 20.442 13.3748
2.14383 0.137296 0.954615 22.328 34.5717 7.87756 65.615 37.9031
9.02886 3.19564 8.84514 14.0939 14.7988 9.19596 34.4564 74.2268
59.3652 33.7427 5.61358 5.60255 26.0243 10.5523 13.2287 41.6317
0.810327 0.830313 12.7275 24.8302 4.07551 14.1716 76.8429 28.679
2.56734 11.0099 21.9981 23.9901 17.8413 17.6147 73.4745 13.4617
14.7771 21.1926 7.08234 52.0348 27.6552 41.5378 37.1211 5.3344
0.702139 0.645995 0.315179 1.95209 0.90249 80.2455 31.5097 13.6686
3.54797 31.4203 49.0279 11.0612 15.8412 3.84164 15.373 57.4352
42.9957 61.6627 19.4012 7.03818 8.13758 17.8138 14.3217 26.118
22.2074 49.3447 13.2428 4.55855 21.1622 3.73625 27.3506 54.6512
56.8361 26.1868 16.6719 53.2583 6.91647 5.2499 19.588 5.40565
0.529574 0.306608 6.68222 39.4225 10.6749 17.7307 67.0014 21.5165
8.43372 3.97196 2.71771 2.08472 41.4127 21.1862 70.7898 13.517
34.0894 15.7083 9.18531 38.3061 25.7103 3.76095 56.8252 22.0838
3.40938 30.2051 9.50056 6.03682 33.0379 3.09617 8.26387 72.0448
39.3474 34.6981 17.6228 4.52435 26.2355 16.2226 43.8966 38.6551
37.5517 7.50258 12.868 15.4419 47.8141 20.0712 26.8192 43.6827
26.4512 54.6648 39.6752 38.4554 8.57547 4.528 19.2215 6.14541
23.0264 21.1854 7.65595 31.9326 70.1452 6.93922 14.9317 13.4938
40.2519 18.9554 68.9928 16.0161 3.37852 3.7018 19.4683 13.634
4.3139 16.1738 1.37782 71.682 7.68978 36.8306 19.2231 6.14593
35.7361 20.3116 63.7383 6.19993 28.8064 11.679 14.6417 22.2542
30.3262 14.2827 51.9781 12.0709 6.04168 3.95324 27.0238 51.7965
14.7174 32.7046 43.5088 4.61039 13.5357 13.2186 11.1808 61.2085
19.9439 41.2153 27.5891 57.7886 6.50821 4.33515 30.5171 1.74345
39.6756 18.6863 68.0021 15.7933 6.80571 3.66669 19.2458 13.4737
41.0027 42.0137 46.8707 3.28311 20.734 17.7256 31.7629 0.0234951
7.10541 26.6451 33.4545 21.4614 29.2657 18.1048 11.1294 60.9165
21.9211 67.1757 17.3023 5.96451 27.6439 11.2208 14.7952 24.7951
40.4972 30.4131 29.2055 30.9901 36.4109 19.9523 24.7963 26.2187
4.5524 17.07 4.32365 77.6342 8.32521 25.6731 15.0009 0.0233428
13.047 7.41704 19.8998 60.0304 35.7732 27.7402 14.2398 24.8718
31.4855 32.2619 3.70286 48.8979 5.49356 50.6431 19.4846 11.5833
24.6675 21.7536 70.3239 7.05049 3.1729 4.28764 31.0378 1.72873
2.75717 0.550673 3.7283 4.62904 57.4967 57.6141 24.2086 8.39297
24.951 14.1832 61.3757 5.54701 18.1384 10.1071 16.5262 43.8767
3.00165 9.9838 21.1006 1.58574 1.56628 49.154 13.6245 62.3447
4.39346 9.76224 12.0532 17.0956 12.1675 12.0132 79.3594 13.3944
57.4346 26.4722 15.4858 32.2376 27.5157 17.6692 14.9493 21.6066
23.6123 48.8067 17.9132 12.2578 59.5258 5.57406 20.859 9.1796
7.23165 64.047 17.1766 47.2954 5.41496 5.1219 20.4985 13.4128
10.0404 3.25263 13.846 74.3228 20.3627 4.93615 18.3728 27.8509
17.1711 12.7476 45.7409 41.5248 20.4032 29.3248 13.3782 41.9205
60.8468 28.6595 38.7874 6.35392 29.4944 11.9632 14.9961 0.0233351
25.098 22.133 51.8833 12.0562 2.55504 3.93992 25.0535 50.9906
27.9266 15.8736 38.9701 24.9995 13.4844 13.1686 11.1389 60.9704
17.4155 53.3731 44.8266 3.15249 4.77182 30.8698 31.1423 0.0230304
1.20552 10.6766 22.9785 61.108 17.6507 27.4373 13.2526 41.5106
6.25046 2.02494 71.9174 17.9724 35.1648 18.7073 15.0399 0.0234061
21.8221 63.1501 16.3543 12.8688 26.4975 10.7499 32.2136 21.9025
19.2743 9.07786 17.01 29.4722 15.1992 57.5149 16.6813 44.3004
18.4925 41.0881 11.0284 3.79749 12.837 34.9977 27.2367 54.4216
25.93 7.08275 21.4612 28.794 21.1844 37.5912 58.6585 1.75858
3.88615 3.98199 3.80498 11.1761 31.5578 74.8921 23.2291 13.555
1.02041 1.82654 1.35487 0.775607 8.11141 75.6356 24.2568 27.5767
29.4803 16.7573 27.0743 3.55095 16.4838 62.3703 13.869 32.6089
42.5509 24.1846 4.02125 41.1087 17.6567 33.1197 17.2494 41.2351
1.67089 1.7121 12.8266 10.922 8.03851 25.2148 76.5543 28.5715
10.7108 6.08831 9.83668 3.92386 39.276 2.32988 66.5468 32.5849
16.2603 36.1371 27.0983 2.09345 5.01024 3.01324 72.0434 6.2842
27.625 57.0886 41.4354 18.8591 8.1564 4.30793 31.223 6.12423
5.42033 23.2402 46.4322 51.7519 38.0651 6.88299 14.803 13.3726
1.08819 3.33576 38.3934 32.274 57.7232 20.2268 31.4443 6.16817
54.7245 48.2589 17.8564 6.14654 28.5348 11.5734 14.5077 22.0421
26.9791 3.57023 9.3614 16.2826 43.5233 48.7311 25.6611 35.2868
35.4295 20.1422 13.6983 3.52639 66.7039 4.98139 14.1967 21.5497
0.00578744 0.00745427 0.0471614 0.00393235 0.116676 4.25297 83.2516 22.2186
26.4445 66.2927 5.8678 18.8079 20.4163 38.2102 3.9346 6.21757
23.1902 71.0732 18.3027 6.3063 6.38692 11.1361 23.2146 21.7643
48.4385 13.2253 56.5348 17.7686 24.2383 15.5461 14.7508 22.427
8.33123 25.5473 6.57332 53.7418 4.98442 59.5766 4.78252 17.7054
51.1462 35.3901 10.0041 11.7884 17.1032 28.4114 22.438 37.8327
15.563 34.5828 32.223 8.39451 26.1318 25.7999 21.8683 54.9005
34.8121 9.50673 47.8539 29.6671 27.4939 13.8194 28.8213 34.7694
31.2886 9.22284 8.94041 32.8066 4.51775 63.4196 33.7165 5.37305
3.15243 11.8184 7.99132 62.3514 6.69023 20.6225 26.8531 43.7387
34.8463 19.8063 48.6263 31.1928 16.8238 16.4296 13.8968 41.6348
1.99925 8.57048 17.1224 4.90725 37.2627 3.44119 73.0463 8.99878
7.92329 33.9771 8.53751 69.7693 6.47941 11.3058 23.5801 22.1141
6.93616 7.10717 14.339 18.8557 2.12188 1.41277 34.3041 73.8991
11.065 41.5045 56.9612 27.2606 28.9095 11.7191 14.6925 22.3347
0.727626 0.413633 0.2049 2.14331 3.57207 0.611297 83.8083 10.6708
1.7751 0.354564 2.40032 4.98416 50.8892 50.9932 44.6393 8.37096
0.493546 4.36741 71.1737 15.3193 7.2115 36.4682 20.4439 7.19981
7.51555 23.0462 74.1839 19.415 6.63181 18.3324 14.7359 22.4034
8.33123 25.5473 6.57332 53.7418 4.98442 59.5766 4.78252 17.7054
42.6995 24.7197 4.06397 12.3071 26.418 43.5331 16.7617 40.8449
0.81844 1.69143 20.5552 40.0912 4.70955 2.48656 10.5567 71.2797
2.89077 25.6032 6.86636 28.2774 72.8105 5.52402 20.6507 9.08554
2.96734 9.87442 20.8733 3.98623 12.2303 58.3252 16.0027 54.8484
37.5621 34.5594 34.9072 26.5118 27.6641 29.3129 19.5815 27.7165
51.1462 35.3901 10.0041 11.7884 17.1032 28.4114 22.438 37.8327
18.4542 65.7672 5.62447 18.0073 6.80384 35.422 28.8394 6.12412
9.51366 4.48056 16.3062 3.78657 82.4332 12.168 6.9544 8.68894
32.2603 52.5393 4.57755 30.6043 18.4039 30.5759 14.5621 32.595
18.7586 12.9803 44.3772 35.3822 5.87878 5.1192 26.281 50.3575
9.73766 41.7604 34.2359 2.39809 60.7224 25.4818 3.93331 6.21507
29.4226 65.3717 5.90162 5.89013 19.9067 37.3311 14.9116 0.0231981
11.2003 34.3373 28.8365 45.8155 6.2413 17.2718 12.0474 51.6
20.4923 62.8073 45.1841 3.50945 6.6245 21.246 14.8233 6.11517
0.132035 0.0750516 0.0875845 0.0252565 0.428218 32.9651 51.5406 59.7394
1.6746 0.771673 22.7285 20.2358 31.0739 9.89461 14.1723 71.6178
13.8245 10.3823 11.1951 10.9187 72.4519 20.1101 24.9918 22.0143
41.2551 23.4502 28.5918 59.8922 22.4999 12.154 3.92584 1.7599
55.9505 31.8023 15.7482 16.4878 6.54781 42.8903 18.8027 22.1366
26.9791 3.57023 9.3614 16.2826 43.5233 48.7311 25.6611 35.2868
3.8957 34.481 23.7321 69.694 5.39595 5.10431 18.9761 13.2979
13.7238 3.76696 3.48058 12.2639 79.7022 11.7556 10.4027 26.6961
0.00990205 0.0861876 0.948554 0.0417625 0.0996206 32.1121 78.1334 6.11659
35.5574 31.3555 57.5154 14.1223 5.01313 10.0607 13.6556 38.9978
42.2648 19.9064 7.50905 3.87084 69.5161 6.99635 15.0506 0.0234235
30.5587 17.3686 9.06933 38.4961 53.9306 34.2958 24.5912 3.08705
0.00887025 0.00242303 0.00252082 0.594731 0.308007 47.5943 70.8353 1.75478
34.8572 16.4156 26.3481 9.10759 69.6386 5.26166 19.6331 1.78358
30.9393 63.9475 18.9293 13.9358 35.3557 6.87597 20.7296 9.12115
3.11412 0.621945 4.21098 2.0157 49.3762 49.477 48.4651 8.40001
2.75416 1.5656 0.817811 3.46971 67.6655 42.42 18.6018 21.8932
0.474172 1.8571 23.6252 21.0342 1.28505 7.20896 79.1135 0.0233516
13.6626 6.43483 75.4628 6.29416 29.2324 18.7634 15.0845 0.0234784
4.16781 16.3214 26.1184 6.06838 14.964 31.2253 69.8273 13.3335
0.13269 0.0362389 0.411056 0.362854 0.0825873 40.8097 63.8079 40.8636
60.5048 28.4982 6.02494 16.6881 35.8295 11.1903 33.5416 0.0233595
3.49149 30.9233 8.29316 6.10584 52.5014 4.14267 58.4611 9.08353
10.7802 17.5562 7.4505 21.7172 45.1668 10.4594 52.4808 37.2368
0.217102 0.123411 0.0225108 0.60397 0.0265551 0.244674 0.297747 84.9874
14.8266 8.42618 4.17063 7.84393 80.2179 11.8305 6.756 26.7466
16.8692 11.6723 13.4024 2.00699 59.4309 20.5995 26.823 43.6892
20.9021 14.4623 4.08642 62.0146 6.44324 25.2155 12.8337 43.979
28.6354 21.5051 28.5919 24.2913 59.5451 20.8621 25.9268 6.20429
13.8819 52.0658 35.2013 12.5607 6.84151 17.0785 29.0175 44.5115
4.59601 4.69514 43.3691 3.58797 68.06 25.9528 3.90525 10.8329
15.5709 8.8503 4.38221 8.2398 79.2183 5.10478 6.65227 26.2902
3.1933 0.872134 0.272178 1.64412 15.4518 81.4899 19.2971 11.4687
3.84737 16.49 4.37195 3.7574 70.1211 4.5325 28.8007 32.1816
27.625 57.0886 41.4354 18.8591 8.1564 4.30793 31.223 6.12423
1.36195 4.53227 9.5807 11.3319 64.9384 30.3163 18.3078 40.9003
28.7663 16.3515 8.09815 30.2302 1.84723 6.54659 8.20626 71.5215
4.58027 17.1768 26.3203 22.5197 23.5538 54.0222 20.9375 44.2938
23.1902 71.0732 18.3027 6.3063 6.38692 11.1361 23.2146 21.7643
3.06853 1.44543 16.9406 3.37386 73.3648 28.2059 6.5528 25.8526
16.2549 36.1176 27.087 20.5725 4.31306 37.9727 11.5302 54.5569
10.7802 17.5562 7.4505 21.7172 45.1668 10.4594 52.4808 37.2368
6.33184 13.0843 9.49712 74.0833 7.95339 17.3972 13.9896 27.5111
5.33588 3.03275 30.6762 2.5567 75.896 6.81937 14.6781 22.3119
4.24829 2.3354 1.753 12.8247 21.3749 25.0045 77.1772 10.8117
14.4094 10.8212 11.668 11.3794 75.5281 20.9584 26.047 6.23358
41.3162 14.6233 10.7251 3.69102 70.0101 3.69749 14.8692 13.435
19.0626 42.3517 11.3697 3.91698 13.2342 36.0763 21.5425 54.0701
35.7361 20.3116 63.7383 6.19993 28.8064 11.679 14.6417 22.2542
35.8856 9.79972 49.3295 30.5817 21.5158 13.802 29.1946 34.7923
7.72334 23.6778 2.04806 6.20964 1.04319 2.14157 70.6228 41.5108
1.64576 10.7923 0.810773 5.41931 19.5637 73.974 14.5294 32.5189
29.8292 51.8015 4.43332 29.6696 27.4964 16.432 29.446 32.9117
1.26385 8.29583 4.7016 9.72167 21.9061 82.8603 4.88264 1.60068
3.73775 1.7225 1.00736 3.4846 77.8443 24.9927 6.66435 21.9127
6.95684 21.3336 33.2253 35.5781 4.41945 63.8533 24.7404 3.10616
55.7661 26.2645 5.54986 12.0796 2.55344 5.24335 26.9813 51.7141
3.12859 1.77828 5.19619 6.70285 2.20442 84.1951 6.88265 13.4725
7.36791 3.47023 15.847 3.47791 75.6834 4.86343 33.2261 13.4345
4.24534 9.43343 2.7567 2.08976 45.475 2.9223 69.7315 17.4687
0.60609 0.534476 5.33499 0.488936 76.9976 24.7146 14.4382 25.4419
7.54929 66.8919 43.5873 19.9548 5.46802 5.17178 19.2858 13.5025
5.92709 52.4334 12.9191 4.45203 14.547 40.8961 24.422 40.7529
0.420726 0.431101 6.59881 38.9896 74.0931 4.59501 14.9817 13.5409
31.4855 32.2619 3.70286 48.8979 5.49356 50.6431 19.4846 11.5833
16.4663 34.0278 9.25427 2.61944 14.7707 5.99358 19.2482 70.8349
33.9372 29.9272 30.9436 23.4996 4.92261 45.3464 17.4504 38.592
5.95661 1.18965 8.05467 16.7255 81.4269 5.23411 14.9501 8.39772
13.7354 12.1126 11.8583 11.5655 76.7455 10.6799 25.8176 6.17769
0.602267 0.277504 4.37833 3.64173 81.4977 26.1581 6.96653 6.57901
1.95187 0.533243 0.679903 1.05675 0.656979 82.8367 14.7722 11.3263
12.4226 48.6654 13.3824 9.85165 60.7374 21.2771 20.7941 9.15027
0.669644 2.05255 23.6141 46.0565 59.4716 4.32689 31.3711 1.74753
21.1812 21.7035 2.49293 32.8949 21.1605 37.5502 58.5951 11.4952
6.48282 13.3968 9.72368 75.8606 8.14163 4.30082 31.1626 6.11223
37.5621 34.5594 34.9072 26.5118 27.6641 29.3129 19.5815 27.7165
0.0593427 0.122619 1.48784 8.77846 0.855919 45.8304 69.4836 0.0228542
6.18856 1.6912 5.12247 4.35269 0.971632 82.8857 6.79367 6.05913
4.10665 3.62144 1.33992 24.0626 2.57985 79.7054 19.4069 1.57833
12.1489 37.2399 31.2753 2.19493 57.6018 20.1854 31.3793 6.15525
6.39972 13.2243 8.85281 73.1799 20.426 4.28001 30.9859 6.07714
8.79746 77.9518 19.194 15.3075 5.4387 11.8254 20.7729 9.14072
39.6756 18.6863 68.0021 15.7933 6.80571 3.66669 19.2458 13.4737
4.58027 17.1768 26.3203 22.5197 23.5538 54.0222 20.9375 44.2938
29.4803 16.7573 27.0743 3.55095 16.4838 62.3703 13.869 32.6089
7.51555 23.0462 74.1839 19.415 6.63181 18.3324 14.7359 22.4034
1.36519 0.775983 0.527555 3.99082 0.175063 0.270203 84.7158 13.4442
12.8858 6.06916 22.0854 5.12999 64.7351 4.39583 21.8193 44.1938
5.00618 10.3473 75.8935 5.15364 29.1234 11.8082 6.74901 22.223
6.95684 21.3336 33.2253 35.5781 4.41945 63.8533 24.7404 3.10616
4.39346 9.76224 12.0532 17.0956 12.1675 12.0132 79.3594 13.3944
33.9372 29.9272 30.9436 23.4996 4.92261 45.3464 17.4504 38.592
3.85331 34.1153 22.4298 17.5829 69.7016 5.17602 14.7783 13.3494
19.0626 42.3517 11.3697 3.91698 13.2342 36.0763 21.5425 54.0701
0.00106569 0.00029103 0.00330153 0.218536 0.528453 40.9283 63.9942 40.9828
13.6451 6.42566 12.0413 3.76504 82.0148 5.2588 19.6327 8.7731
4.68444 20.0854 13.3549 2.01079 77.4888 25.3108 3.91153 6.17259
6.25969 12.9352 9.3889 73.2391 20.7526 4.28669 31.0426 6.0884
6.48282 13.3968 9.72368 75.8606 8.14163 4.30082 31.1626 6.11223
2.93262 8.98853 28.921 2.49206 73.7976 11.4748 14.3826 21.8441
0.89664 1.99231 0.734045 0.188614 0.637756 2.35642 65.6924 54.6054
10.9176 11.1868 22.5708 29.1152 74.9713 4.65153 3.90226 13.5034
12.1489 37.2399 31.2753 2.19493 57.6018 20.1854 31.3793 6.15525
0.214524 1.40747 0.797736 1.64941 3.71647 0.363999 85.9971 1.58559
9.02886 3.19564 8.84514 14.0939 14.7988 9.19596 34.4564 74.2268
1.6405 0.77259 0.148995 10.7062 45.2863 2.90656 69.4439 22.2996
0.000678843 0.000874343 0.000371882 0.00226827 0.00408617 0.162019 3.16885 85.7831
8.7205 14.2013 14.1588 10.8263 75.8206 11.4459 14.346 21.786
0.063352 0.103175 0.361764 0.18885 1.02906 79.1479 31.4358 6.16648
41.2551 23.4502 28.5918 59.8922 22.4999 12.154 3.92584 1.7599
0.137266 0.420784 0.196714 0.489527 1.10295 4.17064 85.3429 1.57354
5.10861 1.39534 4.22816 5.67282 3.63365 84.9046 6.94338 1.76259
0.0896091 0.0509358 0.13265 0.717058 0.0608338 0.141287 0.13517 85.5346
10.9176 11.1868 22.5708 29.1152 74.9713 4.65153 3.90226 13.5034
0.185104 0.128079 0.40397 0.0378754 0.0383597 0.123042 12.5303 83.8906
29.8292 51.8015 4.43332 29.6696 27.4964 16.432 29.446 32.9117
0.516774 0.293744 0.199711 1.56 2.60003 3.04154 84.8119 10.7985
0.10045 0.0570973 0.0922511 0.159837 3.09249 3.04534 84.9395 10.8148
0.122285 0.0695163 0.186515 0.562661 0.335293 0.259997 0.133456 84.4048
0.000233722 0.000716472 0.0013526 0.00660919 0.000560719 0.484579 12.634 84.585
8.82884 78.2346 20.9775 15.443 5.48639 5.55762 20.7906 9.14869
13.8057 6.50255 76.241 6.36215 29.5362 11.9795 15.0168 0.0233686
0.113843 0.0845201 0.188012 0.567229 0.337988 0.262067 0.134488 85.0853
0.0437511 0.286933 0.384879 0.487203 1.09772 4.15083 84.9359 8.3805
0.000169629 0.0014792 0.0163183 0.0318329 0.0052278 1.22174 2.97369 86.9213
13.8064 6.50289 76.2451 6.36246 29.5378 11.9801 15.0175 0.0233698
7.75596 68.6388 18.4131 13.5589 37.6804 5.12881 20.5024 5.28567
0.798167 2.4468 4.61923 5.71639 0.643198 9.27599 3.59548 84.63
13.9713 6.57969 77.1875 6.433 29.8967 12.1196 15.1945 0.0236569
