58 1.77489
0.0392488 0.000212148 16142.1
3.28575e-05 0.0457304 18807.5
16960.1 4.39569 0.0548435
15481.3 1371.16 0.00592202
2.05902 17347.9 0.274313
1.76053 15568.7 2168.78
0.00146107 0.0431662 17763.1
12852.5 7929.23 3288.48
0.0142539 0.0382882 16802.6
0.00164893 0.0817695 15981.1
10763.9 10046.2 1608.82
0.0361077 0.00445425 14962.6
2.3571 16839.3 0.933012
9253.34 1879.39 10662.1
3377.29 4681.8 14433.1
0.0316593 0.0305716 18100.2
4238.55 12136 6599.43
5332.47 8202.8 11102.7
2489.44 12401.2 8036.32
12515.1 2185.45 7870.41
2236.71 5880.29 13512.8
0.000173166 0.0450601 18532
46.965 16456.3 2030.59
1210.2 10907.4 11143
5706.33 6445.67 12261.4
15713.1 3.16457 1979.45
4717.9 13508.5 3515.14
7079.71 8816.34 9749.12
14553.6 7192.66 10.0862
3136.18 6390.76 13460
14960.7 3038.56 45.6018
16062.9 8.77405 0.861936
14076.3 25.5188 6121.76
10655.8 3329.65 10313.8
14230.2 2890.2 4864.26
10108.7 9434.67 6964.24
8163.21 11178.8 7100.4
16534.1 3.32991 109.31
8396.17 1695.26 11530.2
8768.73 12269.6 1196.38
0.189455 17276.7 32.6873
13134.6 1448.61 7674.07
16464.7 86.5565 0.00627374
7937.88 11967.3 4146.8
12875.6 3997.61 7238.72
9410.16 8596.21 8529.58
13916.2 4149.46 4506.58
36.3838 15045.3 3894.21
617.022 12653.4 5095.6
15918.9 3.20601 973.656
2873.7 8020.17 12343.8
4184.63 5487.29 13047.8
11414 2528.82 9638.69
1428.38 11496.3 11119.9
11012.2 3804.99 10115.6
12775.9 5243.74 4267.46
2713.91 14874 69.9234
13872.2 6973.67 694.715
1962.82 9290.1 11977.8
8684.77 9745.03 9506.49
14328.4 7.82662 309.411
10448.8 3593.57 10152.6
11377.5 9067.3 4669.06
14242.2 4423.85 229.607
809.556 14002.7 3630.39
8431.44 11102.4 5241.9
374.937 15850.9 113.142
4264.77 7581.56 12726.6
8334.94 5816.58 11360.5
959.052 6513.78 13834.1
13309.9 4532.79 6753.44
3889.8 6914.98 12796.2
903.342 16056 38.5538
13086.7 7794.03 1028.8
6796.15 14658.2 0.00615642
3477.85 1196.11 14297.8
14989.6 2420.19 45.3557
8505.9 12673.8 567.762
5832.88 10668.5 8736.85
848.657 8408.79 12380.2
8723.81 998.88 11457.6
6676.71 13190.5 62.9933
5941.86 12604.7 5605.06
190.105 15597 402.893
12487.2 5485.12 5485.89
13486.5 1187.96 7191.73
4516.25 5101.39 13505.1
81.9101 14449.5 5905.26
8802.49 9851.56 9306.6
12665.6 8009.85 3329.7
7248.37 6769.38 11609.6
3021.49 9560.45 11824.3
2043.72 11200.9 9683.85
4800.11 11144.1 9244.06
1791.37 11916.8 8454.38
10960.6 10792.9 876.144
5001.89 10589.4 9655.57
1546.76 16305.4 30.1477
8985.46 11189.6 406.935
4.10075 13536 10567.1
14806.3 2.98195 4241.65
3823.67 11011.5 10728.2
13395.7 6287.18 3739.55
9562.68 10819.9 4351.38
8904.14 166.434 13122.5
11909.6 9177.8 82.0168
11612.7 8228.5 5766.28
6280.02 15927.3 0.0063472
13704.6 226.426 8466.19
10732.7 4819.36 9378.89
4.53086 15299.2 4931.39
15076.6 226.528 63.4319
5.01457 9602.8 12113.4
13934.6 709.329 6081.88
7971.6 7872.13 9727.02
7360.81 5016.87 11697.6
3584.9 9389.37 11405.4
431.221 14214.2 6990.55
6494.42 11591.5 8099.88
459.507 6877.44 13368.7
10429.8 11643.2 130.494
7838.8 12677.5 86.6078
12267.9 5697.9 7548.02
694.616 14244.6 3691.33
0.00232101 0.0400874 16514.3
5149.89 10489.3 9952.36
9087.2 7998.1 9117.49
10963 10232 1189.65
0.157142 15429.8 10463
7486.76 6616.12 11695.5
114.845 7634.09 14733.9
12191.7 6128.89 5509.85
12253.1 11839.3 69.1452
13012.4 532.949 8044.21
6999.64 11472.2 7475.29
1079.39 15241.3 30.9194
9982.93 10467.1 4753.13
11129.3 5117.54 8197.69
48.3883 16297.6 169.908
10248.2 12211.5 139.991
4138.82 6153.95 12777.3
7587.8 6648.58 11350.9
8839.19 397.871 12563.4
12055.3 342.597 10171.1
1749.98 5043.61 14048.1
14816.4 4064.36 123.169
10346.7 7331.47 7915.46
12212.6 5955.48 6975.42
11207.1 2.90463 12576.9
6581.37 14711 24.3093
15692.8 1.78933 4897.17
8612.57 10782.5 5550.72
14120.8 7.71323 6793.94
11756 7986.32 4492.64
5010.27 4436.62 14028
5740.89 10427.3 10394.6
6434.47 7988.3 9931.64
413.377 13007.9 8307.79
3645.98 14480.4 69.0575
1.57395 13918.8 7758.26
5110.05 2457.42 14223.2
9512.85 12526.4 203.509
10376.4 806.391 11810.8
13532.8 4516.2 4408.47
2681.71 14697.5 86.8106
13251.8 424.515 8377.47
7692.11 6453.41 11032.3
4645.14 7266.66 12763
11030 9083.57 5464.51
6161.97 14991.6 0.0190515
217.676 8306.51 14316
6246.47 8572.59 10270
3976.57 9582.54 11050
10473.8 7138.59 8621.34
0.0190953 0.0346822 16282.8
11549.3 7176.73 7384.07
8717.53 13319.2 24.0112
8384.88 11370.6 7067.46
13940.3 4794.38 839.648
9723.63 12804 1.62657
6924.04 10357.3 9423.6
13.5821 9097.6 13225.2
9340.12 12993.2 45.6601
4547.98 9006.68 10746.4
124.176 15541.7 633.367
5958.85 6314.6 12366.3
7262.43 10113.7 8689.06
12605.4 55.6092 10944.4
250.816 7570.65 13928.3
12087 7048.58 6085.13
9328.86 10326.3 8220.02
12916.7 10195.9 0.00627031
155.926 7496.16 14541.9
263.009 7938.69 13684
13658 593.008 7863.45
11661.8 9285.68 81.3157
10535.4 567.713 11261.5
6735.75 11050 7889.15
457.638 6820.73 13818.9
9529.82 8902.5 8326.42
9817.67 7849.59 7993.61
215.419 13703.2 8340.52
455.883 14345.4 4684.21
3518.63 9963.58 11546.8
9664.99 6711.51 10133.1
10273.9 6197.67 10067.8
12150.4 392.84 10029.6
9289.02 8225.46 9036.05
9690.72 8517.86 8634.43
14119.5 2928.33 4738.52
8783.09 9937.86 9198.36
8728.31 11445.4 4155.33
6122.56 78.262 13151.4
9886.09 12492.9 257.167
15412.6 77.4091 0.0181162
15275.5 4699.5 0.664342
12761.3 649.602 8956.26
86.3684 12305 11008.9
1907.72 15214.6 1.82165
12112.3 5569.57 7668.21
15206.6 416.289 0.839517
12797.3 612.09 8953.76
12223.5 7730.25 4251.91
13542.8 26.942 9781.65
201.189 6590.69 14656.3
11495.6 9488.8 81.3093
486.969 13243.2 7657.7
9382.9 27.4883 11836.2
7943.43 2466.27 12162.5
8409.05 11276 5594.4
11537.3 896.606 11225.6
7.18445e-05 0.2202 16440.1
12417 482.845 9869.36
8590.58 6269.25 11326.9
11617 8231.58 5208.81
11961.4 5841.67 7692.08
330.124 8257.31 12668.9
10525.4 12082.1 87.4069
0.045597 0.0609567 14874.7
4665.43 4131.26 14121.6
76.3405 13808.6 9241.2
6558.27 10562.5 9404.24
9140.49 12761.6 57.4988
13990.5 4764.57 661.295
0.34223 15186.7 10814.2
10623.7 13721.2 0.957666
13482.2 1362.57 7869.56
8401.67 9939.95 8858.36
3660.72 4812.01 14165.6
177.252 6930.78 14532.7
7667.07 9567.28 9572.02
9553.71 5635.18 10191.5
13298.4 8139.36 0.0655328
12324.4 8151.93 9.18071
0.255485 11337.3 13611
51.4702 12754.3 10485.1
58.1395 14407 7596.14
5789.08 16008.9 0.269183
260.872 8422.81 12316.8
11983.2 655.196 10932.9
9743.28 7508.38 9411
11015.6 3442.09 9735.57
11538.9 3441.91 7820.13
7269.74 8211.64 9621.05
1995.71 10444 11324.8
3719.71 4726.1 14091
3966.94 11014.1 10223.3
5957.2 7418.48 10796.9
809.556 14002.7 3630.39
8697.07 431.296 12616.6
222.9 8993.15 13187.5
6919.51 8590.47 9875.15
9818.35 6278.92 9849.45
14015.2 37.7332 7795.83
288.447 11572.7 9544.57
7367.95 12149.3 4669.15
9694.31 7395.81 9695.91
10296 861.482 11742.1
249.148 16377.9 0.536516
4776.19 7174.25 12754.5
11039 32.34 11711.8
21.2475 13232.7 11224.2
11455.2 5055.86 8738.01
690.191 15269.6 70.3874
13440.2 5067.46 4844.47
10513.2 6588.79 7563.66
9888.87 10500.2 4788.83
259.183 15090.5 3306.21
5773.61 110.081 14726.2
1.49753 14233.3 8784.06
272.719 13255.4 7434.35
11756 12772.9 0.00661458
9891.44 12284.6 29.0309
10677.2 5134.68 9550.98
3721.29 5067.22 14030.3
6125.81 6912.29 11651
10713.1 8263.13 6768.15
6141.56 15142.6 0.0192068
13471.8 420.858 8286.61
437.078 6350.79 14110.4
