863 16.5653
97.9149 3.06829e-15 4.80254e-15
79.5169 54.9388 4.7405e-15
2.81266e-14 99.2902 4.87e-15
2.78007e-14 8.7117e-31 98.1395
1.41656e-14 2.55922e-14 103.26
7.98549e-30 2.81897e-14 99.5128
54.7251 88.876 5.11932e-15
75.9235 25.4082 70.8837
80.4554 54.2958 17.904
3.1009 85.3703 58.7981
36.0571 88.0134 33.058
27.0843 8.02225 96.7095
47.3036 85.3987 26.8496
79.7708 40.7535 38.8802
80.1043 54.0589 24.2733
52.0904 70.4502 40.3657
6.81183 97.9045 4.81364e-15
76.1591 51.3964 31.6266
74.5052 38.0634 49.9533
85.8467 26.5511 41.3988
89.8265 27.782 25.8595
31.8992 1.05015 93.1184
20.8777 33.9064 88.8129
5.84021 83.9396 50.2384
83.3527 42.5834 25.7428
39.1155 35.805 83.5161
38.52 11.9137 89.9319
80.4554 54.2958 17.904
10.0982 30.9293 91.535
70.698 47.711 53.7415
65.3895 59.8553 46.561
91.2869 5.06201e-14 42.0567
66.4938 44.8738 57.1389
48.8351 32.9567 78.968
4.26982 61.369 75.3492
15.8729 48.6164 84.4688
38.1005 72.6563 58.4361
58.1935 3.22693e-14 78.0005
6.52156 93.7326 25.8415
23.4803 31.7562 88.089
71.828 24.0376 73.4551
28.5969 14.6096 93.6909
9.55481 29.2649 92.1658
32.3847 79.0491 44.8686
42.698 77.0842 40.5976
45.318 73.5985 45.3971
30.0759 92.118 4.75294e-15
72.1613 66.0539 4.7983e-15
26.0135 18.9526 93.9034
95.9348 29.6712 4.92534e-15
34.5989 46.7936 78.0033
33.4389 81.6225 40.6376
31.6299 9.78263 93.1444
41.6645 67.6651 56.601
50.5102 15.622 83.2677
59.8832 67.5862 53.9142
65.3895 59.8553 46.561
51.4274 34.7061 75.9926
23.6148 21.6162 93.404
55.4149 74.9465 25.6349
2.76415 68.95 82.6029
93.5369 5.18677e-14 25.7253
16.072 49.226 81.5549
32.3691 43.778 86.4802
46.4515 23.7312 82.1519
76.2964 55.5871 25.9623
12.4951 38.2705 89.7944
18.8241 57.6552 74.2873
1.17497 32.3479 94.4396
17.3585 26.6262 92.7343
68.6526 62.8422 25.5974
77.8879 52.5631 25.8431
61.6734 3.41989e-14 75.5404
43.795 67.1773 57.1198
6.24758 89.7947 41.4692
24.45 74.8865 56.1117
73.6167 49.6807 40.9165
49.2755 79.4179 25.7049
78.44 40.0736 40.5809
18.8241 57.6552 74.2873
24.0051 17.4894 96.2037
69.4487 50.5466 45.1155
24.5649 17.8972 95.4516
81.1981 4.50257e-14 57.8363
61.3202 82.9333 5.05888e-15
68.6526 62.8422 25.5974
26.2351 47.363 85.2723
8.79866e-15 2.69489e-14 100.075
12.4951 38.2705 89.7944
29.2883 0.964198 94.9196
328.688 10.8207 1.61303e-14
280.424 204.308 1.70176e-14
81.8043 4.53619e-14 238.67
4.74993 68.2694 83.8216
22.2407 34.1151 131.911
134.001 7.43058e-14 36.8541
6.29802 173.39 47.7186
7.76226 111.565 30.7577
32.6641 23.798 130.905
85.5152 57.7105 28.3738
91.8271 5.09197e-14 42.3056
188.384 1.04462e-13 51.8109
95.9478 64.7509 31.8353
84.1625 4.66695e-14 245.55
9.41526 135.323 37.3077
7.01407 100.811 294.835
37.6316 27.4171 150.813
23.2048 71.0728 242.172
8.65193 124.352 150.35
47.7325 116.512 34.6291
206.403 1.14454e-13 56.7668
99.7475 67.5139 33.1266
86.5304 4.79825e-14 296.251
15.3792 423.401 116.524
11.3651 163.347 530.378
18.1915 261.461 72.0832
47.9692 34.9489 173.159
11.7014 168.18 201.807
27.4351 84.0296 286.321
91.3774 140.164 46.0176
94.0633 5.21597e-14 274.436
215.853 1.19694e-13 59.3658
100.55 67.8571 33.3624
100.215 5.55708e-14 292.384
21.6113 310.613 85.634
13.5233 194.366 568.448
54.2938 36.6405 191.103
13.993 201.117 449.664
21.3156 306.364 376.155
376.235 1.43016e-13 173.335
105.312 71.0706 34.9424
103.497 5.7391e-14 301.961
36.7964 528.864 145.805
15.0227 215.916 741.012
23.5692 338.754 415.924
274.037 1.51958e-13 75.368
55.3988 40.3618 234.667
101.679 311.428 90.1012
105.13 85.285 37.2316
287.639 1.595e-13 79.1089
107.775 72.7327 35.7596
107.462 5.95893e-14 313.527
38.6589 555.633 153.185
107.39 78.2411 36.5429
70.5859 47.6353 248.447
309.04 1.71368e-13 84.9949
117.441 6.5123e-14 342.642
116.892 78.8855 38.7847
114.019 3.7536 369.52
46.167 663.545 182.935
289.765 9.53932 79.7368
74.2882 54.124 268.165
91.4016 61.6829 264.926
113.733 76.7532 63.2132
346.05 1.9189e-13 95.1736
119.065 6.60233e-14 347.379
118.524 79.9867 39.326
58.3078 838.042 231.043
84.2235 61.3626 304.029
82.7236 55.8265 323.26
349.343 1.93717e-13 96.0794
125.186 84.4827 41.5366
122.092 6.77021e-14 356.212
88.1138 64.1969 353.127
122.846 82.903 178.755
98.7539 66.6447 347.593
288.473 1.59963e-13 353.335
352.363 1.95391e-13 96.9101
135.843 7.5327e-14 396.33
132.572 89.467 43.9871
95.2595 69.4031 377.243
354.087 1.96347e-13 97.384
155.262 104.78 51.5158
137.299 7.61346e-14 444.728
133.888 326.814 97.1336
107.464 72.5226 443.863
137.934 7.64869e-14 402.433
151.943 110.701 81.5957
108.836 73.4487 425.3
357.387 1.98177e-13 98.2918
173.706 117.226 57.6353
150.158 8.32651e-14 438.096
134.941 329.383 97.8971
132.785 89.611 482.987
223.029 113.942 68.8806
141.914 4.67195 459.926
133.99 90.4238 471.616
393.931 2.18441e-13 108.342
177.278 119.637 58.8204
154.024 375.964 111.742
152.793 8.47261e-14 494.913
145.398 105.932 615.898
160.388 116.853 442.611
163.68 9.07634e-14 477.548
405.563 2.24891e-13 111.542
183.469 123.815 60.8747
166.656 9.24135e-14 486.23
164.899 111.283 580.41
410.431 2.27591e-13 112.88
184.977 124.833 61.3751
168.198 9.32686e-14 490.729
425.533 2.35965e-13 117.034
191.194 139.298 65.0598
172.257 9.55191e-14 502.57
187.996 136.968 107.161
426.693 2.36609e-13 117.353
201.653 146.918 68.6188
199.945 488.054 145.057
175.188 9.71447e-14 511.123
209.064 141.088 69.3672
440.003 2.43989e-13 121.014
219.184 147.918 72.7249
204.538 499.265 248.57
181.784 1.00802e-13 530.367
177.271 129.154 691.583
202.35 147.426 301.972
454.434 2.51991e-13 124.982
228.27 166.31 77.6762
221.133 299.074 102.296
181.812 1.00818e-13 530.449
223.711 162.989 339.023
242.115 163.393 80.3332
462.971 2.56725e-13 127.33
245.732 165.834 81.5335
231.66 565.47 168.065
190.121 1.05425e-13 554.691
472.202 2.61844e-13 129.869
248.162 167.474 82.3398
195.426 1.08367e-13 570.168
492.712 2.73217e-13 135.51
259.534 175.148 86.113
200.716 1.113e-13 585.603
513.268 2.84615e-13 141.163
260.21 176.123 86.4169
206.772 1.14659e-13 603.272
522.225 2.89582e-13 143.627
261.93 176.765 86.9079
212.463 1.17814e-13 619.875
538.358 2.98529e-13 148.064
272.41 183.838 90.3852
226.32 1.25498e-13 774.842
520.894 2.88844e-13 623.536
238.968 1.32512e-13 697.205
588.376 3.26264e-13 161.82
286.658 1.58956e-13 836.344
278.486 187.938 92.401
275.984 186.25 401.591
644.567 3.57423e-13 177.274
282.492 190.642 93.7304
652.546 3.61848e-13 179.469
282.766 190.826 93.821
656.962 3.64296e-13 180.683
291.569 197.348 96.8316
676.883 3.75343e-13 186.162
293.671 198.186 97.4396
768.963 4.26403e-13 211.487
293.834 198.296 97.4937
775.743 4.30162e-13 213.352
298.968 202.356 99.2888
819.053 26.964 225.385
304.505 205.497 101.034
318.663 215.051 105.732
318.217 215.385 105.682
306.843 207.075 221.02
322.555 217.678 107.023
327.705 221.154 108.732
322.841 235.212 114.443
331.033 223.4 109.836
340.807 229.996 113.079
333.598 225.131 185.416
331.957 241.853 112.959
345.5 233.163 114.636
346.325 233.719 114.91
350.402 236.471 116.263
369.338 249.986 122.659
352.785 257.028 120.046
351.258 237.049 511.123
380.908 257.058 126.384
358.364 484.673 165.779
388.445 262.144 128.885
385.767 281.058 131.27
388.77 262.364 128.993
392.389 264.806 130.194
393.222 265.368 130.47
394.318 266.108 130.834
523.813 267.607 704.119
410.374 276.944 136.161
425.013 287.669 141.149
416.189 303.222 141.622
481.469 324.922 159.751
494.066 333.424 163.93
532.743 360.586 176.927
523.925 381.715 178.282
536.12 361.804 177.884
553.72 373.682 183.723
582.204 392.904 193.174
681.32 461.15 226.27
685.559 462.654 227.467
721.94 487.206 239.538
771.355 520.553 255.934
