7 0.0780884
4.67029 3.28293 5.70869
4.70851 6.19809 1.43321
5.24416e-16 0 8.56437
8.46722 0 0
5.04589 5.04589 0
2.96386 0.773013 5.58546
3.69807 0.60637 8.88248
3.25128e-16 5.30974 7.02954
0.226573 3.22875 1.8607
5.79576 4.57381 3.43754
3.99831 3.99831 1.54091
4.74417e-16 0 7.74782
4.50953 1.02877 4.62539
4.58572 2.19197 5.04471
6.133 2.57965 2.06915
1.79741e-16 5.96927e-16 10.1809
4.87262e-16 7.95759 8.41488
0.581922 4.20528 4.24535
4.46067 0.00882895 2.3426
0.173848 7.17884 5.84219
4.58575 5.18235 3.0759
6.36591 0 1.91214
3.34522 4.25438 3.66348
0.545728 5.8222 11.2565
5.31931 5.04699 0.311514
2.13904 4.55447 6.1506
3.61575 3.35033 5.74426
5.07327 2.10856 5.49401
3.72049e-16 6.07602 6.07602
3.10941 2.14185 5.67352
2.82423 5.57531 6.13842
1.5091 3.36462 3.68755
0.840545 0.914743 8.97473
3.97082 3.97082 5.61559
4.77519 0 4.77519
4.75869e-16 7.77152 0.209857
0.940123 0.940123 4.00946
0.662181 1.80676 8.43481
4.48367 4.8443 2.27434
1.43078 3.08095 9.08342
7.47532 1.22676 1.32161
2.926 1.36902 5.93177
2.85929e-16 4.66958 8.49758
5.72229 2.3092 2.95364
7.75825 7.55337 1.57442
3.37383e-16 5.50989 4.5508
0.265031 0 8.60445
3.80603 7.11121 5.49397
9.92694 0 2.0496
2.10201 6.26082 8.78237
2.40287 2.40287 9.66179
4.14322 4.14322 5.85939
3.26061 3.35922 2.73274
3.54553 3.54553 9.25339
1.87306e-16 4.14322e-16 7.42571
5.14129 3.53917 0.053198
3.02224 4.19954 6.17231
0.181819 7.31035 6.85316
6.15645 5.87704 2.09023
3.44078 3.40672 5.38675
2.70152e-16 4.37572e-16 8.39832
9.3728 1.43802 5.26398
4.26241 2.81605 5.10865
6.5863 0 2.87273
5.57916 0 7.16975
2.25519 2.68415 3.53661
4.60799 2.18731 3.65342
1.40974 1.40974 10.0589
0.493154 0.86143 7.65907
8.79876 0.0235122 5.10195
8.11971 0 0
6.74439 0.263809 3.55572
5.57966 0 4.71766
1.16345 3.61356 7.35584
7.48381 0.116308 3.82287
6.86126 4.29333 2.9082
6.14688e-17 1.00386 6.94822
2.94102 5.2325 3.10313
3.02936 3.02936 7.07527
0.802768 4.1204 4.19787
0.541714 0.373841 9.66834
4.58109 3.77681 6.58426
5.16552 1.86801 5.41686
5.39406e-16 4.82918e-17 8.8444
4.2549 0 4.2549
2.519 4.87237 5.48501
5.40676 3.40884 6.39165
3.5601 5.86568 3.29393
0.77106 1.38781 10.8498
0.0154493 4.84229 5.335
3.90034 1.20044 7.19886
0.357001 3.3911 8.31829
8.59454 3.54143 1.12627
2.52355 2.7841 2.83501
4.74666 4.5721 7.7862
6.10035e-16 2.34802e-16 10.6751
6.73001 6.73001 2.8628
2.85422 5.23105 5.95907
2.13278e-16 3.48309 7.60074
7.45772 0 4.61037
3.04851 3.04851 4.31124
4.27952e-16 3.06012e-16 8.59194
6.21633 6.21633 2.1547
7.51622 0.617682 0
5.04561e-17 6.33265e-16 10.3748
4.01419 4.01419 5.67692
5.25623 1.54752 4.7762
6.56827 2.68405 7.09551
6.9842 0 1.40645
3.46934e-16 5.66586 4.16175
6.4958 0 4.8521
0.761696 4.6981 7.67338
0.631744 0 6.84059
4.4654 4.4654 6.31503
8.27799e-16 0 13.519
4.7466 4.7466 6.71271
3.25842 3.25842 8.19335
4.14844 0 7.35957
3.4055 4.35415 5.52775
3.30755 6.88838 2.09433
5.21609 2.29892 5.70023
3.05526 1.63595 9.29648
0.581822 0.625402 7.58966
3.31018e-16 3.3427e-16 7.68279
3.75062 8.02638 2.63035
4.16552 4.16552 6.74888
1.06553 3.62591 5.32932
1.45306 5.56951 6.68513
9.03098 0 5.05386
7.54902 0 2.4642
1.86215 5.20823 8.00418
2.92982 5.47244 6.30953
8.29296 0 3.61936
8.25098 0 3.8398
1.56532 0.294041 9.76571
5.07571 0 5.07571
4.46587e-16 7.29333 0
2.07095 5.65601 6.02323
1.74013 2.66738 4.14192
8.83178 4.25568 2.85808
4.71526 4.71526 3.13121
5.47389 4.58742 0
5.83578 0 5.01586
6.49519 4.90636 2.13675
4.90282 0.804014 3.46881
1.42329 4.98817 7.07327
0.311073 0.189818 8.97619
5.13101 0 7.87112
3.21628 0 9.1285
3.1867 0 7.52495
6.26513e-17 1.02317 8.17291
4.9577 0.691916 8.30055
1.34131 3.17971 10.3233
4.79397 4.79397 1.70073
1.86508 4.74183 5.67418
4.07937e-16 4.07937e-16 9.42165
0.233383 2.74215 6.70222
3.56831 4.98824 6.13314
1.6555 2.26233 7.4806
2.92244 2.92244 7.52043
4.57504 4.57504 0.786368
1.76443 2.31758 10.8775
2.1895e-16 3.57573 6.73831
0.525191 0.525191 8.11007
6.08741 4.90021 5.40791
4.19216e-16 2.67908e-16 8.12496
3.53647e-16 5.50689e-16 10.6882
3.36975e-16 5.50321 5.50321
3.06965 2.25208 3.20697
4.17614 2.48758 1.28963
5.20343 2.24675 5.66777
6.00175 6.00175 6.25854
1.7681 5.00301 6.47325
4.5323 1.74932 2.38269
11.958 2.58857 3.74211
4.04144e-16 3.0324e-16 8.25151
6.81535 6.81535 1.00159
2.8586e-32 4.66845e-16 7.62416
1.39033 1.94677 7.09478
5.5687 5.5687 3.12398
4.53626 0 8.77518
7.77397 0 7.77397
4.93654 3.86246 5.18437
4.78679 0 8.82253
3.89957 3.89957 5.08573
5.53869 5.15759 0.852394
1.02593 0.59928 8.94754
0.590852 1.3691 7.03518
2.48914 2.48914 7.35909
5.60377e-16 2.22081e-16 9.84412
2.23114 4.57242 5.08773
0.220296 6.357 6.36082
7.52758 0 2.54664
5.54441 3.60555 6.61366
7.85951 2.19695 6.49151
2.46894e-17 0.403208 8.98595
2.42386e-16 3.95846 4.93922
1.84831e-16 3.01852 9.54528
8.56496 2.57711 5.47916
3.48868 3.48868 3.55102
4.81822 4.81822 0.428282
3.07078 7.36694 1.27757
5.3313 1.53392 5.54758
2.20352 4.1826 3.80704
1.55755 1.41583 8.84444
3.07982 11.449 0.726925
3.25739e-16 5.31973 5.74942
2.3251 5.35889 5.84156
3.07531 2.89859 7.95851
2.2936 8.50429 4.07089
4.82017 4.82017 6.81676
5.65719 5.65719 0.466859
8.57281 0 5.07799
2.35277 2.01616 3.76286
5.75116 1.95322 6.07379
5.85398 5.08319 1.5127
4.50761 7.25312 4.14241
3.51429 0.820931 7.48128
3.57587e-16 5.40411e-16 10.5828
3.83471e-16 6.26255 7.56855
7.57751 0.00531775 1.97749
1.1232 3.67085 4.17051
1.33245 0.822805 4.8867
0.367635 1.23699 9.23724
2.12993 8.09261 1.43849
4.7812 3.54664 0
2.89766 0.941506 7.56548
4.60337e-16 2.42639e-16 8.49827
6.04025e-16 0 9.86447
6.67718 0 6.67718
1.7383e-16 5.56387e-16 9.51962
1.64103 8.22079 5.21519
4.34486 0.323823 6.23861
7.70129 3.78348 3.90519
1.40927 4.00821 5.49898
9.72813 0 0
6.87225 6.87225 2.16776
7.60158 0 5.50829
7.54086e-16 12.3152 0
4.43286 5.85156 0
6.89727 0.776088 6.94079
3.27725 5.04869 6.01911
7.44271 9.42506 2.00159
4.07874e-16 6.66108 4.02683
6.46862 6.46862 0
5.99022 5.45999 1.81208
8.11426e-17 4.48873e-16 7.44947
1.70144 1.16196 14.6455
6.59105 3.62744 0
3.38798 2.33753 1.41081
1.01924 6.79872 4.67593
9.05613 0 1.55461
2.63299 6.66833 3.14
5.27514 0.292311 6.02222
5.4357 4.38384 0
8.82916 0 0.492484
5.45364e-16 8.90647 0
0.568201 5.86818 5.89563
2.97442 3.9438 1.55616
6.68526 0 6.62136
3.9144e-32 6.39269e-16 10.4401
5.2231 1.2259 3.45355
3.36226 5.00316 6.02797
6.40075e-16 2.2892e-16 11.1016
1.57687 0.534854 12.535
1.26193 3.27081 9.42308
4.35827e-16 4.35827e-16 10.0658
8.09821 0.0299478 3.10254
3.10576 6.52451 8.65336
5.45396 0 4.06085
0.67993 1.54857 8.71721
5.29065e-16 8.6403 0.575611
0.936864 1.58188 4.86915
4.52735 7.52502 0
7.43943 0 5.02667
4.95667 2.24031 6.08005
3.41627 3.41627 4.83133
8.40473 4.48801 4.61514
7.81305 1.37031 0
1.55513 4.69 6.53924
4.86775 1.65357 7.42649
6.49197 4.02941 0
2.94316e-16 3.60498e-16 7.60028
0.17444 0.44129 8.50732
9.87874 0 1.46529
3.16347 5.95417 6.77024
3.45116e-16 3.45116e-16 7.97075
6.67602e-16 1.72203e-16 11.2596
2.32343e-16 3.79446 6.69961
3.68269 3.68269 5.65028
4.32653 3.89296 4.57357
6.12942 1.99832 4.59187
7.46716 0 7.46716
9.57951 1.55893 1.09933
4.58093e-16 3.71024e-16 9.62723
5.30505 6.35511 3.30693
7.6616 2.76592 5.05131
2.22133 1.73199 6.51535
5.63215 0 5.7621
6.34869 6.34869 0
