718 6.85918
4.49187e-06 6.34042e-06 9.72919
9.05613 5.60877e-12 9.0846
6.71605 7.62738 1.18206e-08
2.71761 3.26918 10.4964
7.28846 13.9912 0.348724
2.61821 1.68487 12.1377
11.8601 13.0176 0.6175
0.983381 1.81681 13.598
1.66055 3.13582 17.9915
14.4964 10.214 3.90379
0.114522 0.0649586 9.67033
17.6398 9.39843 0.863598
14.8233 7.31002 2.97061
16.2766 5.14316 8.13796
3.27801 2.82455 7.03976
0.577615 1.06308 18.8333
20.906 0.767285 3.13181
6.23331 13.4909 0.777217
10.4327 1.59001 1.31998
1.98287 2.0962 9.87884
29.1108 0.328604 0.157342
5.58451 9.8451 2.96971
7.28846 13.9912 0.348724
7.55227 5.80464 6.09656
4.57889 2.78779 15.0202
2.43064 6.72438 10.5279
0.984914 0.71465 3.82953
6.17552 10.7314 6.7788
2.43064 6.72438 10.5279
2.10605e-06 2.73683e-06 9.98687
8.15893 11.5093 0.695984
5.28498 18.4612 8.00261
0.0255299 0.058685 15.2299
1.75496 4.27398 10.974
4.29007 2.45727 20.8653
2.95804 0.767192 9.09322
1.50698 2.34439 7.15415
3.1616 13.4398 2.9994
7.68453 8.96832 0.914604
0.193747 0.247866 10.7071
3.01556 2.9881 8.90741
4.12515 1.82821 12.2272
2.19673 3.37906 5.96915
10.818 3.99662 11.3117
1.23362 16.7566 3.42046
0.138556 0.194997 16.7625
24.9494 0.2089 2.61207
8.38561 11.9722 0.271508
22.0207 0.159841 0.119977
0.114522 0.0649586 9.67033
8.96868 19.5786 2.62845
2.44338 3.22767 4.63208
6.13318 5.15884 15.2914
0.883974 1.27204 13.2213
2.08874 17.5452 3.93448
8.4095 3.75477 9.66673
15.4588 0.914884 3.27118
5.45933 7.33642 4.21629
5.57089 5.03492 11.706
1.59055 2.94865 4.75569
3.53721 4.01083 4.15776
4.68793 6.49737 4.5315
9.80312 9.85296 3.7795
1.1213 3.51908 18.7339
8.52673 11.9295 0.477668
4.89775 22.3902 1.62018
1.28152 1.58505 14.1853
7.04346 5.87815 12.959
3.27801 2.82455 7.03976
17.2231 0.481093 4.32191
2.51955 13.588 5.44063
2.3105 0.955313 13.3199
4.53427 0.208659 6.76683
27.4196 0.0868253 0.0192645
7.96509 16.1683 5.82965
18.2919 0.346605 1.29256
2.92511 12.228 0.188425
11.3977 0.554811 4.82792
0.682487 1.80872 10.8256
7.68453 8.96832 0.914604
4.24379 2.42066 5.90114
1.77438 15.4907 4.03965
0.807846 2.42063 14.9513
0.138556 0.194997 16.7625
1.77438 15.4907 4.03965
4.53427 0.208659 6.76683
1.1552 3.10263 11.556
2.71761 3.26918 10.4964
2.64962 3.31967 4.14776
4.29007 2.45727 20.8653
0.4489 1.65744 16.3927
4.12515 1.82821 12.2272
25.8231 0.0134264 0.0108107
2.03299 3.41238 5.52605
0.301058 1.19708 20.1586
6.17552 10.7314 6.7788
5.0803 21.7538 0.997322
19.287 0.150351 4.22446
2.27966 18.4258 4.35723
21.5029 3.88304 2.2846
0.380964 0.433764 22.5101
10.4327 1.59001 1.31998
4.89775 22.3902 1.62018
3.49849 12.2831 1.15762
3.45321 4.60985 15.7095
0.907681 0.124606 17.3867
1.50698 2.34439 7.15415
0.380964 0.433764 22.5101
2.22141 12.496 6.13224
0.766078 1.53982 3.55717
14.4493 15.9069 1.34959
16.0934 3.4207 4.73095
1.28152 1.58505 14.1853
23.4933 7.08847 0.00487754
6.25779 11.4027 1.71296
6.3383 18.94 2.65577
6.77366 12.2939 4.69989
2.30181 0.0262889 17.8284
2.10605e-06 2.73683e-06 9.98687
0.984914 0.71465 3.82953
11.4066 2.37588 10.3275
2.03299 3.41238 5.52605
12.2771 2.79356 4.79459
5.57089 5.03492 11.706
0.0431096 0.736694 17.0985
1.37479 1.44905 8.33006
8.78831 12.5927 0.630886
4.41452 0.995062 14.0705
0.192201 14.3899 3.85129
0.254964 1.58402 18.9796
6.20328 10.6462 0.698251
8.80853 5.79094 6.50207
1.0058 1.63532 2.83775
2.85174 11.0837 4.3677
0.868294 31.4832 0.295652
0.807846 2.42063 14.9513
14.8483 7.08892 6.334
8.43134 2.82691 10.4922
26.7036 2.90369 0.148989
0.883974 1.27204 13.2213
4.84467 6.34021 0.59672
2.07547 2.55285 11.8346
9.19227 7.50656 3.60523
20.1671 0.506123 0.232157
0.4489 1.65744 16.3927
3.49849 12.2831 1.15762
3.1616 13.4398 2.9994
3.01177 9.5205 1.9172
14.8483 7.08892 6.334
6.67312 10.5492 2.1359
0.00112682 0.0513022 22.1426
10.7393 12.8639 0.486355
5.13138 12.2034 0.718194
8.40917 5.87831 4.53721
4.23229 3.0851 12.0708
17.2653 3.67402 2.41358
8.40917 5.87831 4.53721
26.7036 2.90369 0.148989
2.28361 1.67054 8.19752
22.0638 0.299177 0.561305
4.68793 6.49737 4.5315
16.292 0.00324277 4.60715
2.3105 0.955313 13.3199
0.123487 0.981421 13.7839
4.45282 3.04092 12.4897
5.45933 7.33642 4.21629
0.682487 1.80872 10.8256
8.1185 4.52124 20.4558
2.79888 0.733331 17.7159
5.31016 10.7 0.521977
13.0953 0.000509863 3.55362
10.4896 12.2065 4.77212
1.98287 2.0962 9.87884
9.38962 5.48867 6.058
0.00112682 0.0513022 22.1426
1.06795 2.44467 18.6967
4.32572 3.05571 14.1288
1.71708 4.91745 6.48343
20.906 0.767285 3.13181
7.70497 0.260156 11.657
22.0207 0.159841 0.119977
6.3383 18.94 2.65577
3.00845 9.51 1.91509
1.1988 21.7585 2.18769
0.907681 0.124606 17.3867
10.7107 11.3632 0.776946
8.91907 2.50498 12.8367
21.7102 0.0224329 1.22767
12.556 0.88349 13.3853
3.99226 2.57845 6.78024
1.51237 13.2305 6.10189
4.41452 0.995062 14.0705
3.98953 19.7012 2.20918
2.47342 1.16666 16.143
0.0860064 0.121656 9.29766
4.9439 11.9098 0.878049
23.4933 7.08847 0.00487754
1.75496 4.27398 10.974
17.2231 0.481093 4.32191
17.2653 3.67402 2.41358
5.58451 9.8451 2.96971
25.8231 0.0134264 0.0108107
4.31397 6.86488 7.76655
6.18823 16.4959 0.664658
0.358083 0.126808 9.52124
2.92511 12.228 0.188425
4.89369 3.25023 10.159
2.28361 1.67054 8.19752
6.67312 10.5492 2.1359
5.07095 1.38234 17.8349
19.7278 1.34829 2.3693
3.5156 8.16807 5.00141
1.1552 3.10263 11.556
19.6628 13.2712 2.36065
9.19227 7.50656 3.60523
1.06795 2.44467 18.6967
2.0254 10.1901 9.05417
1.1988 21.7585 2.18769
12.2771 2.79356 4.79459
0.254964 1.58402 18.9796
9.64086 4.02122 3.38645
4.31397 6.86488 7.76655
2.96005 13.0659 10.2057
21.5029 3.88304 2.2846
17.9051 0.816711 9.53759
17.6398 9.39843 0.863598
9.6097 3.27397 12.8334
5.12095 4.54567 9.29354
15.9434 4.89032 2.6788
9.80312 9.85296 3.7795
6.77366 12.2939 4.69989
7.04346 5.87815 12.959
12.1773 0.565524 2.99553
0.0028132 25.7751 0.0692212
0.0431096 0.736694 17.0985
11.8019 9.37183 0.953675
4.74752 10.1471 14.4185
1.844 12.7556 7.57113
14.4964 10.214 3.90379
3.13499 9.71504 1.87199
11.7523 3.19062 6.54904
5.22005 3.24479 11.1163
8.53129 10.2076 7.45039
13.7256 14.5269 0.593504
1.45191 1.45255 4.82715
2.95804 0.767192 9.09322
12.6672 10.4312 2.71221
5.96637 0.788237 23.4494
21.7102 0.0224329 1.22767
12.556 0.88349 13.3853
3.08654 6.04269 7.44741
19.4745 0.561026 1.58383
5.00803 4.06125 1.10107
1.74599 2.6135 9.00336
2.96005 13.0659 10.2057
3.08654 6.04269 7.44741
8.80853 5.79094 6.50207
4.42467 5.54499 17.8114
13.7256 14.5269 0.593504
17.2474 5.85099 9.7645
10.7393 12.8639 0.486355
11.8019 9.37183 0.953675
2.22141 12.496 6.13224
10.9347 9.3891 6.31002
12.8223 3.61121 0.805855
1.844 12.7556 7.57113
0.156776 0.902559 17.07
8.15893 11.5093 0.695984
3.01556 2.9881 8.90741
17.2967 3.55775 3.81542
15.4588 0.914884 3.27118
4.89702 7.31751 2.4145
4.4836 13.7765 9.34153
5.81392 2.53764 3.11086
29.1108 0.328604 0.157342
3.31903 10.2578 4.22375
2.07547 2.55285 11.8346
5.08417 1.74333 7.78315
8.00653 9.89627 4.91601
13.6077 5.90373 6.19101
0.993789 3.75377 13.5117
2.08744 3.72754 6.69299
0.123487 0.981421 13.7839
11.8267 11.6288 1.43562
17.9051 0.816711 9.53759
0.193747 0.247866 10.7071
1.76348 4.17312 9.22743
2.64962 3.31967 4.14776
2.24597 15.5941 7.44943
11.8267 11.6288 1.43562
5.08417 1.74333 7.78315
13.0953 0.000509863 3.55362
0.0028132 25.7751 0.0692212
2.20503 19.8808 3.3281
4.84467 6.34021 0.59672
5.07095 1.38234 17.8349
11.4066 2.37588 10.3275
10.7107 11.3632 0.776946
2.61949 5.28123 5.64418
1.51237 13.2305 6.10189
