2 0.0608837
56.6978 1.43574 69.3389
36.3211 0.415534 82.0108
51.7474 73.2855 0.0960583
1.75835 43.0331 77.6235
81.5974 1.51739 38.5782
0.970636 85.5884 28.5758
1.69519 29.5727 83.5903
31.8628 80.0179 18.5126
43.8264 35.2241 66.9871
19.0344 87.467 1.56412
11.5614 77.7801 39.1052
75.0128 5.9685 48.9988
65.8271 59.7113 2.09285
79.7723 2.34194 42.4858
35.791 31.0897 75.2903
67.2411 8.17574 57.3377
66.1335 14.2044 55.6047
81.2272 29.0301 15.2002
73.301 52.4655 0.534999
62.9456 64.0001 0.0504631
7.95544 7.75945 86.8369
48.628 75.9412 3.2991
0.774755 48.5948 76.1281
3.57117 75.5652 48.9227
35.9876 70.2274 38.1945
83.0682 31.7655 1.29592
4.15837 66.1657 59.3364
45.6144 62.3782 42.3362
86.7221 6.93469 23.6044
56.6085 70.1373 2.58221
86.9751 10.963 11.5784
50.9061 1.62226 73.9246
56.8217 51.4576 46.5166
9.26343 68.6937 55.0157
87.378 18.4107 1.29972
62.9861 36.6625 51.7152
6.99927 52.8412 73.5384
61.8125 47.5657 44.6545
46.8532 27.7377 71.0547
83.9621 25.6339 11.8879
30.5432 3.68224 84.5936
30.5807 84.8435 3.74752
61.1772 55.8883 32.8566
45.5849 52.0209 58.0026
63.6766 27.6538 57.0062
65.3278 40.9438 46.9093
8.42066 63.0433 62.3094
16.5402 37.3472 80.306
28.4459 38.0555 77.0404
63.8225 13.1733 62.3339
29.9635 58.5854 59.6492
24.2318 78.9916 36.1392
19.7255 2.59441 87.0164
70.7323 23.6736 49.7912
42.2345 78.7817 10.3399
78.7409 37.0305 21.5509
37.757 66.897 46.0834
13.8214 59.1914 66.4177
51.0451 56.2719 49.2598
61.5704 61.2608 20.7073
81.3699 39.4692 0.0107327
3.52496 0.0834997 89.8125
0.205553 4.48191 90.6817
70.5987 16.5571 54.4958
51.5427 18.7575 71.4618
17.2171 26.5169 85.1693
83.2918 6.21193 32.9168
60.5813 13.3777 64.3178
16.4432 3.51344 88.3809
35.8969 61.3505 54.9981
42.8768 25.3121 75.7436
25.6138 0.757522 87.3949
51.856 55.8064 47.106
45.7439 40.2128 66.7096
84.2104 19.1444 28.3696
83.2912 34.2381 8.03572
26.0748 16.8588 84.6502
17.5221 7.75028 88.5079
30.751 20.3506 81.3921
52.8446 22.4948 69.4887
10.6411 3.08373 89.174
33.3798 7.12817 84.7402
32.7317 30.9681 78.7955
44.1523 6.43434 77.3655
27.9422 7.2577 86.5774
42.7376 57.7701 55.1495
43.2851 10.0522 79.5314
56.7888 35.6353 60.2717
53.1062 16.1459 70.8204
43.9919 9.5876 77.8748
38.8558 37.7785 72.2157
72.0733 31.8742 43.4517
79.6562 40.7587 15.0351
67.2694 16.8025 57.8839
24.2222 7.92763 85.2053
54.9281 21.7979 69.8868
16.7501 39.6388 79.7125
85.5822 23.7696 18.2703
39.2149 24.6255 77.0555
40.266 63.0734 50.3515
45.8775 44.5295 65.5151
13.6629 6.49488 89.3642
10.0328 21.0511 86.5272
20.1054 39.1609 79.3583
26.2771 15.22 85.2944
15.0681 73.7206 46.78
25.6083 48.8449 72.339
31.3391 21.0476 81.4344
39.9038 3.60567 81.055
69.7138 28.1812 48.5294
64.2964 27.507 58.5295
5.02686 19.9831 87.7476
33.3621 32.3931 77.1939
20.3936 51.7905 71.2656
86.9579 26.3213 0.024094
42.5126 6.87695 79.4052
83.8146 26.3711 11.8291
36.2574 70.3803 43.5454
48.6672 16.559 73.8931
9.66385 5.19743 89.3194
17.1955 6.89286 87.8558
6.85077 8.49346 90.0556
31.6195 16.3651 81.8421
65.881 16.9592 57.437
34.7217 43.4604 71.2213
87.0657 2.47379 20.7118
37.2028 7.45764 82.1868
49.5157 10.3183 73.7996
88.1711 16.7701 15.6539
21.0885 2.89956 88.2623
42.7367 34.1537 72.1062
38.4623 2.63955 81.5698
62.912 46.0492 47.4052
76.0957 23.1205 40.2206
62.918 19.2684 61.9623
53.9922 20.1775 70.3894
61.187 50.4544 44.8035
83.4273 14.9644 31.6869
85.3804 11.1052 21.0236
50.0133 26.487 68.5063
14.836 4.82937 89.47
64.6159 21.6912 59.0866
19.5362 30.1376 83.5319
35.9207 33.1219 77.2707
24.5454 9.32238 86.8049
76.0448 17.2613 45.0669
58.0148 30.4673 61.4059
10.3267 24.7017 85.8388
13.019 29.8479 84.9898
9.06352 2.12227 90.7299
72.9468 36.6767 39.2598
59.2413 64.4367 17.6713
61.0052 8.39337 63.3694
75.1091 44.8421 20.9944
35.605 20.9351 80.1248
27.6126 38.8561 76.7173
82.9178 12.1575 31.1767
58.2674 70.2027 8.55142
15.6671 10.099 87.7455
31.9601 71.9428 44.952
47.7685 23.4184 72.9426
17.0307 48.8538 74.5993
85.5058 13.8731 22.8042
74.0107 9.79871 52.889
86.7996 16.678 21.4041
21.6413 13.7605 86.5762
21.0694 87.6334 7.93176
34.715 36.1278 76.7123
39.0484 81.777 4.09427
45.002 3.70466 79.0857
76.3078 30.2064 32.9172
14.7407 7.12767 88.1984
3.67464 4.92637 90.7265
18.2605 9.18353 87.7235
41.5941 11.4482 79.0912
47.4048 8.82934 75.2879
20.9424 19.824 84.5303
9.86624 22.6923 88.119
23.5327 12.5397 87.3426
31.1645 41.1489 73.1388
55.4764 43.1101 55.9071
48.9947 15.9316 74.3562
75.498 8.44123 47.2741
25.499 2.72082 86.5048
21.0671 24.8375 83.1908
20.6604 22.3099 84.4572
16.7763 4.94322 88.9497
34.7352 66.3658 50.3153
81.6693 30.5083 24.0236
48.7564 36.1303 65.3881
70.8543 43.4593 38.811
19.1451 88.7743 1.3874
60.6877 22.1876 65.0083
60.3298 29.4884 61.4844
2.14111 7.61259 89.2179
10.6731 44.7283 77.1083
11.199 8.88519 89.8994
59.0396 13.8438 66.1247
82.0293 26.7296 26.7526
29.1181 18.2593 82.7239
34.4128 65.7572 52.4448
55.1001 70.152 17.8789
17.0749 6.69268 88.8399
55.4717 6.8559 70.8516
27.2047 13.0165 85.948
67.1038 60.6869 6.93814
34.4132 19.3547 81.9745
25.066 3.76171 87.4787
19.3618 2.55031 88.419
0.717457 1.0793 92.6158
19.8326 36.9471 80.7038
68.9118 48.2035 34.0489
72.3929 7.19636 51.9174
11.7924 61.8258 66.4697
8.4912 1.44838 89.8443
61.1593 9.44058 65.0835
15.6529 40.2059 79.3419
14.9221 35.6887 81.5495
16.6363 14.7453 87.3255
27.4479 25.5769 82.2068
27.7789 28.8014 79.4038
48.9744 43.6746 60.3659
11.9242 37.9751 80.7761
78.1789 21.9513 41.9216
1.84428 0.283389 90.9194
6.70897 21.6851 88.3105
1.17886 40.652 82.12
40.445 26.8091 76.3186
58.7738 64.6369 22.6505
76.0353 44.2302 20.5519
56.1537 68.1037 14.7257
6.92252 7.42007 89.7458
45.499 35.6512 69.1473
28.6914 4.65874 85.3856
14.4444 66.9245 58.0091
58.5403 7.65807 67.0916
2.48669 19.0766 87.5927
19.914 2.58459 88.6784
41.439 17.1403 79.1641
64.9841 33.0993 50.4237
46.5332 54.9151 54.3806
63.3292 38.4655 52.5998
2.40205 1.23754 89.894
26.6174 1.53521 85.8164
41.2233 41.9168 67.6577
13.595 67.7208 57.2634
22.2702 4.05292 86.1659
29.3381 8.80854 85.6472
18.4296 7.40068 88.0056
80.6326 41.7591 3.4023
73.7695 42.5399 28.3026
65.0553 20.775 60.4438
73.5934 33.936 38.8249
73.1843 42.8778 30.5824
39.6098 3.67921 81.8967
75.7578 5.79312 49.4259
23.5678 6.63477 87.2677
85.5676 27.9612 6.69973
85.0386 22.6009 17.4462
52.8045 9.33977 73.0993
12.8874 48.1932 74.8936
41.0712 75.3396 28.7422
30.4826 9.70451 83.149
24.36 6.65556 86.1961
34.4455 20.5753 81.2807
25.8754 10.5625 85.7728
2.55838 2.89788 91.4048
42.715 9.90432 78.8913
1.65795 1.41105 90.4894
37.0352 60.3521 54.29
38.9154 16.293 80.1223
17.5224 21.1389 86.9214
35.4355 17.0057 80.9797
37.3747 74.7174 37.9599
79.0828 27.2253 36.9198
69.0757 48.1018 34.2115
1.34279 0.147254 89.9283
6.19149 14.9932 88.5387
6.16006 0.756068 89.1519
2.52563 21.8899 88.2486
75.3536 9.77278 47.985
83.5401 10.9935 32.1499
61.3068 64.1526 18.274
9.56133 8.87748 89.5849
41.9618 67.3115 45.9332
9.42963 22.2254 84.908
42.7491 9.59148 77.8353
75.1524 7.6234 48.0627
48.2138 33.785 68.1684
14.7487 3.87127 88.8564
16.0689 37.1827 81.0084
81.1038 16.5337 34.135
87.8856 21.7066 2.53503
37.0129 43.9307 69.2744
55.277 17.9783 69.6514
31.7547 12.9054 84.8991
19.3998 10.8004 86.5806
9.6677 6.4357 89.4391
5.75857 4.99368 90.6481
83.9419 15.4362 31.2083
