1 0.0223201
0.184165 0 0.276481 0.0320041 0.724944 0.833392 0 50.763
0.723874 0 0.370496 1 0.954834 0.299549 0.810421 48.7891
0.522235 1 0.829727 0.324253 0.0506316 0.0201366 0.799044 44.3562
0.833805 0 0.785615 0.578393 0.623534 0.582633 1 44.7793
0.938186 0.296834 0.221466 0.654669 0.0338604 1 0.691749 49.7164
0.411753 0.606608 0.459982 0.369071 0.644387 0 0.674374 57.9322
0 0.720076 0.624878 1 0.509562 0.0477511 0.761464 43.1428
0.992074 0.19811 0.144691 0 1 0.177915 0.505848 57.1606
1 0 0.409224 0.974715 0.17972 0.220927 0.663944 43.9976
0 0.511378 0.756817 0.149672 0.492555 1 0.177465 51.2732
0.76293 0.516811 0.650165 0.712795 0.869122 0.772654 0.976754 39.5855
0.477486 0.396301 0.0176594 0.609381 0.952539 0.278801 0.234742 49.5917
0.206311 0 0.998565 0.181367 0.821744 0.0897037 0.600426 51.4222
0.268738 0.676241 1 0.396347 0.795505 1 0.0962101 41.6999
0.375529 0.110585 0.661263 0.525844 0.176045 0.372476 1 53.8333
1 0.19361 1 0 0.26388 0.427127 0.298237 44.5259
0.188743 1 0.439592 0 0.358382 0.441128 0.100791 55.9289
0.168409 1 0.104225 0.419823 0.180647 0.300802 0.227403 42.2133
0.0909996 0.060227 1 0.964175 0.485411 1 0.741058 43.6364
0.105523 0.694271 0.157782 0 0.493746 0.726492 0.523639 46.9878
0 0 0.1064 0.186115 0.00299083 0.843466 1 39.9805
1 0.849709 0.551525 0.617414 0.492859 0 0.848011 51.3077
0.0771002 0.973612 0.38877 0.42512 0.388171 0.0354348 0.771985 54.4493
0.522403 0.43185 0.395612 0 0.757893 1 0.896273 51.3537
0.740081 0.850597 0.871914 0.401999 0.775731 0.626383 0.070617 41.7065
0.700632 0.80409 0.930209 0.376969 0.996557 0.553906 0 43.4784
1 0.716124 0.43332 1 0.363246 0 0.0883676 52.6363
0 0.603969 0.429836 0.917234 0.972185 0.387663 0.0402056 43.4966
0.886855 0.697937 0.994205 0.353504 0.423452 0.265965 0.189447 56.1157
0.815228 0.371043 0.259185 0.132485 0.430354 0.632892 0.562242 46.2204
0.193162 0.932124 1 0.340236 0.708072 0.124041 0.278936 55.0934
0.894537 1 0.00622571 0.331319 0.544999 0 0.828424 48.7207
1 0.862711 0.426711 0.780228 0.181557 0 0.95537 57.1841
0.457053 0.485804 0.581998 0.192647 0.407334 1 0.727781 39.8036
0.732687 0.528794 0.0483753 0.270491 0.582193 0.356287 0.27131 50.8429
0.640874 0 0.144042 0.689687 1 0.216349 0.815092 47.0823
0.408749 0.894784 0.384136 0.149759 0.405558 0.496919 0.668925 49.1681
0.814897 0.164016 1 0.405243 0.991768 0.605964 0.985369 44.114
0.484213 0.0504777 0.613853 0.392688 0.289979 0.571501 0.74421 42.4618
1 0.550096 0.883387 1 0.986648 0.557745 0.959713 44.1872
0.841528 0.0221193 0.569973 1 0.0354132 0.454545 0.546129 45.1904
0.502659 0.297294 0.647241 0.410454 0.446932 0.768206 0.351108 51.8772
0.00157592 0.630477 0.594918 0.949978 0.650962 0 0.268533 52.337
0.313494 0.507862 0.26441 0.989248 0.539934 0.20644 0.654458 54.813
0.254539 0.376718 0.634863 0.24927 0.249171 0 0.529087 49.8637
0.236665 0.152657 0.237371 0.0329446 0.892404 0.407334 0.406858 47.7101
0.988074 1 1 1 0.723784 0.388828 0.52472 50.9492
0.0957926 0.609857 0.0456689 0 0.544538 0 0.46904 44.1177
0.491307 0 0.492609 0.589828 0 0.417303 0 55.8276
0.132792 1 0.391895 0.480672 0.423864 0.340464 0.299591 55.4674
0.133519 0.608222 0.569803 0.701822 0.56228 0 0.032073 47.983
0.453232 0.440857 0 0.981649 0.619763 0.75965 0 47.4354
0.0965661 0.521352 0 0.802 0.590548 0.302415 0.865758 50.3581
0.921411 1 0.885268 0.854013 1 0.673345 0.658988 47.9201
0.271048 0.544265 0.380455 0.192686 0.471112 0.413029 1 50.6104
0.392095 0 0.101913 0.400521 0.774321 0.844925 0.173543 49.1864
1 0.719751 1 1 0.494211 0.100818 0.479765 44.4633
0.622533 0.22474 0 0 0.815796 0.900367 0.800787 35.9453
0.841613 0.614477 0.0782512 0.567134 0.723819 0.686594 0.195428 49.8545
0.709089 0.664149 0.689425 0.382386 0.368924 0.92432 0.234442 40.8584
0.619992 0.34639 0.276878 0.301906 0.132007 0.262947 0.854889 53.0772
0.029805 0.0659789 0.260122 0.212473 1 0.164631 0.849514 42.6723
0.434751 0.574792 0.192937 0.653926 0.746348 0.886586 0.212834 52.6059
0.120758 0 0.623647 0 0.820863 0.795936 0.881647 45.721
1 0.206573 0.844017 0.5445 0.309634 0.662262 0.236014 46.3941
0.012135 0.855179 0.568872 0.653793 0.581915 0.641468 0.352187 43.1871
0.820209 0.25742 0.966709 0.000539955 1 0.585051 0.524244 48.6101
0.594967 0.476648 1 0.626796 0.78025 0.0990827 1 40.7001
0.399577 0.188697 0.364481 0.8173 0.690906 0.334954 0.497869 47.4851
0.978969 0.99486 1 0.922655 1 0.940381 0.629991 42.8406
0.171773 0 0.0939126 0.0464382 0.717731 0.8111 0.307058 51.4011
0.640256 0.548278 0 0.557462 0.790107 0.128543 0 52.7702
1 0.40858 0.5688 0.481312 0.0815534 0.467162 0.837266 53.4353
0.679065 0.574448 1 0 0.354225 0.525679 0.0978663 49.4419
0.265635 0.390605 0.542915 0.600252 0.687944 0.437243 0 50.7771
0.388936 0.589236 0.783523 0.678009 0.729221 0.421568 0.792086 43.8559
0 0.0259053 0.772788 0.137853 0 0.808322 0.0613165 43.9935
0.341768 0.45739 0.523064 0.387957 0.255085 0.190657 0.0798453 53.2999
0.0291988 0.42708 0.136268 0.462912 0.19533 0.585789 0.357865 50.2738
1 0.472557 0.310683 0.483216 0 0.189805 0.589338 54.7404
0.636656 0.727453 0.44632 0.180386 0.675764 0.881193 0.144123 43.2735
0.401884 0.602592 0.779259 0.261287 0.0711133 0.955231 0.841564 42.0582
1 0.806593 0.438225 0.896601 0.0357424 0.386217 0.386265 52.5556
0.0666193 0.0258537 0 0.984693 0.859771 0 0.66966 48.4622
0.732876 0.195105 1 1 0.388452 0.530703 0.589816 51.6741
0.596395 0.546982 0.86968 0.771155 0.580772 0.853216 0 45.22
0.369306 0.652184 0.490286 0.259708 0.259629 0.422836 0.187638 54.9138
0.904501 0.316669 0.937318 0.478592 0.321442 0.525457 0.887095 44.956
0.360081 0.0578756 0.488166 0.652446 0.170886 0.407354 0.295885 52.8187
1 0.824145 1 0.974185 0.726724 0.0752456 0.416344 45.9432
0.257115 0.119768 0.895924 0.664904 0.644312 0.587465 0.799311 39.1811
0.183012 0.423362 0.418148 0 0.271691 0.864154 0.437797 50.8529
0.706629 0.332053 0.220016 0.268903 0.541763 0.464397 0.384544 49.8554
0.79599 0.440994 0.704112 0 0.905946 0.970642 0.71614 43.5899
0.261567 1 1 0.528425 0.16092 0.0446043 0.616894 43.5615
1 0.212115 0.136139 0.666782 0.804618 1 1 49.2802
0 0.379149 0.6237 0.865634 0.669777 0.772402 0.645759 44.5828
0.333088 0 0 0.0951573 0.217782 0.0559072 1 51.7175
0 0.107407 0.0727061 0.995035 0.702596 0.319978 0.594961 49.7694
0.783133 0.398603 0.984561 0.870449 0.848902 0.331051 0.81338 45.8418
0.630336 0.361967 0.554582 0.354699 0.567993 0.0872607 0.494732 47.7465
0.310339 0.31461 0.483773 0.722972 0.760267 0.384047 0.0715451 51.649
0.824568 0.498049 0.070389 0.343763 0.579937 0.653025 0 47.3872
0.670883 1 1 0.210423 1 0 0.595149 46.511
0.922368 0 0.131683 0.114234 0.230607 0.574246 0.466391 48.1475
0.711832 0.506732 0.349476 0.715541 0.136161 0.199982 0.606996 48.7681
0.525402 0 1 0.517572 0.385777 0.215212 0 54.3515
0.705095 0.996344 0.566113 0.761563 0.17152 0 0.885322 44.3601
0.491861 1 1 0.252023 0 0.068482 0.222948 50.2229
0.950094 0.0218133 0.552928 0.0341223 0.613554 0.242368 0.739967 52.805
0.272221 0.0626342 0.899047 0.523207 0.543112 0.552251 0.955321 43.0789
0.923898 0.503304 0.414616 0.594479 0.299022 0.30105 0.789703 52.6532
0.593968 0.558746 0.0573743 0.947468 1 0.577147 0.352908 51.8195
0.718587 0 0.253872 1 0.638474 0 0.815697 49.3495
0.611199 0.488919 1 0 0.428675 1 0.0960521 46.8552
0.917982 0.414016 0.96783 0.523843 0.344579 0.882795 0.695412 45.1343
0.406534 0 1 0.818757 0.663726 0.00638542 1 51.8708
1 0.729311 0.986107 1 0.914096 0.842598 0.828358 39.1697
0.295598 0.463453 0.428246 0.633397 0.249467 0.67913 0.122973 50.3462
0.272122 0.179757 0.674622 1 0 0.635622 0.543527 46.9324
0.821993 0.60366 1 0.981657 0.619091 0.0796626 0.284319 45.903
0.719918 0.533282 0.355004 0.447759 0.819797 0.0428325 0.4681 52.6157
0.843043 0.494045 0.443822 0.439998 0.504792 0.796357 0.349729 49.7859
0.233715 0.0337038 0.168772 0.84778 0.427421 0.752463 0.139582 54.5608
0.567399 0.789569 0 0.648461 0.579939 0.600158 0.777948 46.8537
0.208318 0.339175 0.505252 0.986819 0.838142 0.718349 0.222446 38.367
0.0944174 0.00357001 1 0.323763 0 0.389758 0.0226305 46.078
0.580019 0.321088 0.916974 0.545873 0.186371 0.795561 0.69002 41.2576
0.743239 0.933902 0.554275 0.65824 0.621245 0 0.63781 48.1739
1 0.897448 0.751093 0.148089 0.119283 0.356689 0.0755312 36.0749
0.287496 0 0 0.12942 0.571572 0.834081 0.620793 40.6804
0.506616 0.0601996 0.379951 0.677732 0.0541987 1 0.189651 43.3049
0.461596 0.582596 0.629929 0.25376 0.126043 0.603613 0.802636 50.5928
0.493263 0.397149 0.745047 0.256645 0.0920224 0.36566 0.136541 47.9534
0.365799 0.145198 1 0.502026 0.63077 0.730802 0.383066 52.0919
0.0204339 0.643031 0.341881 0.262883 0.762908 0.565954 0.462127 47.8043
0.530273 0.527745 0.501704 0.109407 0 0.0689592 0.0046659 49.7486
0.848286 0.37491 1 0.247741 0 0.233071 0.67901 45.1539
0.987697 0.0717169 1 0 0 0.421795 0.40343 46.7643
0.771384 0.387654 0.405317 0.636588 0 0.339852 0.128048 46.8358
0.802926 0.120607 1 0.975916 0.838281 0.332311 0.6582 45.8772
1 0.796373 0.701095 0.35669 0.920828 0.504997 0.0138369 40.2245
1 0.485052 0.352678 0.56692 0.189374 0.456535 0.258563 55.6378
0.665744 0.677937 0.786753 0.358779 0 0.446254 0.474318 50.3881
0.760733 0.882851 0.496623 1 0.812164 0.358616 0.850189 44.5261
0.387144 0.738087 0.51572 0.398775 0 0.733619 0.585873 45.4845
0.74417 0.490161 0.594407 0.327539 0.0884487 0.723393 0.238117 47.2088
0 0.848783 0.233814 0 0.969025 1 0.694282 42.3299
0.569242 0.811127 0.638052 0 0.790178 0.606592 0.0436671 44.2573
0.810325 0.390269 0.3214 0.466875 0.305718 0.0610236 0.468956 49.7322
0.197685 0.0370621 0.571636 0.330316 0.484091 0.878852 0.863425 45.1925
0 0.795416 1 0 0 0 0.50722 49.5419
1 0.579325 0.228214 1 0 0 0.424952 51.2832
0.260317 0.769431 0.155784 0.580982 0.15965 0.326617 0 52.8508
0.214628 0.38903 0.503946 1 0.807623 0.83975 0.216288 38.1829
0.791295 0.980525 1 0 0.841163 0.567578 0 41.2917
0.485612 0 0.484162 1 0.157211 0.60262 0.209614 51.6445
0.364908 0 1 0 0.830461 0 0.458061 47.6457
1 1 0.0518297 0 0.665459 0.894778 0.16411 43.3727
0.541218 0.540177 0.0396945 0.935187 1 0.366884 0 52.0266
1 0.164011 0.766369 0.771011 0.135196 0.470944 0.688709 51.4596
0.340883 0.878007 0.240885 0.382861 0.407714 0.591849 0.284817 50.9185
0.146154 0.0142677 0.209315 0.582782 0.161177 0.545511 0.26862 49.6791
0.428622 0.629498 1 0.498246 1 0 1 42.074
1 0.967605 0.321423 0.442007 0.914984 0.352044 0.782283 44.0083
0.964603 0.306177 1 0.430251 0.876634 0.831737 0.87991 44.5787
0.603258 1 0.586836 0.628022 0.268903 0 0.988017 45.2483
0.494559 0.651113 0.352247 0.948816 0.343018 0 1 55.101
0.711562 0 1 0.46458 0.195862 0.602473 0.887502 44.2518
0.622877 0.234252 0.321395 0 0.854889 0.831126 0.850511 38.3496
0 0.649292 0 0.924161 0.92235 0.0757554 0 50.5158
0.906249 0.480555 1 0.582754 0.47811 0.409871 0.447688 49.0617
0.594196 0.375325 0.0249341 0 0.597372 0.630805 0.558812 44.4681
1 0.833974 0.764251 0.351707 0.931004 0.511418 0.0508536 35.1396
0 0.203304 0.431788 0 0.128667 1 0.506886 50.7111
0 0.0133902 0 0.586352 0.56905 0.767109 0.587045 48.8075
0.917975 0.377585 0.94757 0.369362 1 0.721549 1 43.6856
0.200499 0.715373 0.614367 0.774337 0.289838 0.276285 0.304814 49.2042
0.407054 0.429014 0.00386122 0 0.648135 0.903639 0.766541 38.8132
0.501272 0.336736 0.420029 0.862226 0.294634 0.145015 0.496727 56.0991
1 0.874978 0.403452 1 0.0147558 0.164653 0 48.6662
0.908975 0.220297 0.460677 0.55776 0.760835 0.441426 0.628372 40.4695
0.841388 0.912009 0.517693 0.764725 0.0331611 0.288595 1 52.9629
0 0.901834 0.18976 0.252144 0.672932 1 0.686248 45.2407
0.490878 0.214998 0.170154 1 0.684819 0.22939 0.553819 54.0407
0.513515 0.134247 0.343273 0.925902 0.336244 0.99121 0.994534 47.3431
0.355852 0 1 1 0.685889 0.778836 0.985675 46.5336
0 0.299148 1 0.643757 0.729393 0.609602 1 51.8905
0.682409 1 0 0.115455 0.204255 0.476196 0.357916 49.1117
0.405605 0.640402 1 0.554988 0.0859263 0 0.316595 53.0818
0.636913 0.709799 0.898721 0.706225 0.168704 0.580258 0.550916 43.9352
0.482588 0.789877 0.7594 1 0.818516 0.0612601 0.582366 45.926
0.298566 0.805299 0 0.485938 0.0643877 0.468069 0 53.9349
0.62665 0.511335 0 0.11689 0.546463 0.24082 0.222345 53.7452
0.944126 0.040398 1 0.260632 0 0.450888 0.317362 48.4417
1 0.969681 0.968457 1 1 0.565386 0.751391 43.7899
0.44685 0.798216 0.597503 0.594254 0.263299 0.361436 0.61149 46.2903
0.363086 0.520434 0 0.520381 0.731718 0.462743 0.227108 58.2713
0 0.336752 0 0.585837 0.265175 0.205075 0.494401 50.5758
0.536761 0.336484 0.67495 0.54648 0.838155 0.792582 0.0879331 49.5615
0.564513 0.603497 0.356756 0.995271 0.753622 0.526455 0 49.8776
0.290154 0.144629 0.306208 0.572322 0.917955 0.811041 0.319196 51.7629
0.795493 0.546331 1 0.400159 0 1 0.389699 41.2607
0.787403 0.921854 0 0.31488 0.582389 0.361666 0.699717 45.8539
0 0.679731 0.500846 0.403344 0 0.739343 0.540178 47.4615
0 1 0.730505 0 0.210005 0.434578 0.897822 54.7293
0.382742 0.283197 0.718885 0.667221 0.753731 0.490407 0.0883976 52.685
0.442021 0.440099 0.944855 0.403692 0.383223 0.683167 0 47.58
0.482274 0.994851 0.328042 0.359994 0.561935 1 0.452136 50.3301
0 0.902807 0.341767 0.0185535 0.716282 0.753155 1 40.1064
1 0.450235 0.0903019 0.379683 0.481536 0.714125 0.131361 47.8659
0.510751 0.663363 0.386234 0.803145 0 0 0.723437 45.6892
0.721046 0.272782 0.183981 0.99898 1 0.492257 0.535102 46.7771
0.881842 0.280634 0.27015 0.969479 0 0.858171 0.0745425 38.0794
0.63729 0.181757 0.183335 1 0.220307 0.454974 0.519763 48.1849
0.767601 0 0.758324 1 0.529239 0 1 52.0693
1 0.412946 0.615862 0.808091 0.447142 0.570861 0 54.0124
0.656852 0.424576 0.485981 0.512719 0.717434 0.414029 0.227612 54.6392
0.0802545 0.0191238 0.147067 0.344777 0.275194 0.463441 0.280797 49.5318
0.28499 0.623228 0 0 0.270185 0.397793 1 45.4277
0.726253 0.201086 0.985981 0.394661 1 0.650266 0.98103 42.858
0.620623 0.678503 0.115431 0.534774 0.733805 0.652852 0.752939 56.7254
0.233339 0 0.365399 0.631563 1 0.167682 0.782561 47.8974
0.946227 0.524975 1 0 0.556806 0.947956 0.262214 48.7375
0.775172 0.783739 0.37827 0.557516 0 0.178472 0.718364 45.0591
0.299899 0.449574 0.952373 0.592205 0.415249 0.111947 1 42.6053
0.598981 0.76858 0.914005 0.983705 0.749806 0.575231 0.283961 45.5353
0.647706 0.296227 0 0.0995406 0.83985 0.653107 0.514708 43.6921
0.734042 0 0.666475 0.385216 0.346272 0.576392 0.92539 48.0735
0 0.601767 0.136986 1 1 0.191555 0.208009 46.1225
0.0122136 0.435662 0.899013 0.786283 0.208566 0 0 51.7675
0 0.880221 1 0.928194 1 1 0 41.8523
1 0.293487 0.0671333 0.0114522 1 0.174902 0.322884 55.6617
0.616966 0.427611 1 0 0.526611 0.542132 0 52.8084
0.519679 0.79733 0.743313 1 0.847757 0.196126 0.558758 47.7534
0.20248 0.626265 0.150836 0.108102 0.562341 0 1 50.5649
0.565734 0.931461 0.661407 0.511925 0.356275 0.367556 1 44.688
0.230693 0.878845 0.407821 0.0890822 0.28102 0.0774095 0.547617 55.4747
0.159729 0.86332 0.345656 0 0.8535 1 1 39.0598
0.145529 0.14197 0.649468 0.450195 0.456333 0.589808 0.827499 41.1404
0.739155 0.503437 0.376851 0 0.602583 0.553116 0.304103 49.2898
1 0 0.0391369 0.197638 0 0.678106 0.448589 47.0979
0.879557 0.591629 0.870771 0.822942 0.182333 0.608495 0 51.4394
0.714118 0.681027 0 0.424906 0.663464 0.646868 0 48.3615
0.577659 0 0.590457 0.327951 1 0.572333 0.4021 52.1882
0.663899 0.204059 0.464435 0.206724 0.491035 0.758866 0.327483 46.2578
0.157612 1 0.260729 0.396652 0.766825 0.69569 0.626783 52.112
0.464921 0.881702 1 0.144257 1 0.32069 0.322326 49.7893
0 0 1 0.50666 0.528492 0.112187 0.660255 47.6895
0.746918 0.585407 0.698 0.743335 0.238767 0.457387 0.298583 45.807
1 0.490499 0.156767 0 0.0799052 0.836304 0.956276 49.316
0.302912 0.0384353 0.400408 0.403345 0.613683 1 0.949046 49.419
1 0.921174 0.862632 0 0.444734 0.62153 0.23249 39.4202
0.299511 0.4632 0 0.543059 0.628423 0.249424 0.561319 54.3438
0.356664 0 0.502368 1 1 0.293191 0.649901 47.1667
0.810709 0.401034 0 0.48981 0.2522 0.0611096 0.509619 48.9251
0.348689 0 0.0393229 0 0.56912 0.654709 0.26001 44.1739
0.552496 0.598946 0.323373 0.796188 1 0.443709 0 52.411
0.349141 0.0286631 0 0.266694 0.819156 0.962148 0.423465 54.5901
0.482362 0.00258373 1 0.251774 0.621502 0 0 56.2653
0.201798 0.433414 0.452847 0.340066 0.3919 1 1 41.8682
1 0.612903 1 0.186669 0.378601 0.769601 0.110685 44.167
1 0.280929 0.310984 0.667863 0 0.59199 0.428883 54.3431
0.273275 0.490362 0.648236 0.68965 0.371451 0.554851 0.631708 45.0907
1 1 0.991189 0.522116 0.504356 1 1 47.1681
0.221235 0.190763 0.615289 0.488476 0.882359 0.36649 0.78797 46.5494
0.479093 0.48256 0.777834 0.583369 1 0.263928 0.54028 48.2901
0.645353 0.315223 0.418213 0.389427 0.321684 0.709286 0.0969345 47.5924
0.872507 0.711261 0.462377 0 0.375399 0.526935 0.153221 45.746
0.518265 0.954747 0.522508 0.0922278 0.228172 0.136625 0.774529 46.5682
0.68325 0.0119021 0.46869 0.0246143 0.923415 1 0.105159 50.7233
0.783483 0.355452 1 0 0.150099 0.900986 0.744312 45.6116
0.196146 0.464885 0.74186 0.824641 0.904806 0.409201 0.494579 49.8371
0.581456 0.648161 0 0.461239 0.177164 0.487479 0 53.0388
0.00109516 0.6326 0.285839 0.640062 0.172575 0 0.735371 52.7429
1 0.723714 0.493692 0.749842 0.019507 0.0866133 0.545322 58.8145
0.693285 0 0.20954 0.204004 0.342225 0.431117 0 47.0083
1 0.259705 1 0 0.221411 0.939973 1 48.5608
0.749859 0.597041 0.0836549 0.422188 0.00368084 0.311836 0.364917 55.2797
1 0.0783476 0.811468 0.688858 0.210771 0.659948 0.175498 46.9012
1 0.447332 0 0.300685 0.329729 0.505253 0.246367 47.1834
0.475611 1 0.327657 0.724053 0.561806 1 0.389541 50.059
0.903833 0.628886 0.166176 1 0.662358 0 0.273497 55.3213
0.546054 0.358771 0.652302 0.666222 0.597993 0 0.0184471 55.9791
0.745878 0.356919 0.266929 1 1 0 0.221805 50.7597
0 0.972138 0.919187 0.0215475 0.138835 0 0.792669 52.7543
0.627697 0.221214 0.517807 0.721312 0.0492685 0.653318 0.234903 50.6406
0.544177 0.787182 0.677915 0.595565 0.377876 0 1 45.3509
0.779291 0.561074 0.570832 0.735806 0.886689 0.26096 0.528053 47.9821
0.379375 0 1 0.687401 0.721746 0.926439 0.949809 46.2047
0.068798 0.768842 1 1 1 0.962291 0.647104 56.6864
0.325987 0.126212 0.729192 0.434915 0.74013 0 0.596679 49.1302
0.8777 0.964242 0.576559 0.775084 0.0159577 0 0.866934 55.122
1 0.576065 0.439429 0 0.00647941 0.055106 0.280798 52.7681
0.0317827 0.0811867 0.657388 0.310757 0.0357772 0.246559 0.317858 47.4646
0.740112 0.388922 0.796791 0.638422 0.872726 0.896091 1 39.0925
0.530016 0.361451 0.149139 0.475518 0.321119 0.54696 0.459739 47.8984
1 0.498683 0.50115 0.577738 0 0.489402 0.518792 53.2442
0.52887 0.67611 0.176503 0 0.384724 0 1 49.6879
0.683823 0.244651 0.119322 0.251893 0.471531 0.70849 0.448262 50.5525
