12 0.148421
0.00673097 5.55214e-12 5.42977e-177 1.88241e-08 3.21792e-238 6.29446 8.29913e-54 4.59187e-35
3.50246 1.30301e-10 4.54177e-21 6.589e-54 6.57018e-09 1.2846e-10 1.01588e-92 1.19922e-15
2.863 7.8501e-09 1.10958e-53 5.91695e-30 1.10471e-21 2.86406e-29 5.39009e-27 3.77645e-43
3.79787 6.28987e-57 2.07153e-97 2.91551e-06 4.98636e-61 7.46465e-92 2.74517e-37 5.78497e-40
2.50845 5.6024e-30 3.61009e-89 1.83566e-48 7.19607e-55 3.31372 1.0492e-158 6.208e-57
3.35218 2.20264e-53 6.10975e-80 1.79669e-28 9.50989e-20 1.90941e-42 2.28594e-08 6.33249e-60
2.74747 3.41188e-75 4.45528e-73 9.17281e-12 4.1491e-34 5.05712e-16 9.82181e-103 5.014e-49
3.55281 1.19754e-15 5.86038e-29 3.73972e-21 6.36102e-07 0.107106 3.39296e-25 1.00447e-20
0.000496833 1.47852e-73 2.70702e-05 6.36685 2.32566e-108 4.36262e-121 1.665e-14 2.18937e-61
1.80059 3.06071e-69 5.54695e-210 5.69311e-17 1.67955e-92 4.70144 1.41309e-172 2.97456e-62
3.60984 0.0664862 2.09492e-05 1.03264e-29 6.91037e-15 7.72732e-28 2.23846e-74 4.76397e-29
7.24919e-05 4.97703e-59 9.36079e-52 0.000188072 5.84667e-115 2.97614e-37 5.44797 5.12376e-33
0.000496833 1.47852e-73 2.70702e-05 6.36685 2.32566e-108 4.36262e-121 1.665e-14 2.18937e-61
0.00330887 3.39341e-12 0.00147661 2.70567e-20 2.8449e-77 6.95781e-45 4.43159 3.62885e-16
0.0173177 4.8636e-14 2.71574e-97 9.23961e-50 4.37199e-144 1.15551e-70 3.58351e-218 4.84833
3.03653 4.15633e-40 6.84749e-15 5.76169e-13 3.77293e-35 4.78496e-26 1.08254e-99 4.69042e-20
0.934764 1.77885e-45 1.51076e-67 7.32053e-09 4.47817e-13 5.64013e-59 5.18184 1.12854e-103
0.177369 2.62713e-99 0.000624497 4.40201 8.30716e-54 2.90601e-14 1.56996e-34 2.57108e-11
0.019374 4.2265e-64 2.53295e-144 0.0147765 0 5.35227 5.90643e-107 1.10371e-61
0.00666964 9.13426e-32 8.4153e-163 2.97857e-20 1.7092e-81 4.52591e-35 4.68913e-52 5.23695
3.35133 3.38409e-10 2.4609e-40 0.0015363 8.4768e-125 1.37797e-44 6.46545e-14 1.67844e-61
2.82932 4.52721e-05 8.60312e-31 3.1845e-59 4.95693e-36 2.11679e-33 1.62569e-78 5.37678e-17
1.03748 1.422e-45 7.87169e-10 2.03644e-224 5.30127 1.72474e-81 2.59283e-31 1.40043
0.45783 0.000159698 1.53094e-85 4.61563 1.31682e-88 9.63038e-56 1.60887e-15 2.94009e-45
2.67168 1.92212e-35 3.28605 5.42936e-112 2.91364e-15 4.24284e-25 3.24702e-06 3.52456e-07
2.2373 3.12987 9.56745e-54 1.63719e-19 1.03632e-35 7.30533e-16 6.99243e-32 0
0.0010632 1.93476e-30 8.8677e-13 5.56093 3.79138e-79 2.89671e-107 7.83105e-21 8.37612e-108
0.0323983 1.15454e-18 1.76679e-149 1.122e-184 6.53754 0.00114041 6.42533e-84 0.464886
2.92008e-05 7.74331e-10 2.11532e-120 3.13965e-58 2.13892e-56 3.04764e-63 5.1978 1.33693e-71
1.3083 1.36594e-49 4.90802 1.78788e-56 1.46336e-33 0.0348212 8.2488e-16 0.791412
3.11914 1.73426e-30 2.22528e-63 3.94337e-47 1.98215e-61 8.67482e-15 5.8145e-237 6.3346e-09
0.00330887 3.39341e-12 0.00147661 2.70567e-20 2.8449e-77 6.95781e-45 4.43159 3.62885e-16
3.5997 1.13217e-30 7.48505e-59 2.95776e-28 5.33735e-228 3.59748e-06 7.33496e-112 1.01187e-33
3.38858 1.085e-07 7.67861e-76 1.66265e-31 6.93845e-21 1.17833e-39 9.92284e-26 1.40143e-25
0.0191776 4.18365e-64 2.50727e-144 0.0146267 0 5.29801 5.84655e-107 1.09252e-61
4.05607 7.26063e-43 1.03913e-105 2.50385e-06 1.27128e-90 1.98267e-115 4.08887e-44 5.91296e-37
2.39771 4.46684e-154 1.07872e-18 1.13937e-42 5.73525e-19 9.74858e-32 3.72867 5.01236e-52
0.00913562 1.50461e-34 1.67973e-58 6.88427 8.03074e-98 8.57768e-12 7.45356e-20 5.85172e-266
0.0171782 3.71165e-33 1.67186e-64 5.75002 5.91082e-172 2.5177e-10 1.4059e-59 1.16136e-61
1.41341 1.69614e-56 5.41583e-16 4.70992 2.6616e-131 1.35117e-49 7.54922e-08 3.66531e-56
2.2373 3.12987 9.56745e-54 1.63719e-19 1.03632e-35 7.30533e-16 6.99243e-32 0
0.590252 4.40572e-20 0.00761062 5.0561e-05 2.96089e-86 1.44582e-51 4.84742 1.32152e-34
3.89115 6.21919e-28 3.02599e-07 1.45669e-13 2.34929e-51 3.59715e-30 2.20798e-98 0.685748
2.73496 3.06599e-171 1.45578e-36 4.94344e-26 4.79877e-21 1.68471e-20 4.86086e-17 2.00958e-27
0.0709215 2.40122e-26 4.38705e-30 4.57338 4.03472e-91 3.09758e-25 4.8585e-18 9.03117e-117
3.45707 5.35733e-13 2.21928 1.39928e-40 0.000103617 0.222041 7.08466e-48 4.21776e-22
0.378427 1.03e-27 7.33482e-76 2.18751e-23 1.52591e-71 3.63829 6.43537e-63 8.87177e-11
0.0855517 2.22156e-24 1.95062e-31 5.04683e-33 1.64606e-147 4.58772 4.71271e-54 1.47338e-08
2.95448 1.5163e-21 4.30539e-06 1.46873e-12 2.26222e-19 6.50529e-73 1.19141e-08 5.765e-68
5.77523e-06 4.18713e-26 1.32684e-39 9.95379e-25 5.89475e-30 8.28632e-27 4.99353 1.53202e-51
4.53973 2.49813e-29 5.81433e-37 1.11263e-40 0.000193486 0.41381 5.98507e-19 6.87844e-05
2.45772 2.0701e-29 6.46895e-05 1.91802e-18 5.3186e-72 5.75717e-18 1.05204e-24 3.64729e-11
3.24534 2.0864e-46 0.0111849 9.6638e-32 9.03679e-56 1.76589e-121 3.32843e-20 3.94925e-31
0.0171782 3.71165e-33 1.67186e-64 5.75002 5.91082e-172 2.5177e-10 1.4059e-59 1.16136e-61
3.43532 1.11668e-32 6.22726e-52 5.22348e-25 1.85001e-167 2.49112e-24 3.72093e-42 2.18738e-29
0.0020491 5.5878e-83 6.06082e-125 5.81903e-91 1.73516e-27 5.13546 5.80227e-60 4.43751e-09
3.31197 9.07094e-69 2.80301e-51 1.34158e-07 8.64946e-127 1.06109e-07 5.18544e-27 3.35946e-76
3.01602 2.50949e-10 8.00464e-09 9.65809e-05 1.29126e-63 6.98469e-49 4.41223e-18 5.79097e-36
0.378427 1.03e-27 7.33482e-76 2.18751e-23 1.52591e-71 3.63829 6.43537e-63 8.87177e-11
0.763154 2.63439e-17 3.28444e-161 4.87765e-47 7.41825e-131 6.37796 6.67016e-45 2.16237e-52
3.85828 2.17385e-24 9.98242e-07 0.693282 1.59914e-41 9.29094e-117 0.834635 4.42368e-43
3.79715 8.91227e-12 5.2673e-08 2.25747e-25 4.56491e-41 1.88364e-10 1.09678e-28 4.01869e-28
0.590252 4.40572e-20 0.00761062 5.0561e-05 2.96089e-86 1.44582e-51 4.84742 1.32152e-34
0.16164 4.79333 1.06115e-75 9.98301e-73 1.14419e-85 5.40982e-57 1.79565e-30 1.93467e-12
0.113717 1.3161e-08 0 2.44925e-113 5.35694 0.000950813 3.68773e-86 3.92087e-06
0.306345 2.55421e-22 7.78109e-20 1.4861e-58 9.03452e-48 9.70977e-20 5.73177e-80 3.97546
3.06479 2.85981e-48 6.97241e-65 7.29176e-09 1.3741e-61 7.46904e-13 1.24529e-31 3.95803e-12
0.0399484 5.71191e-135 3.86822 0.0415297 2.75613e-31 4.07899e-23 6.13659e-44 0.00059651
0.000188534 3.19048e-36 2.90651e-93 2.24439e-08 3.78138e-253 1.11727e-46 4.48607 9.01765e-27
2.863 7.8501e-09 1.10958e-53 5.91695e-30 1.10471e-21 2.86406e-29 5.39009e-27 3.77645e-43
3.51871 1.73447e-32 5.85139e-17 2.23704e-86 1.5127e-28 3.2571e-31 3.76608e-146 2.52557e-09
0.0252834 7.05542e-58 2.00141e-120 4.09886 1.68741e-128 0.000730747 6.36682e-66 4.00459e-69
0.0855517 2.22156e-24 1.95062e-31 5.04683e-33 1.64606e-147 4.58772 4.71271e-54 1.47338e-08
3.65466 8.42862e-46 7.76495e-29 1.23397e-42 3.10182e-25 1.35371e-66 3.01939e-33 1.31824e-20
0.0401351 4.04364 3.69563e-55 6.46327e-71 1.58397e-42 1.32662e-137 5.02431e-17 4.8339e-33
2.51344 4.33003 4.94177e-68 5.08544e-49 4.42742e-79 0.00366068 4.72762e-53 2.64912e-79
0.0709215 2.40122e-26 4.38705e-30 4.57338 4.03472e-91 3.09758e-25 4.8585e-18 9.03117e-117
2.96551 4.43136e-26 3.08927e-21 1.34379e-30 8.97481e-65 1.94148e-19 6.44353e-215 6.7803e-07
0.0386987 9.93992e-39 3.10612e-18 5.78383e-103 8.5189e-110 0.0359889 6.84849e-114 5.40943
1.90702 3.70747 1.72963e-40 2.53561e-70 4.75933e-60 1.29262e-10 3.08768e-57 3.33571e-16
0.0523603 2.41442e-26 8.16056e-114 4.61703 1.49625e-154 1.15671e-37 5.72606e-113 1.18558e-18
3.37701 1.57911e-32 7.07725e-131 2.11483e-12 3.00435e-191 5.1151e-32 3.96839e-09 1.69027e-40
4.39324 9.24369e-53 2.67723e-06 1.76588e-06 3.26905e-17 3.62355e-18 8.97405e-49 1.64482e-77
0.081038 1.32011e-34 4.53298e-11 1.2927e-107 9.67309e-37 4.42883e-08 1.7684e-92 5.23246
0.0475447 2.85118e-22 5.85879e-09 1.67883e-67 9.45961e-29 4.62933e-71 5.14602 3.63253e-21
3.01703 5.86955e-32 2.42928e-15 2.87231e-39 0.00124512 1.69287e-22 3.56708e-14 8.56091e-12
0.0261186 4.78186e-34 1.03055e-90 5.1481 2.35225e-229 2.33929e-10 7.12972e-189 6.29339e-28
3.32226 7.4153e-31 1.18753e-26 2.88683e-32 1.24263 1.43829e-68 3.48718e-58 1.5835e-75
3.87839 2.18291e-62 1.34934e-62 3.30444e-08 1.21915e-52 3.58463e-47 7.64651e-62 3.33542e-34
0.0252834 7.05542e-58 2.00141e-120 4.09886 1.68741e-128 0.000730747 6.36682e-66 4.00459e-69
0.0353837 3.18836e-19 4.71516e-38 3.33129e-33 1.50874e-98 0.000151119 1.58339e-163 4.22649
3.52909 5.80525e-36 2.70567e-21 1.52856 5.63731e-94 4.27006e-08 2.9513 2.39334e-14
3.38992 3.62253e-65 1.01462 3.20332e-11 1.30169e-45 2.70845e-44 3.35787e-59 5.96933e-19
0.0010632 1.93476e-30 8.8677e-13 5.56093 3.79138e-79 2.89671e-107 7.83105e-21 8.37612e-108
3.32069 2.27193e-23 4.62929e-22 2.21263e-30 2.04237e-44 1.75402e-15 3.60788e-77 8.98744e-43
1.04071 2.10656e-25 3.18533e-26 4.95436e-102 8.2775e-28 5.60894 0.00401475 1.51243e-27
4.26684 2.73467e-27 8.45658e-28 4.36054e-15 6.70889e-63 5.45256e-18 8.39075e-39 6.41463e-39
3.67416 2.36371e-11 5.99579e-59 5.56577e-24 0.00670805 0.19786 3.18143e-17 3.32686e-24
1.04071 2.10656e-25 3.18533e-26 4.95436e-102 8.2775e-28 5.60894 0.00401475 1.51243e-27
3.20721 3.523e-101 1.73602e-25 3.13364e-08 2.07105e-09 4.05469e-50 1.66609e-19 1.43351e-43
3.30341 5.15504e-51 3.21984e-48 0.000146583 3.29567e-21 3.16304e-16 1.84135e-11 1.28188e-113
3.47957 1.19904e-22 2.87331e-102 1.39217e-67 4.1124e-68 4.70807e-250 3.3506e-71 7.37427e-18
3.42417 2.7758e-73 2.86359e-13 7.32928e-05 5.20874e-111 4.43715e-24 8.36837e-59 6.6973e-07
0.00165249 1.86274e-38 1.86692e-211 2.05811e-14 3.49941e-149 6.54957 2.85022e-255 6.52347e-19
3.31197 9.07094e-69 2.80301e-51 1.34158e-07 8.64946e-127 1.06109e-07 5.18544e-27 3.35946e-76
1.27646 1.12683e-32 5.78417 2.30148e-05 4.39657e-22 2.09541e-48 4.47022e-07 5.75354e-24
0.807292 4.35504 2.71368e-50 5.05522e-80 1.8866e-80 4.48599e-08 7.96486e-46 4.34366e-17
0.0191776 4.18365e-64 2.50727e-144 0.0146267 0 5.29801 5.84655e-107 1.09252e-61
3.01602 2.50949e-10 8.00464e-09 9.65809e-05 1.29126e-63 6.98469e-49 4.41223e-18 5.79097e-36
3.24534 2.0864e-46 0.0111849 9.6638e-32 9.03679e-56 1.76589e-121 3.32843e-20 3.94925e-31
3.97331 6.23961e-34 6.60925e-86 6.91125e-09 0 5.27026e-49 5.8674e-25 1.06541e-30
3.30341 5.15504e-51 3.21984e-48 0.000146583 3.29567e-21 3.16304e-16 1.84135e-11 1.28188e-113
3.94841 1.44113e-97 3.4064e-19 1.6337e-07 6.91174e-10 1.40429e-32 2.20328e-21 1.37253e-55
3.30787 6.60663e-20 2.68216 2.22608e-10 9.64345e-23 2.42595e-27 1.30649e-07 2.34628e-25
0.466315 1.33773e-62 2.2462e-30 4.71108 1.43274e-224 4.28733e-64 2.1667 6.76392e-193
0.00510055 1.69612e-64 2.79678e-86 5.60365e-08 8.65752e-34 9.0216e-56 4.56082 2.33397e-50
3.29967 2.46225e-24 1.98364e-24 1.33392e-06 5.7059e-112 3.60699e-06 1.03737e-24 1.93534e-25
0.113717 1.3161e-08 0 2.44925e-113 5.35694 0.000950813 3.68773e-86 3.92087e-06
0.386146 2.30142e-34 3.59505e-56 6.21759e-31 5.5651e-63 4.66378 0.0645262 1.81658e-76
0.0104161 4.33414e-18 5.17486e-06 5.57696 1.50208e-98 3.55568e-165 0.00646132 1.53515e-25
7.24919e-05 4.97703e-59 9.36079e-52 0.000188072 5.84667e-115 2.97614e-37 5.44797 5.12376e-33
2.87151 2.53848e-70 4.30558e-23 1.58002e-08 3.01576e-39 3.14143e-18 7.89664e-66 6.60596e-27
2.97165 1.14017e-144 1.45275e-57 9.75588e-16 7.21677e-23 3.11213e-54 7.26837e-21 2.63055e-113
0.725168 1.75665e-32 3.85851e-48 1.23539e-86 1.26285e-28 4.75558 6.86381e-31 1.10601e-23
0.00283295 1.30764e-109 2.01726e-169 1.92428e-43 1.67765e-44 5.08334 1.21342e-149 4.67454e-10
4.05607 7.26063e-43 1.03913e-105 2.50385e-06 1.27128e-90 1.98267e-115 4.08887e-44 5.91296e-37
3.21697 4.46285e-72 1.32734e-17 1.71527e-10 3.59125e-41 1.25997e-50 1.95777e-13 4.3237e-20
2.63712 2.14852e-10 8.1745e-24 6.46318e-13 2.45828e-30 1.68865e-14 1.44557e-22 5.59278e-83
2.53119 7.75465e-13 1.06045e-22 4.59911e-25 2.98488e-44 2.32083e-31 8.82609e-43 4.90962e-36
2.07687 9.38727e-31 4.49739e-05 3.93505 1.26285e-96 1.99682e-114 0.000934306 1.00948e-13
2.72714 5.5219e-21 7.90271e-129 4.25087e-50 1.01791e-30 7.03652e-05 4.61215 9.24009e-76
3.70638 1.35142e-27 1.53684e-52 3.24548e-48 2.17033e-58 2.16907e-21 3.70905e-41 8.77056e-06
2.73496 3.06599e-171 1.45578e-36 4.94344e-26 4.79877e-21 1.68471e-20 4.86086e-17 2.00958e-27
0.129488 3.45561e-39 2.35651e-09 1.7291e-53 2.30968e-50 0.0018931 5.66895e-81 5.38192
3.84549 4.88739e-47 1.74507e-22 2.12138e-24 3.14145e-58 2.20533e-50 1.83384e-170 2.74411e-19
4.18555 9.97233e-12 5.04958e-74 2.09659e-16 3.01227e-21 1.56902e-38 2.53073e-19 1.25432e-77
2.50058 2.1609e-26 3.25525e-25 1.99508e-30 2.46987e-58 3.74625e-13 1.70053e-113 6.8469e-16
0.0628831 2.89898e-13 7.15953e-41 3.31577e-27 5.21029e-173 6.48002e-06 1.42819e-149 4.45097
1.20683 4.66233 3.44162e-24 1.64471e-294 2.43548e-11 2.52291e-23 2.27618e-63 3.29427e-08
3.90161 5.08583e-55 2.95634e-45 1.1143e-09 3.00286e-86 3.27422e-13 1.53419e-88 4.12481e-51
3.07139 3.1671e-28 3.73741e-21 7.04688e-29 2.15946e-97 3.50321e-45 7.22056e-20 1.49785e-21
4.00778 2.13024e-19 5.73034e-14 0.0363915 1.76857e-74 7.94748e-121 0.00342893 1.12234e-46
0.081038 1.32011e-34 4.53298e-11 1.2927e-107 9.67309e-37 4.42883e-08 1.7684e-92 5.23246
0.249177 4.16506e-189 3.97023 4.57444e-14 2.23795e-30 1.29574e-11 2.54387e-19 0.137371
2.72714 5.5219e-21 7.90271e-129 4.25087e-50 1.01791e-30 7.03652e-05 4.61215 9.24009e-76
3.34028 1.33174e-27 7.1999e-96 4.64404e-22 7.20615e-20 3.913e-16 4.54697e-08 2.8979e-189
4.53973 2.49813e-29 5.81433e-37 1.11263e-40 0.000193486 0.41381 5.98507e-19 6.87844e-05
3.22598 6.2582e-25 3.86537e-47 9.41464e-13 5.38017e-37 4.89363e-32 4.97371e-30 1.338e-12
3.35754 2.52873e-22 7.27845e-36 2.28544e-38 1.87324e-06 8.47942e-30 1.4883e-56 8.39681e-56
3.29967 2.46225e-24 1.98364e-24 1.33392e-06 5.7059e-112 3.60699e-06 1.03737e-24 1.93534e-25
2.79789 7.95187e-37 1.88814e-27 6.13974e-21 1.94341e-28 1.29362e-06 1.98352e-22 2.05092e-36
3.84175 0.609501 1.90671e-13 6.68549e-15 1.89545e-16 4.08709e-39 5.24718e-52 1.95333e-21
3.75118 5.89694e-24 4.69809e-29 3.3548e-10 4.14293e-51 6.91579e-21 6.22344e-113 1.4002e-40
3.79401 4.65816e-05 5.60947e-21 1.73823e-85 1.10933e-17 5.45745e-15 6.02468e-24 7.65698e-16
3.51242 1.81946e-17 5.35312e-46 0.622345 1.02863e-86 3.16248e-25 2.78882e-24 2.15835e-120
0.0139815 1.97656e-20 1.55283e-54 5.85147 7.70557e-52 0.0105942 8.92738e-59 8.38533e-136
0.22447 0.0839263 3.65264e-34 9.42467e-17 9.02219e-42 1.73508e-29 4.46151 8.40559e-58
0.0139815 1.97656e-20 1.55283e-54 5.85147 7.70557e-52 0.0105942 8.92738e-59 8.38533e-136
0.0104161 4.33414e-18 5.17486e-06 5.57696 1.50208e-98 3.55568e-165 0.00646132 1.53515e-25
0.104447 1.00086e-42 4.72707e-11 1.03154e-140 5.667 3.71967e-63 1.97543e-59 3.28358e-11
3.35448 6.08735e-35 5.11198e-22 3.5458e-35 3.85021e-51 8.93029e-13 1.49703e-11 1.03726e-11
4.41339 2.21619e-31 1.10766e-35 1.30647e-09 5.80828e-82 6.52618e-20 2.02545e-39 8.43348e-34
0.0559511 1.58947e-16 1.65527e-41 1.05893e-33 4.34924e-39 1.68305e-20 5.12086 5.9451e-27
3.20721 3.523e-101 1.73602e-25 3.13364e-08 2.07105e-09 4.05469e-50 1.66609e-19 1.43351e-43
3.66616 2.88718e-09 2.23105e-58 1.37255e-17 4.10109e-138 1.41949e-214 0.019998 1.34319e-33
2.38565 3.79333e-28 8.8161e-46 1.94474e-23 2.19049e-53 3.05035e-31 4.48893e-100 6.22981e-18
3.32226 2.03464e-09 1.33025e-51 1.27833e-23 5.61571e-43 8.75624e-29 2.42308e-27 2.14218e-34
0.000188534 3.19048e-36 2.90651e-93 2.24439e-08 3.78138e-253 1.11727e-46 4.48607 9.01765e-27
3.79715 8.91227e-12 5.2673e-08 2.25747e-25 4.56491e-41 1.88364e-10 1.09678e-28 4.01869e-28
3.32226 2.03464e-09 1.33025e-51 1.27833e-23 5.61571e-43 8.75624e-29 2.42308e-27 2.14218e-34
0.0475447 2.85118e-22 5.85879e-09 1.67883e-67 9.45961e-29 4.62933e-71 5.14602 3.63253e-21
0.868069 1.95527e-25 4.8748e-58 6.95648e-08 3.62995e-12 0 4.28937 5.58815e-63
2.95068 2.36506e-27 2.73555e-24 7.83004e-12 2.8476e-31 3.83822e-13 5.12373e-34 2.88225e-26
0.00319094 4.43224e-53 5.22135e-154 7.48072e-10 4.56506e-24 1.25058e-119 4.62658 1.48888e-119
0.00283295 1.30764e-109 2.01726e-169 1.92428e-43 1.67765e-44 5.08334 1.21342e-149 4.67454e-10
0.0114675 4.50112e-59 0.161337 3.91257 1.06471e-37 9.60229e-32 2.60356e-25 5.80765e-08
4.23745 0.00365299 2.04383e-162 3.71672e-16 2.39428e-68 2.60496e-32 3.37238e-145 5.54018e-84
4.18555 9.97233e-12 5.04958e-74 2.09659e-16 3.01227e-21 1.56902e-38 2.53073e-19 1.25432e-77
7.4446e-05 2.08382e-31 4.58904e-19 1.2835e-39 2.00803e-120 3.43172e-209 2.10562e-138 4.73073
2.95068 2.36506e-27 2.73555e-24 7.83004e-12 2.8476e-31 3.83822e-13 5.12373e-34 2.88225e-26
4.18609 2.37627e-41 2.23197e-26 2.77588e-19 1.10281e-59 2.71004e-19 2.45399e-17 8.98776e-28
0.116919 7.54895e-30 2.9864e-13 6.70818e-41 2.23508e-37 4.01193 8.53647e-25 2.1814e-05
3.32226 7.4153e-31 1.18753e-26 2.88683e-32 1.24263 1.43829e-68 3.48718e-58 1.5835e-75
1.1553 5.35159e-65 1.91702e-57 4.02085e-17 2.14716e-71 4.26987 3.60646e-29 4.93949e-15
0.934764 1.77885e-45 1.51076e-67 7.32053e-09 4.47817e-13 5.64013e-59 5.18184 1.12854e-103
3.39367 4.10432e-12 3.12177e-74 2.84447e-30 4.41494e-60 2.21361e-41 1.71045e-51 6.87168e-38
0.0386987 9.93992e-39 3.10612e-18 5.78383e-103 8.5189e-110 0.0359889 6.84849e-114 5.40943
3.51871 1.73447e-32 5.85139e-17 2.23704e-86 1.5127e-28 3.2571e-31 3.76608e-146 2.52557e-09
0.00319094 4.43224e-53 5.22135e-154 7.48072e-10 4.56506e-24 1.25058e-119 4.62658 1.48888e-119
0.0117674 5.46981 3.46558e-64 6.77506e-185 4.45548e-09 7.12799e-120 9.63613e-29 1.19901e-33
0.104447 1.00086e-42 4.72707e-11 1.03154e-140 5.667 3.71967e-63 1.97543e-59 3.28358e-11
0.00795398 1.41502e-27 5.40187e-59 4.5454e-322 5.19912 0.00296211 3.21555e-19 8.84645e-27
3.30787 6.60663e-20 2.68216 2.22608e-10 9.64345e-23 2.42595e-27 1.30649e-07 2.34628e-25
3.09527 2.13875e-61 4.9684e-91 4.68507e-09 1.88556e-47 1.47111e-09 2.35599e-173 1.95956e-45
3.84549 4.88739e-47 1.74507e-22 2.12138e-24 3.14145e-58 2.20533e-50 1.83384e-170 2.74411e-19
0.00917657 5.31409 1.22436e-78 9.81854e-61 1.0262e-30 1.15045e-128 1.69179e-42 5.45277e-35
2.45772 2.0701e-29 6.46895e-05 1.91802e-18 5.3186e-72 5.75717e-18 1.05204e-24 3.64729e-11
3.64956 6.0786e-07 4.15182e-29 3.95571e-58 6.73236e-91 1.98552e-06 1.5594e-54 0.158723
0.868069 1.95527e-25 4.8748e-58 6.95648e-08 3.62995e-12 0 4.28937 5.58815e-63
0.00305008 5.64728e-15 2.83531e-09 5.00897 1.05957e-118 1.21005e-93 5.98368e-59 1.14977e-40
0.0540131 5.98723e-08 0 9.74625e-227 6.13062 1.23869 1.93723e-96 0.0401589
3.37196 4.20509e-18 1.12567e-58 2.79624e-25 3.56153e-61 1.66575e-29 1.21839e-43 1.93987e-27
2.76436 1.36857e-56 7.37483e-16 6.45784e-52 2.39405e-13 8.05326e-09 1.89324 1.36989e-20
2.79789 7.95187e-37 1.88814e-27 6.13974e-21 1.94341e-28 1.29362e-06 1.98352e-22 2.05092e-36
0.0122255 6.83235e-25 7.94927e-87 1.6224e-40 7.62067e-45 5.35806e-53 6.05758e-25 4.83774
0.000277747 8.05811e-13 6.08034e-35 4.60045e-38 1.17741e-33 1.35399e-41 4.681 3.79086e-29
3.59082 9.2459e-47 7.30632e-10 5.05283 9.87905e-108 5.63532e-64 7.68122e-06 1.39874e-95
3.22598 6.2582e-25 3.86537e-47 9.41464e-13 5.38017e-37 4.89363e-32 4.97371e-30 1.338e-12
2.01538 3.53304e-32 3.34317 1.8395e-109 0.306169 9.7367e-24 1.16151e-34 9.48146e-06
0.0399484 5.71191e-135 3.86822 0.0415297 2.75613e-31 4.07899e-23 6.13659e-44 0.00059651
4.10031 1.23386e-08 6.55119e-58 2.59599e-119 1.7096e-40 2.32961e-132 4.53464e-23 2.60458e-17
0.0114675 4.50112e-59 0.161337 3.91257 1.06471e-37 9.60229e-32 2.60356e-25 5.80765e-08
0.0323983 1.15454e-18 1.76679e-149 1.122e-184 6.53754 0.00114041 6.42533e-84 0.464886
0.891787 2.13525e-64 4.63859 1.84505e-09 2.20619e-79 1.89042e-165 5.08613e-30 7.47636e-39
4.38087 9.3709e-46 1.68439e-26 0.140419 2.98295e-66 2.88458e-60 2.21586e-25 0.000109147
3.82383 1.13779e-07 2.93751e-88 3.67425e-48 8.62081e-22 3.63206e-09 2.32266e-25 7.11605e-275
0.529743 4.26921 5.61586e-45 4.60289e-28 1.58406e-54 5.6291e-26 1.32925e-219 1.85006e-20
3.65466 8.42862e-46 7.76495e-29 1.23397e-42 3.10182e-25 1.35371e-66 3.01939e-33 1.31824e-20
2.65702 6.61675e-28 1.40477e-30 2.2929e-10 1.35115e-90 4.20408e-28 3.16082e-70 6.02747e-10
0.423377 4.63725e-70 1.21459e-57 0 6.08952 7.30865e-91 1.49523e-32 1.61111e-24
0.423377 4.63725e-70 1.21459e-57 0 6.08952 7.30865e-91 1.49523e-32 1.61111e-24
3.48969 0.120754 2.25859e-23 5.92442e-38 1.9476e-79 3.04665e-31 4.86935e-205 7.18395e-06
0.0401351 4.04364 3.69563e-55 6.46327e-71 1.58397e-42 1.32662e-137 5.02431e-17 4.8339e-33
3.60984 0.0664862 2.09492e-05 1.03264e-29 6.91037e-15 7.72732e-28 2.23846e-74 4.76397e-29
2.39771 4.46684e-154 1.07872e-18 1.13937e-42 5.73525e-19 9.74858e-32 3.72867 5.01236e-52
0.478648 4.43958e-48 1.48995e-78 0.00846484 1.20005e-229 3.705 2.10574e-87 1.31054e-41
2.61804 1.49683e-08 7.79731e-57 4.27679e-35 1.01935e-129 7.85359e-38 8.6945e-148 4.74853
0.0551777 0.00142498 2.21119e-49 4.81418 3.39873e-70 2.95003e-70 9.79818e-07 6.09206e-133
5.77523e-06 4.18713e-26 1.32684e-39 9.95379e-25 5.89475e-30 8.28632e-27 4.99353 1.53202e-51
3.03653 4.15633e-40 6.84749e-15 5.76169e-13 3.77293e-35 4.78496e-26 1.08254e-99 4.69042e-20
3.01703 5.86955e-32 2.42928e-15 2.87231e-39 0.00124512 1.69287e-22 3.56708e-14 8.56091e-12
3.34028 1.33174e-27 7.1999e-96 4.64404e-22 7.20615e-20 3.913e-16 4.54697e-08 2.8979e-189
4.23701 1.7438e-14 2.24981e-27 0.626326 5.69142e-206 1.27297e-18 2.43947e-25 4.54007e-60
3.61102 2.05467 1.13667e-36 1.6397e-71 7.38636e-28 2.97637e-10 1.06102e-33 8.56014e-07
0.177369 2.62713e-99 0.000624497 4.40201 8.30716e-54 2.90601e-14 1.56996e-34 2.57108e-11
0.0020491 5.5878e-83 6.06082e-125 5.81903e-91 1.73516e-27 5.13546 5.80227e-60 4.43751e-09
3.35754 2.52873e-22 7.27845e-36 2.28544e-38 1.87324e-06 8.47942e-30 1.4883e-56 8.39681e-56
0.00666964 9.13426e-32 8.4153e-163 2.97857e-20 1.7092e-81 4.52591e-35 4.68913e-52 5.23695
2.82072 3.6481e-141 1.36597e-57 8.77936e-10 4.43077e-10 2.27419e-46 2.49967e-28 6.29181e-69
2.05665 4.64805 1.09627e-105 4.10247e-127 4.98942e-44 3.72394e-05 7.04458e-76 8.77558e-05
3.80917 2.57197e-101 2.47631e-22 1.43281 0.0210646 5.01286e-70 1.66468e-13 3.69133e-54
1.1553 5.35159e-65 1.91702e-57 4.02085e-17 2.14716e-71 4.26987 3.60646e-29 4.93949e-15
0.449093 9.6714e-97 5.18682e-63 2.81785e-26 2.83403e-39 5.01617 5.11306e-29 8.65771e-65
0.0353837 3.18836e-19 4.71516e-38 3.33129e-33 1.50874e-98 0.000151119 1.58339e-163 4.22649
0.046014 6.06116e-07 1.08989e-98 3.12033e-113 5.6845 6.16768e-14 3.91527e-125 0.231533
3.97331 6.23961e-34 6.60925e-86 6.91125e-09 0 5.27026e-49 5.8674e-25 1.06541e-30
3.35023 1.23686e-05 1.5233e-25 4.03439e-20 4.9631e-28 0.00369911 1.36017e-60 2.05852e-36
0.437974 3.11498e-57 8.79401e-18 2.71855e-14 2.57594e-41 4.4684e-17 4.73441 3.09495e-41
2.51344 4.33003 4.94177e-68 5.08544e-49 4.42742e-79 0.00366068 4.72762e-53 2.64912e-79
1.81691 2.7613e-47 1.0645e-114 4.36234 3.87852e-160 0.0593515 3.19362e-121 1.52893e-68
2.38565 3.79333e-28 8.8161e-46 1.94474e-23 2.19049e-53 3.05035e-31 4.48893e-100 6.22981e-18
0.454187 1.66638e-84 3.62947e-64 6.28382e-16 2.52776e-41 4.76537 6.68968e-09 3.119e-33
3.39367 4.10432e-12 3.12177e-74 2.84447e-30 4.41494e-60 2.21361e-41 1.71045e-51 6.87168e-38
3.94841 1.44113e-97 3.4064e-19 1.6337e-07 6.91174e-10 1.40429e-32 2.20328e-21 1.37253e-55
2.88297 9.14667e-11 1.47534e-09 5.77544e-79 2.90544e-32 4.18906e-15 4.52064e-37 1.39504e-13
0.18423 4.27154e-21 1.13749e-67 5.31649e-54 4.25521 2.06125e-12 1.25164e-81 8.0166e-21
2.1643 7.47483e-24 2.20629e-23 1.77348e-42 4.94734e-27 2.57043e-17 8.84325e-21 8.98157e-12
0.0754123 1.02394e-57 2.08477e-09 1.91344e-68 5.60462e-84 0.0147378 8.02281e-109 5.5623
2.41337 6.2628e-85 0.000474553 6.0327 7.13084e-35 7.94515e-77 6.86338e-47 1.67097e-20
0.405385 2.00235e-12 2.10408e-114 5.46837 1.93825e-135 3.13277e-05 5.07898e-58 7.34362e-63
2.59199 1.83537e-23 1.84312e-24 2.97537e-05 5.16632e-50 2.44321e-51 5.4047e-25 2.40859e-48
3.38385 6.61653e-34 5.62992e-23 1.45675e-37 6.16268e-128 1.32576e-27 1.11003e-21 1.21607e-17
0.046014 6.06116e-07 1.08989e-98 3.12033e-113 5.6845 6.16768e-14 3.91527e-125 0.231533
0.173298 1.38543e-27 4.36842 8.18475e-22 4.61677e-56 0.00146408 1.7866e-15 8.53494e-68
4.23701 1.7438e-14 2.24981e-27 0.626326 5.69142e-206 1.27297e-18 2.43947e-25 4.54007e-60
0.116919 7.54895e-30 2.9864e-13 6.70818e-41 2.23508e-37 4.01193 8.53647e-25 2.1814e-05
3.04831 4.25852e-12 8.32806e-75 1.64575e-44 4.09553e-26 7.54979e-46 4.57955e-46 9.52797e-24
3.42627 2.80269e-33 8.69433e-72 1.84114e-13 2.54907e-131 2.7367e-09 3.61739e-34 4.75701e-39
4.48548 1.10242e-10 1.51441e-12 4.39518e-32 2.59259e-12 4.13667e-17 8.68111e-31 1.13058e-63
3.62586 0.0106908 7.57204e-40 0.0887818 3.78662e-280 4.71384e-05 2.53695e-84 1.08925e-18
0.320544 1.40115e-29 6.13501e-137 5.70155 4.92828e-132 0.0837411 4.21974e-186 3.8454e-47
0.466315 1.33773e-62 2.2462e-30 4.71108 1.43274e-224 4.28733e-64 2.1667 6.76392e-193
0.437974 3.11498e-57 8.79401e-18 2.71855e-14 2.57594e-41 4.4684e-17 4.73441 3.09495e-41
3.79953 7.75355e-39 6.45403e-09 1.24776e-08 1.62629e-21 1.1264e-29 5.66569e-17 6.85816e-76
2.96551 4.43136e-26 3.08927e-21 1.34379e-30 8.97481e-65 1.94148e-19 6.44353e-215 6.7803e-07
0.405385 2.00235e-12 2.10408e-114 5.46837 1.93825e-135 3.13277e-05 5.07898e-58 7.34362e-63
3.85261 3.07947e-65 2.74042e-84 7.58337e-41 3.5621e-25 1.90808e-19 8.01938e-232 8.22444e-55
3.52838 2.97627e-05 0.0803687 6.1991e-11 1.59566e-38 1.50545e-40 7.26811e-19 5.2493e-28
3.85261 3.07947e-65 2.74042e-84 7.58337e-41 3.5621e-25 1.90808e-19 8.01938e-232 8.22444e-55
3.61141 7.29937e-28 8.29633e-41 1.05931e-32 4.3527e-71 2.52645e-06 5.95546e-25 1.16435e-17
0.00673097 5.55214e-12 5.42977e-177 1.88241e-08 3.21792e-238 6.29446 8.29913e-54 4.59187e-35
4.61245 8.60295e-22 1.00493e-18 1.93267e-32 2.06153e-11 3.7044e-69 2.64149e-99 8.62865e-47
0.338387 4.40244 1.2133e-34 5.85754e-38 4.00922e-84 5.65092e-21 4.64756e-116 5.45965e-05
3.86426 1.6284e-52 4.36327e-49 3.78029e-11 1.31793e-137 1.2578e-32 1.02844e-35 8.31747e-43
3.69962 4.20845e-16 2.5995e-41 4.46527e-54 1.64956e-30 4.54136e-108 0.123146 4.8636e-94
0.703972 2.09743e-28 4.40359 1.08644e-180 0.00506089 2.1624e-104 3.74995e-32 1.30897e-33
3.09686 1.13104e-29 6.8282e-26 1.32578e-16 2.63387e-78 5.99023e-18 2.55298e-39 6.34744e-16
2.67168 1.92212e-35 3.28605 5.42936e-112 2.91364e-15 4.24284e-25 3.24702e-06 3.52456e-07
3.81626 1.03642e-42 2.73525e-62 9.57094e-09 1.86515e-151 5.45917e-20 3.01587e-82 4.68933e-13
3.24983 1.12006e-05 1.66554e-35 6.85638e-23 2.56374e-74 1.27277e-28 3.11399e-34 1.30123e-80
0.707318 2.40214e-21 1.38929e-40 3.3238e-38 1.73828e-30 3.93323 7.08901e-236 8.06491e-47
2.53119 7.75465e-13 1.06045e-22 4.59911e-25 2.98488e-44 2.32083e-31 8.82609e-43 4.90962e-36
0.63603 1.84458e-26 6.31326e-42 9.56736e-256 2.16412e-12 4.10411 4.30399e-07 2.91873e-22
3.08445 2.95422e-141 1.81401e-46 0.120585 2.26405e-26 9.34522e-08 1.39407e-09 6.35826e-17
4.00778 2.13024e-19 5.73034e-14 0.0363915 1.76857e-74 7.94748e-121 0.00342893 1.12234e-46
0.00917657 5.31409 1.22436e-78 9.81854e-61 1.0262e-30 1.15045e-128 1.69179e-42 5.45277e-35
2.05665 4.64805 1.09627e-105 4.10247e-127 4.98942e-44 3.72394e-05 7.04458e-76 8.77558e-05
0.0414255 1.65027e-175 4.05747 5.84378e-22 1.72731e-18 3.11439e-12 8.60884e-32 1.0382e-13
0.478648 4.43958e-48 1.48995e-78 0.00846484 1.20005e-229 3.705 2.10574e-87 1.31054e-41
2.92008e-05 7.74331e-10 2.11532e-120 3.13965e-58 2.13892e-56 3.04764e-63 5.1978 1.33693e-71
