50 0.520653
0.458792 0.0332694 0.116399 0.587623 11.2111 14.5042 3.15852 1.33212
9.31982 2.59729 6.15757 2.84664 5.22979 2.10964 6.17995 5.81377
5.92348 11.5353 10.3811 3.80362 2.93847 3.17166 1.30097 2.37355
0.000647079 0.00194642 0.000449295 0.00758628 0.111363 1.10512 3.56028 17.1105
0.000647079 0.00194642 0.000449295 0.00758628 0.111363 1.10512 3.56028 17.1105
1.17933 0.266593 1.04592 1.76053 1.06666 1.33876 16.899 1.77316
4.9951 5.73066 9.65128 1.42663 6.68692 9.24825 2.9424 0.894583
1.3757 1.42335 2.55483 0.387215 0.546081 0.537671 14.1569 5.98277
0.144199 0.0136445 0.115344 0.0149398 0.676217 4.57508 2.48601 17.2768
0.000647079 0.00194642 0.000449295 0.00758628 0.111363 1.10512 3.56028 17.1105
0.000647079 0.00194642 0.000449295 0.00758628 0.111363 1.10512 3.56028 17.1105
0.462932 1.35157 10.793 2.78669 6.30029 8.47767 6.14787 2.97794
0.0226381 0.0421595 0.0285992 0.102339 0.0734919 2.7889 15.9527 3.3989
4.06973 6.08947 1.25133 12.713 8.02416 5.76408 1.01765 5.74257
0.462932 1.35157 10.793 2.78669 6.30029 8.47767 6.14787 2.97794
4.9951 5.73066 9.65128 1.42663 6.68692 9.24825 2.9424 0.894583
4.06973 6.08947 1.25133 12.713 8.02416 5.76408 1.01765 5.74257
4.9951 5.73066 9.65128 1.42663 6.68692 9.24825 2.9424 0.894583
0.620038 0.710415 6.83511 1.4346 3.8461 6.29453 2.25882 10.5977
0.240275 0.43096 3.68657 5.25312 3.28723 5.6575 11.6752 6.70157
5.75738 5.95853 5.25101 8.72602 8.85602 4.27745 1.76295 6.95694
5.65376 4.56308 9.19501 0.838132 3.45964 3.42184 6.04006 1.45531
0.938343 1.12415 1.86027 2.6076 7.4035 1.29554 7.99988 13.6944
1.38562 3.63004 0.694306 10.5257 1.79998 3.05127 14.4241 4.30225
4.0096 1.39196 3.38215 6.17105 0.696266 4.2213 9.86184 10.6988
7.50308 2.06666 1.56699 8.74173 5.19587 10.0913 3.53686 3.20722
7.0035 0.765077 1.09584 5.88739 4.0745 8.68832 7.62674 6.47429
5.92348 11.5353 10.3811 3.80362 2.93847 3.17166 1.30097 2.37355
0.053522 0.0963054 1.81464 4.81879 16.1088 4.58513 1.30403 1.30091
0.504932 2.16451 0.298161 0.289354 0.986651 12.8527 7.5445 4.42797
0.000647079 0.00194642 0.000449295 0.00758628 0.111363 1.10512 3.56028 17.1105
4.3607 2.94053 4.21444 5.99851 4.89855 8.03155 2.82741 9.93942
5.65376 4.56308 9.19501 0.838132 3.45964 3.42184 6.04006 1.45531
1.25566 0.695366 10.2998 4.15643 5.40442 11.2651 3.09652 7.31969
4.29189 1.89477 9.85377 9.26629 4.70445 7.61537 3.91012 0.907752
4.74752 0.263481 1.87554 5.03746 0.627694 7.29797 5.01808 14.1819
0.4135 0.608643 0.68044 3.63715 9.99106 5.40253 6.06749 10.3987
2.02048 0.690488 1.17238 1.01613 3.24162 2.83678 4.42816 13.407
4.9951 5.73066 9.65128 1.42663 6.68692 9.24825 2.9424 0.894583
2.02048 0.690488 1.17238 1.01613 3.24162 2.83678 4.42816 13.407
5.75738 5.95853 5.25101 8.72602 8.85602 4.27745 1.76295 6.95694
0.416035 0.0889685 0.295828 1.87903 10.5094 13.7905 4.01567 2.4108
3.45311 4.13769 4.18296 11.9094 2.37063 1.44859 11.2302 3.43576
0.54277 0.561642 2.31682 3.45564 9.47244 2.8301 6.53673 11.1231
4.74752 0.263481 1.87554 5.03746 0.627694 7.29797 5.01808 14.1819
4.9951 5.73066 9.65128 1.42663 6.68692 9.24825 2.9424 0.894583
4.06973 6.08947 1.25133 12.713 8.02416 5.76408 1.01765 5.74257
1.96547 2.7464 2.91875 4.7258 7.20879 12.1454 3.29123 10.8923
7.50308 2.06666 1.56699 8.74173 5.19587 10.0913 3.53686 3.20722
2.73268 4.02785 6.43489 1.96161 5.60099 3.67597 6.85944 12.6688
2.97755 3.00601 5.6358 5.4841 4.84955 7.95257 9.79841 3.27388
1.3757 1.42335 2.55483 0.387215 0.546081 0.537671 14.1569 5.98277
3.45311 4.13769 4.18296 11.9094 2.37063 1.44859 11.2302 3.43576
8.36835 0.984738 5.34605 3.26925 4.84318 9.04156 8.9149 1.27163
4.74752 0.263481 1.87554 5.03746 0.627694 7.29797 5.01808 14.1819
1.96547 2.7464 2.91875 4.7258 7.20879 12.1454 3.29123 10.8923
8.36835 0.984738 5.34605 3.26925 4.84318 9.04156 8.9149 1.27163
1.39558 1.69117 2.36389 2.90238 9.65487 4.35175 1.03102 11.7814
4.29189 1.89477 9.85377 9.26629 4.70445 7.61537 3.91012 0.907752
0.134803 0.0308818 2.11506 5.57211 10.4535 5.16564 2.90548 8.57503
5.75738 5.95853 5.25101 8.72602 8.85602 4.27745 1.76295 6.95694
0.0513429 0.0614369 0.247125 1.52399 6.19577 3.04476 2.00468 15.4154
1.07451 0.726677 5.96651 1.84517 3.15202 8.65213 9.02804 4.16451
2.02048 0.690488 1.17238 1.01613 3.24162 2.83678 4.42816 13.407
5.75738 5.95853 5.25101 8.72602 8.85602 4.27745 1.76295 6.95694
2.97755 3.00601 5.6358 5.4841 4.84955 7.95257 9.79841 3.27388
0.479549 0.451497 0.760476 0.674874 1.95014 14.241 3.76738 0.971147
3.45311 4.13769 4.18296 11.9094 2.37063 1.44859 11.2302 3.43576
4.14173 0.481414 6.37833 5.75357 3.5582 1.52725 13.01 9.32793
0.63034 0.344174 1.50684 0.212132 0.730383 11.7911 9.57891 7.46261
2.97755 3.00601 5.6358 5.4841 4.84955 7.95257 9.79841 3.27388
4.14173 0.481414 6.37833 5.75357 3.5582 1.52725 13.01 9.32793
0.0706167 0.398039 5.67746 10.3159 5.23913 9.38199 1.73689 6.44125
1.6367 0.153653 0.321041 1.24092 1.55911 12.6169 1.76107 11.0395
0.0545222 0.0149898 0.0848899 0.537774 2.49899 10.4822 5.161 12.5249
0.0226381 0.0421595 0.0285992 0.102339 0.0734919 2.7889 15.9527 3.3989
0.462932 1.35157 10.793 2.78669 6.30029 8.47767 6.14787 2.97794
1.39558 1.69117 2.36389 2.90238 9.65487 4.35175 1.03102 11.7814
1.3757 1.42335 2.55483 0.387215 0.546081 0.537671 14.1569 5.98277
2.3707 2.71049 1.69988 4.38688 3.22448 1.75868 6.90022 14.5619
2.02048 0.690488 1.17238 1.01613 3.24162 2.83678 4.42816 13.407
0.187864 0.0700573 2.06425 3.63208 2.14509 5.86072 10.2067 8.09791
0.264884 3.52842 4.21067 3.10542 1.58782 4.55049 13.4319 7.04198
2.25871 3.13979 2.46417 4.08484 7.53472 4.09438 5.62111 9.26198
2.04949 2.34917 9.52293 1.30097 5.17442 1.26302 8.68462 5.76183
2.02048 0.690488 1.17238 1.01613 3.24162 2.83678 4.42816 13.407
0.938343 1.12415 1.86027 2.6076 7.4035 1.29554 7.99988 13.6944
4.0096 1.39196 3.38215 6.17105 0.696266 4.2213 9.86184 10.6988
0.645263 0.633863 0.715366 10.1886 12.6172 2.5949 1.00366 4.83503
0.667404 1.19977 3.60657 4.99654 6.99611 3.93251 9.84246 9.72043
0.680512 0.938112 0.692491 0.172113 4.23831 4.58664 15.3256 2.96742
2.73268 4.02785 6.43489 1.96161 5.60099 3.67597 6.85944 12.6688
0.398001 0.217801 1.39257 0.361483 7.95111 8.19788 6.73805 9.14652
3.45311 4.13769 4.18296 11.9094 2.37063 1.44859 11.2302 3.43576
5.65376 4.56308 9.19501 0.838132 3.45964 3.42184 6.04006 1.45531
0.398001 0.217801 1.39257 0.361483 7.95111 8.19788 6.73805 9.14652
2.02684 2.32256 0.579891 4.42145 3.68476 7.48108 6.81594 8.98546
0.479549 0.451497 0.760476 0.674874 1.95014 14.241 3.76738 0.971147
0.620038 0.710415 6.83511 1.4346 3.8461 6.29453 2.25882 10.5977
0.0545222 0.0149898 0.0848899 0.537774 2.49899 10.4822 5.161 12.5249
1.17933 0.266593 1.04592 1.76053 1.06666 1.33876 16.899 1.77316
0.680512 0.938112 0.692491 0.172113 4.23831 4.58664 15.3256 2.96742
0.649343 0.89406 1.78689 0.26991 6.9821 9.10531 7.5279 7.80431
0.053522 0.0963054 1.81464 4.81879 16.1088 4.58513 1.30403 1.30091
4.3607 2.94053 4.21444 5.99851 4.89855 8.03155 2.82741 9.93942
2.73268 4.02785 6.43489 1.96161 5.60099 3.67597 6.85944 12.6688
0.0226381 0.0421595 0.0285992 0.102339 0.0734919 2.7889 15.9527 3.3989
1.15369 0.138741 0.214843 0.150882 3.41112 3.84223 0.933482 15.3077
2.25871 3.13979 2.46417 4.08484 7.53472 4.09438 5.62111 9.26198
1.96509 0.446801 2.17281 0.698565 10.9735 1.22882 6.96448 9.86702
2.73268 4.02785 6.43489 1.96161 5.60099 3.67597 6.85944 12.6688
0.264884 3.52842 4.21067 3.10542 1.58782 4.55049 13.4319 7.04198
2.73268 4.02785 6.43489 1.96161 5.60099 3.67597 6.85944 12.6688
5.92348 11.5353 10.3811 3.80362 2.93847 3.17166 1.30097 2.37355
2.3707 2.71049 1.69988 4.38688 3.22448 1.75868 6.90022 14.5619
1.8299 0.853268 0.360612 0.489928 0.356012 13.3684 6.66703 2.82912
7.0035 0.765077 1.09584 5.88739 4.0745 8.68832 7.62674 6.47429
4.9951 5.73066 9.65128 1.42663 6.68692 9.24825 2.9424 0.894583
1.6367 0.153653 0.321041 1.24092 1.55911 12.6169 1.76107 11.0395
7.0035 0.765077 1.09584 5.88739 4.0745 8.68832 7.62674 6.47429
1.44904 1.66077 0.674028 0.597972 0.401851 2.3694 2.31383 14.8163
0.479549 0.451497 0.760476 0.674874 1.95014 14.241 3.76738 0.971147
5.92348 11.5353 10.3811 3.80362 2.93847 3.17166 1.30097 2.37355
0.680512 0.938112 0.692491 0.172113 4.23831 4.58664 15.3256 2.96742
2.97755 3.00601 5.6358 5.4841 4.84955 7.95257 9.79841 3.27388
0.479549 0.451497 0.760476 0.674874 1.95014 14.241 3.76738 0.971147
1.25566 0.695366 10.2998 4.15643 5.40442 11.2651 3.09652 7.31969
0.463527 0.531092 0.449902 1.46368 1.14288 9.6097 6.73364 8.87523
0.416035 0.0889685 0.295828 1.87903 10.5094 13.7905 4.01567 2.4108
1.8299 0.853268 0.360612 0.489928 0.356012 13.3684 6.66703 2.82912
8.36835 0.984738 5.34605 3.26925 4.84318 9.04156 8.9149 1.27163
5.75738 5.95853 5.25101 8.72602 8.85602 4.27745 1.76295 6.95694
2.97755 3.00601 5.6358 5.4841 4.84955 7.95257 9.79841 3.27388
4.3607 2.94053 4.21444 5.99851 4.89855 8.03155 2.82741 9.93942
0.680512 0.938112 0.692491 0.172113 4.23831 4.58664 15.3256 2.96742
0.458792 0.0332694 0.116399 0.587623 11.2111 14.5042 3.15852 1.33212
0.77611 0.504996 0.747722 5.20524 0.41136 11.6203 8.58243 3.88124
8.36835 0.984738 5.34605 3.26925 4.84318 9.04156 8.9149 1.27163
0.201801 1.10674 1.21245 0.670396 8.67115 8.0294 7.72027 5.7133
0.458792 0.0332694 0.116399 0.587623 11.2111 14.5042 3.15852 1.33212
0.201801 1.10674 1.21245 0.670396 8.67115 8.0294 7.72027 5.7133
2.97755 3.00601 5.6358 5.4841 4.84955 7.95257 9.79841 3.27388
0.000647079 0.00194642 0.000449295 0.00758628 0.111363 1.10512 3.56028 17.1105
5.75738 5.95853 5.25101 8.72602 8.85602 4.27745 1.76295 6.95694
2.25871 3.13979 2.46417 4.08484 7.53472 4.09438 5.62111 9.26198
5.65376 4.56308 9.19501 0.838132 3.45964 3.42184 6.04006 1.45531
2.73268 4.02785 6.43489 1.96161 5.60099 3.67597 6.85944 12.6688
4.9951 5.73066 9.65128 1.42663 6.68692 9.24825 2.9424 0.894583
1.96509 0.446801 2.17281 0.698565 10.9735 1.22882 6.96448 9.86702
2.04949 2.34917 9.52293 1.30097 5.17442 1.26302 8.68462 5.76183
1.07451 0.726677 5.96651 1.84517 3.15202 8.65213 9.02804 4.16451
1.25566 0.695366 10.2998 4.15643 5.40442 11.2651 3.09652 7.31969
5.65376 4.56308 9.19501 0.838132 3.45964 3.42184 6.04006 1.45531
5.92348 11.5353 10.3811 3.80362 2.93847 3.17166 1.30097 2.37355
0.680512 0.938112 0.692491 0.172113 4.23831 4.58664 15.3256 2.96742
0.201801 1.10674 1.21245 0.670396 8.67115 8.0294 7.72027 5.7133
4.74752 0.263481 1.87554 5.03746 0.627694 7.29797 5.01808 14.1819
1.3757 1.42335 2.55483 0.387215 0.546081 0.537671 14.1569 5.98277
0.0513429 0.0614369 0.247125 1.52399 6.19577 3.04476 2.00468 15.4154
1.17933 0.266593 1.04592 1.76053 1.06666 1.33876 16.899 1.77316
0.680512 0.938112 0.692491 0.172113 4.23831 4.58664 15.3256 2.96742
0.479549 0.451497 0.760476 0.674874 1.95014 14.241 3.76738 0.971147
5.92348 11.5353 10.3811 3.80362 2.93847 3.17166 1.30097 2.37355
0.54277 0.561642 2.31682 3.45564 9.47244 2.8301 6.53673 11.1231
0.458792 0.0332694 0.116399 0.587623 11.2111 14.5042 3.15852 1.33212
1.25566 0.695366 10.2998 4.15643 5.40442 11.2651 3.09652 7.31969
1.96509 0.446801 2.17281 0.698565 10.9735 1.22882 6.96448 9.86702
0.77611 0.504996 0.747722 5.20524 0.41136 11.6203 8.58243 3.88124
1.61063 0.347648 3.07964 3.69625 6.51941 2.24634 10.9068 9.98636
0.645263 0.633863 0.715366 10.1886 12.6172 2.5949 1.00366 4.83503
0.0706167 0.398039 5.67746 10.3159 5.23913 9.38199 1.73689 6.44125
1.44904 1.66077 0.674028 0.597972 0.401851 2.3694 2.31383 14.8163
0.680512 0.938112 0.692491 0.172113 4.23831 4.58664 15.3256 2.96742
1.39558 1.69117 2.36389 2.90238 9.65487 4.35175 1.03102 11.7814
0.620038 0.710415 6.83511 1.4346 3.8461 6.29453 2.25882 10.5977
0.458792 0.0332694 0.116399 0.587623 11.2111 14.5042 3.15852 1.33212
5.75738 5.95853 5.25101 8.72602 8.85602 4.27745 1.76295 6.95694
4.3607 2.94053 4.21444 5.99851 4.89855 8.03155 2.82741 9.93942
1.39558 1.69117 2.36389 2.90238 9.65487 4.35175 1.03102 11.7814
8.36835 0.984738 5.34605 3.26925 4.84318 9.04156 8.9149 1.27163
4.29189 1.89477 9.85377 9.26629 4.70445 7.61537 3.91012 0.907752
1.6367 0.153653 0.321041 1.24092 1.55911 12.6169 1.76107 11.0395
2.04949 2.34917 9.52293 1.30097 5.17442 1.26302 8.68462 5.76183
7.0035 0.765077 1.09584 5.88739 4.0745 8.68832 7.62674 6.47429
2.73268 4.02785 6.43489 1.96161 5.60099 3.67597 6.85944 12.6688
3.45311 4.13769 4.18296 11.9094 2.37063 1.44859 11.2302 3.43576
0.000647079 0.00194642 0.000449295 0.00758628 0.111363 1.10512 3.56028 17.1105
0.77611 0.504996 0.747722 5.20524 0.41136 11.6203 8.58243 3.88124
8.36835 0.984738 5.34605 3.26925 4.84318 9.04156 8.9149 1.27163
1.8299 0.853268 0.360612 0.489928 0.356012 13.3684 6.66703 2.82912
0.240275 0.43096 3.68657 5.25312 3.28723 5.6575 11.6752 6.70157
4.74752 0.263481 1.87554 5.03746 0.627694 7.29797 5.01808 14.1819
5.92348 11.5353 10.3811 3.80362 2.93847 3.17166 1.30097 2.37355
3.45311 4.13769 4.18296 11.9094 2.37063 1.44859 11.2302 3.43576
0.398001 0.217801 1.39257 0.361483 7.95111 8.19788 6.73805 9.14652
0.416035 0.0889685 0.295828 1.87903 10.5094 13.7905 4.01567 2.4108
5.65376 4.56308 9.19501 0.838132 3.45964 3.42184 6.04006 1.45531
4.14173 0.481414 6.37833 5.75357 3.5582 1.52725 13.01 9.32793
0.053522 0.0963054 1.81464 4.81879 16.1088 4.58513 1.30403 1.30091
5.92348 11.5353 10.3811 3.80362 2.93847 3.17166 1.30097 2.37355
2.02048 0.690488 1.17238 1.01613 3.24162 2.83678 4.42816 13.407
8.36835 0.984738 5.34605 3.26925 4.84318 9.04156 8.9149 1.27163
5.75738 5.95853 5.25101 8.72602 8.85602 4.27745 1.76295 6.95694
5.92348 11.5353 10.3811 3.80362 2.93847 3.17166 1.30097 2.37355
0.54277 0.561642 2.31682 3.45564 9.47244 2.8301 6.53673 11.1231
0.620038 0.710415 6.83511 1.4346 3.8461 6.29453 2.25882 10.5977
3.45311 4.13769 4.18296 11.9094 2.37063 1.44859 11.2302 3.43576
0.187864 0.0700573 2.06425 3.63208 2.14509 5.86072 10.2067 8.09791
7.50308 2.06666 1.56699 8.74173 5.19587 10.0913 3.53686 3.20722
0.0226381 0.0421595 0.0285992 0.102339 0.0734919 2.7889 15.9527 3.3989
1.07451 0.726677 5.96651 1.84517 3.15202 8.65213 9.02804 4.16451
0.0545222 0.0149898 0.0848899 0.537774 2.49899 10.4822 5.161 12.5249
0.264884 3.52842 4.21067 3.10542 1.58782 4.55049 13.4319 7.04198
2.97755 3.00601 5.6358 5.4841 4.84955 7.95257 9.79841 3.27388
2.97755 3.00601 5.6358 5.4841 4.84955 7.95257 9.79841 3.27388
0.201801 1.10674 1.21245 0.670396 8.67115 8.0294 7.72027 5.7133
2.04949 2.34917 9.52293 1.30097 5.17442 1.26302 8.68462 5.76183
0.77611 0.504996 0.747722 5.20524 0.41136 11.6203 8.58243 3.88124
0.63034 0.344174 1.50684 0.212132 0.730383 11.7911 9.57891 7.46261
4.14173 0.481414 6.37833 5.75357 3.5582 1.52725 13.01 9.32793
1.17933 0.266593 1.04592 1.76053 1.06666 1.33876 16.899 1.77316
0.645263 0.633863 0.715366 10.1886 12.6172 2.5949 1.00366 4.83503
5.65376 4.56308 9.19501 0.838132 3.45964 3.42184 6.04006 1.45531
5.92348 11.5353 10.3811 3.80362 2.93847 3.17166 1.30097 2.37355
0.680512 0.938112 0.692491 0.172113 4.23831 4.58664 15.3256 2.96742
0.0513429 0.0614369 0.247125 1.52399 6.19577 3.04476 2.00468 15.4154
1.3757 1.42335 2.55483 0.387215 0.546081 0.537671 14.1569 5.98277
0.645263 0.633863 0.715366 10.1886 12.6172 2.5949 1.00366 4.83503
0.620038 0.710415 6.83511 1.4346 3.8461 6.29453 2.25882 10.5977
1.15369 0.138741 0.214843 0.150882 3.41112 3.84223 0.933482 15.3077
0.63034 0.344174 1.50684 0.212132 0.730383 11.7911 9.57891 7.46261
1.8299 0.853268 0.360612 0.489928 0.356012 13.3684 6.66703 2.82912
2.97755 3.00601 5.6358 5.4841 4.84955 7.95257 9.79841 3.27388
2.02684 2.32256 0.579891 4.42145 3.68476 7.48108 6.81594 8.98546
2.04949 2.34917 9.52293 1.30097 5.17442 1.26302 8.68462 5.76183
7.0035 0.765077 1.09584 5.88739 4.0745 8.68832 7.62674 6.47429
0.462932 1.35157 10.793 2.78669 6.30029 8.47767 6.14787 2.97794
0.0513429 0.0614369 0.247125 1.52399 6.19577 3.04476 2.00468 15.4154
4.0096 1.39196 3.38215 6.17105 0.696266 4.2213 9.86184 10.6988
1.3757 1.42335 2.55483 0.387215 0.546081 0.537671 14.1569 5.98277
1.39558 1.69117 2.36389 2.90238 9.65487 4.35175 1.03102 11.7814
5.75738 5.95853 5.25101 8.72602 8.85602 4.27745 1.76295 6.95694
2.3707 2.71049 1.69988 4.38688 3.22448 1.75868 6.90022 14.5619
1.38562 3.63004 0.694306 10.5257 1.79998 3.05127 14.4241 4.30225
0.479549 0.451497 0.760476 0.674874 1.95014 14.241 3.76738 0.971147
2.25871 3.13979 2.46417 4.08484 7.53472 4.09438 5.62111 9.26198
0.264884 3.52842 4.21067 3.10542 1.58782 4.55049 13.4319 7.04198
0.649343 0.89406 1.78689 0.26991 6.9821 9.10531 7.5279 7.80431
7.0035 0.765077 1.09584 5.88739 4.0745 8.68832 7.62674 6.47429
0.000647079 0.00194642 0.000449295 0.00758628 0.111363 1.10512 3.56028 17.1105
0.416035 0.0889685 0.295828 1.87903 10.5094 13.7905 4.01567 2.4108
0.667404 1.19977 3.60657 4.99654 6.99611 3.93251 9.84246 9.72043
4.29189 1.89477 9.85377 9.26629 4.70445 7.61537 3.91012 0.907752
1.3757 1.42335 2.55483 0.387215 0.546081 0.537671 14.1569 5.98277
4.3607 2.94053 4.21444 5.99851 4.89855 8.03155 2.82741 9.93942
0.680512 0.938112 0.692491 0.172113 4.23831 4.58664 15.3256 2.96742
4.29189 1.89477 9.85377 9.26629 4.70445 7.61537 3.91012 0.907752
0.0706167 0.398039 5.67746 10.3159 5.23913 9.38199 1.73689 6.44125
0.0513429 0.0614369 0.247125 1.52399 6.19577 3.04476 2.00468 15.4154
4.74752 0.263481 1.87554 5.03746 0.627694 7.29797 5.01808 14.1819
1.17933 0.266593 1.04592 1.76053 1.06666 1.33876 16.899 1.77316
4.9951 5.73066 9.65128 1.42663 6.68692 9.24825 2.9424 0.894583
0.54277 0.561642 2.31682 3.45564 9.47244 2.8301 6.53673 11.1231
0.0226381 0.0421595 0.0285992 0.102339 0.0734919 2.7889 15.9527 3.3989
4.06973 6.08947 1.25133 12.713 8.02416 5.76408 1.01765 5.74257
4.0096 1.39196 3.38215 6.17105 0.696266 4.2213 9.86184 10.6988
2.02048 0.690488 1.17238 1.01613 3.24162 2.83678 4.42816 13.407
0.177551 0.158099 0.188224 2.60814 13.8105 5.4261 0.877114 5.37552
0.201801 1.10674 1.21245 0.670396 8.67115 8.0294 7.72027 5.7133
1.25566 0.695366 10.2998 4.15643 5.40442 11.2651 3.09652 7.31969
2.02684 2.32256 0.579891 4.42145 3.68476 7.48108 6.81594 8.98546
4.06973 6.08947 1.25133 12.713 8.02416 5.76408 1.01765 5.74257
7.0035 0.765077 1.09584 5.88739 4.0745 8.68832 7.62674 6.47429
0.000647079 0.00194642 0.000449295 0.00758628 0.111363 1.10512 3.56028 17.1105
1.6367 0.153653 0.321041 1.24092 1.55911 12.6169 1.76107 11.0395
1.8299 0.853268 0.360612 0.489928 0.356012 13.3684 6.66703 2.82912
0.479549 0.451497 0.760476 0.674874 1.95014 14.241 3.76738 0.971147
5.92348 11.5353 10.3811 3.80362 2.93847 3.17166 1.30097 2.37355
1.44904 1.66077 0.674028 0.597972 0.401851 2.3694 2.31383 14.8163
1.39558 1.69117 2.36389 2.90238 9.65487 4.35175 1.03102 11.7814
0.177551 0.158099 0.188224 2.60814 13.8105 5.4261 0.877114 5.37552
0.649343 0.89406 1.78689 0.26991 6.9821 9.10531 7.5279 7.80431
2.04949 2.34917 9.52293 1.30097 5.17442 1.26302 8.68462 5.76183
0.479549 0.451497 0.760476 0.674874 1.95014 14.241 3.76738 0.971147
2.25871 3.13979 2.46417 4.08484 7.53472 4.09438 5.62111 9.26198
7.50308 2.06666 1.56699 8.74173 5.19587 10.0913 3.53686 3.20722
0.416035 0.0889685 0.295828 1.87903 10.5094 13.7905 4.01567 2.4108
4.06973 6.08947 1.25133 12.713 8.02416 5.76408 1.01765 5.74257
0.053522 0.0963054 1.81464 4.81879 16.1088 4.58513 1.30403 1.30091
4.14173 0.481414 6.37833 5.75357 3.5582 1.52725 13.01 9.32793
0.0513429 0.0614369 0.247125 1.52399 6.19577 3.04476 2.00468 15.4154
0.177551 0.158099 0.188224 2.60814 13.8105 5.4261 0.877114 5.37552
2.73268 4.02785 6.43489 1.96161 5.60099 3.67597 6.85944 12.6688
4.14173 0.481414 6.37833 5.75357 3.5582 1.52725 13.01 9.32793
1.25566 0.695366 10.2998 4.15643 5.40442 11.2651 3.09652 7.31969
0.462932 1.35157 10.793 2.78669 6.30029 8.47767 6.14787 2.97794
0.680512 0.938112 0.692491 0.172113 4.23831 4.58664 15.3256 2.96742
1.61063 0.347648 3.07964 3.69625 6.51941 2.24634 10.9068 9.98636
0.144199 0.0136445 0.115344 0.0149398 0.676217 4.57508 2.48601 17.2768
0.000647079 0.00194642 0.000449295 0.00758628 0.111363 1.10512 3.56028 17.1105
