82 1.58682
293.518 7073.19 1679.42
5451.29 566.287 2723.23
4287.7 356.965 4440.62
2556.11 1278.52 4985.48
1120.6 5366.75 2592.65
1301.02 6654.59 1112.82
352.525 4634.1 3907.23
1229.86 9555.58 39.6804
15.3401 3772.15 5335.12
2851.51 430.217 5827.06
2129.61 6287.12 614.845
9.10628 5457.48 4209.5
2976.25 4087.75 1867.65
1029.73 198.833 7751.87
2985.5 6740.93 27.7851
2232.62 3709.15 2966.81
2107.77 5336.31 1680.31
3664.11 1610.01 3857.79
1486.46 720.237 6689.05
865.698 2725.25 5442.6
13.5718 179.786 8795.92
5405.95 2596.88 848.441
5756.8 2.03895 4372.62
31.923 8490.25 1978.74
2947.94 4977.23 1136.4
6636.65 2202.08 376.606
4730.79 4233.2 21.0614
2494.5 18.0973 6679.43
3322.99 2722.96 3107.42
3477.6 3266.04 2473.71
1712.48 7659.29 538.218
5734.25 3542.71 19.0086
143.153 2841.79 5992.76
8235.56 475.391 752.067
1573.08 3809.15 3621.15
1370.07 3434.86 4434.36
480.602 8400.59 1360
2723.7 2142.13 4282.99
376.173 5286.68 3446.23
4738.92 1478.41 2848.62
294.265 1810.02 6924.43
3984.48 5184.09 10.253
5034.33 1804.1 2221.84
4243.9 1.10106 5728.93
49.9968 891.534 8132.33
4754.89 2690.94 1736.1
3495.87 5576.92 237.955
6080.72 1049.8 1935.97
4124.67 4606.18 324.257
7435.98 89.5913 2191
8101.99 26.5296 1925.18
7296.9 1030.44 1186.04
8069.56 916.935 492.636
6901.62 238.588 2486.87
8650.99 1183.28 251.868
6106.06 4509.56 0.361473
6801.41 3083.06 116.017
446.487 2276.22 6320.64
1504.84 1921.73 5890.16
6001.66 1517.13 1673.15
6106.06 4509.56 0.361473
2.86601 0.0969279 10298.9
0.00619307 0.442228 10659.1
812.363 3228.14 6202.19
2000.43 1927.89 6753.16
6779.54 1623.07 2133.34
1152.31 3614.95 6222.98
160.647 423.478 9876.54
827.001 5148.57 5297.17
241.084 1145.13 8807.89
3596.83 1468.6 5493
782.936 2233.59 7800.33
2799.24 4779.12 2968.46
1924.75 2420.42 6217.27
1324.47 238.728 8399.59
1527.94 4437.31 3385.68
1619.11 963.532 7518.82
223.22 1723.07 9065.27
6948.51 167.892 2918.73
766.69 3488.93 6641.82
2927.52 1904.95 5707.14
2836.23 7724.8 364.423
2313.97 1556.23 6065.46
1473.63 6894.95 1697.28
1197.17 8429.34 1300.42
651.74 5206.18 4497.54
2214.85 2359.16 5780.94
210.826 51.3403 9867.49
4878.36 136.911 5641.07
597.42 5459.77 3966.15
2725.99 4847.84 2943.82
12.8892 834.456 10035.4
2097.85 1448.73 6961.09
2334.42 4679.67 3663.42
5251.76 3101.39 2778.2
199.359 4689.65 6133.38
1111.35 76.2221 9292.56
5940.5 1608.64 3120.13
1319.52 6898.74 2370.2
9618.84 59.6461 1310.15
157.18 1741.9 8302.37
600.85 3178.97 6261.14
1709.6 3383.73 5226.07
3368.6 79.0606 7214.35
2355.68 106.48 7906.93
4830.12 220.744 5479.04
7321.68 3508 230.279
3257.04 3134.91 5206.46
5984.12 3401.28 718.195
660.963 6191.44 3609.08
271.354 9686.23 562.229
4321.07 2308.94 3297.99
1967.76 2699.26 5716.77
1937.8 7846.33 358.471
1125.49 1061.88 9038.89
260.858 7750.18 2273.74
1035.53 8348.17 514.456
1455.14 2856.02 6694.76
2853.85 7048.86 1655.86
4482.11 2923.45 2670.39
4262.89 5678.51 950.188
4266.11 1777.78 4778.98
3654.48 162.53 6743.37
2091.43 2884.16 5913.28
4607.54 4409.92 1282.12
1506.35 4110.39 4489.31
880.041 4428.67 5256.11
6564.34 88.4016 3445.22
2884.22 3865.66 3814.4
6333.71 1911.65 2104.53
2150.89 5175.3 3049.5
26.2014 6707.61 3978.05
561.034 1466.59 8074.56
2988.2 2381.41 5593.54
347.042 7805.84 2512.94
3956.32 4355.96 3070.07
593.712 6014.63 3829.6
564.659 49.93 10267.6
1062.08 5958.5 3824.65
6242.99 4294.95 606.018
3145.01 4322.13 2528.93
361.631 1778.05 8566.98
5705.64 881.665 4457.55
139.3 6401.81 4177.22
159.425 1696.07 8648.9
2509.98 2958.56 5244.87
1479.81 1017.11 7697.51
1552.22 6269.3 1907.2
611.664 8359.78 969.027
843.575 2947.74 6880.43
3501.09 4540.19 2731.99
2264.98 41.2252 8157.74
3728.45 3054.82 3905.2
3043.62 1236.34 6283.88
8037.34 1868.55 934.987
6117.75 2731.75 2112.73
3817.31 5379.6 1136.95
336.779 4618.2 5749.79
3102.94 1172.56 7212.43
1158.53 7585.5 2305.35
2839.19 5966.32 1743.5
4339.14 4814.14 1706.98
1168.26 8287.14 1262.91
4790.28 2155.36 3729.16
5576.64 3247.05 1956.68
3456.05 2099.86 4375.02
5142.83 4012.68 853.955
80.7173 527.199 10190.6
7298.81 3774.7 417.169
1648.1 6229.89 2915.44
409.753 4782.38 4835.08
2410.7 1024.45 6993.04
3653.34 6191.17 350.538
1119.92 4880.45 4666.03
8291.98 568.793 1387.53
761.561 6566.18 3409.5
1827.52 4569.12 4237.75
1006.93 2622.58 6798.78
1831.57 5928.7 2139.48
4992.66 2741.34 2565.65
405.957 2797.86 6956.81
4384.3 2430.13 3409.82
2332.43 2373.04 5790.54
4329.96 698.775 5628.55
482.09 188.458 10374.3
5544.98 3861.75 1868.56
3830.49 2939.65 4677.5
8358.59 1098.27 1180.27
5629.89 1351.14 3566.12
223.12 3830.57 6512.81
657.561 2085.21 8575.52
5245.39 1623.54 4222.42
4394.36 3395.38 2219.11
2786.03 5723.92 2184.4
129.726 10207.7 275.947
1162.61 8006.69 1319.79
6634.04 286.032 3576.53
1381.19 3153.29 5854.73
7689.28 669.509 2469.33
2686.67 1381.21 5445.93
3598.53 1097.54 5630.96
868.544 7193.7 3579.37
660.336 3106.25 6301.46
6186.61 5092.32 421.964
770.906 863.539 8730.26
4253.89 185.305 6350.12
1692.62 4078.54 5180.44
3832.68 2736.98 3739.61
554.244 6328.21 3154.76
3661.15 4115.04 2867.89
413.93 517.786 10295.6
5222.45 1776.4 3669.45
710.633 153.345 9017.48
2068.18 2929.06 5469.62
1323.12 1549.26 7679.77
532.935 7899.27 1497.4
4379.89 4099.57 1761.51
46.8822 1425.66 10071.5
3447.03 7293.46 524.36
140.497 247.149 10088.2
336.625 8765.2 924.646
2679.14 3311.59 5405.92
3855.09 2047.02 5472.82
1177.96 6041.26 3664.75
622.591 2092.75 8630.41
4852.68 4040.03 1791.36
127.887 651.623 9826.49
3721.83 4782.39 2317.66
670.464 9754.7 484.241
1892.73 2975.14 5546.88
271.253 552.216 8915.21
6636.95 1680.26 2241.06
2969.99 3601.06 3611.14
2817.08 4860.49 3105.41
487.801 148.147 9893.27
1623.96 3746.17 5507.51
237.51 3727.41 6518.5
4650.55 3858.66 2865.36
582.013 621.002 8885.05
2722.01 3758.81 4122.28
7243.51 1223.98 2435.7
3442.51 5435.19 1763.54
4148.34 4937.32 836.189
3521.3 5158.29 3049.68
1269.82 38.2419 9307.94
4306.94 6239.41 536.878
798.916 5833.47 4084.44
4604.99 2136.28 4650.66
943.299 9717.76 123.514
120.917 7224.17 3789.98
363.703 96.3829 10100
306.696 449.305 9937.09
5953.19 6116.94 35.1886
571.619 732.151 9234.83
355.561 2361.9 8589.48
577.408 2168.77 7621.59
5825.21 587.314 4277.07
1272.37 5966.9 3424.92
3131.54 5792.34 1068.48
214.772 2056.56 7793.53
2070.87 5590.52 3783.11
1055.96 3049.82 6030.22
2912.59 3874.89 4937.97
5015.65 4208.1 873.082
638.698 2002.31 8210.96
2176.64 3735.15 4940.42
1092.79 1143.27 8647.2
2960.6 1767.3 5959.8
112.867 2986.73 7565.72
1534.32 6297.1 3105.95
763.528 8721.38 1199.71
5436.51 2509.86 3720.02
6058.25 1624.37 2311.28
414.893 2010.05 8801.84
5628.96 2408.04 2115.32
1741.72 8245.57 565.703
7399.77 2996.67 815.749
6161.06 3926.5 360.702
7235.74 734.483 2651.69
1316.68 5644.4 3583.78
2945.96 3116.92 4580.6
553.979 3550.78 5923.77
1579.92 8035.56 1115.86
756.138 5251.7 3515.64
478.59 2802.4 7098.73
2324.62 1431.3 6406.38
394.039 671.619 9743.35
3993.65 357.957 7072
2086.42 6927.7 2035.12
1642.23 1719.65 7731
4363.41 474.062 5034.67
6874.81 3758.19 998.229
163.201 2356.45 8257.15
2956.88 5108.55 2571.29
1485.99 2760.7 4940.57
7321.25 1186.27 2201.67
7018.99 1185.72 2692.27
7859.41 2976.37 36.3295
702.563 10376.5 430.207
3719.79 1195.79 6259.04
