11 0.335146
36.6819 5.31432 10.712 12.0361 2.5221 6.5334 2.11773 0.686591
0.0232334 0.0199984 0.00811031 0.00100458 1.09232 3.35199 27.8041 29.1062
0.0122768 0.016424 0.0311687 0.00436755 0.00484374 0.00641899 0.0197065 39.431
0.0104798 0.0122992 0.00520951 0.0395307 0.00553049 0.00778174 0.00320847 40.3542
3.66845 32.1908 19.4518 7.06798 10.2679 4.97438 3.79409 0.00280696
0.28374 0.909533 0.224845 0.418217 0.375259 40.843 1.19798 2.46125
0.000135413 2.90172e-05 0.00060244 0.0039533 0.00280117 0.0432539 0.00213352 39.8023
1.79273 1.46061 1.99839 2.526 39.8883 7.77074 1.5064 1.56249
1.67745 1.84252 0.939626 39.3328 8.21611 5.91654 2.28383 3.65592
1.69706 0.897447 38.5938 12.2018 3.7913 2.7973 4.02535 3.79342
0.000515416 0.000109942 0.00204742 0.0107316 0.000384919 0.0967003 0.00577437 39.2288
4.19161 36.8067 1.55661 6.18121 4.8 6.91905 10.6477 6.32975
0.000117603 2.52281e-05 0.00046617 0.00297707 0.00376088 0.0425906 0.00255553 39.2156
0.00019435 0.000629828 6.90708e-05 0.0034826 0.122819 3.68118 29.0836 28.359
0.0387286 0.00789871 0.125869 0.0494151 0.793191 0.859462 40.6959 0.781723
7.7594 33.3084 6.32767 10.0191 12.2344 5.12534 11.1037 3.18334
3.06594 5.39406 36.075 11.7906 2.4717 6.55239 3.76062 5.98493
2.79202 35.1095 3.70821 2.98389 13.659 5.54349 3.15772 4.06083
3.14085 18.2562 1.78107 34.0661 4.18147 7.06481 3.06031 1.60205
8.34013 17.4737 5.43189 17.2026 18.0493 6.06154 5.6225 23.1934
11.7181 9.83115 3.37091 32.7762 5.9448 12.6077 11.3807 0.699864
35.3127 4.60998 10.0795 11.5539 2.43065 6.27775 9.29326 0.67594
1.28155 5.91342 8.03546 25.2376 8.63932 5.64728 17.7501 21.7469
3.7477 7.5014 5.18282 3.9146 30.229 15.1613 11.5748 13.0843
33.9687 4.92441 11.9676 10.5679 2.2857 10.4747 10.904 1.19005
9.70064 10.3788 15.31 11.6679 1.46713 11.6864 19.8571 20.9483
3.20374 3.24408 21.869 6.77264 25.5389 19.2081 4.34172 4.33594
0.681495 1.98004 1.11094 22.4536 5.34327 23.607 18.4374 14.4252
8.38058 9.33299 16.9103 9.63631 2.20567 2.03371 6.3694 31.4041
1.67607 1.42609 1.13309 21.3775 30.7967 5.92108 12.0781 3.47424
9.49739 20.1827 7.37442 12.6907 7.74953 4.41045 13.0185 25.7694
1.86664 4.25566 0.424163 5.0233 1.44519 34.6748 3.98988 19.2141
0.00393197 0.00864254 0.155046 0.938523 0.1 0.245628 0.236054 38.7599
1.36298 5.89451 0.682671 4.5521 0.480673 0.480761 35.5349 12.7082
1.71461 5.43511 37.5713 0.977454 4.69548 9.89565 3.41851 1.70623
3.14401 3.44673 2.2006 38.0919 5.64855 5.96864 1.98848 4.93687
32.3716 8.82447 13.1089 3.38659 2.57359 4.04449 3.13391 18.0613
4.5355 11.4485 0.483661 1.8203 2.15905 4.42339 24.6932 30.2025
4.12253 10.6808 11.6406 7.97439 8.7463 8.79914 34.2136 6.89767
0.239147 0.318955 0.627897 11.422 1.86008 1.96173 37.56 8.12784
2.25167 0.461968 1.98651 2.51105 39.5736 4.45528 1.23316 5.66594
30.1606 4.52633 9.10205 3.83228 2.79232 2.30238 9.14697 22.0777
6.77011 12.4827 4.11899 4.38408 1.34588 4.10743 36.4836 1.84467
14.7696 3.029 13.0298 16.4701 28.6879 4.32266 10.5123 5.69691
2.46102 1.78201 5.00821 37.1715 4.85231 13.1781 4.63785 4.98995
24.5536 1.2481 6.69238 14.881 9.54454 12.2006 20.7244 7.36021
0.804864 1.65458 3.94323 14.1133 11.8011 29.0592 6.66745 18.6196
10.3899 15.1726 2.63223 18.2332 6.85296 15.4077 23.1493 3.81567
30.766 9.17701 10.5367 4.65242 9.3044 2.60318 7.17904 20.1234
31.6208 10.6129 11.0213 14.9954 11.0746 5.13524 2.66497 7.43923
18.0439 0.915395 4.9167 17.5615 5.29118 10.3099 28.5809 1.07386
5.09521 17.7254 25.3217 4.28818 0.69781 15.9972 18.0743 10.034
17.167 0.64574 13.2637 26.4122 9.72553 8.64541 4.12471 16.1761
11.9765 8.86273 7.4638 0.383188 4.80743 6.15926 2.55122 36.7418
6.88035 5.85501 4.65475 7.92722 16.1973 3.35479 6.57538 31.9053
4.85439 5.35755 10.5034 19.2455 1.27745 4.18711 33.2273 3.9982
4.13721 7.27946 30.1156 22.7176 2.02717 6.96846 3.78642 5.98904
19.1711 5.37428 27.1641 7.34982 14.6221 5.32797 5.95518 13.4364
4.16822 7.33483 30.717 23.1499 1.654 7.0935 3.79022 0.0533465
0.143289 3.1515 0.28596 0.227864 38.4758 2.69083 3.28813 4.14939
6.30846 0.249719 35.4063 16.6703 2.1289 10.1818 3.39899 1.80876
13.4307 5.2042 14.6309 27.0389 10.7192 5.94199 15.4728 9.82262
14.1617 10.2583 23.4086 14.3733 17.2896 1.30059 14.7708 9.12659
13.1744 13.5167 27.4671 4.87824 3.88428 9.2975 1.48666 19.9398
6.23031 14.666 7.34318 1.19339 0.718799 10.07 32.5141 13.5508
0.0665087 0.0139833 0.119516 6.53398 7.24031 19.1345 2.5921 33.6191
2.35165 1.70287 5.00424 36.6995 0.943646 14.668 5.20071 4.97261
4.69896 5.11175 4.08528 8.47121 2.88963 4.06646 15.1524 34.4955
5.31638 3.94655 7.17752 35.7424 4.88474 13.5329 3.0996 9.52925
2.74983 5.54907 4.075 2.91887 22.8807 6.41923 26.7264 16.8161
12.3062 14.3739 23.4864 12.9846 1.36135 18.275 2.03333 14.0948
3.93779 10.749 2.15361 8.86251 14.1831 14.2003 25.6647 17.2676
0.996788 2.92582 2.63295 17.949 18.5813 3.45829 30.3602 7.54803
17.5677 19.0548 8.56631 27.392 3.9314 6.13293 5.14534 8.49357
27.4704 22.2595 4.5828 12.128 8.24347 5.36252 4.2089 10.4116
17.2962 30.4254 9.37647 10.9264 3.98741 7.18881 3.73231 5.89916
7.15563 27.8107 6.43183 8.24825 22.4152 7.85496 11.1599 2.09436
1.43089 30.0813 24.7216 5.5954 5.42325 2.51285 8.29811 0.297638
24.4035 9.92161 10.5009 15.2348 16.3403 6.21895 12.9216 9.38224
25.9338 1.31451 7.06568 15.7152 6.2605 12.5022 21.2389 1.0764
2.4501 3.36158 4.21781 19.0666 20.3731 22.6175 16.5005 7.66562
6.54847 6.71862 5.72289 31.275 3.30317 11.2363 16.7551 10.3583
1.28166 18.5736 33.6242 9.62381 3.26042 5.48446 6.28813 4.61943
10.2444 25.7637 24.14 15.5107 8.10505 1.04428 3.84224 0.00285071
11.8361 14.9434 6.03254 0.479475 24.4408 11.0137 18.6263 8.20989
13.7415 16.0498 26.224 15.4108 3.47713 2.93343 2.02304 13.986
8.66099 9.64005 17.5031 9.96625 7.01544 2.17272 2.53229 30.9088
0.661727 0.594315 1.206 1.96927 7.21635 9.37756 4.83755 37.4912
13.3492 11.4023 9.04022 7.29997 29.3289 9.55006 11.6953 7.53084
9.03129 24.5718 2.33269 19.6145 10.5405 15.0342 11.6112 11.0842
4.74757 5.16467 4.06114 8.71637 2.94159 4.10701 15.0579 34.6187
3.10938 4.6896 0.713808 2.91771 32.7139 10.8682 17.3685 8.80937
19.386 3.33924 15.6601 3.60476 7.27148 25.2117 7.39702 17.7575
34.5997 2.37958 9.32314 8.95975 3.44528 9.27341 11.966 3.0758
5.23365 4.11644 4.0538 11.9827 34.7904 8.44764 6.80044 8.75616
2.69101 31.244 19.3284 6.19919 4.77383 6.79909 10.6736 6.34993
16.5388 20.5128 10.4988 15.5765 3.93008 18.1915 12.6467 9.55278
6.08123 16.3129 1.61003 8.54153 9.36886 9.4264 31.3547 11.0586
8.91336 9.92073 18.0117 10.2581 2.31806 2.15891 2.51558 30.6617
5.09105 4.53375 0.557558 20.9788 21.7994 3.76484 24.3822 4.03902
2.6922 5.82683 12.0318 6.03498 3.00061 17.248 1.57088 32.1391
26.8637 22.4952 4.54056 12.018 8.17751 7.66272 4.21255 10.5043
11.238 19.4586 13.9705 6.4579 1.44266 17.801 7.49456 21.2642
3.78999 9.99964 0.954192 9.89761 11.8 1.07309 4.49568 35.5184
0.594939 0.511488 0.255059 1.08191 0.032418 0.286274 34.8769 19.019
17.7765 0.610209 7.79081 29.9013 8.85517 16.8254 3.57987 3.43706
10.0288 12.7972 5.11856 1.99155 13.6839 32.9562 2.89026 4.39232
24.9506 19.7852 9.99511 4.9392 15.0935 12.8553 8.46483 3.15169
9.08091 27.4819 14.1856 3.51808 1.73548 21.1906 8.9255 2.79971
4.44025 12.9429 13.4562 9.29868 10.3352 31.9082 4.29145 8.32257
0.688276 4.01923 0.402336 2.10788 23.6319 24.7379 17.0156 11.1411
3.71108 32.262 20.0126 6.35571 3.72533 9.829 3.2187 6.36755
4.45665 3.8325 8.58822 30.479 22.4901 6.6169 1.58484 3.49967
4.61994 3.8495 2.20201 14.6092 17.0641 28.2971 7.02615 15.7678
12.9173 12.2611 24.3071 8.85499 12.9578 17.6674 3.86112 13.5312
2.14751 0.702908 1.50781 3.29327 2.43947 35.2141 10.2967 15.0257
2.87633 2.07365 5.09803 18.4694 13.6064 30.0358 1.0869 11.9984
26.2207 6.33919 21.237 0.869692 4.11444 19.4978 8.56613 5.23163
15.2992 10.9587 2.64613 22.0696 2.59256 7.75477 25.0461 3.07424
3.86221 2.54029 4.7755 16.9497 12.7146 6.89024 27.1523 17.1934
3.22667 3.51529 3.20666 3.59713 4.04577 38.777 2.59604 1.91749
1.29998 1.3184 3.45708 0.791614 36.7663 11.5572 8.49072 5.71899
1.19747 1.30191 24.8419 8.99979 29.6711 2.62162 1.60745 3.63971
2.9123 2.76437 5.47987 1.05894 1.96272 37.9146 11.1161 4.98154
0.29829 0.283139 0.561277 6.87337 2.85126 39.6343 3.75471 0.603568
9.20922 27.8815 14.3882 2.05138 1.74741 21.3934 9.01042 2.82812
17.8934 14.565 0.921111 3.41468 10.4381 8.94923 6.19952 29.8779
33.1491 6.06737 10.4367 4.18714 10.0456 6.39768 16.8774 1.7634
0.59104 1.12765 2.4979 21.4073 26.0141 18.7395 4.48793 5.28239
1.43935 13.8104 25.0723 7.12088 11.9748 5.7106 4.94189 23.7043
8.56031 11.1183 27.8091 12.0733 6.58134 9.19035 19.8335 0.538767
21.5129 29.3371 12.2512 8.3843 3.05724 6.45966 3.25178 4.73581
1.64585 4.77453 1.59723 7.54376 24.2476 3.45596 29.2017 9.00918
15.9944 11.5858 21.2104 14.5277 17.3441 1.29733 14.7775 9.43686
21.8769 2.05747 22.5042 16.085 9.69149 1.17745 15.3203 4.0745
8.9448 18.3157 1.71142 28.063 13.1959 11.7955 4.35872 4.12543
25.5499 5.47624 10.4142 15.1097 3.88284 17.953 12.9905 9.46694
6.41232 0.937775 1.68117 1.46321 25.3872 27.1512 0.774293 10.944
18.7451 4.3782 16.7599 26.0982 7.41368 0.953483 17.1496 0.282788
3.26318 14.3118 5.35235 3.45824 0.437809 33.2793 3.9896 16.6153
6.30598 15.2408 3.58026 18.6936 14.2818 16.6159 22.3066 2.3879
0.316053 1.90718 25.812 7.79288 23.8207 15.2609 9.03848 3.10333
4.27265 9.24865 19.0989 9.57822 4.0048 30.8916 2.66846 6.59112
20.6545 28.2215 14.969 8.30863 6.41877 6.46822 2.59158 4.73642
13.8619 2.9029 26.4889 3.57439 4.55902 22.1217 8.38868 11.6135
1.04339 1.50268 3.91932 14.0198 11.7245 27.6441 9.76746 18.3448
1.2592 1.27507 23.61 7.17476 24.814 19.4492 3.97811 4.38627
9.76841 22.9594 11.0804 5.89501 1.10146 13.7352 23.8052 6.59909
23.0232 7.94535 14.4859 13.1155 13.9287 3.04443 15.4444 15.3434
0.689577 0.699868 0.605569 34.9267 5.03479 16.3993 8.55881 5.46095
28.7604 5.26844 9.05892 3.63803 8.72045 5.55622 14.6485 19.695
16.6183 5.64853 10.3058 19.7559 8.8726 14.4699 23.0016 6.35268
0.724304 0.571056 0.327007 0.730718 23.0536 29.4449 11.7135 9.34203
4.95365 11.547 24.5077 9.36645 6.36361 4.69297 3.09495 27.2605
18.6003 23.4872 9.29328 1.03068 8.80175 10.7704 19.1097 8.42575
3.37267 19.7337 1.96791 10.3442 2.23773 26.6542 17.2593 12.2102
2.32008 9.29546 18.4388 8.728 13.3313 12.3523 13.3268 24.8084
0.666174 0.206055 0.417015 0.959418 35.3254 7.24824 0.711834 17.6048
11.2885 33.0335 9.2461 0.827066 3.31433 14.7319 4.1701 6.24053
7.56993 6.43575 29.9246 3.56863 13.3963 5.46682 1.8051 20.2527
26.4842 22.1501 13.1236 10.1163 2.74421 5.63981 12.7692 3.54823
5.16216 5.66936 0.67646 7.09594 8.45977 0.768847 13.9116 35.5876
1.63204 5.67683 8.81678 29.6426 1.78927 15.9525 18.024 10.0056
14.328 2.65387 2.71673 14.3208 21.0409 7.86962 25.2407 3.90227
29.7259 1.97886 10.0506 7.5348 0.995386 6.89709 13.5666 17.0958
29.5379 11.0512 18.9716 13.3047 5.88422 7.12779 7.03935 0.991544
22.2002 6.52432 8.43058 3.3915 6.78187 24.2536 7.16698 20.087
5.82066 5.01094 0.862476 2.63544 1.23865 0.516506 38.6142 3.95624
28.0503 7.76754 17.8014 3.71176 1.05826 18.7812 1.67645 5.28321
9.9411 10.8137 8.83878 19.4748 7.06163 23.1028 10.1406 14.8532
4.97002 11.3035 6.17391 7.45736 4.55344 2.59139 7.64977 36.0229
5.27531 0.781403 0.77262 0.913383 0.288726 0.976691 39.6673 6.09857
3.63219 3.09259 2.45715 4.51721 19.1933 5.77984 6.76271 32.3565
10.1379 6.70611 16.457 4.6887 20.0101 4.57739 14.9787 22.8396
12.377 11.7676 29.1213 20.6313 8.03158 3.60636 4.37235 2.10062
9.99446 9.00761 17.2706 28.9309 1.0329 12.2505 6.01886 7.95751
30.5406 21.7741 2.55668 6.39999 1.48598 9.84079 3.90247 5.24548
21.2776 3.64428 13.4652 3.69865 7.23767 25.4871 1.16591 17.6029
1.26509 3.16887 2.1818 5.55129 0.39274 34.0201 4.59808 18.9938
4.1138 4.90594 20.2398 11.7394 7.75467 14.6905 4.23451 26.6614
0.276398 0.0581006 1.4116 20.0119 22.4646 23.1496 4.58311 11.9452
15.7978 9.44256 33.2351 9.51693 3.2282 5.42635 6.89211 4.98069
0.0916439 0.0192758 0.467746 6.04937 6.72253 19.3424 2.57973 33.4323
0.966007 0.510515 32.6889 10.2877 3.1875 6.02764 19.6625 0.849422
20.1493 20.6727 8.86477 4.42454 3.52419 8.51075 2.32697 24.2152
10.6108 15.5251 5.27868 16.7089 17.533 5.28301 8.56879 22.9053
9.33055 12.7061 29.5709 7.14407 7.05115 11.9911 14.3669 1.13549
6.46406 16.2527 31.6152 15.2463 7.96876 1.02984 2.73105 6.9733
9.94587 16.539 28.3215 10.0145 10.628 10.442 10.756 1.20635
12.5214 21.6795 7.88536 6.40795 1.43329 17.6599 7.43699 21.3741
2.95724 6.67965 13.6995 6.86628 2.80999 35.9654 2.70457 7.02518
3.70976 4.94768 9.73975 0.696737 1.47544 1.97167 37.7354 6.49927
23.9691 3.59916 20.7876 11.7709 13.7787 15.2517 3.33945 1.98369
20.4135 25.9667 10.4191 4.07522 4.4875 12.2478 14.6939 1.21959
8.14068 16.3893 5.8842 29.3756 5.08177 16.9774 2.6276 7.29606
15.3811 13.0765 4.4499 22.4756 8.83672 5.04469 1.91543 24.4062
22.5997 28.8382 11.5346 4.48804 4.97823 6.60016 2.88675 4.76037
10.7905 4.20366 11.7711 8.06459 8.84515 8.84436 34.5684 4.42077
2.83055 36.412 12.6808 4.83595 5.90379 5.80149 2.12395 7.38399
13.7933 18.7483 26.1549 6.19014 5.864 14.305 10.335 1.46291
29.0561 10.8717 18.6629 13.3701 7.59926 7.08605 7.87541 0.542431
8.83796 18.0933 1.68861 27.721 13.156 11.6702 4.96805 4.08845
9.87398 10.8433 1.29564 13.3551 16.8472 1.49168 26.931 14.597
0.539403 0.359493 2.84079 0.0573655 14.9575 4.30964 8.34565 36.2568
14.9928 19.9927 8.06368 3.07275 3.54881 4.22289 13.4306 25.5576
9.05501 10.6176 25.0663 3.1221 6.22444 25.9441 8.73219 2.56716
6.23323 0.247334 34.9651 16.4746 2.78683 9.31239 4.17939 5.35163
5.63298 17.1828 12.4658 2.20928 11.3341 3.3173 27.4151 17.057
13.0215 13.9317 9.52021 9.4004 2.45486 11.4135 20.3462 20.8298
1.91662 7.00751 0.81755 2.49422 0.445868 0.48585 36.1397 12.9238
0.312218 1.18285 0.316029 0.551913 0.486244 40.4142 1.19447 1.55
1.84826 1.31062 4.95961 16.0743 11.8525 26.1644 9.85129 20.0759
6.01252 17.9173 14.7882 3.44296 12.038 24.1627 7.35266 17.6427
35.0646 9.64439 13.7124 10.6442 2.88662 5.93359 2.28777 3.66772
15.1069 5.34701 34.5784 12.0413 3.74906 2.76905 3.98007 3.7418
9.97175 23.4467 11.3107 5.17498 1.11014 13.9259 24.1572 6.69713
0.642386 3.75561 0.375105 1.96905 22.1015 26.4028 17.0999 12.2022
9.08079 35.3304 10.8761 4.56935 1.34573 1.11542 10.7344 9.73939
16.8639 17.6352 1.84289 4.95958 5.9777 1.10339 26.2565 12.8983
1.869 0.399816 38.2795 12.1077 3.76773 1.63712 3.77023 3.75508
9.80099 23.6928 5.56269 5.71409 11.3936 16.7377 22.4702 2.40555
1.12892 1.95451 1.40468 0.835501 0.147988 1.8215 32.9851 21.1598
0.929089 5.43153 3.55802 3.3735 37.8639 1.65225 2.05851 12.1961
13.1499 14.069 9.11715 9.3973 2.45418 11.4098 20.3394 20.8228
22.3379 21.2385 8.19548 19.4961 7.59396 3.42013 3.60584 11.1957
5.82575 3.75447 2.52721 1.62852 2.18855 36.8515 11.035 4.60923
15.2908 5.81693 3.77252 20.3539 15.2576 5.5185 2.76215 25.0656
5.50237 5.34144 0.862126 2.63214 0.904178 0.514144 38.3337 3.92759
12.321 3.45533 17.4573 23.9978 18.3209 5.29075 5.91308 13.3307
1.35023 3.54887 5.57239 9.06984 3.36348 3.29986 3.40345 38.2834
11.2051 26.3699 13.2066 2.15128 9.25584 18.8545 0.945424 13.3946
3.86157 2.96183 6.32155 5.72676 9.36211 30.604 17.0776 14.737
4.00707 2.63534 5.05336 20.5345 15.1423 21.605 9.39044 18.5354
4.2037 25.6357 7.4458 6.23698 14.5393 9.48033 21.8646 6.58589
13.4815 17.0207 6.87112 0.546107 27.6673 12.4985 5.02852 8.19814
0.506121 1.54418 1.1202 0.198363 1.01843 37.2298 1.16649 17.1439
20.7861 1.43059 14.1534 6.28503 2.18651 6.50005 29.6885 3.06749
3.81616 10.4192 6.44798 9.76376 15.6257 15.6438 28.2749 6.69739
8.44191 12.33 2.07666 14.7756 9.40436 12.3918 28.984 5.96736
11.6352 24.0389 10.138 11.3916 7.2074 14.9011 14.4926 14.1027
2.88133 11.5521 22.8795 2.33831 5.70087 12.4698 13.4844 25.1077
7.71783 1.65318 6.87206 39.1957 5.35292 1.24518 2.13062 0.282623
10.9867 12.2133 5.99235 3.36349 0.49062 27.0275 3.50351 23.6209
11.4766 27.1616 13.3682 2.03714 19.0212 13.2007 3.49733 6.59365
32.7634 2.17256 11.0714 8.23327 1.08684 9.35502 15.3657 4.62994
34.3858 11.6908 10.4427 4.72156 10.9668 6.39775 2.66722 7.4509
1.74397 5.43653 37.6564 0.976513 4.70327 9.91549 3.92102 2.37066
14.4582 12.1065 32.1513 3.73805 8.19264 7.9183 11.6614 2.12062
23.7129 19.2115 18.5391 4.45543 16.1025 5.25001 5.32406 6.88998
32.0493 5.86645 10.0907 4.6544 9.51463 6.51591 16.0442 10.6759
7.45308 8.18543 0.975969 6.36133 10.2427 0.935578 10.4029 35.7148
5.52665 7.58211 18.7534 9.14645 23.3442 15.2983 16.3596 7.59935
6.57978 28.2657 5.36416 8.50347 10.377 21.6774 11.227 3.25431
4.74486 12.7294 10.6628 8.04966 9.17324 9.22934 31.8677 11.0928
6.80849 20.5113 10.589 1.50795 1.28419 15.7448 6.62973 27.6085
6.18978 8.36285 12.4502 24.1464 5.57663 0.856816 3.23973 28.2842
17.7953 20.9794 9.09452 24.6036 6.07072 5.66263 2.05621 10.9447
13.4978 14.4416 9.35542 9.69902 1.64769 11.6899 20.2866 21.1169
0.885593 1.18192 0.0760311 0.691083 38.4399 10.7039 3.94977 2.42932
0.252691 1.29936 5.7972 1.89081 31.9986 9.13764 17.846 11.7334
12.7219 10.0497 6.4853 13.5148 7.31482 29.6689 11.7994 9.1192
6.71945 6.48751 2.54403 5.65465 31.4786 13.1507 14.6933 7.27682
6.64574 0.917856 1.72113 0.784172 24.6621 28.4481 0.897502 12.4499
7.30957 6.24352 4.9501 3.99718 16.8131 7.07468 6.75767 32.8274
4.00237 3.15564 1.8073 4.03808 35.3671 9.52934 11.6631 9.29952
18.3295 30.3817 10.2057 11.551 11.1438 3.0949 2.68781 3.67186
7.46887 31.6943 20.066 6.37137 3.60711 9.85103 3.23029 6.38268
18.0251 0.961289 15.6005 2.62532 26.6334 12.1511 12.0693 5.62297
3.09257 3.53673 6.76191 13.0865 14.5749 3.88087 22.7654 25.7744
17.2569 29.7235 3.67772 15.5126 11.0169 6.58608 3.97437 4.2317
5.10025 30.3191 9.17234 3.85879 2.81018 2.31616 9.21673 22.2542
9.93086 31.8328 8.11242 14.6616 10.7515 12.616 1.28079 2.45997
6.68075 0.97677 1.7513 1.52419 26.4527 28.2906 0.804978 2.11089
3.49701 36.0844 1.51846 10.8166 4.8304 6.96243 10.7209 6.37544
0.931033 2.85548 2.17013 1.64768 27.4869 1.91556 29.437 3.62463
2.10103 0.440253 2.06989 0.355277 28.3696 20.6315 15.5241 11.1161
14.1897 2.0229 11.4455 8.54815 5.527 9.99605 32.0965 11.1722
2.13962 4.87928 0.485336 5.75918 1.65566 39.7838 4.57047 1.48644
8.60853 26.0461 12.8871 23.6305 5.68354 7.41281 2.79676 0.431944
23.7737 24.1285 20.8775 1.48974 3.876 2.19367 2.38913 2.62785
0.390077 0.332103 0.256419 0.482229 20.776 5.87508 6.87461 32.9137
14.9517 29.8998 3.17862 7.37577 5.67981 11.9477 14.1798 1.12979
7.60338 8.2556 16.1119 19.4274 1.6901 14.9362 23.4697 3.86865
3.27004 28.6872 24.9851 5.95314 8.27806 0.833032 3.80183 6.32327
9.23105 5.38059 14.8478 16.8672 25.9883 5.6693 18.3059 0.918534
8.22771 15.4033 3.12013 2.73053 20.4678 7.90752 10.5558 26.92
23.2769 22.1313 8.53905 20.3149 7.91185 3.56239 3.7559 2.20248
7.27636 2.84024 1.03614 2.68278 0.839509 0.50916 39.1478 4.01073
6.44264 17.8948 10.1486 4.30527 2.17724 24.5071 18.3792 14.379
4.57735 3.31912 2.00377 2.0404 36.0378 9.67588 11.8439 9.44958
0.510494 0.560741 0.285002 15.7354 34.0737 5.50905 2.12168 16.3351
28.2112 20.9713 16.0436 4.17646 6.65896 7.48134 7.04988 3.60072
21.3472 6.18782 8.19995 10.6648 26.8801 9.20986 8.75166 5.1844
0.907291 0.184149 0.252072 0.270028 34.3305 10.8453 0.712759 17.4509
1.55456 5.1951 34.0573 0.888116 4.65102 8.9941 3.1185 16.501
20.0318 21.5538 10.0173 6.82267 2.52512 21.8853 10.8756 1.06338
13.4474 4.94429 1.99106 14.167 9.08563 13.7325 28.8395 7.1795
23.5336 5.68171 11.7211 14.0408 2.28306 1.03465 12.2328 23.4749
8.22575 8.60198 21.154 5.55697 5.58673 3.78128 8.01789 28.0249
19.7682 26.8308 20.5393 1.02077 4.3915 7.35083 1.81495 5.16822
