1 0.0199981
235.771 151.824 1448.46 1000.82 3782.46
1744.1 917.147 1622.91 2622.94 1817.22
2435.17 1226.45 1292.56 3151.65 2004.65
2092.56 726.511 511.706 1229.03 3612.82
41.6957 396.843 1776.47 3334.27 2572.8
4.20696 0.757563 50.0927 5105.88 995.565
104.014 27.7179 180.88 4388.26 2543.38
1089 456.554 4227.03 3217.18 97.4372
285.697 127.536 2257.56 628.64 3442.08
137.556 161.158 2215.9 3972.17 897.426
75.7571 324.839 1501.21 3120.08 1665.08
53.2664 3359.18 475.508 1415.97 2777.29
1708.34 544.715 1269.11 1284.1 3155.12
29.9419 64.3731 2826.92 3171.94 1686.6
1016.27 1203.83 457.518 3162.99 2451.6
2233.76 846.273 753.357 2496.25 3146.97
3836.52 1333.88 95.2507 1584.27 3115.68
594.226 531.744 465.842 3104.65 2806.66
2402.03 3471.03 1376.87 564.842 2134.54
3.2579 1.3787 40.8451 2403.06 4665.41
39.9562 54.9714 42.5686 4541.19 541.317
257.282 34.5113 1166.52 4652.16 2382.21
3.32926 17.8436 11.3982 134.891 4503.06
3202.51 728.14 1583.64 1710.91 2990.01
88.6285 718.803 2054.56 2671.08 2505.74
1570.85 874.679 311.019 3399.21 1651.18
108.809 159.843 384.554 4609.96 140.862
4385.19 27.1899 1533.82 172.344 401.238
2037.42 1496.7 3089 51.2693 3683.97
2515.77 2757.26 904.678 312.014 3627.17
238.584 728.693 2860.78 394.026 3857.02
756.762 1218.27 745.205 3205.85 2335.38
1188.34 1739.94 2671.04 4231.64 332.797
247.188 425.987 3194.13 4033.31 186.466
26.6499 3.09678 18.1014 11.2672 3900.39
150.681 97.4485 3978.56 282.749 1634.94
2463.79 341.728 2778.72 302.128 97.6647
3.93714 4.71255 21.8567 2617.82 4530.62
1710.47 1877.91 1828.85 307.535 3528.43
700.438 650.515 1528.13 2942.56 2904.16
22.9798 1.85175 13.1563 2583.64 4007.71
19.6082 302.596 421.983 3942.28 2719.82
11.1821 13.6535 4150.41 2590.53 917.588
29.0185 388.772 2072.2 3832.11 2888.43
208.251 242.256 224.271 3449.91 2811.05
1562.68 146.62 830.227 3374.94 1986.2
280.129 1724.75 3956.89 575.694 2094.51
86.2741 1065.65 2829.69 1079.53 3175.92
2088.19 1471.47 595.169 3116.25 1646.19
168.777 206.96 4339.44 830.001 305.168
1635.17 996.679 1321.27 3369.47 1979.58
1738.42 158.426 386.083 3864.05 632.442
14.118 367.57 2936.42 2534.84 2262.59
24.294 1098.94 10.7956 2484.49 3345.42
847.987 1830.82 856.756 528.939 3251.26
137.546 3819.29 2152.74 841.974 1136.32
688.989 2407.59 227.971 3570.04 543.62
62.3814 2.17942 12.8744 77.1744 4025.54
1130.76 491.448 3854.42 1797.2 2142.69
197.138 173.475 2396.81 4250.58 713.016
7.25097 24.1009 46.1763 7.74575 5329.49
4165.44 530.678 2345.45 123.307 603.503
22.4165 10.278 86.2638 610.834 4195.95
676.99 1595.17 2283.51 518.906 3418.05
2240.93 132.168 2050.88 979.505 3558.28
1755.55 1909.39 3161.09 2435.45 1970.48
690.935 1562.01 1446.71 4961.49 10.9545
451.732 1869.79 116.576 1513.74 2531.22
1951.18 1349.48 3016.6 1000.69 2145.69
3.3019 27.8878 3963.48 1127.27 2162.64
872.007 912.066 3807.39 559.173 1992.32
2608.89 2201.8 131.94 3528.1 1911.54
271.124 3098.41 512.877 1072.2 2315.58
163.127 558.695 2257.25 4346.03 624.554
346.404 221.1 1662.45 2559.49 2798.74
3.70424 2.04092 2.56253 120.332 4597.27
2303.22 511.505 2401.57 1826.66 1449.67
804.403 151.475 1615.26 3718.33 2953.35
2754.29 3225.07 1494.36 820.871 653.485
3668.65 74.6238 1764.64 3090.17 860.495
15.1903 0.264262 43.6196 120.241 4245.89
213.101 41.5453 241.867 4526 1930.95
63.7699 1125.42 4397.33 980.84 1539.04
1739.24 2581.86 565.31 3306.67 818.139
207.045 104.834 1226.43 4334.72 913.934
1150.61 399.976 1911.9 1758.92 3123.77
13.0834 11.5908 2.39312 580.945 4779.08
114.684 159.369 218.729 4093.03 1872.85
3495.65 144.4 678.152 1894.49 2888.07
30.1281 1387.31 1410.19 4276.05 699.875
3342.47 619.124 823.922 284.162 3303.39
277.088 944.575 35.1487 4751.84 58.4915
0.615715 219.058 1836.01 1595.93 3714.9
1093.53 583.581 2632.56 3019.78 1946.68
3445.3 765.139 907.91 2016.32 1540.89
1760.97 2061.97 3288.72 741.867 651.487
19.7237 100.981 172.891 4194.44 2152.18
638.539 138.996 2018.07 3527.39 2385.48
571.093 325.158 4179.95 296.5 150.356
3564.02 2051.58 1341.38 550.285 2079.53
429.716 614.726 4770.57 338.395 170.151
548.982 3380.08 2130.9 757.192 1969.07
99.3372 136.667 385.686 4444.39 532.742
3224.21 59.7242 1528.29 2708.35 2049.37
2545.61 1309.86 1377.15 3318.15 781.096
258.955 2815.48 25.3831 4014.24 663.865
32.693 112.451 4663.79 414.089 2725.64
539.578 1956.45 1329.73 2075.32 2331.91
3311.08 46.9152 318.629 3552.96 2112.74
556.898 2372.15 500.608 1243.99 3821.72
335.001 2509.21 3040.4 59.7689 2780.2
750.088 1694.87 1498.67 4893.59 13.2431
3061.14 760.66 1776.33 2982.34 176.85
1934.89 810.678 362.855 3048.19 2602.77
74.0944 3148.87 519.454 1522.07 1500.76
866.919 836.527 2108.62 2420.33 3051.26
1523.36 544.101 440.181 2736.78 2701.06
54.3553 48.708 6.70682 3719.81 3485.27
2987.31 2066.09 1395.48 1000.66 2173.6
2250.1 608.723 3089.03 410.565 3323.71
194.161 2975.38 1945.73 2906.23 110.488
1022.49 367.714 2515.64 2721.31 2372.95
2903.13 2450.13 146.82 3926.01 1328.84
11.0951 13.6809 4142.46 2585.56 915.83
104.935 154.152 370.864 4445.85 216.706
1152.59 36.8322 1029.72 3857.39 1767.37
247.188 425.987 3194.13 4033.31 186.466
30.1133 142.786 199.925 4061.43 2655.74
6.12744 7.77353 58.7098 5071.52 2507.38
182.925 32.9399 2020.97 4743.8 1082.73
1050.13 1412.92 3204.09 3511.37 71.771
1680.33 404.219 3143.23 3458.27 1013.72
593.956 895.778 2665.15 2351.2 2354.44
2423.39 1303.57 3584.89 3312.75 100.331
20.8864 123.278 509.095 3977.11 2743.85
59.8224 2706.06 37.2507 1281.21 3687.81
56.678 2972.04 1939.77 2215.41 1407.96
166.417 146.441 2023.29 3588.17 3080.76
3669.85 834.397 1814.74 1960.58 660.426
534.844 548.862 447.706 2983.78 2697.39
713.799 311.104 2752.62 2955.92 1990.52
3590.51 1803.69 1739.85 1972.77 2206.46
1350.06 22.0558 2532.37 2320.9 2721.61
5.27573 137.357 3135.57 2688.35 2393.65
63.9222 0.692171 13.1851 77.2769 4068.36
171.164 296.792 2735.02 2360.98 2137.25
230.665 227.578 225.74 3490.46 2851.84
1207.85 796.03 1147.59 2868.27 2892.71
663.351 3590.99 141.274 1877.34 2389.43
1471.66 2602.55 2869.58 2534.28 1404
388.321 2249.49 2925.8 969.605 2603.97
91.9296 150.448 3025.27 4251.26 544.086
1008.21 1379.06 291.736 3190.39 2107.75
59.2945 38.3471 4184.64 377.738 1720.78
67.7247 160.201 1789.41 2594.88 2882.25
214.808 73.0266 4242.42 2521.56 1391.88
4309.45 26.7202 1507.32 181.749 99.3236
208.74 860.784 1435.89 3795.84 1693.26
700.58 599.822 3841.8 1751.26 1391.97
259.232 11.9818 4195.75 1831.66 2449.58
3119.8 497.211 138.365 3991.15 199.48
10.3109 12.96 367.011 1586.48 3245.02
266.39 4.56693 5045.59 187.436 328.683
1079.53 689.033 1277.55 2703.65 2830.55
18.488 2939.91 681.713 1553.74 3329.05
1887.59 35.1723 463.249 4059.78 1617.57
970.698 1949.07 1151.71 2075.81 2095.38
14.1426 1.13963 18.2932 2253.34 3495.35
612.225 23.3202 2732.84 617.62 3813.67
18.805 14.7862 45.1375 7.52409 5176.97
195.009 761.966 3115.44 1424.24 3900.01
314.509 741.068 1060.85 2235.38 3052.95
94.024 36.6116 166.133 3994.14 2357.03
1124.3 299.606 1955.15 3634.23 2480.61
104.662 126.825 3451.13 2184.55 1652.07
2548.58 1810.16 754.078 3775.57 930.122
139.585 3814.4 530.689 1552.12 1056.96
52.3788 3428.66 1942.74 807.52 3038.9
740.325 2172.46 1896.49 3059.1 2119.39
2.24383 8.4186 31.0238 130.617 4601.06
2140.12 3226.94 2394.02 634.645 2261.23
288.625 911.67 3567.85 96.4868 2595.18
2499.53 305.439 2181.96 2551.78 2724.25
1102.79 1775.31 1085.94 2934.03 2447.38
65.3938 530.363 1515.94 3127.63 2556.41
618.491 4364.83 2032.91 226.164 1263.2
6.97886 14.5215 87.314 532.14 4295.46
75.5236 1596.14 2093.36 737.784 2807.55
968.474 1435.22 1898.74 1173.85 3068.31
1687.65 894.16 1573.18 2542.35 1836.83
3435.65 2980.17 609.182 613.687 209.194
401.603 234.69 2158.79 1663.25 2855.64
144.84 707.614 63.3045 2571.88 3317.78
2682.66 3584.05 1313.44 709.467 2250.61
274.611 624.974 1966.3 3744.83 844.414
1711.82 1849.68 3183.73 1556.66 2292.68
4.75586 29.3896 37.1203 4809.46 32.6722
29.4314 519.41 4893.69 1027.68 1666.01
2.35692 0.424419 28.064 2860.53 3265.05
514.695 1425.52 473.542 3444.02 1477.59
931.892 140.581 41.2768 4700.96 1203.27
753.79 5319.66 2477.63 275.639 637.891
135.115 74.4441 91.7306 4367.42 160.261
8.18478 25.0705 18.362 12.0728 3907.05
538.869 81.6725 1992.04 3635.1 529.458
69.1918 0.754236 85.1447 1836.66 3992.94
4499.18 1564.27 173.964 1858.64 2999.04
1750.32 1949.16 3192.67 1795.26 1690.67
1.42075 6.84306 8.50203 1326.52 4402.04
41.6957 396.843 1776.47 3334.27 2572.8
103.01 529.004 581.69 4170.45 954.717
2660.63 119.148 674.211 2423.96 1316.63
6.42487 6.2783 282.489 1695.53 4086.7
170.032 425.641 1276.21 3791.7 2100.47
197.975 691.8 2511.85 3709.59 564.87
135.371 1813.63 347.001 3364.9 2536.28
3.29174 27.802 3951.28 2397.02 2702.64
1906.87 3331.12 148.491 1097.3 2084.39
3979.51 51.0029 1913.92 3351.59 933.293
0.0389913 273.86 2291.32 1810.68 4461.21
714.463 1049.56 2525.06 4028.83 356.733
262.386 159.932 212.017 4313.28 1882.81
319.801 570.34 1107.91 3865.6 2401.09
0.183363 0.0181617 1.06392 9.43272 4836.49
60.1561 1061.64 4148.14 1529.28 1506.85
288.534 3297.36 545.81 671.838 2379.33
138.625 100.881 2772.29 2754.28 2381.35
363.456 813.708 3603.31 164.414 3169.02
76.4153 794.192 4931.36 443.4 2989.4
0.959129 0.0365341 6.55672 697.91 5291.33
51.0087 24.1579 2.30925 55.0474 5207.54
0.695092 247.299 2072.7 1804.81 4196.94
4197.82 798.792 2407 941.417 1270.53
7.60974 25.2934 48.2767 8.16777 5577.71
673.409 4752.39 2213.42 246.245 1375.36
174.281 7.47806 229.633 5632.35 2215.12
4.84597 29.9465 37.8237 4900.58 33.2913
594.372 3725.3 1795.85 1406.85 2822.86
4097.33 1424.56 101.726 1691.97 3332.12
3527.1 954.19 1488.25 405.195 3387.38
813.779 156.72 308.784 4672.94 849.128
3315.24 823.802 1923.78 3229.9 191.531
259.449 318.146 4396.02 842.888 309.906
2522.85 2129.19 3594.83 1440.41 1980.69
2870.14 3168.63 1090.18 2475.56 3147.05
2743.96 2989.12 3042.53 531.172 1591.91
1055.97 1420.79 3221.92 3530.91 1037.04
1924.64 1121.92 3982.48 446.127 2686.46
3057.47 2114.62 2088.44 1111.83 2384
1329.39 2017.65 300.229 4408.91 1145.71
1496.88 778.455 1338.49 3085.89 3169.66
1623.92 632.332 1653.11 4024.82 2563.54
1738.93 1247.13 2095.79 3544.79 1879.24
2016.39 3522.43 157.019 2470.47 2764.89
2418.46 1704.19 689.302 3455.23 1647.77
1890.37 2806.2 634.515 3597.8 890.171
3113.67 196.261 789.787 2826.32 1539.21
3513.48 986.831 1245.72 396.038 3310.82
800.827 3411.19 719.882 1788.88 1797.34
124.288 2593.46 2503.37 1917.32 2922.88
1815.43 457.04 2588.59 3941.53 984.249
259.021 303.856 4631.63 849.647 3828.86
2129.83 2129.52 1399.32 4116.93 1537.41
58.5167 3690.29 522.378 1588.22 3060.63
2676.98 2929.73 1350.78 2026 2720.77
385.042 862.034 3783.46 172.723 3329.18
1766.25 1921.03 3180.35 2450.29 1982.48
892.616 1915.04 897.174 682.444 3452.82
1219.42 660.961 2650 2489.08 2869.36
2852.18 395.597 3216.76 332.556 113.025
2004.52 2155.5 3718.44 1818.1 2677.74
2702.82 2727.12 4139.37 582.491 1334.56
411.855 162.395 4675.67 2171.04 1882.91
2517.42 2742.33 2791.33 728.563 1439.27
2450.8 2472.83 3753.4 793.51 1185.34
87.7455 1083.82 2877.95 1097.94 3230.08
283.793 967.43 35.9992 4866.82 59.9069
2576.3 1631.78 3087.32 953.231 3181.91
1516.76 24.7792 2802.42 2577.1 3022.04
2730.79 1034.6 2607.57 2609.37 2000.94
127.139 3300.43 2155.31 2461.57 1562.66
1026.7 1404.34 469.664 3426.64 2247.55
1214.59 2291.86 726.72 2230.64 3539.36
1115.73 1653.45 2178.18 1282.95 3497.4
567.461 2220.26 1871.06 1226.37 4022.36
2294.03 28.8718 379.483 3347.9 3347.93
1023.12 1210.65 472.854 3189.16 2471.89
1867.14 2201.54 1353.86 3952.54 1468.7
2261 174.418 1159.62 2227.8 3833.49
2441.56 2696.21 2343.51 1975.55 2779.55
314.463 870.949 1501.14 3838.38 1721.93
702.734 2007.29 874.397 4259.04 2783.38
63.1428 656.25 4426.7 397.248 3260.12
145.456 92.0917 867.89 2911.08 3777.75
1889.07 1562.9 304.69 3679.83 3313.61
155.889 112.633 3109.85 3089.64 2623.28
200.81 254.756 1849.69 4457.5 2391.24
22.5976 1.74323 2997.81 2622.18 4512.11
847.579 365.917 386.992 3805.53 2975.91
795.421 524.912 744.018 1868.03 3859.6
