3697 90.0118
0.302969 0.756248 0.912723 0.170005 9.29291
0.873454 0.622103 0 0.941382 13.1293
1 0.67979 0.907505 1 8.9257
0.701546 0.71731 0.617364 1 9.15834
0.0175078 0.148914 0.343106 0 15.2176
0.499285 0.393686 0.363138 0.832056 10.9709
0.644573 0.244939 0.696294 0.501298 11.4269
0 0.389872 0.934407 0.187695 14.5907
0.840308 1 1 1 9.44345
0.473466 0.8858 0.247353 0.814897 12.2422
0.791095 1 0.111081 0.811805 11.1782
0.387206 0.423779 0 0.66062 14.8898
0.536452 0.5 0.635411 0.634033 12.0914
0.987887 0.871262 1 0.364698 7.99089
0.537326 0.5 0.935563 0.748245 11.3558
0.892442 0.986278 0.786821 0.5 10.1551
0.267276 0.518517 0.5 0.5 13.6641
0.574374 0.5 0.251233 1 12.7717
0.965459 0.309618 0 0.667795 10.9905
0.447437 0.587234 0.671874 0.233025 14.7102
0.271573 0.150902 0.163231 0.135742 12.6954
0.566181 0.653946 0.5 0.928767 11.3604
0.5 0 0.794052 0.811915 12.4457
0.167452 0.222685 0.493694 0.394465 13.0052
0.387104 0.306099 0.244029 0.489067 13.4045
0.663608 0.109514 0.467545 0.5 13.1378
0.998739 0.672239 0.509984 0.551903 11.9251
0 0.775914 0.663539 0.275435 12.0177
0.54021 0.465922 0.0462592 1 14.3514
1 0.9952 0.250435 0.199711 11.2307
1 1 1 1 8.49412
0.590057 1 0.564559 0.5 12.745
0.923186 0.581186 0.737213 0.5 10.4847
0.5 0.578127 0.459175 0 15.5476
0.555053 0.544508 0.563269 0.393489 13.5801
0.410075 0.0506384 0.878882 0.491089 13.7985
0 0.534691 0.5 0.737934 15.0244
0.281833 0.198998 0.5 0.385165 13.7185
0.863541 0.622099 0.390202 0.981624 9.79772
1 0.194022 0.00465376 0.069913 11.1683
0.694278 0.912622 0.985 0.933709 8.04341
0.755008 0.342647 0.5 0.260306 11.6867
0.5 0.457437 0.514118 0.771769 13.7198
0.213064 1 0.815458 1 9.73539
1 0.714727 0.644394 1 9.7008
0.0999351 0.0180545 0.131191 0.284308 12.1766
0.586655 0.297321 0.5 0.696806 13.8024
0.5 0.5 0.5 0.718383 12.8142
0.0421039 0.5 0.218174 0 15.2575
1 0 0.260498 0.850324 13.9209
0.30507 0.650528 0.521363 0.322644 12.841
1 0.5 0.773135 0.43364 10.9428
0.521891 1 0.610179 0.985742 11.7944
1 0.92064 1 0.85853 10.4865
0.526283 0.870953 0.858327 1 9.20591
0.757463 0.834883 0.0574944 0.101107 12.2608
0.661891 0.5 0.248751 0.381857 13.4378
0.707216 1 1 0.5 13.2974
0.864712 0.88562 1 1 9.88669
0.0647003 0.10418 0.490258 0.347995 13.9457
0.0797192 0.263701 0 0.0283345 14.0284
0.5 0.786019 0.87559 0.669282 9.5214
0 0 0.5 0 15.0544
0.892893 0.223998 0.311794 0.230253 10.5819
0.0416593 0 0.956044 0.307377 16.3568
0.5 0.575303 0.690345 1 12.2925
0.466309 0.872572 0.905764 0.50372 11.0968
0.594585 0.250447 0.794239 0.616336 11.6415
0.5 0.856582 0.5 0.613452 12.7832
0.13684 0 0 0.402359 15.1764
0.929822 0.249662 0.544715 0.108138 10.5333
0.558869 0 0.337599 0.318043 13.2082
0.416487 0.707354 0.511996 0.637098 12.9651
0 0 1 0.0154157 13.3636
0.117801 0.776619 0.17 0.721749 11.3745
0.5 0.46596 0.16904 0.5 14.3573
0.611799 0 0 0.309787 14.2212
0.655819 0.310661 0.271994 0.5 12.9036
1 0.480529 0.5 0.560863 14.1494
0.584623 1 0.80911 0.387717 13.0145
0.256874 0.298151 0.386465 0.197663 12.2798
0 0 0.473408 0.680282 14.4022
0.476356 1 0.358639 1 12.261
0.253871 0.5 0.996414 0.18446 14.4877
0.217223 0.397394 0.5 0.5 16.6148
0.5 0 0.694001 0.5 14.4677
0.99004 0.5 0.662241 1 11.4801
0.709634 0.951732 0.988355 0.819999 7.67452
0.5 0.236155 0.624944 0.802121 14.4117
0.56727 0.675239 0.467124 0.285935 13.1656
0.475041 0.639444 0.435844 0.690582 12.6048
0.642246 0.241525 0.881639 0.808227 9.86038
0 0.5 0.503977 0.4461 15.064
0.386411 0.225175 0 0 15.9452
0.954134 0.583926 0.904693 1 9.45353
0.787742 0.748633 0.593809 0.628539 10.7353
0.463851 0.310848 0.252055 0 13.2606
0.5 0.432338 0.972203 0.696915 11.3482
0.5 0.794463 1 0.583035 11.2059
0.601612 0.759364 0 0.363437 10.8292
0.219535 0.843734 0.736505 0.949134 7.93408
0.744192 0.270599 0 0.720505 10.9576
0.468864 0.816083 0.394119 0.421551 13.7724
0.755459 0.794629 0.916163 0.685388 9.11393
0.670687 0.433947 0.674735 0.103125 13.3456
0.5 0.45228 0.18435 0 14.8713
0.268445 0.430261 0.691193 0.5 14.3996
0.443699 0.0023814 0.0533673 0.117238 14.7338
0.830407 0.556458 0.5 1 11.7828
0.366401 0.654692 0.154516 0.707609 11.9016
1 0.751997 1 1 7.29746
1 0.555068 0 0.694177 14.7411
1 0.844811 0.5 0.79889 9.8386
0.5 0.161557 0.849187 0.350829 12.3653
0.575506 0.401858 1 0.693424 11.8743
0.306991 0.633839 0.5 0.175611 14.6514
0.5 0.5 0.658841 0.532747 14.0354
0 0.474399 0 0 14.3174
0.856863 1 1 1 8.77953
0.225229 0 0.884047 0.547331 13.1907
0.34641 0.57664 1 0.426724 14.0641
0.900673 0 0.246399 0.819783 11.8325
0.626111 0.450719 0.5 0.318036 13.5815
0.753125 1 0.88362 1 8.11965
1 0.941149 0.716714 0.956402 8.55129
0.242455 0.967558 0.465357 0.866028 12.115
0.3763 0.600753 0.674549 0.627484 15.366
0.0891805 0.498391 0.57892 0.839228 16.4491
0.143249 0.0856399 0.500299 0.429547 14.0484
0.5 0.29593 0 0.960569 13.2195
0.334091 0.5 0.0329281 0.473979 14.3886
0 0 0.0372857 0.5 15.1304
0 0.687543 0.406081 0.270586 13.436
0.316978 0.240347 0.5 0.456228 14.7979
0.5 0.0832753 0.492889 0.5 16.6237
0.715729 0.431051 0.912677 0.911717 8.8438
0 0.0501235 0.5 0.5 16.2573
0.726231 1 0.584382 1 11.1008
0 0.856719 0.752875 0.332132 11.4871
0.5 0 0.938016 0 14.5671
0.0603538 0.698709 0.424027 0.5 15.3087
0.973892 0.720809 1 0.797703 9.8292
0 0 0 0.783517 16.4226
0 0.0790156 0 0.860979 15.3922
0.157563 0.230541 0.0530518 0 14.4987
0.0251622 0.0886741 0 0.0751049 15.3274
0.971616 0.737894 0.5 0.5 11.4999
0.233609 0.962732 0.689933 0.56656 12.0965
0.5 0.5 0.5 0.5 17.1573
0.466858 0 0.851009 0.971685 11.3387
0.143158 0.278094 0.492047 0.641309 13.6031
0.508854 0 0.240759 0.191258 13.1317
0.566174 0.475951 0.113762 0.964227 12.6469
1 0.5 0.629842 1 11.8122
0.458848 0.836315 0.72971 0.714125 10.3347
0.729115 0.759548 0.759166 0.785247 10.1757
0.460586 0.5 0.378084 0.5 15.4478
0.409309 0.361054 0.900117 0.158215 12.697
1 1 0.5 0.254872 12.7525
1 0.582901 0.352392 0.629609 13.0306
0.553087 1 0.521613 0.855137 12.5998
0.620608 0.573512 0.967163 0.77281 11.6884
0.32301 0.929297 0.668414 0.630816 13.7489
0.135396 0.87817 0.884382 0.6505 9.9599
0.5 0.0128363 0.858514 0.854958 12.9091
0.179106 0.322378 0.930469 0.709332 11.4308
0.36698 0.849021 0 0.487757 13.0915
0.637043 0.227021 0 0.510575 13.5462
0.5 0.240591 0.701541 0.554804 13.95
0.903709 0.593612 0.826658 1 8.78326
1 0.423308 0.415267 0.146798 16.3529
0.462295 0 0.478957 0.411816 14.4721
0.827251 0.268771 0.112554 0 11.8772
0 1 0.589515 0.665831 13.5997
0.770439 0.756247 1 0.817369 8.99346
0.5 0.85748 0.246957 0.241522 12.6573
0.324771 0.837877 0.195008 0.526212 12.8404
0.920798 0.922342 0.914905 1 7.08373
0.247024 0.737964 0.320316 0 12.0778
0.846444 1 1 0.829353 8.5587
0.565561 0.13018 0.511888 1 11.0441
0.438528 0.066888 0.67061 0.408637 13.7495
0.349701 0.224588 0.331538 0.147962 16.7085
0.412564 0.962947 0.70428 0.226448 11.4638
0.662059 0.269889 0.529216 0.574012 12.7678
1 0.748889 0 0.541829 14.9624
0.878238 0.814792 1 0.667045 9.50497
0.68404 0.824661 0 0.13007 13.2344
0.951672 0.701032 0.700351 0.889584 8.20468
0.27365 0.212444 0.569398 0.5 13.947
0.5 0.622282 0.110048 0.825482 15.4229
0.5 0.5 0.809607 0.5 11.9795
0.0643927 1 0.609912 0.317342 12.6776
0.829338 0.5 0.593742 0.77025 9.97363
1 0.754029 0.5 1 11.3282
0.81036 0.327823 0 0.421681 11.8057
0.0643874 0.5 0.705955 0.5 12.6882
0.575792 0.326882 0.503008 0.425683 14.2602
0.139945 0.755312 0.509851 0.749839 12.3776
0.857741 0.113767 1 0.5951 12.4858
0.222079 0.5 0.360611 0.5 14.2669
0.84373 0.669264 0.0519838 0.438535 12.5168
0.5 1 0.756398 0.475299 12.7987
1 1 1 0.851527 9.74861
1 1 0.5 0.461147 13.5169
0.305984 0.00729307 0.361685 1 14.0365
1 1 0.529836 0.263238 14.6995
0.362572 0.469604 0.783983 0.902651 12.127
0.673334 0.401488 0.659852 0.197496 12.6292
1 0.797357 0.905161 1 6.89867
0 0.33085 0 0.31506 13.9177
0.685213 0.5 0 0.834162 14.9428
0.752763 0.556329 0.405462 0.569933 12.4668
1 0.209126 1 0.763327 10.4446
0.914326 0.738025 0.181783 0.765578 9.37099
0.458751 0.051326 0.417185 0.889436 12.533
0.635149 0.2846 0.862527 0 13.6488
0.129326 0.490982 0.5 0.962586 13.6585
1 1 0.465772 1 10.7961
1 0 0.870685 0 12.7528
0.739474 0.70909 0.863136 0.720061 8.93709
0.786192 0.96412 0.8 0.5 8.20878
0.593152 1 0.440573 0.342845 13.0574
0.84673 0.525225 0.956297 0.5 10.4716
0.606918 0.629192 0.753881 0.828123 9.29574
1 0.632326 1 0.513796 11.6826
0.217771 0.105502 0.375011 0.602141 13.9716
0.782043 0.610073 0.435564 1 11.8296
0.22977 0.2572 0.34165 0.0207892 12.9447
0.5 0.519151 0.362845 0.967915 13.8079
0.67909 0 0 0.212608 13.6914
0.5 0.197591 1 0.63345 11.8517
0.700372 0.810502 0.681197 0.746838 8.66161
0.614153 0.460051 0.394276 0.5 13.6038
0.0148871 0.591151 0.198147 0.286983 13.9403
0.102958 0.953255 0.279832 0.5 12.1275
0 0 0.5 0.066992 15.6381
0.337351 0.5 0.632412 0.5 13.351
0.603544 0.256561 0 0.781729 12.3852
0.441007 0.441972 0.369379 0.497277 14.3615
0.216648 0.196867 0.865252 0.0306116 13.614
0.49652 0.371773 0.613434 0.745731 12.0997
0.504047 0.911841 0.461038 0.450519 12.7616
1 0.744048 0.4042 0.881675 10.406
0.956876 0.808605 0.840709 0.33783 10.6285
0.367534 0.773529 0.607055 0.523119 13.4973
0.320861 1 0.255768 0.376118 11.1963
0.811745 1 0.595192 0.233365 11.584
0.648901 0.5 0.603736 1 12.9932
0.0843119 0 0.909978 0.489471 12.7276
0.62692 1 0.686942 0.5 12.1104
0.735515 0.221432 0.706902 0.589559 11.2064
0.503962 0.655666 0.331477 0.896297 11.4801
0.297891 0.5 0.687731 0.13069 14.8085
0.843314 0.869908 0.847039 1 8.56416
0.929482 0.545399 0.501881 0.216411 11.1467
0 0.280975 0 0.5 14.3287
0.5 0.47967 0.5 0.5 13.497
0.264922 0 0.359389 0.901298 13.2355
0.0664724 0.73215 0.816094 0 14.2778
0.5 0.936988 0.5 0.767393 11.8269
0.760547 0.498444 1 0.5 11.209
0.285424 0.435586 0.524891 0.0275329 14.2862
0.282539 0 1 0.384008 14.0422
0.290082 0.0432251 0.828163 0.466173 12.2956
0.734985 0.456029 0.806011 0.401607 11.03
0.425334 0.511743 0.434947 0.284305 13.3472
0.425686 0.5 0.449905 0.5 14.2432
0.678418 0.888805 0.227168 0.551091 11.8105
0 0.250855 0.549092 0.5 15.9526
0.800934 0.577648 0.296813 0.684683 13.2587
1 0.317043 0.655685 1 10.2408
0.724989 0.694173 0.83374 0.475881 12.4095
0.238119 0.545503 0 0.189292 11.9003
0.842988 0.778515 0 0.618862 12.6487
0.862184 0.786625 0.579718 0.675799 12.0842
0.617751 1 0.503952 1 11.4565
0.894288 0.0250138 0.503413 1 11.9903
0.155539 0.318091 0.171194 0.0946465 13.9052
0.908063 0.5 0.520879 0.5 12.5544
1 0.357169 0.454709 0 14.1044
0.253693 0.283372 0 0.401024 14.3955
0.314334 0 0.427614 0.971888 15.174
0.513276 0.613354 0.5 1 14.0228
0.710612 0.705453 1 1 9.22839
0.458655 0.397793 0.392439 0.874002 13.5701
0.971509 0.5 0 0 13.7824
0.135433 0.842454 0.994734 1 9.301
0.601449 0.53585 0.505369 0.521227 15.0071
0.230675 0.322486 0.779021 0 11.904
0.92184 0.571357 0.63684 0.524187 12.9285
1 0.731548 0.881411 0.612943 11.8409
0.160898 0.508351 0.355083 0.0393923 13.2656
0.749161 0.0869837 1 0.284536 13.7418
0.5 0.650992 0.215099 0.979216 11.996
0.853889 0.756864 0.5 0.90593 9.28466
0.269973 0.643372 0.454155 0.431874 14.9589
0.680423 1 0.727692 0.57747 12.6376
0.17747 0.715816 0.0796539 0.591503 12.3152
0.377298 0.517204 0.5 0.17626 14.0611
