120 1.00015
1.30556e-13 2.45892e-16 3.73848
1.00391 1.02202e-22 3.41232e-33
1.00421 1.40871e-24 1.03374e-32
1.00417 1.72606e-22 1.11696e-30
1.00271 5.10036e-21 2.86181e-43
1.00364 1.99648e-21 1.72036e-40
1.00303 1.61011e-24 6.14151e-38
1.00391 5.00846e-19 1.20449e-37
1.00346 6.06328e-21 1.48603e-33
1.00347 1.03939e-21 4.47397e-35
1.00425 1.63003e-22 4.1045e-31
1.00352 2.97082e-21 3.21562e-40
1.00326 3.12247e-21 1.87867e-30
1.00332 2.46942e-20 8.11847e-31
1.00371 9.92156e-27 3.16271e-29
1.003 5.49167e-23 2.11733e-30
1.00395 2.84287e-20 7.08919e-32
1.00231 2.52392e-23 1.28457e-34
1.00409 8.59602e-25 2.45141e-28
1.00409 8.59602e-25 2.45141e-28
1.00326 1.44458e-22 2.00455e-32
1.00361 1.21916e-25 1.15534e-31
1.00386 4.82833e-23 1.04459e-31
1.0037 2.38717e-21 1.93916e-33
1.00417 2.73063e-27 1.82395e-33
1.00332 2.46942e-20 8.11847e-31
1.00344 2.41891e-21 1.97747e-41
1.00409 1.00707e-21 3.75876e-34
1.00326 1.44458e-22 2.00455e-32
1.0041 1.44323e-19 1.15858e-39
1.00339 3.49544e-22 2.746e-43
1.0034 7.73943e-20 3.69472e-40
1.00319 2.49407e-23 9.83845e-37
1.00279 3.94012e-26 1.57679e-28
1.00301 2.02636e-21 2.23375e-33
1.00387 1.50597e-21 6.76044e-36
1.00419 9.21951e-25 4.61382e-32
1.00319 8.64984e-25 8.86823e-31
1.00433 3.69919e-22 6.14102e-35
1.00289 6.57073e-23 2.84856e-41
1.00345 3.03596e-18 1.01997e-45
1.00401 4.40467e-21 9.47674e-50
1.00377 1.44839e-20 1.04167e-40
1.00279 3.94012e-26 1.57679e-28
1.00383 3.34247e-23 1.47353e-33
1.00372 1.75173e-22 1.98103e-34
1.00379 1.80343e-20 2.12049e-37
1.00344 2.41891e-21 1.97747e-41
1.00307 2.44126e-23 2.40674e-31
1.00313 1.56525e-20 2.72068e-31
1.00394 1.4818e-21 1.29551e-28
1.00362 3.89489e-21 1.48027e-30
1.00434 1.11699e-22 1.01823e-40
1.00359 8.2204e-19 5.12348e-32
1.00386 6.9737e-27 1.3726e-29
1.00348 1.56787e-20 1.5795e-29
1.00266 1.73401e-20 7.36869e-36
1.00412 5.57869e-21 3.41398e-37
1.00251 2.98122e-23 2.12282e-32
1.0037 4.27365e-20 1.98103e-46
1.00359 1.45626e-20 7.97927e-41
1.00425 1.48346e-25 1.54397e-30
1.00261 2.76861e-22 8.26738e-39
1.0035 3.00937e-20 1.19367e-38
1.00326 1.18187e-25 2.43516e-36
1.00377 3.47015e-20 2.40539e-43
1.00399 4.84733e-19 4.91241e-38
1.00426 1.45414e-20 7.21749e-35
1.00384 8.86149e-20 1.75702e-44
1.00398 3.51628e-25 2.80933e-29
1.00381 6.84185e-24 1.62907e-35
1.00301 2.02636e-21 2.23375e-33
1.0029 1.73391e-23 2.81636e-39
1.00359 2.93493e-23 5.09638e-35
1.00395 2.21471e-24 2.81353e-30
1.00396 2.83535e-23 1.60373e-32
1.00391 4.42203e-19 3.82263e-37
1.00359 2.95088e-23 2.39445e-32
1.00361 1.29677e-21 7.55242e-37
1.00383 2.59885e-25 1.39202e-37
1.00326 1.18187e-25 2.43516e-36
1.00432 4.74412e-08 2.79047e-51
1.002 1.65685e-21 1.23385e-37
1.00283 9.87953e-25 1.02754e-31
1.00315 7.7391e-23 5.61721e-40
1.00362 9.46767e-19 1.13198e-30
1.00392 2.52249e-23 4.24306e-37
1.00282 4.04386e-22 1.08827e-38
1.00272 2.99876e-23 1.79044e-32
1.00354 3.9032e-21 8.62499e-26
1.00354 7.4263e-21 1.3985e-35
1.00251 2.98122e-23 2.12282e-32
1.00383 7.72189e-26 6.48927e-37
1.00342 2.68432e-23 1.19018e-39
1.00237 1.45876e-23 2.82718e-34
1.00279 3.94012e-26 1.57679e-28
1.00355 5.5414e-09 3.27015e-48
1.00325 1.84669e-23 1.29486e-36
1.0037 5.32279e-24 1.51146e-39
1.00404 1.04246e-25 4.08122e-29
1.00371 9.92156e-27 3.16271e-29
1.00279 3.94012e-26 1.57679e-28
1.00348 1.42225e-23 4.41221e-30
1.00354 4.70528e-24 5.51449e-45
1.00355 7.21463e-30 9.70943e-36
1.00343 9.18117e-20 8.54344e-43
1.00319 2.49407e-23 9.83845e-37
1.00417 2.73063e-27 1.82395e-33
1.00369 6.54375e-22 4.56281e-31
1.00329 3.32355e-24 1.6751e-31
1.00388 1.40804e-22 2.71588e-35
1.00395 1.05793e-22 5.71916e-35
1.00427 2.93804e-26 6.51438e-30
1.00319 2.5881e-20 1.47116e-36
1.0029 1.73391e-23 2.81636e-39
1.00388 6.88521e-23 1.12611e-36
1.00319 1.48543e-25 5.86507e-31
1.00315 8.0711e-23 2.6058e-37
1.0034 7.73943e-20 3.69472e-40
1.00384 2.21604e-26 2.27928e-33
1.00391 2.17104e-20 7.13532e-34
1.00377 3.47015e-20 2.40539e-43
1.00389 3.65509e-24 1.92471e-30
1.00384 2.21604e-26 2.27928e-33
1.00386 6.9737e-27 1.3726e-29
1.00394 1.93326e-21 3.14506e-35
1.00368 5.26729e-25 1.70126e-33
1.00368 1.55229e-20 6.10315e-39
1.00436 7.93712e-26 5.00014e-31
1.00404 1.58723e-19 8.30756e-37
1.00272 2.99876e-23 1.79044e-32
1.00427 1.41841e-23 4.01336e-36
1.00239 3.19125e-24 1.4431e-31
1.0033 3.03812e-21 2.8599e-33
1.00368 1.10514e-26 4.31644e-33
1.00306 1.16037e-23 8.11274e-33
1.00362 9.9231e-21 3.71821e-34
1.00419 2.18435e-23 9.76105e-32
1.00271 5.10036e-21 2.86181e-43
1.00414 3.60014e-24 4.29284e-33
1.00391 4.42203e-19 3.82263e-37
1.0037 4.27365e-20 1.98103e-46
1.00399 4.84733e-19 4.91241e-38
1.00374 8.20508e-23 9.90332e-42
1.00245 2.13469e-20 2.71703e-30
1.00416 3.81104e-23 3.23451e-31
1.00354 7.4263e-21 1.3985e-35
1.00375 2.98493e-23 2.12546e-32
1.00338 9.05807e-20 1.3331e-29
1.00415 7.82679e-19 1.00836e-30
1.00324 2.1274e-24 2.48737e-34
1.00383 2.59885e-25 1.39202e-37
1.00409 9.41395e-20 4.62792e-32
1.0038 3.68531e-21 9.4569e-33
1.00311 7.27059e-24 2.36705e-33
1.00242 2.94922e-22 5.27575e-39
1.0038 9.86235e-23 6.08453e-29
1.0035 3.00937e-20 1.19367e-38
1.00395 1.05793e-22 5.71916e-35
1.00432 4.47551e-27 2.53432e-35
1.0034 2.04351e-23 3.35059e-33
1.00345 3.27694e-22 2.53677e-41
1.00425 1.63003e-22 4.1045e-31
1.00366 6.5397e-23 7.10117e-32
1.00344 2.08767e-23 1.93545e-36
1.00346 6.06328e-21 1.48603e-33
1.00368 1.55229e-20 6.10315e-39
1.00413 1.78086e-24 3.43041e-30
1.00313 1.56525e-20 2.72068e-31
1.00303 5.10856e-32 1.82567e-30
1.00274 5.95191e-23 3.30271e-34
1.00431 1.49292e-23 4.64241e-35
1.00236 2.31149e-22 5.53515e-36
1.00412 5.25085e-21 2.91854e-46
1.00319 1.48543e-25 5.86507e-31
1.00311 7.27059e-24 2.36705e-33
1.00283 9.87953e-25 1.02754e-31
1.00427 6.60327e-28 1.48122e-31
1.00346 6.50126e-21 5.12886e-31
1.00329 3.32355e-24 1.6751e-31
1.00386 3.16507e-26 1.47632e-29
1.00354 3.9032e-21 8.62499e-26
1.00429 1.52409e-22 2.45915e-35
1.00416 7.44024e-22 7.86622e-32
1.00425 5.41114e-24 1.903e-25
1.00325 1.84669e-23 1.29486e-36
1.00386 3.16507e-26 1.47632e-29
1.00397 2.72686e-24 1.05732e-31
1.00383 7.72189e-26 6.48927e-37
1.00303 1.61011e-24 6.14151e-38
1.0039 6.35548e-26 2.22093e-33
1.00393 1.99466e-24 4.20635e-36
1.00307 2.7888e-24 2.3144e-37
1.00378 5.25583e-24 6.16255e-35
1.00315 8.0711e-23 2.6058e-37
1.00271 3.47869e-21 2.95614e-38
1.00401 4.40467e-21 9.47674e-50
1.00298 5.77585e-22 1.83767e-30
1.00388 6.2866e-20 3.97654e-39
1.0037 1.96026e-23 1.47635e-45
1.00411 7.81972e-22 8.36099e-43
1.00312 5.30518e-23 1.532e-29
1.00394 1.93326e-21 3.14506e-35
1.00344 2.41891e-21 1.97747e-41
1.00355 5.5414e-09 3.27015e-48
1.00237 1.45876e-23 2.82718e-34
1.00307 2.7888e-24 2.3144e-37
1.00413 6.20441e-22 2.97126e-46
1.00344 4.78646e-21 1.68355e-30
1.00394 6.18762e-26 1.00912e-30
1.00338 9.05807e-20 1.3331e-29
1.00411 7.81972e-22 8.36099e-43
1.00423 9.92358e-23 4.03348e-38
1.00306 1.16037e-23 8.11274e-33
1.00359 8.2204e-19 5.12348e-32
1.00408 7.14856e-23 1.57441e-31
1.00372 1.75173e-22 1.98103e-34
1.0037 2.38717e-21 1.93916e-33
1.00368 5.26729e-25 1.70126e-33
1.00348 1.56787e-20 1.5795e-29
1.00371 9.92156e-27 3.16271e-29
1.00405 1.1823e-22 5.03371e-36
1.00421 1.82811e-22 1.08019e-32
1.003 5.49167e-23 2.11733e-30
1.00393 1.99466e-24 4.20635e-36
1.0032 1.13549e-22 1.33302e-43
1.00419 2.18435e-23 9.76105e-32
1.00335 4.90313e-22 1.06275e-41
1.00384 8.86149e-20 1.75702e-44
1.00386 3.16507e-26 1.47632e-29
1.0037 1.96026e-23 1.47635e-45
1.00402 1.16827e-20 2.55331e-36
1.00315 7.7391e-23 5.61721e-40
1.00371 9.92156e-27 3.16271e-29
1.00379 4.10816e-20 2.76569e-31
1.00344 4.78646e-21 1.68355e-30
1.002 1.65685e-21 1.23385e-37
1.00347 1.03939e-21 4.47397e-35
1.00301 2.02636e-21 2.23375e-33
1.00345 3.03596e-18 1.01997e-45
1.00375 5.4011e-21 5.05449e-38
1.00389 7.7979e-24 1.35713e-35
1.0039 6.35548e-26 2.22093e-33
1.00413 1.78086e-24 3.43041e-30
1.00368 1.10514e-26 4.31644e-33
1.00447 4.67206e-21 1.07721e-37
1.00392 1.75988e-22 2.36107e-35
1.00434 9.38124e-22 1.58098e-36
1.00362 9.9231e-21 3.71821e-34
1.00396 8.00904e-20 1.56977e-30
1.00307 2.44126e-23 2.40674e-31
1.00363 1.33979e-22 1.81679e-34
1.00409 1.00707e-21 3.75876e-34
1.00231 2.52392e-23 1.28457e-34
1.00312 5.30518e-23 1.532e-29
1.00407 6.97946e-24 3.01351e-41
1.00245 2.13469e-20 2.71703e-30
1.00261 2.76861e-22 8.26738e-39
1.00282 4.04386e-22 1.08827e-38
1.00417 1.72606e-22 1.11696e-30
1.00391 1.02202e-22 3.41232e-33
1.00348 1.42225e-23 4.41221e-30
1.00366 6.5397e-23 7.10117e-32
1.00316 7.2153e-29 6.41218e-34
1.00271 3.47869e-21 2.95614e-38
1.00415 4.5989e-23 7.81325e-37
1.00299 1.76604e-20 6.76016e-44
1.00388 6.88521e-23 1.12611e-36
1.00378 3.57488e-23 8.72068e-33
1.00359 1.45626e-20 7.97927e-41
1.00324 2.1274e-24 2.48737e-34
1.00388 1.40804e-22 2.71588e-35
1.00269 8.38463e-23 3.99376e-39
1.00339 3.49544e-22 2.746e-43
1.00377 1.44839e-20 1.04167e-40
1.00429 1.32904e-19 4.8086e-38
1.00303 5.10856e-32 1.82567e-30
1.00374 8.20508e-23 9.90332e-42
1.00375 5.4011e-21 5.05449e-38
1.00324 3.31787e-25 2.25572e-30
1.0032 1.13549e-22 1.33302e-43
1.00386 3.31653e-26 1.83465e-34
1.00386 4.82833e-23 1.04459e-31
1.0033 3.03812e-21 2.8599e-33
1.00354 4.70528e-24 5.51449e-45
1.00236 2.31149e-22 5.53515e-36
1.00369 1.05044e-22 2.53874e-33
1.00365 1.60176e-19 5.43694e-42
1.00421 1.40871e-24 1.03374e-32
1.00346 6.50126e-21 5.12886e-31
1.00379 5.62098e-23 7.92832e-38
1.00392 2.63981e-21 5.88937e-30
1.00296 3.42008e-22 7.69926e-36
1.00427 2.93804e-26 6.51438e-30
1.00319 2.5881e-20 1.47116e-36
1.00296 3.42008e-22 7.69926e-36
1.00359 2.93493e-23 5.09638e-35
1.0037 5.63035e-27 1.72835e-26
1.00269 8.38463e-23 3.99376e-39
1.00266 1.73401e-20 7.36869e-36
