508 21.5795
9.95776 0.770745 0.760495 2.05999 0.781154 0.802166 1.00042 0.0143683
1.88102 10.155 1.36528 0.765359 1.81492 1.07994 1.05809 0.645119
1.70066 0.164835 10.4073 0.777312 0.915646 0.792449 0.813773 0.64307
1.48318 0.151056 1.67708 0.162489 10.4959 1.51151 0.814808 0.556596
0.892105 0.0856917 0.14514 10.6314 1.28486 0.783087 0.814205 0.650958
0.767649 0.0735949 0.124758 0.124073 0.067642 0.0802126 10.8053 0.652664
0.254387 0.0567423 0.938142 4.52772 0.775332 0.485305 6.47247 1.13864e-08
0.129637 0.70314 2.27476 0.378413 0.206128 10.5505 0.814367 0.653934
2.2054e-15 2.41792e-15 1.24033e-15 2.87824e-16 3.33555e-16 3.29624e-15 4.00187e-16 9.58672
3.78982e-16 4.16001e-16 6.32979e-16 6.18542e-17 7.29673e-17 4.49707e-15 2.96567e-15 10.793
4.78814e-17 2.46192e-16 2.81592e-16 3.17124e-17 3.66367e-17 1.3275e-16 4.72055e-15 9.3756
1.22156e-17 6.46688e-17 2.06859e-16 1.68618e-17 9.95261e-16 4.68647e-15 1.81603e-15 10.1485
1.43834e-18 7.56087e-18 1.29059e-18 8.50976e-17 1.08064e-17 3.9388e-16 5.01267e-15 9.9518
0.158602 1.34553 1.11696 9.01678 4.78553 0.82829 1.37121 0.863756
3.6613 0.397082 1.58639 1.38007 3.15853 1.52077 6.87795 2.70865
7.27349e-14 4.2691e-13 1.60528e-12 1.63754e-13 2.7895e-13 3.06185e-13 5.81181e-13 8.05091
1.52005e-05 6.10606e-05 1.56848e-05 9.52873e-06 0.000170446 0.000190506 0.000900204 5.41143
0.502407 2.67305 1.02034 0.32315 5.02101 0.713669 8.42766 0.792338
0.000124153 8.19227e-05 0.000503707 0.00268903 0.00750957 0.00979387 0.0626029 4.25494
0.186802 0.974087 1.11416 0.120796 1.11244 7.79537 3.81667 3.99597
0.000103009 0.000318559 0.000720198 9.10191e-05 0.000198775 0.000118955 0.000120478 6.95551
1.3841 1.51675 2.30472 1.99452 2.7376 2.44344 7.44022 1.38142
0.192798 0.0219089 1.27549 6.93803 1.23505 3.7775 6.6331 1.07925
6.39729e-05 0.000130648 0.000589506 0.000141436 0.000162636 0.000804314 0.000184379 6.03926
0.049523 0.255145 0.805751 0.0708205 0.632255 0.0895841 9.3374 0.725673
0.55257 2.87753 3.29131 3.29356 4.08992 6.40532 1.76953 1.71497
8.69877 0.700777 2.5434 0.784638 0.725556 1.35126 3.51063 0.764114
2.17136 2.37988 0.27199 2.24808 2.07195 2.20368 7.67399 1.85021
0.198987 1.05151 1.20273 1.20164 0.357214 8.61579 2.52601 4.14441
2.55172 2.79909 1.42501 0.456322 3.02357 2.68336 8.25479 0.776299
1.0338 0.0942069 3.17195 2.50369 7.08785 1.11452 2.3408 1.54903
4.5497 4.88661 5.3508 0.812984 0.7617 2.13113 0.807921 0.537593
0.0989036 0.514525 0.418994 0.243796 2.12384 9.34999 0.809759 0.694978
0.0570525 0.105539 0.180006 0.266945 1.3589 0.302232 0.342942 3.91434
2.83415 0.343875 1.08345 2.28394 2.24443 2.35225 7.1904 3.67124
0.210683 1.44147 0.55775 7.9071 0.709078 0.968853 0.738162 3.68278
3.02029 3.31313 1.68643 3.58611 1.06407 5.67691 3.9459 4.14336
7.21231 0.588083 2.73349 5.77936 0.777325 1.22485 0.811763 0.354117
1.82459 2.00172 1.01724 2.16532 6.20467 6.70655 2.67239 0.7334
2.21311e-14 5.10841e-14 4.48581e-14 9.90892e-15 8.77517e-15 9.70191e-15 6.89994e-13 7.50697
7.81727 0.642105 2.96614 0.968311 0.684634 4.49336 0.802799 1.46476
0.618607 3.11572 2.54616 1.50003 0.812406 2.36026 6.77981 2.81726
3.25264 0.344196 2.61678 2.41665 2.50835 5.09101 4.86177 3.36324
2.40036 2.63089 1.35522 0.452677 6.54879 1.15583 3.67179 3.83075
0.169433 1.18874 0.45652 6.6259 0.567484 0.785692 5.33686 3.62703
3.40771 3.73673 1.97461 0.439346 4.0487 3.60042 5.00314 3.29475
3.03478 0.231518 9.62284 1.10878 1.77924 0.784485 0.805288 1.57871
0.767354 3.86728 4.42336 0.727359 0.529707 3.20433 5.58764 1.33953
5.01521 5.50198 2.7968 0.890577 5.93926 0.780495 0.800757 1.80133
0.224665 1.20993 1.38397 0.663311 7.13542 6.91108 2.89403 1.60348
2.70442 2.96619 1.51306 0.488027 2.53337 2.65105 8.14403 0.766023
0.422873 2.182 6.8958 0.603584 5.40963 0.763478 2.51696 0.728633
0.268675 1.43483 1.16523 10.0026 1.78883 0.79285 0.813744 0.375652
1.00946 1.10722 0.564397 8.56387 1.5552 0.706261 4.2164 1.82775
0.130344 0.688079 0.559461 0.576276 0.189689 0.0857676 9.99172 0.605428
0.163462 0.852015 0.974533 0.473758 1.03186 7.22818 6.09758 1.46364
0.113082 0.587211 0.478278 0.0695299 0.0630663 0.720889 9.41553 1.70188
2.24267 2.45956 1.25593 2.65731 2.60678 4.8105 5.77905 3.81741
4.36283 4.7866 2.43082 4.44329 4.81501 0.741351 3.60961 0.911492
0.780207 3.99873 1.55127 3.76677 0.489183 3.07957 5.38034 3.81578
0.457614 2.39534 7.62145 2.9004 0.683177 1.26625 4.1062 2.32072
7.81597 0.61531 2.94653 3.02086 0.691683 1.30339 4.2795 1.85748
1.61747 8.43077 3.24669 0.744091 0.747642 0.757709 2.54921 1.46365
0.164301 0.850045 0.972275 0.973632 1.20933 8.42004 0.737097 3.91229
0.316305 1.70286 1.94781 0.933688 10.0406 0.78131 0.798836 1.88161
6.23889 0.714354 7.06014 1.04395 0.721511 0.731759 0.75104 4.01758
3.11723 3.4192 1.74235 3.69121 1.8225 5.89305 4.59611 1.77133
1.79006 9.5564 2.80701 1.11863 0.773332 0.784312 0.804967 1.56395
1.23429 8.89304 3.38883 1.09853 0.773312 1.43539 0.810063 0.759002
1.71776 0.199014 0.649469 9.8263 0.773378 0.783986 0.804366 1.53634
0.211014 1.48281 0.569189 8.27329 0.706513 1.28204 0.739524 3.86431
0.880543 0.965397 8.2293 0.742272 0.688798 4.45878 0.807295 0.983368
0.570055 3.00514 3.43731 3.43509 0.451822 0.458139 7.99123 1.83385
6.04616 0.502386 4.85245 0.904178 0.642016 4.1676 3.38698 1.44776
1.31694 0.154127 8.53413 0.737214 1.54427 4.65918 0.808815 1.03031
0.336506 1.7652 2.01905 1.73933 5.50733 5.9573 4.60176 0.761794
1.65311 0.130838 1.8637 1.86196 9.33216 1.22163 0.800482 1.78648
0.267709 1.42071 0.542898 1.15221 0.341029 8.2889 4.03619 3.94788
5.19554 5.70164 2.88499 6.1389 1.79792 0.791226 0.812255 0.809982
0.332955 0.0388434 0.126092 0.268134 0.646878 0.734683 9.92376 1.51974
1.79006 9.5564 2.80701 1.11863 0.773332 0.784312 0.804967 1.56395
1.90759 0.15794 5.96112 0.726898 1.14078 3.40066 5.9508 2.2775
4.15517 4.55471 2.34273 4.2554 2.34836 4.35853 0.801773 1.41814
0.107519 0.755959 0.290134 4.21933 7.33946 0.983949 0.739553 3.8682
0.195166 1.44138 1.16125 1.38819 0.409267 10.0164 0.813507 0.373067
1.38697 7.40488 6.01369 3.14038 0.768662 0.780856 0.801422 1.83734
0.992072 0.11399 0.374368 5.69966 0.442539 5.4312 6.51934 1.0605
1.49202 7.74849 2.98869 0.981361 0.696581 1.08953 4.09613 1.44925
1.14625 8.05859 3.09293 3.17753 0.776443 1.0762 0.808919 0.676958
1.28499 6.87147 2.61729 0.63056 1.31503 7.1026 0.814272 0.189398
6.64982 0.520841 2.505 5.31617 1.5738 1.31429 4.32383 1.53709
2.04034 2.23798 3.40322 3.40123 3.3346 6.15699 4.28279 0.770994
0.972368 5.17658 4.20527 5.02728 0.643967 1.03486 4.02307 4.23137
0.54619 2.85509 9.07843 0.766824 1.72051 0.790831 0.81081 0.589286
3.33482 3.65416 3.96247 0.591322 3.75761 3.94366 0.747096 3.5235
5.35144 0.614217 6.05577 6.04436 1.78012 0.790939 0.811722 0.797539
9.41435 0.731686 3.54234 1.12182 0.778392 1.25009 0.813387 0.371757
1.34528 0.105097 8.76061 0.743667 0.685651 4.71404 0.80447 1.54111
0.956525 7.06318 2.67267 2.73892 0.618354 4.28436 4.34395 1.88785
0.952643 1.04477 0.533545 7.94282 1.45031 4.353 0.767597 3.23793
5.92262 0.45788 6.67819 0.99067 0.686109 4.76151 0.804827 1.55754
0.103051 0.61191 0.697394 0.69675 1.99863 9.76935 0.810872 0.777757
2.56766 2.8159 3.04601 3.64436 3.57551 6.5974 0.799654 1.74184
0.592474 4.25422 1.62274 0.527847 7.91395 1.0322 0.767351 3.21239
9.0125 1.06225 3.42137 0.76942 0.771526 0.783494 0.803477 1.49565
1.4145 0.160712 1.60078 1.5968 9.66732 1.43883 2.73737 0.810459
0.787526 0.86373 1.31335 9.37898 1.70818 0.779142 0.798998 1.81466
0.877856 6.06826 2.34076 0.790983 4.92506 0.974426 0.738677 3.75115
2.60094 2.85459 4.343 3.72606 0.51244 6.46381 4.77088 0.818891
0.0691153 0.369756 2.46512 0.188046 9.03461 1.14104 4.46575 0.377546
0.974708 5.78067 6.5882 0.995114 1.57956 1.12151 4.29149 0.723621
0.121576 0.655224 2.11346 1.65109 10.0283 1.25066 0.802344 1.88747
0.505394 2.92438 3.33264 3.33771 3.27997 3.43752 6.01134 0.731601
0.420948 2.17887 0.84163 1.77491 8.79697 1.19304 0.798638 1.68726
0.696877 4.18741 4.7726 4.76294 4.66215 0.708609 4.36067 1.83832
0.636459 3.30833 3.78405 3.78739 1.14494 3.41294 6.17131 1.45282
0.164633 1.16135 0.445289 6.49555 0.550759 0.764788 5.48563 3.89155
0.580934 3.0053 3.43744 3.44227 3.38229 6.23217 2.6369 0.733645
0.604626 3.14071 3.59233 0.393592 8.25411 0.791431 0.811196 0.347986
1.26222 6.74308 2.56946 2.63259 1.36795 0.605935 6.49344 1.84061
3.498 3.83662 5.83395 0.88791 5.83799 1.44302 0.810398 0.766759
0.279098 1.48842 9.88419 1.10752 0.766447 1.23461 0.801316 1.83159
0.256272 1.80094 0.691296 1.25563 8.17568 0.983667 0.739527 3.86472
5.49723 0.622582 6.22132 6.20468 0.774485 1.49002 0.812453 0.814607
2.50992 2.7509 1.41759 2.9824 1.49293 4.85679 5.84129 1.40126
3.59389 3.94217 4.26171 5.09698 4.99624 0.783711 0.803867 1.51348
1.72373 1.88929 2.87126 2.85967 0.405074 4.49479 5.40556 3.83393
4.68459 0.528737 5.30176 0.772205 1.24389 3.81648 6.70434 1.09099
2.78321 3.05267 1.55664 0.50145 7.61667 1.29872 4.21493 1.50106
0.144413 0.778149 5.23441 0.410481 9.14207 1.12368 0.814634 0.385379
1.45647 1.59795 6.80968 0.796212 1.27023 0.567617 6.00014 3.96545
1.21886 6.43002 2.46338 5.22022 0.685285 4.63198 0.80385 1.51272
4.87212 5.34182 5.78257 0.822172 1.68444 0.782901 0.802436 1.44821
0.474792 2.48511 7.90685 0.665448 4.89069 0.783305 0.803141 1.48034
1.06953 5.6243 2.12584 0.694193 4.56516 0.613102 6.29803 0.76699
0.890219 6.19284 2.3843 0.800631 3.97648 4.1714 2.5801 0.333878
0.236341 1.23578 1.41348 0.165125 6.76811 6.56776 0.799509 1.73403
1.49035 1.63498 0.831223 0.264827 8.5427 4.68773 0.804271 1.53201
3.97614 4.36132 4.71532 0.8554 5.64553 1.02181 2.72166 1.50811
0.519797 3.08395 3.51476 3.02454 0.99511 5.30654 6.37261 0.776196
0.263062 1.3962 1.597 1.5948 9.58882 1.22756 0.800863 1.80707
0.394099 2.34432 2.67184 2.71943 7.7108 0.70185 4.71102 0.781119
0.225669 1.16629 1.33399 1.33601 7.8914 1.05661 4.37487 1.68031
1.2141 6.38822 7.3069 0.772794 0.77611 1.23145 0.810772 0.716839
3.98042 4.36282 4.72702 0.689475 0.641241 4.05788 3.30547 1.4078
1.23572 6.59429 7.54274 0.76672 0.770156 1.24103 0.804927 1.56212
1.95779 2.14669 9.05431 1.10134 0.779858 0.790618 0.810436 0.582554
3.87857 4.42962 2.24498 4.71818 1.45212 4.26671 0.80107 1.38639
1.03945 5.53721 6.33361 5.44278 0.769842 0.780742 0.80121 1.82588
9.41435 0.731686 3.54234 1.12182 0.778392 1.25009 0.813387 0.371757
0.295655 1.55554 1.77924 1.53201 4.85498 5.2506 6.30665 0.768053
6.68952 0.781537 2.53422 0.627418 1.28554 6.85338 0.813059 0.182767
1.30612 6.99995 2.05129 0.813219 1.30553 7.0674 0.805344 1.5813
1.13934 8.21446 3.12963 3.21107 1.6913 1.41791 0.799716 1.74517
0.221088 1.17242 7.73125 0.875568 5.84199 0.767134 2.67508 0.368287
3.2875 3.60354 5.47681 0.866794 0.620102 3.94331 3.9938 1.41538
0.240155 1.2647 1.44658 1.44581 8.64796 0.716249 4.2778 0.770017
2.82873 3.1017 4.71536 4.06691 4.41405 0.716305 4.1635 0.583188
0.340765 1.77279 5.62434 4.41534 5.48313 0.75758 2.53893 1.45612
0.225434 1.20477 8.02148 6.05049 0.766823 1.23775 0.801517 1.84253
0.218452 1.15791 1.32444 1.32281 0.392005 9.50726 2.78202 0.731619
1.30942 7.78646 2.96837 3.04342 0.69843 0.707982 4.25992 1.79225
0.431203 2.29902 1.86735 2.2322 6.41645 6.93317 0.801291 1.83028
0.989735 1.08522 4.57657 0.556994 8.27857 0.789989 0.809781 0.695459
7.14287 0.536483 2.67434 5.69705 0.706466 1.15079 4.54585 0.384883
0.305527 0.335092 0.362394 3.05687 9.29957 1.09452 0.810599 0.713106
6.19961 0.727549 7.01451 1.06436 0.745527 0.755939 2.71828 1.50578
3.22932 3.5421 3.82976 0.695334 4.58544 0.613173 6.32581 0.770419
6.8739 0.541873 2.5919 0.827216 4.34411 4.54309 2.80518 0.781113
0.856833 6.22413 2.36622 2.42687 4.18729 1.03349 3.96056 3.86761
5.69603 6.25062 3.16464 0.992685 1.59247 4.86434 0.813055 0.629986
2.76733 3.03382 4.61149 0.552953 0.513382 5.81329 4.04473 1.43511
0.0594923 0.312833 0.997508 5.52113 4.1739 6.53937 2.61997 0.766869
1.3723 7.29887 2.78648 6.16296 1.77368 0.79172 0.81241 0.618246
3.56663 0.415258 4.03565 4.03152 1.19708 3.62041 6.34773 1.52452
0.149834 0.777498 4.99129 0.588637 3.78375 5.92497 4.11933 0.174301
0.985872 0.0740523 6.53476 4.8932 4.80453 1.14638 4.50769 1.09269
0.792846 0.86947 1.32196 9.28387 1.69884 0.779825 0.799555 1.7365
3.64806 4.00097 4.32724 0.79096 4.09472 4.28557 3.47462 1.49074
0.156277 0.836232 5.5765 4.20564 1.23431 3.76844 6.61562 0.628906
3.52095 0.282062 3.96916 0.603188 1.58073 5.20909 6.25672 1.50237
0.297591 1.53174 0.593114 0.197316 0.141169 6.98265 5.89817 1.4151
5.67618 0.450566 2.14251 3.91124 0.566801 6.77671 0.80393 1.5164
4.59389 5.03764 5.45054 0.703638 0.706977 0.716516 4.19539 0.588056
0.832854 4.40727 5.04111 0.758184 0.528862 6.36159 0.750239 3.91647
0.899696 5.30232 2.02807 4.30573 0.571294 6.73042 0.810273 0.763868
3.43631 3.76821 4.07715 2.36892 1.25095 6.59394 0.805429 1.25838
0.439272 2.32522 2.65963 2.70701 7.67556 1.10051 4.71081 0.781082
2.84783 3.12459 3.37542 4.03526 3.95139 0.605771 6.4272 1.82159
8.87714 0.721613 3.36288 1.09154 0.769022 1.21325 0.80314 1.48029
3.76952 4.13305 6.28302 0.745082 1.52876 0.709301 4.10437 1.45243
0.734207 5.23365 5.9361 2.88864 0.689346 4.50407 0.809729 0.694347
0.656885 3.43009 3.92333 3.92484 1.181 3.53362 6.18658 0.587591
0.797944 0.875068 1.33048 0.204309 6.39108 3.51886 6.1622 1.47936
3.75962 4.12333 2.10475 4.45423 0.593387 3.95608 4.01697 3.24782
3.71038 4.06806 2.08579 0.685332 4.40807 0.61254 6.0828 0.740422
5.75891 6.31326 3.24291 0.820988 1.67143 0.782672 0.802042 1.43035
4.79386 0.54617 5.42507 5.41248 1.58732 4.84914 0.810247 1.07482
0.863656 4.52539 5.17615 0.553794 1.24742 6.59828 0.798799 1.80353
0.761264 4.02893 4.60836 4.60343 1.36633 0.615109 6.4271 0.183964
0.673263 3.50592 4.01006 0.48422 0.973836 5.11851 6.1512 0.175962
5.47862 0.410079 6.17891 6.15999 1.79367 1.25709 0.805955 1.60948
0.431581 2.25137 7.15184 5.61234 0.759301 0.7698 0.789173 2.29925
0.693645 0.760635 6.53875 0.579941 3.90379 4.08762 4.13407 1.46973
0.671729 3.45233 3.94874 3.41298 0.530475 3.36183 5.87532 1.40954
7.14968 0.562961 2.69542 0.594594 0.596135 0.954171 6.36562 1.52887
1.23008 8.74017 3.34408 1.09936 0.780639 0.791379 0.811106 0.347017
0.70173 4.88063 5.53497 0.88663 0.637932 3.99276 0.747472 3.57019
0.225729 1.20676 1.38033 1.37737 0.404623 9.96542 0.801551 1.84435
6.88003 0.533067 2.58758 0.818073 0.566803 6.94545 0.804752 1.55407
1.3996 8.20494 3.14448 3.22696 0.762434 1.41087 0.79858 1.79136
0.925431 4.84978 3.94626 4.72131 1.41546 4.24769 0.749415 3.81274
0.565559 2.99825 3.42945 0.514045 7.92948 0.718728 4.36349 0.184835
1.37342 7.18533 2.76263 2.8349 4.8848 0.783282 0.803101 1.47849
1.98727 0.232099 0.75279 0.771942 0.17797 9.62184 0.800399 1.782
0.394162 2.08951 0.798837 0.81893 8.67532 1.31254 4.31398 1.53329
1.18485 6.31317 7.22118 1.0722 1.71367 1.20996 2.69838 0.7424
3.43631 3.76821 4.07715 2.36892 1.25095 6.59394 0.805429 1.25838
1.27589 6.61109 2.55249 5.38438 1.63298 1.04595 2.53899 0.736811
3.9673 4.34826 2.24035 0.575926 0.535805 5.93242 3.3272 0.560406
3.15846 3.46432 5.26798 5.26536 0.69514 1.299 4.23801 1.50399
0.0806244 0.59675 3.93247 0.440279 6.87923 0.973184 6.56889 0.374627
3.88556 4.26192 2.17208 4.60121 0.606646 0.614901 6.34534 0.181593
2.41074 2.64354 4.01906 4.02085 1.21057 6.37719 2.71832 0.751217
4.66876 0.366284 5.26384 4.52678 4.90628 1.41413 2.66857 0.784911
4.23896 0.493284 1.60437 0.512284 7.69569 1.30905 4.2944 1.52574
0.65427 3.48917 3.99102 3.98349 0.507634 6.24093 4.80406 0.797575
1.02019 5.34094 6.10898 0.937309 1.47857 4.43334 2.59613 0.706993
3.98042 4.36282 4.72702 0.689475 0.641241 4.05788 3.30547 1.4078
3.51645 3.85649 1.96959 4.16682 1.24919 6.60882 0.79971 1.74484
0.302627 1.79231 5.70201 0.676813 1.07336 5.71481 3.95642 3.87869
3.91949 4.29771 4.65118 5.56645 1.67981 1.41115 0.802686 1.45959
0.279098 1.48842 9.88419 1.10752 0.766447 1.23461 0.801316 1.83159
0.177532 0.9304 1.11585 1.09331 1.35736 9.55061 0.81104 0.593438
0.743643 0.815988 0.413563 6.31335 3.75798 6.9492 1.05605 1.83868
0.828217 4.31871 4.93973 0.535582 4.93213 4.38623 2.57318 0.749499
4.56386 5.00397 2.5645 0.841265 1.31997 0.612587 6.10051 0.742608
0.41057 0.450366 0.684888 4.9169 8.57997 1.23575 0.810767 0.77533
0.88551 4.67997 5.35301 5.34809 1.58961 0.71733 4.32196 0.607374
0.298365 2.16205 0.635556 0.258358 0.181212 9.65589 0.812297 0.359905
6.8739 0.541873 2.5919 0.827216 4.34411 4.54309 2.80518 0.781113
3.42993 3.76009 5.71527 0.687497 0.638497 4.09885 0.748283 3.67111
0.486471 2.8189 3.21246 3.2169 3.99564 6.25605 2.53151 0.734033
0.914932 4.77396 5.46045 5.463 1.6451 1.3811 2.57672 0.750814
0.129755 0.688482 4.54334 0.354814 7.91658 1.13046 4.35511 0.368889
0.985872 0.0740523 6.53476 4.8932 4.80453 1.14638 4.50769 1.09269
0.888941 4.7309 5.41132 5.40231 1.59436 0.710926 4.35788 1.55023
0.633053 3.31286 3.78925 0.581818 0.410116 4.78595 5.7501 3.79802
1.00545 7.13115 2.7299 2.8033 1.48823 4.42549 0.802283 1.44129
0.413738 2.15258 6.82948 0.831439 0.589195 0.597116 5.96452 2.28283
0.267709 1.42071 0.542898 1.15221 0.341029 8.2889 4.03619 3.94788
0.72796 4.34551 4.95267 4.25829 4.61483 1.32799 4.35245 0.787776
0.813559 4.81877 5.49191 5.48812 0.721075 0.731161 0.749947 3.87961
0.298856 1.54064 1.76217 1.76533 8.73039 0.778226 0.797403 1.72603
3.69248 4.04828 6.15377 0.7344 0.681529 4.4094 0.798771 1.69437
0.700059 3.73733 4.27487 4.26633 1.25509 6.76728 2.68624 1.56395
1.19436 7.13254 2.71482 4.96192 0.707716 0.717437 4.3564 0.788551
0.743643 0.815988 0.413563 6.31335 3.75798 6.9492 1.05605 1.83868
2.73352 2.99749 3.24341 3.88121 1.16853 3.49472 6.1181 1.46863
3.51636 3.8549 1.97973 3.59876 4.94005 4.39933 0.802084 1.43225
4.21457 4.61909 5.00584 0.734846 0.68387 4.2998 0.801324 1.39783
0.425411 2.22791 7.09043 5.5611 1.66836 0.764491 2.59711 0.758382
0.761464 4.37584 4.98664 0.608705 0.566125 6.28968 0.801542 1.40769
0.695694 5.01238 5.68547 5.68566 1.70523 1.08241 0.803217 1.48381
1.22713 8.8655 3.37568 1.09125 0.766865 1.42703 0.803384 1.49141
4.21361 4.62017 7.02377 0.829759 0.769252 0.779598 0.796057 1.71311
0.0806244 0.59675 3.93247 0.440279 6.87923 0.973184 6.56889 0.374627
0.131987 0.69639 0.56625 0.5833 0.0846967 0.0858512 9.9771 0.604549
0.14887 0.791469 5.23575 3.95173 1.16748 6.26813 4.33028 1.54577
0.942189 4.87395 5.57479 5.58265 0.772437 0.775575 0.802125 1.43412
0.659759 3.46038 3.958 0.605207 3.96207 6.20685 0.749484 3.82143
1.23008 8.74017 3.34408 1.09936 0.780639 0.791379 0.811106 0.347017
0.633053 3.31286 3.78925 0.581818 0.410116 4.78595 5.7501 3.79802
2.73352 2.99749 3.24341 3.88121 1.16853 3.49472 6.1181 1.46863
0.590591 3.47484 3.96016 3.95991 0.528665 3.51755 6.16127 1.80684
1.23363 6.60606 7.55625 0.830503 1.77846 0.784472 0.805264 1.57763
0.856981 6.2755 7.11888 1.06882 1.70064 0.76455 2.7829 0.367083
0.8789 6.27795 7.12065 1.10315 0.780782 0.79156 0.81142 0.35041
0.491515 2.86561 9.05786 0.775475 0.778928 0.789668 0.80944 0.744606
8.01102 0.643244 3.02906 0.976553 0.685101 4.59191 0.803547 1.49885
4.3089 4.72358 5.11561 0.736734 0.684329 4.38633 0.801985 1.42775
3.80353 4.17124 2.13105 0.69124 4.51272 0.612916 6.22618 0.75812
3.76974 0.423108 4.26656 4.2529 1.23669 3.80419 6.68502 1.96253
3.75055 4.11275 2.104 0.685796 4.45209 0.946268 6.17151 0.751372
2.40455 2.63853 1.3369 0.28836 6.57222 4.01199 4.04813 4.27711
2.13237 2.33991 3.55943 3.55167 3.47591 6.4286 4.4344 0.803882
1.39505 1.52889 2.32333 2.00964 2.75841 2.46079 7.49974 1.39231
1.02559 1.1247 0.574838 8.53435 1.56181 1.31013 0.740763 4.03067
0.968979 5.12508 5.86215 5.85627 1.73928 0.783834 0.804089 1.52364
0.49391 2.89299 9.16195 0.775677 0.779086 0.789871 0.809794 0.752801
0.236382 1.22772 1.40426 1.40562 8.33023 1.29705 0.740187 3.9532
0.125255 0.750836 2.40052 1.86633 5.38609 5.82004 4.01831 4.24294
0.916041 4.78284 5.47061 5.47278 1.64695 1.38238 2.58028 0.752135
3.76974 0.423108 4.26656 4.2529 1.23669 3.80419 6.68502 1.96253
0.765704 4.03916 1.54747 2.82443 3.06245 5.65527 3.91486 4.12441
0.619373 3.25231 2.64585 3.16518 3.92936 6.1559 0.741074 4.07261
0.362821 2.58561 8.13228 0.838575 1.55288 0.991813 0.740275 3.96506
2.81577 3.08797 1.57767 0.511801 7.70127 0.722529 0.740839 4.04093
0.425247 3.16715 3.59316 0.528013 8.32041 0.731919 0.751339 4.05542
3.85174 4.22463 2.15447 0.69429 4.56688 0.613108 6.30039 0.767281
