63 3.18856
0.724764 1.97153e-05 0.947776 0.876694 18.9024
0.824798 0.118336 6.62643e-05 0.843066 19.7329
0.299511 0.269786 0.0217322 8.82152e-06 24.2819
0.000902572 0.0379444 0.992586 0.756549 22.5789
0.163621 0.999413 0.241223 0.173218 22.0997
4.69747e-06 0.152228 0.878465 0.50355 22.0122
0.61507 0.00491554 0.454995 0.00965655 27.3506
0.999329 0.573178 0.0126434 0.30129 21.6654
0.474442 0.249429 0.84139 0.990225 19.243
0.871106 0.872559 0.748162 0.83449 15.7654
0.639818 0.00491554 0.00438266 0.00727955 27.2722
0.00101691 0.199986 0.029705 0.00894569 26.3987
0.00304251 0.0403314 0.102046 0.529454 23.3667
0.684228 0.538174 0.0241407 0.0181189 23.0837
0.000237382 0.0011822 0.192811 0.551231 24.3983
0.0268884 0.413664 0.653303 0.0357186 22.929
0.597329 0.629675 0.702806 0.573612 19.9551
0.492175 0.000691024 0.199036 0.0312071 22.411
0.642262 0.507715 0.233807 0.404469 21.2591
0.512105 0.853729 0.879512 0.66248 18.9993
0.707681 0.783738 0.353825 0.28439 19.6978
0.253463 0.104869 0.369621 0.324984 21.6507
0.00925016 0.979379 0.947628 0.729122 19.4288
0.768149 0.786241 0.664599 0.867772 18.4101
0.460305 0.682269 0.124552 0.0032011 23.18
0.22575 0.563443 0.96504 0.823779 19.0335
0.887391 0.482618 0.866385 0.211841 19.3469
0.844197 0.587059 0.122638 0.770845 19.624
0.793386 0.25155 0.377471 0.793771 20.0748
0.0696905 0.0366502 0.484808 0.351041 24.5661
0.852296 0.612767 0.246252 0.442467 18.7843
0.759978 0.0105153 0.0524182 0.638481 23.326
0.437862 0.747791 0.907849 0.949293 17.7395
0.208423 0.922137 0.251929 0.812421 18.4757
0.539204 0.130181 0.615356 0.193598 21.9795
0.0384359 0.164835 0.0693316 0.00881977 25.825
0.0113995 0.138462 0.0348702 0.499623 25.1248
0.152593 0.239413 0.0897262 0.470719 20.7702
0.54554 0.0223511 0.628141 0.775464 21.0496
0.318501 0.371006 0.0722138 0.00789103 22.7595
0.216992 0.917471 0.0017524 0.140128 21.5307
0.307725 0.641371 0.83077 0.12273 20.0218
0.659421 0.784477 0.262414 0.292697 19.9966
0.000713302 0.0393075 0.531815 0.243115 25.6601
0.33798 0.202586 0.0731278 0.00205354 26.03
0.295041 0.963647 0.0184761 0.821654 20.2262
0.161819 0.0216062 0.99012 0.708716 20.4151
0.470444 0.291617 0.213048 0.0195646 22.3389
0.142043 0.615384 0.769703 0.468027 20.973
0.00101691 0.944376 0.0291283 0.00894569 25.0344
0.18863 0.204318 0.540119 0.0606941 22.4569
0.31338 0.876826 0.300841 0.200992 19.5402
0.269882 0.393999 0.738981 0.942907 19.5932
0.935728 0.884333 0.720587 0.207399 17.8511
0.275237 0.337288 0.715274 0.917739 18.7914
0.0648606 0.348386 0.924726 0.735948 19.5613
0.421247 0.784477 0.269949 0.825667 19.1844
0.672512 0.301251 0.107164 0.892915 19.8068
0.0165196 0.0366502 0.344897 0.0117019 25.5121
0.0217922 0.50135 0.83636 0.22755 21.2955
0.716908 0.844672 0.779437 0.900329 16.5429
0.908572 0.744239 0.88907 0.823779 16.3478
0.567873 0.0939741 0.0115855 0.609273 22.5083
0.787131 0.876826 0.712275 0.892915 16.9707
0.665934 0.00491554 0.00528975 0.00727955 26.2064
0.870013 0.819325 0.108847 0.649049 19.0263
0.404872 0.431912 0.893974 0.0112174 21.1487
0.804896 0.700131 0.389154 0.880808 18.302
0.0690401 0.403161 0.641281 0.853184 20.4619
0.380045 0.339512 0.937438 0.174518 19.9297
0.851252 0.865328 0.697801 0.807751 16.9049
0.977159 0.902018 0.0389899 0.759213 18.9478
0.000902572 0.0366502 0.414748 0.00378434 25.268
0.589387 0.0983571 0.856428 0.652429 19.3642
0.943463 0.875503 0.79571 0.595992 17.7954
0.460447 0.802654 0.156837 0.720868 19.3864
0.944201 0.653446 0.864566 0.749589 17.9772
0.191494 0.496377 0.0987659 0.0247241 21.6762
0.389165 0.000919082 0.0707174 0.151245 24.2254
0.557948 0.0900637 0.00345993 0.618078 23.0142
0.0350574 0.361329 0.468907 0.0221441 22.7596
0.858251 0.612767 0.631706 0.426473 20.2704
0.908572 0.744239 0.88907 0.849136 16.1583
0.415205 0.827811 0.0827319 0.313784 20.6856
0.0631257 0.771957 0.97638 0.823779 18.5557
0.0398115 0.999095 0.494685 0.00884404 21.4985
0.0594849 0.000910803 0.374524 0.676867 24.0929
0.891117 0.744239 0.5761 0.823779 17.2072
0.0981774 0.713126 0.590413 0.0049186 22.0484
0.249196 0.676769 0.857911 0.129356 20.536
0.736093 0.86001 0.208714 0.12156 20.4906
0.197175 0.720007 0.752039 0.102857 20.2446
0.810313 0.743784 0.757462 0.904738 16.8554
0.635569 0.913925 0.0017524 0.898669 19.842
0.772816 0.414954 0.912222 0.873892 18.7678
0.898473 0.653446 0.811933 0.756791 18.6101
0.908572 0.743631 0.231143 0.114857 19.4726
0.243924 0.653482 0.613314 0.929013 19.3155
0.648084 0.323581 0.260724 0.910868 19.7806
0.810313 0.612826 0.850777 0.48221 18.3952
0.926204 0.003695 0.571606 0.0180233 21.7572
0.474442 0.249429 0.393782 0.684745 20.1066
0.0503478 0.186152 0.580403 0.0574342 23.1109
0.110512 0.228906 0.188704 0.674954 21.6694
0.0844358 0.16014 0.466736 0.185046 21.9768
0.852254 0.812439 0.285176 0.14738 17.9646
0.518977 0.00426909 0.19609 0.631009 21.5025
0.00293426 0.305165 0.0283669 0.63299 23.7353
0.112064 0.2121 0.587709 0.674954 21.5289
0.816532 0.194293 0.959098 0.346031 19.3136
0.777034 0.0250102 0.509909 0.00560665 22.3166
0.166371 0.124231 0.0674296 0.438561 20.3332
0.875216 0.0858077 0.279836 0.179801 20.3992
0.133184 0.147999 0.449491 0.186115 22.64
0.806342 0.00420037 0.804357 0.330345 21.5926
0.430951 0.111825 0.531298 0.810677 21.0488
0.0012335 0.047885 0.646716 0.0241754 23.8365
0.916115 0.791096 0.943443 0.150496 17.6138
0.539204 0.789596 0.274816 0.676071 19.1857
2.83192e-05 0.19256 0.316979 0.108237 23.5289
0.475216 0.804918 0.694526 0.0819489 20.5942
0.0791294 0.285766 0.251914 0.624103 21.8369
0.964598 0.778955 0.00451813 0.310095 20.9433
0.837224 0.0066784 0.734401 0.397297 21.2198
0.993933 0.805043 0.335144 0.135826 18.8456
0.0217922 0.931119 0.842008 0.227191 19.579
0.0293257 0.10136 0.137989 0.0131536 25.2016
0.819385 0.737458 0.40209 0.377229 19.4468
0.36122 0.444255 0.00848616 0.0081728 23.4474
0.159104 0.624049 0.441052 0.257682 21.6739
0.900176 0.827811 0.0789456 0.590268 18.8362
0.0178709 0.968029 0.241223 0.000234363 22.5039
0.387379 0.0162918 0.744972 0.400974 21.8876
0.763808 0.312243 0.679605 0.00294216 19.4083
0.576756 0.693298 0.731952 0.788194 19.5147
0.867195 0.612767 0.859803 0.45735 18.4566
0.77074 0.84843 0.876577 0.857374 16.0094
0.16561 0.889179 0.708489 0.985911 18.8182
0.923414 0.432118 0.720583 0.818558 19.1
0.136857 0.749237 0.289749 0.0253814 22.0967
0.128592 0.257563 0.426889 0.936138 20.257
0.41012 0.876111 0.748162 0.832843 17.6966
0.963562 0.700254 0.433218 0.736932 18.3315
2.83192e-05 0.671966 0.973297 0.130341 22.8145
0.0694296 0.386854 0.146174 0.700422 22.3756
0.118758 0.690316 0.241223 0.00136104 22.2525
0.973136 0.122789 0.60203 0.807082 19.9792
0.525872 0.0983571 0.856428 0.663516 20.3344
0.298206 0.737267 0.687483 0.800497 19.0533
0.810313 0.793241 0.906864 0.90396 16.6391
0.000713302 0.0101466 0.0318544 0.582034 24.9222
0.234946 0.565177 0.231926 0.804459 20.2205
0.0300131 0.663041 0.842008 0.227191 20.2634
0.16561 0.944035 0.79792 0.986252 18.7126
0.0150604 0.382582 0.737992 0.942907 19.6115
0.344796 0.444255 0.806599 0.0081728 21.3183
0.279216 0.0278436 0.128161 0.200117 21.3203
0.371036 0.254768 0.788145 0.237147 20.8992
0.803965 0.000910803 0.159556 0.36374 24.468
0.17464 0.00420037 0.804357 0.980641 20.6977
0.0946691 0.856654 0.872821 0.861652 18.1549
0.713297 0.822143 0.760753 0.388645 18.2861
0.821097 0.774373 0.892322 0.893966 16.4461
0.977781 0.781692 0.0126434 0.30129 20.4785
0.361869 0.434919 0.0917956 0.0835705 22.2366
0.710313 0.721949 0.75138 0.0431121 19.5087
0.628126 0.700254 0.0187403 0.736932 20.9002
0.268012 0.214616 0.0731278 0.00205354 23.9955
0.0178709 0.921496 0.831009 0.686241 18.9233
0.992449 0.0841398 0.78123 0.766391 20.0179
0.126841 0.245708 0.410719 0.919509 20.7347
0.18133 0.768003 0.165098 0.0598879 21.1229
0.81822 0.885643 0.751161 0.694774 18.3667
0.991721 0.140278 0.190377 0.253138 20.9939
0.69422 0.703121 0.206104 0.928211 18.9458
0.0645569 0.458208 0.951383 0.730099 19.6713
0.608377 0.575267 0.0157358 2.02385e-05 25.6162
0.0881082 0.761595 0.306994 0.0245409 21.3899
0.971005 0.162089 0.564935 0.78541 19.3493
0.286346 0.209033 0.0167849 0.948826 20.136
0.690045 0.180786 0.00252707 0.705899 20.5123
0.230592 0.565177 0.936322 0.279073 20.003
0.355382 0.752598 0.216295 0.345033 20.5977
0.144172 0.638241 0.692 0.244894 21.0678
0.0896917 0.864839 0.0867131 0.415599 19.7288
0.923414 0.752794 0.731952 0.788194 17.8684
0.570503 0.00406203 0.816766 0.0725913 21.1687
0.86241 0.118038 0.00549773 0.76344 20.6443
0.0464989 0.0105153 0.0524182 0.638481 23.9428
0.0189315 0.83357 0.560327 0.266011 21.2074
0.525872 0.0983571 0.00420513 0.0270603 24.4605
0.683326 0.821955 0.760753 0.388645 18.5129
0.275237 0.325422 0.723811 0.919355 19.1387
0.845384 0.119133 0.282078 0.0625801 21.4873
0.106029 0.732525 0.914899 0.823779 18.0159
0.024302 0.708429 0.815025 0.078605 21.839
0.342026 0.376372 0.0451158 0.00789103 22.5443
0.000722853 0.000910803 0.825514 0.36374 23.5086
0.87729 0.0338512 0.776352 0.106228 20.0477
0.259601 0.221637 0.0135401 0.964804 20.5472
0.0503478 0.172027 0.585152 0.0574342 23.7713
0.0426173 0.0680016 0.880378 0.0225931 22.0785
0.946518 0.827811 0.131631 0.583994 18.8661
0.369883 0.0801593 0.366053 0.923961 20.9915
0.867195 0.793181 0.755123 0.879694 17.0379
0.601745 0.475487 0.841893 2.02385e-05 22.6549
0.0395048 0.685655 0.0827319 0.714864 21.4816
0.950797 0.322895 0.0481231 0.722362 19.8953
0.191494 0.312243 0.244063 0.0181246 20.8428
0.833122 0.349067 0.119621 0.00935027 20.4459
0.581554 0.0313671 0.72686 0.773849 20.9278
0.95014 0.779571 0.023472 0.0699393 20.6192
0.871359 0.716934 0.776627 0.782907 17.4013
0.608915 0.470152 0.868886 0.797406 18.634
0.651982 0.840512 0.763508 0.447104 20.2023
0.0732386 0.693604 0.136841 0.71549 20.3068
0.0791294 0.285766 0.251914 0.64946 21.515
0.943463 0.279298 0.797964 0.844325 18.372
0.355382 0.0276373 0.22401 0.0905135 22.3133
0.77928 0.17953 0.0593634 0.0467539 21.7629
0.415747 0.00280789 0.0264259 0.163935 24.5585
0.0752017 0.268701 0.176288 0.248499 22.419
0.827747 0.803127 0.694933 0.884744 17.4995
0.205788 0.349689 0.17633 0.00760498 22.5566
0.943173 0.0570322 0.457626 0.080774 21.0889
0.727987 0.772093 0.58581 0.619421 19.1586
0.635973 0.830152 0.763508 0.892915 17.3539
0.0522452 0.0256291 0.545674 0.00190578 24.8478
0.266077 0.108945 0.170403 0.000705494 22.7425
0.201074 0.785017 0.315009 0.960642 19.1574
0.939381 0.887228 0.818957 0.0434659 17.7861
0.986459 0.077196 0.763913 0.0149728 22.208
0.875216 0.856654 0.872821 0.933694 15.8788
0.0690401 0.403161 0.641281 0.85731 20.2241
0.0896917 0.183071 0.00354207 0.415599 23.4989
2.83192e-05 0.120425 0.458036 0.257682 23.8415
0.826942 0.0326705 0.87722 0.803824 18.1722
0.299511 0.245228 0.0752938 8.82152e-06 23.9199
0.815391 0.739293 0.811269 0.377229 18.3777
0.00667529 0.667117 0.345903 0.105659 22.993
0.0694296 0.729939 0.146174 0.700422 21.0667
0.161819 0.0133942 0.902594 0.171255 20.6922
0.704106 0.653446 0.768341 0.0831594 20.1893
0.0942974 0.161821 0.491748 0.00547483 23.6432
0.875216 0.856654 0.872821 0.929569 16.0742
0.297412 0.0250193 0.612661 0.0131314 23.4258
0.430951 0.111825 0.0216792 0.874505 21.4365
0.0522452 0.0539417 0.545674 0.00217093 24.6904
0.824798 0.103664 6.62643e-05 0.973061 20.5949
0.011601 0.801032 0.922486 0.577267 19.96
0.260998 0.221637 0.00612609 0.964804 20.7594
0.202941 0.349689 0.22423 0.00661492 22.2229
0.0135833 0.152151 0.597605 0.137114 23.4343
0.742138 0.000919082 0.0707174 0.151245 23.5326
0.0135146 0.155204 0.00801508 0.481299 23.0231
0.801135 0.036877 0.816626 0.382475 18.9555
0.00412415 0.147432 0.799189 0.611895 21.4522
0.0189315 0.83357 0.575538 0.266011 20.8072
0.0384359 0.212731 0.0693316 0.000941697 26.0744
0.82235 0.0745474 0.119967 0.923961 19.3471
0.882915 0.744239 0.96504 0.951001 16.4825
0.230592 0.565177 0.855311 0.279073 20.054
0.341245 0.703121 0.206104 0.928211 19.1813
0.355382 0.807102 0.816711 0.839232 17.7009
0.0384359 0.161593 0.00137869 0.00894569 25.9885
0.593447 0.734846 0.0340186 0.220397 20.9572
0.0695035 0.667117 0.703754 0.0919811 20.8712
0.777034 0.626124 0.509909 0.000115971 22.8345
0.142154 0.467205 0.886453 0.69902 19.2064
0.852254 0.812439 0.800685 0.592703 17.4297
0.842639 0.886926 0.13378 0.795983 18.9842
0.0443327 0.0461226 0.0776425 0.147709 23.7422
0.0153978 0.796061 0.920116 0.129356 19.766
0.642262 0.507715 0.233807 0.404469 21.2591
0.361869 0.0657436 0.092857 0.0835321 23.2817
0.77928 0.17953 0.0600073 0.0467539 21.0497
0.161457 0.118038 0.00520232 0.430927 21.8863
0.777034 0.626124 0.498545 0.000115971 23.5339
0.0135145 0.772053 0.677289 0.890169 19.0121
0.77928 0.17953 0.100795 0.718898 20.1585
0.231479 0.0548939 0.245956 0.847009 21.7273
0.1433 0.0250193 0.472196 0.0131314 23.5133
0.567702 0.746044 0.874083 0.80772 18.5873
0.123561 0.470152 0.868886 0.223777 20.1655
0.380045 0.325228 0.363441 0.00935027 22.6881
0.00220279 0.13964 0.677476 0.340419 23.6131
0.18133 0.751398 0.165098 0.0598879 21.3352
0.372049 0.738878 0.0184553 0.0302506 22.5967
0.773865 0.742235 0.965314 0.107826 18.7271
0.810313 0.793241 0.746097 0.904738 17.0582
0.0286492 0.199986 0.00137869 0.00894569 26.3215
0.00444518 0.360228 0.924052 0.726812 20.2348
0.0942974 0.175275 0.12403 0.0615927 23.582
0.635973 0.840512 0.763508 0.892915 17.2712
0.380693 0.354623 0.365705 0.00935027 22.1697
0.16561 0.235063 0.708489 0.797816 20.1117
0.121716 0.247353 0.426889 0.936138 20.4586
0.742137 0.133372 0.936331 0.0110096 19.7384
0.416395 0.00898693 0.0259685 0.183817 24.3141
0.152593 0.879035 0.0867131 0.437526 18.9879
