1 0.013922
2561.08 2366 9519.28 429.021 313.414
88.144 35.2082 342.128 7198.81 7384.68
90.4807 432.557 417.886 0.722387 9988.59
7578.43 307.821 1963.46 7445.04 2222.69
336.91 102.299 326.916 9254.82 4127.9
133.133 1119.72 6281.68 7720.22 1815.16
9870.75 2567.84 550.102 3111.23 1692.27
26.2731 358.09 86.0361 496.237 10808.3
71.0043 59.1409 1933.1 8341.26 4543.76
1222.58 1455.31 4186.19 4818.27 7213.51
820.015 2417.15 6301.08 1947.39 7629.88
560.685 4141.47 2650.57 9271.15 3382.89
468.467 524.375 8360.49 2310.95 1577.75
0.383533 16.8507 348.993 2532.85 9642.36
1076.19 353.084 6100.41 1065.04 7201.38
9348.57 4800.39 2706.71 364.107 2865.37
451.249 4.82313 2374.89 9536.39 1799.93
21.759 107.053 956.579 1938.83 10057.3
895.821 240.648 3361.76 1659.92 8905.33
327.843 2383.9 8880.02 2560.69 2485.07
9273.11 2729.9 1027.86 1165.73 4388.4
3124.3 4908.15 5623.77 5566.8 4505.34
7373.76 1921.26 6202.86 1056.3 4889.44
8529.22 5915.38 758.247 3988.53 2446.68
61.0592 10.8508 733.733 9457.68 5666.11
58.9952 304.747 3894.67 7524.38 6325.95
316.666 77.3128 4178.69 5032.23 7733.98
368.877 1150.77 7033.09 2866.85 7509.05
10.4758 13.8349 589.646 7705.07 5577.65
3703.48 5571.53 5956.35 3085.5 4166.69
6634.36 1423.51 583.189 6318.93 3848.15
2.06097 8.84479 6663.96 1356 8220.78
353.014 518.239 3420.84 6172.42 6262.23
29.8951 29.3756 2987.54 9345.39 1731.4
70.8438 233.313 9351.94 774.45 5632.21
393.02 904.315 8711.22 361.891 4364.49
3647.56 4576.5 6889.68 1557.09 5080.27
3.19106 9.94321 118.032 4015.31 8894.46
223.726 1115.82 206.541 6674.41 7399.71
2315.65 1742.86 3470.77 4572.73 7819.3
926.914 1284.7 6085.97 772.681 7086.89
164.688 34.5982 14.7345 2863.65 9763.36
4.8549 34.2531 183.931 114.617 10930.6
377.338 1024.76 302.017 7458.82 6837.39
9599.05 2231.22 2171.21 5365.95 2754.7
6549.7 692.476 7697.57 1332.43 5512.52
308.246 976.765 9801.05 1065.25 1910.24
16.1851 90.2229 599.425 148.06 10899.5
5816.71 5904.32 3485.37 1989.8 3507.95
152.426 12.6189 47.4807 1706.25 9701.47
7.68162 137.922 523.627 110.227 10457.9
555.346 4779.95 262.239 8268.8 742.106
742.722 534.707 8508.6 5318.9 859.764
69.361 67.9263 1119.69 5772.61 7934.28
778.061 575.116 945.774 9101.57 437.628
2825.7 2134.55 1620.67 7783.23 5172.73
1571.74 6017.61 1657 434.471 8337.3
10.2941 58.4305 8635.14 208.925 6854.03
2546.32 2057.04 4585.9 7039.32 5726.69
2840.44 2948.64 484.485 7619.21 6467.41
745.459 1888.29 4686.64 5800.56 6478.53
3400.31 4483.94 6028.9 4173.06 5424.39
1517.66 6113.15 1807.24 7772.03 1901.03
305.674 933.136 4290.09 5302.44 6584.95
761.962 4818.65 7677.82 663.189 4566.23
7421.25 550.914 5620.05 2705.02 1306.45
626.75 557.476 6139.74 4337.91 6821.33
447.625 555.604 131.403 7252.88 7486.03
62.1078 324.703 54.8584 4278.19 8822.53
5797.77 5559.22 5799.51 4474.49 2897.48
5122.35 3475.38 7208.29 4753.41 1252.44
6217.93 563.299 3076.48 3325.3 7782.6
263.924 1062.96 4068.93 6717.49 6657.25
1469.58 2531.78 6573.41 6948.22 2905.5
2005.69 5739.45 3404.09 4069 4402.41
425.79 10.3895 2532.7 2067.26 9955.12
3316.27 364.609 1531.27 9062.41 2852.93
1225.89 691.668 695.115 9855.29 2019.68
284.882 5270.91 6352.5 915.296 6716.8
654.619 5430.69 2828.98 802.098 7103.46
1181.25 228.052 1361.69 904.475 8378.22
7767.77 3631.93 1395.12 1296.47 5281.17
16.5617 15.6803 86.3258 924.22 10524.6
1263.63 2322.96 2857.54 7996.79 3226.81
189.793 606.876 4770.85 7383.68 5776.97
283.114 2142.94 127.507 9354.14 3904.43
17.266 323.326 4834.91 9781.34 3410.3
4824.39 2057.62 1323.74 7000.57 4786.92
65.0293 1690.2 1295.7 9635.28 5387.89
692.965 7596.93 5480.5 15.1232 5841.03
1335.07 589.144 611.123 6347.49 6706.67
5.7027 11.5694 17.2782 2611.68 9013.05
1234.48 3091.64 7382.07 386.674 7199.03
83.7571 999.016 6435.94 5230.03 6363.69
65.1505 104.974 404.405 9954.83 183.471
1753.19 4596.78 5343.43 4461.51 5307.21
1332.9 2149.93 4414.78 517.513 6460.7
5755.57 7252.34 3915.82 373.561 206.843
1761.56 55.8906 8876.7 2816.82 5231.44
2160.4 1333.05 7359.57 1890.84 4765.57
788.683 825.773 120.325 9132.28 4738.24
3550.38 2370.71 9032.25 3017.68 638.952
1801.83 6056.57 5368.49 2884.76 5234.9
2033.43 1171.99 2563.99 5175.53 7859.86
573.691 2506 6504.53 2525.58 6473.49
3900.47 266.349 6121.92 962.842 7865.64
269.174 178.495 92.034 5983.98 7541.18
1385.22 1083.69 4126.88 186.519 8465.44
4410.13 1187.31 7367.45 1480.3 2813.16
190.128 3162.71 4533.83 2167.18 8185.59
52.3773 96.2133 155.784 179.353 10409.4
5138.46 1612.19 4827.24 2791.29 7015.54
105.581 233.327 439.54 7641.47 6674.09
144.455 103.443 899.324 3902.06 7945.02
1514.09 5133.23 5866.15 3470.92 5004.38
1479.76 2799.11 9350.7 1744.39 3460.68
37.15 0.252178 7536.45 5813.23 3926.05
855.36 116.793 646.443 7137.45 7594.6
3392.23 5526.74 3740.46 5635.8 2486.46
3.25624 1033.75 1192.92 7740.99 6587.73
4891.08 76.6938 1359.16 6707.21 6360.54
718.737 385.174 4392.89 7591.81 4498.9
2361.87 1921.73 4093.98 3498.89 8006.14
462.49 873.704 9638.59 3214.07 1662.36
7910.89 3696.68 2248.32 4662.48 3475.67
376.491 664.529 4067.69 9060.1 2.71922
4961.74 9782.51 852.89 3925.42 892.925
7.47046 803.774 4840.99 7300.05 6379.7
2339.57 4071.8 26.501 6975.61 6980.75
726.956 612.986 7372.56 4726.63 5288.17
1212.96 662.218 4585.99 3162.85 7541.08
357.449 5771.7 1816.03 8154.74 1027.51
1902.78 1234.79 6628.64 7271.66 3010.03
1277.1 3.95062 8.46475 6515.31 7635.71
426.292 528.391 1798.66 9760.46 2459.73
1098.97 6566.65 3933.83 6492.55 2564.1
78.1535 63.5012 316.309 150.915 9762.15
2.99758 0.414919 145.351 354.225 10351.8
7703.79 3125.54 3304.04 3502.98 695.61
2379.4 3096.58 665.226 3993.53 8524.12
596.67 5611.9 6713.53 5383.51 1014.06
744.282 452.329 7358.51 6947.04 1082.4
42.1725 171.669 29.0609 147.827 10416.7
2186.5 376.163 752.095 4067.86 7973.29
1483.51 857.804 1261.7 6974.25 6704.56
227.712 89.8297 1949.53 9852.84 1333.89
5654.25 1498.66 1006.54 7381.77 4013.06
339.47 153.857 3602.96 7372.05 6775.25
189.224 113.739 6437.85 7774.12 360.149
2269.98 2476.93 2975.82 352.522 7361.75
2064.09 4410.76 3216.02 6941.36 5397.57
868.459 13.9526 4459.18 5031.07 6381.52
7414.81 444.968 2475.69 5456.36 4060.67
276.208 2779.54 3237.55 8941.09 3912.33
7626.75 3914.13 5470.27 4453.54 693.434
3003.14 8979.6 3422.58 2270.65 1782.76
2870.3 4443.57 972.762 8456.29 4876.98
88.7745 114.263 472.26 5108.89 8478.56
4891.96 4987.22 4342.55 5210.41 295.512
547.116 1204.57 558.369 2575.49 8685.72
664.556 1448.55 2610.27 7204.6 7283.36
4191.04 5138.85 4355.59 380.087 6017.79
92.2151 34.3865 13.3714 17.8928 11292.6
243.247 170.538 739.528 9296 3565.33
1105.98 1540.87 5224.26 726.88 7776.45
35.3183 187.416 5641.96 8313.4 4693.67
49.6614 4.70296 109.549 11258.9 2510.32
4801.19 1167.92 5953.08 6554.57 297.586
4355.63 5236.11 2281.58 3957.23 6086.09
2794.18 4110.71 7393.06 2006.17 3129.68
49.3439 25.8034 43.9033 345.123 8967.86
4.18014 20.3557 0.958864 1517.14 10150.8
7694.92 674.944 577.599 3259.18 6313.45
5137.65 5686.81 1216.13 366.461 7834.65
1887.53 1063.27 2209.68 8168.78 4996.52
2709.36 7293.36 4627.76 4402.82 600.78
158.005 25.2796 693.106 389.807 9883.4
27.6533 365.678 253.284 10128.9 675.655
1577.04 2585.12 9397.13 1374.63 4036.51
2382.63 4198.44 7055.58 4135.37 3228.04
436.845 171.538 5553.54 7213.05 3307.03
156.793 165.814 1344.39 7292.1 7790.13
5654.25 1498.66 1006.54 7381.77 4013.06
172.926 209.343 746.865 7761.65 6449.99
572.449 542.208 6006.88 6206.17 6489.5
1577.04 2585.12 9397.13 1374.63 4036.51
2.99758 0.414919 145.351 354.225 10351.8
1887.53 1063.27 2209.68 8168.78 4996.52
10.4758 13.8349 589.646 7705.07 5577.65
7421.25 550.914 5620.05 2705.02 1306.45
2512.77 1700.5 3917.93 1826.71 8393.04
37.9416 14.87 386.966 6119.21 9375.45
308.246 976.765 9801.05 1065.25 1910.24
5816.71 5904.32 3485.37 1989.8 3507.95
10.4758 13.8349 589.646 7705.07 5577.65
2215.71 5553.96 5707.89 1708.1 6659.42
164.688 34.5982 14.7345 2863.65 9763.36
1571.74 6017.61 1657 434.471 8337.3
49.6614 4.70296 109.549 11258.9 2510.32
5654.25 1498.66 1006.54 7381.77 4013.06
423.431 2152.76 3819.7 4222.13 8113.9
7578.43 307.821 1963.46 7445.04 2222.69
1232.92 3268.12 5619.8 10001.7 950.94
4410.13 1187.31 7367.45 1480.3 2813.16
664.556 1448.55 2610.27 7204.6 7283.36
84.2426 90.3929 573.013 192.668 9985.59
368.611 2033.92 1129.53 153.215 10373.6
156.793 165.814 1344.39 7292.1 7790.13
38.7232 213.506 2089.45 1148.38 10542.6
17.266 323.326 4834.91 9781.34 3410.3
2269.98 2476.93 2975.82 352.522 7361.75
1212.96 662.218 4585.99 3162.85 7541.08
6634.36 1423.51 583.189 6318.93 3848.15
2064.09 4410.76 3216.02 6941.36 5397.57
9870.75 2567.84 550.102 3111.23 1692.27
61.0592 10.8508 733.733 9457.68 5666.11
263.924 1062.96 4068.93 6717.49 6657.25
1724.88 722.87 780.576 6357.11 8694.59
133.133 1119.72 6281.68 7720.22 1815.16
555.346 4779.95 262.239 8268.8 742.106
52.3773 96.2133 155.784 179.353 10409.4
92.2151 34.3865 13.3714 17.8928 11292.6
2512.77 1700.5 3917.93 1826.71 8393.04
90.4807 432.557 417.886 0.722387 9988.59
1076.19 353.084 6100.41 1065.04 7201.38
451.249 4.82313 2374.89 9536.39 1799.93
5797.77 5559.22 5799.51 4474.49 2897.48
6217.93 563.299 3076.48 3325.3 7782.6
284.882 5270.91 6352.5 915.296 6716.8
1335.07 589.144 611.123 6347.49 6706.67
1385.22 1083.69 4126.88 186.519 8465.44
2361.87 1921.73 4093.98 3498.89 8006.14
376.491 664.529 4067.69 9060.1 2.71922
4961.74 9782.51 852.89 3925.42 892.925
357.449 5771.7 1816.03 8154.74 1027.51
7703.79 3125.54 3304.04 3502.98 695.61
2186.5 376.163 752.095 4067.86 7973.29
276.208 2779.54 3237.55 8941.09 3912.33
547.116 1204.57 558.369 2575.49 8685.72
158.005 25.2796 693.106 389.807 9883.4
368.611 2033.92 1129.53 153.215 10373.6
276.208 2779.54 3237.55 8941.09 3912.33
158.504 25.9439 89.8672 2478.57 9837.12
1345.07 870.557 73.0033 524.127 9543.9
449.271 210.918 801.648 1178.4 9618.3
1538.73 5988.22 232.894 549.548 9206.93
55.0474 2538.07 2273.94 2583.46 9800.63
654.619 5430.69 2828.98 802.098 7103.46
596.67 5611.9 6713.53 5383.51 1014.06
357.449 5771.7 1816.03 8154.74 1027.51
6634.36 1423.51 583.189 6318.93 3848.15
158.005 25.2796 693.106 389.807 9883.4
90.4807 432.557 417.886 0.722387 9988.59
225.081 438.923 858.341 8131.23 7283.5
1263.63 2322.96 2857.54 7996.79 3226.81
4801.19 1167.92 5953.08 6554.57 297.586
634.093 1688.09 809.444 10208.8 2649.95
626.75 557.476 6139.74 4337.91 6821.33
718.737 385.174 4392.89 7591.81 4498.9
500.497 217.663 1240.44 568.686 10127.7
327.843 2383.9 8880.02 2560.69 2485.07
1514.09 5133.23 5866.15 3470.92 5004.38
2361.87 1921.73 4093.98 3498.89 8006.14
37.15 0.252178 7536.45 5813.23 3926.05
1219.82 99.4426 993.216 1387.51 10611.6
468.467 524.375 8360.49 2310.95 1577.75
21.759 107.053 956.579 1938.83 10057.3
2.06097 8.84479 6663.96 1356 8220.78
377.338 1024.76 302.017 7458.82 6837.39
761.962 4818.65 7677.82 663.189 4566.23
4891.08 76.6938 1359.16 6707.21 6360.54
426.292 528.391 1798.66 9760.46 2459.73
1098.97 6566.65 3933.83 6492.55 2564.1
744.282 452.329 7358.51 6947.04 1082.4
1483.51 857.804 1261.7 6974.25 6704.56
7626.75 3914.13 5470.27 4453.54 693.434
38.7232 213.506 2089.45 1148.38 10542.6
38.7232 213.506 2089.45 1148.38 10542.6
1076.19 353.084 6100.41 1065.04 7201.38
1212.96 662.218 4585.99 3162.85 7541.08
654.619 5430.69 2828.98 802.098 7103.46
1219.82 99.4426 993.216 1387.51 10611.6
1212.96 662.218 4585.99 3162.85 7541.08
742.722 534.707 8508.6 5318.9 859.764
49.6614 4.70296 109.549 11258.9 2510.32
3316.27 364.609 1531.27 9062.41 2852.93
2379.4 3096.58 665.226 3993.53 8524.12
263.924 1062.96 4068.93 6717.49 6657.25
1263.63 2322.96 2857.54 7996.79 3226.81
84.2426 90.3929 573.013 192.668 9985.59
65.1505 104.974 404.405 9954.83 183.471
3647.56 4576.5 6889.68 1557.09 5080.27
6634.36 1423.51 583.189 6318.93 3848.15
560.685 4141.47 2650.57 9271.15 3382.89
664.556 1448.55 2610.27 7204.6 7283.36
1571.74 6017.61 1657 434.471 8337.3
2825.7 2134.55 1620.67 7783.23 5172.73
269.174 178.495 92.034 5983.98 7541.18
3703.48 5571.53 5956.35 3085.5 4166.69
1105.98 1540.87 5224.26 726.88 7776.45
