1562 24.1342
0.0372974 0.00258787 0.0231231 0.0943388 89.2855
0.0372974 0.00258787 0.0231231 0.0943388 89.2855
0.0372974 0.00258787 0.0231231 0.0943388 89.2855
0.0424785 0.0142666 0.038782 0.0854766 89.317
19.1127 12.1334 84.4442 7.0149 17.0541
0.0372974 0.00258787 0.0231231 0.0943388 89.2855
49.6285 38.8409 49.7832 33.7183 6.70831
10.0241 67.7972 19.7477 24.178 47.4427
76.3463 14.464 22.3863 33.944 15.8094
6.63511 16.1359 13.7828 66.1747 53.1922
67.6127 4.69148 53.5387 21.5 6.85962
58.4442 45.7388 6.34462 31.2741 32.7637
39.6216 33.6529 38.6219 45.7885 41.0046
39.6216 33.6529 38.6219 45.7885 41.0046
76.3463 14.464 22.3863 33.944 15.8094
4.87446 8.10229 35.2564 48.9974 62.9912
9.28051 47.4839 30.7754 39.6414 55.6732
52.2675 44.3951 19.7628 5.7356 51.3922
50.6985 39.6792 50.8573 13.9696 26.7453
22.2319 7.12599 59.2533 26.7349 55.1638
7.96111 19.3638 53.1441 9.71898 67.2651
27.5108 66.9153 20.8473 18.747 42.648
6.63511 16.1359 13.7828 66.1747 53.1922
2.11707 10.8286 28.0054 40.4005 72.7743
35.8157 59.539 26.7118 24.217 43.0248
15.872 12.4217 15.9202 21.5898 81.1737
7.01502 12.8495 37.1609 53.6102 58.8761
56.5648 44.2659 20.6949 31.378 35.5612
15.872 12.4217 15.9202 21.5898 81.1737
24.1208 58.6638 55.4909 3.87213 24.0724
2.60116 13.3033 50.5455 70.2403 9.72958
3.02003 5.01994 4.62779 1.85952 87.2041
45.4498 35.5679 45.5877 18.3096 46.0795
25.056 41.6437 14.0094 67.8862 20.1001
14.7373 46.3172 4.15073 12.1453 72.6128
60.6788 20.3756 50.5578 26.5336 27.5609
19.1127 12.1334 84.4442 7.0149 17.0541
7.13014 11.8518 12.1 54.7001 66.9915
19.1127 12.1334 84.4442 7.0149 17.0541
19.1127 12.1334 84.4442 7.0149 17.0541
49.6285 38.8409 49.7832 33.7183 6.70831
21.2616 16.6392 2.30494 80.6607 24.2801
3.02003 5.01994 4.62779 1.85952 87.2041
47.7052 16.0226 44.0228 46.2233 35.6587
9.35377 15.5472 6.9774 57.8559 62.9221
19.8647 15.5453 7.26734 78.1498 33.4369
9.61104 49.1681 24.8927 38.6722 57.2585
1.99441 1.56075 34.7182 74.6978 33.4221
4.87446 8.10229 35.2564 48.9974 62.9912
18.7151 62.5006 18.801 46.9411 30.5863
45.4498 35.5679 45.5877 18.3096 46.0795
4.94928 15.5579 70.0903 30.209 42.8996
32.5271 54.0643 49.8417 20.4336 26.6578
9.28051 47.4839 30.7754 39.6414 55.6732
41.6204 32.5708 26.2601 55.9056 35.658
50.6711 52.3938 28.0197 19.8301 39.6424
19.8647 15.5453 7.26734 78.1498 33.4369
29.9488 23.4386 65.7936 32.9467 30.6918
21.2616 16.6392 2.30494 80.6607 24.2801
42.5391 33.2911 42.6706 3.1607 55.0366
9.32875 17.0867 15.3774 17.1507 82.9873
76.3463 14.464 22.3863 33.944 15.8094
25.3438 19.8354 55.6659 44.4555 38.4625
18.7151 62.5006 18.801 46.9411 30.5863
4.14607 21.2038 80.5588 27.1413 9.74148
4.14607 21.2038 80.5588 27.1413 9.74148
45.9858 35.99 18.0031 42.2473 46.7972
50.6711 52.3938 28.0197 19.8301 39.6424
39.044 30.5563 39.1675 43.6821 42.2208
42.1978 43.6315 47.9453 23.1072 38.3373
34.8809 27.2995 71.9243 21.0378 10.7312
9.61104 49.1681 24.8927 38.6722 57.2585
29.9488 23.4386 65.7936 32.9467 30.6918
6.63511 16.1359 13.7828 66.1747 53.1922
52.2675 44.3951 19.7628 5.7356 51.3922
17.4651 47.2956 39.8271 15.9992 58.3113
15.5637 25.8721 76.6456 20.563 27.2837
7.13014 11.8518 12.1 54.7001 66.9915
34.8809 27.2995 71.9243 21.0378 10.7312
1.76621 9.03593 2.65286 81.7967 33.4013
2.11707 10.8286 28.0054 40.4005 72.7743
25.3438 19.8354 55.6659 44.4555 38.4625
14.4632 24.0416 22.1621 76.7242 27.1999
3.06134 61.6007 48.7236 3.61428 38.5123
9.61104 49.1681 24.8927 38.6722 57.2585
16.851 28.0097 9.41951 74.0231 33.0411
24.1208 58.6638 55.4909 3.87213 24.0724
4.41845 3.45778 24.0844 73.6199 42.6867
14.7373 46.3172 4.15073 12.1453 72.6128
45.4498 35.5679 45.5877 18.3096 46.0795
47.7052 16.0226 44.0228 46.2233 35.6587
9.32875 17.0867 15.3774 17.1507 82.9873
58.4442 45.7388 6.34462 31.2741 32.7637
6.73042 38.5525 30.9149 66.9452 26.8246
2.60116 13.3033 50.5455 70.2403 9.72958
56.5648 44.2659 20.6949 31.378 35.5612
13.635 0.9493 67.0811 17.0527 50.6396
7.96111 19.3638 53.1441 9.71898 67.2651
14.4632 24.0416 22.1621 76.7242 27.1999
41.6204 32.5708 26.2601 55.9056 35.658
7.96111 19.3638 53.1441 9.71898 67.2651
4.14607 21.2038 80.5588 27.1413 9.74148
10.0241 67.7972 19.7477 24.178 47.4427
1.99441 1.56075 34.7182 74.6978 33.4221
47.7052 16.0226 44.0228 46.2233 35.6587
13.635 0.9493 67.0811 17.0527 50.6396
42.1978 43.6315 47.9453 23.1072 38.3373
39.044 30.5563 39.1675 43.6821 42.2208
34.8809 27.2995 71.9243 21.0378 10.7312
4.94928 15.5579 70.0903 30.209 42.8996
25.056 41.6437 14.0094 67.8862 20.1001
33.9237 56.3942 51.9831 21.3012 20.5424
19.8647 15.5453 7.26734 78.1498 33.4369
27.5108 66.9153 20.8473 18.747 42.648
9.61104 49.1681 24.8927 38.6722 57.2585
15.872 12.4217 15.9202 21.5898 81.1737
60.6788 20.3756 50.5578 26.5336 27.5609
42.1978 43.6315 47.9453 23.1072 38.3373
25.056 41.6437 14.0094 67.8862 20.1001
42.5391 33.2911 42.6706 3.1607 55.0366
11.7573 67.3871 18.3403 3.24527 54.0167
49.6285 38.8409 49.7832 33.7183 6.70831
76.3463 14.464 22.3863 33.944 15.8094
49.6285 38.8409 49.7832 33.7183 6.70831
14.7373 46.3172 4.15073 12.1453 72.6128
4.80288 7.98422 23.6513 75.6783 39.0767
9.32875 17.0867 15.3774 17.1507 82.9873
29.9488 23.4386 65.7936 32.9467 30.6918
15.872 12.4217 15.9202 21.5898 81.1737
4.14607 21.2038 80.5588 27.1413 9.74148
4.94928 15.5579 70.0903 30.209 42.8996
2.11707 10.8286 28.0054 40.4005 72.7743
32.5271 54.0643 49.8417 20.4336 26.6578
25.3438 19.8354 55.6659 44.4555 38.4625
22.9048 62.0279 52.2322 3.86444 27.1061
25.056 41.6437 14.0094 67.8862 20.1001
3.02003 5.01994 4.62779 1.85952 87.2041
49.6285 38.8409 49.7832 33.7183 6.70831
45.9858 35.99 18.0031 42.2473 46.7972
39.6216 33.6529 38.6219 45.7885 41.0046
42.1978 43.6315 47.9453 23.1072 38.3373
7.96111 19.3638 53.1441 9.71898 67.2651
12.4691 4.18708 3.78883 82.9922 31.1674
41.6204 32.5708 26.2601 55.9056 35.658
25.3438 19.8354 55.6659 44.4555 38.4625
11.1838 57.1865 50.9762 25.1956 33.019
7.01502 12.8495 37.1609 53.6102 58.8761
32.5271 54.0643 49.8417 20.4336 26.6578
76.3463 14.464 22.3863 33.944 15.8094
2.11707 10.8286 28.0054 40.4005 72.7743
14.4632 24.0416 22.1621 76.7242 27.1999
45.9858 35.99 18.0031 42.2473 46.7972
12.4691 4.18708 3.78883 82.9922 31.1674
7.01502 12.8495 37.1609 53.6102 58.8761
4.87446 8.10229 35.2564 48.9974 62.9912
21.2616 16.6392 2.30494 80.6607 24.2801
7.96111 19.3638 53.1441 9.71898 67.2651
12.4691 4.18708 3.78883 82.9922 31.1674
0.0424785 0.0142666 0.038782 0.0854766 89.317
34.8809 27.2995 71.9243 21.0378 10.7312
4.94928 15.5579 70.0903 30.209 42.8996
4.87446 8.10229 35.2564 48.9974 62.9912
0.0372974 0.00258787 0.0231231 0.0943388 89.2855
14.7373 46.3172 4.15073 12.1453 72.6128
7.01502 12.8495 37.1609 53.6102 58.8761
32.5271 54.0643 49.8417 20.4336 26.6578
14.4632 24.0416 22.1621 76.7242 27.1999
17.4651 47.2956 39.8271 15.9992 58.3113
22.9048 62.0279 52.2322 3.86444 27.1061
6.73042 38.5525 30.9149 66.9452 26.8246
7.13014 11.8518 12.1 54.7001 66.9915
18.7151 62.5006 18.801 46.9411 30.5863
41.6204 32.5708 26.2601 55.9056 35.658
33.9237 56.3942 51.9831 21.3012 20.5424
12.4691 4.18708 3.78883 82.9922 31.1674
21.2616 16.6392 2.30494 80.6607 24.2801
6.73042 38.5525 30.9149 66.9452 26.8246
3.06134 61.6007 48.7236 3.61428 38.5123
50.6985 39.6792 50.8573 13.9696 26.7453
9.28051 47.4839 30.7754 39.6414 55.6732
76.3463 14.464 22.3863 33.944 15.8094
27.5108 66.9153 20.8473 18.747 42.648
9.28051 47.4839 30.7754 39.6414 55.6732
18.7151 62.5006 18.801 46.9411 30.5863
38.1087 7.60484 67.2261 25.2701 33.1199
49.6285 38.8409 49.7832 33.7183 6.70831
7.96111 19.3638 53.1441 9.71898 67.2651
67.6127 4.69148 53.5387 21.5 6.85962
12.4691 4.18708 3.78883 82.9922 31.1674
67.6127 4.69148 53.5387 21.5 6.85962
4.41845 3.45778 24.0844 73.6199 42.6867
1.99441 1.56075 34.7182 74.6978 33.4221
42.1978 43.6315 47.9453 23.1072 38.3373
34.8809 27.2995 71.9243 21.0378 10.7312
42.1978 43.6315 47.9453 23.1072 38.3373
4.80288 7.98422 23.6513 75.6783 39.0767
60.6788 20.3756 50.5578 26.5336 27.5609
3.06134 61.6007 48.7236 3.61428 38.5123
42.1978 43.6315 47.9453 23.1072 38.3373
9.61104 49.1681 24.8927 38.6722 57.2585
41.6204 32.5708 26.2601 55.9056 35.658
27.5108 66.9153 20.8473 18.747 42.648
7.01502 12.8495 37.1609 53.6102 58.8761
9.32875 17.0867 15.3774 17.1507 82.9873
22.2319 7.12599 59.2533 26.7349 55.1638
9.61104 49.1681 24.8927 38.6722 57.2585
29.9488 23.4386 65.7936 32.9467 30.6918
49.6285 38.8409 49.7832 33.7183 6.70831
25.056 41.6437 14.0094 67.8862 20.1001
16.851 28.0097 9.41951 74.0231 33.0411
4.80288 7.98422 23.6513 75.6783 39.0767
15.5637 25.8721 76.6456 20.563 27.2837
34.8809 27.2995 71.9243 21.0378 10.7312
4.94928 15.5579 70.0903 30.209 42.8996
39.044 30.5563 39.1675 43.6821 42.2208
18.7151 62.5006 18.801 46.9411 30.5863
4.87446 8.10229 35.2564 48.9974 62.9912
22.2319 7.12599 59.2533 26.7349 55.1638
60.6788 20.3756 50.5578 26.5336 27.5609
0.0372974 0.00258787 0.0231231 0.0943388 89.2855
45.9858 35.99 18.0031 42.2473 46.7972
58.4442 45.7388 6.34462 31.2741 32.7637
3.06134 61.6007 48.7236 3.61428 38.5123
2.11707 10.8286 28.0054 40.4005 72.7743
47.7052 16.0226 44.0228 46.2233 35.6587
67.6127 4.69148 53.5387 21.5 6.85962
4.41845 3.45778 24.0844 73.6199 42.6867
0.0372974 0.00258787 0.0231231 0.0943388 89.2855
19.1127 12.1334 84.4442 7.0149 17.0541
2.60116 13.3033 50.5455 70.2403 9.72958
76.3463 14.464 22.3863 33.944 15.8094
1.99441 1.56075 34.7182 74.6978 33.4221
3.02003 5.01994 4.62779 1.85952 87.2041
14.7373 46.3172 4.15073 12.1453 72.6128
45.4498 35.5679 45.5877 18.3096 46.0795
12.4691 4.18708 3.78883 82.9922 31.1674
9.35377 15.5472 6.9774 57.8559 62.9221
4.87446 8.10229 35.2564 48.9974 62.9912
45.4498 35.5679 45.5877 18.3096 46.0795
4.94928 15.5579 70.0903 30.209 42.8996
32.5271 54.0643 49.8417 20.4336 26.6578
42.5391 33.2911 42.6706 3.1607 55.0366
7.01502 12.8495 37.1609 53.6102 58.8761
41.6204 32.5708 26.2601 55.9056 35.658
22.2319 7.12599 59.2533 26.7349 55.1638
13.635 0.9493 67.0811 17.0527 50.6396
19.1127 12.1334 84.4442 7.0149 17.0541
18.7151 62.5006 18.801 46.9411 30.5863
4.14607 21.2038 80.5588 27.1413 9.74148
7.01502 12.8495 37.1609 53.6102 58.8761
14.4632 24.0416 22.1621 76.7242 27.1999
35.8157 59.539 26.7118 24.217 43.0248
7.13014 11.8518 12.1 54.7001 66.9915
34.8809 27.2995 71.9243 21.0378 10.7312
24.1208 58.6638 55.4909 3.87213 24.0724
27.5108 66.9153 20.8473 18.747 42.648
2.60116 13.3033 50.5455 70.2403 9.72958
32.5271 54.0643 49.8417 20.4336 26.6578
7.96111 19.3638 53.1441 9.71898 67.2651
7.13014 11.8518 12.1 54.7001 66.9915
7.01502 12.8495 37.1609 53.6102 58.8761
76.3463 14.464 22.3863 33.944 15.8094
34.8809 27.2995 71.9243 21.0378 10.7312
4.94928 15.5579 70.0903 30.209 42.8996
2.60116 13.3033 50.5455 70.2403 9.72958
7.96111 19.3638 53.1441 9.71898 67.2651
4.14607 21.2038 80.5588 27.1413 9.74148
45.4498 35.5679 45.5877 18.3096 46.0795
10.0241 67.7972 19.7477 24.178 47.4427
13.635 0.9493 67.0811 17.0527 50.6396
11.7573 67.3871 18.3403 3.24527 54.0167
14.7373 46.3172 4.15073 12.1453 72.6128
4.87446 8.10229 35.2564 48.9974 62.9912
33.9237 56.3942 51.9831 21.3012 20.5424
42.5391 33.2911 42.6706 3.1607 55.0366
4.41845 3.45778 24.0844 73.6199 42.6867
67.6127 4.69148 53.5387 21.5 6.85962
25.056 41.6437 14.0094 67.8862 20.1001
15.872 12.4217 15.9202 21.5898 81.1737
0.0372974 0.00258787 0.0231231 0.0943388 89.2855
58.4442 45.7388 6.34462 31.2741 32.7637
29.9488 23.4386 65.7936 32.9467 30.6918
42.1978 43.6315 47.9453 23.1072 38.3373
25.3438 19.8354 55.6659 44.4555 38.4625
25.056 41.6437 14.0094 67.8862 20.1001
32.5271 54.0643 49.8417 20.4336 26.6578
4.14607 21.2038 80.5588 27.1413 9.74148
42.1978 43.6315 47.9453 23.1072 38.3373
9.32875 17.0867 15.3774 17.1507 82.9873
34.8809 27.2995 71.9243 21.0378 10.7312
25.3438 19.8354 55.6659 44.4555 38.4625
7.01502 12.8495 37.1609 53.6102 58.8761
6.63511 16.1359 13.7828 66.1747 53.1922
7.01502 12.8495 37.1609 53.6102 58.8761
9.32875 17.0867 15.3774 17.1507 82.9873
49.6285 38.8409 49.7832 33.7183 6.70831
4.80288 7.98422 23.6513 75.6783 39.0767
7.13014 11.8518 12.1 54.7001 66.9915
4.80288 7.98422 23.6513 75.6783 39.0767
1.76621 9.03593 2.65286 81.7967 33.4013
