131 0.648567
0.249995 0.00136645 0.285621 0.86872 26.0881
0.0107423 0.172811 0.841759 0.201842 28.9691
0.708318 0.436086 0.00525237 0.486819 30.677
0.202822 0.776346 0.995644 0.0230844 26.1705
0.0949672 0.976648 0.804294 0.126796 27.2204
0.162065 0.172815 0.831533 0.912995 28.5622
0.41435 0.097237 0.831531 0.0230653 32.9487
0.314962 0.0832532 0.549433 0.0670584 34.1908
0.868398 0.66529 0.132477 0.0784009 27.8859
0.815114 0.782187 0.51407 0.54415 23.3844
0.741922 0.333974 0.264251 0.746781 24.6292
0.450371 0.508094 0.0299886 0.304191 29.6341
0.0889736 0.277111 0.650836 0.0443968 31.2461
0.164262 0.906035 0.702421 0.201837 25.8443
0.362585 0.284762 0.128405 0.0697179 32.8279
0.0224816 0.333974 0.285622 0.0230695 28.1914
0.63737 0.821632 0.900028 0.125364 26.8671
0.0224739 0.545438 0.804292 0.276452 27.8382
0.474467 0.906942 0.00526523 0.386959 26.5815
0.788267 0.203484 0.285615 0.078393 29.7923
0.63737 0.821632 0.900028 0.125364 26.8671
0.0851454 0.179731 0.411784 0.0471727 31.7701
0.180731 0.782187 0.971764 0.386956 26.8988
0.542669 0.108222 0.883133 0.201822 25.3776
0.716633 0.192771 0.205653 0.0473499 30.808
0.20284 0.776338 0.17301 0.0471633 27.7265
0.542678 0.138213 0.931783 0.0230724 28.5498
0.467996 0.00137414 0.549431 0.809585 32.5319
0.289544 0.436089 0.0352421 0.0783886 33.1144
0.0851435 0.638038 0.00526752 0.0230691 29.9116
0.0949672 0.976648 0.804294 0.126796 27.2204
0.840462 0.724816 0.75669 0.0956467 24.4906
0.741922 0.333974 0.264251 0.746781 24.6292
0.249995 0.00136645 0.285621 0.86872 26.0881
0.164255 0.0213519 0.16048 0.302 27.52
0.0541905 0.172819 0.264242 0.201841 28.9108
0.532859 0.906044 0.0299873 0.0473562 29.5804
0.226253 0.665282 0.721642 0.458509 26.9125
0.63737 0.821632 0.900028 0.125364 26.8671
0.0747113 0.142505 0.492749 0.0525931 32.569
0.226253 0.906039 0.995618 0.0230686 33.494
0.0384016 0.638044 0.58912 0.880525 27.424
0.414344 0.424547 0.841767 0.518554 26.6007
0.708323 0.0972326 0.285607 0.544142 27.2486
0.0384016 0.638044 0.58912 0.880525 27.424
0.840462 0.724816 0.75669 0.0956467 24.4906
0.741922 0.333974 0.264251 0.746781 24.6292
0.162065 0.172815 0.831533 0.912995 28.5622
0.0949672 0.976648 0.804294 0.126796 27.2204
0.226253 0.665282 0.721642 0.458509 26.9125
0.708318 0.436086 0.00525237 0.486819 30.677
0.314963 0.856176 0.191626 0.868728 24.6799
0.249998 0.476182 0.0545822 0.134557 25.0938
0.450371 0.508094 0.0299886 0.304191 29.6341
0.249998 0.476182 0.0545822 0.134557 25.0938
0.0224739 0.545438 0.804292 0.276452 27.8382
0.202828 0.0469821 0.971759 0.386958 27.4489
0.0541905 0.354027 0.931788 0.397235 28.0581
0.467996 0.00137414 0.549431 0.809585 32.5319
0.289552 0.0972339 0.903808 0.0669852 30.5966
0.314963 0.856176 0.191626 0.868728 24.6799
0.226253 0.906039 0.995618 0.0230686 33.494
0.0224734 0.365471 0.650842 0.075847 31.502
0.226253 0.665282 0.721642 0.458509 26.9125
0.305215 0.400967 0.537811 0.882196 24.9818
0.542669 0.108222 0.883133 0.201822 25.3776
0.840462 0.724816 0.75669 0.0956467 24.4906
0.164262 0.906035 0.702421 0.201837 25.8443
0.362594 0.106166 0.264248 0.233796 27.86
0.249998 0.476182 0.0545822 0.134557 25.0938
0.305215 0.400967 0.537811 0.882196 24.9818
0.0224739 0.545438 0.804292 0.276452 27.8382
0.741922 0.333974 0.264251 0.746781 24.6292
0.741922 0.333974 0.264251 0.746781 24.6292
0.202828 0.0469821 0.971759 0.386958 27.4489
0.0747113 0.142505 0.492749 0.0525931 32.569
0.0224734 0.365471 0.650842 0.075847 31.502
0.0541905 0.354027 0.931788 0.397235 28.0581
0.741922 0.333974 0.264251 0.746781 24.6292
0.362594 0.106166 0.264248 0.233796 27.86
0.314963 0.856176 0.191626 0.868728 24.6799
0.305215 0.400967 0.537811 0.882196 24.9818
0.180736 0.754986 0.273935 0.0697135 29.2257
0.180729 0.0213575 0.0344648 0.0956369 28.4433
0.840462 0.724816 0.75669 0.0956467 24.4906
0.249998 0.476182 0.0545822 0.134557 25.0938
0.0889736 0.277111 0.650836 0.0443968 31.2461
0.0949638 0.106174 0.160481 0.386965 30.0584
0.180736 0.754986 0.273935 0.0697135 29.2257
0.0889736 0.277111 0.650836 0.0443968 31.2461
0.180736 0.754986 0.273935 0.0697135 29.2257
0.67512 0.106172 0.995636 0.0230788 27.9622
0.414344 0.424547 0.841767 0.518554 26.6007
0.226253 0.665282 0.721642 0.458509 26.9125
0.708318 0.436086 0.00525237 0.486819 30.677
0.0384016 0.638044 0.58912 0.880525 27.424
0.840462 0.724816 0.75669 0.0956467 24.4906
0.0107469 0.0213607 0.085079 0.125369 32.1177
0.840462 0.724816 0.75669 0.0956467 24.4906
0.289544 0.436089 0.0352421 0.0783886 33.1144
0.467996 0.00137414 0.549431 0.809585 32.5319
0.362594 0.106166 0.264248 0.233796 27.86
0.314963 0.856176 0.191626 0.868728 24.6799
0.202822 0.776346 0.995644 0.0230844 26.1705
0.0949672 0.976648 0.804294 0.126796 27.2204
0.202828 0.0469821 0.971759 0.386958 27.4489
0.249995 0.00136645 0.285621 0.86872 26.0881
0.41435 0.097237 0.831531 0.0230653 32.9487
0.0384016 0.638044 0.58912 0.880525 27.424
0.815114 0.782187 0.51407 0.54415 23.3844
0.716633 0.192771 0.205653 0.0473499 30.808
0.162065 0.172815 0.831533 0.912995 28.5622
0.0224739 0.545438 0.804292 0.276452 27.8382
0.63737 0.821632 0.900028 0.125364 26.8671
0.0949672 0.976648 0.804294 0.126796 27.2204
0.868398 0.66529 0.132477 0.0784009 27.8859
0.41435 0.097237 0.831531 0.0230653 32.9487
0.0889736 0.277111 0.650836 0.0443968 31.2461
0.0224734 0.365471 0.650842 0.075847 31.502
0.180736 0.754986 0.273935 0.0697135 29.2257
0.414344 0.424547 0.841767 0.518554 26.6007
0.0949672 0.976648 0.804294 0.126796 27.2204
0.0224827 0.906045 0.100153 0.544144 27.9091
0.314963 0.856176 0.191626 0.868728 24.6799
0.0747113 0.142505 0.492749 0.0525931 32.569
0.0889736 0.277111 0.650836 0.0443968 31.2461
0.542678 0.138213 0.931783 0.0230724 28.5498
0.20284 0.776338 0.17301 0.0471633 27.7265
0.0747113 0.142505 0.492749 0.0525931 32.569
0.868398 0.66529 0.132477 0.0784009 27.8859
0.289552 0.0972339 0.903808 0.0669852 30.5966
0.788267 0.203484 0.285615 0.078393 29.7923
0.226253 0.665282 0.721642 0.458509 26.9125
0.226253 0.665282 0.721642 0.458509 26.9125
0.0747113 0.142505 0.492749 0.0525931 32.569
0.0949672 0.976648 0.804294 0.126796 27.2204
0.0851454 0.179731 0.411784 0.0471727 31.7701
0.815114 0.782187 0.51407 0.54415 23.3844
0.362594 0.106166 0.264248 0.233796 27.86
0.542669 0.108222 0.883133 0.201822 25.3776
0.0224827 0.906045 0.100153 0.544144 27.9091
0.164262 0.906035 0.702421 0.201837 25.8443
0.226253 0.665282 0.721642 0.458509 26.9125
0.0949672 0.976648 0.804294 0.126796 27.2204
0.708318 0.436086 0.00525237 0.486819 30.677
0.305215 0.400967 0.537811 0.882196 24.9818
0.180736 0.754986 0.273935 0.0697135 29.2257
0.249998 0.476182 0.0545822 0.134557 25.0938
0.0541905 0.354027 0.931788 0.397235 28.0581
0.180729 0.0213575 0.0344648 0.0956369 28.4433
0.226253 0.906039 0.995618 0.0230686 33.494
0.0224734 0.365471 0.650842 0.075847 31.502
0.840462 0.724816 0.75669 0.0956467 24.4906
0.162065 0.172815 0.831533 0.912995 28.5622
0.0949672 0.976648 0.804294 0.126796 27.2204
0.0541905 0.172819 0.264242 0.201841 28.9108
0.0384016 0.638044 0.58912 0.880525 27.424
0.41435 0.097237 0.831531 0.0230653 32.9487
0.305215 0.400967 0.537811 0.882196 24.9818
0.0384016 0.638044 0.58912 0.880525 27.424
0.788267 0.203484 0.285615 0.078393 29.7923
0.0541905 0.354027 0.931788 0.397235 28.0581
0.840462 0.724816 0.75669 0.0956467 24.4906
0.164262 0.906035 0.702421 0.201837 25.8443
0.708318 0.436086 0.00525237 0.486819 30.677
0.708318 0.436086 0.00525237 0.486819 30.677
0.0541905 0.354027 0.931788 0.397235 28.0581
0.305215 0.400967 0.537811 0.882196 24.9818
0.305215 0.400967 0.537811 0.882196 24.9818
0.41435 0.097237 0.831531 0.0230653 32.9487
0.180729 0.0213575 0.0344648 0.0956369 28.4433
0.362594 0.106166 0.264248 0.233796 27.86
0.0851435 0.638038 0.00526752 0.0230691 29.9116
0.67512 0.106172 0.995636 0.0230788 27.9622
0.226253 0.665282 0.721642 0.458509 26.9125
0.362585 0.284762 0.128405 0.0697179 32.8279
0.202822 0.776346 0.995644 0.0230844 26.1705
0.0889736 0.277111 0.650836 0.0443968 31.2461
0.202822 0.776346 0.995644 0.0230844 26.1705
0.162065 0.172815 0.831533 0.912995 28.5622
0.414344 0.424547 0.841767 0.518554 26.6007
0.202828 0.0469821 0.971759 0.386958 27.4489
0.180736 0.754986 0.273935 0.0697135 29.2257
0.362585 0.284762 0.128405 0.0697179 32.8279
0.202836 0.0832592 0.752755 0.196831 26.6875
0.63737 0.821632 0.900028 0.125364 26.8671
0.289544 0.436089 0.0352421 0.0783886 33.1144
0.180729 0.0213575 0.0344648 0.0956369 28.4433
0.162065 0.172815 0.831533 0.912995 28.5622
0.289544 0.436089 0.0352421 0.0783886 33.1144
0.162065 0.172815 0.831533 0.912995 28.5622
0.0224827 0.906045 0.100153 0.544144 27.9091
0.362594 0.106166 0.264248 0.233796 27.86
0.741922 0.333974 0.264251 0.746781 24.6292
0.305215 0.400967 0.537811 0.882196 24.9818
0.0107469 0.0213607 0.085079 0.125369 32.1177
0.788267 0.203484 0.285615 0.078393 29.7923
0.741922 0.333974 0.264251 0.746781 24.6292
0.474467 0.906942 0.00526523 0.386959 26.5815
0.474467 0.906942 0.00526523 0.386959 26.5815
0.815114 0.782187 0.51407 0.54415 23.3844
0.0889736 0.277111 0.650836 0.0443968 31.2461
0.0949672 0.976648 0.804294 0.126796 27.2204
0.788267 0.203484 0.285615 0.078393 29.7923
0.362594 0.106166 0.264248 0.233796 27.86
0.162065 0.172815 0.831533 0.912995 28.5622
0.0949672 0.976648 0.804294 0.126796 27.2204
0.0224827 0.906045 0.100153 0.544144 27.9091
0.162065 0.172815 0.831533 0.912995 28.5622
0.202822 0.776346 0.995644 0.0230844 26.1705
0.226253 0.665282 0.721642 0.458509 26.9125
0.162065 0.172815 0.831533 0.912995 28.5622
0.162065 0.172815 0.831533 0.912995 28.5622
0.226253 0.665282 0.721642 0.458509 26.9125
0.305215 0.400967 0.537811 0.882196 24.9818
0.0224827 0.906045 0.100153 0.544144 27.9091
0.815114 0.782187 0.51407 0.54415 23.3844
0.314963 0.856176 0.191626 0.868728 24.6799
0.226253 0.906039 0.995618 0.0230686 33.494
0.0949672 0.976648 0.804294 0.126796 27.2204
0.532859 0.906044 0.0299873 0.0473562 29.5804
0.314962 0.0832532 0.549433 0.0670584 34.1908
0.226253 0.906039 0.995618 0.0230686 33.494
0.362594 0.106166 0.264248 0.233796 27.86
0.467996 0.00137414 0.549431 0.809585 32.5319
0.0107423 0.172811 0.841759 0.201842 28.9691
0.362585 0.284762 0.128405 0.0697179 32.8279
0.362594 0.106166 0.264248 0.233796 27.86
0.542669 0.108222 0.883133 0.201822 25.3776
0.63737 0.821632 0.900028 0.125364 26.8671
0.226253 0.906039 0.995618 0.0230686 33.494
0.840462 0.724816 0.75669 0.0956467 24.4906
0.474467 0.906942 0.00526523 0.386959 26.5815
0.414344 0.424547 0.841767 0.518554 26.6007
0.314963 0.856176 0.191626 0.868728 24.6799
0.249998 0.476182 0.0545822 0.134557 25.0938
0.314963 0.856176 0.191626 0.868728 24.6799
0.249998 0.476182 0.0545822 0.134557 25.0938
0.0541905 0.354027 0.931788 0.397235 28.0581
0.249998 0.476182 0.0545822 0.134557 25.0938
0.741922 0.333974 0.264251 0.746781 24.6292
0.362594 0.106166 0.264248 0.233796 27.86
0.314963 0.856176 0.191626 0.868728 24.6799
0.180729 0.0213575 0.0344648 0.0956369 28.4433
0.840462 0.724816 0.75669 0.0956467 24.4906
0.708318 0.436086 0.00525237 0.486819 30.677
0.0384016 0.638044 0.58912 0.880525 27.424
0.840462 0.724816 0.75669 0.0956467 24.4906
0.0107469 0.0213607 0.085079 0.125369 32.1177
0.202828 0.0469821 0.971759 0.386958 27.4489
0.249995 0.00136645 0.285621 0.86872 26.0881
0.162065 0.172815 0.831533 0.912995 28.5622
0.868398 0.66529 0.132477 0.0784009 27.8859
0.708323 0.0972326 0.285607 0.544142 27.2486
0.532859 0.906044 0.0299873 0.0473562 29.5804
0.164255 0.0213519 0.16048 0.302 27.52
0.741922 0.333974 0.264251 0.746781 24.6292
0.467996 0.00137414 0.549431 0.809585 32.5319
0.716633 0.192771 0.205653 0.0473499 30.808
0.63737 0.821632 0.900028 0.125364 26.8671
0.474467 0.906942 0.00526523 0.386959 26.5815
0.815114 0.782187 0.51407 0.54415 23.3844
0.868398 0.66529 0.132477 0.0784009 27.8859
0.314962 0.0832532 0.549433 0.0670584 34.1908
0.41435 0.097237 0.831531 0.0230653 32.9487
0.162065 0.172815 0.831533 0.912995 28.5622
0.202822 0.776346 0.995644 0.0230844 26.1705
0.0107423 0.172811 0.841759 0.201842 28.9691
0.0107469 0.0213607 0.085079 0.125369 32.1177
0.202822 0.776346 0.995644 0.0230844 26.1705
0.162065 0.172815 0.831533 0.912995 28.5622
0.414344 0.424547 0.841767 0.518554 26.6007
0.180736 0.754986 0.273935 0.0697135 29.2257
0.362585 0.284762 0.128405 0.0697179 32.8279
0.202836 0.0832592 0.752755 0.196831 26.6875
0.180729 0.0213575 0.0344648 0.0956369 28.4433
0.289544 0.436089 0.0352421 0.0783886 33.1144
0.362585 0.284762 0.128405 0.0697179 32.8279
0.788267 0.203484 0.285615 0.078393 29.7923
0.0224827 0.906045 0.100153 0.544144 27.9091
0.162065 0.172815 0.831533 0.912995 28.5622
0.226253 0.906039 0.995618 0.0230686 33.494
0.362594 0.106166 0.264248 0.233796 27.86
0.0107423 0.172811 0.841759 0.201842 28.9691
0.63737 0.821632 0.900028 0.125364 26.8671
0.249998 0.476182 0.0545822 0.134557 25.0938
0.180729 0.0213575 0.0344648 0.0956369 28.4433
0.305215 0.400967 0.537811 0.882196 24.9818
0.305215 0.400967 0.537811 0.882196 24.9818
0.708318 0.436086 0.00525237 0.486819 30.677
0.840462 0.724816 0.75669 0.0956467 24.4906
0.41435 0.097237 0.831531 0.0230653 32.9487
0.0384016 0.638044 0.58912 0.880525 27.424
0.840462 0.724816 0.75669 0.0956467 24.4906
0.0224827 0.906045 0.100153 0.544144 27.9091
0.0949672 0.976648 0.804294 0.126796 27.2204
0.0747113 0.142505 0.492749 0.0525931 32.569
0.868398 0.66529 0.132477 0.0784009 27.8859
0.0889736 0.277111 0.650836 0.0443968 31.2461
0.0949672 0.976648 0.804294 0.126796 27.2204
