644 32.3524
0.385392 41.0554 41.0572 58.0636 0.770818 5.46651 0.772558 15.061
7.79157 2.04028 6.67325 8.86986 19.6938 37.0817 44.607 60.4503
57.395 14.7082 0.541975 4.38433 59.4141 16.4017 5.34087 3.86349
5.57867 7.06337 3.2473 21.0397 23.2212 17.4591 18.9228 75.2961
7.80852 7.80852 8.92861 0.136116 9.64087 17.1648 52.6122 57.9422
10.0088 25.2435 6.41272 0.260211 48.8668 20.6228 59.1703 0
6.18691e-22 4.23494e-22 7.87655e-24 7.1371e-20 6.79401e-18 6.46742e-16 4.53199e-15 74.763
22.2499 47.7697 11.453 53.9275 0.722646 32.3074 0.784843 3.08409
24.4164 77.8443 0.753767 19.0661 0.774108 14.3337 0.785387 0
10.8819 8.76579 23.1174 0.883705 28.8015 39.4965 66.8749 0
2.4705e-21 2.55708e-23 2.67678e-21 3.64269e-21 4.9771e-19 4.80883e-17 4.64625e-15 75.8831
2.04966 1.66775 19.7434 16.5898 18.2839 20.263 31.3707 71.3026
7.70797e-20 3.15488e-19 3.39089e-19 7.48758e-20 4.70117e-21 4.80886e-17 4.86375e-15 79.435
0.359603 1.31321 1.36156 1.92554 32.8391 32.9518 40.8089 50.7813
13.6675 4.61191 10.5434 0.168413 17.8679 25.269 38.7195 64.5522
11.5146 2.65692 11.8548 16.8888 19.4499 4.77423 9.22618 64.5523
44.3156 37.0897 42.5534 15.702 0.673846 41.0831 15.7126 0
0.291226 0.28694 44.8369 16.4698 35.7773 33.39 52.3722 0
0.28781 0.197289 0.370831 0.520916 77.1531 0.728474 0.728507 31.0817
0.27797 0.00265054 29.1527 0.277995 0.278007 29.683 41.9379 57.3996
2.58335 10.4696 53.8501 48.8583 30.6571 6.69021 18.4583 14.6003
6.24865 0.777408 5.24087 22.0995 73.3732 5.25301 7.19571 15.8051
0.778274 80.813 0.77831 0.778346 0.778416 0.778418 1.12031 10.7816
12.8253 14.1738 27.8816 45.1989 56.4421 0.780828 8.63685 0
25.7837 47.6841 57.3077 14.8818 0.78074 0.780777 3.14693 8.14982
10.8411 16.6671 2.82072 25.2025 18.4811 48.9167 0.555353 61.4259
0.153118 0.026297 16.5953 29.7304 21.0639 5.33517 64.871 34.6281
0.0600845 0.329887 0.53472 70.6688 16.5535 42.3957 0.750748 25.8291
16.2852 3.96301 59.7388 29.606 2.2768 0.662869 42.1676 11.5187
0.444935 0.310005 57.7742 0.542306 57.7792 0.766971 5.28372 17.2222
0.151024 0.085628 0.286874 3.12216 14.9823 15.3078 20.919 71.8953
0.703782 73.7733 14.0618 0.716484 0.716516 24.8888 8.51582 21.0879
0.00386368 0.405342 42.5267 0.405378 39.8204 0.555352 58.2651 0
3.25601 0.0326492 18.9217 10.6103 38.3112 20.0408 26.7778 55.3863
0.521923 53.5488 0.521947 0.521972 0.521997 0.522022 60.2026 0.741518
65.8666 19.5378 12.506 0.695239 19.6387 30.9909 0.785385 0
0.420048 2.7678 3.827 19.6235 22.3078 23.5931 31.6502 59.7901
26.4206 43.6649 0.465437 5.93599 2.80669 53.9417 43.1207 0
34.7377 22.887 0.397662 7.62647 68.205 0.767175 17.5908 0
0.190661 20.2037 7.27212 1.28146 80.3927 0.785352 0.785387 0
74.2368 0.671973 31.6235 12.444 29.3483 0.785355 0.785387 0
27.2233 10.0713 41.681 23.1908 4.81404 0.533399 56.0457 22.9728
0.204883 0.00204991 0.65477 68.5719 27.1679 11.2959 0.7466 24.3641
26.649 33.216 6.16746 43.0291 60.8524 0.780238 9.90421 0
0.143892 15.351 0.143898 45.2234 47.7583 0.633088 30.9384 38.7529
14.2901 21.9099 21.4946 77.2943 10.3718 10.543 0.772196 15.9033
9.41664 9.41664 41.5926 43.6725 0.923711 0.604061 51.3289 0
4.61398 4.61398 23.8817 24.7571 22.5298 69.7439 0.762217 20.1802
33.3011 9.27414 32.0077 15.0766 0.446882 8.27518 35.5469 61.4738
34.2025 0.923437 1.69305 18.1945 60.1897 10.2808 24.6735 0
23.5176 23.5176 18.547 29.6531 36.4981 36.8978 27.9846 31.9517
6.10823 10.0041 3.91601 17.8264 25.8752 33.7644 0.462173 65.6091
35.5117 32.9762 34.6311 0.558296 0.558321 40.8814 0.677186 42.4434
0.150401 15.577 2.3779 18.7388 5.76851 22.983 73.4942 7.40243
5.7118 0.961686 1.76102 5.59272 69.6917 0.684426 39.5 0
0.148211 0.0731225 0.102145 21.1712 21.1721 22.7245 44.6103 62.6265
29.8345 31.4506 8.15246 55.8203 0.664513 39.8872 0.761849 20.4323
0.883335 48.3039 48.312 19.5103 36.5118 0.777748 0.777785 11.1969
19.5483 19.5483 27.6454 43.7986 61.7061 0.785354 0.785387 0
37.1104 2.12363 6.47241 0.36315 7.73946 0.897141 69.1004 19.9961
39.0871 21.9451 18.8605 16.1167 18.4535 51.3545 25.5582 30.6008
52.5996 52.5996 0.708308 35.6102 0.785315 0.785351 0.785386 0
28.0949 24.287 1.46006 37.3752 61.9847 0.733253 31.216 0.7248
35.6131 8.90116 6.24042 47.245 31.6754 37.2512 31.0042 19.0899
17.035 3.89303 53.5181 1.08237 0.549556 7.23091 56.774 5.46714
34.6608 34.6608 7.45953 0.453219 1.45418 49.6055 35.6484 34.5087
42.923 5.82479 50.7377 1.17193 0.63536 48.48 0.785386 0
30.2507 18.7371 35.5835 0.476455 0.476476 54.6876 17.5041 32.4291
17.6883 0.1596 11.4852 21.0905 20.2714 36.0631 34.4598 61.5514
0.546469 57.4566 27.9682 0.607794 0.607822 22.6542 10.1171 46.0375
35.7133 10.9216 24.7951 44.8277 23.7416 45.5449 17.9417 16.4797
27.512 3.77998 30.3944 0.392638 41.1725 58.2267 1.37594 0
22.607 22.607 0.305545 8.47716 33.0774 66.1909 0.774607 13.5693
0.32895 0.0583779 0.0333818 0.00324758 14.3612 25.5837 42.9505 62.3544
15.0354 15.0354 33.8792 39.9991 56.5672 0.744926 26.3917 4.19669
20.6339 9.18391 8.06966 23.9838 53.377 0.604177 47.1213 23.2114
53.5352 12.3878 54.9498 0.7076 0.707629 32.8803 15.8684 8.21068
3.49226 1.58039 27.0556 6.43106 32.6808 1.30524 44.1277 56.7572
44.9221 22.1425 50.0828 0.708004 0.708039 23.127 0.744858 24.9139
0.0831294 2.97773 5.34554 71.5548 0.7542 17.0342 11.966 1.41679
4.61324 16.2612 7.63212 27.2815 79.2488 0.785354 0.785387 0
39.9718 39.9718 23.8321 18.476 21.1375 44.2465 0.782466 6.97644
0.671138 4.55232 7.85325 14.2976 5.93645 39.5403 15.8627 64.94
4.28944 0.948244 6.99135 12.2666 17.9361 42.1673 37.9696 59.7892
15.273 22.7016 31.9681 69.9246 8.58863 14.4469 5.93469 3.42783
40.9317 61.3795 29.771 6.64555 0.755262 11.8923 0.763629 19.406
11.3567 20.0869 23.0751 29.4932 20.3604 62.5412 0.731476 30.9346
23.7953 32.2626 15.0329 28.9073 35.5571 44.8067 10.8498 23.7673
0.388461 42.5071 15.8161 23.0586 0.464985 50.8829 43.5298 17.7036
36.9608 66.7157 3.34937 0.707629 0.70766 27.5948 24.2776 0
33.4118 18.7966 38.3361 35.3326 34.5918 23.3557 34.134 0
13.869 36.7487 0.378305 8.62717 59.0828 12.1931 37.3279 0
0.0359748 0.00461709 0.0398343 0.208379 0.672567 22.6282 29.7744 65.3782
1.67109 1.67109 2.03738 5.31906 9.14798 14.3119 32.9836 75.277
51.8793 0.533245 3.92295 23.8371 6.45634 20.3862 8.895 45.026
3.1686 14.8864 0.146119 66.1007 45.7246 0.78535 0.785386 0
2.24118 2.88753 12.4605 12.9855 24.6051 33.9746 38.3455 54.8386
3.43718 2.00087 2.83543 2.14566 0.439596 30.3437 60.6531 54.2114
3.90644e-19 4.20796e-21 1.17875e-18 3.23424e-20 1.15321e-16 2.01716e-16 4.45869e-15 72.9148
65.1046 50.4605 0.779107 10.3904 0.785316 0.785351 0.785386 0
0.561775 1.29806 47.1905 0.453875 54.8276 2.41707 37.1507 7.31283
74.0057 24.0586 23.3414 0.761644 0.761677 0.76171 6.47754 19.3611
17.4881 8.32168 39.0765 0.404629 0.404647 43.6163 23.5794 52.9703
36.0641 0.621473 11.2947 14.1184 39.8493 67.1202 4.46662 0
3.71922 1.29932 3.93965 7.30752 1.04931 0.0838315 85.8499 7.28327
3.79742 1.84619 37.926 26.748 0.436165 68.0739 15.3649 0.0830686
0.809381 1.01486 0.480316 1.77871 0.59347 19.3509 45.1247 69.7739
9.27823 33.0366 12.8053 28.0655 0.433377 66.7811 0.964444 20.082
0.0025747 0.000833493 0.00152055 0.00130534 0.338088 33.9452 0.338122 71.1736
0.298715 7.13348 45.4177 16.991 33.9539 47.2373 0.773895 13.1573
47.4481 19.5303 19.1559 18.7593 0.551377 38.6864 40.8713 16.788
3.50327 4.02123 3.6393 35.3753 4.8808 54.3467 51.5597 0
0.319749 0.00305199 0.00305213 33.5024 13.7205 19.5451 41.1433 58.1855
24.1446 22.6513 2.427 33.1954 0.442897 67.4943 12.3086 4.44859
2.16547 3.65687 3.65435 50.7974 51.1057 27.2618 0.767177 16.9299
41.1636 36.2743 10.9427 2.35698 55.9961 0.784956 0.784995 2.499
5.36242 0.050561 53.7696 27.0931 36.4723 12.8638 27.074 32.5011
8.24675 28.5504 23.6314 14.5577 45.8351 52.0578 0.785386 0
33.8074 45.175 17.9174 45.7867 24.3503 25.0738 5.37394 0
17.6803 12.7819 30.6888 13.9294 22.118 22.9907 39.3979 58.4943
58.4841 8.65092 8.50109 20.3014 9.40038 53.4212 0.785386 0
31.9572 41.6774 52.5192 0.722499 0.722534 22.6354 19.131 11.1053
7.72668 25.4029 15.8217 57.0776 35.5845 0.735567 24.1684 13.5395
40.7855 28.9569 36.9352 31.2399 18.4028 19.0973 27.0996 30.9804
16.5459 25.1301 40.5282 1.34609 10.0796 37.9099 25.5288 51.5023
12.3455 4.45071 1.28438 47.7725 51.4612 0.657666 16.3872 43.6659
36.638 35.1266 50.7565 0.701879 7.4063 25.9606 23.707 2.87247
64.7605 0.614651 1.11427 0.614769 51.4872 0.785351 0.785386 0
0.518111 0.955892 32.4193 32.4375 35.5232 0.549592 59.2321 0
34.9456 34.3164 18.8028 14.2315 2.77885 55.0204 10.9533 15.2856
0.519274 0.239369 0.30715 56.2264 0.649108 0.649151 0.649194 38.2922
21.2135 39.7836 13.411 47.0383 0.619012 45.1218 0.747999 25.7321
39.3743 40.8528 2.03796 5.46817 57.0381 0.754773 22.5964 5.29001
1.39115 1.39115 0.684669 2.41792 2.09298 64.7559 49.1314 27.6929
45.9793 45.1705 44.6847 6.31637 32.8822 17.0088 0.785387 0
1.45815e-16 1.38062e-18 7.94258e-17 1.57221e-18 2.76997e-16 1.6369e-15 4.79753e-15 82.9525
52.331 5.26551 52.5952 34.896 0.785161 1.80518 0.785386 0
2.90255 8.2463 1.75152 2.43396 0.0855018 28.8292 35.1884 71.0848
2.8314 1.25964 2.05322 19.9152 20.2592 28.6508 40.5184 63.4293
57.5274 0.534525 29.2239 46.194 25.3324 1.72736 0.774187 14.2246
6.3159e-06 1.82151e-05 0.00148519 0.00148532 0.182476 15.8528 48.6275 45.1604
0.291637 31.6611 0.291649 1.3056 1.88806 53.1405 21.128 54.7033
0.27665 0.449129 0.520871 77.7506 24.1993 12.4037 0.785386 0
21.8002 0.216328 21.8012 8.79436 6.68089 7.78599 4.21039 71.5111
0.313392 0.577643 1.42953 3.37756 1.68534 52.0645 46.184 46.2204
10.3601 10.3601 30.4751 13.2407 44.3517 56.6781 0.76287 19.7306
16.2626 2.24603 7.6335 37.5849 32.1042 0.523229 52.6466 26.4792
8.45782 10.2646 17.7018 36.1317 18.8159 0.466599 5.93084 62.4998
28.9532 20.0403 43.4449 55.9228 24.7287 0.773888 8.56606 11.4978
5.31368 5.31368 13.7032 23.4548 21.3539 35.3605 53.4562 42.4577
18.8338 43.8586 20.9943 34.1355 39.3581 21.5191 0.705394 37.5937
5.09362 14.0667 33.1494 40.924 0.5212 48.1173 38.6514 0
39.0915 13.6936 20.416 37.5182 29.6138 11.3355 26.8875 46.3273
10.0495 10.1895 14.3115 9.92437 30.1556 15.616 40.7597 57.6429
15.2537 11.4077 51.9451 55.3272 0.756526 0.756562 21.8054 0
45.3568 53.4758 0.670264 39.878 9.64963 8.45603 4.95106 7.40682
57.0526 0.531464 0.531487 55.2984 0.740172 0.740204 20.1617 19.6958
38.4418 40.2276 10.5494 0.54043 56.6358 13.0525 6.44241 12.1357
36.9788 3.16255 4.89927 72.0278 4.39052 8.82062 0.785386 0
14.351 77.4958 17.0287 2.16908 0.780806 0.780843 4.85995 7.23387
21.9239 21.9239 23.365 38.8231 0.555294 0.555322 0.555351 54.9126
61.5447 20.3176 11.6007 0.645316 0.645347 44.469 10.4141 0
54.9062 12.3115 33.2948 10.233 27.0119 43.3414 0.760772 21.4368
5.56068 10.6166 26.6912 24.0488 36.0757 15.3132 62.978 9.949
9.32111 16.9789 0.18759 11.0719 0.216082 36.2487 29.6489 62.3371
38.3115 0.355871 38.3131 6.92739 54.624 2.70058 14.2615 31.1655
7.79097 2.93007 7.54087 8.46761 27.7348 30.0642 43.2542 61.1707
0.214607 0.369452 45.9005 39.109 59.007 0.785353 0.785387 0
4.1199 1.18956 10.351 28.1371 30.2858 1.96099 0.442608 62.8516
7.76314 8.195 16.7878 17.3551 17.7844 21.2857 38.4684 58.7732
1.57463 2.94089 0.155239 10.0101 0.0980054 19.1878 44.8483 68.2707
62.6206 39.446 25.613 3.07633 0.771026 7.31919 0.774418 13.2962
18.0916 19.3941 0.248816 0.248827 29.3823 63.0822 37.1579 9.07073
13.9436 25.1767 54.1671 0.576146 49.6469 16.1311 0.756569 22.443
42.2424 57.7746 5.46142 0.641197 0.641223 18.8376 0.66296 47.1407
0.276549 0.338067 0.297473 0.80778 10.3882 24.5361 18.7 71.8094
11.09 5.09054 29.9154 31.1143 35.3216 19.3156 5.42171 60.5148
13.4064 5.24101 40.8421 0.392678 43.3062 0.555353 61.2468 0
0.113012 0.194672 23.7476 12.5681 20.4828 0.320251 75.6596 0
40.1043 65.1143 10.9927 25.9281 7.10318 18.4279 0.785387 0
10.6927 25.9267 28.0451 39.6617 24.2635 1.1158 48.1174 30.6404
4.79062 3.88044 30.3202 17.9097 11.1846 40.038 29.1029 49.8027
1.57586 9.25981 4.14394 30.9894 15.4845 0.346271 45.3069 57.9512
10.0049 5.60496 7.51229 0.141237 11.4027 48.8386 51.9923 20.147
3.42961 58.842 35.5269 32.4359 23.5335 0.757648 0.757682 21.734
18.6602 70.3899 39.9134 0.785281 0.785316 0.785351 0.785386 0
13.5525 13.5525 0.177269 19.1669 26.5656 54.058 11.5748 52.1
59.0754 20.7276 44.4053 0.712515 25.7204 8.4154 22.7608 4.04977
7.21825 27.2162 24.5519 11.5871 36.5604 53.5402 25.8374 32.0138
15.9748 0.156039 4.54497 5.64238 48.6785 0.505414 51.9142 33.0603
40.6501 40.6501 29.8017 0.607547 30.2712 24.9783 0.710448 35.6858
37.3043 3.45666 67.0013 28.3172 18.3272 1.71015 0.785387 0
71.8973 27.7391 29.8948 2.92295 0.774938 7.29198 0.777978 11.4871
21.6501 21.6501 0.298837 4.97681 41.1207 0.502744 61.8241 0
0.601713 0.033053 0.401536 77.1081 0.724174 16.9347 27.5867 0
34.7133 24.8477 11.2966 10.6145 36.9088 23.9528 36.3154 45.653
0.236012 0.106042 0.247755 0.0781154 37.6537 37.6554 0.518544 60.5804
0.782554 0.00780148 78.5006 0.782632 0.78267 0.782709 0.782748 6.45057
15.4321 17.0481 0.220487 22.9964 0.31183 36.9372 1.98805 65.4515
14.8416 3.16675 14.3066 58.1918 0.570444 58.497 0.785387 0
20.1698 23.362 2.15665 30.9395 43.7551 47.3401 3.78913 33.5101
48.1302 7.63783 0.481913 48.7348 24.4643 22.8011 20.0343 6.18841
17.598 3.17204 15.5206 0.234326 0.689411 36.8093 66.2014 0
0.0264175 0.0189238 0.00327869 0.0688034 0.385236 39.3488 39.3508 55.6504
19.5537 25.0895 10.8519 0.317926 26.6285 71.0964 0.785386 0
10.7384 10.0378 12.7808 0.193765 28.2718 12.4147 69.9523 2.8174
13.8887 14.2503 0.194218 53.0708 3.73029 0.554398 55.6973 12.1148
45.4698 28.684 11.5144 51.6707 23.4633 26.6667 1.06528 12.4754
0.265753 0.265753 40.5133 30.9549 31.3711 59.865 0.785387 0
52.1705 24.6083 15.7117 0.554464 0.554488 59.7896 0.784198 4.65893
22.5232 31.9126 16.5942 42.4391 0.580771 13.5095 52.9442 0
0.494282 0.226889 59.3674 40.8708 45.6016 0.781366 8.66493 0
57.5527 0.534672 57.5552 0.756172 0.756205 22.6553 0.78498 2.72189
8.46208 15.7777 11.9649 13.4091 32.6143 41.3182 58.4328 22.8492
41.1394 20.6839 0.457417 19.7505 50.1056 5.87428 0.706324 34.5723
0.233228 0.124156 27.1148 0.264228 27.1174 62.316 0.713002 33.7988
23.106 39.2055 25.4556 40.2257 11.0649 27.4413 28.487 27.2664
28.9296 28.9296 37.3548 55.4006 0.730022 0.730054 1.85761 31.0238
53.4454 0.538114 11.3701 0.550184 7.48666 55.1573 0.785385 0
11.5832 13.1291 1.90325 12.3941 1.41629 28.3144 51.9102 55.9788
18.5603 9.97867 0.1973 0.197308 60.4639 51.8632 15.7243 0
23.4403 31.8455 39.5422 30.1143 37.8009 8.02827 30.6881 3.93991
17.1468 20.4686 57.3324 39.453 16.2042 0.733289 9.07514 27.8198
20.0751 6.87808 49.3536 53.7224 29.7553 0.777414 11.7157 0
0.459532 48.9622 0.459552 23.2113 0.508591 32.4057 36.6536 40.9003
4.41222 4.03029 33.3761 22.0942 0.37881 38.3418 62.331 6.91002
7.32214 7.32214 10.3551 60.6269 30.1411 46.1259 25.59 3.79828
0.517063 53.0076 53.0101 6.58021 9.48298 10.4171 0.746833 24.9173
39.0107 31.4491 36.5942 0.572503 0.572527 51.4807 22.4053 15.5975
63.6419 3.49735 29.9262 34.736 0.744256 6.20282 2.93493 25.5572
5.56838 1.70026 7.88227 15.5054 18.3425 31.1145 6.0949 69.8953
2.14582 6.54556 5.35577 0.0886788 2.79344 74.0276 20.2067 0
1.91361 0.0214875 3.57445 0.0455273 46.4624 7.03479 14.8887 49.4607
22.459 22.459 8.72357 4.32848 25.242 41.7229 60.4475 0
33.7695 53.9992 0.590835 5.56062 20.2516 5.17457 44.0275 26.5551
14.5206 14.5206 20.5353 29.0413 38.3887 0.534277 56.2207 22.5511
23.0605 18.2806 29.4274 34.7105 11.6665 64.5827 0.77527 13.7951
0.229505 0.988655 7.18895 23.6217 0.280581 70.9495 12.618 8.34686
5.43897 10.9096 0.112943 42.2786 17.9783 21.225 41.6719 52.3443
0.0246575 2.67407 15.1436 32.3151 41.395 63.7241 3.53755 13.6992
1.55684 7.6642 1.32317 14.4255 72.9467 31.6993 16.6486 0
0.25451 26.1973 26.1985 47.874 0.588117 0.588144 0.588172 53.5753
1.83892 5.38521 2.3198 21.374 33.532 33.994 33.5026 46.7471
0.0260759 2.81157 10.0346 23.4105 0.23766 72.806 13.5246 32.1156
18.4175 18.4175 7.28281 9.22292 6.19818 66.3653 39.229 22.8251
10.683 14.4182 18.8037 25.9921 13.1366 0.392692 39.0372 55.207
39.8918 39.8918 59.335 1.01008 0.768686 0.76872 7.40899 15.4605
41.1946 41.1946 61.5436 11.0605 0.785321 0.785354 0.785387 0
42.1355 0.421424 25.722 39.8957 0.634838 5.08715 28.2056 36.2793
6.88541 0.064051 6.47935 17.7067 26.7649 30.513 38.9109 59.7024
33.0909 33.0909 16.8861 0.466477 49.7531 0.659728 3.08041 45.3459
48.7986 9.51655 0.488914 14.4474 51.6504 15.696 14.5003 23.9584
6.59797 34.7556 35.3763 50.0297 26.1179 27.9875 0.785386 0
13.5316 44.9625 25.6314 53.4949 0.729283 30.2312 0.785386 0
20.5209 0.930935 53.6517 8.60096 23.9273 46.3456 20.3496 12.9061
0.00263326 0.26964 0.192856 33.9469 33.9485 63.8947 8.63855 2.46647
43.1994 43.1994 4.49046 0.588265 50.439 19.7936 0.785386 0
46.182 0.436303 0.436323 7.82751 46.8448 34.3877 13.6186 33.9809
11.3663 15.455 21.3074 18.6892 67.336 25.9532 0.770813 15.6048
8.82411 8.82411 22.5547 41.8653 1.52692 49.1882 39.267 17.7044
0.00606089 0.00303653 0.0838459 0.00950767 8.78199 28.6017 16.1864 74.0376
22.6373 45.2451 50.5922 27.8464 0.726695 16.2757 22.71 14.4929
48.6045 48.6045 28.7943 29.641 10.3468 0.781337 0.781374 8.20632
0.163032 0.0162406 0.376509 0.356529 47.2428 1.25829 2.33757 49.161
17.5021 17.5021 0.233413 2.98027 2.1273 33.2884 41.6441 58.8936
26.7472 17.0728 0.326314 3.4879 60.6499 33.6931 0.785384 0
9.82946 11.2326 37.8564 0.399159 0.399179 39.3631 56.6187 0
0.140194 0.0439644 0.00136417 0.235616 29.9067 29.908 42.2963 59.816
31.8242 4.90347 43.9264 47.2317 0.672782 41.8829 5.89058 9.82874
41.2476 16.6143 6.76237 4.02847 0.435616 13.6382 26.9423 60.6485
31.3559 31.3559 37.1006 23.2119 34.4708 42.5643 10.7741 27.1454
59.9975 31.0588 0.625776 0.625803 0.625829 47.7431 18.5839 0
42.9341 4.34864 10.1499 1.70659 17.693 36.9303 46.4755 22.6888
0.000368534 0.000203594 0.00172767 1.85785e-05 0.170212 16.2926 12.9338 72.2411
13.3412 7.21592 25.5518 51.7503 59.6745 18.5527 0.783917 5.295
27.9118 1.28255 20.9957 0.315738 27.2733 39.5842 55.3286 31.0679
12.3074 0.117614 56.2494 28.4803 6.1059 3.97191 50.7468 0
0.591289 0.454162 8.5863 3.74248 13.8762 49.5518 11.4253 63.975
30.7533 30.7533 40.7078 59.5706 13.081 0.779558 10.446 0
50.4337 30.9785 12.6635 28.835 0.62734 0.627367 34.8924 36.5038
0.0206493 0.149629 0.0640939 16.5987 54.4063 51.6074 0.759234 20.3324
3.77913 1.93764 6.32008 12.1325 14.324 20.2573 57.2272 56.7079
32.4066 32.4066 13.805 47.8639 5.97754 3.2173 0.632791 50.0139
28.1498 19.659 51.9327 0.605938 40.319 0.721934 5.82044 31.2386
25.4527 37.2376 45.1052 0.594941 15.271 52.8055 0.785387 0
8.27342 6.02837 19.4003 59.8777 30.3663 28.5079 31.1481 19.5757
16.9401 9.8943 5.70964 10.929 26.1544 57.7245 8.31047 43.8523
0.0862149 0.0351403 0.138703 0.00157865 17.6782 33.0619 10.6236 73.4117
63.3065 51.9415 0.747503 15.9856 20.2727 0.783803 5.46292 0
28.8256 0.27765 28.8269 40.7674 0.555326 0.555352 57.6592 0
31.2518 42.7158 52.9275 4.1264 0.742876 0.742913 0.742949 25.7003
44.1147 14.4317 2.00229 7.50708 60.4233 27.1524 7.64838 0
3.23046 8.49245 2.10035 9.32572 8.22474 33.327 70.3704 14.3109
46.4512 56.2481 0.709191 9.9808 0.715831 6.82583 0.718934 32.5238
21.8221 0.200516 57.3298 36.671 30.4015 10.9725 12.8945 31.4269
18.0746 6.33297 19.1519 24.4282 6.2494 48.3748 32.7379 50.4543
22.6531 9.98448 0.24673 8.34966 10.153 25.5083 44.7993 52.6026
7.04891 8.91805 21.7095 28.3042 3.71885 25.4459 41.825 61.7439
26.4746 17.741 21.8827 27.8964 0.471833 47.6753 39.3421 14.2809
1.15853 0.0106392 63.2973 15.1753 19.6847 41.1085 31.6103 0
