311 3.5448
0.0253778 0.648049 0.624985 0.0257401 31.3445
0.630551 0.0558707 0.543796 0.974386 28.3831
0.617501 0.0290999 0.863931 0.776235 30.5162
0.4079 0.874134 0.927933 0.911494 26.3813
0.4079 0.874134 0.927933 0.911494 26.3813
0.617498 0.648046 0.0103062 0.331142 31.4844
0.0843409 0.263958 0.350589 0.00706603 31.954
0.617498 0.648046 0.0103062 0.331142 31.4844
0.617501 0.0290999 0.863931 0.776235 30.5162
0.0253825 0.114733 0.169444 0.589589 30.195
0.534651 0.693696 0.543788 0.474006 29.0218
0.617487 0.549278 0.0850985 0.073259 32.2816
0.455235 0.833465 0.544172 0.716683 28.5217
0.050897 0.263962 0.688715 0.0732589 31.5402
0.12151 0.208819 0.86393 0.696176 29.5736
0.830529 0.756327 0.786174 0.409392 27.6663
0.617487 0.549278 0.0850985 0.073259 32.2816
0.255837 0.542902 0.0851082 0.819779 29.589
0.812229 0.474285 0.244353 0.668167 27.5597
0.743099 0.0426209 0.543799 0.473995 30.8997
0.0254075 0.486297 0.0463475 0.828283 28.9894
0.863098 0.161191 0.455851 0.366678 29.1732
0.617487 0.549278 0.0850985 0.073259 32.2816
0.0253778 0.648049 0.624985 0.0257401 31.3445
0.960479 0.714033 0.284637 0.789612 26.8002
0.960479 0.714033 0.284637 0.789612 26.8002
0.183774 0.714023 0.8907 0.366671 27.8492
0.0508978 0.654094 0.804723 0.776242 27.3276
0.872152 0.693695 0.118136 0.776231 27.5591
0.712903 0.833474 0.272497 0.231189 29.207
0.712426 0.648044 0.0851206 0.776239 28.5154
0.960473 0.329184 0.786163 0.9183 26.742
0.910924 0.271748 0.688711 0.208695 29.6477
0.617487 0.549278 0.0850985 0.073259 32.2816
0.0253914 0.05788 0.181362 0.776241 29.7573
0.343833 0.833486 0.786174 0.723669 27.1498
0.0253979 0.433716 0.272505 0.222145 33.329
0.960482 0.343909 0.890706 0.231183 27.4227
0.0253816 0.329182 0.384569 0.195418 30.1077
0.0910635 0.114733 0.0851108 0.401639 34.0187
0.0843491 0.737883 0.0851062 0.851832 28.8008
0.960469 0.542905 0.840808 0.311732 27.574
0.812221 0.0548886 0.0851231 0.974376 29.4392
0.0253825 0.114733 0.169444 0.589589 30.195
0.343833 0.833486 0.786174 0.723669 27.1498
0.0253979 0.433716 0.272505 0.222145 33.329
0.560714 0.0291031 0.284632 0.716684 29.8146
0.812229 0.474285 0.244353 0.668167 27.5597
0.630551 0.0558707 0.543796 0.974386 28.3831
0.534651 0.693696 0.543788 0.474006 29.0218
0.712428 0.474289 0.531962 0.2193 29.7343
0.455235 0.833465 0.544172 0.716683 28.5217
0.863098 0.161191 0.455851 0.366678 29.1732
0.0254075 0.486297 0.0463475 0.828283 28.9894
0.19021 0.129319 0.587654 0.0257302 32.0327
0.0253988 0.833492 0.0103154 0.154801 29.6373
0.910924 0.271748 0.688711 0.208695 29.6477
0.0910556 0.0426154 0.793816 0.911489 28.5683
0.0338714 0.65397 0.010308 0.366687 32.8514
0.812219 0.0291072 0.9152 0.776721 27.7767
0.712434 0.0708931 0.0103222 0.0168696 30.7065
0.0253979 0.433716 0.272505 0.222145 33.329
0.0338714 0.65397 0.010308 0.366687 32.8514
0.812224 0.883415 0.350598 0.911505 27.6967
0.0910635 0.114733 0.0851108 0.401639 34.0187
0.238202 0.0708889 0.118127 0.385787 30.922
0.910924 0.271748 0.688711 0.208695 29.6477
0.0253816 0.329182 0.384569 0.195418 30.1077
0.910929 0.833491 0.350583 0.331135 28.0039
0.372172 0.0548784 0.786163 0.911491 29.3541
0.1215 0.155331 0.0103092 0.776239 29.9994
0.0253979 0.433716 0.272505 0.222145 33.329
0.0910645 0.714016 0.341952 0.851826 27.8375
0.617498 0.648046 0.0103062 0.331142 31.4844
0.960466 0.756327 0.793811 0.789619 26.4331
0.0910645 0.714016 0.341952 0.851826 27.8375
0.0253778 0.648049 0.624985 0.0257401 31.3445
0.19021 0.129319 0.587654 0.0257302 32.0327
0.534652 0.833498 0.890694 0.0178888 28.5794
0.050897 0.263962 0.688715 0.0732589 31.5402
0.812229 0.474285 0.244353 0.668167 27.5597
0.560714 0.648051 0.786183 0.911501 28.7431
0.617498 0.648046 0.0103062 0.331142 31.4844
0.19021 0.129319 0.587654 0.0257302 32.0327
0.863093 0.756331 0.272498 0.181808 28.8458
0.0253988 0.833492 0.0103154 0.154801 29.6373
0.910929 0.833491 0.350583 0.331135 28.0039
0.238202 0.0708889 0.118127 0.385787 30.922
0.238202 0.0708889 0.118127 0.385787 30.922
0.0253778 0.648049 0.624985 0.0257401 31.3445
0.372172 0.0548784 0.786163 0.911491 29.3541
0.872152 0.693695 0.118136 0.776231 27.5591
0.0338594 0.042634 0.169448 0.181803 30.566
0.4079 0.874134 0.927933 0.911494 26.3813
0.4079 0.874134 0.927933 0.911494 26.3813
0.534652 0.833498 0.890694 0.0178888 28.5794
0.960466 0.756327 0.793811 0.789619 26.4331
0.960473 0.329184 0.786163 0.9183 26.742
0.960466 0.756327 0.793811 0.789619 26.4331
0.0253825 0.114733 0.169444 0.589589 30.195
0.0253979 0.433716 0.272505 0.222145 33.329
0.0338714 0.65397 0.010308 0.366687 32.8514
0.0253816 0.329182 0.384569 0.195418 30.1077
0.534651 0.693696 0.543788 0.474006 29.0218
0.617487 0.208824 0.244354 0.01788 30.4909
0.0843491 0.737883 0.0851062 0.851832 28.8008
0.1215 0.155331 0.0103092 0.776239 29.9994
0.992387 0.883424 0.786165 0.222135 26.896
0.0253778 0.648049 0.624985 0.0257401 31.3445
0.960482 0.343909 0.890706 0.231183 27.4227
0.960469 0.542905 0.840808 0.311732 27.574
0.617487 0.549278 0.0850985 0.073259 32.2816
0.0910645 0.714016 0.341952 0.851826 27.8375
0.74309 0.75633 0.786179 0.685727 28.1248
0.255837 0.542902 0.0851082 0.819779 29.589
0.889845 0.549273 0.0851164 0.231185 29.7482
0.630551 0.0558707 0.543796 0.974386 28.3831
0.889845 0.549273 0.0851164 0.231185 29.7482
0.812219 0.0291072 0.9152 0.776721 27.7767
0.534652 0.833498 0.890694 0.0178888 28.5794
0.812221 0.0548886 0.0851231 0.974376 29.4392
0.0253988 0.833492 0.0103154 0.154801 29.6373
0.617498 0.648046 0.0103062 0.331142 31.4844
0.960482 0.343909 0.890706 0.231183 27.4227
0.534652 0.833498 0.890694 0.0178888 28.5794
0.0253979 0.433716 0.272505 0.222145 33.329
0.74309 0.75633 0.786179 0.685727 28.1248
0.0910645 0.714016 0.341952 0.851826 27.8375
0.255837 0.542902 0.0851082 0.819779 29.589
0.0254075 0.486297 0.0463475 0.828283 28.9894
0.812219 0.0291072 0.9152 0.776721 27.7767
0.0508978 0.654094 0.804723 0.776242 27.3276
0.0338594 0.042634 0.169448 0.181803 30.566
0.712428 0.474289 0.531962 0.2193 29.7343
0.534652 0.833498 0.890694 0.0178888 28.5794
0.812219 0.0291072 0.9152 0.776721 27.7767
0.560714 0.0291031 0.284632 0.716684 29.8146
0.74309 0.75633 0.786179 0.685727 28.1248
0.960469 0.542905 0.840808 0.311732 27.574
0.863098 0.161191 0.455851 0.366678 29.1732
0.0253825 0.114733 0.169444 0.589589 30.195
0.743091 0.0426311 0.169453 0.911499 29.2094
0.617487 0.208824 0.244354 0.01788 30.4909
0.872152 0.693695 0.118136 0.776231 27.5591
0.534652 0.833498 0.890694 0.0178888 28.5794
0.0508978 0.654094 0.804723 0.776242 27.3276
0.712428 0.474289 0.531962 0.2193 29.7343
0.12151 0.208819 0.86393 0.696176 29.5736
0.812221 0.0548886 0.0851231 0.974376 29.4392
0.12151 0.208819 0.86393 0.696176 29.5736
0.12151 0.208819 0.86393 0.696176 29.5736
0.617501 0.0290999 0.863931 0.776235 30.5162
0.863098 0.161191 0.455851 0.366678 29.1732
0.812221 0.0548886 0.0851231 0.974376 29.4392
0.812219 0.0291072 0.9152 0.776721 27.7767
0.255837 0.542902 0.0851082 0.819779 29.589
0.863098 0.161191 0.455851 0.366678 29.1732
0.812219 0.0291072 0.9152 0.776721 27.7767
0.0253988 0.833492 0.0103154 0.154801 29.6373
0.617491 0.756327 0.0851054 0.00707779 30.0246
0.743091 0.0426311 0.169453 0.911499 29.2094
0.343833 0.833486 0.786174 0.723669 27.1498
0.712426 0.648044 0.0851206 0.776239 28.5154
0.812219 0.0291072 0.9152 0.776721 27.7767
0.0253979 0.433716 0.272505 0.222145 33.329
0.050897 0.263962 0.688715 0.0732589 31.5402
0.0253988 0.833492 0.0103154 0.154801 29.6373
0.617491 0.756327 0.0851054 0.00707779 30.0246
0.863098 0.161191 0.455851 0.366678 29.1732
0.617498 0.648046 0.0103062 0.331142 31.4844
0.0338594 0.042634 0.169448 0.181803 30.566
0.0843409 0.263958 0.350589 0.00706603 31.954
0.560714 0.0291031 0.284632 0.716684 29.8146
0.238202 0.0708889 0.118127 0.385787 30.922
0.255837 0.542902 0.0851082 0.819779 29.589
0.0338714 0.65397 0.010308 0.366687 32.8514
0.617491 0.756327 0.0851054 0.00707779 30.0246
0.0253778 0.648049 0.624985 0.0257401 31.3445
0.74309 0.75633 0.786179 0.685727 28.1248
0.872152 0.693695 0.118136 0.776231 27.5591
0.712903 0.833474 0.272497 0.231189 29.207
0.0253778 0.648049 0.624985 0.0257401 31.3445
0.812219 0.0291072 0.9152 0.776721 27.7767
0.617498 0.648046 0.0103062 0.331142 31.4844
0.0843409 0.263958 0.350589 0.00706603 31.954
0.712903 0.833474 0.272497 0.231189 29.207
0.238202 0.0708889 0.118127 0.385787 30.922
0.372172 0.0548784 0.786163 0.911491 29.3541
0.534652 0.833498 0.890694 0.0178888 28.5794
0.0253988 0.833492 0.0103154 0.154801 29.6373
0.0910635 0.114733 0.0851108 0.401639 34.0187
0.617491 0.756327 0.0851054 0.00707779 30.0246
0.992387 0.883424 0.786165 0.222135 26.896
0.712903 0.833474 0.272497 0.231189 29.207
0.0910635 0.114733 0.0851108 0.401639 34.0187
0.0253816 0.329182 0.384569 0.195418 30.1077
0.617487 0.549278 0.0850985 0.073259 32.2816
0.0253816 0.329182 0.384569 0.195418 30.1077
0.238202 0.0708889 0.118127 0.385787 30.922
0.863098 0.161191 0.455851 0.366678 29.1732
0.0338714 0.65397 0.010308 0.366687 32.8514
0.050897 0.263962 0.688715 0.0732589 31.5402
0.960466 0.756327 0.793811 0.789619 26.4331
0.830529 0.756327 0.786174 0.409392 27.6663
0.534651 0.693696 0.543788 0.474006 29.0218
0.19021 0.129319 0.587654 0.0257302 32.0327
0.1215 0.155331 0.0103092 0.776239 29.9994
0.0253979 0.433716 0.272505 0.222145 33.329
0.0910635 0.114733 0.0851108 0.401639 34.0187
0.617487 0.549278 0.0850985 0.073259 32.2816
0.0253979 0.433716 0.272505 0.222145 33.329
0.617498 0.648046 0.0103062 0.331142 31.4844
0.1215 0.155331 0.0103092 0.776239 29.9994
0.712428 0.474289 0.531962 0.2193 29.7343
0.0253816 0.329182 0.384569 0.195418 30.1077
0.0253825 0.114733 0.169444 0.589589 30.195
0.0910635 0.114733 0.0851108 0.401639 34.0187
0.455235 0.833465 0.544172 0.716683 28.5217
0.455235 0.833465 0.544172 0.716683 28.5217
0.617487 0.549278 0.0850985 0.073259 32.2816
0.889845 0.549273 0.0851164 0.231185 29.7482
0.238202 0.0708889 0.118127 0.385787 30.922
0.0253778 0.648049 0.624985 0.0257401 31.3445
0.0253778 0.648049 0.624985 0.0257401 31.3445
0.812219 0.0291072 0.9152 0.776721 27.7767
0.863098 0.161191 0.455851 0.366678 29.1732
0.630551 0.0558707 0.543796 0.974386 28.3831
0.992387 0.883424 0.786165 0.222135 26.896
0.0253816 0.329182 0.384569 0.195418 30.1077
0.812219 0.0291072 0.9152 0.776721 27.7767
0.630551 0.0558707 0.543796 0.974386 28.3831
0.0253979 0.433716 0.272505 0.222145 33.329
0.534652 0.833498 0.890694 0.0178888 28.5794
0.812219 0.0291072 0.9152 0.776721 27.7767
0.255837 0.542902 0.0851082 0.819779 29.589
0.872152 0.693695 0.118136 0.776231 27.5591
0.992387 0.883424 0.786165 0.222135 26.896
0.712903 0.833474 0.272497 0.231189 29.207
0.0338714 0.65397 0.010308 0.366687 32.8514
0.630551 0.0558707 0.543796 0.974386 28.3831
0.255837 0.542902 0.0851082 0.819779 29.589
0.0910645 0.714016 0.341952 0.851826 27.8375
0.960469 0.542905 0.840808 0.311732 27.574
0.0843491 0.737883 0.0851062 0.851832 28.8008
0.960466 0.756327 0.793811 0.789619 26.4331
0.534652 0.833498 0.890694 0.0178888 28.5794
0.372172 0.0548784 0.786163 0.911491 29.3541
0.238202 0.0708889 0.118127 0.385787 30.922
0.910929 0.833491 0.350583 0.331135 28.0039
0.863093 0.756331 0.272498 0.181808 28.8458
0.560714 0.648051 0.786183 0.911501 28.7431
0.812229 0.474285 0.244353 0.668167 27.5597
0.050897 0.263962 0.688715 0.0732589 31.5402
0.812224 0.883415 0.350598 0.911505 27.6967
0.617498 0.648046 0.0103062 0.331142 31.4844
0.712434 0.0708931 0.0103222 0.0168696 30.7065
0.0910556 0.0426154 0.793816 0.911489 28.5683
0.910924 0.271748 0.688711 0.208695 29.6477
0.19021 0.129319 0.587654 0.0257302 32.0327
0.0254075 0.486297 0.0463475 0.828283 28.9894
0.712428 0.474289 0.531962 0.2193 29.7343
0.630551 0.0558707 0.543796 0.974386 28.3831
0.812229 0.474285 0.244353 0.668167 27.5597
0.343833 0.833486 0.786174 0.723669 27.1498
0.0843491 0.737883 0.0851062 0.851832 28.8008
0.960482 0.343909 0.890706 0.231183 27.4227
0.0253914 0.05788 0.181362 0.776241 29.7573
0.183774 0.714023 0.8907 0.366671 27.8492
0.743099 0.0426209 0.543799 0.473995 30.8997
0.617501 0.0290999 0.863931 0.776235 30.5162
0.617491 0.756327 0.0851054 0.00707779 30.0246
0.992387 0.883424 0.786165 0.222135 26.896
0.872152 0.693695 0.118136 0.776231 27.5591
0.255837 0.542902 0.0851082 0.819779 29.589
0.812219 0.0291072 0.9152 0.776721 27.7767
0.630551 0.0558707 0.543796 0.974386 28.3831
0.812219 0.0291072 0.9152 0.776721 27.7767
0.992387 0.883424 0.786165 0.222135 26.896
0.238202 0.0708889 0.118127 0.385787 30.922
0.0910635 0.114733 0.0851108 0.401639 34.0187
0.0253979 0.433716 0.272505 0.222145 33.329
0.1215 0.155331 0.0103092 0.776239 29.9994
0.19021 0.129319 0.587654 0.0257302 32.0327
0.050897 0.263962 0.688715 0.0732589 31.5402
0.863098 0.161191 0.455851 0.366678 29.1732
0.0253816 0.329182 0.384569 0.195418 30.1077
0.0338714 0.65397 0.010308 0.366687 32.8514
0.0253778 0.648049 0.624985 0.0257401 31.3445
0.0338594 0.042634 0.169448 0.181803 30.566
0.617491 0.756327 0.0851054 0.00707779 30.0246
0.743091 0.0426311 0.169453 0.911499 29.2094
0.812221 0.0548886 0.0851231 0.974376 29.4392
0.863098 0.161191 0.455851 0.366678 29.1732
0.617501 0.0290999 0.863931 0.776235 30.5162
0.12151 0.208819 0.86393 0.696176 29.5736
0.812221 0.0548886 0.0851231 0.974376 29.4392
0.617487 0.208824 0.244354 0.01788 30.4909
0.0253825 0.114733 0.169444 0.589589 30.195
0.74309 0.75633 0.786179 0.685727 28.1248
0.0508978 0.654094 0.804723 0.776242 27.3276
