9 0.0295218
2.54971 29.5993 2837.34
37.958 2576.5 191.494
8.71404 2.73333 2873.93
2737.21 239.093 12.0678
8.71404 2.73333 2873.93
2.54971 29.5993 2837.34
2.54971 29.5993 2837.34
123.319 2100.49 343.31
2737.21 239.093 12.0678
2132.43 94.3423 122.623
7.83367 3.44183 2540
1850.72 13.4216 407.199
2456.44 425.65 78.0108
341.762 944.065 1301.84
2439.4 18.6543 164.986
2242.73 106.594 107.797
482.44 1632.92 252.438
254.289 1149.11 1221.63
155.535 24.9374 2023.99
1517.28 167.187 733.959
1197.61 4.53096 1626.25
484.955 1915.24 240.845
10.7623 1765.49 926.166
108.181 93.9194 2158.05
1674.66 486.265 47.3917
484.955 1915.24 240.845
254.774 1246.37 813.851
1850.72 13.4216 407.199
123.319 2100.49 343.31
290.053 996.015 1355.4
10.7623 1765.49 926.166
444.967 244.895 1446.14
6.02785 38.2109 2286.31
1333.18 456.422 660.818
1396.76 879.603 181.174
2242.73 106.594 107.797
98.1777 1290.58 965.624
1850.72 13.4216 407.199
98.1777 1290.58 965.624
423.831 309.314 1551.57
1745.57 153.905 196.964
663.489 1576.69 333.293
1170.9 1106.03 321.782
1037.09 74.1824 1260.44
1569.92 884.856 173.731
123.319 2100.49 343.31
1138.65 616.187 526.436
271.33 2025.18 144.034
1106.33 736.557 518.193
815.182 858.013 903.083
948.219 388.983 724.983
1609.36 335.653 598.26
7.83367 3.44183 2540
206.501 2534.61 90.4198
3.49441 9.30944 2431.06
588.924 1399.55 435.333
570.733 1297.99 452.924
1517.28 167.187 733.959
10.7623 1765.49 926.166
1333.18 456.422 660.818
36.1291 35.3359 2184.58
36.1291 35.3359 2184.58
712.16 1360.73 426.844
676.596 452.645 1211.72
592.833 207.43 1243.22
282.178 1085.54 1355.42
2456.44 425.65 78.0108
123.319 2100.49 343.31
311.774 675.49 1474.85
282.178 1085.54 1355.42
1507.36 19.6082 1231.11
1655.77 1010.03 108.971
123.319 2100.49 343.31
99.6484 874.012 1775.34
712.16 1360.73 426.844
282.178 1085.54 1355.42
3.70022 138.753 1875.45
254.289 1149.11 1221.63
560.166 1523.95 565.046
155.535 24.9374 2023.99
423.831 309.314 1551.57
1428.58 412.859 569.663
1176.44 1254.37 201.698
123.319 2100.49 343.31
254.774 1246.37 813.851
3.70022 138.753 1875.45
878.237 1281.52 81.2939
6.02785 38.2109 2286.31
315.058 549.312 1682.9
18.881 897.524 1658.94
1116.39 687.599 394.966
315.058 549.312 1682.9
218.493 45.575 1906.47
3.70022 138.753 1875.45
6.02785 38.2109 2286.31
444.175 185.009 1719.2
444.175 185.009 1719.2
764.861 1471.38 284.327
815.182 858.013 903.083
518.648 1955.88 238.907
752.084 1466.3 330.025
228.87 348.176 1772.27
123.319 2100.49 343.31
1569.92 884.856 173.731
99.6484 874.012 1775.34
588.924 1399.55 435.333
1303.82 118.811 1040.01
113.331 709.902 1605.8
815.182 858.013 903.083
490.337 378.651 1442.61
1428.58 412.859 569.663
8.71404 2.73333 2873.93
2456.44 425.65 78.0108
1647.43 560.031 269.128
405.765 1092.13 973.642
1093.12 814.171 555.073
518.648 1955.88 238.907
302.902 728.558 1515.78
764.861 1471.38 284.327
302.902 728.558 1515.78
1603.01 433.793 271.528
1165.66 632.192 432.704
99.6484 874.012 1775.34
1048.49 136.782 1168.8
353.558 840.145 1275.44
433.884 144.409 1831.65
254.289 1149.11 1221.63
712.16 1360.73 426.844
101.679 771.959 1611.21
764.861 1471.38 284.327
1428.58 412.859 569.663
99.6484 874.012 1775.34
37.958 2576.5 191.494
1609.36 335.653 598.26
302.902 728.558 1515.78
315.058 549.312 1682.9
1049.6 385.142 860.668
444.574 535.784 1467.57
33.8376 1990.85 522.761
101.679 771.959 1611.21
1093.12 814.171 555.073
2439.4 18.6543 164.986
1049.6 385.142 860.668
815.182 858.013 903.083
1049.6 385.142 860.668
37.958 2576.5 191.494
1647.43 560.031 269.128
712.16 1360.73 426.844
1507.36 19.6082 1231.11
1049.6 385.142 860.668
490.337 378.651 1442.61
1609.36 335.653 598.26
1333.18 456.422 660.818
1647.43 560.031 269.128
7.83367 3.44183 2540
1647.43 560.031 269.128
216.784 1603.62 928.431
1197.61 4.53096 1626.25
353.558 840.145 1275.44
11.5733 1256.46 1277.73
1647.43 560.031 269.128
482.867 890.214 973.805
353.558 840.145 1275.44
254.774 1246.37 813.851
36.1291 35.3359 2184.58
740.351 23.0946 1486.47
2242.73 106.594 107.797
11.5733 1256.46 1277.73
22.1735 9.20293 2371.12
1138.65 616.187 526.436
1609.36 335.653 598.26
3.70022 138.753 1875.45
423.831 309.314 1551.57
560.343 362.641 1378.87
228.87 348.176 1772.27
1507.36 19.6082 1231.11
592.833 207.43 1243.22
113.331 709.902 1605.8
1165.66 632.192 432.704
539.426 117.283 1651.9
518.648 1955.88 238.907
1116.39 687.599 394.966
1603.01 433.793 271.528
1333.18 456.422 660.818
1603.01 433.793 271.528
254.774 1246.37 813.851
1106.33 736.557 518.193
490.337 378.651 1442.61
539.426 117.283 1651.9
2439.4 18.6543 164.986
1655.77 1010.03 108.971
862.183 26.8962 1369.05
2242.73 106.594 107.797
433.884 144.409 1831.65
2737.21 239.093 12.0678
2242.73 106.594 107.797
218.493 45.575 1906.47
1116.39 687.599 394.966
18.881 897.524 1658.94
282.178 1085.54 1355.42
254.289 1149.11 1221.63
862.183 26.8962 1369.05
2132.43 94.3423 122.623
1609.36 335.653 598.26
539.426 117.283 1651.9
1507.36 19.6082 1231.11
2456.44 425.65 78.0108
2.54971 29.5993 2837.34
862.183 26.8962 1369.05
108.181 93.9194 2158.05
482.867 890.214 973.805
2.54971 29.5993 2837.34
815.182 858.013 903.083
539.426 117.283 1651.9
444.574 535.784 1467.57
3.49441 9.30944 2431.06
948.219 388.983 724.983
271.33 2025.18 144.034
1116.39 687.599 394.966
254.289 1149.11 1221.63
539.426 117.283 1651.9
10.7623 1765.49 926.166
740.351 23.0946 1486.47
228.87 348.176 1772.27
353.558 840.145 1275.44
482.867 890.214 973.805
2.54971 29.5993 2837.34
7.83367 3.44183 2540
254.774 1246.37 813.851
1647.43 560.031 269.128
484.955 1915.24 240.845
862.183 26.8962 1369.05
560.343 362.641 1378.87
1165.66 632.192 432.704
1333.18 456.422 660.818
1048.49 136.782 1168.8
18.881 897.524 1658.94
353.558 840.145 1275.44
1396.76 879.603 181.174
353.558 840.145 1275.44
764.861 1471.38 284.327
444.967 244.895 1446.14
484.955 1915.24 240.845
10.7623 1765.49 926.166
1609.36 335.653 598.26
1093.12 814.171 555.073
764.861 1471.38 284.327
2737.21 239.093 12.0678
206.501 2534.61 90.4198
36.1291 35.3359 2184.58
560.166 1523.95 565.046
878.237 1281.52 81.2939
1116.39 687.599 394.966
539.426 117.283 1651.9
1745.57 153.905 196.964
588.924 1399.55 435.333
482.867 890.214 973.805
752.084 1466.3 330.025
1507.36 19.6082 1231.11
228.87 348.176 1772.27
98.1777 1290.58 965.624
539.426 117.283 1651.9
490.337 378.651 1442.61
1850.72 13.4216 407.199
490.337 378.651 1442.61
423.831 309.314 1551.57
228.87 348.176 1772.27
592.833 207.43 1243.22
1396.76 879.603 181.174
518.648 1955.88 238.907
1333.18 456.422 660.818
1674.66 486.265 47.3917
1333.18 456.422 660.818
1603.01 433.793 271.528
3.70022 138.753 1875.45
539.426 117.283 1651.9
2.54971 29.5993 2837.34
539.426 117.283 1651.9
740.351 23.0946 1486.47
1507.36 19.6082 1231.11
2.54971 29.5993 2837.34
3.49441 9.30944 2431.06
271.33 2025.18 144.034
1116.39 687.599 394.966
315.058 549.312 1682.9
33.8376 1990.85 522.761
98.1777 1290.58 965.624
2439.4 18.6543 164.986
948.219 388.983 724.983
490.337 378.651 1442.61
7.83367 3.44183 2540
353.558 840.145 1275.44
341.762 944.065 1301.84
11.5733 1256.46 1277.73
1647.43 560.031 269.128
206.501 2534.61 90.4198
482.867 890.214 973.805
764.861 1471.38 284.327
36.1291 35.3359 2184.58
740.351 23.0946 1486.47
