1 0.0177878
6.85781 1.71135e-33 3.52279e-32
5.38131 2.60044e-94 6.61447
4.87281 4.95211 3.48488e-85
6.92312 3.93124e-29 1.59707e-38
5.8566 5.95191 4.18845e-85
5.5981 2.7052e-94 6.88094
5.04843 6.7326 3.35671e-08
5.04843 6.7326 3.35671e-08
5.8566 5.95191 4.18845e-85
6.98454 3.96612e-29 1.61124e-38
6.08316 6.18215 4.35048e-85
5.92285 7.07364e-66 7.28011
7.02221 3.98751e-29 1.61993e-38
6.43628 6.54103 4.60302e-85
6.15888 2.97619e-94 7.57023
7.20606 7.44965e-17 1.25398e-36
6.54692 6.65346 4.68214e-85
6.21318 3.00243e-94 7.63697
7.05531 4.00631e-29 5.74507e-12
7.26904 4.12767e-29 1.67687e-38
7.22357 0.00058899 1.36275e-151
6.28372 3.03652e-94 7.72368
6.28372 3.03652e-94 7.72368
7.10897 1.17636e-24 6.63843e-11
7.26904 4.12767e-29 1.67687e-38
7.36094 4.8867e-27 1.81534e-31
7.33445 3.22884e-20 4.48845e-14
7.22752 2.04705e-20 2.9954e-07
6.32108 3.05457e-94 7.7696
7.37345 8.80608e-66 5.00962e-131
7.37345 8.80608e-66 5.00962e-131
6.62914 1.1646e-05 8.14825
7.38159 2.09069e-20 1.30058e-22
7.41272 1.18372e-16 6.96114e-24
7.48422 2.11976e-20 3.18651e-55
7.48422 2.11976e-20 3.18651e-55
7.48386 2.50713e-05 4.20198e-67
7.5194 8.62622e-62 9.45656e-62
7.51903 2.56024e-69 7.6081e-13
7.60711 2.29394e-41 3.21937e-23
7.60711 2.29394e-41 3.21937e-23
7.64663 8.18523e-44 2.24128e-27
7.61329 8.14954e-44 8.85875e-10
7.61329 8.14954e-44 8.85875e-10
7.69104 1.28944e-52 2.61076e-112
7.68155 1.27111e-24 7.17311e-11
7.6736 3.39924e-09 4.18914e-98
7.73697 4.46609e-44 6.96776e-94
7.71762 6.85167e-49 7.20678e-11
7.74899 4.40021e-29 1.78759e-38
7.78803 5.65582e-95 4.37276e-67
7.78803 5.65582e-95 4.37276e-67
7.74959 5.93665 0.000752443
7.74959 5.93665 0.000752443
7.80395 2.3533e-41 3.30267e-23
7.79534 0.0728946 6.34825e-42
7.84013 3.49571e-52 4.0274e-32
7.80524 3.80691e-14 9.81604e-62
7.80524 3.80691e-14 9.81604e-62
7.86498 9.02266e-62 5.27509e-60
7.85474 2.36862e-41 8.56907e-05
7.88729 9.15915e-67 3.42293e-46
7.88729 9.15915e-67 3.42293e-46
7.87255 5.13259e-24 0.000363733
7.87255 5.13259e-24 0.000363733
7.9274 3.63675e-45 5.06205e-120
7.9274 3.63675e-45 5.06205e-120
7.91399 5.62044e-20 2.62488e-08
7.94429 1.42326e-28 2.38319e-32
7.94429 1.42326e-28 2.38319e-32
7.93832 2.23665e-136 2.50126e-07
8.01742 3.68926e-67 1.67524e-57
7.9658 1.05732e-08 1.69972e-08
7.96283 2.40096e-22 3.69066
7.97042 3.50881e-20 4.87764e-14
7.97042 3.50881e-20 4.87764e-14
8.03059 4.79218e-96 7.68187e-49
7.97807 1.99091e-33 3.38354e-06
7.97807 1.99091e-33 3.38354e-06
8.0316 3.21106e-59 2.50283e-38
8.0316 3.21106e-59 2.50283e-38
8.00323 3.90348e-14 0.228457
8.04859 1.34938e-52 2.73214e-112
8.04859 1.34938e-52 2.73214e-112
8.05377 4.70353e-69 1.35362e-18
8.05204 9.23725e-62 6.77617e-11
8.05204 9.23725e-62 6.77617e-11
8.08988 3.0197e-162 6.19122e-188
8.07698 0.0272673 4.84172e-14
8.10091 4.77722e-32 2.17053e-30
8.09953 1.27682e-05 1.01709
8.1582 9.47374e-67 3.54051e-46
8.11221 5.76121e-20 2.69063e-08
8.11221 5.76121e-20 2.69063e-08
8.16065 1.46202e-28 6.51182e-140
8.13855 0.10175 4.58372e-07
8.13712 8.8415e-53 9.58184e-07
8.13712 8.8415e-53 9.58184e-07
8.13855 0.10175 4.58372e-07
8.15922 3.99868e-36 1.66383e-09
8.15922 3.99868e-36 1.66383e-09
8.18553 7.23928e-181 1.42443e-36
8.17902 0.018242 5.45387e-29
8.15931 1.35017e-24 3.4604e-06
8.18422 7.28541e-20 1.81412e-07
8.17902 0.018242 5.45387e-29
8.18422 7.28541e-20 1.81412e-07
8.21368 5.45281e-27 2.02564e-31
8.20074 0.0766855 6.67839e-42
8.1765 8.88429e-53 0.000410064
8.1942 0.00032167 3.26859e-08
8.21161 5.83181e-20 8.30889e-13
8.22186 2.07528e-29 1.17976e-24
8.21399 5.05067e-36 0.000121649
8.1992 4.78846e-69 0.234051
8.1992 4.78846e-69 0.234051
8.23679 3.17957e-41 7.14657e-56
8.22029 2.38729e-35 3.24641
8.22029 2.38729e-35 3.24641
8.24312 2.08064e-29 1.18281e-24
8.23683 5.37008e-24 0.000380564
8.2441 2.48603e-41 5.03381e-109
8.28002 1.30221e-42 7.45683e-94
8.27097 2.09049e-31 2.67859
8.26775 0.000731706 3.32586e-40
8.26775 0.000731706 3.32586e-40
8.27097 2.09049e-31 2.67859
8.29972 5.12596e-61 2.2238e-30
8.28508 0.000675542 0.000415509
8.29995 7.38842e-20 1.04382e-61
8.31411 1.6991e-22 2.48494e-17
8.30856 4.76233e-05 5.64495e-131
8.30677 1.04507e-44 3.52294e-06
8.31411 1.6991e-22 2.48494e-17
8.31831 6.01948e-122 2.19889e-93
8.32057 2.77499e-76 7.49335e-94
8.32806 2.41859e-35 1.81416e-22
8.35042 1.35014e-62 9.81446e-47
8.34126 3.02214e-16 9.09983e-05
8.34126 3.02214e-16 9.09983e-05
8.35804 6.5211e-47 3.53717e-23
8.355 0.078128 6.80402e-42
8.34637 0.00267878 0.000418583
8.38099 1.35509e-62 1.47605e-32
8.38099 1.35509e-62 1.47605e-32
8.37247 0.000682668 1.57949e-151
8.3869 6.19637e-115 5.54554e-36
8.3869 6.19637e-115 5.54554e-36
8.38315 4.10842e-36 7.05481e-11
8.40206 2.12076e-29 1.20561e-24
8.39089 1.86448e-13 5.12344e-109
8.39089 1.86448e-13 5.12344e-109
8.406 1.50598e-28 2.5217e-32
8.40844 5.01766e-96 8.04331e-49
8.4117 7.4393e-181 2.62128e-38
8.43738 1.72429e-22 3.66166e-46
8.4234 9.15256e-53 9.91895e-07
8.41722 1.47872e-05 5.13829e-35
8.41722 1.47872e-05 5.13829e-35
8.43129 3.19334e-16 2.65659e-07
8.4655 6.14781e-95 4.71545e-65
8.45242 1.34975e-16 9.46313e-10
8.45242 1.34975e-16 9.46313e-10
8.42654 5.88624e-138 2.80747e-06
8.47083 9.2041e-53 2.99403e-91
8.44545 0.000331533 8.20902e-05
8.43404 1.42645e-91 0.000175163
8.43239 1.32929e-05 1.05889
8.43239 1.32929e-05 1.05889
8.44545 0.000331533 8.20902e-05
8.45752 2.8798e-69 9.86091e-05
8.45752 2.8798e-69 9.86091e-05
8.48982 1.06379e-22 4.27395e-38
8.48982 1.06379e-22 4.27395e-38
8.47739 4.14607e-09 0.207043
8.50223 1.86846e-37 5.70249e-60
8.50223 1.86846e-37 5.70249e-60
8.4931 0.0794193 6.91648e-42
8.49201 3.23457e-45 7.14643e-11
8.49151 0.000333341 8.25379e-05
8.4931 0.0794193 6.91648e-42
8.51513 2.56776e-41 2.86258e-18
8.50938 0.106386 5.19619e-109
8.5322 3.92614e-67 4.65787e-98
8.53087 1.40618e-56 3.53557e-07
8.51758 1.13056e-08 4.3754e-32
8.51758 1.13056e-08 4.3754e-32
8.53087 1.40618e-56 3.53557e-07
8.55205 3.81314e-52 1.00514e-46
8.55205 3.81314e-52 1.00514e-46
8.5393 7.58115e-49 8.34032e-14
8.53125 1.38752e-07 4.42821e-68
8.54929 1.98353e-30 7.46337e-15
8.5393 7.58115e-49 8.34032e-14
8.60183 5.71049e-27 2.12137e-31
8.57683 6.69215e-108 1.64671e-06
8.54461 3.46333e-06 2.74737e-49
8.54201 9.0876e-16 1.74189e-09
8.58344 2.16654e-29 6.21759e-11
8.60183 5.71049e-27 2.12137e-31
8.60294 6.08844e-25 2.39283e-25
8.56472 0.000127375 2.51038e-27
8.63363 2.02665e-28 1.51722e-27
8.61534 2.59771e-22 5.16441e-14
8.60919 3.48951e-06 2.76813e-49
8.60919 3.48951e-06 2.76813e-49
8.61549 1.01429e-08 3.21499e-15
8.6203 4.49574e-16 1.67812e-38
8.6203 4.49574e-16 1.67812e-38
8.61549 1.01429e-08 3.21499e-15
8.63918 3.22474e-162 6.61161e-188
8.63918 3.22474e-162 6.61161e-188
8.6247 1.31744e-84 3.57445e-07
8.61311 0.245205 6.87565e-140
8.61311 0.245205 6.87565e-140
8.62736 0.000128306 2.52874e-27
8.6249 3.26667e-16 2.71759e-07
8.631 3.12712e-16 6.20706e-46
8.6249 3.26667e-16 2.71759e-07
8.63932 1.03179e-65 5.86967e-131
8.65656 2.94757e-69 3.48227e-40
8.65557 2.26104e-14 4.82132e-65
8.65557 2.26104e-14 4.82132e-65
8.64157 6.03645e-138 2.87911e-06
8.64157 6.03645e-138 2.87911e-06
8.65117 9.20373e-16 7.04455e-12
8.65117 9.20373e-16 7.04455e-12
8.65684 1.90631e-56 1.25667e-77
8.65684 1.90631e-56 1.25667e-77
8.65393 0.000765884 2.8703e-08
8.65375 0.29722 2.58637e-08
8.65678 7.97057e-12 1.52462e-32
8.65999 5.09968e-20 6.23638e-27
8.65999 5.09968e-20 6.23638e-27
8.66715 1.19473e-68 2.08715e-98
8.66715 1.19473e-68 2.08715e-98
8.66498 2.68071e-35 3.23346e-15
8.68407 6.98222e-31 1.53007e-22
8.68407 6.98222e-31 1.53007e-22
8.70276 3.89492e-102 7.40852e-46
8.70276 3.89492e-102 7.40852e-46
8.69019 3.31005e-45 4.02778
8.71201 5.28544e-133 1.55215e-52
8.71201 5.28544e-133 1.55215e-52
8.70775 2.11642e-06 2.25562e-50
8.70467 5.27848e-38 8.80779e-13
8.70467 5.27848e-38 8.80779e-13
8.723 7.01352e-31 1.53693e-22
8.7123 8.36141e-57 1.09183e-11
8.7123 8.36141e-57 1.09183e-11
8.73307 3.08709e-71 6.2681e-49
8.73307 3.08709e-71 6.2681e-49
8.73392 6.63466e-22 1.90257e-22
8.76666 1.44504e-56 1.52556e-36
8.75645 1.44336e-56 3.62905e-07
8.73407 2.5365e-35 3.44931
8.82971 2.2287e-29 1.26698e-24
8.79643 5.13932e-07 1.10626e-61
8.76848 2.64388e-22 0.000405128
8.77118 3.86133e-20 5.36768e-14
8.84408 2.94958e-76 7.52882e-46
8.80712 1.54722e-05 5.37631e-35
8.88361 1.06097e-65 6.03564e-131
8.87554 6.28136e-25 7.22725e-12
8.81743 0.302842 1.5353e-36
8.86557 0.0829024 7.98451e-94
9.00109 2.27196e-29 1.29157e-24
9.00397 6.83981e-22 1.9614e-22
9.01809 3.55776e-56 1.75556e-38
9.04451 2.1231e-28 1.97023e-22
9.03053 1.06315e-08 3.36987e-15
9.04713 4.16309e-67 4.69598e-68
9.13968 2.75609e-41 3.86796e-23
9.04738 4.41275e-14 1.13782e-61
9.21725 4.4541e-94 6.61561e-49
9.16576 4.42922e-94 1.02618e-09
9.06428 1.47421e-07 5.53329e-35
9.243 5.60492e-38 4.91642e-33
9.16174 0.00294047 0.000459475
9.28138 4.27088e-67 1.93934e-57
9.27662 2.2297 0.00011124
9.28626 5.46847e-20 6.68738e-27
9.33935 4.45958e-20 9.75074e-24
9.32771 3.37955e-16 6.69489e-49
9.30604 4.33138e-09 5.9545e-95
9.35291 3.65242e-151 1.64791e-22
9.33741 4.55421e-14 6.72421e-27
9.51618 2.20786e-30 3.54714e-46
9.43113 1.97908e-124 3.90867e-07
9.38683 1.52667e-07 7.49026e-140
9.36114 3.79429e-06 2.0392e-22
9.41509 1.10843e-08 3.51338e-15
9.63544 1.11892e-66 4.1816e-46
9.55074 1.01608e-15 5.82269e-26
9.4374 3.59466e-45 1.74904e-06
9.99932 1.64823e-56 1.94658e-38
9.75648 3.95454e-06 8.51722e-15
9.54344 4.25517e-52 0.000112427
10.0335 2.91388e-35 1.45067e-48
9.76301 0.0329593 8.52298e-15
