531 20.8447
0.96853 7.88765 5.68646 0.981404 1.22559
0.200724 0.835418 7.54392 0.650342 6.80816
3.76164 6.33551 3.24691 4.31151 0.0219529
0.735023 4.21702 7.88214 1.99573 1.41381
0.551605 0.640995 0.919349 1.51601 8.18161
0.0041031 0.00383053 0.00605513 0.00452129 9.22254
0.652205 2.9738 7.53613 4.0879 0.418981
0.906394 2.25918 5.57404 4.8324 3.76539
0.28723 1.14801 0.199349 6.31488 6.29879
2.8729 6.48488 6.98121 2.26101 0.0331306
2.62359 4.14097 6.22706 1.01412 5.7155
1.33339 1.97205 0.963507 7.4668 2.05061
1.64689 6.38947 0.949526 4.11522 5.06023
2.04666 2.06393 2.16264 2.29465 7.46463
0.757303 2.63853 2.40476 6.24607 4.41946
1.6031 1.9136 0.266109 8.05184 1.5525
0.590584 0.482069 0.207088 9.62151 1.13092
2.76836 5.31061 1.41674 7.21839 0.038081
1.52773 5.79077 0.801273 2.5905 6.84382
0.566724 0.252442 7.3653 7.49419 3.04741
0.450515 1.47612 1.03388 7.17083 4.14679
0.745341 0.954854 6.93862 4.22067 4.55926
0.433748 1.61299 6.83724 6.68244 0.0820416
0.49913 1.2287 0.310406 4.76343 7.11953
1.50721 6.94378 0.770716 6.32672 1.56113
0.5663 3.75404 2.51553 8.02874 0.15915
0.150429 0.380971 0.113078 4.52701 7.79536
0.345249 0.833299 0.205838 8.19164 4.21375
0.6303 0.437142 0.122973 7.67754 5.82352
0.837213 3.2662 8.97263 1.61027 3.86038
1.62175 3.23074 6.68176 4.25408 1.24148
0.678788 4.28095 0.748083 8.07625 0.46987
0.574234 0.697279 0.142704 10.4288 0.410143
0.285773 0.755914 7.85026 5.65124 1.87257
5.79402 7.0962 4.56101 0.899847 1.76954
1.26525 0.853974 0.72399 8.96908 1.12039
3.11706 7.80617 1.5658 2.82687 3.55126
0.229953 1.56161 6.47612 0.612752 7.32303
0.487148 4.86394 4.76535 0.539888 7.63653
1.10644 8.64837 1.41331 4.69343 0.646708
1.94611 9.32483 1.99942 1.45859 3.2938
0.236946 0.496381 0.087045 5.19013 7.40711
0.516619 6.45546 8.49063 1.70516 1.23703
0.103559 0.975912 10.0826 3.60177 2.61579
4.54351 3.35265 4.18694 5.80373 2.41652
0.0265404 0.0413194 0.100132 0.100127 8.57168
1.81386 8.83075 0.98253 2.57164 3.43167
0.0214711 0.0174194 0.0631764 0.0543547 8.61086
2.67073 8.55843 0.753396 4.90007 0.420569
0.716503 7.9453 5.37172 3.1413 1.07953
1.63568 2.47673 9.65656 2.82908 1.40638
1.24759 9.75515 3.13375 2.99131 0.21208
0.0946687 0.47878 6.34436 7.74327 2.81986
1.91171 9.3387 5.03066 0.858231 1.3211
3.51642 1.4661 1.95121 10.091 0.00876906
0.0907496 1.08359 9.55108 5.32813 1.17563
2.37214 5.13609 10.0151 1.84058 0.303032
0.269432 1.00733 4.10817 9.59417 0.287601
7.03018 10.3112 4.71677 1.53077 6.24112e-05
0.000102202 0.000201419 0.000197975 2.32676e-05 11.431
6.85664e-05 2.49302e-05 5.00917e-06 4.26165e-05 13.0012
0.000129216 1.24843e-05 1.87009e-05 0.000223455 16.911
1.70082e-05 0.000304538 0.00133222 0.00052999 17.0678
3.25526 9.63437 2.96895 3.27363 0.92315
0.785208 6.87906 7.74263 2.47197 0.455887
0.658426 8.47603 7.0956 2.37861 2.53509
0.831892 7.40195 8.69326 1.40019 3.05784
1.1995 1.40721 10.6395 2.03788 2.14857
0.309994 1.09129 7.71277 0.572411 8.95888
1.03776 2.50907 10.4446 0.842531 8.53194
2.0572 6.8948 8.86751 1.24298 1.37927
2.50635 5.47282 7.1507 1.48341 3.93545
0.922209 6.29448 7.41152 3.74277 1.58911
1.1221 8.78533 5.85953 1.61557 3.38201
2.92098 7.00374 2.2617 5.10707 2.89246
0.226492 0.978007 8.39651 2.39792 7.63168
1.63489 4.85854 5.07897 2.48668 7.39907
0.275548 3.40173 5.94206 1.30861 9.51018
2.02536 8.37868 5.3807 1.57401 2.08919
2.6472 7.86525 6.46427 2.42925 3.6091
6.18842 9.43456 2.32534 2.44555 1.54455
1.5574 8.64099 2.34887 4.03348 1.7566
6.34479 9.73043 4.23784 0.901155 0.669284
2.10147 7.68054 6.83371 3.69661 1.82843
1.73709 7.94549 8.96373 3.76121 1.46782
2.04919 4.94093 7.40804 5.51907 1.96637
0.876444 5.1197 8.71896 2.40076 2.95942
1.43284 9.47471 5.63112 2.81129 1.79132
1.30088 8.56101 7.94153 1.59841 0.272589
0.926068 5.23024 7.93592 2.95849 4.06555
1.11883 9.87944 1.44715 2.38675 5.19956
0.76149 10.4653 4.79613 1.96768 0.72829
1.02073 5.93236 8.84061 1.99291 6.02218
0.601402 7.24348 6.78231 2.30009 1.41406
1.64811 5.72447 9.34312 1.22127 3.86412
0.991611 8.38149 6.40805 3.41899 3.38918
0.485322 2.80628 8.44685 0.584232 8.50397
1.06567 4.0686 9.09325 2.37033 4.04923
0.690724 5.25772 8.80894 1.5555 2.36834
1.29722 9.61246 5.93938 2.78367 3.98619
0.966453 8.90768 5.15039 1.37656 1.41563
1.86944 11.0653 4.68253 1.42803 0.7026
3.28412 10.0411 3.52984 1.78579 0.406758
0.882495 9.62084 5.93837 3.56004 2.80069
1.97691 3.37312 10.578 3.31018 3.35719
2.38668 8.75933 5.94365 2.13799 2.23512
3.33818 7.86464 5.5426 1.60105 2.31464
3.01879 8.96944 3.26864 2.06592 2.40812
2.68418 9.09673 5.94855 2.47134 1.38206
1.28708 5.0119 8.2174 2.30337 3.3032
1.08775 6.22065 7.56686 2.93531 0.173203
2.88572 10.1928 3.0662 3.66702 2.22366
1.23463 6.31736 4.64769 4.50733 5.9032
3.48089 8.01813 4.55518 1.87045 5.57321
2.32296 9.0728 3.18439 1.10811 2.55732
1.33697 6.69163 8.31775 3.65209 2.75029
2.19529 9.44406 4.89009 0.83804 1.41866
0.437669 1.69022 9.05167 2.25512 6.45498
3.2185 6.90307 8.95247 2.10093 2.5562
3.58846 8.35267 4.63131 4.1112 0.175046
1.7154 10.0341 3.62868 2.13476 0.921733
2.44514 7.14534 6.65481 4.31322 4.25298
4.83155 7.11003 4.26708 1.28856 6.41597
1.19435 8.64665 7.17436 2.69813 0.325246
3.56808 8.9182 6.76291 0.860373 1.80259
2.14569 8.4064 3.71558 3.18355 0.0476835
0.666492 1.99393 8.44468 1.78452 8.00796
0.770031 6.52577 4.37504 2.63835 7.70835
1.37069 7.286 7.21491 2.04237 0.244723
2.37796 7.27718 6.82641 4.16145 1.89251
1.68445 6.98603 4.3289 4.63334 0.425888
0.220804 0.72194 8.58794 3.14849 6.9288
0.529193 2.22055 9.44277 0.765998 5.35303
0.5509 1.70557 8.74813 0.984504 7.25919
2.51303 8.55254 4.13743 2.50073 0.903761
2.35908 7.39775 5.27402 1.91069 6.1218
0.964256 8.78682 6.05236 3.27007 2.71639
2.70615 9.47259 4.76115 2.86847 2.03093
0.958192 1.36984 8.68024 1.55309 7.03819
0.163518 0.923174 8.80298 2.23527 7.41284
0.372981 1.5869 7.89227 4.16695 7.66547
0.935957 1.73454 8.5447 1.68681 7.94483
0.400167 0.924337 9.74605 2.18479 3.03463
2.82549 9.87476 3.57344 0.835812 0.759173
2.51114 7.33445 4.90928 3.02237 5.88912
1.73184 8.78651 5.02573 3.53205 1.92423
1.61817 6.57562 6.40895 2.8975 2.70091
2.71549 8.03174 5.29563 4.66549 0.274587
0.990026 9.5648 2.88158 2.50099 2.66698
0.650279 2.29161 8.93765 2.16306 8.21401
1.69284 8.08583 4.04516 4.94358 1.94646
2.6801 7.53495 5.6689 1.61254 4.52332
0.195886 0.9185 9.47023 1.5378 7.01038
0.212098 0.87175 10.1296 4.11826 6.4299
1.03194 2.1352 9.57487 1.37515 8.41873
1.26489 2.07466 10.4017 1.28152 6.1582
1.51071 8.41773 6.56607 3.44486 3.01169
1.46274 9.7265 2.54673 1.99069 1.30215
1.18961 10.1091 5.52035 2.61348 0.329036
3.33901 9.11616 5.10148 3.6153 1.52221
0.96804 7.53542 3.91284 3.24419 4.88609
0.625488 9.42964 6.03424 1.99187 4.5171
0.434106 1.89984 5.17649 1.54269 10.0297
1.51146 9.57248 4.60864 0.963763 1.74218
0.123189 1.16779 8.54644 1.80788 8.08059
2.50114 8.27757 5.92906 1.12527 1.42104
2.53633 9.31774 3.97678 3.44898 1.80939
0.388216 1.36729 7.15097 2.2951 9.93933
2.5788 6.29728 5.05412 2.42366 6.64269
1.75741 5.64068 6.11858 1.97847 6.97668
0.150937 0.927194 8.14194 2.09898 8.68728
2.7416 6.8214 5.31203 3.11958 2.77732
0.554635 6.93503 7.3571 0.79621 0.129863
4.35912 9.25006 3.95047 1.26478 0.90762
1.97081 9.06767 5.55444 1.74911 2.92036
1.59137 10.1125 6.00521 1.30553 1.75131
0.327814 1.83428 8.48222 1.40451 7.48289
1.92502 8.56857 3.52413 4.75643 3.24156
1.7286 7.43177 5.43175 1.49941 3.92245
0.31653 1.08801 4.31754 1.24704 10.3367
2.51922 9.71632 4.67158 2.21256 0.707652
1.67413 6.05156 7.21471 2.75538 2.73842
0.215853 0.645424 8.70567 1.77746 6.57357
0.276951 1.02695 6.86035 3.48345 8.5456
2.21307 7.94104 5.53774 3.18692 2.86116
3.66148 8.5211 4.66551 1.91435 3.11595
0.420457 5.39274 8.38587 1.61946 2.03795
1.22865 3.04664 8.68531 0.89814 6.47339
0.514558 5.25866 9.83945 1.45568 0.706526
0.660736 6.94451 8.24212 1.61961 1.07239
0.475406 1.56194 6.39761 1.12515 10.2206
0.24523 0.584606 4.23353 0.753931 11.0973
0.504635 7.18609 6.85689 5.46181 1.09263
0.823116 8.05424 7.36958 2.80949 2.7679
0.960541 2.18479 9.68703 1.02554 6.46336
0.879991 6.7174 6.95316 4.48172 3.41993
1.41901 7.6957 7.90701 1.59821 1.63356
1.26731 8.33466 6.58287 1.85214 1.25325
5.05328 9.2779 2.46381 2.7264 0.617828
0.585443 1.0964 9.53924 1.77862 8.32295
1.10746 7.53524 7.92489 5.2409 1.48835
0.375507 2.08201 6.34661 0.55681 10.1605
1.78944 8.84415 3.59137 0.79762 3.21092
1.66466 7.19167 6.75914 3.84666 2.06802
1.09014 4.63765 9.10132 3.04429 4.50392
0.574239 3.02359 6.0817 2.28655 9.22746
1.23839 7.56042 5.28681 1.45399 6.49526
0.494878 6.51475 8.79601 1.57598 0.893096
1.00259 5.61074 8.74065 3.83628 3.16566
3.89358 7.31437 6.12364 0.821074 3.05091
0.451861 0.917236 9.49962 1.70567 6.94891
1.32557 7.49548 6.82168 1.32163 1.95483
1.20178 8.55842 6.00895 0.977913 2.7285
1.82942 7.41381 8.4054 0.870467 3.31004
2.37014 8.0213 7.12897 1.96091 4.66431
0.647304 5.00379 7.81053 4.04561 7.06038
0.685813 1.95706 5.21965 0.755484 10.2122
0.748945 2.83656 7.18641 1.66544 8.82694
0.151522 0.976028 6.61277 2.63276 8.37085
0.88453 9.7083 2.86461 0.804543 3.63334
0.257365 2.01379 8.16359 2.43222 5.79476
2.86316 8.20919 7.11857 2.14131 0.594221
0.171011 1.31918 11.3463 1.47168 3.0538
1.52152 8.95553 6.02784 3.08438 1.50662
1.78281 8.55396 4.03914 3.17266 2.85563
0.294514 0.608573 5.07916 0.760319 10.3
0.608417 8.23259 7.07498 1.91548 1.34124
0.131276 0.859701 8.16382 1.23022 8.92269
0.677706 9.01855 7.05032 2.95569 1.54263
1.93176 7.33943 8.00921 2.91212 0.28927
2.99887 7.36947 6.7197 0.817163 1.35556
1.20683 3.55908 9.87549 1.14528 3.68706
1.429 10.2415 4.20247 3.45656 0.951468
0.473036 1.25 8.3745 4.71663 6.60373
0.537807 1.92085 9.02949 4.34493 5.72476
2.30976 8.308 5.87184 3.57389 1.23711
3.50879 9.45465 2.27214 4.3652 3.29131
2.77624 7.93395 5.43233 1.06101 3.43842
0.99533 7.31889 4.5233 5.81192 3.65601
2.16557 7.29975 6.56373 3.59094 2.2287
2.59652 4.40603 6.86296 6.08824 3.44821
2.20264 6.77698 7.269 2.17287 3.95041
0.253181 0.710027 9.8842 3.46913 5.52419
5.98979 7.89451 3.14564 1.60993 2.8767
2.73472 8.76811 5.03221 3.96307 1.68682
1.98117 5.06441 10.0926 1.05831 0.459446
6.67365 8.39981 5.35252 0.822096 2.05138
1.45435 8.34874 6.40166 1.20096 1.67405
4.05622 8.11402 4.48276 3.72343 1.04008
3.9191 10.4328 6.74601 1.8533 1.47131
1.26828 5.15316 9.82503 1.80625 0.481246
1.34165 8.88999 4.00328 3.38929 4.56082
0.237017 1.10312 7.57705 4.33107 6.48333
0.250776 0.87928 8.12135 1.52843 8.1166
4.05145 6.81563 6.61126 2.59683 2.57634
3.5311 8.57686 4.37769 0.943362 2.27804
0.107844 0.596135 6.87651 1.52156 9.85329
1.46578 2.55547 9.81727 4.3101 3.37521
3.01925 10.4756 2.92038 0.888635 1.66697
2.24994 7.24693 8.30439 3.26388 1.4196
0.345949 0.799797 3.21132 1.38573 10.4449
0.97048 9.96435 3.18985 2.99767 1.19474
1.26465 9.88306 4.97102 2.74931 0.889913
0.43283 1.23889 9.40491 2.68753 6.00366
0.566175 0.821534 5.15797 3.78361 10.9313
1.74201 7.8133 6.58038 1.08278 2.97956
2.8776 10.2232 2.89474 3.27795 1.05788
1.45045 8.37549 6.87062 1.38822 0.471247
1.09666 7.52659 8.0067 1.81648 0.265064
3.0721 8.51117 0.985871 1.37276 5.25872
1.5771 8.59528 4.70037 1.8519 3.76096
1.81204 6.57159 7.42318 5.07388 0.778156
1.58353 7.61741 6.06183 2.7863 2.07039
0.623823 2.97261 8.40731 2.22792 6.53968
0.51083 5.94689 8.20616 4.09359 4.46428
1.72752 9.16821 5.78602 4.12446 2.85217
2.2507 8.07485 5.6136 4.23969 0.754026
2.5105 9.43132 6.40321 1.62607 1.61402
0.624562 1.07936 9.68943 0.72913 9.14683
2.09231 8.00807 6.83652 2.68185 1.70952
1.53355 8.0409 5.69507 2.26343 4.58758
1.75189 8.8753 5.4773 4.79396 0.802932
0.969493 8.80038 5.21238 4.99672 0.414146
0.609539 1.69865 10.0534 2.51771 4.77803
0.528003 2.2803 6.72603 0.952377 8.50433
2.92702 8.57187 5.00066 3.90531 1.12695
1.40548 8.42749 6.96949 2.59133 1.24083
0.286034 1.10901 6.90059 0.636348 8.64695
0.170737 0.624144 5.84848 1.17153 10.3776
0.879456 7.61342 6.71403 2.99755 1.47824
0.973274 8.49865 6.98868 1.69091 1.90984
0.897831 8.26803 6.12154 3.57219 3.84998
1.5846 7.37393 5.64359 5.10066 2.44885
2.29947 7.8056 7.16563 4.04025 2.1852
2.29027 9.00704 5.67361 2.80019 0.11425
2.60493 8.12265 6.13087 0.962181 3.5151
1.91899 5.79882 8.02846 2.0347 1.61489
2.80912 8.45968 5.77715 0.770418 2.35953
0.589124 1.29759 6.86878 0.785547 8.52403
1.54668 6.6083 6.41855 5.81485 1.28634
