892 15.5256
1.55004 67.0413 52.951
0.764767 78.3262 36.8493
0.552699 58.4005 66.3107
25.7181 43.1931 71.2806
40.761 77.138 0.000158184
5.42153 32.503 78.7305
71.0781 49.3001 0.080558
0.379964 32.4476 80.1808
33.3434 69.8653 33.4653
32.096 81.1239 4.17717
1.51842 4.8956 84.5276
27.2381 78.4938 24.3218
30.2745 63.8938 48.6435
49.2245 71.539 3.63675
32.2129 54.2351 57.8398
23.2775 84.4169 1.79391
43.6876 61.6112 39.7629
56.9554 65.2565 0.475979
38.5328 45.4467 63.4955
61.1883 61.5308 1.11552
48.1141 64.9345 28.8604
64.2405 56.8937 2.69002
31.1101 58.7804 53.3629
37.869 70.1594 28.5524
51.7884 49.6884 48.231
77.2268 37.3383 1.51125
49.1075 60.5884 35.8347
55.2454 66.0736 5.67828
60.865 47.3485 39.2228
55.8277 55.0509 38.3163
43.1909 73.2419 16.9637
47.4809 0.501068 74.9506
0.0594083 1.21281 85.6615
82.9604 28.7745 2.64043
43.6276 47.3623 58.8162
74.5498 43.5055 1.85947
60.6051 58.9789 24.3191
32.5634 36.5927 73.8466
45.9018 54.9611 50.8709
67.4842 46.5323 26.457
76.124 0.711262 42.9508
42.7464 75.6971 5.92388
65.4615 54.7925 18.7333
50.0203 37.2702 58.4549
23.7949 20.5241 80.3689
43.5101 39.2098 63.5166
32.02 26.2042 76.8712
24.8218 2.1401 83.1645
82.8535 21.4829 11.1482
67.6562 28.7589 44.8334
79.5552 2.14627 35.2224
45.4338 31.7796 66.9131
61.1297 0.729538 62.5781
64.4863 51.3107 30.6561
51.9314 54.8783 44.8292
71.5883 37.59 33.0205
48.5459 46.4726 53.8152
58.7403 36.4369 53.9037
65.555 42.3878 38.3323
49.4144 28.4537 64.4532
40.761 77.138 0.000158184
0.00162868 0.000198123 87.9368
3.64761e-05 0.00112236 86.9444
20.6875 72.9853 41.3345
8.62658 40.9155 75.8177
26.3291 70.8758 41.9371
23.8568 84.0338 1.27007
4.086 57.4293 63.9438
11.8575 80.4675 33.4141
1.10382 53.8729 67.7955
11.8678 84.4841 14.2455
4.39669 71.3263 50.0789
5.02746 67.87 54.043
7.97777 73.5915 46.3793
40.6328 56.8241 53.2673
18.0146 60.9522 59.6358
9.73461 86.2063 5.26652
18.3786 73.6684 42.2436
33.773 69.8735 40.7429
25.833 67.8853 47.4039
2.45865 77.2855 39.039
22.5662 52.5302 66.3446
18.8233 67.1109 52.1912
17.0702 70.6902 45.1234
24.7492 71.1754 43.2859
26.4399 69.0358 46.8643
4.72806 58.439 64.7119
13.328 79.8842 33.1399
15.0781 60.335 61.2878
12.1769 52.8013 66.8544
6.25787 58.8332 63.1783
14.9596 54.2721 65.2907
5.47423 49.5166 70.7734
2.53258 64.3399 57.6615
8.19297 70.6999 49.7842
9.32575 80.4714 32.4821
12.0863 32.5158 80.7842
23.6401 80.9727 18.1004
23.8419 66.8825 49.6873
15.2898 85.0781 8.30739
17.2646 71.3932 48.5559
10.1272 31.1951 80.9585
28.5704 49.2697 65.8298
17.101 57.4969 62.6956
10.3251 40.1404 76.2073
14.1031 72.6465 44.6715
14.2456 58.1919 62.6789
34.4502 63.896 49.2278
8.69992 48.5002 70.8586
14.5082 65.544 56.0069
15.2323 81.6448 24.6119
5.32579 23.9505 82.3638
6.92118 59.0327 65.3041
31.9891 72.4866 33.5461
13.3239 73.6022 44.3987
10.7133 82.3683 25.2287
8.47797 58.4963 62.8569
11.159 72.3332 45.0767
20.0651 63.8879 56.1893
8.18399 66.8506 54.8267
1.46712 25.3227 83.0277
7.25888 45.7213 74.437
6.10159 56.3606 66.1597
2.42209 86.8864 9.91798
1.21897 74.8715 43.0036
19.4566 71.8597 44.059
20.2707 64.9133 53.8731
8.17048 82.8016 28.6216
18.7381 54.5678 65.9699
38.1323 69.8933 35.2397
21.0702 80.8283 22.7083
4.92042 57.5659 64.0328
3.95825 47.1918 73.1973
14.2614 59.4222 62.597
57.9259 49.9736 41.3677
13.4987 82.3185 24.2286
9.28255 72.1823 46.305
29.2649 62.4836 52.8673
13.8781 70.5672 48.27
38.7685 72.2562 26.2729
23.0676 63.4041 56.0182
25.3881 84.0859 2.42139
20.3431 71.9857 43.367
13.024 81.1333 28.9896
18.5586 61.49 57.3073
7.14873 75.0545 44.5479
24.5425 73.5641 39.4648
26.9123 68.8527 46.0924
41.3992 75.0606 17.5811
20.1241 67.6103 49.1979
40.1442 63.42 40.8198
1.19901 35.4207 79.0243
8.62416 69.9246 51.3551
3.10637 23.0248 84.4095
9.28729 53.1502 68.187
14.0057 55.243 63.3666
9.30712 59.1535 62.4675
16.6749 63.69 57.6658
10.6793 78.1224 36.5197
10.3748 79.9054 32.2574
42.2511 45.8039 61.4547
17.82 43.5265 73.6786
3.9729 71.7049 51.1382
16.9609 79.3914 31.271
13.2851 72.3615 45.7702
24.7555 69.9902 45.5715
40.7797 51.4901 58.7909
3.20703 84.0386 23.8248
4.66015 82.2835 28.603
3.26706 75.5167 44.7324
34.357 68.0859 42.5085
5.949 68.5278 52.4215
4.12854 51.7693 70.5585
33.4581 68.1116 41.8584
2.47487 68.7099 52.4637
35.4986 74.3028 25.3937
28.6953 69.1771 44.9204
10.3368 74.6119 44.6629
22.7517 74.9731 37.7803
14.1794 67.2563 54.9345
8.86015 78.3445 36.5473
3.28209 66.7608 56.4221
6.29294 68.3547 53.9431
17.7633 57.2115 63.6725
9.08374 52.9301 68.891
29.3917 67.8192 47.6175
19.0647 45.0182 70.9533
53.1048 70.031 2.43208
24.1558 61.8845 55.5801
9.89789 78.7102 35.4407
17.559 55.8064 64.6991
6.73706 72.3162 46.8356
1.31639 75.6467 45.5995
20.3056 79.7425 27.5697
16.7041 73.6692 41.7785
9.177 40.7374 75.6041
6.98798 87.0012 6.79956
20.4938 77.5791 33.9013
11.0241 84.2852 21.2908
12.3956 68.7926 50.9399
11.7063 63.6415 59.2025
23.7481 57.71 61.6961
3.43686 80.5475 33.4084
14.3451 76.6173 38.992
16.8171 56.3245 62.5041
10.8126 59.0802 63.1343
10.181 77.0517 38.8117
9.91262 67.1092 54.1322
3.51469 58.5452 64.0573
22.4249 59.2212 58.7532
10.5722 75.6169 43.1377
7.61871 85.3548 18.7962
22.6279 66.0057 51.7916
2.58162 65.1734 55.9619
4.36817 58.8231 63.1682
3.93063 62.0954 60.4088
15.4675 41.6065 75.1957
14.4236 75.4404 40.7246
36.3102 65.5647 45.8193
4.50983 84.3852 17.9933
15.2539 81.4868 27.1873
19.1407 77.4185 34.1686
35.8893 67.974 40.3805
5.30807 50.2197 69.6842
13.3524 61.1929 59.5875
0.968773 83.414 23.3882
24.146 50.4993 65.2517
5.44282 74.7452 44.5727
8.71603 73.5248 47.2233
12.634 59.3019 60.522
11.15 51.8915 68.4453
10.3985 82.8145 25.3338
3.06073 56.3935 67.206
1.47355 62.2853 61.5875
17.735 76.3789 36.4707
9.06206 64.7865 56.2688
22.4506 82.805 12.9583
21.8612 67.0207 51.2651
3.67316 85.1905 18.2985
7.57121 43.3771 74.6724
44.4792 61.5659 42.3043
4.60278 37.9166 77.7073
5.19283 66.7268 56.522
4.07304 43.4563 74.948
22.9062 67.3613 50.2283
11.4444 57.759 65.3024
22.5416 78.9854 31.7073
3.20419 76.0532 40.5951
18.1736 57.1564 62.1278
29.7848 78.2728 24.4985
35.2995 71.0842 36.0748
4.29797 38.4635 77.6625
21.6855 69.6337 47.9395
14.0629 68.3951 51.9769
39.2783 55.3033 54.1496
8.04263 80.5294 33.326
17.6107 78.977 33.5907
5.96053 53.7452 68.06
16.177 85.3541 8.66021
9.08441 79.0368 35.157
1.2953 71.2162 51.7168
2.01016 53.8459 67.5433
17.3284 54.7275 65.6128
27.3934 79.6853 20.029
13.566 66.7416 52.7008
1.38299 11.6394 85.913
12.5933 65.7731 55.936
20.0908 74.5034 39.0328
11.6186 80.4651 31.5027
8.16736 58.7848 62.3853
13.82 53.5571 65.7892
18.6603 60.9695 60.3322
3.91441 74.834 43.9808
40.206 73.777 27.5881
1.7094 66.3392 56.2092
0.908637 42.047 76.3045
1.17725 83.0133 26.9998
19.444 74.7146 41.3274
6.33498 72.8763 46.747
28.7292 74.248 37.1328
6.65543 61.4392 61.327
8.60314 80.9728 31.185
20.4903 83.5792 15.5386
10.5178 43.6523 74.5077
3.13634 85.2392 21.4514
17.4528 73.4017 43.9651
5.301 83.881 22.6249
18.0988 54.2522 65.7859
14.1706 75.1046 43.2793
30.2357 62.1886 54.2146
10.5119 43.6445 74.7362
1.224 41.4561 76.2336
6.59238 57.4962 64.811
1.57309 44.1111 75.1753
17.4842 74.5357 40.7235
3.60493 68.0669 53.9695
23.9428 68.0846 48.4267
6.60902 85.0927 16.775
24.1002 81.1201 19.4579
2.22649 80.5991 32.7749
