34 6.98292
76.6764 725.907 890.972 215.838 2511.59 70.316 2.65715 806.541
25.5442 48.5851 104.304 251.291 196.127 1777.58 2386.43 299.739
4.8254 13.1498 17.1812 729.996 708.36 3477.3 22.7661 255.334
0.128494 0.127734 1.60861 3.28193 13.6701 22.6392 1365.27 2911.55
0.0839465 0.0100305 2.83148 6.31636 71.5081 79.641 2484.38 1946.5
1.84049 0.347415 0.89335 5.87266 93.8488 489.192 89.0358 3109.98
0.00858377 0.0552201 3.04613 0.923682 1.31873 1.05113 3370.78 147.748
2.60446 3.27468 12.9762 4.84226 13.811 34.7841 3010.26 930.965
28.6413 61.2529 50.6209 106.698 2104.13 2177.41 2008.5 86.782
40.1609 157.073 108.569 15.027 2701.43 840.75 230.157 1534.34
8.30757 76.7023 319.687 109.839 326.998 215.028 2130.3 2111.69
13.1358 16.6873 142.8 166.82 352.546 2946.86 115.111 1550.51
0.326606 0.158056 0.161134 1.88586 20.0819 62.0596 1.7703 3590.74
1.62331 2.14882 2.5484 8.98912 18.1705 133.166 27.5691 3286.95
28.1115 22.6529 122.115 231.992 168.487 2158.98 1007.16 2212.56
47.1232 25.1183 261.096 88.7457 1467.05 3067.49 656.672 422.509
1.12587 14.6769 1156.14 842.477 3113.81 72.056 1544.46 22.9869
5.30609 8.93582 58.7766 855.963 844.124 3702.15 185.651 85.8805
7.84247 28.5892 178.58 40.7765 622.742 3029.88 306.884 1134.13
4.86365 17.5183 179.43 86.4046 23.0127 55.8955 3431.38 10.1001
122.108 1186.12 1005.24 94.9724 2789.93 667.752 608.996 216.387
0.069004 0.0287042 0.298332 0.312031 0.177828 3.63922 70.7229 3645.45
4.72394 15.3071 9.19355 99.0715 2.26833 3911.09 631.967 931.458
4.96851 8.76931 22.9707 20.9777 68.3919 2814.49 285.17 2461.9
8.33229 135.934 156.92 11.9277 3722.18 550.687 455.831 542.3
20.0704 51.831 1344.5 415.186 369.954 240.009 3026.99 173.697
0.181777 0.417026 0.696736 0.955209 0.840399 3525.93 2377.22 298.305
92.9121 171.49 178.702 49.2817 2279.46 769.964 1823.34 1193.13
8.39925 119.105 34.9312 554.736 3452.1 1776.48 57.366 722.164
44.0979 64.0343 91.6866 772.245 2792.41 965.323 1228.26 606.968
56.0831 329.385 406.152 111.118 3799.79 1.6294 369.241 791.224
0.92767 0.536183 1.09326 23.2984 2864.86 2410.04 166.345 1510.12
172.884 542.092 659.424 391.53 3820.62 62.3203 206.872 52.0264
4.6729 7.62272 558.389 307.839 241.124 6.45913 2898.83 1050.53
3.52627 9.226 12.6752 12.6248 3683.62 493.821 153.151 2002.23
70.515 6.98483 152.9 24.2375 421.901 2927.63 1641.35 727.286
23.2827 61.9944 64.8158 6.64908 4452.65 46.7399 53.9117 1404.37
24.5994 75.2236 562.475 56.2081 3971.54 410.681 299.222 138.675
11.9826 266.453 487.081 38.8257 3924.84 846.673 1201.87 14.4466
1.70452 2.16663 27.1969 302.642 554.198 3423.64 2116.67 51.5287
50.8278 15.156 25.0081 47.8452 3081.31 804.683 2466.7 355.893
0.471146 0.291572 3.66943 20.5365 194.769 185.68 1857.41 2761.61
43.3641 172.228 733.735 59.9591 729.944 1866.59 5.81909 2908.33
82.9209 652.545 1019.5 84.8827 1848.78 2082.73 376.277 1546.87
1.66001 65.2423 48.7246 601.656 132.462 3654.26 738.696 419.295
1.38914 50.143 522.727 511.097 4233.64 80.1165 312.239 82.2662
3.16757 1.8353 39.237 51.4312 297.827 3827.76 5.94161 2136.58
81.5003 107.554 351.015 548.878 905.161 2619.37 1352.62 865.128
0.466006 0.17706 3.28168 27.795 201.171 3005.65 2852.12 88.6637
13.5891 22.2493 26.0342 306.846 549.895 2292.89 279.873 2619.34
208.604 327.927 1102.88 400.213 3431.37 1227.16 865.214 4.98322
24.6435 72.7651 108.572 378.363 407.323 3831.34 112.551 728.7
24.2803 153.565 374.952 19.9279 2623.06 187.758 397.166 2607.16
40.5447 83.0862 177.888 82.1856 81.249 3647.37 824.106 657.78
49.0721 64.9155 587.076 1592.94 469.653 2648.12 997.243 575.791
33.9156 65.2501 1507.9 179.176 1807.97 33.3025 3559.69 0.111354
0.0225787 0.00636901 0.0378901 0.124476 0.219563 0.812802 0.0657439 5519.81
0.058395 0.311049 3.63013 6.54481 1.74998 0.0144851 2151.37 4252.88
0.00249402 0.00306431 0.00819444 0.0128591 0.011724 7.11354 338.347 4196.75
0.00962571 0.0142178 0.00575522 0.0037606 3.82145 7.33278 66.3552 4683.13
0.000162661 4.85635e-05 0.000280605 3.82125 29.8696 881.911 124.918 4647.29
1.16561e-05 2.59256e-05 6.65829 2.61129 2.13669 3.01387 3832.78 76.6184
1.16561e-05 2.59256e-05 6.65829 2.61129 2.13669 3.01387 3832.78 76.6184
206.706 686.767 530.233 841.862 431.784 2371.63 268.899 3770.28
0.266859 0.114248 2.9464 42.7838 75.5212 594.117 4110.6 2139.03
112.634 33.3679 369.208 49.934 427.234 296.58 48.3408 4073.03
3.56601 12.5656 405.503 314.097 351.255 1664.28 540.216 4135.77
198.307 95.1591 2319.73 1305.97 370.452 1538.73 272.315 1976.96
53.264 110.871 22.3767 1378.82 1866.71 1158.41 1690.03 3842.76
5.43124 2.99311 84.7322 336.929 101.629 550.604 955.841 4468.06
107.63 321.024 372.956 669.973 463.897 908.389 296.268 4021.35
17.1818 164.319 130.43 313.006 2718.79 2012.4 2151.35 1815.49
836.095 747.527 427.334 1956.62 2129.85 1073.1 3095.11 1578.28
19.1642 23.7912 92.4358 174.763 202.247 1177.55 1737.94 3091.42
98.0012 84.4165 78.0487 134.538 153.418 2551.52 2025.21 3036.41
132.89 28.6698 51.7024 529.904 468.095 1245.12 1336.62 4364.25
114.76 1135.06 1334.55 982.992 29.3487 2617.56 2558.04 1586.82
44.8741 36.3037 23.8649 180.69 198.715 95.0316 2307.19 4776.03
53.8305 344.696 491.327 1826.15 1718.27 728.556 1241.84 2861.41
218.027 208.272 492.333 65.7211 506.269 2582.66 1165.88 1539.03
71.2442 279.054 76.3606 375.049 3541.34 801.613 1542.57 3161.25
7.12667 2.68796 15.8116 1.60049 8.43714 128.013 357.604 4014.05
62.184 83.2827 201.728 185.429 178.999 15.5924 447.402 4291.08
333.449 88.595 553.78 165.531 952.739 2087.84 2433.5 2686.27
8.00046 2.21774 9.75486 8.13856 1885.89 2286.55 2932.16 3829.37
3.27381 5.01207 23.9547 1.9351 71.721 430.612 1302.23 4853
1580.85 550.339 57.3586 112.019 397.99 966.107 297.215 4134.8
2.02117 270.88 1698.28 3391.64 1440.38 82.8423 3163.27 947.042
106.425 64.8373 11.2892 42.5465 30.31 1212.14 1615.95 3193.52
373.091 283.906 1131.57 17.6148 1932.75 1457.79 994.354 3381.02
117.009 635.169 411.64 335.821 1672.4 3006.28 3643.56 999.169
45.8723 50.3813 78.0864 60.2135 165.373 335.977 2079.47 4633.47
157.895 125.514 170.625 212.483 728.5 83.6931 172.05 5084.59
32.8164 11.8582 16.8678 5.03881 5.0166 829.871 4132.72 499.717
15.8716 297.363 347.192 34.1746 1.50804 1142.28 434.056 4182.87
730.558 841.093 131.259 3750.16 18.3233 681.092 2464.5 1342.69
451.188 455.275 1079.04 630.78 1589.91 1222.07 196.528 3745.22
1.21782 3.25814 15.0482 14.4984 800.917 2647.48 2980.67 2211.35
1223.77 342.907 48.6647 650.21 134.607 351.512 533.068 3542.37
42.8699 48.5355 114.505 61.5032 169.505 270.561 3566.03 2728.26
230.692 205.396 606.176 1316.92 1030.7 2785.29 1124.79 2481.87
49.887 18.2539 104.007 558.213 294.359 2351.39 3541.58 991.485
8.80292 3.01293 8.12088 1129.5 439.855 641.719 452.692 3654.14
73.4451 112.155 392.899 332.436 61.104 923.305 1640.9 3943.29
2.21304 16.4682 26.0699 175.91 289.788 58.3442 1797.08 4510.69
8.82877 11.4461 10.9105 5.23971 1146.07 2753.33 3177.86 2142.26
122.576 526.175 209.564 1004.93 969.466 2458.14 3243.18 3230.99
84.9469 131.192 417.156 195.097 724.753 2610.36 2081.66 3401.23
538.572 568.1 657.386 1039.54 1000.49 3347.95 2994.97 1638.76
2228.88 2397.9 1209.51 366.5 2052.15 1241.28 2250.86 1406.82
14.2699 1.65804 206.19 517.681 62.6007 59.5115 4463.33 830.771
10.7613 89.426 42.5847 29.1731 141.084 250.721 3125.14 2565.4
297.707 186.503 754.18 499.492 985.068 2588.13 591.491 2959.79
5.21247 4.61495 10.2634 6.68723 11.9789 23.9717 4665.59 63.0686
5.88179 98.7986 34.9218 245.49 430.749 1006.96 3912.28 1863.42
0.0011096 0.00348992 2.67586 4.32129 65.8044 262.167 1908.1 4236.26
1.57245 15.9705 301.739 338.711 135.885 2319.31 365.858 3283.87
1.68628 1.20233 513.333 1266.52 509.533 1604.68 1525.42 3411.1
47.4066 32.7092 48.4403 111.406 1.475 183.58 3875.82 1766.07
142.694 146.35 89.1369 1075.84 2700.56 1710.91 3067.62 1113.07
626.644 776.677 344.594 406.775 1864.07 414.853 637.814 4094.72
11.0209 9.83158 4.50174 157.017 107.068 236.293 1.54003 4294.12
464.845 679.017 332.178 49.6513 1560.5 1079.45 1628.19 3499.32
1412.33 1073.27 344.755 4242.66 63.9883 803.879 174.949 1593.13
2.26804 19.9684 65.2429 459.147 276.283 84.7503 665.909 3937.04
51.6229 39.7009 51.641 3.15282 74.8148 37.1596 3558.1 2491.8
1.38358 6.57454 24.371 24.2837 406.022 466.074 25.8297 4717.95
2.05924 9.07585 0.090176 1.87125 47.2535 30.8831 788.925 5035.36
49.5042 12.5781 65.4222 66.314 22.0115 2085.38 912.25 3905.35
1158.88 532.901 511.102 825.651 2165.87 2335.13 2210.05 2952.66
18.0993 39.1845 909.89 368.76 915.405 1830.04 2338.04 4053.43
58.512 196.582 613.089 14.2558 378.284 718.172 2878.04 2713.55
50.254 12.7975 78.9477 307.082 235.565 653.517 104.042 4629.68
19.3418 3.27618 257.035 56.059 1097.37 3043.66 1765.53 2703.53
350.849 31.8938 16.6158 44.2368 2858.64 1486.15 3170.59 926.039
271.381 527.737 427.444 751.172 679.581 975.53 1149.9 4075.31
8.05411 748.797 470.447 784.346 416.8 1184.95 3137.41 2873.8
55.5694 49.6203 52.7336 247.395 511.968 50.8767 2154.37 4715.29
239.722 137.191 477.045 237.685 189.811 1685.25 4263.77 1261.55
93.8517 15.7145 14.9484 396.101 2930.84 545.036 2975.24 2911.94
448.887 608.272 704.479 1422.86 950.497 15.5126 750.63 3561.07
99.1146 167.414 216.157 639.292 1203.76 1761.35 1727.98 3360.36
89.996 21.6692 301.679 48.0835 329.58 645.668 4167.62 627.292
342.357 476.024 752.689 623.046 436.84 1484.83 598.586 3925.67
319.622 187.469 1276.59 98.3256 979.553 438.915 2628.67 3900.95
185.473 65.8499 189.219 130.104 1210.98 367.567 1362 4001.62
22.6943 18.0357 236.242 220.11 890.695 252.867 2108.97 2915.65
462.139 47.5046 386.651 61.4968 534.116 376.281 284.106 4929.16
347.911 573.603 163.329 213.276 3262.04 2863.17 257.174 547.951
0.755924 5.48022 8.79863 752.764 4230.61 1437.51 255.259 1450.32
37.6106 38.2687 903.021 708.821 1622.47 1679.86 460.334 4278.85
158.515 125.127 491.123 474.082 878.501 1213.91 514.333 4046.54
42.2772 60.7131 62.1949 83.3014 272.41 1063.08 2727.27 3544.86
91.7046 118.864 169.137 82.4338 28.3782 411.994 3574.31 1807.27
503.175 186.625 363.273 428.227 2962.53 3.90109 3171.6 2386.36
12.8107 3.98135 22.8021 17.1589 362.908 1066.12 2035.29 3910.71
1.35949 1.02894 1.52334 527.977 1574.79 3006.65 1798.76 821.492
28.2958 56.4428 187.95 268.452 159.891 2881.4 1851.09 4511.98
1.5275 8.59525 8.62708 466.487 856.943 2786.07 320.425 3000.86
122.709 130.819 100.049 102.766 330.258 731.379 367.498 4749.14
999.173 235.245 1139.87 1614.56 785.427 814.694 841.435 4064.52
61.7295 60.0829 49.9455 73.369 1624.49 541.992 5125.6 1150.67
122.413 320.848 2091.86 858.826 2488.03 4092.54 603.347 174.345
1118.8 495.793 151.662 405.075 619.884 1728.75 2842.67 2426.88
71.1934 317.818 132.734 3.16154 363.175 1544.76 2310.75 2652.12
53.8034 183.582 153.405 161.18 539.831 805.883 1196.1 3786.14
2.0594 4.3088 22.5278 26.0828 21.5543 2929.95 4364.31 35.8348
103.443 44.4409 307.753 894.579 316.321 789.021 1744.22 2976.93
302.458 420.797 1107.28 1586.93 484.093 143.818 4342.39 675.938
18.2384 76.9299 70.7517 255.241 619.524 240.651 774.684 4648.91
13.8567 4.2496 14.228 158.552 697.137 2933.45 3188.87 1174.71
25.2309 28.5067 384.925 179.435 175.336 40.4294 331.243 3627.26
36.4333 107.267 514.78 417.166 328.784 1790.76 4398.2 715.079
268.972 708.01 3616.94 122.143 1892.19 48.7938 481.684 543.176
18.0797 19.0462 59.1101 481.354 411.404 227.849 720.504 5063.03
328.27 12.2053 270.307 85.934 47.4697 2622.47 562.207 2886.58
162.423 66.3872 140.142 1292.16 187.955 845.243 2449.85 3334.07
29.4919 3.70302 8.80396 118.067 445.005 587.023 4610.71 1127.34
1328.27 492.115 2051.1 688.335 230.565 2866.09 2531.07 277.774
1.98898 4.02719 2.24644 20.4227 3.99947 10.7635 177.377 4321.46
128.431 325.605 94.9641 77.8616 1412.83 1021.02 1736.82 3995.42
6.14666 8.10474 1.13549 0.97925 487.111 1842.97 4149.45 338.35
37.5042 94.3815 975.694 476.333 732.29 4592.06 552.002 1637.02
412.291 154.301 423.403 638.874 496.988 294.168 4822.77 1470.17
144.164 207.253 26.5308 196.618 46.592 81.631 1786.17 3975.8
13.0036 23.7126 69.1088 166.792 288.979 2294.54 3634.51 2398.78
115.563 54.7141 73.8107 32.6657 144.222 46.1723 5515.86 2488.45
9.88864 44.6406 42.4195 2.11715 898.87 522.653 3700.98 1728.79
54.3151 146.032 26.9868 1181.45 1613.67 2866.47 2290.48 2525.06
97.0337 366.323 91.721 734.361 378.455 957.724 4110.34 2432.99
614.521 1498.45 1126.7 1689.69 1078.74 1967.97 2234.72 1098.9
13.217 6.17266 18.6973 64.0068 154.687 119.001 739.389 4220.14
89.9363 150.45 17.4272 114.265 414.956 1011.61 682.338 5215.16
1463.81 37.0604 2274.18 1333.22 1781.59 3069.44 1703.16 2066.81
5.25633 3.86427 45.3024 157.536 1754.22 4049.1 248.645 2787.38
161.486 69.3613 57.5137 728.244 1169.56 605.813 1612.35 4482.55
355.043 1545.07 214.981 799.42 406.534 1439.05 4210.55 1692.77
12.0634 227.053 814.51 785.605 1788.96 362.726 2078.12 4248.48
50.5852 52.0904 71.6313 21.9082 177.707 409.151 3808.31 2830.56
1.3206 14.4829 44.8369 2075.55 1189.48 3000.31 2140.65 3453.56
119.374 108.923 258.318 267.731 3440.6 1109.01 2471.95 2343.94
17.0508 94.216 91.6147 140.943 42.9731 1005.75 4338.78 969.247
70.9681 191.327 176.135 413.313 435.898 916.466 1103.98 4107.19
340.541 487.175 290.945 666.513 1158.92 4521.18 657.804 2129.7
295.267 18.5319 353.258 18.6408 1582.39 1171.4 1248.46 3925.35
701.441 576.978 443.213 321.783 722.103 2038.94 97.9793 3645.51
4.80362 5.40015 55.1048 214.006 3330.14 929.448 1933.41 4055.65
103.739 137.033 36.6804 416.414 372.361 969.598 1008.16 4742.68
193.506 264.55 428.097 1564.09 585.149 1018.57 3357.09 3309.9
5.39517 42.4797 50.3777 24.3728 637.183 371.834 1761.48 4267.69
17.8785 21.6414 63.5426 76.566 427.167 2029.45 1096.28 4312.83
2.82478 141.034 81.7594 119.518 808.095 1448.5 4071.94 668.549
0.441214 0.356995 2.44022 4.54946 1.43339 3018.16 22.085 3336.41
49.1365 232.275 69.3275 509.004 447.068 939.126 4046.38 945.399
32.5995 65.762 1.1095 1053.86 568.629 13.4498 2511.19 4162.54
23.9978 16.2459 497.633 341.261 1055.43 235.383 2092.77 3813.31
120.724 508.829 3333.95 392.036 629.479 25.7576 2722.77 450.509
57.1312 85.4789 1555.39 839.535 3385.61 1653.47 1755.85 1799.69
98.5615 144.206 2399.25 1142.32 1452.19 1459.99 250.364 2980.76
570.533 248.982 400.951 1730.98 852.949 767.688 3479.89 1182.55
758.946 69.1912 504.322 845.975 793.88 1662.52 1635.55 3595.4
319.299 716.26 2383.79 1164.36 60.017 2996.14 1658.28 415.57
222.023 121.77 633.702 174.256 489.853 2042.14 1042 4001.4
1815.5 1004.12 1624.64 661.368 377.435 1238.67 3124.05 2347.6
160.036 1692.99 515.527 177.084 49.8926 984.827 107.369 4315.76
1200.97 1228.33 760.304 1384.46 3115.7 1291.7 1483.47 2739.59
828.046 1015.54 725.618 494.918 2866.2 1027.89 3087.32 859.402
34.437 105.419 123.026 40.9874 1913.88 1539.47 1175.46 3068.45
45.1182 410.404 116.305 283.556 374.703 1014.05 3289.79 3469.26
21.6477 54.0953 213.009 57.3447 342.162 796.298 1023.33 5056.53
431.32 264.891 206.112 53.5607 1233.1 3515.62 486.94 88.3894
40.303 14.0356 61.4394 308.263 20.3907 333.147 1485.81 3908.59
2077.05 1855.48 1788.09 507.695 705.565 2936.05 776.998 1783.34
3.54257 0.183114 43.4224 147.511 593.333 689.888 519.298 5220.09
75.8656 66.6789 40.961 97.7517 937.306 2464.19 4975.07 999.159
2.49637 165.702 730.472 196.119 518.864 833.717 942.639 3244.42
624.011 415.074 2018.45 529.719 977.451 2715.88 3758.92 869.711
15.4106 25.5944 224.83 126.452 581.624 858.023 1565.7 4346.55
79.4315 59.5842 145.227 147.491 289.28 1122.15 4336.68 258.644
55.25 199.538 80.3629 66.8839 677.501 863.11 63.5693 5168.4
99.4267 320.586 243.646 113.162 632.483 1413.35 723.393 3868.15
29.7221 761.475 64.8476 95.3787 1428.16 284.385 1511.95 3364.78
48.1635 37.4476 36.2913 109.11 699.889 3561.63 1637.74 2632.98
15.2088 236.118 832.432 28.2423 544.1 740.601 479.82 4347.94
162.106 386.79 349.911 523.288 109.397 691.078 289.682 4150.09
9.22577 21.6724 707.981 159.275 148.812 2184.34 2153.29 3532
58.5905 179.995 109.831 188.965 376.564 176.37 3085.98 3267.79
22.8084 58.9987 102.951 1552.56 1878.86 255.494 3569.21 1470.43
80.6597 144.737 8.37766 120.268 678.292 579.35 308.749 4743.79
94.6035 39.0991 720.329 1590.63 3293.21 1835.23 1308.66 14.1816
298.381 38.3173 12.5868 976.826 854.313 781.456 4568.64 1597.45
114.843 471.052 440.535 146.781 3393.37 2411.72 824.474 363.527
219.365 1551.62 619.805 2470.97 2566.13 1527.18 2634.38 343.142
203.371 316.479 1794.47 1362.05 1821.88 2266.34 3082.45 1335.42
0.0120118 9.74266 16.2108 24.571 10.5879 76.7818 9.75018 4119.33
128.817 275.824 3167.79 1638.02 986.875 2081.47 661.231 389.992
9.58517 1.55213 22.7609 131.849 595.947 100.906 655.45 5296.69
180.168 272.061 674.039 3162.68 1078 2464.72 29.4277 1266.68
731.279 971.827 175.023 63.3294 124.467 288.86 2495.95 3888.93
0.272645 9.02782 35.8178 38.7442 89.1413 1373.59 3951.81 455.507
1074.25 1043.25 598.128 715.243 1819.61 2514.8 477.196 2846.43
0.336144 0.553464 1.78171 10.738 103.037 3583.32 1441.18 3996.92
129.867 1563.17 662.952 244.536 1193.74 160.664 3451.55 1077.12
149.375 42.9728 62.6293 104.207 742.194 1610.86 940.357 4247.99
27.0418 35.4152 187.852 195.902 682.201 2748.48 2463.12 2834.17
0.191884 0.0546348 0.0428222 0.103758 0.342138 0.302091 0.0957998 4356.1
65.4943 515.099 374.713 1037.89 479.664 573.361 3755.27 450.742
658.442 251.983 696.308 767.23 224.956 1336.27 1738.36 4135.61
33.6334 166.283 316.859 906.436 1379.92 3273.41 390.048 3733.89
1463.36 501.663 640.422 463.745 1795.45 2536.48 1490.72 2166.42
69.7392 305.041 231.309 268.93 1105.14 1343.9 1495.77 4045.84
1642.86 1561.94 647.381 1493.72 1595.16 2092.91 2125.58 162.964
5.61219 6.82296 17.3247 209.516 58.2725 410.367 4196.52 1179.22
0.303486 9.36934 18.1481 18.3375 164.25 254.77 1151.9 3904.26
95.1527 309.924 481.003 270.33 1441.46 859.079 4353.65 1963.14
1846.38 1326.31 1527.8 1285.15 1576.12 171.853 811.122 3977.2
3.64904 1.64716 0.259705 408.603 302.926 3718.61 86.1591 2929.47
31.0528 48.8354 193.497 18.6875 168.404 463.486 4609.42 1460.42
40.6079 14.5246 35.7453 486.982 207.726 391.728 1695.39 4164.51
69.7165 28.7263 42.0512 86.8631 74.7901 130.661 195.88 4285.19
2.66847 0.324564 1.17166 12.6799 65.5372 298.495 1479.27 4834.37
0.877754 0.173199 2.3455 5.58634 4.53037 36.8292 1.3432 4487.12
175.352 111.684 63.6312 82.9539 4.27635 814.951 143.407 4579.82
825.188 459.18 187.34 263.025 2148.51 996.764 201.365 1771.44
0.974799 0.766754 4.81618 10.4397 189.487 4.84497 105.341 4279.57
0.274895 0.0410705 0.34955 0.0514526 7.07147 26.7848 3791.54 3285.4
321.284 304.717 1853.99 1372.96 464.213 1514.92 3264.03 930.058
262.452 312.542 312.374 337.328 1134.73 3718.41 466.637 2158.99
157.615 15.6346 1530.09 727.297 2939.69 1672.81 1016.56 1012.92
687.357 553.633 639.964 44.2673 81.8608 257.452 4174.69 1534.87
44.102 23.5312 177.816 146.931 643.732 1059.25 320.863 3824.11
80.2013 893.659 263.16 1143.69 336.351 1524.8 4082.51 614.67
534.732 125.707 1710.46 904.376 602.65 816.908 3676.38 1370.42
244.52 133.486 475.957 784.314 1851.09 2406.13 1032.65 2712.67
17.4655 15.0211 76.1766 46.1679 1215.45 451.112 1650.2 3861.71
179.317 183.703 1812.68 377.006 74.309 3815.32 1443.98 3431.16
0.0001801 2.62504 80.4449 151.193 790.663 2642.04 4315.02 672.198
44.7936 172.628 161.471 2032.56 291.255 1752.66 2086.96 2234.44
14.6943 36.9801 24.9519 49.0699 6.10492 287.874 1060.61 4543.37
483.929 29.9289 0.323891 1834.14 3978.6 1196.53 885.396 3129.65
