3 0.415878
13.9046 2.62473 7.53439 1.23632 3.62105 4.37393 1.35371 4.76677
3.79326 1.61599 15.1646 5.55565 0.715428 1.17929 4.57338 7.24857
1.85932 14.4138 5.57571 4.10213 0.940019 6.1122 1.38554 1.49312
1.01872 1.47166 2.2857 2.46321 0.309474 11.086 11.8963 0.299089
0.637395 0.0641109 0.121634 4.23897 0.306467 17.785 0.839295 1.63016
0.546291 0.879696 0.219597 16.6827 0.948056 6.32786 1.40886 1.80345
0.32798 1.06337 0.544963 0.43901 17.0431 2.57311 3.90595 4.50873
0.072059 0.186772 0.67903 0.0516383 1.55767 1.69768 18.9378 1.62582
0.00090258 0.000303286 6.23728e-05 6.95868e-05 6.57026e-05 0.000612797 0.000322576 19.7195
0.000164558 0.000154735 0.000288799 0.000895661 6.98985e-05 7.01934e-05 0.000475777 18.0535
0.000146224 0.000142231 6.52647e-05 3.04734e-05 1.63191e-05 0.000885565 0.000425469 16.7728
2.01255e-05 0.000129562 0.000491692 0.000790448 0.000214724 0.00011651 0.000103956 16.2846
3.34816e-06 2.26564e-06 1.03899e-05 2.71949e-05 2.91627e-05 0.000170294 0.00104498 17.6635
1.6462e-06 1.08861e-05 1.3814e-05 6.60645e-05 0.000880199 0.000578456 0.000238985 18.0407
10.8182 1.97057 4.24231 9.04066 3.3964 4.14401 3.25819 1.39158
8.03737 12.9455 5.82593 4.27389 0.951116 6.38013 1.41565 1.5631
10.0215 2.27423 0.479781 2.67427 8.6708 6.6775 11.8287 1.66614
3.63493 8.28208 1.76742 12.1252 1.07562 1.81792 10.1657 1.49788
5.49099 12.4352 6.42099 4.45647 3.37303 4.09069 1.75183 1.67193
5.03212 11.7673 3.46197 7.55757 6.55684 4.63364 5.14071 4.5513
2.10815 4.94524 3.03305 5.70644 15.0189 6.46646 5.45172 3.95623
1.75365 1.6876 2.63069 11.2623 3.58548 5.3595 9.66259 7.91075
7.62706 10.6309 4.98892 1.04461 0.667202 5.29528 10.7752 3.81378
2.47098 5.40278 1.44897 3.77524 7.18567 4.95633 13.8537 5.19757
3.48642 6.00093 9.98909 0.920172 9.95631 5.09903 7.68377 2.43387
6.50388 2.76588 2.42882 12.7987 9.09889 3.30186 1.26304 7.7484
1.75021 11.3508 0.609208 8.81679 3.29493 3.97453 4.8241 4.49284
0.158966 0.149474 0.427533 0.747947 16.1848 1.88502 4.66688 6.42383
0.436328 0.0985359 0.644988 10.9302 8.93563 6.87219 12.1832 2.6529
5.19716 8.94555 0.706095 10.4856 3.1209 4.88141 7.12765 6.09395
0.39784 0.134897 3.73737 14.0254 2.953 5.60745 2.33228 7.64458
2.18068 2.40006 14.098 5.14408 1.12908 2.97804 1.67849 7.60062
1.94889 1.83219 9.85605 6.33544 12.6691 1.22322 1.98376 7.36486
5.54572 0.564301 6.99318 8.10931 2.45214 7.52965 3.97143 9.74032
4.69056 3.42093 11.3717 4.52895 0.605426 8.88538 4.63996 6.38251
2.20974 2.43237 14.3389 5.22064 0.701598 3.00896 4.37527 6.99743
0.67417 5.12816 13.2164 3.83236 3.35466 4.27 4.73633 0.317292
1.49013 0.696309 3.51522 14.4996 1.56593 5.70454 7.84593 1.54837
2.06202 0.716944 3.00827 0.276978 0.25275 1.2067 14.6637 11.3129
0.0085889 0.0222263 0.335145 0.218828 0.878848 0.958055 18.6045 1.58865
4.31786 10.0314 4.20195 0.932734 0.619815 6.31642 7.78696 6.43879
0.650412 1.51973 0.934858 1.75624 1.11225 14.7902 4.49451 9.41632
0.0276586 0.0334141 0.0345288 0.0896223 0.183421 1.2606 16.2017 3.05165
4.08034 9.50445 8.01317 7.4756 5.37999 2.41553 4.85649 4.27335
2.43701 7.82807 0.593837 2.9347 1.79442 10.3583 3.13119 9.11842
6.14977 4.48775 3.23559 4.7255 3.13829 12.0244 7.62585 1.74947
0.240829 0.244131 2.09453 2.27465 8.87928 10.0969 8.04337 6.65691
0.403571 0.172305 6.53195 9.38427 0.508746 5.37294 0.588145 12.9666
0.177947 0.195786 1.14052 3.64237 3.4436 14.2902 1.66054 6.47865
0.673642 1.30188 7.05864 15.4934 1.70717 4.34037 1.9106 1.34909
1.7767 1.90304 9.5688 1.36881 1.54978 10.4424 8.45637 8.11041
4.88324 6.78886 5.23275 0.788996 8.08776 2.49726 10.1203 2.19983
0.270698 0.520294 0.748391 0.100627 15.6994 1.1564 1.77971 1.20179
3.08562 6.73476 1.8148 3.16171 5.08747 5.07871 13.4079 5.03109
0.308039 0.124064 4.29612 7.96458 3.00522 9.46334 2.16432 8.85403
1.32035 8.62099 11.9953 1.16587 3.36833 4.06551 4.9367 4.60904
2.90034 4.70878 1.92308 2.08864 1.20502 4.80983 8.71137 12.076
1.07812 1.16347 0.505927 1.63364 10.126 11.7824 4.33871 5.75763
0.655205 5.02976 5.73885 7.10373 9.15021 1.70622 9.2733 1.36406
0.482222 3.85878 10.0559 2.85251 4.78127 11.3833 4.9413 8.36515
7.0544 5.148 3.02716 3.28704 0.451733 6.43979 12.8678 1.50355
3.99768 1.10659 2.59657 1.01157 6.11644 3.71843 6.88078 12.1012
3.13178 7.27691 4.49528 0.725447 0.666857 2.99372 9.38325 10.0248
5.25137 3.87494 0.331009 5.00518 6.33634 2.75957 10.4976 9.19478
0.249326 0.0850559 2.28753 8.51509 10.6956 5.27348 2.22268 7.15963
4.34113 6.97752 3.15808 3.13864 1.91581 6.26139 12.5024 1.46096
4.78672 10.8236 5.05313 3.82533 4.45268 3.61984 7.13636 1.63234
5.81347 4.1838 4.39888 4.5043 2.04609 7.80813 10.0233 5.6182
3.36142 2.44913 10.7451 0.856145 9.42669 11.6219 1.4478 1.44737
0.712897 5.49004 6.26417 2.24609 7.58178 3.65031 11.9553 0.767735
0.52221 4.05641 10.5029 3.01768 11.1717 4.5381 4.81933 0.788851
5.50058 4.41095 0.867895 6.80578 4.57426 12.6338 4.51189 10.9405
0.796177 0.318363 11.7633 4.18569 0.562451 12.4251 2.77176 1.54152
0.612561 1.69139 1.82814 0.993022 14.0843 1.74371 9.57271 1.40896
1.756 0.808872 5.77327 10.3963 11.5348 3.2185 1.80929 4.76055
2.5847 5.88656 8.85389 1.51761 10.3689 1.80844 10.09 1.48652
1.30766 3.07047 0.895509 13.0643 5.78246 5.51585 11.25 4.88524
0.739295 1.73798 1.06421 2.00389 1.26174 17.1866 5.1649 9.05135
0.916771 2.08411 0.448057 3.05119 5.67607 5.34349 7.23714 13.7421
2.38069 7.67105 3.94524 0.692571 6.91172 11.676 3.71053 4.24516
0.248558 0.239181 1.5171 5.84699 8.32891 8.02425 12.7043 5.07579
1.34869 2.16396 2.08497 2.96654 3.9906 7.14324 0.71776 13.1245
1.91299 4.47773 12.5731 7.68144 6.66076 4.70233 5.21705 4.62596
0.776281 0.78697 6.86926 0.522604 7.35465 10.8828 8.64568 7.1693
7.41766 5.40859 0.451331 3.25694 3.19966 6.72221 13.446 1.38942
4.56974 4.29631 12.3097 1.03236 0.94235 1.59482 5.71848 11.2546
3.23473 1.38273 9.04553 5.54107 11.7787 3.28336 4.74848 4.38423
2.44335 2.58138 4.54031 0.593212 3.27114 1.87597 15.4834 1.28405
3.926 6.7523 7.6614 4.22533 4.17595 4.04017 6.08389 10.7567
0.532625 1.80068 1.06219 1.99517 1.26401 16.7839 5.1038 3.67872
0.220835 0.284578 3.99556 6.50723 13.3588 4.11731 8.58989 3.39876
2.67116e-05 0.000177711 0.000352396 0.000949766 0.000230279 0.000158284 0.000304281 18.4824
0.287446 0.370114 5.07346 6.38014 12.3764 3.99265 8.29682 0.338255
0.380256 0.274097 0.0571518 1.57265 11.6922 7.13576 5.63595 5.22713
0.078085 0.252809 0.129665 1.10192 14.6772 8.58789 3.8593 4.44581
4.78746 2.80544 5.44263 10.973 0.92053 0.614914 10.467 7.45573
5.0744 4.77117 5.39155 5.02251 5.40994 11.9023 4.72453 6.51233
6.88157 6.47076 2.00259 7.39281 9.35761 8.65743 3.56162 1.90282
2.29626 1.0552 7.57627 13.6582 5.38441 3.19845 1.24402 7.23434
1.8772 9.41253 0.465207 7.35395 9.30707 8.60458 3.52625 4.98116
4.58362 4.84299 8.52131 1.10089 10.4133 4.23033 7.6616 1.31878
2.11514 6.89982 3.52375 2.83122 2.15296 1.30197 9.73504 14.3447
4.58339 6.38755 2.99939 0.630355 0.403668 3.18396 6.47672 15.0784
0.560505 3.68502 2.75242 2.64619 1.20303 15.2645 5.05702 4.73323
0.789309 4.24156 0.330043 4.37475 6.35477 2.98714 4.24662 11.4248
0.00532692 0.00453835 0.0235606 0.0740732 0.152419 2.20427 17.0035 4.9337
0.870843 0.373969 0.330131 0.655818 0.0581926 0.472705 16.4574 1.40587
0.173709 1.29835 1.48109 1.83461 2.36429 0.63463 15.0908 0.701482
1.24009 0.284315 6.13815 13.48 1.47845 2.23444 9.03502 4.06888
6.84669e-06 4.32999e-05 8.51697e-05 0.000593427 0.000633208 0.00010803 0.000256889 15.2782
0.0909135 0.252165 4.02636 1.18366 0.890127 2.01493 17.6709 1.83792
1.61361 1.51723 8.11787 14.3824 1.19624 1.20126 1.23537 7.1211
0.392287 0.914863 0.563584 1.05799 2.71932 16.3665 4.99081 3.58859
2.93291 6.65525 5.87794 8.05309 11.1047 1.88463 3.90519 1.9444
0.79616 0.683046 0.202134 6.81445 2.01848 15.3552 0.834813 1.51071
0.969892 0.91203 4.80437 6.55569 6.33853 7.33314 12.4229 1.7859
0.00842584 0.00539495 0.152921 0.0197763 0.212708 1.3892 17.2749 7.56762
4.69867 7.5761 8.74402 0.932518 2.51969 7.79436 2.16832 11.2679
0.133734 0.141311 0.248709 0.267743 4.42028 12.9617 11.4139 0.319298
2.09169 5.75509 6.22268 3.391 13.5627 2.03159 0.888286 1.35147
1.06715 0.772447 0.745422 1.45054 0.291158 15.738 7.76606 3.64673
3.34536 1.42993 9.35538 5.73065 12.1821 3.39525 1.98858 4.38805
0.962733 1.33841 2.12692 2.18741 7.53566 7.62007 8.75375 8.54928
1.94586 9.6716 0.49909 7.56566 9.57764 4.16977 5.06574 4.74223
0.38672 1.91752 1.44477 7.82276 6.08704 12.3643 5.00586 4.68043
0.146444 0.0591337 1.05814 0.319541 10.5702 11.4017 1.69418 0.882684
0.0540948 0.0508629 0.272304 1.05765 14.2118 8.31039 3.72674 7.07133
2.14024 3.45308 1.5965 10.7146 0.624399 4.35789 0.941303 14.7499
1.02404 6.35316 8.31081 0.809615 8.60813 1.98224 11.0468 2.35297
4.47412 2.37571 0.35487 1.80457 5.56748 9.01184 3.27415 12.6216
6.0774 4.05397 2.80355 5.99524 0.505543 3.74254 10.3107 9.03092
2.077 3.34607 3.18053 4.71303 3.2335 12.9864 3.49015 9.80558
5.65332 4.11841 8.95027 0.840517 12.0073 4.60055 8.37686 1.44715
5.26047 8.47926 3.80807 2.78922 0.61065 4.16808 0.913955 14.403
4.23779 1.95035 3.76822 5.1624 7.11828 6.00572 2.83802 12.9354
0.374733 0.48185 6.35549 0.520975 5.23765 9.37687 9.86054 2.1242
5.27925 6.37946 8.12291 0.920322 0.84565 3.80961 5.72488 10.0925
1.89434 3.04284 2.89828 3.97098 5.47597 13.8763 3.7869 1.87542
0.856745 2.86813 0.217315 2.72258 4.18565 6.77187 2.47848 13.844
4.58105 2.10812 1.06933 8.80783 3.31045 6.05359 2.49089 12.9583
1.21307 1.14055 6.11406 4.84963 0.385251 3.0133 8.33879 14.1797
2.0779 2.19326 7.7858 4.76269 9.53907 2.7238 11.1761 4.52359
5.11353 2.3538 1.19468 9.83075 3.88711 2.31689 2.48058 12.8937
1.49458 1.80855 1.32491 1.44145 1.3108 17.5972 5.32394 3.8543
5.73291 9.24305 4.14828 3.03685 2.28411 4.6138 1.23746 13.4574
0.466733 3.63851 9.42827 13.3008 1.21195 2.02493 5.05723 1.43173
1.05944 1.7215 6.02329 2.13321 1.29238 5.18207 3.57954 14.6313
2.7022 4.77453 7.55703 0.703331 8.79004 4.15621 6.26462 11.0911
4.7156 1.89463 5.74965 6.61025 9.11545 1.67655 9.10027 3.15992
0.275703 0.201639 1.60711 6.0308 0.393557 7.27594 9.37822 8.2136
7.76505 3.32334 2.92843 3.17988 2.43324 6.42384 12.8351 1.49974
1.44423 0.258677 5.55429 12.3312 4.85567 2.179 8.74686 3.9359
2.49642 1.46639 2.84002 1.44302 2.6514 0.245926 15.1064 6.956
0.801444 6.5047 2.26836 2.46283 0.333259 3.99054 9.18153 12.7261
2.82947e-05 0.000182029 0.000359037 0.000626779 0.000554658 0.000112367 0.000271176 16.2441
6.8368 2.31117 7.07877 0.765809 2.0493 6.62162 8.12115 10.9726
1.58802 2.797 4.42308 1.94909 10.9029 4.48277 3.78501 10.1912
7.87083 2.66756 8.15183 0.895983 2.37221 7.63364 2.08013 10.6585
0.252266 0.27004 1.31692 0.350939 1.3523 14.0596 6.98223 3.26348
1.68166 2.71269 1.21576 12.8545 12.7316 2.74036 4.17742 1.64653
5.5784 2.38848 2.10513 2.28599 0.316724 4.47668 8.94317 12.3965
2.71979 2.31788 4.6162 0.445679 11.0227 4.14764 6.11174 10.8082
0.498619 0.228926 0.115525 9.09646 3.09707 15.6548 3.68812 1.98423
2.26107 0.215075 8.29419 5.34677 10.6723 8.58791 1.98117 4.36313
0.699486 0.600262 1.26683 9.10134 3.0205 2.60151 5.68609 11.9133
4.76486 1.76885 1.36649 4.74065 0.423044 6.50913 4.65328 11.77
3.50524 4.87602 7.75063 0.772053 8.03485 4.24242 10.4011 2.26149
1.37523 1.39411 5.03421 2.89835 7.74916 9.16503 4.52377 10.5943
0.556672 3.57811 7.05654 12.318 3.17004 3.84106 4.48519 1.61828
0.486505 3.7459 14.2478 3.96054 3.46144 4.41137 4.89342 0.767295
0.930632 0.895736 5.59054 0.764323 7.95199 7.87386 11.3628 1.2951
1.22934 0.98771 3.13904 1.24911 7.1533 7.57004 13.5145 1.33669
0.527842 2.64145 13.0548 1.93944 9.99966 1.86313 5.24324 4.92543
0.908658 1.49128 8.18 2.27834 4.27548 8.88313 1.28574 7.90514
0.355364 0.829971 3.30788 12.8261 4.72315 8.21934 6.68939 4.4597
1.18538 0.837262 1.34381 5.8192 5.24614 6.12155 10.4003 10.4624
0.0906511 0.147649 0.655137 0.0500726 1.48931 1.62354 17.9856 4.61322
0.0538019 0.149926 0.0778715 0.666559 12.9964 4.90083 9.97457 8.16955
1.47516 2.78557 11.5433 0.900012 1.87137 12.5187 2.01201 4.46682
0.292319 0.11761 4.1102 7.62425 2.8724 9.05639 2.06386 10.0677
3.30524 3.2151 2.18027 0.730125 9.49151 10.1376 6.92049 1.64224
1.09762 0.38385 1.6002 1.70313 2.34845 1.14149 13.676 10.5569
2.09169 5.75509 6.22268 3.391 13.5627 2.03159 0.888286 1.35147
1.16845 1.18444 4.8361 0.402774 6.47936 13.3904 5.31166 1.75811
2.69311 2.90792 0.493623 9.55832 1.04648 12.1205 4.34843 10.5007
1.53396 0.901021 1.74507 3.51305 2.65287 0.245925 15.1158 6.9603
0.569249 1.28787 0.665699 0.462531 15.7043 4.03568 1.73583 1.64612
1.02017 2.3879 6.70501 4.09638 11.3911 11.2602 5.36567 1.43586
0.801314 0.27212 7.48274 9.2768 2.43726 7.81816 2.14196 9.48891
1.43408 2.53357 14.1022 1.0865 0.992855 5.46042 9.24599 4.16624
2.13765 3.43868 1.55288 16.1367 0.972525 4.45216 1.38833 1.49959
1.49906 1.60561 8.06775 2.95881 1.37506 9.25225 1.47454 13.2837
1.2192 0.715352 1.80715 3.23655 2.44112 13.6072 10.7323 0.321322
0.487179 2.45753 12.2357 1.79592 9.35962 4.36587 8.76162 5.15833
0.907392 0.88259 1.7407 7.98499 7.76483 6.94442 3.11528 10.1806
3.16894 0.5657 1.23292 12.8558 4.74448 8.24878 6.7199 1.52659
1.20521 1.29092 6.49188 0.49722 1.42402 11.0027 1.48168 13.3803
5.75041 2.65258 5.11802 0.428493 1.66586 5.09199 2.27979 14.0967
0.0335058 0.0214791 0.5918 0.850196 0.882328 0.638658 17.9794 1.37724
0.466049 1.09375 0.959274 0.0718609 2.10688 13.8626 13.7278 1.50245
1.59187 0.730988 0.341342 10.6602 0.75647 1.2836 7.21091 13.4841
2.15312 3.46833 1.56039 16.3544 0.952045 6.40261 1.41818 1.56897
1.34506 3.73176 0.270385 1.53277 12.2287 7.00413 8.56116 7.0974
0.603067 4.01958 1.55133 16.3202 3.77613 6.52581 1.43202 1.60116
1.23111 1.31847 6.60376 9.81217 1.86716 12.4818 2.00812 4.45373
0.126002 0.0288363 0.073105 0.55585 10.5397 3.98533 3.36876 13.9898
6.31377 2.71099 2.39303 2.59933 0.374315 1.14835 8.5663 11.8754
0.425019 0.142773 4.14406 15.7478 3.25157 6.23644 8.64009 1.4944
1.16529 1.12136 7.09633 7.53363 2.21287 8.56045 10.9838 6.16122
0.0294445 0.0757248 0.272427 0.526795 1.30583 1.42474 15.3828 7.40632
1.91299 4.47773 12.5731 7.68144 6.66076 4.70233 5.21705 4.62596
3.40204 1.57154 3.02967 0.259017 0.274654 8.19823 2.23245 13.754
6.86012 2.52689 1.79937 4.65733 1.80607 5.52696 12.9671 4.86647
0.317644 0.0594658 0.171762 5.87244 5.91617 6.5478 2.9048 14.9238
1.04467 0.417017 1.4469 0.46189 4.13025 2.45707 13.8017 10.9821
0.138228 0.146051 0.256985 0.276735 4.52962 13.2608 10.4663 0.313266
1.08155 2.52573 7.07543 4.3301 3.7595 7.61168 12.7019 4.45173
0.1679 0.170215 0.617727 0.354393 14.1918 5.35026 10.8909 3.58505
0.0496125 0.236142 0.0480676 0.353206 4.58253 13.4299 10.5962 0.3172
0.458328 0.334656 0.241648 2.28778 0.782735 0.485469 15.4472 6.63788
4.27244 3.15485 0.278291 4.07605 5.16123 5.97475 10.1148 8.85922
1.65168 0.711452 4.58331 2.82359 5.97958 6.26944 11.3424 3.90775
1.02404 6.35316 8.31081 0.809615 8.60813 1.98224 11.0468 2.35297
0.290148 0.659682 0.339219 1.04736 13.1513 3.34125 11.3571 1.78229
0.122676 0.277565 0.241578 0.509343 1.11418 0.159038 16.3867 1.3358
0.352679 0.249305 1.57232 5.48673 1.16991 4.12544 6.98562 14.0663
1.13395 1.64122 3.90817 10.5213 0.886912 10.7289 4.48538 7.86017
1.66588 1.79822 10.7293 3.8991 3.82625 11.3954 1.76351 7.14474
0.0109668 0.00998111 0.148516 0.387713 3.14389 16.2657 2.07175 9.95502
1.16529 1.12136 7.09633 7.53363 2.21287 8.56045 10.9838 6.16122
1.27591 0.603581 4.98439 2.78219 3.14518 6.90553 1.71687 14.3466
0.139021 0.0815163 2.4129 3.46716 12.1226 6.94625 8.49066 7.03742
5.72895 2.44044 0.784996 2.21861 0.28537 7.75376 8.26817 13.4618
1.59622 3.74309 10.5298 6.42438 5.56518 11.2966 5.36746 4.77305
1.58691 0.677857 5.56583 4.46179 0.328777 5.18303 8.78121 12.8672
5.97398 2.55064 1.71654 2.38223 0.383115 4.6769 9.35326 12.9635
2.69311 2.90792 0.493623 9.55832 1.04648 12.1205 4.34843 10.5007
0.191395 0.529797 0.276502 0.0638671 11.1411 11.3471 3.62212 6.17746
5.64881 4.11706 9.03392 0.856933 9.34772 11.2109 1.43417 1.60616
1.66686 1.2153 1.5969 15.4992 0.69149 2.34461 8.95716 1.57551
2.57755 1.71581 1.18105 12.4453 0.614386 4.85844 9.88431 8.09467
0.0472253 0.0809917 0.0952741 0.247346 0.0206175 3.49238 12.8801 9.94767
4.47389 7.69645 8.73208 0.951398 0.870478 4.0657 6.12366 10.8303
0.86909 2.24563 3.46542 0.549611 9.31653 10.1583 11.1937 1.55501
1.75705 0.552121 8.04867 1.07915 11.4534 11.0444 1.89739 1.37846
1.13395 1.64122 3.90817 10.5213 0.886912 10.7289 4.48538 7.86017
2.12804 2.27897 11.4022 0.895082 1.85418 12.3681 1.99611 4.41336
2.57755 1.71581 1.18105 12.4453 0.614386 4.85844 9.88431 8.09467
0.801314 0.27212 7.48274 9.2768 2.43726 7.81816 2.14196 9.48891
4.27244 3.15485 0.278291 4.07605 5.16123 5.97475 10.1148 8.85922
4.47389 7.69645 8.73208 0.951398 0.870478 4.0657 6.12366 10.8303
0.763382 0.674674 5.79984 6.02035 3.01885 10.3989 8.2279 4.55714
3.76942 6.66485 10.5511 0.971567 0.886591 4.23244 6.38333 11.3107
3.50635e-05 0.000227294 0.000448865 0.000784035 0.000212022 0.000114446 0.000278028 16.7073
0.317644 0.0594658 0.171762 5.87244 5.91617 6.5478 2.9048 14.9238
0.527842 2.64145 13.0548 1.93944 9.99966 1.86313 5.24324 4.92543
6.68288e-05 5.19726e-05 2.70241e-05 0.000216337 1.74089e-05 0.000960496 0.000284598 17.1515
0.000142028 0.000133568 0.000121824 0.000560217 4.46909e-05 0.000557638 0.000640218 17.4007
3.18891 2.32689 1.5131 15.7473 0.82457 6.18246 1.39344 1.51147
2.13932 3.44174 1.10403 15.6362 1.43538 6.15736 1.39062 1.50491
6.86012 2.52689 1.79937 4.65733 1.80607 5.52696 12.9671 4.86647
6.31377 2.71099 2.39303 2.59933 0.374315 1.14835 8.5663 11.8754
3.76942 6.66485 10.5511 0.971567 0.886591 4.23244 6.38333 11.3107
1.49013 0.696309 3.51522 14.4996 1.56593 5.70454 7.84593 1.54837
2.53812 1.17384 8.2956 9.05917 0.612484 2.46736 10.3143 1.42224
0.045484 0.126338 0.0513342 0.852836 9.31705 3.53413 7.17982 13.4042
0.000208709 0.00012521 7.7797e-05 0.000621445 0.000572274 0.000415583 0.00028125 16.9251
5.97398 2.55064 1.71654 2.38223 0.383115 4.6769 9.35326 12.9635
1.94586 9.6716 0.49909 7.56566 9.57764 4.16977 5.06574 4.74223
5.11353 2.3538 1.19468 9.83075 3.88711 2.31689 2.48058 12.8937
0.000132733 0.000302149 0.000646704 0.000213202 5.43934e-05 0.000191265 0.000761563 18.2014
0.000207521 8.87577e-05 0.000855362 0.000505227 0.000229705 0.000122679 0.000108954 17.6228
6.37783e-06 4.24243e-05 8.41239e-05 0.000231029 1.77894e-05 0.00103559 0.000304096 18.4698
0.0109668 0.00998111 0.148516 0.387713 3.14389 16.2657 2.07175 9.95502
3.14889 2.2945 1.48542 15.6709 0.769204 9.45664 1.44284 1.6263
3.14889 2.2945 1.48542 15.6709 0.769204 9.45664 1.44284 1.6263
6.37783e-06 4.24243e-05 8.41239e-05 0.000231029 1.77894e-05 0.00103559 0.000304096 18.4698
5.58752e-05 0.000370074 0.000733329 0.000291879 6.28876e-05 0.000573731 0.000299414 18.1533
7.76384 10.8252 5.07328 1.05353 0.668926 5.3834 10.9628 3.88105
2.15655 3.47405 1.56274 16.3844 0.952491 6.4134 1.41939 1.57179
1.19265 3.0862 1.86969 3.51414 11.3447 12.3672 5.23133 3.78044
0.777389 1.82257 1.1183 2.10355 1.32793 17.8946 5.40446 3.91853
0.699593 5.57448 14.5137 4.1245 6.9082 4.875 5.40869 0.857314
0.144396 0.327645 1.71367 0.517115 1.92374 0.53921 16.5024 4.25451
3.63e-05 0.000238354 0.000471672 0.000824651 0.00022115 0.00011821 0.000290443 17.5467
7.49342 5.46225 3.19814 3.47148 0.452571 6.8192 13.6449 1.59413
1.00289 0.338322 0.854488 0.101717 9.10408 5.61791 1.56374 15.3324
0.175254 0.105295 0.729097 0.40787 0.461399 1.01057 0.25496 16.1739
0.0624266 0.0127386 0.079867 0.00837194 0.178565 0.11177 3.00621 16.6203
0.16681 0.0615305 0.334007 0.197461 0.0873467 0.266641 0.42577 17.1246
0.0221509 0.0102391 0.0104041 0.00786605 0.140551 0.0365479 0.543635 16.6775
0.0153012 0.0510949 0.0542002 0.0768133 0.546485 0.88528 1.46939 16.2044
0.00396987 0.00138998 0.00427455 0.00605801 0.0436666 0.565323 0.156458 17.414
0.00382758 0.00135589 0.0270295 0.0932337 0.0926806 0.0298934 0.500213 15.3573
0.00382758 0.00135589 0.0270295 0.0932337 0.0926806 0.0298934 0.500213 15.3573
2.31986 3.74586 1.67428 17.8121 0.973598 6.92594 1.47698 1.7057
0.778939 1.82647 1.12057 2.10793 1.33051 17.9395 5.41662 3.92823
0.725609 5.87212 15.3396 4.33053 7.27299 5.11608 5.67669 0.904137
0.0272145 0.019569 0.0428429 0.0416633 0.728602 2.13483 2.20421 17.388
0.0265878 0.173264 0.637157 0.675634 0.727907 1.82045 2.12589 16.7698
