88 1.25632
6.92898 3.11616 50.7646 60.6845 20.12 23.5142 5.24969 14.9218
56.2326 15.982 30.6638 19.9452 7.5356 22.2444 31.1916 32.1132
0.00015242 0.000157637 0.000112155 0.000636716 0.00236105 0.101438 0.647099 85.0664
3.41433 4.02519 3.99572 15.3526 23.3895 75.3436 29.2622 1.50375
0.0996595 0.0317676 0.102308 0.217395 0.36505 0.396724 0.276986 85.901
8.73944 12.4763 12.3075 12.5608 17.1473 78.9242 8.31418 19.3182
4.63445 9.86752 21.822 17.5834 70.3616 33.7043 12.4908 13.3183
0.0996595 0.0317676 0.102308 0.217395 0.36505 0.396724 0.276986 85.901
0.00015242 0.000157637 0.000112155 0.000636716 0.00236105 0.101438 0.647099 85.0664
5.17348 38.1084 65.8998 11.5097 36.3389 5.84219 5.27109 1.65028
0.5276 1.03506 1.50223 2.97945 4.774 2.40673 85.1904 2.83643
33.7567 52.0262 7.50828 41.6921 4.71238 38.8069 12.6434 11.6987
28.7315 5.25224 18.8557 10.5057 34.2011 13.8699 35.9736 56.9544
33.7567 52.0262 7.50828 41.6921 4.71238 38.8069 12.6434 11.6987
42.428 13.5285 2.73191 50.0904 31.5938 34.0873 16.805 15.0907
6.92898 3.11616 50.7646 60.6845 20.12 23.5142 5.24969 14.9218
4.45423 1.42021 15.9598 5.4562 15.1451 65.247 34.4021 34.5398
33.7567 52.0262 7.50828 41.6921 4.71238 38.8069 12.6434 11.6987
37.8568 34.4571 41.3602 42.2536 21.0596 20.0057 12.4654 13.2892
6.84204 6.91605 6.89954 8.67559 48.1859 25.9854 59.4407 27.6169
13.3928 10.4029 8.89412 12.7797 31.1079 49.4582 43.626 41.0735
1.48448 5.53884 57.4514 8.70693 47.5219 29.6567 9.68913 27.018
31.5117 30.12 30.8368 21.5408 17.3976 14.8546 40.1524 43.5576
6.6986 3.65089 4.13154 4.1706 4.60517 74.9659 16.4202 36.9799
14.4598 12.4008 1.36713 34.5459 68.0535 0.880271 28.5439 22.0585
15.1268 21.8032 17.3725 12.2446 0.542001 22.4663 16.6692 72.3706
37.8568 34.4571 41.3602 42.2536 21.0596 20.0057 12.4654 13.2892
31.5117 30.12 30.8368 21.5408 17.3976 14.8546 40.1524 43.5576
2.20909 1.93583 29.4228 32.7846 45.1056 31.2381 15.2733 46.1757
38.1364 29.6246 2.95864 7.2986 42.3372 44.0222 32.6316 10.4232
10.8878 9.33718 6.84863 17.0731 35.434 2.90193 37.612 65.3593
27.6813 24.2574 1.50838 6.45415 27.5639 71.4799 5.25499 7.44657
18.4251 16.7704 27.5434 55.5815 20.1996 16.178 46.4572 6.2806
37.8568 34.4571 41.3602 42.2536 21.0596 20.0057 12.4654 13.2892
19.0572 20.4223 20.6332 49.1216 3.77797 47.2279 31.9272 21.8653
0.175311 1.29249 2.32336 4.81987 8.63344 41.0038 11.0025 75.3061
8.73944 12.4763 12.3075 12.5608 17.1473 78.9242 8.31418 19.3182
3.41433 4.02519 3.99572 15.3526 23.3895 75.3436 29.2622 1.50375
12.8394 16.6637 10.9403 1.33482 7.16267 67.2131 43.3598 7.30117
27.6813 24.2574 1.50838 6.45415 27.5639 71.4799 5.25499 7.44657
0.871187 7.01792 5.9187 31.193 53.1635 19.9866 53.4544 11.5473
26.4374 28.3319 27.4125 52.6282 1.11994 32.5804 36.0448 6.31636
22.1861 12.5602 24.9362 52.9881 6.97687 56.7258 5.2826 1.65371
2.26831 0.284665 44.7368 29.9002 61.1669 4.69362 20.0948 6.18033
31.5117 30.12 30.8368 21.5408 17.3976 14.8546 40.1524 43.5576
19.0572 20.4223 20.6332 49.1216 3.77797 47.2279 31.9272 21.8653
20.1502 7.5759 21.0554 21.7061 51.9287 40.3242 34.8902 19.0236
0.00015242 0.000157637 0.000112155 0.000636716 0.00236105 0.101438 0.647099 85.0664
2.48443 8.41566 15.0377 11.8579 18.2272 14.3226 78.6972 18.3865
2.97525 1.68452 0.140439 30.7657 11.5448 26.4347 70.7721 19.8461
3.65906 14.5604 7.87448 23.9797 30.004 3.10739 9.12936 74.2797
22.9391 22.383 2.30238 56.8834 13.564 41.2266 1.37986 35.0843
10.8878 9.33718 6.84863 17.0731 35.434 2.90193 37.612 65.3593
3.82726 4.51194 35.89 47.6133 0.951416 52.9071 29.4678 5.184
16.5781 2.18808 2.02745 39.0563 6.04615 16.9273 34.7857 61.824
19.4326 7.30537 35.5756 16.6162 6.30864 28.3388 22.7175 63.487
2.97525 1.68452 0.140439 30.7657 11.5448 26.4347 70.7721 19.8461
1.48448 5.53884 57.4514 8.70693 47.5219 29.6567 9.68913 27.018
10.8878 9.33718 6.84863 17.0731 35.434 2.90193 37.612 65.3593
18.7407 15.9944 1.57733 7.58193 0.924743 1.91719 76.0719 24.4805
0.871187 7.01792 5.9187 31.193 53.1635 19.9866 53.4544 11.5473
18.7407 15.9944 1.57733 7.58193 0.924743 1.91719 76.0719 24.4805
3.82726 4.51194 35.89 47.6133 0.951416 52.9071 29.4678 5.184
19.9884 7.51656 32.907 43.4961 5.11922 40.0057 43.0374 14.7516
38.1364 29.6246 2.95864 7.2986 42.3372 44.0222 32.6316 10.4232
35.1244 36.3261 26.502 36.6336 2.41025 5.01786 10.1579 52.4206
26.4374 28.3319 27.4125 52.6282 1.11994 32.5804 36.0448 6.31636
3.82726 4.51194 35.89 47.6133 0.951416 52.9071 29.4678 5.184
3.95892 6.10128 11.2093 32.3461 60.332 46.081 18.128 7.61947
19.0572 20.4223 20.6332 49.1216 3.77797 47.2279 31.9272 21.8653
4.02254 17.7775 28.0907 19.624 54.0693 2.80009 28.7598 46.4947
6.6986 3.65089 4.13154 4.1706 4.60517 74.9659 16.4202 36.9799
19.039 27.4441 17.5198 24.2174 6.36798 53.5797 48.7311 1.6447
25.2472 10.9594 18.0171 36.4736 10.8695 16.3415 57.2151 34.8128
0.5276 1.03506 1.50223 2.97945 4.774 2.40673 85.1904 2.83643
6.50732 13.9383 14.462 38.1784 35.2757 42.3653 49.6316 2.8837
0.871187 7.01792 5.9187 31.193 53.1635 19.9866 53.4544 11.5473
18.77 7.05828 45.9862 16.461 5.77518 62.8599 17.8576 2.79637
2.48443 8.41566 15.0377 11.8579 18.2272 14.3226 78.6972 18.3865
35.1244 36.3261 26.502 36.6336 2.41025 5.01786 10.1579 52.4206
5.31854 6.05533 7.57696 28.6007 2.42304 7.1263 60.5207 52.019
5.28719 17.907 12.2223 18.5925 23.6395 17.2142 17.1843 73.3972
20.1502 7.5759 21.0554 21.7061 51.9287 40.3242 34.8902 19.0236
6.35494 23.7151 6.45425 4.44683 36.0552 68.8347 24.3175 11.7587
17.1161 19.4871 25.368 40.4547 30.2274 44.3192 26.219 26.3473
6.50732 13.9383 14.462 38.1784 35.2757 42.3653 49.6316 2.8837
17.1161 19.4871 25.368 40.4547 30.2274 44.3192 26.219 26.3473
22.1861 12.5602 24.9362 52.9881 6.97687 56.7258 5.2826 1.65371
16.5781 2.18808 2.02745 39.0563 6.04615 16.9273 34.7857 61.824
25.2472 10.9594 18.0171 36.4736 10.8695 16.3415 57.2151 34.8128
18.77 7.05828 45.9862 16.461 5.77518 62.8599 17.8576 2.79637
18.0398 14.0135 16.6737 18.159 7.6147 35.2619 61.2379 31.8579
12.0515 3.84233 10.2202 7.81824 31.1043 42.5562 3.43766 64.266
1.52682 0.392653 0.606093 1.57318 40.4491 37.3906 41.1195 51.6519
2.26831 0.284665 44.7368 29.9002 61.1669 4.69362 20.0948 6.18033
1.52682 0.392653 0.606093 1.57318 40.4491 37.3906 41.1195 51.6519
19.9884 7.51656 32.907 43.4961 5.11922 40.0057 43.0374 14.7516
5.25316 0.696665 3.46878 7.11089 2.712 27.9202 56.7835 57.8569
0.175311 1.29249 2.32336 4.81987 8.63344 41.0038 11.0025 75.3061
33.7567 52.0262 7.50828 41.6921 4.71238 38.8069 12.6434 11.6987
3.82726 4.51194 35.89 47.6133 0.951416 52.9071 29.4678 5.184
2.45948 2.63566 2.66308 14.7985 24.2354 29.4165 68.7967 26.5733
26.3158 23.0598 22.3944 56.4125 7.6507 10.6796 46.9548 11.5545
42.428 13.5285 2.73191 50.0904 31.5938 34.0873 16.805 15.0907
2.26831 0.284665 44.7368 29.9002 61.1669 4.69362 20.0948 6.18033
8.73944 12.4763 12.3075 12.5608 17.1473 78.9242 8.31418 19.3182
17.1161 19.4871 25.368 40.4547 30.2274 44.3192 26.219 26.3473
1.6117 1.89998 0.301881 1.01248 46.9469 60.0949 27.6897 26.4914
5.31854 6.05533 7.57696 28.6007 2.42304 7.1263 60.5207 52.019
8.09687 11.5577 17.6715 26.7353 60.3599 12.8181 45.9849 7.37106
18.7407 15.9944 1.57733 7.58193 0.924743 1.91719 76.0719 24.4805
19.0572 20.4223 20.6332 49.1216 3.77797 47.2279 31.9272 21.8653
18.0398 14.0135 16.6737 18.159 7.6147 35.2619 61.2379 31.8579
19.4326 7.30537 35.5756 16.6162 6.30864 28.3388 22.7175 63.487
1.52682 0.392653 0.606093 1.57318 40.4491 37.3906 41.1195 51.6519
1.52682 0.392653 0.606093 1.57318 40.4491 37.3906 41.1195 51.6519
6.35494 23.7151 6.45425 4.44683 36.0552 68.8347 24.3175 11.7587
3.95892 6.10128 11.2093 32.3461 60.332 46.081 18.128 7.61947
0.718814 2.01269 12.7896 19.4051 0.413959 61.1707 37.0747 40.6789
26.3158 23.0598 22.3944 56.4125 7.6507 10.6796 46.9548 11.5545
2.26831 0.284665 44.7368 29.9002 61.1669 4.69362 20.0948 6.18033
25.2472 10.9594 18.0171 36.4736 10.8695 16.3415 57.2151 34.8128
17.1161 19.4871 25.368 40.4547 30.2274 44.3192 26.219 26.3473
2.20909 1.93583 29.4228 32.7846 45.1056 31.2381 15.2733 46.1757
2.26831 0.284665 44.7368 29.9002 61.1669 4.69362 20.0948 6.18033
25.2472 10.9594 18.0171 36.4736 10.8695 16.3415 57.2151 34.8128
6.84204 6.91605 6.89954 8.67559 48.1859 25.9854 59.4407 27.6169
14.4598 12.4008 1.36713 34.5459 68.0535 0.880271 28.5439 22.0585
0.718814 2.01269 12.7896 19.4051 0.413959 61.1707 37.0747 40.6789
3.80696 7.52295 8.73887 3.20173 52.5692 55.04 33.5079 12.5886
19.9884 7.51656 32.907 43.4961 5.11922 40.0057 43.0374 14.7516
3.82726 4.51194 35.89 47.6133 0.951416 52.9071 29.4678 5.184
3.95892 6.10128 11.2093 32.3461 60.332 46.081 18.128 7.61947
19.039 27.4441 17.5198 24.2174 6.36798 53.5797 48.7311 1.6447
4.02254 17.7775 28.0907 19.624 54.0693 2.80009 28.7598 46.4947
1.52682 0.392653 0.606093 1.57318 40.4491 37.3906 41.1195 51.6519
5.25316 0.696665 3.46878 7.11089 2.712 27.9202 56.7835 57.8569
38.1364 29.6246 2.95864 7.2986 42.3372 44.0222 32.6316 10.4232
19.4326 7.30537 35.5756 16.6162 6.30864 28.3388 22.7175 63.487
12.0515 3.84233 10.2202 7.81824 31.1043 42.5562 3.43766 64.266
18.77 7.05828 45.9862 16.461 5.77518 62.8599 17.8576 2.79637
42.428 13.5285 2.73191 50.0904 31.5938 34.0873 16.805 15.0907
38.1364 29.6246 2.95864 7.2986 42.3372 44.0222 32.6316 10.4232
13.3928 10.4029 8.89412 12.7797 31.1079 49.4582 43.626 41.0735
4.02254 17.7775 28.0907 19.624 54.0693 2.80009 28.7598 46.4947
12.0515 3.84233 10.2202 7.81824 31.1043 42.5562 3.43766 64.266
1.6117 1.89998 0.301881 1.01248 46.9469 60.0949 27.6897 26.4914
56.2326 15.982 30.6638 19.9452 7.5356 22.2444 31.1916 32.1132
14.4598 12.4008 1.36713 34.5459 68.0535 0.880271 28.5439 22.0585
1.48448 5.53884 57.4514 8.70693 47.5219 29.6567 9.68913 27.018
6.50732 13.9383 14.462 38.1784 35.2757 42.3653 49.6316 2.8837
20.1502 7.5759 21.0554 21.7061 51.9287 40.3242 34.8902 19.0236
18.77 7.05828 45.9862 16.461 5.77518 62.8599 17.8576 2.79637
20.1502 7.5759 21.0554 21.7061 51.9287 40.3242 34.8902 19.0236
0.5276 1.03506 1.50223 2.97945 4.774 2.40673 85.1904 2.83643
26.3158 23.0598 22.3944 56.4125 7.6507 10.6796 46.9548 11.5545
15.1268 21.8032 17.3725 12.2446 0.542001 22.4663 16.6692 72.3706
3.80696 7.52295 8.73887 3.20173 52.5692 55.04 33.5079 12.5886
6.35494 23.7151 6.45425 4.44683 36.0552 68.8347 24.3175 11.7587
31.5117 30.12 30.8368 21.5408 17.3976 14.8546 40.1524 43.5576
31.5117 30.12 30.8368 21.5408 17.3976 14.8546 40.1524 43.5576
25.2472 10.9594 18.0171 36.4736 10.8695 16.3415 57.2151 34.8128
1.52682 0.392653 0.606093 1.57318 40.4491 37.3906 41.1195 51.6519
5.28719 17.907 12.2223 18.5925 23.6395 17.2142 17.1843 73.3972
0.00015242 0.000157637 0.000112155 0.000636716 0.00236105 0.101438 0.647099 85.0664
14.4598 12.4008 1.36713 34.5459 68.0535 0.880271 28.5439 22.0585
3.95892 6.10128 11.2093 32.3461 60.332 46.081 18.128 7.61947
17.1161 19.4871 25.368 40.4547 30.2274 44.3192 26.219 26.3473
3.80696 7.52295 8.73887 3.20173 52.5692 55.04 33.5079 12.5886
35.1244 36.3261 26.502 36.6336 2.41025 5.01786 10.1579 52.4206
26.4374 28.3319 27.4125 52.6282 1.11994 32.5804 36.0448 6.31636
3.82726 4.51194 35.89 47.6133 0.951416 52.9071 29.4678 5.184
0.175311 1.29249 2.32336 4.81987 8.63344 41.0038 11.0025 75.3061
18.77 7.05828 45.9862 16.461 5.77518 62.8599 17.8576 2.79637
56.2326 15.982 30.6638 19.9452 7.5356 22.2444 31.1916 32.1132
5.31854 6.05533 7.57696 28.6007 2.42304 7.1263 60.5207 52.019
56.2326 15.982 30.6638 19.9452 7.5356 22.2444 31.1916 32.1132
15.1268 21.8032 17.3725 12.2446 0.542001 22.4663 16.6692 72.3706
6.92898 3.11616 50.7646 60.6845 20.12 23.5142 5.24969 14.9218
6.50732 13.9383 14.462 38.1784 35.2757 42.3653 49.6316 2.8837
0.00015242 0.000157637 0.000112155 0.000636716 0.00236105 0.101438 0.647099 85.0664
27.6813 24.2574 1.50838 6.45415 27.5639 71.4799 5.25499 7.44657
2.97525 1.68452 0.140439 30.7657 11.5448 26.4347 70.7721 19.8461
1.52682 0.392653 0.606093 1.57318 40.4491 37.3906 41.1195 51.6519
26.4374 28.3319 27.4125 52.6282 1.11994 32.5804 36.0448 6.31636
1.52682 0.392653 0.606093 1.57318 40.4491 37.3906 41.1195 51.6519
26.3158 23.0598 22.3944 56.4125 7.6507 10.6796 46.9548 11.5545
56.2326 15.982 30.6638 19.9452 7.5356 22.2444 31.1916 32.1132
12.8394 16.6637 10.9403 1.33482 7.16267 67.2131 43.3598 7.30117
6.50732 13.9383 14.462 38.1784 35.2757 42.3653 49.6316 2.8837
0.871187 7.01792 5.9187 31.193 53.1635 19.9866 53.4544 11.5473
0.0996595 0.0317676 0.102308 0.217395 0.36505 0.396724 0.276986 85.901
25.2472 10.9594 18.0171 36.4736 10.8695 16.3415 57.2151 34.8128
2.26831 0.284665 44.7368 29.9002 61.1669 4.69362 20.0948 6.18033
16.5781 2.18808 2.02745 39.0563 6.04615 16.9273 34.7857 61.824
26.4374 28.3319 27.4125 52.6282 1.11994 32.5804 36.0448 6.31636
3.80696 7.52295 8.73887 3.20173 52.5692 55.04 33.5079 12.5886
4.63445 9.86752 21.822 17.5834 70.3616 33.7043 12.4908 13.3183
0.00015242 0.000157637 0.000112155 0.000636716 0.00236105 0.101438 0.647099 85.0664
1.6117 1.89998 0.301881 1.01248 46.9469 60.0949 27.6897 26.4914
5.25316 0.696665 3.46878 7.11089 2.712 27.9202 56.7835 57.8569
17.1161 19.4871 25.368 40.4547 30.2274 44.3192 26.219 26.3473
15.1268 21.8032 17.3725 12.2446 0.542001 22.4663 16.6692 72.3706
2.48443 8.41566 15.0377 11.8579 18.2272 14.3226 78.6972 18.3865
5.25316 0.696665 3.46878 7.11089 2.712 27.9202 56.7835 57.8569
20.1502 7.5759 21.0554 21.7061 51.9287 40.3242 34.8902 19.0236
18.0398 14.0135 16.6737 18.159 7.6147 35.2619 61.2379 31.8579
19.4326 7.30537 35.5756 16.6162 6.30864 28.3388 22.7175 63.487
33.7567 52.0262 7.50828 41.6921 4.71238 38.8069 12.6434 11.6987
13.3928 10.4029 8.89412 12.7797 31.1079 49.4582 43.626 41.0735
6.92898 3.11616 50.7646 60.6845 20.12 23.5142 5.24969 14.9218
4.02254 17.7775 28.0907 19.624 54.0693 2.80009 28.7598 46.4947
6.50732 13.9383 14.462 38.1784 35.2757 42.3653 49.6316 2.8837
3.95892 6.10128 11.2093 32.3461 60.332 46.081 18.128 7.61947
6.50732 13.9383 14.462 38.1784 35.2757 42.3653 49.6316 2.8837
10.8878 9.33718 6.84863 17.0731 35.434 2.90193 37.612 65.3593
4.63445 9.86752 21.822 17.5834 70.3616 33.7043 12.4908 13.3183
27.6813 24.2574 1.50838 6.45415 27.5639 71.4799 5.25499 7.44657
6.92898 3.11616 50.7646 60.6845 20.12 23.5142 5.24969 14.9218
0.175311 1.29249 2.32336 4.81987 8.63344 41.0038 11.0025 75.3061
3.41433 4.02519 3.99572 15.3526 23.3895 75.3436 29.2622 1.50375
2.26831 0.284665 44.7368 29.9002 61.1669 4.69362 20.0948 6.18033
4.63445 9.86752 21.822 17.5834 70.3616 33.7043 12.4908 13.3183
33.7567 52.0262 7.50828 41.6921 4.71238 38.8069 12.6434 11.6987
25.2472 10.9594 18.0171 36.4736 10.8695 16.3415 57.2151 34.8128
5.25316 0.696665 3.46878 7.11089 2.712 27.9202 56.7835 57.8569
27.6813 24.2574 1.50838 6.45415 27.5639 71.4799 5.25499 7.44657
0.00015242 0.000157637 0.000112155 0.000636716 0.00236105 0.101438 0.647099 85.0664
22.1861 12.5602 24.9362 52.9881 6.97687 56.7258 5.2826 1.65371
0.5276 1.03506 1.50223 2.97945 4.774 2.40673 85.1904 2.83643
6.35494 23.7151 6.45425 4.44683 36.0552 68.8347 24.3175 11.7587
1.6117 1.89998 0.301881 1.01248 46.9469 60.0949 27.6897 26.4914
37.8568 34.4571 41.3602 42.2536 21.0596 20.0057 12.4654 13.2892
5.17348 38.1084 65.8998 11.5097 36.3389 5.84219 5.27109 1.65028
19.9884 7.51656 32.907 43.4961 5.11922 40.0057 43.0374 14.7516
42.428 13.5285 2.73191 50.0904 31.5938 34.0873 16.805 15.0907
3.82726 4.51194 35.89 47.6133 0.951416 52.9071 29.4678 5.184
6.84204 6.91605 6.89954 8.67559 48.1859 25.9854 59.4407 27.6169
0.871187 7.01792 5.9187 31.193 53.1635 19.9866 53.4544 11.5473
2.26831 0.284665 44.7368 29.9002 61.1669 4.69362 20.0948 6.18033
0.0996595 0.0317676 0.102308 0.217395 0.36505 0.396724 0.276986 85.901
56.2326 15.982 30.6638 19.9452 7.5356 22.2444 31.1916 32.1132
3.82726 4.51194 35.89 47.6133 0.951416 52.9071 29.4678 5.184
56.2326 15.982 30.6638 19.9452 7.5356 22.2444 31.1916 32.1132
13.3928 10.4029 8.89412 12.7797 31.1079 49.4582 43.626 41.0735
56.2326 15.982 30.6638 19.9452 7.5356 22.2444 31.1916 32.1132
19.9884 7.51656 32.907 43.4961 5.11922 40.0057 43.0374 14.7516
28.7315 5.25224 18.8557 10.5057 34.2011 13.8699 35.9736 56.9544
2.20909 1.93583 29.4228 32.7846 45.1056 31.2381 15.2733 46.1757
18.0398 14.0135 16.6737 18.159 7.6147 35.2619 61.2379 31.8579
33.7567 52.0262 7.50828 41.6921 4.71238 38.8069 12.6434 11.6987
8.73944 12.4763 12.3075 12.5608 17.1473 78.9242 8.31418 19.3182
25.2472 10.9594 18.0171 36.4736 10.8695 16.3415 57.2151 34.8128
0.00015242 0.000157637 0.000112155 0.000636716 0.00236105 0.101438 0.647099 85.0664
2.45948 2.63566 2.66308 14.7985 24.2354 29.4165 68.7967 26.5733
35.1244 36.3261 26.502 36.6336 2.41025 5.01786 10.1579 52.4206
0.00015242 0.000157637 0.000112155 0.000636716 0.00236105 0.101438 0.647099 85.0664
42.428 13.5285 2.73191 50.0904 31.5938 34.0873 16.805 15.0907
2.97525 1.68452 0.140439 30.7657 11.5448 26.4347 70.7721 19.8461
4.45423 1.42021 15.9598 5.4562 15.1451 65.247 34.4021 34.5398
10.8878 9.33718 6.84863 17.0731 35.434 2.90193 37.612 65.3593
18.4251 16.7704 27.5434 55.5815 20.1996 16.178 46.4572 6.2806
22.9391 22.383 2.30238 56.8834 13.564 41.2266 1.37986 35.0843
6.50732 13.9383 14.462 38.1784 35.2757 42.3653 49.6316 2.8837
31.5117 30.12 30.8368 21.5408 17.3976 14.8546 40.1524 43.5576
25.2472 10.9594 18.0171 36.4736 10.8695 16.3415 57.2151 34.8128
0.00015242 0.000157637 0.000112155 0.000636716 0.00236105 0.101438 0.647099 85.0664
0.718814 2.01269 12.7896 19.4051 0.413959 61.1707 37.0747 40.6789
5.25316 0.696665 3.46878 7.11089 2.712 27.9202 56.7835 57.8569
38.1364 29.6246 2.95864 7.2986 42.3372 44.0222 32.6316 10.4232
56.2326 15.982 30.6638 19.9452 7.5356 22.2444 31.1916 32.1132
4.63445 9.86752 21.822 17.5834 70.3616 33.7043 12.4908 13.3183
14.4598 12.4008 1.36713 34.5459 68.0535 0.880271 28.5439 22.0585
0.5276 1.03506 1.50223 2.97945 4.774 2.40673 85.1904 2.83643
6.35494 23.7151 6.45425 4.44683 36.0552 68.8347 24.3175 11.7587
14.4598 12.4008 1.36713 34.5459 68.0535 0.880271 28.5439 22.0585
20.1502 7.5759 21.0554 21.7061 51.9287 40.3242 34.8902 19.0236
17.1161 19.4871 25.368 40.4547 30.2274 44.3192 26.219 26.3473
17.1161 19.4871 25.368 40.4547 30.2274 44.3192 26.219 26.3473
26.4374 28.3319 27.4125 52.6282 1.11994 32.5804 36.0448 6.31636
18.77 7.05828 45.9862 16.461 5.77518 62.8599 17.8576 2.79637
56.2326 15.982 30.6638 19.9452 7.5356 22.2444 31.1916 32.1132
26.4374 28.3319 27.4125 52.6282 1.11994 32.5804 36.0448 6.31636
42.428 13.5285 2.73191 50.0904 31.5938 34.0873 16.805 15.0907
19.0572 20.4223 20.6332 49.1216 3.77797 47.2279 31.9272 21.8653
4.02254 17.7775 28.0907 19.624 54.0693 2.80009 28.7598 46.4947
6.6986 3.65089 4.13154 4.1706 4.60517 74.9659 16.4202 36.9799
18.77 7.05828 45.9862 16.461 5.77518 62.8599 17.8576 2.79637
35.1244 36.3261 26.502 36.6336 2.41025 5.01786 10.1579 52.4206
5.28719 17.907 12.2223 18.5925 23.6395 17.2142 17.1843 73.3972
2.20909 1.93583 29.4228 32.7846 45.1056 31.2381 15.2733 46.1757
18.0398 14.0135 16.6737 18.159 7.6147 35.2619 61.2379 31.8579
31.5117 30.12 30.8368 21.5408 17.3976 14.8546 40.1524 43.5576
2.26831 0.284665 44.7368 29.9002 61.1669 4.69362 20.0948 6.18033
56.2326 15.982 30.6638 19.9452 7.5356 22.2444 31.1916 32.1132
8.09687 11.5577 17.6715 26.7353 60.3599 12.8181 45.9849 7.37106
2.26831 0.284665 44.7368 29.9002 61.1669 4.69362 20.0948 6.18033
6.84204 6.91605 6.89954 8.67559 48.1859 25.9854 59.4407 27.6169
1.52682 0.392653 0.606093 1.57318 40.4491 37.3906 41.1195 51.6519
5.17348 38.1084 65.8998 11.5097 36.3389 5.84219 5.27109 1.65028
