75 1.87996
3700.69 0.389578 0.00369971
0.0758625 3771.82 6.46482e-05
0.00503912 5.30477e-07 3783.57
0.00384425 0.00374407 4029.16
1.02636e-07 0.00510299 3831.52
3296.78 1623.81 0.00422955
747.439 1476.91 3349.77
3193.05 1247.86 1088.11
0.0866948 3630.34 1152.27
1522.59 595.035 3311.35
3178.24 0.334579 1382.2
2003.86 3493.01 6.90216e-05
2232.69 2174.51 1726.41
0.0311184 2988.26 1655.29
2923.4 1819.53 1907.41
1604.36 3170.14 0.00355206
0.0220846 2120.75 2729.1
1560.46 1780.23 3046.4
2640.48 1031.91 2009.39
2327.59 2655.4 1120.77
1818.51 3169.91 0.00365352
1204.49 2380.03 2448.2
1639.98 2858.72 1825.61
0.00418684 0.00257771 3691.67
1403.86 945.122 3265.48
3328.21 1300.68 0.00357239
2765.91 2385.15 0.00365132
2066.13 807.456 2854.64
1896.49 1167.61 2865.96
0.0738781 3673.15 1165.85
2972.12 2368.07 0.00379916
1994.34 1942.36 1973.2
3446.59 0.0109427 2442.91
1719.13 1961.24 2393.66
3065.06 2063.5 0.00369397
2597.99 2530.28 1151.06
1280.96 2531.13 2272.99
1508.67 2984.94 0.00384924
1519.09 2647.99 2163.78
2112.05 1421.9 2336.8
2437.12 1500.46 2293.16
1657.04 1613.86 2976.59
867.353 1511.92 3106.89
2066.13 807.456 2854.64
1387.74 1151.91 3214.7
2492.44 2843.47 0.00378021
1075.03 1873.92 2780.1
1262.28 1229.38 3140.72
2125.3 0.223734 2734.95
990.765 1957.71 2823.54
1249.82 995.803 3233.9
835.506 1456.4 3239.79
3557.87 0.374544 1129.26
1400.21 2770.35 2200.15
1882.36 1499.79 3097.2
2553.7 0.268832 2343.78
1400.21 2770.35 2200.15
1075.03 1873.92 2780.1
1156.17 1126.03 3269.16
1657.04 1613.86 2976.59
2751.4 2372.64 1153.15
3557.87 0.374544 1129.26
990.765 1957.71 2823.54
3202.72 2551.8 7.01875e-05
0.0159999 1536.45 3112.27
3249.93 2000.88 0.00381548
0.0270046 2593.21 2380.05
2657.54 2588.28 0.0037087
3042.47 0.320286 1685.33
2953.21 1154.13 1756.37
1110.22 1266.58 3249.9
0.00487818 0.00190642 3932.49
0.00346548 0.00395355 3947.45
3249.93 2000.88 0.00381548
1156.17 1126.03 3269.16
771.803 1527.03 3301.44
0.00389103 0.00310021 3735.48
0.00388384 0.00334918 3850.66
0.00384425 0.00374407 4029.16
1183.47 1152.62 3187.63
771.803 1527.03 3301.44
1110.22 1266.58 3249.9
3042.47 0.320286 1685.33
2453.58 1954.91 1737.77
0.0386642 3712.87 0.00371189
3296.78 1623.81 0.00422955
2112.05 1421.9 2336.8
2657.54 2588.28 0.0037087
2953.21 1154.13 1756.37
1183.47 1152.62 3187.63
1519.09 2647.99 2163.78
0.00503912 5.30477e-07 3783.57
1535.84 0.161681 3111.04
1.38511e-07 0.00492949 3701.25
2453.58 1954.91 1737.77
0.0386642 3712.87 0.00371189
2765.91 2385.15 0.00365132
0.00388384 0.00334918 3850.66
1508.67 2984.94 0.00384924
3042.47 0.320286 1685.33
2066.13 807.456 2854.64
1156.17 1126.03 3269.16
3736.76 0.393376 0.00373578
1607.57 3176.49 0.00355916
0.0435268 4179.82 0.00417871
0.00495204 0.00193528 3992.03
0.00437273 0.00362963 4266.92
1.02883e-07 0.00511527 3840.74
2551.11 2910.4 0.00445425
3224.21 1260.04 1098.73
0.111298 3960.99 0.00395994
786.285 1553.67 3523.86
0.0409451 3931.9 1247.98
1678.42 655.936 3477.12
2936.97 0.786145 2353.25
2258.23 1799.27 2650.04
1656.37 815.834 3562.69
3358.96 1312.7 0.00360541
2048.49 1995.1 2624.45
1046.02 2069.57 2984.07
3199.08 1250.22 1493.73
1422.61 2814.67 2235.35
2394.57 2332.17 1851.58
2189.97 855.851 3025.73
1901.89 1515.35 3129.32
3735.57 0.39325 0.00429928
1474.95 992.985 3430.85
2367.57 2701.01 1140.03
2246.95 0.23654 2891.49
3224.87 0.339488 1402.48
836.951 1458.92 3245.39
2675.09 2131.4 1894.66
2891.97 2493.86 0.00381774
0.031974 3070.42 1700.81
3037.04 1186.89 1806.22
0.0172945 1660.77 3364.09
894.789 1559.74 3205.16
3009.95 2398.21 1221.52
1885.85 2151.44 2625.8
2048.68 2337.21 2202.92
1138.09 1298.37 3494.03
2733.08 1068.1 2079.86
1168.69 1138.24 3301.43
2733.08 1068.1 2079.86
1766 0.185909 3407.57
0.031974 3070.42 1700.81
0.0267898 2572.59 3310.55
3132.79 2109.1 0.0037756
2587.6 2952.03 0.00392453
0.00357785 0.00408174 4075.45
3061.18 0.322256 2169.73
0.0278186 2671.38 2451.79
2145.08 2089.17 2122.35
1847.82 0.194524 3293.66
2936.97 0.786145 2353.25
3358.96 1312.7 0.00360541
2705.47 2634.96 0.00377559
2561.86 1001.19 2524.45
1381.22 2407.65 2547.54
1231.75 2433.89 2503.6
2604.16 0.274145 2390.1
1231.75 2433.89 2503.6
1300.7 1079.66 3261.71
0.0694106 2470.27 3178.87
0.0318002 1581.08 3199.62
2145.08 2089.17 2122.35
1718.15 0.180873 3480.33
1677.46 2924.05 1867.34
1336.23 1064.65 3296.64
1300.7 1079.66 3261.71
1381.22 2407.65 2547.54
0.00357785 0.00408174 4075.45
1336.23 1064.65 3296.64
2604.16 0.274145 2390.1
3358.96 1312.7 0.00360541
2936.97 0.786145 2353.25
2733.08 1068.1 2079.86
1231.75 2433.89 2503.6
3801.05 0.400143 0.00380004
1846.33 3218.42 0.00370943
0.100332 4201.39 0.00420028
0.00378658 0.00431987 4313.21
3326.71 1300.1 1133.66
0.111899 3982.41 0.00398136
2724.07 2653.08 0.00437637
816.919 1616.29 3494.43
1696.72 663.088 3515.04
2365.14 2039.55 2866.37
1231.3 1404.71 3780.2
1722.64 3403.87 0.00381394
1214.52 2117.07 3140.83
3632.54 1539.09 0.0039441
3281.45 0.345444 1427.08
2212.31 864.581 3056.6
0.03422 3286.1 1820.28
2640.03 1031.74 2601.48
3186.35 2538.76 1293.11
0.0176944 1699.17 3441.88
910.116 1586.46 3529.1
1429.23 2824.11 2243.44
3006.34 2592.48 0.00396871
0.0305077 2929.61 2688.8
1499.71 1009.65 3488.44
2079.08 2371.89 2235.6
1900.01 2167.6 2645.52
2318.78 0.244102 2983.93
2701.54 2631.13 2088.94
0.0861767 3066.96 2457.4
3194.67 1248.49 1899.97
2179.3 2122.51 2792.04
1408.62 1122.33 3644.8
1597.26 3156.13 1959.42
2782.74 2217.18 1970.91
2846.21 0.299626 2612.26
1449.81 1203.43 3358.48
1857.2 0.195511 3310.37
1266.6 2502.76 2574.44
1356.39 1125.89 3401.38
2079.08 2371.89 2235.6
1329.12 1294.49 3579.95
891.41 1553.85 3625.22
0.0543886 2704.15 2481.87
3316 2232.44 0.0039964
2196.99 2139.73 2173.71
1434.88 2501.19 2646.52
1644.81 3254.29 0.00419659
0.0628378 3124.24 2214.42
2744.42 2672.9 0.00382994
0.0861767 3066.96 2457.4
3186.38 2538.78 0.00407304
0.0543886 2704.15 2481.87
2079.08 2371.89 2235.6
3802.29 0.400274 0.00380128
1884.46 0.19838 3636.15
1855.98 3235.22 0.0037288
1240.72 1415.46 3809.14
0.120192 4277.52 0.00427639
0.0193232 1855.58 3580.43
2266.42 885.728 3131.36
3360.54 1313.32 1145.19
832.566 1647.25 3738.69
2844.6 2770.47 0.00457001
3299.65 2629.03 1339.09
1723.05 3404.68 0.00381485
2824.35 2250.33 2000.37
2337.1 0.246031 3007.51
1225.22 2135.72 3168.5
3456.33 2326.92 0.00416553
0.0309024 2967.51 2723.58
3425.64 0.360624 1897.58
1372.21 1139.01 3608.94
1600.06 3165.75 1964.88
977.424 1703.79 3501.17
2917.41 2841.38 0.00407136
0.0758087 2697.97 3471.89
2335.57 2274.7 2310.82
0.0638765 3175.88 2251.03
3210.35 1254.62 1909.3
3157.6 2722.92 0.0041684
0.0544927 2709.33 2486.62
0.0554019 1971.71 3514.48
2857.32 0.300795 2622.44
1334.91 1300.12 3595.53
0.0360875 1794.24 3630.99
3940.38 0.414811 0.004535
2056.77 0.21652 3968.63
1809.93 3576.36 0.00400721
0.0193603 1859.14 3587.29
2367.56 2305.85 2342.47
2300.7 899.127 3178.73
0.0649945 2721.64 3502.36
843.126 1665.98 3778.6
3817.46 1491.88 96.424
3375.47 1662.57 1194.28
1808.84 3574.2 1271.45
3363.49 1314.47 2000.37
1644.2 3248.87 2017
3030.07 2951.1 0.00422857
3053 1193.13 2626.38
1346.64 1311.55 3627.14
3688.16 1441.35 1256.84
0.0619152 3078.37 2825.33
3059.95 0.322127 2808.43
2349.26 0.24731 3023.15
1577.5 1256.89 3891.88
1461.91 1260.66 3906.55
4002.35 0.421335 0.00460632
3064.33 2984.47 0.00427639
2072.15 0.218139 3998.31
1955.24 3868.48 0.00498862
0.0195097 1873.49 3614.98
2402.05 2740.35 2582.89
3686.71 1815.87 1304.4
1520.97 1311.59 3875.27
978.331 1705.37 3793.61
3199.51 0.336818 2936.51
2110.48 3678.86 0.00488126
4074.12 0.42889 1293.12
3065.24 2985.35 0.00427765
3297.79 3211.85 0.00529808
