3 0.0254495
3.67885 1.59893 3.82173 36.7221 1.72846 14.1952 3.31033 7.27276
2.72899 0.929332 1.69706 1.41948 3.18966 38.6907 7.74784 3.72628
0.066248 0.0381227 0.195304 0.0153083 0.613447 0.749688 0.199485 38.9643
16.5598 13.2217 27.1394 1.24108 9.22662 8.99494 16.7142 4.17674
0.000630237 0.00199996 0.000417226 0.00828216 0.184067 2.37077 8.0832 38.6559
0.00400558 0.00242451 0.0505101 0.119193 0.0577557 0.238854 0.399704 40.2785
7.72662 17.3244 22.9647 3.952 9.58275 19.0304 15.1226 5.64506
4.43492 1.55377 6.11604 6.44886 37.7759 1.68731 7.11943 6.28697
0.220504 1.36929 0.376903 2.08739 35.0212 10.1046 17.9293 0.00483006
0.0846573 0.399272 0.0556568 1.08507 0.852415 1.93247 40.4549 1.37874
20.1178 1.88731 12.601 7.36741 11.1218 21.1532 20.5746 2.97636
0.0180645 0.0141293 0.00100363 0.147076 0.271105 3.20976 2.99513 40.7202
0.207361 0.512614 0.203792 0.59249 0.109083 0.0532203 38.2703 12.7798
14.5066 9.06196 10.1567 31.7457 11.4986 2.11387 2.57771 5.30394
7.40621 13.8134 24.4672 14.6804 4.10672 13.2399 15.642 9.8113
20.0196 12.5199 11.6724 11.2028 16.474 12.9009 12.3718 13.8211
18.1905 10.8671 10.8095 3.30334 23.0837 4.21543 4.36871 22.847
10.7482 6.23425 7.65616 26.1615 14.119 17.7405 8.3778 7.87075
15.8599 6.94555 19.5436 12.8937 1.09554 12.7248 20.2992 11.3622
7.40621 13.8134 24.4672 14.6804 4.10672 13.2399 15.642 9.8113
8.97419 5.46809 1.08996 12.4818 28.2758 21.1983 6.41295 3.70404
12.4811 0.660469 10.5939 5.22886 31.0802 16.9244 7.75734 6.23944
7.01555 7.67429 2.24884 23.9927 10.9226 22.4324 5.73209 15.7458
9.84915 4.19866 23.188 21.5619 10.3876 17.2082 8.2434 2.08794
7.30002 7.37246 13.975 13.4137 11.6254 19.2722 23.6316 7.94987
0.719256 3.09882 16.868 18.3901 2.19909 7.65439 17.9434 24.2478
6.81696 10.4882 14.3395 3.84072 5.50963 23.3053 4.03672 26.1843
0.880865 2.71913 26.457 6.25773 14.9657 20.1756 14.162 7.12701
2.38598 2.21162 5.23095 18.0531 30.2874 14.1885 2.79311 8.07603
8.08663 13.5634 10.4747 13.8322 2.32389 9.64435 26.4155 14.0075
1.84911 8.84884 15.7846 13.7707 12.082 5.67403 18.5219 23.7332
0.819415 0.604155 14.9931 6.41518 15.3601 27.8543 3.4793 17.1899
2.2753 11.2823 2.06798 2.53816 10.8932 15.3878 12.7623 30.5532
0.414091 0.291834 6.2924 14.2739 25.875 8.91822 23.9692 0.618875
2.04356 1.2799 0.613264 19.8127 12.6944 20.0957 10.653 22.3599
1.85072 1.52655 1.10177 3.01136 33.743 21.0069 3.02149 4.00956
1.84911 8.84884 15.7846 13.7707 12.082 5.67403 18.5219 23.7332
12.2925 4.17223 5.63825 10.4888 14.3497 1.64861 4.29128 32.3777
20.1178 1.88731 12.601 7.36741 11.1218 21.1532 20.5746 2.97636
0.190056 0.616758 1.31157 1.06218 31.7107 15.6166 1.41455 18.8572
15.7727 4.50146 2.7943 2.90769 15.3578 5.29775 31.4857 8.0253
5.44872 3.71132 1.68062 5.29929 12.3553 36.9636 3.83829 7.74297
1.66448 0.265604 9.65748 12.3122 13.5017 5.32876 31.288 11.5171
9.95809 11.0429 14.7442 4.34103 11.4025 0.489584 23.5768 22.5455
5.63717 5.25037 1.23365 8.2609 1.03082 28.0584 9.07973 23.3807
2.38598 2.21162 5.23095 18.0531 30.2874 14.1885 2.79311 8.07603
0.212943 0.283242 9.66201 7.35549 24.344 19.1466 12.3028 19.8799
2.72899 0.929332 1.69706 1.41948 3.18966 38.6907 7.74784 3.72628
0.066248 0.0381227 0.195304 0.0153083 0.613447 0.749688 0.199485 38.9643
3.94604 13.1824 9.70325 8.14132 12.3611 6.68545 18.9648 26.8081
0.880865 2.71913 26.457 6.25773 14.9657 20.1756 14.162 7.12701
2.6393 9.54529 5.07076 0.475396 1.49903 5.71109 3.95728 38.06
2.17667 4.15813 7.44842 9.65067 4.9224 30.6702 18.8028 6.90975
3.10199 5.97968 0.924419 1.44072 19.2953 5.16948 32.0834 10.5799
6.81696 10.4882 14.3395 3.84072 5.50963 23.3053 4.03672 26.1843
0.836556 2.18454 1.2919 0.390549 10.6908 33.88 11.9262 14.4872
4.1474 2.20772 2.8029 16.0305 5.36752 10.5391 29.9494 18.5506
0.320532 3.15459 15.4173 3.61487 2.00724 20.0574 20.3766 23.5013
2.82709 8.00604 3.32083 2.77778 1.60976 1.83961 37.4553 2.58321
1.38984 4.69652 1.8966 20.5315 3.81824 23.6025 16.1342 18.9293
0.0190896 0.0635878 0.0078093 0.0609339 1.57921 25.9786 25.5657 13.1452
20.1178 1.88731 12.601 7.36741 11.1218 21.1532 20.5746 2.97636
20.0196 12.5199 11.6724 11.2028 16.474 12.9009 12.3718 13.8211
3.97551 2.11809 4.63065 21.0106 27.2162 16.7157 7.07906 7.38901
3.5169 2.10607 0.130615 0.280791 22.9609 19.5615 25.4427 10.7381
8.58008 0.494644 10.7063 2.32817 6.21607 12.3582 15.8256 30.0385
1.66448 0.265604 9.65748 12.3122 13.5017 5.32876 31.288 11.5171
0.589624 0.497294 0.375666 1.30091 7.7594 29.9831 6.27977 23.8749
0.352526 0.141695 6.99232 2.67463 1.99457 22.688 13.1326 28.8527
0.335623 4.22161 4.5915 4.53625 4.11135 25.1943 28.8502 4.49966
3.10199 5.97968 0.924419 1.44072 19.2953 5.16948 32.0834 10.5799
0.000630237 0.00199996 0.000417226 0.00828216 0.184067 2.37077 8.0832 38.6559
6.63889 0.339867 0.766938 17.0902 13.3426 23.5626 8.09072 20.929
0.322893 0.648084 4.87519 1.18826 27.7314 13.3584 18.3013 16.411
0.682843 0.655724 12.3867 14.7487 9.90062 10.4223 25.9758 18.3599
0.624463 0.233397 1.4939 1.54316 6.41248 5.7876 34.8742 17.6998
15.8599 6.94555 19.5436 12.8937 1.09554 12.7248 20.2992 11.3622
2.05344 1.04571 2.62935 5.35544 1.39365 9.41761 35.4388 15.9928
4.26593 6.21574 14.7214 10.3681 0.555466 7.08354 30.5258 14.9895
2.78072 3.7605 4.59719 1.14247 2.99696 22.1507 30.7703 11.0095
3.67885 1.59893 3.82173 36.7221 1.72846 14.1952 3.31033 7.27276
4.71481 4.20223 3.54638 1.07682 10.9614 9.5786 31.6896 18.0577
2.17667 4.15813 7.44842 9.65067 4.9224 30.6702 18.8028 6.90975
0.880865 2.71913 26.457 6.25773 14.9657 20.1756 14.162 7.12701
1.62006 2.4725 2.89393 16.9584 11.3783 1.22315 11.0866 32.3728
2.04356 1.2799 0.613264 19.8127 12.6944 20.0957 10.653 22.3599
15.8599 6.94555 19.5436 12.8937 1.09554 12.7248 20.2992 11.3622
7.81122 3.08009 4.23104 1.7294 6.0836 9.20621 21.2497 30.6418
12.2925 4.17223 5.63825 10.4888 14.3497 1.64861 4.29128 32.3777
0.158533 2.12899 0.790053 8.65871 17.8463 20.5598 11.433 25.9739
3.51764 2.90921 0.972269 3.27532 13.2739 1.64295 34.5481 15.5337
5.12131 2.02163 5.12376 1.74789 9.96093 32.3926 15.3125 16.142
4.26593 6.21574 14.7214 10.3681 0.555466 7.08354 30.5258 14.9895
0.758683 0.473543 11.1793 4.63253 2.78954 21.1546 32.1513 1.97661
0.575904 0.503223 1.27417 0.501105 1.89547 32.9526 1.03013 21.7319
2.99818 1.12384 1.82018 14.5335 3.11721 14.9494 6.46087 31.8732
0.227976 0.391429 0.213483 0.933116 1.81427 28.6617 26.6413 9.59837
1.1121 0.140843 3.23929 7.08866 6.3484 31.2282 4.67583 24.0203
1.96479 1.59109 3.29873 6.8293 17.7566 31.0005 2.23856 14.2994
6.35967 8.27348 6.59198 3.30239 17.7887 30.8802 12.5425 4.67616
6.63889 0.339867 0.766938 17.0902 13.3426 23.5626 8.09072 20.929
0.0267946 0.0388251 0.0491957 0.224121 0.283482 7.13694 38.2657 12.0157
0.408532 8.20355 9.83547 7.07355 3.38373 10.3583 31.4865 16.4217
2.52177 7.04128 9.93686 14.7289 17.8144 3.73498 21.6673 20.1726
1.85229 4.06519 3.06779 2.28919 11.7921 14.6867 18.424 29.7948
1.00637 1.90099 0.813595 0.0990375 2.87952 22.7855 32.5005 2.82905
0.22803 1.69893 0.988724 1.81723 21.9457 0.695566 21.3698 26.4344
0.349244 4.5954 1.25334 0.15166 9.3961 10.6616 36.5512 3.75192
2.45672 0.792743 5.59005 4.11976 3.95353 16.7729 23.1889 27.0918
0.138228 0.389637 0.358095 0.950966 1.31583 32.3361 5.66924 21.0516
0.753068 4.81793 1.18193 3.14079 26.5094 14.023 3.08729 25.5347
0.212943 0.283242 9.66201 7.35549 24.344 19.1466 12.3028 19.8799
1.87573 4.94344 7.23827 3.20556 4.8693 1.34336 8.59234 37.0686
0.89655 1.73369 8.39297 9.88127 1.87721 2.52289 19.7992 32.2489
16.5598 13.2217 27.1394 1.24108 9.22662 8.99494 16.7142 4.17674
3.82686 1.50945 4.44683 1.91616 3.13995 32.5767 22.4946 0.866826
18.1905 10.8671 10.8095 3.30334 23.0837 4.21543 4.36871 22.847
3.44545 2.33984 2.68312 7.94765 5.35848 20.697 9.27222 31.1503
1.03922 4.97043 0.541878 0.517907 2.14565 33.4248 19.0453 11.3937
0.327449 0.556953 0.288758 4.68457 9.31799 17.6027 14.6698 31.2375
5.12131 2.02163 5.12376 1.74789 9.96093 32.3926 15.3125 16.142
3.21415 0.228451 7.87999 2.60864 21.8993 5.05933 22.8098 21.0634
1.94059 2.1561 5.72763 0.44446 4.47044 30.8511 23.4839 3.39371
1.57902 9.37068 0.61845 7.32622 9.03627 3.66335 35.9263 7.99889
3.97551 2.11809 4.63065 21.0106 27.2162 16.7157 7.07906 7.38901
0.430419 0.495658 1.78021 3.11385 9.27796 18.2518 24.6966 24.8828
0.0190896 0.0635878 0.0078093 0.0609339 1.57921 25.9786 25.5657 13.1452
1.91779 3.59014 6.61816 14.3977 15.9442 12.7205 14.4323 26.5292
6.67283 0.419962 2.21568 4.62622 7.60676 7.01317 25.8031 26.3326
0.439242 0.24114 0.0436874 10.1204 21.9118 8.20346 19.5835 24.9135
0.494764 1.60599 1.46023 1.26495 27.2125 17.9783 18.3893 14.3864
0.153311 2.26855 3.40319 4.16589 6.60643 5.24806 18.8267 32.951
2.88204 1.95904 0.0813693 1.88134 3.28096 11.4414 2.15597 38.428
12.4811 0.660469 10.5939 5.22886 31.0802 16.9244 7.75734 6.23944
0.320532 3.15459 15.4173 3.61487 2.00724 20.0574 20.3766 23.5013
15.7727 4.50146 2.7943 2.90769 15.3578 5.29775 31.4857 8.0253
3.91205 3.10564 2.54244 3.85534 31.3081 1.45248 8.70473 24.0204
0.303672 0.691803 0.66541 1.11303 7.24487 24.3195 13.6346 27.7418
0.858913 0.0793202 0.185988 0.679863 7.20846 15.7944 6.7926 35.7642
0.066248 0.0381227 0.195304 0.0153083 0.613447 0.749688 0.199485 38.9643
2.13717 5.96736 4.35743 4.13862 8.26016 4.93905 22.2713 30.67
12.2925 4.17223 5.63825 10.4888 14.3497 1.64861 4.29128 32.3777
0.633342 0.552514 0.227156 0.10502 0.251408 33.8337 16.6671 12.7693
0.320532 3.15459 15.4173 3.61487 2.00724 20.0574 20.3766 23.5013
0.152737 0.262441 0.638202 4.59987 3.60467 7.9004 33.6188 19.261
6.81696 10.4882 14.3395 3.84072 5.50963 23.3053 4.03672 26.1843
8.97419 5.46809 1.08996 12.4818 28.2758 21.1983 6.41295 3.70404
0.684893 1.96855 2.31636 1.17288 1.19474 23.8723 31.5102 8.11841
4.43492 1.55377 6.11604 6.44886 37.7759 1.68731 7.11943 6.28697
0.0557402 0.0638661 1.36024 2.02186 5.85307 0.163352 25.2403 30.8575
0.719256 3.09882 16.868 18.3901 2.19909 7.65439 17.9434 24.2478
3.66304 2.77766 19.0136 0.460885 8.99248 0.501522 28.6518 16.1355
5.30955 7.06173 1.83938 2.46837 12.2145 4.77572 0.360665 36.3825
0.0190896 0.0635878 0.0078093 0.0609339 1.57921 25.9786 25.5657 13.1452
1.87573 4.94344 7.23827 3.20556 4.8693 1.34336 8.59234 37.0686
0.670461 1.36512 8.05674 2.07114 0.491209 21.4682 0.596758 31.9943
0.352526 0.141695 6.99232 2.67463 1.99457 22.688 13.1326 28.8527
0.0300524 0.462796 0.440141 0.0370068 0.579355 2.90754 20.8395 33.7043
0.292758 0.100429 0.554684 0.932271 4.08254 19.0834 34.4877 1.41574
0.568228 0.352002 5.37018 0.594728 7.61582 8.14361 4.8061 36.547
3.66304 2.77766 19.0136 0.460885 8.99248 0.501522 28.6518 16.1355
1.87573 4.94344 7.23827 3.20556 4.8693 1.34336 8.59234 37.0686
6.35967 8.27348 6.59198 3.30239 17.7887 30.8802 12.5425 4.67616
0.207361 0.512614 0.203792 0.59249 0.109083 0.0532203 38.2703 12.7798
0.41069 0.652413 1.35525 4.86374 9.39691 11.5741 21.8328 30.4194
20.1178 1.88731 12.601 7.36741 11.1218 21.1532 20.5746 2.97636
0.665141 2.64745 3.92463 4.37652 5.56816 15.3463 18.6961 30.2781
0.0839928 0.220323 0.221403 0.643313 0.496717 11.8625 32.2779 20.0348
0.303811 0.156094 1.70675 1.32415 8.31156 12.3684 28.0596 23.52
2.17667 4.15813 7.44842 9.65067 4.9224 30.6702 18.8028 6.90975
1.03922 4.97043 0.541878 0.517907 2.14565 33.4248 19.0453 11.3937
15.8599 6.94555 19.5436 12.8937 1.09554 12.7248 20.2992 11.3622
3.21693 0.596577 8.01087 3.00514 6.88921 23.0263 18.7305 24.1892
0.531761 0.887446 0.211927 0.572032 0.376497 6.26689 33.4817 20.7359
0.183019 0.741265 1.95792 4.02805 9.47824 6.33566 9.10202 36.6154
0.758683 0.473543 11.1793 4.63253 2.78954 21.1546 32.1513 1.97661
0.00400558 0.00242451 0.0505101 0.119193 0.0577557 0.238854 0.399704 40.2785
3.44545 2.33984 2.68312 7.94765 5.35848 20.697 9.27222 31.1503
7.30002 7.37246 13.975 13.4137 11.6254 19.2722 23.6316 7.94987
0.394367 0.0947804 0.149952 0.81682 0.0742529 0.95662 28.3869 28.5513
0.0360395 1.17895 0.137268 2.34837 0.379489 3.93248 3.51263 39.1558
0.89655 1.73369 8.39297 9.88127 1.87721 2.52289 19.7992 32.2489
1.94059 2.1561 5.72763 0.44446 4.47044 30.8511 23.4839 3.39371
20.1178 1.88731 12.601 7.36741 11.1218 21.1532 20.5746 2.97636
5.30955 7.06173 1.83938 2.46837 12.2145 4.77572 0.360665 36.3825
6.81696 10.4882 14.3395 3.84072 5.50963 23.3053 4.03672 26.1843
0.158533 2.12899 0.790053 8.65871 17.8463 20.5598 11.433 25.9739
1.91779 3.59014 6.61816 14.3977 15.9442 12.7205 14.4323 26.5292
0.322893 0.648084 4.87519 1.18826 27.7314 13.3584 18.3013 16.411
3.21415 0.228451 7.87999 2.60864 21.8993 5.05933 22.8098 21.0634
2.48493 0.920272 0.309891 3.51577 6.62926 28.0163 6.51209 24.5343
8.08663 13.5634 10.4747 13.8322 2.32389 9.64435 26.4155 14.0075
2.38598 2.21162 5.23095 18.0531 30.2874 14.1885 2.79311 8.07603
2.05344 1.04571 2.62935 5.35544 1.39365 9.41761 35.4388 15.9928
0.631945 0.843856 0.866674 3.10803 2.22819 7.40979 16.3925 35.0802
1.84911 8.84884 15.7846 13.7707 12.082 5.67403 18.5219 23.7332
0.345565 0.394626 0.116857 0.960597 9.77051 5.9753 37.3299 9.59168
7.01555 7.67429 2.24884 23.9927 10.9226 22.4324 5.73209 15.7458
0.000630237 0.00199996 0.000417226 0.00828216 0.184067 2.37077 8.0832 38.6559
4.26593 6.21574 14.7214 10.3681 0.555466 7.08354 30.5258 14.9895
0.227976 0.391429 0.213483 0.933116 1.81427 28.6617 26.6413 9.59837
3.44545 2.33984 2.68312 7.94765 5.35848 20.697 9.27222 31.1503
9.95809 11.0429 14.7442 4.34103 11.4025 0.489584 23.5768 22.5455
20.0196 12.5199 11.6724 11.2028 16.474 12.9009 12.3718 13.8211
0.000630237 0.00199996 0.000417226 0.00828216 0.184067 2.37077 8.0832 38.6559
8.97419 5.46809 1.08996 12.4818 28.2758 21.1983 6.41295 3.70404
14.5066 9.06196 10.1567 31.7457 11.4986 2.11387 2.57771 5.30394
1.94059 2.1561 5.72763 0.44446 4.47044 30.8511 23.4839 3.39371
2.13717 5.96736 4.35743 4.13862 8.26016 4.93905 22.2713 30.67
7.81122 3.08009 4.23104 1.7294 6.0836 9.20621 21.2497 30.6418
0.617743 0.562744 0.0922512 0.302768 5.95859 8.77059 25.3072 29.5459
1.85072 1.52655 1.10177 3.01136 33.743 21.0069 3.02149 4.00956
1.1121 0.140843 3.23929 7.08866 6.3484 31.2282 4.67583 24.0203
4.43492 1.55377 6.11604 6.44886 37.7759 1.68731 7.11943 6.28697
0.594247 0.272774 0.686862 0.726503 0.775119 14.2437 3.24292 37.9146
1.94059 2.1561 5.72763 0.44446 4.47044 30.8511 23.4839 3.39371
0.0846573 0.399272 0.0556568 1.08507 0.852415 1.93247 40.4549 1.37874
2.2753 11.2823 2.06798 2.53816 10.8932 15.3878 12.7623 30.5532
1.62006 2.4725 2.89393 16.9584 11.3783 1.22315 11.0866 32.3728
5.34186 3.59148 0.469949 1.18957 2.42094 5.44116 26.5113 28.1478
0.183019 0.741265 1.95792 4.02805 9.47824 6.33566 9.10202 36.6154
0.101854 0.0469168 0.0758083 0.109086 0.0826704 3.10757 1.77304 39.9507
0.332887 0.00761029 2.28369 0.502953 2.59178 0.807188 9.75928 38.6991
0.430419 0.495658 1.78021 3.11385 9.27796 18.2518 24.6966 24.8828
9.84915 4.19866 23.188 21.5619 10.3876 17.2082 8.2434 2.08794
1.03922 4.97043 0.541878 0.517907 2.14565 33.4248 19.0453 11.3937
3.82686 1.50945 4.44683 1.91616 3.13995 32.5767 22.4946 0.866826
3.5169 2.10607 0.130615 0.280791 22.9609 19.5615 25.4427 10.7381
0.22803 1.69893 0.988724 1.81723 21.9457 0.695566 21.3698 26.4344
0.128404 0.245425 0.244524 3.49703 4.59127 9.82569 12.3177 36.707
0.503962 0.0644684 0.417549 2.52851 3.43845 10.2778 12.8355 35.3577
0.0151748 0.00538074 0.0564151 0.101299 1.80006 1.3423 12.2713 38.203
3.67885 1.59893 3.82173 36.7221 1.72846 14.1952 3.31033 7.27276
0.0878307 0.158066 1.1355 0.888782 12.1066 18.4767 32.1941 10.4338
2.05344 1.04571 2.62935 5.35544 1.39365 9.41761 35.4388 15.9928
1.57902 9.37068 0.61845 7.32622 9.03627 3.66335 35.9263 7.99889
0.138228 0.389637 0.358095 0.950966 1.31583 32.3361 5.66924 21.0516
0.617743 0.562744 0.0922512 0.302768 5.95859 8.77059 25.3072 29.5459
0.066248 0.0381227 0.195304 0.0153083 0.613447 0.749688 0.199485 38.9643
7.01555 7.67429 2.24884 23.9927 10.9226 22.4324 5.73209 15.7458
3.91205 3.10564 2.54244 3.85534 31.3081 1.45248 8.70473 24.0204
7.72662 17.3244 22.9647 3.952 9.58275 19.0304 15.1226 5.64506
8.58008 0.494644 10.7063 2.32817 6.21607 12.3582 15.8256 30.0385
7.81122 3.08009 4.23104 1.7294 6.0836 9.20621 21.2497 30.6418
1.38984 4.69652 1.8966 20.5315 3.81824 23.6025 16.1342 18.9293
10.7482 6.23425 7.65616 26.1615 14.119 17.7405 8.3778 7.87075
6.63889 0.339867 0.766938 17.0902 13.3426 23.5626 8.09072 20.929
18.1905 10.8671 10.8095 3.30334 23.0837 4.21543 4.36871 22.847
0.0424712 0.00701713 0.0653035 1.15491 9.42877 0.479346 16.8975 34.0321
0.0839928 0.220323 0.221403 0.643313 0.496717 11.8625 32.2779 20.0348
0.332887 0.00761029 2.28369 0.502953 2.59178 0.807188 9.75928 38.6991
0.320532 3.15459 15.4173 3.61487 2.00724 20.0574 20.3766 23.5013
7.72662 17.3244 22.9647 3.952 9.58275 19.0304 15.1226 5.64506
1.1121 0.140843 3.23929 7.08866 6.3484 31.2282 4.67583 24.0203
0.408532 8.20355 9.83547 7.07355 3.38373 10.3583 31.4865 16.4217
2.2753 11.2823 2.06798 2.53816 10.8932 15.3878 12.7623 30.5532
3.91205 3.10564 2.54244 3.85534 31.3081 1.45248 8.70473 24.0204
0.783845 0.537805 2.68426 14.6641 5.82414 9.97528 13.34 32.7438
0.0513367 0.0334061 0.0225166 0.0336875 0.130045 3.87774 9.20518 38.5128
0.414091 0.291834 6.2924 14.2739 25.875 8.91822 23.9692 0.618875
3.5169 2.10607 0.130615 0.280791 22.9609 19.5615 25.4427 10.7381
0.327449 0.556953 0.288758 4.68457 9.31799 17.6027 14.6698 31.2375
0.335623 4.22161 4.5915 4.53625 4.11135 25.1943 28.8502 4.49966
0.320532 3.15459 15.4173 3.61487 2.00724 20.0574 20.3766 23.5013
0.0557402 0.0638661 1.36024 2.02186 5.85307 0.163352 25.2403 30.8575
7.81122 3.08009 4.23104 1.7294 6.0836 9.20621 21.2497 30.6418
1.94107 3.66537 3.69307 1.40293 7.26065 1.06347 38.3115 0.805422
6.67283 0.419962 2.21568 4.62622 7.60676 7.01317 25.8031 26.3326
0.41069 0.652413 1.35525 4.86374 9.39691 11.5741 21.8328 30.4194
0.03038 0.00953704 0.0338117 0.171535 7.64341 13.0838 16.3721 33.319
2.15334 0.927027 0.859316 1.17398 16.1319 16.9935 12.7513 27.8458
3.21693 0.596577 8.01087 3.00514 6.88921 23.0263 18.7305 24.1892
0.0300524 0.462796 0.440141 0.0370068 0.579355 2.90754 20.8395 33.7043
15.8599 6.94555 19.5436 12.8937 1.09554 12.7248 20.2992 11.3622
0.303811 0.156094 1.70675 1.32415 8.31156 12.3684 28.0596 23.52
3.94604 13.1824 9.70325 8.14132 12.3611 6.68545 18.9648 26.8081
0.0424712 0.00701713 0.0653035 1.15491 9.42877 0.479346 16.8975 34.0321
2.78072 3.7605 4.59719 1.14247 2.99696 22.1507 30.7703 11.0095
0.0135905 0.0347262 0.32089 0.636731 0.675718 0.420591 6.00963 39.6455
0.220504 1.36929 0.376903 2.08739 35.0212 10.1046 17.9293 0.00483006
1.23082 0.111615 0.41666 0.312964 4.27475 3.71455 13.5144 37.3997
0.665141 2.64745 3.92463 4.37652 5.56816 15.3463 18.6961 30.2781
2.6393 9.54529 5.07076 0.475396 1.49903 5.71109 3.95728 38.06
0.292758 0.100429 0.554684 0.932271 4.08254 19.0834 34.4877 1.41574
0.543026 0.0691703 1.30441 0.19397 5.1742 13.8609 37.3507 0.910633
4.1474 2.20772 2.8029 16.0305 5.36752 10.5391 29.9494 18.5506
6.35967 8.27348 6.59198 3.30239 17.7887 30.8802 12.5425 4.67616
0.543026 0.0691703 1.30441 0.19397 5.1742 13.8609 37.3507 0.910633
2.78072 3.7605 4.59719 1.14247 2.99696 22.1507 30.7703 11.0095
12.2925 4.17223 5.63825 10.4888 14.3497 1.64861 4.29128 32.3777
0.670461 1.36512 8.05674 2.07114 0.491209 21.4682 0.596758 31.9943
12.2925 4.17223 5.63825 10.4888 14.3497 1.64861 4.29128 32.3777
0.665141 2.64745 3.92463 4.37652 5.56816 15.3463 18.6961 30.2781
0.0267946 0.0388251 0.0491957 0.224121 0.283482 7.13694 38.2657 12.0157
7.40621 13.8134 24.4672 14.6804 4.10672 13.2399 15.642 9.8113
0.352526 0.141695 6.99232 2.67463 1.99457 22.688 13.1326 28.8527
5.44872 3.71132 1.68062 5.29929 12.3553 36.9636 3.83829 7.74297
3.21415 0.228451 7.87999 2.60864 21.8993 5.05933 22.8098 21.0634
2.6393 9.54529 5.07076 0.475396 1.49903 5.71109 3.95728 38.06
1.66448 0.265604 9.65748 12.3122 13.5017 5.32876 31.288 11.5171
