131 1.09366
7.83071e-07 1.17524e-06 5.31393
5.44783 8.34133e-07 5.0012
4.79312 4.67033 4.74105e-06
1.16004 0.570879 9.95313
3.21679 2.30551 6.34947
8.19762 3.51625 1.91088
3.00273 4.79581 0.957849
2.27549 6.83345 1.9934
0.697687 0.163938 6.76388
6.47378 4.7711 1.59238
4.54082 5.74896 1.14604
8.63325 1.5417 2.61416
1.49028 2.08139 8.30614
0.0426223 0.0466995 8.34869
3.00273 4.79581 0.957849
7.76395 0.824379 3.60812
0.274685 0.608737 7.25125
1.03788 9.31393 0.0858147
2.14661 0.964233 9.70759
1.08035 2.60287 11.4465
9.43117 3.48553 6.26584e-05
0.372322 0.388485 4.86856
9.43117 3.48553 6.26584e-05
0.597915 1.12676 2.72362
7.09904 2.79596 0.632921
6.4038 4.07794 6.29184
2.47709 8.08544 0.123505
1.03788 9.31393 0.0858147
1.19414 3.78347 3.31049
0.0426223 0.0466995 8.34869
3.3218 1.90243 1.21956
2.47709 8.08544 0.123505
3.67529 1.12618 7.78718
1.80425 0.99491 7.00152
2.31386 3.74889 8.19954
2.18969 12.1232 0.320566
0.325528 1.33765 5.42321
9.19144 5.90217 2.88003
0.18009 11.2277 0.0898881
9.63092 2.13244 2.22406
3.24887 0.137319 10.4442
5.21573 5.4322 6.7948
0.712809 0.163549 12.114
1.17506 0.182777 8.10915
2.83086 1.31759 10.7058
3.11975 1.38516 9.46479
6.4038 4.07794 6.29184
0.95822 2.14428 7.50603
5.2861 5.69633 1.07644
1.67303 5.7397 3.66906
10.8119 0.523251 0.00467045
1.15713 9.02603 2.95523
1.73232 2.26212 8.44005
5.31641 1.8707 3.68496
2.78425 1.7087 4.5743
3.92503 12.9918 0.0407681
0.888621 0.851614 8.85659
9.17098 1.54741 3.50347
0.649382 0.374441 11.2478
0.712809 0.163549 12.114
8.05486 1.22889 0.63809
3.98415 9.89828 2.61824
0.18009 11.2277 0.0898881
6.52933 0.6008 7.19253
0.293821 0.533257 11.6432
4.52031 6.93008 1.83292
0.746818 8.51118 0.0401514
0.595519 0.698286 5.19594
0.547457 2.23027 5.78675
0.0171325 13.8124 0.0702448
11.6844 1.41481 0.595288
0.523554 5.37764 8.1106
2.11785 10.1751 0.231833
9.17098 1.54741 3.50347
2.83086 1.31759 10.7058
6.07566 9.02618 1.87607
9.99839 4.88075 2.01763
2.39968 1.19405 7.25839
8.21472 4.10851 1.17094
1.33286 4.99678 2.70787
7.95759 4.16738 0.405163
2.57801 8.47396 0.126374
3.94444 8.06856 1.0329
0.243285 0.135204 10.0067
2.38489 2.25454 4.31284
3.79862 8.58937 1.02895
0.258509 10.7754 1.80299
8.36113 3.0375 0.041525
2.18969 12.1232 0.320566
8.14618 3.20113 0.493434
1.7308 1.36131 7.20801
9.46647 2.56896 1.55196
2.14618 2.75717 2.61534
1.47221 2.89612 4.52081
0.293821 0.533257 11.6432
0.594368 0.901935 7.3035
1.05109 2.85833 2.89577
1.97988 6.64678 3.61379
0.365078 0.0161734 10.6238
1.18531 4.23946 3.46648
1.39252 0.156913 7.86371
0.140488 0.290106 11.9044
1.04708 2.97088 8.11662
2.99863 7.98272 0.344756
0.944965 3.2029 6.62513
7.60351 3.54381 2.11335
6.70565 4.79686 0.112269
0.140488 0.290106 11.9044
1.67303 5.7397 3.66906
0.387324 0.355956 11.2425
5.65513 5.53141 7.48495
0.595519 0.698286 5.19594
10.6275 0.474081 7.52993
1.73232 2.26212 8.44005
3.42915 9.64162 0.47675
1.58562 6.66075 7.46294
9.17686 3.53063 0.694412
8.63325 1.5417 2.61416
11.9341 2.48107 3.19067
1.18531 4.23946 3.46648
0.285549 0.833606 12.0969
0.243285 0.135204 10.0067
1.94093 2.94912 1.59851
9.63646 0.910774 4.86527
0.830752 9.32241 5.69399
8.77536 2.04797 5.421
4.59671 10.6663 0.00847597
10.4537 1.4066 3.04087
0.944965 3.2029 6.62513
1.64046 14.1867 0.542208
1.25002 8.7712 1.58911
1.70327 8.17628 0.373355
4.73982 5.69446 1.79934
9.99227 0.815385 3.35365
11.7992 0.00465832 1.27129
9.63092 2.13244 2.22406
3.18345 2.05142 8.63389
1.67716 12.6951 0.974036
0.325528 1.33765 5.42321
1.66125 3.60408 7.3225
3.98415 9.89828 2.61824
2.35403 1.09271 6.25899
1.70327 8.17628 0.373355
4.90176 7.65235 0.596822
9.14426 0.151349 0.00110021
1.2876 0.401468 8.12196
8.63325 1.5417 2.61416
8.8441 6.33914 0.0868111
0.161057 0.10599 7.05499
0.697687 0.163938 6.76388
4.88774 6.4179 0.500154
6.04935 5.09432 0.210328
3.6544 3.36135 7.1401
2.0996 8.65236 1.4162
10.4537 1.4066 3.04087
12.2595 2.33397 0.000149581
4.47766 1.70231 0.815008
0.0426223 0.0466995 8.34869
0.258509 10.7754 1.80299
0.0200109 14.0671 0.105039
0.000377149 12.6946 0.0957863
0.365078 0.0161734 10.6238
0.0123165 0.0476374 10.1318
8.3278 3.67975 4.88982
0.325538 9.25218 0.83952
1.16004 0.570879 9.95313
8.42644 0.312638 1.91119
3.17239 6.80175 6.60761
3.17239 6.80175 6.60761
12.2873 1.04441 0.000905329
5.62166 6.33243 5.80759
1.4779 0.163227 7.51551
8.63325 1.5417 2.61416
1.5015 1.32341 11.5516
4.79441 2.40744 0.0439583
0.776007 0.876133 6.34287
4.52031 6.93008 1.83292
7.09904 2.79596 0.632921
8.74154 1.24535 3.1223
3.03568 6.16746 8.4902
7.00693 0.188041 10.2193
0.082102 0.10366 6.42803
0.746818 8.51118 0.0401514
0.000377149 12.6946 0.0957863
1.41161 1.22772 5.01195
6.59252 3.29898 2.02148
0.0746865 0.0266425 7.05387
2.39025 0.757608 8.56529
2.19703 0.180646 9.0931
0.283547 6.78376 1.37231
3.60329 2.1045 6.94442
0.00210296 0.000996548 9.30714
0.283547 6.78376 1.37231
0.267168 3.31796 7.7038
8.87282 3.68825 0.550136
0.866596 5.90849 0.973048
0.0777348 0.152945 10.7327
3.29598 2.5691 3.67016
0.259934 9.36991 4.23414
0.193072 0.247741 7.95456
3.2533 10.0997 0.0763366
7.00693 0.188041 10.2193
2.07522 7.1547 0.434452
6.04935 5.09432 0.210328
1.26622 12.2029 1.67729
1.4779 0.163227 7.51551
6.62544 4.59688 0.816153
1.12583 0.390577 6.60358
3.29598 2.5691 3.67016
1.95466 2.78603 6.60631
7.30864 3.08823 0.0153333
0.316536 1.01741 6.70755
8.74154 1.24535 3.1223
0.866596 5.90849 0.973048
1.15713 9.02603 2.95523
0.250932 0.0451828 13.4255
0.083875 0.921427 8.64886
9.63519 3.86012 5.69837
3.94444 8.06856 1.0329
2.27549 6.83345 1.9934
9.63646 0.910774 4.86527
0.161057 0.10599 7.05499
3.92503 12.9918 0.0407681
0.0866289 6.80332 0.208468
5.68945 7.89967 0.901213
0.0675679 12.2069 0.0334895
1.17506 0.182777 8.10915
10.3488 3.40051 2.5854
11.7992 0.00465832 1.27129
7.60351 3.54381 2.11335
0.0675679 12.2069 0.0334895
3.06734 4.86157 9.52703
8.87282 3.68825 0.550136
4.92319 0.307536 8.90444
3.79862 8.58937 1.02895
3.60329 2.1045 6.94442
1.39252 0.156913 7.86371
1.49028 2.08139 8.30614
0.316536 1.01741 6.70755
11.9341 2.48107 3.19067
2.11785 10.1751 0.231833
1.67716 12.6951 0.974036
13.2934 6.07645 0.000535242
0.330984 0.141247 6.14388
9.17919 0.00549271 0.364465
2.72649 4.65412 0.218737
1.41633 4.34538 5.79767
0.95822 2.14428 7.50603
5.31641 1.8707 3.68496
1.50919 8.49492 1.55156
3.66395 2.21977 5.24669
9.18462 0.0744811 1.7492
3.34481 7.58001 3.07181
0.167428 0.0325292 9.91105
4.88774 6.4179 0.500154
0.122473 7.46739 2.90772
3.3001 8.49457 0.301689
3.2533 10.0997 0.0763366
2.57801 8.47396 0.126374
4.74235 8.57345 0.8399
5.59698 5.19399 6.22983
11.9341 2.48107 3.19067
4.14436 7.53999 0.379704
0.244904 0.483252 10.4866
6.05481 7.65874 0.0386636
5.2997 4.65179 4.3454
2.3943 7.02307 2.34899
1.04327 10.5944 2.49125
11.9341 2.48107 3.19067
0.0156113 11.5665 0.567447
8.69952 5.2904 0.641767
1.3077 0.931403 5.8159
1.56836e-06 9.74934e-07 9.75315
1.53685 0.944369 7.94417
6.07566 9.02618 1.87607
11.4035 0.360319 0.00136651
7.30864 3.08823 0.0153333
0.0746865 0.0266425 7.05387
2.71177 13.3992 0.332036
0.330984 0.141247 6.14388
1.11841 1.9612 5.94016
3.78961 7.56869 1.62041
11.6844 1.41481 0.595288
1.11784 0.342362 10.2217
10.6275 0.474081 7.52993
11.4035 0.360319 0.00136651
4.14436 7.53999 0.379704
1.33286 4.99678 2.70787
8.19762 3.51625 1.91088
1.56836e-06 9.74934e-07 9.75315
1.41633 4.34538 5.79767
12.2873 1.04441 0.000905329
4.49142 4.55475 3.69189
2.38023 1.42831 2.02248
6.34445 3.76437 1.53851
9.99839 4.88075 2.01763
4.54082 5.74896 1.14604
2.3943 7.02307 2.34899
9.19144 5.90217 2.88003
8.13782 0.890538 0.0331717
