6 0.375801
4.73887 0.826476 1.20755 1.21663 0.94776 1.39583 1.74173 0.947545
1.55884 4.50067 1.00208 0.703159 0.78249 1.28964 1.98434 0.220001
1.09924 0.466357 0.250614 4.97062 1.21723 0.908404 1.37843 0.526122
0.944486 0.977678 1.03156 1.63418 0.787559 2.37077 1.66043 0.00359447
0.364577 1.07005 4.9953 0.787039 1.2012 1.42092 1.39346 1.23077
0.231231 0.24039 0.294805 0.536797 4.74466 2.154 1.3729 0.324096
0.180125 0.0296395 0.823206 0.204023 0.15788 5.55108 1.75059 0.279586
0.168643 0.0844862 0.251901 0.552585 0.294209 0.374078 5.7515 1.28038
0.00303394 0.000590752 0.000669118 0.00123506 0.000562247 0.00134819 0.0238384 5.27752
0.0018368 0.00103714 0.0027161 0.00154284 0.00497151 0.008846 0.00243324 3.69335
0.000429733 6.79244e-05 0.000281005 0.00180143 0.00191005 0.0175697 0.00559014 6.20197
0.000129864 0.000134869 0.000756994 0.000140103 0.00343589 0.012353 0.00702486 4.87405
1.85994 4.18418 0.99766 0.684014 0.760503 1.31726 1.92432 1.17617
1.98117 3.21978 2.47018 1.1107 0.852612 0.840348 1.41366 2.25324
3.76732 1.18328 0.890968 1.61036 1.33416 1.30962 0.98483 1.04933
1.38592 1.11535 1.57859 0.71951 2.56116 1.01489 0.651945 2.92018
0.00308764 0.011388 0.00303423 0.00819592 0.00282277 0.0041079 0.00531381 5.45653
2.57222 2.1303 0.916575 2.3594 0.851153 1.24708 1.7884 0.286307
0.744548 1.68824 0.465915 4.64587 0.780536 1.37281 1.71154 1.19937
0.519313 0.851165 4.84889 1.17151 0.881446 0.865304 1.31362 2.42937
0.0444014 0.0461461 0.26774 0.474971 0.166272 0.543409 5.08118 1.1144
0.854233 2.47587 0.66587 4.24073 0.791592 1.41209 1.79655 0.222654
2.89162 0.793033 0.675177 0.493332 3.16915 1.21226 1.83043 0.376223
0.256247 0.39539 0.12389 0.0894268 0.268263 0.306468 4.09219 3.17703
0.189348 0.431912 0.398134 0.129216 0.608947 5.18212 0.764551 2.3906
2.77047 2.02511 0.756017 1.63409 2.17383 1.23027 2.69498 0.509576
0.406101 0.0716965 0.349119 0.314394 0.439421 4.47028 2.7772 0.930084
0.0895115 0.260612 1.3048 0.209594 0.85673 5.03715 1.78897 0.975817
1.46974 1.52727 0.464522 2.06962 3.54544 1.24087 1.88762 0.392067
2.48676 1.84236 0.759097 1.53878 1.12754 1.11468 2.14784 0.977531
0.778514 0.809596 1.4951 3.26133 2.18768 2.33796 1.43778 2.31504
1.20016 0.345381 1.63697 2.80799 1.11011 2.03742 1.71125 0.343233
0.465436 1.90164 2.2717 0.526929 0.915209 1.54538 1.24438 2.56923
0.129326 0.149847 0.9465 0.203891 4.37238 2.40456 1.29327 2.36253
3.03293 3.15208 0.949258 0.678805 1.35123 1.25301 1.91129 0.313052
0.131753 0.0667809 0.699026 0.216202 0.219505 0.203488 5.55113 0.74756
1.42419 1.06022 1.19257 1.28776 1.79992 0.94957 2.82288 0.408663
2.18787 0.369541 0.471089 3.93168 0.874569 2.49854 1.36872 0.323885
0.29781 0.153645 1.52549 2.68047 1.48466 1.88468 2.31324 2.12852
0.55477 0.0940118 0.123197 0.334812 0.199362 0.376115 5.23201 1.16688
1.366 2.76875 0.801202 0.63052 1.09514 0.770561 1.99219 0.191937
0.118011 0.122634 0.0372091 0.686346 4.60035 1.30773 1.88324 0.309488
0.828134 0.682276 4.59216 1.52555 0.924157 0.911962 1.52219 0.510012
2.12097 0.357819 1.82035 0.906749 2.8601 1.09593 3.35564 0.517409
0.000897675 0.00170116 0.00134727 0.000585376 0.00245804 0.0064954 0.00631835 3.22767
0.277646 0.791366 3.81317 0.650163 0.65235 2.88148 1.70863 0.914063
0.00187881 0.00194714 0.00183425 0.00227411 0.00096649 0.00822605 0.00779005 4.0105
0.163105 0.120188 0.86823 0.209543 3.66717 2.08477 0.912579 1.98593
0.511885 0.508692 3.06989 0.473227 0.947559 0.877679 2.71416 3.0042
3.74171 0.968954 0.983014 0.569694 2.3476 0.800309 2.94048 0.332257
0.188156 0.031939 0.0481686 0.480634 0.216594 1.22455 5.3732 1.20051
2.38472 2.47693 0.930986 0.826859 1.41781 2.15406 1.78274 1.0622
0.00140168 0.00204132 0.00170026 0.00211462 0.000958754 0.00743124 0.00717661 3.6639
0.611732 0.567638 2.01655 1.92673 3.3338 1.17708 1.28026 0.189755
0.234537 0.64485 2.91772 1.23553 1.65002 2.67619 1.25936 0.938283
0.203833 0.211324 0.570732 2.22174 2.38031 1.04485 1.46648 1.69953
0.389449 0.345512 0.683107 1.45377 0.511239 3.48675 2.33617 0.606777
1.54802 0.786859 3.5827 0.86739 0.750656 1.13847 2.50601 2.23901
2.1138 2.19601 0.679348 0.493467 0.960355 3.3211 1.85373 0.300521
0.614345 1.25351 0.853788 0.426389 0.475792 3.55801 1.19579 0.16537
0.180125 0.0296395 0.823206 0.204023 0.15788 5.55108 1.75059 0.279586
1.91846 0.363662 0.452789 3.40716 1.02414 0.814359 2.28689 0.225617
0.0626146 0.0167976 0.272086 0.0474909 1.28182 4.74278 1.60518 0.393017
0.649075 0.674191 1.08967 2.45927 2.93582 0.774796 1.65719 2.09464
0.450746 1.01721 2.30222 0.551791 2.66442 0.644606 3.29114 2.3462
1.86145 1.93437 0.707615 1.87646 0.667576 1.86037 3.25625 1.11879
0.811586 0.249381 0.221004 2.98702 1.05083 1.04724 2.06057 0.305019
0.692664 0.295852 0.16096 3.0918 3.77314 0.872494 1.93374 0.320602
0.119983 0.325645 1.44131 0.279888 2.03236 3.68729 0.810591 0.794958
1.91941 1.60161 1.79416 0.678601 1.46929 0.758881 1.2997 1.77104
0.998406 1.35783 1.23866 0.96169 1.34051 1.95329 1.17377 2.33878
1.18016 0.321368 1.61592 3.47943 0.820395 2.2509 1.85484 0.00474365
1.30274 1.35228 1.39268 0.542109 2.75186 0.999449 1.5075 2.7934
2.2608 0.402832 1.94497 1.75377 3.36594 1.8915 0.820852 0.882367
0.585492 0.116111 0.507452 0.141019 3.44748 1.02608 1.66408 2.70527
0.574444 0.306353 2.81278 2.54647 2.18415 1.77205 0.785214 0.809888
1.17187 1.001 0.348091 0.254774 4.12071 1.20919 1.82429 0.374523
0.976756 0.177466 4.07289 0.73681 1.29885 1.27415 1.83732 0.378133
1.49875 2.62885 1.99927 0.695796 2.01845 2.31053 0.814863 0.851713
0.220858 0.469613 0.501193 0.29526 0.30286 4.30859 0.839269 2.01136
0.108134 0.0204502 0.460467 0.814665 1.28083 0.448118 3.92577 2.91987
1.48942 1.19685 2.5189 0.944964 1.95809 1.94023 1.18493 2.00751
0.434922 0.451378 0.13381 1.22878 2.52478 1.45912 3.60687 0.220701
1.46828 0.274947 1.73759 1.35418 0.836689 1.53827 3.46906 1.03869
0.689602 1.55205 3.50612 0.847053 0.732647 1.05401 3.49804 0.414328
0.154742 0.137004 0.272469 0.584562 0.198879 0.388568 4.82568 0.00460552
0.754266 1.67938 3.76546 0.938772 1.05556 0.801748 2.63749 0.247518
1.89836 0.57857 1.46361 0.960487 2.69507 3.57769 1.02518 0.505963
3.2255 0.908553 0.781061 2.03241 1.25067 1.22903 1.76223 0.357339
2.31242 2.40066 0.779717 0.581904 2.47145 0.843204 1.75731 0.279546
1.15558 0.945041 1.3363 0.685456 0.543675 1.69537 1.03779 2.29067
0.521041 0.842455 4.18848 1.08298 0.840892 0.830752 1.37653 2.15819
0.102891 0.0214629 0.421814 0.192681 0.261091 0.392834 3.9485 2.67185
0.0996878 0.272925 0.40905 0.0847344 0.159165 1.11534 4.4876 0.814101
0.364025 0.310477 0.353785 0.17646 3.98683 0.692431 1.09997 2.90604
2.9737 2.94007 0.983098 1.15067 0.933403 1.32071 0.999858 0.2297
0.62779 2.31858 2.79745 0.851377 1.15694 2.17028 1.79367 1.07099
0.00112249 0.00231087 0.00248428 0.00152315 0.0039523 0.011324 0.00269543 4.2917
0.2922 0.30369 0.357094 0.322399 4.22017 1.19061 2.72104 0.909472
1.77256 2.01995 1.67296 0.723251 0.973761 1.12645 1.14097 0.149638
0.388218 0.403566 0.366501 0.194251 4.70413 2.13965 1.36705 0.321554
1.64154 0.470622 0.407142 0.306971 0.566332 3.88003 1.47434 0.345653
0.960355 0.849527 1.69375 2.02682 0.850885 3.07252 2.55607 0.00473663
0.63144 0.112194 2.67181 1.60945 0.975077 0.941825 3.77335 0.243168
0.647868 1.39104 1.78902 0.405444 2.74569 3.45076 0.925798 0.387323
1.52087 2.38335 0.717308 1.76416 1.14501 1.09725 1.58001 0.899339
0.903488 0.277884 4.24821 1.70601 0.783302 1.86375 1.01992 0.394368
1.97983 1.07369 1.85632 2.58195 1.24856 1.47349 0.809874 0.741502
0.642464 0.534879 0.205994 2.48855 1.88836 1.82194 1.54062 1.66022
0.189799 0.100048 0.906285 1.56977 2.45393 1.70827 2.10038 1.90941
0.933864 0.519374 1.41113 3.0363 2.07833 2.23875 1.84666 0.00471556
0.145436 0.232235 0.203811 0.581427 0.200487 0.38901 4.69349 0.226149
1.58108 0.323506 1.80427 2.31164 0.720936 1.01214 3.00258 0.354203
0.642252 0.666158 0.690717 2.18779 2.82856 1.92758 1.72329 0.207958
0.101729 0.204017 0.0704732 0.0559548 0.249214 0.696009 3.72076 0.8383
0.0654908 0.177969 0.789356 0.152796 3.22066 0.959914 2.75272 1.37198
0.618049 1.00258 0.251127 4.84303 0.926034 0.913499 1.52815 0.513243
1.07041 0.87152 1.88028 0.986111 2.57676 2.02523 1.47686 0.208833
0.00167076 0.00165238 0.00142409 0.000778006 0.000776479 0.00216152 0.0197055 4.38496
1.02159 0.18494 0.232351 4.11117 1.31244 1.27005 1.63067 1.0623
3.22553 1.39878 0.781912 0.941762 0.755774 0.70573 3.23751 0.480984
0.937853 1.28769 2.17493 1.1363 3.37897 0.875838 0.999128 0.094135
0.546686 0.888906 4.53396 1.14177 0.875476 0.862686 0.90083 2.26278
1.15042 3.06964 1.9849 0.754099 1.05841 1.23265 1.23201 0.175809
1.46357 1.44765 2.38083 0.810992 1.07279 1.64387 1.59059 0.907824
0.73406 0.625335 0.711408 4.77149 1.37251 0.85252 1.02375 0.503657
0.111628 0.385945 0.79223 3.18719 1.52108 1.72944 1.49312 0.931649
0.484343 0.993305 1.06879 0.658384 0.682487 3.67705 0.887022 0.558655
1.37951 1.4305 0.5008 0.878512 1.60435 0.595402 3.1265 0.31921
3.65847 3.00725 1.19652 1.04086 0.777257 1.36637 1.77319 1.19798
0.551073 0.572403 3.45683 1.1882 0.742451 2.75501 1.28827 0.853126
0.0947456 0.0292135 0.0301399 0.28852 0.407684 1.02359 3.78049 0.662016
0.154449 0.0247715 0.0390959 0.281754 0.059863 0.721219 5.59251 1.24563
1.89208 0.342161 3.9363 1.75905 0.841239 1.34197 1.61824 0.248657
0.150457 0.0238003 0.0377729 0.274829 0.0916771 0.722222 5.68738 1.26636
2.37206 2.46501 0.747566 0.536795 0.872086 0.662991 2.94704 2.1498
0.000946317 0.000509064 0.00141091 0.000582102 0.00251546 0.00456541 0.0127765 4.63533
1.06565 0.593934 1.72477 3.61234 1.28265 1.39315 1.82865 0.083314
3.48487 2.86655 1.14914 1.48677 0.886924 1.35274 1.75294 1.17869
0.10697 0.0921792 0.586918 0.999473 2.81322 1.478 2.12933 0.699501
2.0769 0.3827 1.87218 0.944336 1.69199 3.24582 1.29345 0.46675
2.02285 2.00014 0.789692 0.803226 1.59806 1.01734 3.02545 0.223281
1.65737 1.72175 3.3835 0.657714 1.27668 0.819921 1.76736 1.48854
1.21978 0.680134 0.31608 0.231615 3.73111 2.20073 1.8201 0.373362
3.67192 3.1193 1.57329 1.24356 1.21884 1.76556 0.833463 0.544236
2.09166 0.337376 4.45385 2.48431 0.875811 1.4191 1.78113 0.286731
0.318436 0.639483 2.64727 0.561011 0.910387 0.680721 1.13306 2.21178
1.83387 2.92359 0.826137 1.20765 1.19085 2.1776 0.969764 1.01422
0.264264 0.274498 1.53983 1.51371 2.51462 3.16306 1.82837 0.375652
0.303036 0.170217 0.237599 0.187374 0.609246 3.27082 0.738682 1.56127
0.190922 0.0386072 0.0463334 0.0348908 0.196657 0.731725 4.40424 0.986528
1.7375 1.49431 0.603564 1.59643 0.665035 2.25011 1.09926 1.73622
0.167459 0.462929 2.11424 3.70156 1.34509 1.24217 1.29071 0.367533
1.67162 0.278179 0.355786 3.00844 1.02971 0.625451 4.11954 0.419117
1.98989 0.624273 0.562564 0.381474 2.26118 1.58797 2.08438 2.8091
0.554094 0.41002 3.15699 0.560489 1.03834 1.12915 2.23386 1.75522
0.25704 0.711485 0.730638 1.62536 0.344686 4.14275 1.63453 0.194261
0.0986862 0.0817978 0.256907 0.150985 0.381208 1.04743 4.21716 1.80461
1.2796 1.32646 2.49312 1.12353 1.10391 0.772717 2.01315 0.194331
0.872762 1.95187 4.38996 0.731767 1.37536 0.852986 1.0248 0.505339
1.15893 0.958854 0.408388 3.66731 1.72277 1.25361 1.60648 1.03929
1.15095 0.929682 1.31551 0.616779 2.13587 1.53312 1.15823 2.74677
0.0631945 0.177149 0.923673 0.553294 1.11288 4.71049 0.925314 0.201413
0.690006 1.02234 0.367485 0.376517 0.31705 2.79051 2.7317 0.196664
0.0416802 0.00843665 0.175623 0.555504 0.594496 4.23127 1.5138 0.217065
0.495532 0.789381 3.67796 0.706786 0.800454 1.16462 1.15879 1.92214
0.124457 0.106114 0.818714 1.43747 4.34204 1.2417 1.88929 0.392531
0.670484 1.16426 0.893979 0.552245 0.942541 4.06029 0.811002 0.800355
0.842579 0.235553 3.49961 0.601112 2.59809 0.889674 0.974364 1.03117
0.239919 0.249221 0.228347 1.32265 1.41119 4.18877 1.83979 0.00469196
2.14463 0.358136 0.556287 3.89726 1.31592 0.812147 2.76973 0.328272
1.60347 0.495641 0.44452 4.13756 0.864303 1.28984 1.65983 1.09004
0.391465 0.347757 0.391948 0.12843 0.205721 0.391094 4.33393 0.334614
0.873017 3.06886 1.13527 1.17066 2.06459 1.01355 0.7849 1.34331
1.16912 1.76183 0.583605 0.434291 0.974818 1.5271 2.44274 2.89531
0.583542 0.694808 3.28471 1.44378 0.776762 1.14919 0.952192 0.308673
2.16192 2.57935 0.871825 0.657466 1.16645 1.10935 1.62702 0.319952
1.45564 0.261092 1.09467 3.15767 1.12431 0.709654 1.53678 2.86665
0.421951 0.483588 2.52523 1.11306 1.47846 2.56909 0.802205 0.836174
0.333264 0.283932 2.22338 3.9125 1.34618 1.24754 1.68997 1.13879
1.05016 2.34937 2.17973 0.842651 3.35926 1.88874 0.820726 0.88071
1.18596 2.60623 2.7652 0.923557 0.845434 1.44859 1.56708 1.54855
0.0802998 0.129877 0.312963 0.600981 0.21019 0.130423 4.75097 2.1641
0.0665998 0.188977 0.903336 0.155936 3.93536 2.90918 1.32661 0.901876
0.732984 0.624543 1.12396 0.247756 3.93991 2.28993 1.87431 1.13589
0.800732 0.161915 3.25087 0.616702 0.726009 1.02265 3.05197 0.18929
0.789975 0.733311 2.58997 0.523863 3.26579 1.16579 1.268 0.186208
0.4075 1.46012 2.00529 3.46473 1.29094 1.63656 1.87478 0.388511
0.673849 0.539297 3.65183 0.975135 2.17524 2.2158 1.488 0.90689
0.352251 0.423267 0.130245 1.7118 0.557346 3.97158 1.76076 1.04452
0.420887 0.0779666 1.84558 3.23347 1.89914 1.216 0.838703 2.00459
1.23438 2.61958 2.56807 0.697309 2.23998 1.18974 1.29403 0.193744
1.28092 1.33033 2.0674 1.17182 0.626971 3.08981 0.914141 2.02132
0.0707171 0.0807598 0.399054 0.111824 1.50387 3.12149 0.805445 1.61274
1.0218 0.192898 4.3566 1.15768 0.924187 1.32811 1.64548 0.245526
0.273759 0.0610435 0.210853 0.585432 0.138966 0.394144 4.13533 0.00396501
1.3808 2.3598 1.83992 1.41019 1.19545 1.58415 0.805581 0.730322
3.39578 0.636422 2.0637 0.730531 1.26813 1.24407 1.78922 0.36481
0.36253 0.376639 2.16095 3.81919 1.27752 1.30912 1.57564 0.480492
0.365301 0.0585683 0.0924493 0.666422 0.22381 0.133328 5.71918 0.344549
0.312254 0.324485 0.295937 1.7492 1.86381 2.47512 3.13223 2.05087
0.612884 1.65477 1.06322 3.47753 1.0749 1.2538 1.25018 0.270909
0.0665998 0.188977 0.903336 0.155936 3.93536 2.90918 1.32661 0.901876
0.202019 0.585413 0.823807 4.21523 2.52862 1.36585 1.77038 0.961519
0.486685 1.10123 1.01783 3.83977 2.90865 1.37541 1.7136 0.966179
0.313359 0.68326 3.19607 0.777694 0.688431 0.958863 3.00309 1.02956
1.33105 2.89432 0.741623 0.552022 1.03728 0.973387 3.03377 0.357987
1.49544 1.55079 0.872511 1.68731 0.95843 0.653941 1.61223 2.39402
0.302863 0.168339 0.28761 0.400137 0.354505 3.14117 0.671594 2.25361
0.391042 0.405485 2.07771 1.4889 0.864989 1.55901 2.67761 0.695124
0.291135 0.301803 1.60739 0.599287 0.407475 2.60474 2.54489 0.542125
1.65737 1.72175 3.3835 0.657714 1.27668 0.819921 1.76736 1.48854
2.0385 3.0475 0.889929 0.677304 1.23299 1.16537 1.45064 0.336792
3.561 0.702374 0.868105 1.28871 0.793645 1.17405 1.71426 0.344067
0.00123279 0.00187044 0.000598836 0.00043685 0.0104798 0.00435139 0.00981203 5.05515
0.208177 0.0390398 0.278905 0.59643 0.379764 0.152838 4.73896 0.286706
1.17183 0.326659 1.17506 0.695759 0.567236 4.02312 1.78817 0.364521
0.649075 0.674191 1.08967 2.45927 2.93582 0.774796 1.65719 2.09464
1.16912 1.76183 0.583605 0.434291 0.974818 1.5271 2.44274 2.89531
3.36428 0.668623 2.54771 1.14336 1.28706 0.832539 0.987739 0.801895
0.00117519 0.00121715 0.00194724 0.000581423 0.00966649 0.00237321 0.00497742 3.80776
1.63144 0.873077 2.13969 1.70918 1.6494 1.15398 1.62301 0.199296
0.60321 0.624894 3.03858 0.65214 1.11031 1.11319 1.32347 0.641239
0.346942 0.188318 0.325447 0.452666 0.393656 3.91836 0.747481 1.84595
3.51531 0.618011 0.802761 1.19861 0.691721 1.06599 3.20241 0.492959
0.320577 0.664098 0.180418 2.2041 1.66997 0.599535 3.26317 0.332959
0.922282 0.196643 3.60416 1.04637 0.866316 1.20261 1.43816 0.735189
0.130648 0.135501 0.140586 0.396824 0.527142 0.390813 4.45709 0.215077
0.254356 0.380298 0.130919 0.0995446 0.215906 2.63706 2.29029 2.70987
1.02269 1.06207 1.08941 3.16107 2.15 2.31089 1.89488 0.236489
1.7375 1.49431 0.603564 1.59643 0.665035 2.25011 1.09926 1.73622
0.213357 0.343802 1.79753 0.31699 2.14637 2.69755 3.10039 1.08338
0.412052 0.407397 0.201204 0.120006 0.324829 0.388305 4.7537 0.228972
0.511819 0.0895565 2.33788 4.12724 1.17255 0.909146 0.999403 1.12381
0.58034 0.515552 3.13075 0.805082 0.812821 2.49793 1.23275 0.209571
0.760396 1.11408 0.421734 0.296287 0.858925 3.32783 0.810945 0.181186
1.32063 1.08927 0.449416 4.23694 0.765784 1.30339 1.67984 1.10909
0.000776678 0.000807343 0.000733646 0.00440658 0.00469049 0.0141467 0.00410109 5.36933
0.312254 0.324485 0.295937 1.7492 1.86381 2.47512 3.13223 2.05087
0.692664 0.295852 0.16096 3.0918 3.77314 0.872494 1.93374 0.320602
0.95019 0.184061 3.97784 1.05747 0.865245 1.71649 1.53594 1.07882
3.61201 1.03851 0.899337 0.679378 1.24995 1.1785 1.46944 0.34382
0.789975 0.733311 2.58997 0.523863 3.26579 1.16579 1.268 0.186208
3.68921 1.03521 0.88873 0.93508 1.26115 1.18272 1.77163 0.359942
0.616728 0.30629 0.458074 0.245259 0.494789 3.40471 2.98357 0.442258
3.50761 0.987037 1.00898 0.653126 1.67545 1.17254 1.56677 1.00156
0.505229 0.432089 3.14359 0.533991 1.02597 2.72428 1.75476 0.942154
0.960355 0.849527 1.69375 2.02682 0.850885 3.07252 2.55607 0.00473663
0.00234572 0.00243533 0.0022461 0.0126446 0.00274013 0.00323864 0.00247593 4.71355
3.37807 0.960637 0.82866 0.62132 1.87563 1.16441 1.73629 0.440326
3.48487 2.86655 1.14914 1.48677 0.886924 1.35274 1.75294 1.17869
0.346942 0.188318 0.325447 0.452666 0.393656 3.91836 0.747481 1.84595
0.00125706 0.000237138 0.00536247 0.00142423 0.00113672 0.00163389 0.0143456 5.18044
3.51531 0.618011 0.802761 1.19861 0.691721 1.06599 3.20241 0.492959
0.00238222 0.00050043 0.00145619 0.000519638 0.000745819 0.00215876 0.0214912 4.77008
0.323219 0.299653 0.374328 0.133351 0.680686 4.71611 1.31063 0.236389
1.06565 0.593934 1.72477 3.61234 1.28265 1.39315 1.82865 0.083314
2.52302 2.61988 0.838202 1.26575 1.22412 0.801504 2.30518 0.227709
1.0223 1.05986 1.10342 1.75875 2.90541 1.15032 1.66858 0.198875
0.00235292 0.00501998 0.00366042 0.00117215 0.00773735 0.00973194 0.00480675 4.97322
0.00156887 0.00163023 0.000496881 0.0075009 0.00928076 0.00875094 0.00401555 5.16209
1.18596 2.60623 2.7652 0.923557 0.845434 1.44859 1.56708 1.54855
1.45718 3.15056 0.820566 0.863702 0.768982 1.06285 1.58407 1.91658
0.204006 0.181469 0.205057 0.570744 0.209226 0.393705 4.18139 0.00400765
0.177964 0.184584 0.074796 0.053758 1.08596 3.67853 1.79372 0.71117
0.616728 0.30629 0.458074 0.245259 0.494789 3.40471 2.98357 0.442258
0.00286136 0.00569459 0.0043547 0.0016317 0.00274788 0.0023181 0.00737286 3.78858
2.52302 2.61988 0.838202 1.26575 1.22412 0.801504 2.30518 0.227709
0.000135149 0.000140354 0.000786305 0.000145956 0.00356226 0.0127888 0.00600986 4.85879
1.98989 0.624273 0.562564 0.381474 2.26118 1.58797 2.08438 2.8091
0.95019 0.184061 3.97784 1.05747 0.865245 1.71649 1.53594 1.07882
3.36428 0.668623 2.54771 1.14336 1.28706 0.832539 0.987739 0.801895
0.00124165 0.000240927 0.00519171 0.00140687 0.00113253 0.0016143 0.0138232 4.9989
0.60321 0.624894 3.03858 0.65214 1.11031 1.11319 1.32347 0.641239
3.75272 1.05147 0.9022 0.669492 1.26355 1.18458 1.77534 0.360967
0.272896 0.232973 1.57435 3.8222 1.60021 0.849201 1.00636 1.91352
3.75272 1.05147 0.9022 0.669492 1.26355 1.18458 1.77534 0.360967
0.0631945 0.177149 0.923673 0.553294 1.11288 4.71049 0.925314 0.201413
0.272896 0.232973 1.57435 3.8222 1.60021 0.849201 1.00636 1.91352
3.91048 1.08649 0.929415 0.685557 1.30506 1.22124 1.53095 0.366846
1.86217 2.21417 1.78201 0.734756 1.00372 1.16366 1.17267 0.158723
1.8468 2.13529 2.32877 0.803459 2.63422 1.26567 1.24719 2.21133
0.959346 3.56662 1.26212 1.29344 2.11954 1.05835 0.791237 1.49267
0.909121 1.39782 0.972313 1.11309 0.650789 5.06695 1.41681 0.273109
0.856115 1.96781 4.51111 1.0232 0.870015 1.35865 1.32922 2.48063
0.289562 0.450171 0.111486 0.117137 0.299433 0.108461 4.40157 3.41191
0.00249172 0.00377758 0.00302325 0.000967216 0.00631637 0.00796887 0.00694334 4.49293
1.80792 2.82827 0.826441 0.570549 1.85882 2.11417 1.49624 3.63335
2.81861 2.3953 0.787764 0.804736 0.908124 3.75891 1.39616 0.53853
1.5955 1.30808 4.3347 0.985097 0.838071 1.30758 1.93741 2.47288
0.526991 0.854485 4.30286 1.09798 0.847243 0.835946 1.39656 2.20948
2.44851 0.658737 0.556879 0.401059 0.790208 4.04261 1.59215 0.490287
0.716431 0.744596 4.37592 0.752973 1.35909 1.35375 1.60389 0.871513
1.15639 3.09253 1.99726 0.755205 1.0617 1.23684 1.23564 0.176856
1.8468 2.13529 2.32877 0.803459 2.63422 1.26567 1.24719 2.21133
0.832205 0.687269 0.238972 0.748571 0.943071 4.38226 1.84525 0.842757
0.832205 0.687269 0.238972 0.748571 0.943071 4.38226 1.84525 0.842757
1.15639 3.09253 1.99726 0.755205 1.0617 1.23684 1.23564 0.176856
4.07795 1.1033 0.934644 1.12657 1.35149 1.25733 1.58319 0.38643
0.545961 0.89262 4.67097 1.14581 0.867335 0.852463 1.46116 2.37497
