26 0.524227
13.9413 4.30922 9.00994 0.368716 25.5071 168.03 34.067 19.1795
0.0679192 0.311022 2.06744 0.844698 0.443127 0.376072 7.65249 177.577
0.00139724 0.00458778 0.0008954 0.0197705 0.644251 10.1605 35.9347 171.352
88.9908 7.1324 55.1224 31.3705 47.9233 92.1668 88.941 12.9724
58.2396 118.22 104.232 33.2025 23.7583 25.9647 6.25398 23.5573
32.491 39.3032 39.0517 115.785 18.5521 9.14743 106.231 32.7321
8.58689 0.44303 6.18024 13.2705 151.582 30.5773 80.1903 25.2739
0.00822706 0.0111837 0.0335945 0.00461953 0.284295 31.8581 50.3103 165.608
0.561013 10.0734 128.496 22.9861 61.103 55.0155 83.073 14.8643
58.2396 118.22 104.232 33.2025 23.7583 25.9647 6.25398 23.5573
0.00822706 0.0111837 0.0335945 0.00461953 0.284295 31.8581 50.3103 165.608
32.491 39.3032 39.0517 115.785 18.5521 9.14743 106.231 32.7321
0.561013 10.0734 128.496 22.9861 61.103 55.0155 83.073 14.8643
58.2396 118.22 104.232 33.2025 23.7583 25.9647 6.25398 23.5573
0.00139724 0.00458778 0.0008954 0.0197705 0.644251 10.1605 35.9347 171.352
88.9908 7.1324 55.1224 31.3705 47.9233 92.1668 88.941 12.9724
24.1668 79.3508 40.5389 46.1635 12.4815 54.198 106.192 77.149
73.3647 58.3151 120.62 3.27175 39.2462 38.0232 72.3614 18.3658
43.3903 18.1087 103.732 95.8229 44.6893 75.1462 34.4197 9.21894
7.72113 39.1895 70.6011 61.0631 53.0024 23.8231 81.3741 104.786
73.3647 58.3151 120.62 3.27175 39.2462 38.0232 72.3614 18.3658
5.31759 1.89563 7.51125 4.6985 35.0973 45.5496 148.548 70.9152
26.6902 40.2025 64.7746 17.1747 54.4887 33.7517 65.5439 123.236
76.7608 5.3585 9.10835 63.2682 41.5464 92.3223 78.5785 68.552
23.117 75.8996 44.6665 20.3741 136.215 34.3537 25.803 34.4724
0.382923 2.73039 92.8822 21.3304 35.6415 16.2112 141.505 19.2725
32.3425 32.6698 62.2987 59.3549 50.8777 84.8588 103.785 35.0442
6.77667 7.63839 0.914635 18.2388 8.72966 112.543 130.295 36.3881
0.29228 1.90567 0.625385 2.75232 78.1127 122.179 14.1934 100.128
32.491 39.3032 39.0517 115.785 18.5521 9.14743 106.231 32.7321
2.80595 2.18689 16.9888 66.9912 102.907 16.3506 25.4021 122.088
23.117 75.8996 44.6665 20.3741 136.215 34.3537 25.803 34.4724
0.359767 0.671022 8.05234 39.1858 4.58252 98.1637 120.42 80.9442
2.75803 3.03563 0.593027 2.20975 21.2421 149.301 66.5761 58.539
0.802237 4.03175 32.2961 8.21553 17.5282 6.19654 60.8796 161.54
88.9908 7.1324 55.1224 31.3705 47.9233 92.1668 88.941 12.9724
3.33222 10.6207 117.664 26.4398 65.4269 88.3072 60.8431 31.2978
88.9908 7.1324 55.1224 31.3705 47.9233 92.1668 88.941 12.9724
2.32185 16.5575 2.0646 7.37217 61.4456 161.149 31.6415 19.4116
43.3903 18.1087 103.732 95.8229 44.6893 75.1462 34.4197 9.21894
39.9351 8.89328 25.2931 42.5221 93.7314 42.7273 19.8737 124.743
5.97654 30.0319 23.4489 12.023 115.285 121.232 17.9843 33.3727
20.1145 1.84814 9.91901 45.0241 79.8239 20.3267 136.054 56.9009
0.0322133 0.161881 5.8957 102.445 21.7596 20.797 123.18 66.3384
23.3331 40.1461 4.77819 37.2073 39.5116 92.5105 105.941 78.6517
88.9908 7.1324 55.1224 31.3705 47.9233 92.1668 88.941 12.9724
1.40319 1.08211 12.976 83.3851 128.837 52.2772 64.5972 33.7504
7.30433 9.58789 13.6422 34.621 25.2617 68.147 54.7328 145.505
8.58689 0.44303 6.18024 13.2705 151.582 30.5773 80.1903 25.2739
26.6902 40.2025 64.7746 17.1747 54.4887 33.7517 65.5439 123.236
9.17999 27.9324 14.3692 92.175 48.7582 76.6889 90.1752 73.1416
20.1145 1.84814 9.91901 45.0241 79.8239 20.3267 136.054 56.9009
23.117 75.8996 44.6665 20.3741 136.215 34.3537 25.803 34.4724
2.09932 17.7437 45.6654 15.9693 39.9927 30.9338 161.783 14.4439
0.262394 1.31004 0.16495 3.63623 2.83009 6.48021 177.795 6.0549
13.7211 1.20527 2.14963 77.8685 35.9219 33.1423 147.499 23.3188
32.3425 32.6698 62.2987 59.3549 50.8777 84.8588 103.785 35.0442
0.382923 2.73039 92.8822 21.3304 35.6415 16.2112 141.505 19.2725
24.7506 30.0041 5.62471 17.1999 78.1479 20.8672 144.788 32.7852
14.6046 0.79944 2.35333 10.7861 13.4771 131.943 13.3412 114.239
24.1668 79.3508 40.5389 46.1635 12.4815 54.198 106.192 77.149
0.29228 1.90567 0.625385 2.75232 78.1127 122.179 14.1934 100.128
9.97545 1.75422 2.35072 10.5859 59.1664 151.422 34.5764 55.7157
26.6902 40.2025 64.7746 17.1747 54.4887 33.7517 65.5439 123.236
0.455838 0.0881527 21.7289 61.8834 119.491 54.8058 27.3008 95.5221
6.17856 11.523 36.9329 51.4803 72.1029 37.9763 100.087 98.9511
2.75803 3.03563 0.593027 2.20975 21.2421 149.301 66.5761 58.539
3.42428 35.9733 11.5329 23.3756 9.57058 45.2274 78.7817 143.488
0.406633 3.82899 17.0152 21.3927 16.5187 136.734 59.269 86.7231
1.66717 25.3563 44.3461 33.0864 1.99712 16.474 144.407 81.6579
6.88899 11.316 11.6659 29.7841 8.12435 19.3614 59.9532 162.392
1.55666 0.169094 3.22293 21.5624 4.84918 54.5628 95.0599 134.486
39.9351 8.89328 25.2931 42.5221 93.7314 42.7273 19.8737 124.743
43.3903 18.1087 103.732 95.8229 44.6893 75.1462 34.4197 9.21894
14.6046 0.79944 2.35333 10.7861 13.4771 131.943 13.3412 114.239
0.458643 9.83084 3.56104 3.26257 10.3773 103.312 20.7448 140.617
33.5437 20.6569 10.5419 42.4892 14.4913 27.566 121.138 111.028
21.0129 5.73154 29.2369 64.8594 48.0525 114.463 86.489 49.6017
2.80595 2.18689 16.9888 66.9912 102.907 16.3506 25.4021 122.088
1.9319 3.12794 22.731 63.0376 132.978 77.6417 17.5539 49.0843
0.455838 0.0881527 21.7289 61.8834 119.491 54.8058 27.3008 95.5221
3.33222 10.6207 117.664 26.4398 65.4269 88.3072 60.8431 31.2978
2.32185 16.5575 2.0646 7.37217 61.4456 161.149 31.6415 19.4116
0.382923 2.73039 92.8822 21.3304 35.6415 16.2112 141.505 19.2725
3.33222 10.6207 117.664 26.4398 65.4269 88.3072 60.8431 31.2978
39.9351 8.89328 25.2931 42.5221 93.7314 42.7273 19.8737 124.743
7.4444 20.7838 18.9438 7.34111 129.407 67.8218 81.9225 44.935
0.223137 8.97267 3.9272 12.5435 17.4553 59.3509 158.615 47.6317
5.15646 0.875881 6.43537 92.2626 13.3864 83.1267 113.373 50.1096
73.3647 58.3151 120.62 3.27175 39.2462 38.0232 72.3614 18.3658
2.89595 1.39671 13.7956 52.6078 6.58851 28.9256 29.8341 162.009
18.4508 27.0959 65.0052 45.185 1.1477 30.2425 134.613 65.934
0.0322133 0.161881 5.8957 102.445 21.7596 20.797 123.18 66.3384
18.4508 27.0959 65.0052 45.185 1.1477 30.2425 134.613 65.934
11.4222 16.7468 30.1964 44.9756 4.30172 33.2361 39.9494 157.122
0.382923 2.73039 92.8822 21.3304 35.6415 16.2112 141.505 19.2725
73.3647 58.3151 120.62 3.27175 39.2462 38.0232 72.3614 18.3658
58.2396 118.22 104.232 33.2025 23.7583 25.9647 6.25398 23.5573
0.00822706 0.0111837 0.0335945 0.00461953 0.284295 31.8581 50.3103 165.608
6.92837 8.53186 6.45859 2.14532 121.556 65.4168 101.999 37.8047
0.00312813 0.000853243 0.00490151 0.184132 0.95424 6.32018 127.789 120.486
3.42428 35.9733 11.5329 23.3756 9.57058 45.2274 78.7817 143.488
9.97545 1.75422 2.35072 10.5859 59.1664 151.422 34.5764 55.7157
0.00312813 0.000853243 0.00490151 0.184132 0.95424 6.32018 127.789 120.486
14.6046 0.79944 2.35333 10.7861 13.4771 131.943 13.3412 114.239
27.11 38.5298 17.4862 44.424 130.452 55.1668 79.7035 5.98271
3.33222 10.6207 117.664 26.4398 65.4269 88.3072 60.8431 31.2978
1.9319 3.12794 22.731 63.0376 132.978 77.6417 17.5539 49.0843
73.3647 58.3151 120.62 3.27175 39.2462 38.0232 72.3614 18.3658
27.11 38.5298 17.4862 44.424 130.452 55.1668 79.7035 5.98271
7.72113 39.1895 70.6011 61.0631 53.0024 23.8231 81.3741 104.786
0.406633 3.82899 17.0152 21.3927 16.5187 136.734 59.269 86.7231
1.90215 1.51198 1.18752 2.99434 5.89067 55.8872 152.369 66.0678
16.1196 12.7393 10.3024 15.6916 135.206 4.29602 36.0086 103.163
4.05034 7.76183 3.22763 0.26406 11.7307 100.565 144.183 12.521
13.7211 1.20527 2.14963 77.8685 35.9219 33.1423 147.499 23.3188
21.0129 5.73154 29.2369 64.8594 48.0525 114.463 86.489 49.6017
13.9413 4.30922 9.00994 0.368716 25.5071 168.03 34.067 19.1795
0.802237 4.03175 32.2961 8.21553 17.5282 6.19654 60.8796 161.54
0.406633 3.82899 17.0152 21.3927 16.5187 136.734 59.269 86.7231
2.75803 3.03563 0.593027 2.20975 21.2421 149.301 66.5761 58.539
2.62565 39.9269 17.9805 17.7145 92.1788 40.614 128.189 49.9412
5.15646 0.875881 6.43537 92.2626 13.3864 83.1267 113.373 50.1096
14.6046 0.79944 2.35333 10.7861 13.4771 131.943 13.3412 114.239
1.55666 0.169094 3.22293 21.5624 4.84918 54.5628 95.0599 134.486
33.5437 20.6569 10.5419 42.4892 14.4913 27.566 121.138 111.028
7.72113 39.1895 70.6011 61.0631 53.0024 23.8231 81.3741 104.786
0.00312813 0.000853243 0.00490151 0.184132 0.95424 6.32018 127.789 120.486
26.6902 40.2025 64.7746 17.1747 54.4887 33.7517 65.5439 123.236
7.72113 39.1895 70.6011 61.0631 53.0024 23.8231 81.3741 104.786
7.30433 9.58789 13.6422 34.621 25.2617 68.147 54.7328 145.505
0.0322133 0.161881 5.8957 102.445 21.7596 20.797 123.18 66.3384
1.66717 25.3563 44.3461 33.0864 1.99712 16.474 144.407 81.6579
8.86013 16.9315 8.58712 1.47201 19.8999 14.7715 19.1408 172.987
7.30433 9.58789 13.6422 34.621 25.2617 68.147 54.7328 145.505
33.5437 20.6569 10.5419 42.4892 14.4913 27.566 121.138 111.028
21.0129 5.73154 29.2369 64.8594 48.0525 114.463 86.489 49.6017
0.0322133 0.161881 5.8957 102.445 21.7596 20.797 123.18 66.3384
3.33222 10.6207 117.664 26.4398 65.4269 88.3072 60.8431 31.2978
5.15646 0.875881 6.43537 92.2626 13.3864 83.1267 113.373 50.1096
11.4222 16.7468 30.1964 44.9756 4.30172 33.2361 39.9494 157.122
0.223137 8.97267 3.9272 12.5435 17.4553 59.3509 158.615 47.6317
21.0129 5.73154 29.2369 64.8594 48.0525 114.463 86.489 49.6017
43.3903 18.1087 103.732 95.8229 44.6893 75.1462 34.4197 9.21894
0.802237 4.03175 32.2961 8.21553 17.5282 6.19654 60.8796 161.54
7.72113 39.1895 70.6011 61.0631 53.0024 23.8231 81.3741 104.786
1.40319 1.08211 12.976 83.3851 128.837 52.2772 64.5972 33.7504
6.88899 11.316 11.6659 29.7841 8.12435 19.3614 59.9532 162.392
0.561013 10.0734 128.496 22.9861 61.103 55.0155 83.073 14.8643
73.3647 58.3151 120.62 3.27175 39.2462 38.0232 72.3614 18.3658
0.406633 3.82899 17.0152 21.3927 16.5187 136.734 59.269 86.7231
18.4508 27.0959 65.0052 45.185 1.1477 30.2425 134.613 65.934
2.75803 3.03563 0.593027 2.20975 21.2421 149.301 66.5761 58.539
1.66717 25.3563 44.3461 33.0864 1.99712 16.474 144.407 81.6579
3.33222 10.6207 117.664 26.4398 65.4269 88.3072 60.8431 31.2978
0.630493 0.388275 0.332751 14.1047 132.867 76.567 82.7514 25.2485
9.97545 1.75422 2.35072 10.5859 59.1664 151.422 34.5764 55.7157
24.1668 79.3508 40.5389 46.1635 12.4815 54.198 106.192 77.149
3.33222 10.6207 117.664 26.4398 65.4269 88.3072 60.8431 31.2978
5.15646 0.875881 6.43537 92.2626 13.3864 83.1267 113.373 50.1096
13.9413 4.30922 9.00994 0.368716 25.5071 168.03 34.067 19.1795
0.458643 9.83084 3.56104 3.26257 10.3773 103.312 20.7448 140.617
23.117 75.8996 44.6665 20.3741 136.215 34.3537 25.803 34.4724
24.7506 30.0041 5.62471 17.1999 78.1479 20.8672 144.788 32.7852
16.1196 12.7393 10.3024 15.6916 135.206 4.29602 36.0086 103.163
32.3425 32.6698 62.2987 59.3549 50.8777 84.8588 103.785 35.0442
16.1196 12.7393 10.3024 15.6916 135.206 4.29602 36.0086 103.163
6.17856 11.523 36.9329 51.4803 72.1029 37.9763 100.087 98.9511
39.9351 8.89328 25.2931 42.5221 93.7314 42.7273 19.8737 124.743
16.1196 12.7393 10.3024 15.6916 135.206 4.29602 36.0086 103.163
6.17856 11.523 36.9329 51.4803 72.1029 37.9763 100.087 98.9511
13.7211 1.20527 2.14963 77.8685 35.9219 33.1423 147.499 23.3188
0.458643 9.83084 3.56104 3.26257 10.3773 103.312 20.7448 140.617
23.117 75.8996 44.6665 20.3741 136.215 34.3537 25.803 34.4724
1.55666 0.169094 3.22293 21.5624 4.84918 54.5628 95.0599 134.486
73.3647 58.3151 120.62 3.27175 39.2462 38.0232 72.3614 18.3658
18.4508 27.0959 65.0052 45.185 1.1477 30.2425 134.613 65.934
0.00139724 0.00458778 0.0008954 0.0197705 0.644251 10.1605 35.9347 171.352
7.30433 9.58789 13.6422 34.621 25.2617 68.147 54.7328 145.505
18.4508 27.0959 65.0052 45.185 1.1477 30.2425 134.613 65.934
33.5437 20.6569 10.5419 42.4892 14.4913 27.566 121.138 111.028
14.6046 0.79944 2.35333 10.7861 13.4771 131.943 13.3412 114.239
20.1145 1.84814 9.91901 45.0241 79.8239 20.3267 136.054 56.9009
2.80595 2.18689 16.9888 66.9912 102.907 16.3506 25.4021 122.088
5.15646 0.875881 6.43537 92.2626 13.3864 83.1267 113.373 50.1096
1.90215 1.51198 1.18752 2.99434 5.89067 55.8872 152.369 66.0678
1.90215 1.51198 1.18752 2.99434 5.89067 55.8872 152.369 66.0678
3.33222 10.6207 117.664 26.4398 65.4269 88.3072 60.8431 31.2978
88.9908 7.1324 55.1224 31.3705 47.9233 92.1668 88.941 12.9724
13.7211 1.20527 2.14963 77.8685 35.9219 33.1423 147.499 23.3188
11.4222 16.7468 30.1964 44.9756 4.30172 33.2361 39.9494 157.122
20.1145 1.84814 9.91901 45.0241 79.8239 20.3267 136.054 56.9009
26.6902 40.2025 64.7746 17.1747 54.4887 33.7517 65.5439 123.236
3.33222 10.6207 117.664 26.4398 65.4269 88.3072 60.8431 31.2978
5.31759 1.89563 7.51125 4.6985 35.0973 45.5496 148.548 70.9152
32.3425 32.6698 62.2987 59.3549 50.8777 84.8588 103.785 35.0442
20.1145 1.84814 9.91901 45.0241 79.8239 20.3267 136.054 56.9009
2.80595 2.18689 16.9888 66.9912 102.907 16.3506 25.4021 122.088
6.88899 11.316 11.6659 29.7841 8.12435 19.3614 59.9532 162.392
26.6902 40.2025 64.7746 17.1747 54.4887 33.7517 65.5439 123.236
6.17856 11.523 36.9329 51.4803 72.1029 37.9763 100.087 98.9511
24.1668 79.3508 40.5389 46.1635 12.4815 54.198 106.192 77.149
0.223137 8.97267 3.9272 12.5435 17.4553 59.3509 158.615 47.6317
9.97545 1.75422 2.35072 10.5859 59.1664 151.422 34.5764 55.7157
33.5437 20.6569 10.5419 42.4892 14.4913 27.566 121.138 111.028
1.90215 1.51198 1.18752 2.99434 5.89067 55.8872 152.369 66.0678
0.458643 9.83084 3.56104 3.26257 10.3773 103.312 20.7448 140.617
14.6046 0.79944 2.35333 10.7861 13.4771 131.943 13.3412 114.239
2.32185 16.5575 2.0646 7.37217 61.4456 161.149 31.6415 19.4116
16.1196 12.7393 10.3024 15.6916 135.206 4.29602 36.0086 103.163
26.6902 40.2025 64.7746 17.1747 54.4887 33.7517 65.5439 123.236
33.5437 20.6569 10.5419 42.4892 14.4913 27.566 121.138 111.028
18.4508 27.0959 65.0052 45.185 1.1477 30.2425 134.613 65.934
8.58689 0.44303 6.18024 13.2705 151.582 30.5773 80.1903 25.2739
9.17999 27.9324 14.3692 92.175 48.7582 76.6889 90.1752 73.1416
7.72113 39.1895 70.6011 61.0631 53.0024 23.8231 81.3741 104.786
33.5437 20.6569 10.5419 42.4892 14.4913 27.566 121.138 111.028
5.31759 1.89563 7.51125 4.6985 35.0973 45.5496 148.548 70.9152
2.89595 1.39671 13.7956 52.6078 6.58851 28.9256 29.8341 162.009
9.17999 27.9324 14.3692 92.175 48.7582 76.6889 90.1752 73.1416
24.1668 79.3508 40.5389 46.1635 12.4815 54.198 106.192 77.149
18.4508 27.0959 65.0052 45.185 1.1477 30.2425 134.613 65.934
0.382923 2.73039 92.8822 21.3304 35.6415 16.2112 141.505 19.2725
14.6046 0.79944 2.35333 10.7861 13.4771 131.943 13.3412 114.239
13.7211 1.20527 2.14963 77.8685 35.9219 33.1423 147.499 23.3188
33.5437 20.6569 10.5419 42.4892 14.4913 27.566 121.138 111.028
2.80595 2.18689 16.9888 66.9912 102.907 16.3506 25.4021 122.088
27.11 38.5298 17.4862 44.424 130.452 55.1668 79.7035 5.98271
0.00139724 0.00458778 0.0008954 0.0197705 0.644251 10.1605 35.9347 171.352
0.223137 8.97267 3.9272 12.5435 17.4553 59.3509 158.615 47.6317
18.4508 27.0959 65.0052 45.185 1.1477 30.2425 134.613 65.934
9.17999 27.9324 14.3692 92.175 48.7582 76.6889 90.1752 73.1416
0.458643 9.83084 3.56104 3.26257 10.3773 103.312 20.7448 140.617
8.58689 0.44303 6.18024 13.2705 151.582 30.5773 80.1903 25.2739
9.17999 27.9324 14.3692 92.175 48.7582 76.6889 90.1752 73.1416
5.97654 30.0319 23.4489 12.023 115.285 121.232 17.9843 33.3727
23.117 75.8996 44.6665 20.3741 136.215 34.3537 25.803 34.4724
1.66717 25.3563 44.3461 33.0864 1.99712 16.474 144.407 81.6579
6.17856 11.523 36.9329 51.4803 72.1029 37.9763 100.087 98.9511
0.0679192 0.311022 2.06744 0.844698 0.443127 0.376072 7.65249 177.577
6.92837 8.53186 6.45859 2.14532 121.556 65.4168 101.999 37.8047
7.72113 39.1895 70.6011 61.0631 53.0024 23.8231 81.3741 104.786
0.00312813 0.000853243 0.00490151 0.184132 0.95424 6.32018 127.789 120.486
8.58689 0.44303 6.18024 13.2705 151.582 30.5773 80.1903 25.2739
0.406633 3.82899 17.0152 21.3927 16.5187 136.734 59.269 86.7231
43.3903 18.1087 103.732 95.8229 44.6893 75.1462 34.4197 9.21894
5.31759 1.89563 7.51125 4.6985 35.0973 45.5496 148.548 70.9152
0.00312813 0.000853243 0.00490151 0.184132 0.95424 6.32018 127.789 120.486
24.1668 79.3508 40.5389 46.1635 12.4815 54.198 106.192 77.149
33.5437 20.6569 10.5419 42.4892 14.4913 27.566 121.138 111.028
3.42428 35.9733 11.5329 23.3756 9.57058 45.2274 78.7817 143.488
0.382923 2.73039 92.8822 21.3304 35.6415 16.2112 141.505 19.2725
0.0679192 0.311022 2.06744 0.844698 0.443127 0.376072 7.65249 177.577
14.6046 0.79944 2.35333 10.7861 13.4771 131.943 13.3412 114.239
7.4444 20.7838 18.9438 7.34111 129.407 67.8218 81.9225 44.935
3.33222 10.6207 117.664 26.4398 65.4269 88.3072 60.8431 31.2978
26.6902 40.2025 64.7746 17.1747 54.4887 33.7517 65.5439 123.236
0.561013 10.0734 128.496 22.9861 61.103 55.0155 83.073 14.8643
13.7211 1.20527 2.14963 77.8685 35.9219 33.1423 147.499 23.3188
58.2396 118.22 104.232 33.2025 23.7583 25.9647 6.25398 23.5573
3.33222 10.6207 117.664 26.4398 65.4269 88.3072 60.8431 31.2978
33.5437 20.6569 10.5419 42.4892 14.4913 27.566 121.138 111.028
76.7608 5.3585 9.10835 63.2682 41.5464 92.3223 78.5785 68.552
6.17856 11.523 36.9329 51.4803 72.1029 37.9763 100.087 98.9511
58.2396 118.22 104.232 33.2025 23.7583 25.9647 6.25398 23.5573
88.9908 7.1324 55.1224 31.3705 47.9233 92.1668 88.941 12.9724
5.15646 0.875881 6.43537 92.2626 13.3864 83.1267 113.373 50.1096
7.30433 9.58789 13.6422 34.621 25.2617 68.147 54.7328 145.505
43.3903 18.1087 103.732 95.8229 44.6893 75.1462 34.4197 9.21894
33.5437 20.6569 10.5419 42.4892 14.4913 27.566 121.138 111.028
43.3903 18.1087 103.732 95.8229 44.6893 75.1462 34.4197 9.21894
2.32185 16.5575 2.0646 7.37217 61.4456 161.149 31.6415 19.4116
5.31759 1.89563 7.51125 4.6985 35.0973 45.5496 148.548 70.9152
13.7211 1.20527 2.14963 77.8685 35.9219 33.1423 147.499 23.3188
26.6902 40.2025 64.7746 17.1747 54.4887 33.7517 65.5439 123.236
0.455838 0.0881527 21.7289 61.8834 119.491 54.8058 27.3008 95.5221
8.58689 0.44303 6.18024 13.2705 151.582 30.5773 80.1903 25.2739
23.3331 40.1461 4.77819 37.2073 39.5116 92.5105 105.941 78.6517
0.382923 2.73039 92.8822 21.3304 35.6415 16.2112 141.505 19.2725
88.9908 7.1324 55.1224 31.3705 47.9233 92.1668 88.941 12.9724
0.359767 0.671022 8.05234 39.1858 4.58252 98.1637 120.42 80.9442
11.4222 16.7468 30.1964 44.9756 4.30172 33.2361 39.9494 157.122
33.5437 20.6569 10.5419 42.4892 14.4913 27.566 121.138 111.028
3.33222 10.6207 117.664 26.4398 65.4269 88.3072 60.8431 31.2978
88.9908 7.1324 55.1224 31.3705 47.9233 92.1668 88.941 12.9724
73.3647 58.3151 120.62 3.27175 39.2462 38.0232 72.3614 18.3658
32.3425 32.6698 62.2987 59.3549 50.8777 84.8588 103.785 35.0442
6.88899 11.316 11.6659 29.7841 8.12435 19.3614 59.9532 162.392
0.406633 3.82899 17.0152 21.3927 16.5187 136.734 59.269 86.7231
73.3647 58.3151 120.62 3.27175 39.2462 38.0232 72.3614 18.3658
0.561013 10.0734 128.496 22.9861 61.103 55.0155 83.073 14.8643
6.88899 11.316 11.6659 29.7841 8.12435 19.3614 59.9532 162.392
39.9351 8.89328 25.2931 42.5221 93.7314 42.7273 19.8737 124.743
7.30433 9.58789 13.6422 34.621 25.2617 68.147 54.7328 145.505
3.33222 10.6207 117.664 26.4398 65.4269 88.3072 60.8431 31.2978
0.382923 2.73039 92.8822 21.3304 35.6415 16.2112 141.505 19.2725
16.1196 12.7393 10.3024 15.6916 135.206 4.29602 36.0086 103.163
1.9319 3.12794 22.731 63.0376 132.978 77.6417 17.5539 49.0843
0.382923 2.73039 92.8822 21.3304 35.6415 16.2112 141.505 19.2725
13.7211 1.20527 2.14963 77.8685 35.9219 33.1423 147.499 23.3188
