2575 50.4184
2.63257e-16 4.29932 1.25486 0 0
4.66077e-17 0.761162 2.02958 0.966518 2.37333
0.15097 0.767215 0.781927 2.55587 2.28125
2.17826e-16 3.55737 1.05354 0 3.01571
2.82893 0 0.269309 2.84172 4.01879
1.51406 0.988329 1.80809 4.54405 0
0.746474 0.307438 0.95512 5.00319 0
1.55769e-16 2.5439 2.59684 0 3.63525
0.705785 3.47596 1.17177 1.13232 1.97927
5.87536e-49 5.87536e-49 1.35696e-32 2.21609e-16 3.61915
0.919337 1.0235 0.983334 1.69106 2.78998
1.30292 0.190357 0 2.50776 2.83244
0.754027 0.591719 3.62799 3.75246 0
2.12529 0.974768 0.969928 0 3.4845
2.21886 2.21886 3.23319 0 0.14274
1.81545 1.84694 1.09463 0.501942 0.65517
1.61313e-16 0 2.63443 3.4805 2.62772
1.88597e-16 6.37357e-17 4.58581e-17 3.33629 8.2254
0.875926 0.920104 2.28523 2.88318 0.988163
2.37822 1.0379 0 0.176314 2.85494
0.532312 1.40816 0.0176669 3.74057 3.73037
4.58901e-17 4.58901e-17 1.05987 4.33594 0.439211
2.02388e-16 0 3.30525 0 3.30525
1.02739e-16 1.58119e-16 2.06178e-16 2.79404e-16 6.45306
1.09347e-16 5.64225e-17 2.7431e-18 2.31777e-16 4.28577
2.99245 0.953423 0.211678 1.91683 0.163473
0.748832 1.19248 0 3.77932 4.03311
0.117849 1.15847 0.148617 1.2909 4.77256
0.437487 2.44 2.65881 3.63514 0
1.77203 1.51546 2.33167 0 1.56416
2.69627 1.58997 0 3.13016 1.11868
3.776e-16 0 0 0 6.16667
3.17559 0.866722 1.53157 0 0
0.54792 1.6484 0.493563 0.181957 4.98121
1.22319 1.62215 2.03164 0 2.87318
2.24359 0 4.96582 1.06717 0.0784109
1.02305 1.55567 1.26424 2.13895 0
2.02961 2.64725 1.42342 3.77941 0
2.90356 2.90356 0 2.95478 1.86265
4.21349 0 0 3.78867 0
1.4252 1.4252 1.58631 1.90406 3.1944
0.364168 0.391691 2.95959 0 1.81973
1.43858 4.32499 0 2.13311 0.769747
2.64203 4.42482 0.212015 0 0
0.755939 0.852467 1.4843 1.87117 1.58189
0.202493 1.27029 0 5.49379 0
1.16679e-16 8.65344e-17 9.94466e-17 2.87503 3.33529
2.60442 3.12507 2.77387 1.67165 0
2.08806 0.876086 2.38501 3.28874 0
2.20859 2.07819 0.190492 3.8591 0.23549
2.71103 0.54724 2.76571 2.54554 2.05097
1.09846e-16 1.09846e-16 2.53698 0 2.53698
0.972801 1.96562 0 2.02492 2.29409
0.845641 0.605208 0.775171 0.816747 2.51756
0.854396 2.69626 0.0896163 5.82461 0.716016
3.98765 1.54307 1.19016 0 4.03811
3.07654e-33 5.02437e-17 0.820542 3.06586 3.17376
3.17192 0 2.5517 0 0.521174
0.702841 1.38699 1.55491 1.09631 0.182435
1.68758 1.38681 2.91178 0 1.76694
0.943366 0.943366 1.7794 0.843599 2.90765
0.882473 2.68625 1.27255 1.26911 3.35033
0.707793 0.416461 1.59525 2.77852 2.06263
1.70483 1.00064 2.18442 2.85481 0
2.69459e-16 4.4006 4.4006 0 0
2.57291 0.293164 1.22095 2.59163 3.86175
1.63269 0.208259 1.64592 2.32768 1.63256
0.487292 2.0469 1.56437 1.92981 1.51226
1.28955 0 0.681622 3.60649 1.7828
1.7672e-16 8.05858e-17 3.17196 0.318428 3.18791
0.393248 2.39526 2.24205 0 3.30435
0.651374 2.6464 3.28735 0.689573 0
1.0857 1.43166 2.85384 0 0.331016
1.43443 2.0071 3.96975 0 0
1.14072e-16 1.09289e-17 2.78882e-16 4.924 0.87864
3.78397 1.14172 1.02457 4.65876 0
1.41475 1.38373 0 0.674791 4.00836
2.0919e-16 1.52421e-16 5.84127e-17 4.33331 0
0.453202 2.87956 2.44453 0.692054 3.86677
1.71564 0.157814 0.539982 0.486966 4.59306
2.60453e-16 0 5.53024e-17 1.66629e-16 5.12966
0.643739 0.939117 0 4.13962 4.29334
1.02138 1.02138 0.0946071 1.52741 2.00202
1.80291 1.51583 0.61107 2.43344 0.339394
0.686043 0 0.155244 3.27161 7.15568
0.19497 1.28359 1.38929 2.15677 0.296353
1.35381e-16 5.52863e-18 2.21278 0.893827 2.96577
0.0788695 0.327594 0 0.0567384 4.3964
0.198795 1.85613 1.52953 0 4.13471
3.53067 1.53711 1.83384 0.442481 0.410506
0.785459 1.07604 4.09114 0 0
1.80675 0.179861 3.30631 3.04853 0
1.44618 1.79163 0 1.57886 2.59363
1.38321 1.22219 2.44127 3.96247 0
1.29752 1.27989 1.0688 2.12123 2.16921
0.726527 0.532884 3.3774 1.99083 0.244778
0.0210385 0.0164218 0.321534 2.06096 2.08606
1.115e-17 1.115e-17 2.01645e-16 3.30316 0.432104
2.53845 0.293793 0.694746 2.64816 0
0.0750664 0.584647 0.182044 2.07817 0.8694
1.28329e-16 8.74625e-17 1.553e-16 3.58678 1.237
5.39171e-17 0.880534 1.13035 1.43284 3.3047
1.57005 1.57005 0.119617 0 2.78539
3.43812 2.37529 1.83667 2.35266 0
2.12305 2.73989 0.658933 3.85828 0.856644
0.781563 0.190787 3.23883 3.67425 1.55552
1.58834 1.22635 1.15756 0.47853 0.413518
0.625344 0.625344 2.19069 3.16948 0
0.187203 0.239109 0.218575 0.684604 4.8101
2.37098 2.37098 0 0.644525 0.264194
3.53545 0.758159 0 3.39853 0
1.30424 3.03192 0 0 3.30054
0.470101 2.51322 2.55681 1.35951 3.863
0.202116 0.357331 2.62931 1.82521 3.22695
3.83559 0 3.83559 1.653 0
1.76924 1.10624 1.26691 4.34968 0
0.157342 0.103499 1.94281 1.95192 1.85281
0.015194 0.0194046 0.0205202 0.301953 5.98627
1.46719 1.52431 0 1.46078 2.6438
1.13455 0.61179 1.86922 0.304822 1.35974
3.34162 1.73376 2.04752 0 2.26277
1.9592 0.110462 1.29665 0.430031 2.63433
0.164807 0.283818 0.235221 4.13923 0
2.00828 4.47407 1.82483 0 0
2.32137e-16 7.50414e-17 3.98424 0 2.09683
1.04143 2.24143 3.01881 2.22842 0.736292
4.01301e-16 0 6.55375 2.03864 2.8457
0.0353997 0.0353997 0.653173 1.33637 3.84446
1.54019 3.61487 0 0 2.0385
2.42129e-16 1.40489e-16 4.57169 0 1.0727
1.35068 1.35068 1.0252 0 3.53933
0.423082 0.505144 0 3.80445 0.386389
1.61908 0 0.14504 1.37562 3.10394
1.28131 0.0691383 4.09974 2.60376 0
5.85216e-17 1.59165e-16 2.7695 2.7695 0
1.16444 3.76138 2.18742 0.500268 0
1.33062 1.33062 2.36873 3.02522 2.37455
0.0947013 1.81801 3.55327 0 3.58341
2.30938e-16 5.61347e-17 3.88132 0.725806 1.11797
0.418975 0.335018 2.08789 1.56817 2.91654
0.875881 0.357363 3.86337 1.94907 0.324273
0.048886 0.0412017 0.233033 5.2382 0
0.397901 2.20069 0.20339 0.200462 2.25453
1.73071 1.73071 1.39333 0.281891 1.16188
1.18055e-16 1.92798 0.292784 1.84103 2.95946
1.00995 1.00995 1.78768 0.448161 3.26593
0.848098 0.553503 0.586346 4.74603 2.17603
0.144916 0.0619194 2.56956 0 1.81426
0.75055 0.923078 1.72124 1.31266 2.47005
5.34923e-17 5.34923e-17 1.23545 0 4.26391
1.22226e-16 1.9961 1.56238 1.02799 2.74136
2.56535 0.311506 0.613261 0.438004 2.55379
1.21736e-32 1.98809e-16 3.24681 3.24681 2.63282
1.23175e-16 2.0116 2.0116 0 2.67299
0.752439 0.347728 1.09426 1.10339 3.05264
0.161483 0.0705056 5.01319 0 0
0.302968 0 2.9061 5.68899 0
1.90189 1.51864 1.80448 0.792009 0.853442
2.30967 1.30961 2.65512 0.903585 0.489154
1.00825 0.175124 4.32349 0 0
0.729891 1.85962 2.42184 2.27005 0
2.29973e-16 0 3.75574 1.38681 0
0.322197 0.575005 1.86177 1.975 3.38164
1.32552 1.32552 1.87457 5.07801 0
0.770668 3.16192 1.94738 3.79262 0
1.56347 0.510313 1.20237 2.09435 1.23391
2.21091 4.27783 0.79279 2.19081 0.422358
1.85928 2.26057 2.57285 1.18089 1.49024
0.296673 0.940794 0.265539 0.602479 3.01887
1.58664 0.808435 0.0565995 0.176085 4.56818
2.85666 0.863317 1.75564 1.34761 1.56386
0.216661 0.978119 4.36805 1.50084 0
0.243943 0.421068 0.471053 3.01442 1.22143
0.879547 1.57206 0.787044 0 3.26173
1.91419 1.91419 2.24222 0.161683 1.19996
3.4176 0 0.0672467 3.41826 0
1.87817 0 0.212666 1.38926 2.54275
1.47391 0.347016 0.380115 2.77234 1.09825
0.400961 1.54934 0.141963 1.84755 2.44843
3.0412 3.0412 0 0.817779 1.50928
0.314758 0.742035 0.738955 0 3.86401
0.634675 1.87098 1.21528 2.05931 0.502841
0.367066 1.39651 1.44395 2.86908 0.558599
3.91525 0 3.19593 1.12157 0
2.12566e-16 5.1555e-18 3.47249 0.401149 3.49558
1.86482 0.737511 1.13167 4.7429 2.18874
1.1996e-16 1.9591 1.9591 1.17584 3.00977
1.37179 0.777916 1.02256 1.87952 2.11657
2.50785 1.35264 2.84937 0 0.458624
1.11333e-16 3.08287e-16 5.35296 1.73358 0
0.202293 0.0899542 0.299241 0.454371 3.46202
0.31584 1.85046 1.87722 1.26467 2.94063
2.46316e-16 4.02264 1.64012 1.1526 1.2774
0.238452 1.23691 0.856031 1.45258 2.45269
0.781462 0.627387 0.9076 1.2113 2.29671
0.220999 2.24117 1.75411 2.55826 2.57789
1.04011 1.21335 0.595847 0.119614 2.82194
1.52254 2.17001 2.50026 0 0
0.280719 2.41368 0 2.42995 3.43647
1.18808e-16 1.94028 1.94028 3.97231 0
2.25235e-16 9.22678e-17 3.97504 0 0.0512081
0.615436 0.156785 0.587157 0.864926 2.02805
0.772326 3.44224 1.4053 0 0
1.85179 0 1.97299 2.41904 0
0.639182 0.542222 1.26861 3.10151 2.96016
1.87603e-16 3.06378 2.03179 0 0
0.79992 2.29697 0.762079 2.54887 0
1.24458 3.9144 0 1.08955 2.82184
5.69921e-17 0.930751 0.0708656 3.57989 2.21994
0.10794 0.996159 1.56128 0.248599 3.39078
2.47769 2.47769 0.72837 3.57888 0
1.98469 0.304509 0.177549 2.89318 0.269267
1.95162e-16 0 3.18724 4.24659 2.53728
2.45436 1.72838 0 0 3.00186
0.258959 1.50343 6.17359 0 0.499408
0.437729 0.742763 0.494804 0.149784 3.29453
3.04783e-17 4.759e-17 0.922929 0.922929 3.7767
2.93298 1.89769 2.62507 0 0
0.548775 0.4747 1.06132 1.09595 2.52495
2.44242e-16 3.18909e-17 4.02263 0.401671 4.28347
0.36016 0.350328 1.05944 0.710639 3.31305
1.37364e-16 2.24333 0.899597 4.11166 0
0.316955 1.79831 2.32684 2.9578 0.600644
2.55472e-17 0.417218 0.519578 2.10237 3.10526
0.377118 2.48972 4.23152 1.47991 0.709259
9.92384e-17 9.92384e-17 1.25855e-16 0 3.0786
0.27217 1.50439 1.17287 0 2.32092
0.59989 0.59989 0.600507 3.3664 3.5232
0.692381 0.692381 0.979174 3.62742 1.84923
2.07974e-16 1.00648e-16 3.7733 0 3.7733
6.42715 0.112124 0.337505 0 0
0.00567889 0.0804073 0.793032 5.62606 0.860979
2.09953 1.52789 0.934213 0.247506 0.887999
0.482017 0.0662374 0 1.27684 8.25662
1.09841 0.983584 0.682705 4.09938 0
0.351492 0.351492 1.95566 2.01785 3.00653
9.8146e-18 0.160285 4.72984 0 0.478011
0.943385 1.97901 2.19236 4.41505 1.84568
1.54368 1.50065 0.0478223 3.1269 1.52784
0.913357 2.32125 1.80166 2.04455 0
1.26667 1.26667 1.79135 0.312379 1.96773
4.23167e-16 0 0 6.91085 1.68834
5.32668e-17 2.37032e-17 0.952153 0 4.85548
2.05905 2.05905 0 2.35116 1.95908
1.22886e-16 0 1.59216e-16 2.06893e-16 4.71222
1.08008 0.404049 1.47026 4.77131 1.05053
1.7906 2.14533 0.982887 1.0862 1.01905
1.03219e-16 1.68569 0.582742 2.13763 3.04703
2.5129 1.51414 2.18508 0 1.00005
1.06745 0.826698 0.969053 4.72103 0.825073
1.86833 1.86833 2.64222 2.50754 0
1.75224 1.00117 1.5518 0.791122 2.04239
2.7766e-16 7.88156e-17 4.71367 1.43738 1.14092
1.63198 3.33176 0 0 1.83718
0.862131 0.862131 1.21924 4.29264 0.56673
3.46653 0 2.4927 0 3.55907
4.57114e-17 0 0.746525 3.1906 1.54825
9.79287e-17 0 1.5993 4.68853 3.36238
3.2442 3.2442 0 0.998171 0
0.865037 1.79893 1.42467 1.83496 2.48294
1.85662 0.421772 1.67356 2.61094 0.234122
2.06644 0.0651786 4.72737 0.324378 2.65057
0.532495 0.506959 2.7011 0 3.21356
7.47028e-17 1.21999 1.21999 2.44467 0.287008
3.11414 0.197071 0.520605 1.00094 2.68159
0.0566272 0.0711036 3.99482 0 0
0.434574 0.434574 2.16791 3.02826 2.00536
1.07318 0.00802404 0.718276 0.424242 6.55156
1.03451 1.86108 0.186194 0 2.24012
1.49374 0 0.762472 0 5.53376
2.71844 1.38685 0.496715 4.44018 2.1822
1.12523 1.76658 2.0945 2.96207 2.42282
1.12158 0.553028 2.60062 0 2.1549
8.52695e-17 1.96547e-16 3.49891 0 3.49891
3.37038e-18 0.0550425 0.0236644 0.152441 6.22486
1.07367 1.47763 4.9931 0.466724 2.92041
1.68955 1.9678 2.59361 0.861621 0
1.32465 2.81038 1.45818 1.20185 0.909407
2.45656e-16 7.20982e-17 4.18108 0.534465 1.63973
1.54993 1.87616 2.43357 0.245607 0.746979
0.586764 1.77789 1.02217 3.52901 0
0.50452 3.44137 2.11927 1.94575 0.436254
0.726886 1.0386 1.3815 0.992499 2.95338
3.78423e-16 1.95388e-17 6.18835 1.5068 0
0.20097 2.36732 1.7322 2.2956 0
0.876883 0.428974 0 3.93509 2.2109
2.87513 2.87513 0.155722 2.26873 0
0.877661 0.973909 0.963585 1.22454 2.61003
1.2542 0 1.2542 1.43827 3.12044
0.918508 1.83902 1.76642 0.83305 1.6332
2.19065 0 7.06076 0.204125 0.656658
1.46426 1.94972 2.43833 0 3.44832
0.553706 0.568905 3.50055 2.02922 0.552263
4.60126 2.26257 1.62524 0.294783 0
1.28985 2.01103 0.696206 0.901228 4.06797
0.391984 1.11336 2.29967 2.5849 2.35097
2.55869 2.55869 2.89373 0 2.72719
0.0115571 0.0115571 2.08239 3.66345 1.8617
2.26624 0.740595 0.440588 2.94022 0
1.40331 1.95947 1.05483 2.63087 0.907855
