4219 90.0081
0.00421098 0.00253876 0.032348 0.045756 88.9334
12.0354 8.49567 35.4583 78.0375 6.1702
0.00421098 0.00253876 0.032348 0.045756 88.9334
0.0448483 0.0275695 0.0167281 0.000692874 88.8594
37.1727 71.8761 8.35208 21.1235 24.634
73.7499 28.539 25.0912 31.6068 11.4211
2.39013 19.9564 81.9544 21.9116 6.18577
1.49954 20.2822 6.45271 83.511 25.2628
0.0448483 0.0275695 0.0167281 0.000692874 88.8594
26.6491 51.5373 58.0795 21.3727 24.864
21.9328 42.4168 16.4612 70.6367 21.4142
61.5357 43.4345 42.163 15.89 16.4168
2.39013 19.9564 81.9544 21.9116 6.18577
38.6564 14.9617 70.3009 21.1878 26.9497
1.99365 3.85481 2.42967 0.916305 87.3605
44.0289 10.013 51.5383 12.6152 55.1754
19.0167 66.4953 21.9507 27.6523 40.7844
73.7499 28.539 25.0912 31.6068 11.4211
43.9647 19.4883 26.9219 31.1624 61.7741
2.26721 32.3887 26.486 76.8193 14.57
8.20207 15.8606 15.6706 32.4136 77.896
55.1209 2.06551 19.016 57.8069 35.1003
15.4227 5.96713 39.8169 74.0822 27.3974
19.8923 38.46 49.4228 43.7861 36.3821
23.8788 9.2399 14.3324 29.0716 79.7386
54.5766 24.192 48.7008 14.1837 42.4151
16.8936 36.022 45.4146 34.1382 55.9212
22.3443 43.2058 32.1655 28.4191 58.4187
27.8369 53.8424 33.9279 8.2606 56.397
38.8133 27.3972 38.7585 61.9992 13.6481
33.5215 64.819 40.8545 22.5513 15.982
67.4017 26.0838 40.4571 31.5561 6.2884
17.5054 33.8504 13.1422 0.509976 77.8256
9.70202 45.2939 30.6283 55.0202 42.3244
35.8114 13.8606 64.7803 19.6086 40.8696
34.0535 29.0689 51.1061 45.2706 34.8911
37.1727 71.8761 8.35208 21.1235 24.634
38.1328 6.8346 31.6048 49.5369 53.1146
47.9574 40.9374 20.0077 25.2045 53.4247
4.59997 62.1164 41.1863 40.1668 24.8526
47.0861 20.8686 58.7867 42.0363 14.7757
38.6564 14.9617 70.3009 21.1878 26.9497
38.6564 14.9617 70.3009 21.1878 26.9497
29.3288 11.352 35.8963 49.0217 55.1601
41.6102 11.8348 24.2162 69.3313 24.9811
16.8936 36.022 45.4146 34.1382 55.9212
24.3968 47.1782 29.7344 61.5527 14.4136
26.8622 10.3939 61.0103 17.5102 56.1965
45.5113 12.9516 26.4945 20.6698 64.5497
54.5766 24.192 48.7008 14.1837 42.4151
23.8788 9.2399 14.3324 29.0716 79.7386
17.4022 33.6556 3.90497 37.7391 71.3571
24.3968 47.1782 29.7344 61.5527 14.4136
38.1328 6.8346 31.6048 49.5369 53.1146
56.0346 21.6845 33.6339 33.5474 46.3438
38.6564 14.9617 70.3009 21.1878 26.9497
52.5762 20.3484 8.19931 30.7396 59.6251
45.5615 20.2006 17.1896 13.693 67.5898
45.5113 12.9516 26.4945 20.6698 64.5497
47.9574 40.9374 20.0077 25.2045 53.4247
70.1581 19.9483 7.51256 48.8535 18.7328
41.4646 3.96314 47.545 24.0821 57.7408
0.438372 0.847713 2.34116 4.40263 87.69
17.6525 5.02103 10.2742 82.2919 24.8941
26.6491 51.5373 58.0795 21.3727 24.864
45.5113 12.9516 26.4945 20.6698 64.5497
29.3288 11.352 35.8963 49.0217 55.1601
19.0167 66.4953 21.9507 27.6523 40.7844
0.438372 0.847713 2.34116 4.40263 87.69
35.2572 15.6267 12.2367 8.16665 79.6802
9.70202 45.2939 30.6283 55.0202 42.3244
9.70202 45.2939 30.6283 55.0202 42.3244
17.4022 33.6556 3.90497 37.7391 71.3571
56.0346 21.6845 33.6339 33.5474 46.3438
2.26721 32.3887 26.486 76.8193 14.57
12.1976 1.15862 49.9796 13.359 70.7524
45.5113 12.9516 26.4945 20.6698 64.5497
56.0346 21.6845 33.6339 33.5474 46.3438
45.5615 20.2006 17.1896 13.693 67.5898
38.1328 6.8346 31.6048 49.5369 53.1146
60.5795 2.28314 49.4567 29.8162 24.5382
0.660282 0.563661 5.31344 65.1484 58.8686
45.5113 12.9516 26.4945 20.6698 64.5497
0.446315 41.8123 27.6491 70.0996 18.3223
25.9417 10.0386 53.7386 27.083 59.7016
41.6102 11.8348 24.2162 69.3313 24.9811
23.8788 9.2399 14.3324 29.0716 79.7386
61.3013 5.82544 43.1913 45.5705 6.24102
33.5215 64.819 40.8545 22.5513 15.982
41.6102 11.8348 24.2162 69.3313 24.9811
0.680432 1.45087 0.552472 80.9356 37.3001
35.8114 13.8606 64.7803 19.6086 40.8696
0.660282 0.563661 5.31344 65.1484 58.8686
29.3288 11.352 35.8963 49.0217 55.1601
53.6569 20.767 37.1483 36.5468 40.7705
4.59997 62.1164 41.1863 40.1668 24.8526
9.70202 45.2939 30.6283 55.0202 42.3244
15.9782 30.9003 3.58859 80.8863 6.25346
70.1581 19.9483 7.51256 48.8535 18.7328
0.438372 0.847713 2.34116 4.40263 87.69
17.5054 33.8504 13.1422 0.509976 77.8256
26.9647 57.4892 41.9878 40.6234 14.3657
56.0346 21.6845 33.6339 33.5474 46.3438
38.6564 14.9617 70.3009 21.1878 26.9497
17.6525 5.02103 10.2742 82.2919 24.8941
35.8114 13.8606 64.7803 19.6086 40.8696
16.8936 36.022 45.4146 34.1382 55.9212
61.3013 5.82544 43.1913 45.5705 6.24102
17.4022 33.6556 3.90497 37.7391 71.3571
34.0535 29.0689 51.1061 45.2706 34.8911
1.99365 3.85481 2.42967 0.916305 87.3605
37.0396 14.3368 13.6967 72.1783 26.6938
15.4227 5.96713 39.8169 74.0822 27.3974
19.0167 66.4953 21.9507 27.6523 40.7844
43.9647 19.4883 26.9219 31.1624 61.7741
60.5795 2.28314 49.4567 29.8162 24.5382
73.7499 28.539 25.0912 31.6068 11.4211
67.4017 26.0838 40.4571 31.5561 6.2884
37.0396 14.3368 13.6967 72.1783 26.6938
52.5762 20.3484 8.19931 30.7396 59.6251
35.2572 15.6267 12.2367 8.16665 79.6802
54.5766 24.192 48.7008 14.1837 42.4151
8.20207 15.8606 15.6706 32.4136 77.896
15.9782 30.9003 3.58859 80.8863 6.25346
38.8133 27.3972 38.7585 61.9992 13.6481
55.1209 2.06551 19.016 57.8069 35.1003
26.9647 57.4892 41.9878 40.6234 14.3657
34.0535 29.0689 51.1061 45.2706 34.8911
47.9574 40.9374 20.0077 25.2045 53.4247
24.3968 47.1782 29.7344 61.5527 14.4136
41.4646 3.96314 47.545 24.0821 57.7408
17.6525 5.02103 10.2742 82.2919 24.8941
37.1727 71.8761 8.35208 21.1235 24.634
55.1209 2.06551 19.016 57.8069 35.1003
0.446315 41.8123 27.6491 70.0996 18.3223
24.3968 47.1782 29.7344 61.5527 14.4136
15.4227 5.96713 39.8169 74.0822 27.3974
38.1328 6.8346 31.6048 49.5369 53.1146
3.23937 6.26507 34.6867 20.0142 78.8182
19.8923 38.46 49.4228 43.7861 36.3821
35.2572 15.6267 12.2367 8.16665 79.6802
41.4646 3.96314 47.545 24.0821 57.7408
25.9417 10.0386 53.7386 27.083 59.7016
35.2572 15.6267 12.2367 8.16665 79.6802
25.9417 10.0386 53.7386 27.083 59.7016
67.4017 26.0838 40.4571 31.5561 6.2884
12.0354 8.49567 35.4583 78.0375 6.1702
15.4227 5.96713 39.8169 74.0822 27.3974
26.1232 55.7048 34.4415 19.0081 50.848
73.7499 28.539 25.0912 31.6068 11.4211
60.5795 2.28314 49.4567 29.8162 24.5382
26.8622 10.3939 61.0103 17.5102 56.1965
21.9328 42.4168 16.4612 70.6367 21.4142
73.7499 28.539 25.0912 31.6068 11.4211
53.6569 20.767 37.1483 36.5468 40.7705
45.5615 20.2006 17.1896 13.693 67.5898
41.6102 11.8348 24.2162 69.3313 24.9811
61.3013 5.82544 43.1913 45.5705 6.24102
3.23937 6.26507 34.6867 20.0142 78.8182
73.7499 28.539 25.0912 31.6068 11.4211
47.0861 20.8686 58.7867 42.0363 14.7757
17.5054 33.8504 13.1422 0.509976 77.8256
23.888 57.8585 35.0487 40.57 26.3428
26.9647 57.4892 41.9878 40.6234 14.3657
12.1976 1.15862 49.9796 13.359 70.7524
3.23937 6.26507 34.6867 20.0142 78.8182
2.39013 19.9564 81.9544 21.9116 6.18577
38.8133 27.3972 38.7585 61.9992 13.6481
0.0448483 0.0275695 0.0167281 0.000692874 88.8594
17.4022 33.6556 3.90497 37.7391 71.3571
21.9328 42.4168 16.4612 70.6367 21.4142
1.49954 20.2822 6.45271 83.511 25.2628
47.9574 40.9374 20.0077 25.2045 53.4247
23.888 57.8585 35.0487 40.57 26.3428
55.1209 2.06551 19.016 57.8069 35.1003
2.39013 19.9564 81.9544 21.9116 6.18577
61.3013 5.82544 43.1913 45.5705 6.24102
61.3013 5.82544 43.1913 45.5705 6.24102
13.6017 26.3047 10.209 72.4566 41.4569
55.1209 2.06551 19.016 57.8069 35.1003
15.4227 5.96713 39.8169 74.0822 27.3974
52.5762 20.3484 8.19931 30.7396 59.6251
16.8936 36.022 45.4146 34.1382 55.9212
16.8936 36.022 45.4146 34.1382 55.9212
67.4017 26.0838 40.4571 31.5561 6.2884
0.660282 0.563661 5.31344 65.1484 58.8686
70.1581 19.9483 7.51256 48.8535 18.7328
17.4022 33.6556 3.90497 37.7391 71.3571
4.59997 62.1164 41.1863 40.1668 24.8526
38.1328 6.8346 31.6048 49.5369 53.1146
26.8622 10.3939 61.0103 17.5102 56.1965
56.0346 21.6845 33.6339 33.5474 46.3438
37.1727 71.8761 8.35208 21.1235 24.634
38.6564 14.9617 70.3009 21.1878 26.9497
26.1232 55.7048 34.4415 19.0081 50.848
35.8114 13.8606 64.7803 19.6086 40.8696
41.4646 3.96314 47.545 24.0821 57.7408
17.4022 33.6556 3.90497 37.7391 71.3571
17.5054 33.8504 13.1422 0.509976 77.8256
61.3013 5.82544 43.1913 45.5705 6.24102
1.99365 3.85481 2.42967 0.916305 87.3605
26.6491 51.5373 58.0795 21.3727 24.864
73.7499 28.539 25.0912 31.6068 11.4211
38.6564 14.9617 70.3009 21.1878 26.9497
17.6525 5.02103 10.2742 82.2919 24.8941
44.0289 10.013 51.5383 12.6152 55.1754
3.23937 6.26507 34.6867 20.0142 78.8182
55.1209 2.06551 19.016 57.8069 35.1003
43.9647 19.4883 26.9219 31.1624 61.7741
2.39013 19.9564 81.9544 21.9116 6.18577
17.6525 5.02103 10.2742 82.2919 24.8941
60.5795 2.28314 49.4567 29.8162 24.5382
37.1727 71.8761 8.35208 21.1235 24.634
38.6564 14.9617 70.3009 21.1878 26.9497
24.3968 47.1782 29.7344 61.5527 14.4136
17.4022 33.6556 3.90497 37.7391 71.3571
0.00421098 0.00253876 0.032348 0.045756 88.9334
0.0448483 0.0275695 0.0167281 0.000692874 88.8594
38.1328 6.8346 31.6048 49.5369 53.1146
45.5615 20.2006 17.1896 13.693 67.5898
24.3968 47.1782 29.7344 61.5527 14.4136
0.00421098 0.00253876 0.032348 0.045756 88.9334
2.39013 19.9564 81.9544 21.9116 6.18577
25.9417 10.0386 53.7386 27.083 59.7016
38.1328 6.8346 31.6048 49.5369 53.1146
35.8114 13.8606 64.7803 19.6086 40.8696
17.4022 33.6556 3.90497 37.7391 71.3571
0.00421098 0.00253876 0.032348 0.045756 88.9334
23.888 57.8585 35.0487 40.57 26.3428
70.1581 19.9483 7.51256 48.8535 18.7328
0.00421098 0.00253876 0.032348 0.045756 88.9334
47.9574 40.9374 20.0077 25.2045 53.4247
26.1232 55.7048 34.4415 19.0081 50.848
9.70202 45.2939 30.6283 55.0202 42.3244
3.23937 6.26507 34.6867 20.0142 78.8182
54.5766 24.192 48.7008 14.1837 42.4151
15.4227 5.96713 39.8169 74.0822 27.3974
45.5615 20.2006 17.1896 13.693 67.5898
45.5615 20.2006 17.1896 13.693 67.5898
60.5795 2.28314 49.4567 29.8162 24.5382
38.1328 6.8346 31.6048 49.5369 53.1146
56.0346 21.6845 33.6339 33.5474 46.3438
60.5795 2.28314 49.4567 29.8162 24.5382
0.660282 0.563661 5.31344 65.1484 58.8686
37.0396 14.3368 13.6967 72.1783 26.6938
0.0448483 0.0275695 0.0167281 0.000692874 88.8594
26.9647 57.4892 41.9878 40.6234 14.3657
0.438372 0.847713 2.34116 4.40263 87.69
15.9782 30.9003 3.58859 80.8863 6.25346
9.70202 45.2939 30.6283 55.0202 42.3244
53.6569 20.767 37.1483 36.5468 40.7705
29.3288 11.352 35.8963 49.0217 55.1601
41.6102 11.8348 24.2162 69.3313 24.9811
33.5215 64.819 40.8545 22.5513 15.982
23.8788 9.2399 14.3324 29.0716 79.7386
25.9417 10.0386 53.7386 27.083 59.7016
0.446315 41.8123 27.6491 70.0996 18.3223
45.5113 12.9516 26.4945 20.6698 64.5497
67.4017 26.0838 40.4571 31.5561 6.2884
38.1328 6.8346 31.6048 49.5369 53.1146
12.1976 1.15862 49.9796 13.359 70.7524
2.26721 32.3887 26.486 76.8193 14.57
9.70202 45.2939 30.6283 55.0202 42.3244
9.70202 45.2939 30.6283 55.0202 42.3244
45.5615 20.2006 17.1896 13.693 67.5898
52.5762 20.3484 8.19931 30.7396 59.6251
47.0861 20.8686 58.7867 42.0363 14.7757
34.0535 29.0689 51.1061 45.2706 34.8911
67.4017 26.0838 40.4571 31.5561 6.2884
15.4227 5.96713 39.8169 74.0822 27.3974
1.99365 3.85481 2.42967 0.916305 87.3605
61.5357 43.4345 42.163 15.89 16.4168
4.59997 62.1164 41.1863 40.1668 24.8526
15.4227 5.96713 39.8169 74.0822 27.3974
9.70202 45.2939 30.6283 55.0202 42.3244
38.1328 6.8346 31.6048 49.5369 53.1146
0.00421098 0.00253876 0.032348 0.045756 88.9334
24.3968 47.1782 29.7344 61.5527 14.4136
38.6564 14.9617 70.3009 21.1878 26.9497
17.6525 5.02103 10.2742 82.2919 24.8941
3.23937 6.26507 34.6867 20.0142 78.8182
44.0289 10.013 51.5383 12.6152 55.1754
73.7499 28.539 25.0912 31.6068 11.4211
61.3013 5.82544 43.1913 45.5705 6.24102
26.1232 55.7048 34.4415 19.0081 50.848
2.39013 19.9564 81.9544 21.9116 6.18577
37.1727 71.8761 8.35208 21.1235 24.634
60.5795 2.28314 49.4567 29.8162 24.5382
0.660282 0.563661 5.31344 65.1484 58.8686
52.5762 20.3484 8.19931 30.7396 59.6251
13.6017 26.3047 10.209 72.4566 41.4569
61.3013 5.82544 43.1913 45.5705 6.24102
2.39013 19.9564 81.9544 21.9116 6.18577
17.4022 33.6556 3.90497 37.7391 71.3571
3.23937 6.26507 34.6867 20.0142 78.8182
3.23937 6.26507 34.6867 20.0142 78.8182
41.6102 11.8348 24.2162 69.3313 24.9811
15.4227 5.96713 39.8169 74.0822 27.3974
1.49954 20.2822 6.45271 83.511 25.2628
41.4646 3.96314 47.545 24.0821 57.7408
