1436 25.8229
0.861851 0.857785 2.61583
0.887932 0.185535 3.97477
1.76386e-13 0.301626 5.6141
0.111698 0.884359 4.13509
0.00160209 4.2594e-11 6.004
0.752166 0.619366 4.37119
0.617142 0.721485 4.6143
0.305464 0.831393 3.95626
0.0348965 0.289164 5.55429
0.0114083 0.131776 5.73486
0.687074 0.769037 3.8024
0.677535 0.278659 4.84226
0.658887 0.174303 5.05033
0.0263609 0.135449 5.71086
0.0425391 0.0683876 5.84716
0.821548 0.645444 3.85374
0.704517 0.630998 4.63134
0.688932 0.166876 4.85726
0.690065 0.630998 4.74388
0.0329193 0.0351269 5.91957
0.752166 0.623011 4.34653
0.735978 0.236472 4.42124
0.847308 0.153432 4.04527
0.789045 0.803892 2.91578
0.768523 0.0370544 4.5568
0.0503598 0.795623 4.38969
0.673907 0.18927 4.90873
0.300896 0.638424 5.14322
0.138311 0.24957 5.30575
0.124221 0.884359 4.09793
0.838669 0.106325 4.1446
0.626362 0.720859 4.53555
0.807395 0.86149 2.71945
0.876443 0.702045 3.38929
0.871437 0.717414 3.28693
0.782287 0.773513 3.10334
0.875898 0.634612 3.87942
0.0378862 0.103488 5.76398
0.16617 0.20318 5.27717
0.204611 0.207103 5.25534
0.65546 0.648085 4.88129
0.706689 0.86745 3.34455
0.0453404 0.75517 4.65507
0.287762 0.672033 4.89071
0.251296 0.195583 5.19367
0.721759 0.278896 4.51247
0.871437 0.817854 2.69478
0.0860495 0.0298416 5.82234
0.261561 0.244415 5.15269
0.282288 0.751196 4.33366
0.789045 0.809016 2.89638
0.766006 0.218864 4.20955
0.0669567 0.0155423 5.88611
0.177615 0.163457 5.32752
0.851522 0.691465 3.46349
0.76193 0.090946 4.48708
0.189104 0.666414 4.98856
0.712503 0.839238 3.31649
0.106993 0.0377975 5.75825
0.85014 0.759289 2.97486
0.866904 0.166373 3.98017
0.149186 0.228755 5.29645
0.274793 0.792668 4.05696
0.236106 0.160585 5.27138
0.0756008 0.641673 5.40497
0.689038 0.178319 4.82004
0.802804 0.0182289 4.41159
0.00494497 0.0299766 5.96133
0.854993 0.214666 3.93411
0.122529 0.239855 5.34567
0.250307 0.183695 5.21113
0.0106113 0.0594572 5.90057
0.714192 0.208686 4.58102
0.737527 0.645447 4.30021
0.771022 0.0846348 4.45254
0.0970182 0.121395 5.61644
0.737334 0.878532 3.13615
0.635307 0.0600439 5.48412
0.212359 0.0531916 5.51864
0.154872 0.707794 4.72209
0.727708 0.14474 4.59848
0.843865 0.837907 2.64499
0.760802 0.708757 3.69282
0.242148 0.0138034 5.56313
0.641039 0.743615 4.27881
0.0898652 0.0400772 5.79264
0.789649 0.783051 3.04207
0.0448219 0.133538 5.67846
0.0106113 0.0382576 5.94116
0.00311214 0.140317 5.72374
0.857269 0.718116 3.26068
0.0398199 0.200584 5.58646
0.81798 0.838868 2.75548
0.772937 0.696295 3.7153
0.297719 0.777224 4.16019
0.0567928 0.260996 5.49284
0.2315 0.73317 4.43766
0.274793 0.791091 4.07336
0.00999835 0.0191694 5.97995
0.724245 0.766781 3.55
0.85014 0.73688 3.1262
0.079549 0.29709 5.47325
0.0840356 0.246245 5.43574
0.666777 0.248549 4.9097
0.293372 0.689931 4.76303
0.622821 0.721485 4.59344
0.874586 0.665206 3.67044
0.0609453 0.183695 5.54525
0.162986 0.0887257 5.52535
0.755858 0.784293 3.19902
0.7311 0.222696 4.44033
0.142677 0.24957 5.29571
0.678696 0.639433 4.79518
0.185036 0.0971558 5.46783
0.672677 0.00464645 5.28999
0.710044 0.772393 3.59036
0.269951 0.673266 4.87328
0.662933 0.203418 4.96959
0.759924 0.739605 3.4516
0.882092 0.728798 3.21681
0.665736 0.857211 3.68234
0.791316 0.799438 2.95083
0.77625 0.711198 3.57028
0.741337 0.825289 3.14973
0.833064 0.830141 2.67981
0.0584628 0.0307269 5.8764
0.195956 0.178125 5.26643
0.714741 0.746531 3.72723
0.878138 0.252868 3.89809
0.736743 0.866658 3.13687
0.631365 0.726816 4.46004
0.0990411 0.0334941 5.78282
0.106993 0.0277914 5.77422
0.12139 0.728798 4.6563
0.0637426 0.74227 4.67788
0.883217 0.730141 3.19168
0.235548 0.654788 5.00015
0.881517 0.196323 3.9431
0.878138 0.705933 3.36218
0.0712633 0.12746 5.64622
0.283561 0.65322 5.02307
0.253194 0.738786 4.37749
0.740929 0.647872 4.26142
0.255503 0.736629 4.3889
0.170517 0.664215 5.01373
0.823463 0.111613 4.15373
0.805927 0.841796 2.7377
0.682945 0.649852 4.6707
0.140198 0.664156 5.08098
0.681882 0.156335 4.92057
0.720185 0.0775516 4.80857
0.804477 0.0500915 4.3505
0.129753 0.0415303 5.6952
0.858194 0.851294 2.6285
0.19313 0.783077 4.17556
0.839479 0.0578275 4.23708
0.239814 0.080783 5.44091
0.688302 0.756615 3.85398
0.853577 0.125122 4.07173
0.039062 0.0683876 5.85365
0.729614 0.857785 3.1723
0.813936 0.139489 4.13775
0.830488 0.792865 2.81528
0.0649376 0.123684 5.66268
0.650732 0.853972 3.75792
0.802268 0.704822 3.47958
0.158607 0.639161 5.229
0.0222748 0.662525 5.35227
0.650362 0.853386 3.76194
0.832773 0.113664 4.12352
0.772937 0.708536 3.62304
0.647135 0.0775516 5.37305
0.853577 0.149374 4.02238
0.186959 0.797829 4.08891
0.830413 0.680243 3.60457
0.199985 0.781259 4.17105
0.78727 0.29709 4.1088
0.76056 0.848753 3.00197
0.813478 0.709839 3.40141
0.82906 0.274324 3.92916
0.170517 0.65023 5.1138
0.683653 0.87091 3.52347
0.207959 0.205336 5.22729
0.79805 0.634612 4.00593
0.823235 0.691465 3.50855
0.68566 0.778454 3.74277
0.230582 0.0798663 5.45047
0.679434 0.239332 4.81936
0.0184321 0.641673 5.50844
0.722106 0.855122 3.22884
0.265708 0.805907 3.99972
0.833064 0.0739655 4.21766
0.210422 0.271901 5.17944
0.883217 0.699795 3.41765
0.222628 0.0934909 5.42416
0.690065 0.820212 3.53307
0.0803694 0.117008 5.64733
0.209297 0.0814386 5.46611
0.259451 0.855893 3.88581
0.0553087 0.267348 5.50066
0.643754 0.12673 5.28551
0.807865 0.0643828 4.30961
0.0254134 0.096782 5.80335
0.730404 0.678611 4.10471
0.115341 0.632051 5.38611
0.200983 0.117905 5.42097
0.800679 0.811702 2.86067
0.834468 0.784925 2.84534
0.209297 0.046468 5.53791
0.757549 0.814078 3.05953
0.103795 0.825878 4.18703
0.69714 0.86887 3.4256
0.876443 0.696013 3.43511
0.158142 0.6573 5.0896
0.227706 0.00763286 5.60055
0.245968 0.694416 4.70271
0.0567591 0.265307 5.49477
0.830456 0.795494 2.80094
0.765124 0.0129054 4.61377
0.267417 0.657992 4.97544
0.796373 0.0643828 4.3571
0.78727 0.674812 3.78387
0.0353063 0.851047 4.26598
0.290616 0.774463 4.16776
0.799465 0.763885 3.08077
0.1172 0.0961547 5.61209
0.227706 0.805907 4.01788
0.238129 0.653642 5.04221
0.258235 0.212565 5.17114
0.766138 0.232349 4.20032
0.711874 0.766247 3.61375
0.640255 0.00780833 5.57544
0.757486 0.825289 3.03219
0.74574 0.845958 3.06615
0.0924684 0.191734 5.47347
0.0546889 0.14544 5.63496
0.876443 0.667786 3.6468
0.132517 0.714698 4.72764
0.83467 0.146506 4.07777
0.135378 0.68674 4.92343
0.152362 0.178125 5.37575
0.115341 0.787494 4.30942
0.784978 0.74227 3.30356
0.0735263 0.738786 4.69381
0.743702 0.650375 4.2282
0.0329193 0.0254419 5.92897
0.0827221 0.149091 5.56813
0.781916 0.751573 3.24632
0.300896 0.64509 5.10108
0.75413 0.775521 3.25697
0.823774 0.671467 3.66374
0.657721 0.834761 3.73564
0.819327 0.227007 3.98521
0.796373 0.764001 3.08787
0.830774 0.844973 2.66333
0.112775 0.20083 5.45183
0.262954 0.12172 5.34749
0.0718868 0.123684 5.66079
0.719343 0.103488 4.75673
0.251296 0.182887 5.215
0.261561 0.142678 5.29771
0.105406 0.000550011 5.8088
0.0163476 0.00794192 5.97764
0.687133 0.723211 4.10924
0.268921 0.118462 5.35815
0.724109 0.271177 4.51203
0.0212863 0.156074 5.67659
0.624351 0.721016 4.54713
0.00809482 0.792668 4.46777
0.844461 0.655944 3.73108
0.701237 0.706501 4.15545
0.717485 0.104162 4.7768
0.140343 0.666785 5.06742
0.15906 0.0885807 5.58266
0.102174 0.70375 4.87304
0.103795 0.823322 4.19375
0.232692 0.814078 3.96993
0.0943972 0.754859 4.52433
0.173783 0.163123 5.32924
0.208467 0.0117598 5.63829
0.102639 0.66795 5.16299
0.220847 0.0933459 5.42737
0.182282 0.8166 4.01958
0.129506 0.0399188 5.71716
0.706689 0.0525817 4.95785
0.173783 0.8166 4.03257
0.807768 0.846553 2.7298
0.258235 0.21143 5.17225
0.102174 0.827827 4.16364
0.817815 0.753378 3.0732
0.18797 0.176952 5.30076
0.835958 0.689772 3.49265
0.127619 0.754751 4.47569
0.184786 0.660135 5.0226
0.0214722 0.745509 4.72895
0.730404 0.225541 4.44368
0.882409 0.68674 3.52155
0.856224 0.775829 2.87712
0.0990411 0.674989 5.09725
0.747772 0.119932 4.51662
