20 15.1578
0.000631256 0.0291773 0.0141594 0.027752 0.941677 69.0961 1.76016 49.3891
3.82922 1.66069 4.90239 6.08933 51.3254 65.5027 2.41258 1.37017
2.7951 0.679238 0.940451 0.479778 71.8319 3.23995 2.20083 45.6816
0.105873 0.330293 0.137606 0.437885 24.6278 74.4887 1.16473 28.7067
0.291628 0.153028 0.868396 0.36219 59.8007 55.4651 11.6864 15.2041
2.30233 4.02355 6.2859 51.1643 45.6379 29.4453 7.18203 40.1554
0.0722626 0.106191 0.0236354 1.55306 46.1293 1.05954 71.6287 6.6441
1.21761 1.11369 1.80828 4.80427 55.1745 43.0015 3.13615 45.6459
0.00118814 9.13323e-05 0.000284592 0.128047 0.599748 53.8114 66.8076 2.29359
0.167621 0.271553 0.56127 1.15597 38.6839 69.8379 19.4801 3.29524
0.513782 0.332961 0.116071 0.076163 57.9969 4.49095 63.9177 0.811382
0.139218 0.201957 0.278498 0.66573 32.3896 36.3102 1.62263 67.5938
0.12361 2.01065 0.630359 6.06086 59.2329 0.728629 61.209 3.40362
5.86893 17.3118 32.9438 47.1593 16.7416 38.5917 40.7494 8.10126
0.0506492 0.611529 0.285681 8.2654 54.3501 51.5393 1.4562 39.0337
0.0199146 0.345939 0.255791 2.14301 36.457 2.33137 55.5143 50.1578
16.8636 0.703493 30.713 21.2275 22.7085 0.794082 1.07182 71.4358
0.279347 2.75712 2.45013 5.77852 60.573 44.9771 34.5381 4.59731
0.108467 0.138979 14.0054 13.8137 50.6564 43.5938 47.2969 1.06293
0.0161404 0.0873203 0.0300814 0.692989 64.3141 3.21686 55.5917 7.52432
0.0548768 0.0966422 1.60063 4.75662 47.3439 13.6881 69.2817 1.49793
0.0123844 1.08524 0.81725 8.1099 1.48794 59.6008 58.1398 0.565664
6.46269 3.37468 37.1097 35.2586 18.7225 45.6313 9.42705 44.4166
0.8655 1.68368 1.37655 0.957254 1.63216 66.7093 52.3057 3.56342
0.475726 1.60075 1.62703 3.72352 68.7217 1.30369 48.0559 12.1963
0.297991 1.22316 0.587133 1.84114 11.6327 73.8043 40.2191 0.737243
0.264706 0.145 0.0127179 0.404837 1.42213 40.2859 76.2031 0.995114
0.0593203 0.0301088 0.00661184 0.0564577 0.0634187 1.35262 75.6253 35.5189
0.841889 0.015704 0.134181 0.638702 32.9412 1.24269 11.3517 78.1443
7.75359 10.9187 34.0828 8.52171 8.88333 18.6185 71.9689 6.03996
0.117902 0.177228 0.179543 0.50794 42.5234 37.4258 35.0023 51.7485
0.0256084 0.017906 0.613095 0.69321 47.6255 60.6256 34.5328 5.99459
0.419498 1.41704 0.808989 1.45556 41.2103 61.2511 8.4962 41.2156
3.88176 5.41473 27.9378 9.92581 52.072 11.8732 36.6448 48.9604
0.367103 0.219629 0.21781 0.250146 0.455373 67.0672 29.7182 41.915
1.72208 0.316332 4.76683 10.4333 50.1004 23.4621 13.7808 63.5694
0.643654 0.496627 0.239925 0.337204 71.2671 14.5554 31.651 32.1422
14.0314 1.96048 22.5321 25.0959 22.1853 43.4563 1.54154 58.2793
0.73324 1.07665 1.79399 0.916629 51.6597 18.9947 51.3266 42.1579
1.38138 1.02394 0.479025 2.06373 50.7047 57.8504 4.71201 34.9489
1.21779 0.281553 0.706938 5.99987 31.6643 75.3924 25.6338 0.120202
0.097902 0.0330025 0.0473269 0.0718606 0.0787915 1.02118 35.4771 74.3045
0.574946 0.579719 2.46348 1.62484 39.6224 26.4124 67.2161 17.8097
4.13358 3.18153 2.63503 9.3241 0.376081 63.8681 14.87 51.7024
0.584255 15.9925 21.683 35.2925 2.93436 16.1838 52.911 46.9046
0.111707 0.100382 0.188646 0.683829 69.8002 17.0785 48.6637 0.515316
0.247281 3.80475 15.0143 22.5843 31.042 51.1406 50.7031 9.48812
2.45368 2.19088 1.4834 28.9815 19.0108 71.6484 25.4109 17.3995
1.8444 1.83054 1.87728 2.19192 55.8368 39.6352 50.9877 9.13271
2.15874 3.49802 1.03399 1.11388 36.2453 8.51493 49.9013 57.5807
0.874117 0.384896 0.271101 0.284512 1.99564 45.3314 12.6492 71.3082
9.71006 5.13628 15.533 23.8286 13.7817 35.9525 0.664293 69.4182
2.75351 1.1372 1.52495 11.4422 35.9891 2.72718 68.0817 35.9272
5.03304 8.32668 16.9609 35.6955 6.80234 2.08039 19.8397 72.6337
0.0567215 0.120099 0.300261 1.0663 44.8728 71.0034 6.2632 10.7244
0.384367 2.51972 0.673844 3.84894 74.1972 20.8567 37.4724 0.0101855
0.000662542 0.000281322 7.66621e-05 0.00178429 0.00943565 0.00289398 0.00762272 85.7914
0.000662542 0.000281322 7.66621e-05 0.00178429 0.00943565 0.00289398 0.00762272 85.7914
0.000325788 0.00106608 0.00138873 0.000216203 0.00206185 0.00597965 0.0215755 85.6806
0.0017671 0.00567628 0.0104233 0.000120402 0.0313316 1.20996 0.0543754 84.5551
0.000422319 1.44493e-05 4.51522e-05 0.003587 0.11337 0.933597 0.553158 84.9105
3.66365e-05 1.27238e-05 0.00160612 0.0221752 0.044469 0.359915 0.467018 84.7378
3.66365e-05 1.27238e-05 0.00160612 0.0221752 0.044469 0.359915 0.467018 84.7378
4.46383 16.1983 5.25185 2.70986 43.3811 50.9218 16.9716 47.6236
0.0311707 0.000462365 0.0124844 0.011877 0.0425304 0.508272 28.1799 79.6818
0.1013 0.117684 0.294184 1.0124 14.5974 9.8477 9.72232 82.6552
12.3022 7.48818 1.98097 7.93086 38.2709 52.9648 39.9567 31.85
0.149475 0.456069 1.31407 0.294162 2.02942 8.88669 15.6519 83.4756
0.590391 1.73178 0.645382 1.34899 3.67103 6.21548 79.0468 33.0913
4.06206 0.552078 8.94414 2.36974 4.99262 17.3114 67.2623 47.8423
0.0255 0.036832 0.554947 0.785263 34.7559 78.5037 3.02947 2.16965
0.381195 0.327601 7.70309 1.72973 1.37818 11.9408 58.5811 60.7488
4.5139 4.34488 5.09958 0.668822 20.6052 50.5523 42.9359 47.0765
1.52075 1.49801 7.84885 10.1111 36.7629 46.7418 43.5411 42.7106
0.394977 1.47567 2.17791 3.56936 5.95251 45.89 56.1309 41.5444
0.452205 1.25707 1.99613 5.04567 25.9973 70.8366 2.2439 39.3082
0.807611 1.00722 1.01997 0.0892428 24.4608 77.3586 2.29149 22.6854
1.66621 0.705766 5.87572 0.856697 19.0051 17.3835 46.4293 65.0173
0.793889 2.84104 0.344274 24.096 8.52779 48.9322 13.6328 64.623
0.916859 0.236042 2.98907 0.0497211 8.55989 40.3829 12.584 73.9151
6.49608 9.73282 6.0948 49.818 6.10125 44.0612 23.2305 44.7459
0.236427 1.43761 1.90867 17.5226 42.9953 19.9176 12.2034 68.7673
0.757319 0.600139 0.551609 4.15135 37.1629 54.5182 19.361 52.2141
0.0446237 0.772576 4.05498 6.59545 23.0737 62.5535 2.2596 53.8892
1.2661 16.8549 30.5205 8.6279 41.5306 21.4549 41.6351 44.0061
0.40179 0.301506 1.03473 0.923065 8.32274 63.4034 41.0667 37.085
0.469854 0.109087 1.86347 1.79398 14.5092 83.9453 2.02411 7.18574
0.87232 1.36217 1.32901 2.62717 23.6266 49.3735 54.4419 37.1211
0.698306 0.705638 0.0369752 1.92867 1.55684 17.2448 7.23997 83.7871
1.21933 1.69941 3.85547 6.20157 17.7023 64.8085 25.2078 46.8638
1.69987 0.485143 1.3795 2.95475 6.05538 5.22228 33.554 76.6715
6.82754 0.718132 0.699394 2.41936 30.3141 63.5553 30.5936 36.8212
14.9497 7.01166 4.69902 3.27254 39.7514 36.7523 6.10652 63.1664
2.89582 8.83945 3.18602 16.3877 59.3847 54.7905 22.4798 2.80924
9.91029 6.43187 1.62392 8.29807 22.2284 11.3226 63.5407 51.2113
0.00689893 0.229095 0.210495 0.132393 2.24633 65.291 39.5445 38.3844
0.12997 0.62584 0.0754043 0.0363684 0.845847 65.43 33.6289 42.0068
0.0034352 0.0849513 0.0330341 0.108377 0.946467 18.3558 32.3855 76.2348
0.00871744 0.0107662 0.0384108 0.18052 3.40634 21.8 7.02163 82.1939
2.08469 0.251877 4.9657 3.25499 14.2144 27.9601 49.4446 63.7205
14.3481 5.77505 21.24 5.51068 2.59392 77.5607 17.3201 10.6074
0.0216111 0.012601 0.50966 0.715158 1.11435 0.580934 85.6317 7.31954
0.156152 0.249874 0.292354 2.00322 6.11478 9.11557 48.7331 68.5329
0.0183408 0.993208 0.173375 0.467023 1.94249 46.8327 70.0019 16.4923
0.0589134 0.37913 0.533538 0.597119 0.767999 6.82891 9.57354 85.3222
0.0249923 0.273084 0.431399 0.341504 0.570847 66.1617 26.7929 44.2493
0.570282 1.54295 8.85201 1.06925 32.8398 28.1625 63.3203 34.0898
14.9245 13.7798 12.4815 5.79531 6.54977 47.4787 19.6858 63.0966
2.44167 0.281549 4.85446 0.697006 16.4574 16.12 7.27709 80.9726
14.4107 15.0256 13.4506 24.5187 16.7253 38.6862 22.4794 62.6066
16.9585 44.5985 27.8296 31.6724 7.63758 43.661 14.6545 33.1205
0.192727 0.233278 10.7896 8.21936 28.9747 52.238 49.8061 32.7383
3.48318 1.00089 1.49323 4.44122 1.12257 12.0938 15.9994 82.6827
0.223518 0.659275 2.43225 10.0236 30.6654 39.1983 41.5175 55.3298
0.563696 7.32804 8.00957 4.19464 37.4202 22.5926 30.3262 65.3569
2.57104 3.05894 8.57873 16.3584 50.0985 54.5395 15.9492 31.6952
0.0869194 0.445489 0.338449 1.3737 44.6017 40.2539 51.6929 35.0198
0.0140459 0.152413 7.63712 26.6763 36.0457 63.6508 31.2017 11.1194
0.698265 1.60069 0.298285 1.1069 8.62175 47.0716 58.9911 41.3033
1.91948 4.71584 6.36396 6.31624 15.3323 50.9289 6.74979 64.5627
0.196085 0.157911 0.170451 0.601187 0.507467 6.376 5.49667 84.0992
1.21479 0.680176 0.4132 16.6241 46.3938 34.6688 59.7766 11.7576
13.9358 20.7552 5.92355 2.26487 65.2002 31.0085 7.08574 33.34
1.50447 0.877278 1.5511 1.34294 45.7345 65.206 32.7038 9.73367
6.53407 10.9196 14.5487 5.79386 46.1031 62.6575 25.2505 15.8505
0.0410122 0.0446771 0.39301 1.83752 7.81603 5.92511 14.9025 85.2412
0.00343699 0.0151673 0.0167782 0.0628448 0.351486 24.6966 80.1466 19.116
0.0816056 0.0499002 0.0669766 0.649306 1.51505 65.9534 0.653732 53.9958
0.427024 2.67933 3.68495 0.7987 2.51191 69.263 11.5161 48.2861
24.1107 2.7082 11.7311 6.70019 68.1125 26.749 28.9843 18.3874
0.0816614 0.310757 0.222295 0.773926 1.20701 28.0786 51.5297 61.9497
1.68907 1.7248 2.15994 0.369431 6.7607 61.9817 27.4939 51.5157
0.619678 1.60635 1.86668 3.00292 8.13277 76.0925 18.19 31.439
0.225016 0.218575 7.92377 3.09312 10.9446 15.5132 5.74771 83.6948
6.16451 19.6477 22.6979 16.0835 2.88257 38.3815 14.9354 67.8001
0.199714 0.135694 0.508865 0.891418 17.9784 52.8109 9.09871 63.6771
2.10982 5.17952 4.96966 3.89579 18.7109 37.9328 8.55979 73.5303
2.91219 1.38645 4.49219 24.605 36.1193 31.5461 14.8363 65.1575
0.415448 0.918939 0.886241 12.9263 27.2153 31.2916 3.03183 73.397
0.466067 3.04971 8.51225 4.28049 25.8526 48.6017 2.81021 64.6431
1.88112 1.65455 1.1438 3.82632 29.6535 75.1467 22.9128 15.961
0.052041 0.0932996 0.140734 1.13805 4.40462 11.9069 1.91088 83.529
3.4681 7.47529 35.7681 1.26504 21.2475 27.956 10.2713 67.9015
23.3037 25.8947 1.98797 13.258 41.8567 49.7718 27.4083 31.0036
3.76283 28.3957 9.18648 59.7114 33.8531 26.4266 31.1002 2.96976
0.656908 4.59883 0.930874 2.25048 3.63087 68.6927 46.4776 19.252
0.971597 3.53878 2.14388 4.31753 32.4324 58.8431 6.80657 52.5316
3.67662 12.9543 2.53886 7.50527 14.5181 26.5519 62.1417 47.0183
0.00115775 0.106127 0.0170608 0.945416 21.7212 76.2285 31.998 0.588765
0.955835 0.859706 7.80208 25.6774 14.4706 6.19732 54.5637 57.8868
10.6996 0.722648 1.39872 22.0043 36.2379 1.42998 18.5922 70.573
2.01309 6.90467 21.9142 13.445 25.0635 30.1327 2.79154 70.1603
5.31757 3.91429 12.1623 19.6814 6.1083 51.7336 2.45573 62.7228
3.4204 8.67619 2.28336 6.48801 16.2528 69.5576 34.7306 20.1705
0.992812 28.2136 4.55932 48.2435 16.727 39.9755 46.9152 15.0503
2.16094 3.12329 0.764496 0.641957 14.5145 79.0438 4.06613 32.9542
0.520377 2.78416 1.20488 25.3648 41.1183 48.0378 50.0923 14.1854
0.0677367 0.108523 0.0625481 0.469763 0.754199 9.60783 55.7224 63.3837
20.8891 9.35307 8.42914 53.851 13.5778 56.4134 11.2402 10.4792
0.163396 2.77633 5.87051 6.18125 18.5982 51.1469 21.9983 62.2352
0.88378 0.376995 0.190172 7.72304 13.4935 59.2033 47.3267 31.5634
0.842161 3.63947 1.03261 1.67939 0.517567 6.68555 0.231564 84.4419
18.2785 5.69191 7.60144 47.8291 37.5429 50.6063 8.11603 25.656
0.265806 0.760827 1.20483 5.03508 25.097 62.3644 52.1013 2.83736
1.21274 1.58665 0.281941 6.86373 18.7496 47.8006 65.4876 20.8837
0.941805 0.851027 1.12171 0.336114 3.69381 4.36281 1.14718 83.9278
0.416523 0.400926 0.881241 0.0336703 10.475 3.28757 18.036 83.9821
0.250906 7.80203 0.601099 25.3289 45.0214 63.0909 22.5188 11.8335
13.3593 15.4341 11.7582 12.1669 40.9379 67.9735 7.08862 6.78303
5.22748 0.684581 2.87225 17.6452 38.0362 26.6027 68.7733 3.32536
0.0521653 0.115213 0.320639 0.469471 0.331475 1.83904 29.6181 80.4687
3.76781 3.73078 0.431844 1.97761 27.8172 78.1401 17.8842 3.80378
0.140325 0.0362265 0.856006 0.493377 4.67121 30.8928 52.9134 59.4799
0.766417 3.98496 3.8978 1.92018 6.06431 13.0934 3.92182 83.8386
0.0741866 0.321402 0.0966755 26.1948 39.374 4.90076 8.4509 71.7394
6.27524 10.8267 14.653 13.541 23.3541 46.5105 8.53797 64.8303
0.543955 3.36186 2.2773 10.7844 47.5361 44.0484 37.0878 41.1196
0.0474742 0.355969 0.658269 1.24045 1.51517 12.2149 11.33 83.3166
0.836519 1.84028 22.3454 45.3861 34.2426 20.3609 5.12965 55.1151
1.12937 0.62863 2.12946 2.34943 0.736906 61.0763 37.6851 45.3084
3.34146 19.7108 11.6853 12.769 26.5982 37.7626 18.1681 65.3088
1.14796 5.37382 3.25557 11.1209 31.9493 26.4936 45.5113 59.005
0.559117 14.3621 1.09199 21.5283 5.23854 42.983 21.3559 66.5028
4.93657 2.81128 8.86057 5.28594 37.7437 23.8549 54.0797 44.2445
0.920973 3.42805 0.255197 0.839721 9.29937 5.97922 6.67889 82.7543
0.0235473 0.194849 1.2678 12.7406 34.8719 23.6811 65.4779 33.9957
8.66355 11.3137 8.883 11.8968 31.097 46.7612 34.1539 52.614
3.33607 1.28371 1.13213 2.23229 28.0857 65.9085 38.6842 28.4752
2.44085 1.86448 3.19135 2.80584 31.5073 50.7168 17.6396 57.5202
2.13962 4.3425 7.17902 18.768 66.8405 12.0863 42.0806 20.9906
0.20184 1.81771 1.79578 9.3357 15.8286 31.3348 6.09586 77.8971
4.33725 8.80465 1.87378 8.94706 2.14595 32.8778 23.4573 73.7068
1.38997 1.96947 1.75721 0.528388 27.7411 18.2305 73.7135 28.0448
9.93614 1.67701 6.57703 27.2673 11.4534 66.7569 0.79231 42.843
9.91542 5.10785 6.76333 5.21153 30.018 40.3187 34.843 57.3486
1.09853 0.64247 0.200376 1.37472 2.02147 36.3475 75.3683 9.06033
11.3234 8.32248 15.2375 37.3966 34.8651 26.0351 3.7502 60.5783
7.67225 6.40014 3.95485 5.37352 9.46897 37.2127 75.7587 12.8269
0.874924 0.355569 0.533963 0.639955 2.77619 66.0703 2.59696 54.7458
0.11442 0.815327 0.73349 1.51902 15.2877 62.7197 9.85754 55.7382
2.30188 10.0146 2.21814 1.25998 32.6495 32.8786 55.2325 45.7458
7.02041 11.7621 14.2468 13.6663 6.87058 28.1016 35.0738 68.7742
3.43969 3.71018 2.50657 3.8409 30.3553 29.4827 70.5094 24.6437
3.9505 8.00397 0.753694 5.48613 10.5903 7.54102 54.3125 63.5351
0.268232 0.228968 0.678396 3.95019 20.7742 15.0938 26.5304 77.037
6.69135 2.33509 5.68257 7.05808 57.8645 50.5093 32.5418 14.4302
0.423057 4.27424 8.76815 4.45148 17.4998 15.4156 15.9821 79.6356
0.18555 0.18217 0.0648541 0.241874 2.5836 0.90812 0.0980469 86.727
6.6996 8.83331 2.2295 18.4975 45.3281 48.9414 36.3493 28.1147
4.58987 5.15822 16.3555 41.3627 32.9826 32.1974 5.50057 55.0997
0.88584 1.73665 5.0341 2.10999 20.7686 71.0589 5.71371 40.5914
0.00455381 0.162258 0.904885 4.88993 3.19755 62.6642 3.57441 57.666
1.87321 0.768441 3.23738 0.63894 13.8575 65.0325 35.7133 39.7117
4.15428 1.20894 4.03938 7.19072 9.86611 38.4079 22.4438 69.7637
29.2461 12.3743 6.80723 27.7392 10.4681 54.2743 11.0506 47.6101
3.4537 1.24219 4.75166 6.14116 5.44706 30.4165 32.9547 72.6397
0.149569 0.189897 1.04642 5.89103 10.8383 48.4528 31.3057 60.966
1.76913 2.55253 1.60888 3.66012 0.350853 22.963 5.4907 82.6757
0.00291383 0.0265757 0.226243 0.240234 1.91595 1.96432 1.46982 85.1213
0.391655 1.5464 1.06473 3.02075 5.68577 12.8461 9.19377 84.1512
12.5474 14.6001 15.3948 1.98086 9.67925 18.705 64.5712 46.3472
0.208215 0.393123 0.389536 0.797392 1.6434 3.67496 1.73754 85.6235
1.07695 0.444845 1.16238 6.8887 2.44181 16.884 2.65501 83.7168
10.4548 12.7191 11.0624 7.56856 10.9993 50.7463 23.3869 61.0004
1.7612 4.88721 11.8472 0.697556 50.0184 7.22709 36.4169 55.9057
2.08049 2.55187 1.86897 0.325682 20.0121 62.037 47.2805 32.2225
2.43284 4.12658 1.21494 5.69 11.8196 55.3572 18.4579 61.0168
0.0574011 0.0317374 0.195866 0.00889954 0.382099 0.636497 1.12561 84.9022
0.677751 2.53263 2.98616 2.3078 5.67346 56.0032 11.4832 64.2953
0.0685756 1.78514 0.461443 10.4656 4.65966 20.4314 13.9547 81.4863
0.0193193 0.419628 0.424055 0.391319 0.019436 1.65259 6.6941 85.2058
0.327236 0.377129 0.122602 7.17061 1.50025 72.6834 1.05072 42.4611
0.268406 0.2806 0.12065 1.67144 4.35577 1.08048 14.8821 84.6269
0.0489134 0.507351 0.311317 0.16677 1.74986 83.891 12.7942 8.18456
0.614514 0.563151 0.105698 0.745856 4.82579 21.5799 69.9057 45.0862
1.43527 9.03313 1.72117 9.02799 13.3302 14.6311 7.25216 80.5011
0.0640687 2.32129 0.336783 0.979324 27.6735 2.57922 0.964474 80.091
0.135956 0.301853 0.627283 0.352311 4.24624 20.7476 70.8105 42.9821
2.60472 0.262744 16.2723 2.53558 47.2207 10.3362 22.6999 63.2458
9.57722 13.744 1.40007 36.4384 39.7193 37.3757 50.2104 15.4963
0.0128896 0.0757696 1.34962 1.04595 1.79183 31.5008 63.1373 45.619
1.03339 4.95543 8.06993 5.95936 44.6533 67.2552 20.9732 13.9081
0.135857 0.0880133 1.24801 1.8323 82.8112 9.36645 21.9405 6.91706
1.2737 1.42566 2.17126 12.5575 23.6559 68.4823 0.942906 43.9289
0.362861 0.316625 0.340651 0.355379 1.6598 35.8928 23.2992 73.489
9.52883 3.32242 3.69384 2.35696 37.8035 64.9582 12.2773 35.9704
10.1297 11.1625 9.56677 1.79717 19.6067 30.0236 36.3037 66.2292
13.3032 2.96295 13.9344 20.6587 37.5592 41.1797 58.0077 8.15685
0.473048 0.225758 0.784737 2.20321 5.42399 2.11197 7.68358 83.7459
0.0673772 0.0473563 0.123604 0.102551 2.14679 5.89056 0.959574 85.8701
0.431935 0.0196212 1.76718 1.58546 10.3696 1.30382 64.6178 55.6312
1.10675 2.24745 2.94857 11.0517 6.66726 20.8956 67.9844 45.1991
3.46047 1.78668 18.2784 21.8629 11.0132 49.5608 44.5919 42.439
0.305354 0.371351 0.43734 0.113825 11.3132 71.4516 13.9626 46.5543
0.670273 3.53045 4.16131 6.60555 64.3411 51.2298 7.30597 18.5876
0.0848955 0.50428 0.244124 0.0575713 0.505908 25.2707 4.9856 81.8179
0.0164303 0.351139 0.0330829 0.354551 22.0965 81.2994 12.6977 9.62364
0.0997081 0.536498 0.575245 0.675192 20.4648 75.7166 35.1118 5.92288
0.00802829 0.0943822 0.409533 0.752606 1.8607 6.50128 13.4096 84.4479
0.0709905 0.205657 0.1095 0.0609449 1.43926 10.6877 62.1011 58.5609
0.0776165 0.0662213 1.02798 0.71132 5.28339 9.76801 37.5143 74.8266
0.169965 1.69228 2.61521 14.8269 54.3646 44.144 22.2875 41.443
1.31741 4.73134 4.02372 5.75577 2.60755 60.7247 44.88 37.5828
0.0251675 0.0409051 0.00836387 0.0286271 4.35349 63.5636 51.0542 28.5189
0.0542613 0.0971227 0.827747 26.8546 13.2062 39.5153 63.1265 29.16
0.998437 9.78755 3.83792 11.9789 13.7509 75.097 18.7378 27.6136
10.5304 0.713259 0.628585 12.0223 17.6991 7.40827 0.892168 81.7079
1.98526 3.1481 1.88075 27.0228 16.9023 44.9074 39.6294 52.0054
36.6899 0.468286 61.7187 9.98005 19.4177 22.7695 22.3409 22.4259
1.99975 14.3085 10.0128 25.6277 37.7002 68.4829 2.51605 16.423
1.0688 0.131981 0.391677 0.314454 1.90299 30.8545 5.18214 79.3867
0.0239063 0.0968695 0.040053 1.84719 25.8421 74.2446 25.1371 13.9773
1.31362 5.40359 3.33048 11.0085 10.6053 65.7461 13.7366 48.23
0.131778 0.645787 0.507849 20.8068 38.3706 37.523 47.5745 41.6305
0.0197983 2.02058 1.98233 0.405828 1.29049 26.6084 1.16713 81.1644
2.62944 3.14775 4.77769 6.10509 13.8364 47.3094 24.052 64.5457
0.233192 0.161759 0.209411 2.03455 24.2485 47.3041 54.9034 40.0281
2.62102 6.87587 21.173 7.07917 52.7876 46.4859 16.6613 39.687
5.54342 6.15992 2.92124 7.33697 19.3482 74.3699 18.0402 30.1167
2.01241 1.98502 2.29186 3.00029 33.5752 47.1542 27.2259 55.1071
0.00550041 0.0111624 0.0621207 2.94026 3.68979 12.9852 65.0006 51.5812
1.21708 3.03249 1.71319 1.45398 11.6612 63.3815 19.7718 52.7775
3.60927 4.94972 12.5434 36.5021 36.732 44.7828 10.426 46.552
0.193374 0.158629 4.72683 16.1192 46.2774 43.3689 49.3075 24.0983
0.315792 5.87352 6.69404 23.3505 15.6953 10.1638 28.3096 72.6649
0.635949 1.99838 0.842171 1.98436 12.6176 60.8476 13.8029 58.6354
8.3511 13.9516 3.66913 2.08442 53.5712 52.6435 22.3999 30.6458
0.520802 0.575852 0.0453114 0.785298 1.48513 1.28348 0.628666 86.2118
0.00461703 0.121132 0.149595 0.664757 9.3673 8.15593 6.01566 84.9496
0.917685 0.530993 3.19682 7.73667 7.96948 27.8932 18.4087 78.1351
7.0146 0.0982008 8.97496 30.022 42.191 47.1931 27.6893 37.7476
6.12275 18.4528 5.52003 6.7962 47.7732 39.4668 52.5622 19.8692
0.0829823 0.181271 0.254252 0.648088 1.4933 2.35146 65.3081 55.544
0.0272911 0.0539395 0.0251391 0.115594 0.835891 0.381 1.30656 85.9029
4.32715 22.8745 8.27426 48.3203 7.41281 48.3108 28.6327 32.6389
0.125991 0.660737 0.0939441 1.72339 1.13326 7.3859 12.5542 86.0729
0.0354233 0.121496 0.137479 1.20021 5.30468 46.3475 54.7821 47.9298
2.99328 1.73828 1.83007 12.1252 33.1081 1.57713 69.1289 33.8154
4.56807 3.49395 3.00573 20.4022 44.5732 43.4642 49.248 22.9324
0.0154757 0.0571737 0.119404 0.204282 0.305194 21.0258 26.196 79.7347
