2 0.0616188
0.000346649 0.00146684 0.000541588 0.00453943 0.0119733 0.00691502 0.00808821 9.15148
2.8506 2.32587 4.67384 7.11757 2.89739 2.9347 2.10243 1.03793
0.00037016 0.00152702 0.000593795 0.00473672 0.0123509 0.00194216 0.00749563 8.43647
0.318632 1.37472 6.58289 1.20173 1.53447 1.81135 0.695386 5.43751
5.42154 2.81176 1.2801 0.714633 3.99709 3.79637 1.80705 1.76856
0.0521475 0.0405106 0.137879 0.63541 1.93161 0.327227 9.64307 0.0105592
0.00117913 0.00520013 0.00172921 0.000912338 0.00192555 0.0484199 0.0259276 8.55078
0.73207 0.234113 0.222777 1.12276 7.40384 2.53895 4.17777 0.00106556
0.121452 0.571128 0.184974 0.862456 8.14991 2.72769 4.53469 0.00116001
0.00356663 0.000836637 0.0342561 0.0910787 0.355263 0.0945286 1.82526 8.4313
3.94441 5.20679 1.48485 0.591917 4.24124 1.84626 0.883217 5.05269
0.125554 0.272066 0.148595 0.380722 0.685908 9.30809 1.36282 2.56285
4.59872 0.650382 3.04534 2.01807 1.28364 4.80936 2.56724 0.801895
1.03293 4.33222 1.2528 1.25429 2.72283 5.19509 4.57134 1.18044
2.97137 4.87784 1.32666 0.816423 3.73684 5.47351 0.871468 1.03271
4.20735 3.55791 1.78874 0.83062 2.0262 1.73275 3.72961 2.51622
0.375284 3.74681 3.74381 1.88149 2.73796 4.9604 4.98721 0.163982
3.25261 1.84095 3.75849 4.24591 3.86634 4.01912 1.86735 1.85832
3.56193 4.69122 1.36678 0.568287 3.84548 5.27285 0.871804 1.03597
1.9491 1.20568 1.43137 1.39671 1.56463 8.94276 1.18071 1.30099
2.56731 2.65081 1.08394 3.81084 3.02353 0.683022 6.08363 0.4194
0.239983 0.0416951 1.60968 0.354274 7.57341 3.83332 1.37708 1.22319
2.37644 1.10132 5.27104 5.03831 2.74549 4.31662 2.42087 0.502532
1.9317 1.03397 0.935034 6.75948 1.66861 0.97466 3.90082 4.43477
0.125079 0.904938 5.75133 1.4539 3.09211 2.94284 4.274 0.72121
3.69412 0.605135 2.45397 1.62539 1.03312 3.87507 5.31526 0.606129
2.62847 4.61368 1.36475 0.827776 3.0346 2.0574 4.38919 0.565307
1.48003 0.842643 4.96445 3.96035 3.06581 4.0232 1.94576 1.59918
2.22021 2.02403 3.76912 1.28867 2.67247 2.78202 5.42143 4.06547
0.228625 0.149585 2.43033 1.89544 1.60879 7.76505 1.13075 1.15802
2.88336 2.48424 4.7762 1.6284 3.38247 3.51985 2.62262 4.10905
2.03344 2.91051 3.75038 4.09052 3.7279 5.6043 0.877782 1.09402
2.09499 3.08311 4.57693 0.573339 1.91601 0.867221 1.02064 5.34685
1.67333 0.712598 1.36454 5.4617 2.08072 1.74882 3.82681 1.08547
4.42607 0.550979 2.92324 1.93517 1.23868 2.52027 5.23608 0.628807
0.292773 1.11848 5.41043 0.983646 1.25709 1.48446 4.30161 5.48743
0.971413 2.2658 6.2059 0.633602 4.24974 2.0255 1.00032 3.39048
0.257424 0.106061 1.04719 6.29347 3.59698 3.16489 1.32216 3.82493
2.93333 1.90916 2.09034 6.43583 2.82527 1.02072 1.11672 1.11001
0.943744 3.2205 2.9296 2.6295 2.25816 4.38896 6.96828 0.235105
2.44963 1.39272 0.483889 3.68599 5.09129 1.25564 1.55576 5.90955
0.307929 0.172666 0.22212 1.81129 0.484295 8.58141 1.64861 5.35511
0.138974 0.254853 0.440712 0.098281 3.21826 0.859392 9.21698 0.644431
0.697773 0.49819 4.28026 0.756609 0.714942 3.41422 6.75873 2.67911
1.70393 3.49411 4.622 1.18032 2.26925 4.16329 3.53066 1.20976
0.486072 0.418763 4.38158 4.57 3.40458 3.55274 2.52999 4.12215
0.990973 0.295179 2.12446 5.86692 1.39026 0.804362 4.26694 2.03746
3.92315 0.630837 2.59938 1.7132 2.4665 4.46299 4.50799 0.62743
1.02028 0.728174 6.41233 1.14695 0.909696 5.09405 2.79324 2.69819
0.992926 0.710262 6.12021 1.12107 0.916401 4.75268 2.67514 2.56086
0.39777 1.48607 3.02741 2.84524 6.12589 5.4511 2.36327 1.25991
0.242279 0.664236 4.07953 3.5742 3.18827 4.2798 3.54382 1.51089
2.00511 1.68179 3.38302 4.40996 3.24984 3.4329 2.52444 3.98514
0.261403 0.843888 5.15397 0.971054 2.01459 3.54745 3.10564 1.04732
0.94884 1.74554 2.96599 5.6168 1.26685 3.0252 3.59567 2.09099
1.59567 1.84151 2.02666 6.14238 1.89838 1.06631 3.84842 2.69417
2.74226 1.2787 4.63213 4.74099 2.60636 4.08371 2.39653 0.475152
1.7387 3.05492 5.26895 3.42071 1.3274 3.25261 3.85005 2.25389
0.00916384 0.00938063 0.00338598 0.0122111 0.0308212 0.0170503 0.19383 6.72097
0.547484 0.311119 0.251138 6.65338 3.48041 3.88961 2.03124 1.63538
2.78821 2.40173 4.83319 1.61478 3.09771 3.43656 1.65871 5.10344
0.123166 0.994558 6.32162 1.59621 3.39707 3.23242 2.753 0.69907
0.791611 3.73213 1.23432 1.4283 0.425807 1.1593 5.66975 4.65392
1.17406 1.28116 4.35306 4.80646 3.76305 1.71619 2.95573 5.26665
0.0130514 0.014089 0.0830003 0.377354 4.51942 7.47145 2.62438 2.20992
0.226784 1.26544 3.21816 4.45189 4.30169 2.58315 3.79211 0.367025
1.66702 1.97592 2.03637 5.54033 2.1605 0.986931 5.58168 1.6987
1.76709 1.40155 2.20388 1.27912 4.93954 1.047 1.64625 6.10423
4.46325 3.18186 0.807119 1.10839 0.978355 5.97069 2.73248 3.82014
1.76868 1.63739 0.820289 2.00057 3.55631 0.426697 7.60294 1.81984
0.116342 0.420772 3.6601 1.19495 5.33869 0.821957 1.49236 4.33937
1.90406 2.19869 2.46005 6.1454 1.52905 1.07993 3.95483 2.82667
2.32716 0.971808 0.452654 3.29278 4.54872 1.16971 1.76448 5.36412
0.94895 0.539906 1.11945 4.36523 5.62578 3.77314 1.98545 1.58333
0.291463 0.464596 1.49569 0.462719 7.03396 3.683 2.47442 3.91393
0.447326 3.35545 3.20979 1.2732 2.77766 0.570206 3.21592 4.30882
0.625472 0.230361 0.420034 1.48455 7.27107 3.97462 4.70337 0.765825
0.157462 0.917354 5.88792 1.08748 3.11879 2.96676 4.31008 0.727681
0.0563777 0.0618416 0.505232 0.143236 4.76215 0.483763 4.43272 4.36408
1.16406 2.03615 0.534561 5.71874 3.67349 2.30913 4.39267 3.11091
1.50558 1.51909 2.79835 2.78385 2.54106 4.09909 5.08996 1.68239
0.773305 0.625592 3.50789 1.49959 3.77166 1.62043 1.58112 5.33137
1.56599 1.18546 2.30238 3.30383 3.43465 4.21183 3.51389 0.847272
1.01323 0.724068 5.9408 1.07948 0.8034 4.73492 2.60934 3.61044
0.00863853 0.00430334 0.0448186 0.114384 0.505546 0.248694 4.46651 7.40138
4.46879 0.747279 1.13976 1.19572 1.1946 2.21387 1.38393 4.83286
0.956 4.67139 2.13177 4.94331 0.642891 3.27044 3.82478 0.833908
2.07863 0.834328 2.65843 2.72687 1.14771 3.07145 5.63041 2.80309
2.13584 1.01771 0.497213 3.0876 4.15167 1.1193 1.66816 4.9766
0.256447 1.45888 4.06257 3.75292 0.683413 2.08394 6.32399 0.382631
1.42222 2.14146 1.33827 2.08402 2.64887 1.79162 2.07776 6.30258
0.16593 0.313039 1.84869 0.384131 6.55254 3.46193 4.6981 4.13559
0.10388 0.282866 2.74236 1.45409 5.24078 4.13114 3.43173 1.38775
0.778545 0.596424 0.539607 0.801238 4.92797 0.622127 4.00463 4.71793
0.478668 1.57679 0.692303 1.51009 2.50421 4.5778 5.00781 1.58151
0.302964 0.554337 3.01793 0.580547 0.741263 0.661248 8.95057 0.644809
0.172246 0.0995703 0.0188582 1.86115 5.72018 2.28767 5.05027 5.64949
0.446209 0.645247 1.63958 0.367075 5.48949 0.925793 8.04407 0.0106609
0.593663 2.92412 3.09893 0.879746 1.68751 0.52562 3.77463 5.25834
0.54001 0.43678 1.10063 3.42479 0.768413 0.414907 8.4894 1.9912
0.57678 2.96702 3.01265 3.3776 2.58269 4.77005 5.37187 0.163232
0.276979 0.042882 1.06282 6.47532 3.69038 3.38342 1.2109 3.94529
0.63003 1.12764 0.623877 2.81919 1.42012 6.9546 2.18005 0.117474
0.55815 2.79122 2.9569 0.802442 1.60531 0.485196 4.36762 5.45039
0.106975 0.398943 2.93539 3.36744 6.65507 1.80674 2.69635 4.20758
0.590794 0.460943 2.59417 0.736255 1.44467 3.42589 6.15035 2.43174
0.00874268 0.0021788 0.0726109 0.0794582 0.311564 0.0893161 1.5287 7.08348
1.24063 2.0644 3.99422 2.90309 3.08996 1.9435 4.7689 4.46867
0.192161 0.578556 1.74381 4.90411 0.774508 1.47025 4.18888 4.88649
0.495855 0.36915 2.46385 0.741741 5.40837 1.2339 3.28251 5.53037
0.733018 2.33751 1.01563 2.45304 3.8694 3.48214 5.48449 1.16169
1.59165 1.24316 3.41465 1.445 0.752837 7.09231 3.36281 1.60788
1.09371 1.62818 1.03086 3.19249 2.97342 2.00158 1.18598 5.17973
1.68181 1.3011 1.73571 1.32554 5.85723 4.65374 2.58735 1.0786
0.288393 0.0674944 0.20295 0.21615 2.30448 1.82359 9.09626 0.22532
1.17195 2.11825 4.03786 3.59706 2.44195 1.70006 4.77706 6.00885
0.878395 3.38299 0.836131 0.984535 3.42226 0.863468 6.87559 0.0433264
1.30241 1.42887 4.86073 1.41706 3.10621 0.786788 2.43598 4.22565
0.891729 0.636245 5.29387 3.32338 0.808015 4.98579 2.68934 3.7444
0.923465 0.719938 3.91009 0.402291 2.0605 0.451252 5.96168 3.39289
0.956398 0.777689 0.678288 1.00714 6.19238 0.782388 0.752642 4.71316
1.74235 1.42123 2.75317 0.489811 5.01484 1.96232 3.49435 0.760233
0.0158544 0.00723273 0.0276803 0.0375039 0.362259 0.194943 0.387183 7.58605
0.200877 0.435674 0.240269 0.606365 0.229247 8.40818 1.23122 2.3169
0.723359 1.25353 0.49478 2.75226 3.45729 0.647611 7.42272 1.74214
0.0385865 0.00477537 0.0295772 0.00674685 0.100381 0.166098 0.479027 7.7233
0.204625 0.568463 3.61387 3.15847 2.80356 3.76453 3.09785 5.50224
0.243761 0.800715 5.34641 0.740028 1.99913 3.62183 3.16495 1.07419
0.537124 0.434081 1.09576 3.4254 1.21999 0.417535 8.78511 2.06447
0.014244 0.006498 0.0248688 0.0334589 0.285124 0.178629 0.317684 7.59359
0.495774 0.230452 4.9468 5.77153 2.71307 4.25839 1.87219 0.48875
0.898584 0.131558 0.129593 2.1061 4.38948 5.12692 2.14292 4.6237
1.4825 0.595495 1.88664 3.63599 1.14377 3.05774 5.60417 2.79005
0.604388 1.07323 1.63931 1.82008 1.33415 6.10298 4.06067 1.42163
1.8412 1.85759 3.07248 2.15137 2.60097 4.18776 1.69917 4.03401
1.25803 2.23272 0.740513 2.89691 1.4062 5.33832 4.03808 1.41322
2.37791 1.96867 3.75767 0.692054 1.64421 1.72747 2.95211 0.641677
1.64849 1.28772 3.5357 1.4974 0.781075 7.05352 3.0612 1.74569
0.447744 0.117598 1.28806 2.10231 5.53511 3.89753 3.17055 1.83523
0.322481 0.188181 0.0601078 3.20114 6.41424 2.49477 3.65835 2.22139
0.584155 0.368754 0.0756266 4.14137 2.20993 2.315 1.47692 6.39452
0.733051 1.30084 2.25424 3.5325 1.90032 4.83786 4.07449 0.838109
0.496101 0.247799 0.519685 1.85087 2.51683 6.18368 3.33833 3.28431
0.893363 1.8919 2.29455 0.365504 4.25616 1.34626 3.47539 4.14508
1.60229 2.31272 0.884752 1.32931 1.07853 7.95827 1.89368 3.53301
1.90263 1.21035 0.568857 2.18597 2.93695 0.786808 5.86579 0.0370524
0.643243 0.283302 0.651574 0.276908 2.68774 6.58866 3.4723 3.07515
0.0579069 0.00923554 0.458187 0.359582 5.13922 3.1431 4.22697 6.57589
0.0889134 0.591247 2.82439 4.61884 2.19623 5.90482 1.68864 2.50357
0.662702 0.857527 1.48179 1.6392 1.69319 0.352256 5.39267 4.70508
1.34106 0.272329 0.463691 3.23606 2.61642 4.5585 3.85236 4.54122
0.738176 2.02187 4.0182 3.04463 2.72424 3.13855 0.817663 3.68787
1.80421 1.36231 2.80995 2.98248 0.56043 3.50702 5.99023 0.903142
0.512389 1.94747 3.33227 3.02273 2.77936 1.54602 4.24683 5.3252
2.60116 0.415258 1.31905 1.04404 4.59956 4.6985 4.56984 0.550885
0.345477 0.594199 1.27746 2.54741 1.33122 6.39668 2.05564 0.108442
1.32989 0.803561 0.458621 2.97352 3.72115 0.654684 7.98309 1.87328
0.522752 0.460006 0.159586 2.47884 7.28939 1.69964 1.8218 1.08067
0.0476694 0.0671184 0.621896 0.489156 6.71991 3.09642 5.20986 2.17686
0.553038 0.303672 0.473171 0.967931 6.29747 1.78543 3.72914 0.98526
1.20241 2.46205 3.24787 0.873181 1.60343 2.93822 6.3943 1.19381
0.727526 0.567797 3.18759 0.805384 1.76427 0.389253 6.62441 2.33979
0.35711 0.0835451 1.30568 1.74855 3.9677 4.67295 5.79184 0.907216
0.400168 0.409804 3.91294 1.00533 2.11476 2.14152 4.97293 3.82058
0.0168333 0.00696259 0.0288139 0.039041 0.34206 0.185527 0.366425 7.18331
0.840879 0.848414 1.56229 3.84736 2.44779 3.9473 4.90229 2.5296
0.0770576 0.0185897 0.580356 0.202743 5.05598 3.10559 3.72874 6.26665
0.107988 0.0546059 1.05707 0.603497 1.78042 5.84859 4.36616 1.5007
0.467281 0.117817 0.632896 1.7816 0.401971 7.42872 3.33956 3.42963
1.26586 1.85548 2.75232 0.951997 1.20719 4.39391 1.02957 4.98699
0.264977 0.221226 0.521175 1.35294 3.28408 4.11127 3.03972 5.1447
2.83278 2.32255 4.01412 0.672304 1.82981 1.8832 3.88898 0.745453
2.04781 0.498163 0.715454 1.0373 0.287841 3.77471 5.85295 3.02646
0.264719 0.880244 3.30535 4.99023 2.24409 3.99362 3.37025 1.12541
0.738822 1.32809 0.422598 4.21432 1.84375 6.23918 4.65761 1.64376
1.07676 0.831568 1.29204 0.894477 4.17174 3.27595 6.94115 0.863223
0.12993 0.284482 1.92603 2.33004 6.94249 1.818 1.6658 5.07173
1.16166 0.812964 1.28532 0.9113 4.43799 3.44853 7.32812 0.910869
1.69897 2.01324 2.07713 5.64267 1.389 0.981332 5.5132 1.67281
0.0687182 0.122567 0.212206 0.134749 3.11815 5.72369 5.19446 2.0958
0.547762 1.04549 1.54427 3.49517 2.26364 4.62012 5.19164 1.65009
0.0864259 0.31848 2.78441 3.18286 5.85228 5.22323 1.78158 1.19159
0.100915 0.522057 0.323315 0.575794 4.64945 0.464514 4.60046 6.15356
0.149775 0.704317 2.90332 1.92599 2.19222 6.63021 3.88082 3.20801
1.01365 1.23418 1.25579 3.43968 0.817633 8.07093 3.26063 1.83987
0.0355957 0.00931472 0.0141918 0.0606201 0.165968 0.412203 4.38671 6.90739
1.39918 0.791053 0.453504 4.72851 6.09635 4.05439 2.09439 1.86628
0.357384 0.561188 0.254073 5.80997 2.88942 3.7975 4.66583 0.197099
0.549075 0.312129 1.53056 0.909483 1.1038 6.80881 2.82606 3.92075
0.85683 0.657782 0.594211 0.882362 5.4305 0.684405 3.20883 4.75216
0.559575 0.494918 0.244828 0.121621 0.272386 6.75483 3.63437 2.61174
0.225469 0.395518 0.47819 1.55752 4.5708 5.21586 4.15964 2.93636
0.405506 1.1774 0.535613 4.41818 1.09131 5.16262 3.79291 4.21726
1.37943 2.0448 0.593401 0.529884 5.26876 1.08199 1.76026 5.34316
1.60138 1.89342 1.96139 5.01517 1.30035 0.996256 5.01405 1.5189
0.00717055 0.0429112 0.0103306 0.0450857 0.345215 0.585335 2.89665 8.00443
0.885488 0.415659 1.8858 1.54056 6.84507 3.88506 2.06679 0.668239
1.09858 0.383763 1.05614 1.52928 3.59582 5.98105 6.31671 0.776531
0.0100362 0.00473087 0.011519 0.043892 0.031695 0.407558 2.6022 7.28749
0.119109 0.165273 0.265636 2.71503 0.305339 1.57927 5.52225 6.07992
0.621459 0.43848 4.92407 0.996688 3.07946 4.45055 3.37674 2.47738
1.21335 0.697455 1.43439 5.46876 2.16553 3.2561 1.77662 2.43927
0.65116 0.457233 3.00819 4.78811 3.43598 4.97246 3.63205 2.69514
0.0102675 0.00414987 0.0326008 0.0561146 0.484061 0.374414 2.51381 7.92525
0.271631 0.200677 0.121107 3.68429 1.93282 6.32398 3.66145 1.39531
0.361188 0.282088 3.54246 1.6636 3.72365 6.55912 3.32629 1.61134
0.198513 0.438864 0.201749 0.524741 0.146872 0.103158 7.67213 2.57396
1.29412 0.977941 2.00482 3.78787 0.557399 3.4376 5.86814 0.884758
0.614645 1.51759 2.11754 3.12028 3.82702 1.14457 4.77399 4.3949
0.117924 0.771041 4.79394 1.22938 2.59285 2.62405 3.62339 3.87327
0.245698 0.365616 0.099034 4.25195 3.88722 3.50478 5.50462 1.14785
0.140065 0.170985 1.86346 2.64694 3.88975 0.572862 3.89531 4.53575
0.0822839 0.145447 0.0483791 1.21559 1.44451 2.41657 6.90311 1.35292
0.422574 0.383114 0.163288 0.122341 0.205341 6.48641 5.30336 1.63962
1.13079 0.874677 1.15892 0.881956 4.07618 3.21101 6.46872 1.08596
0.0800966 0.190423 0.234108 0.0773475 0.757344 0.924398 6.82245 2.88713
0.519845 0.673821 0.727984 2.31192 1.76285 0.353731 5.6451 4.92042
0.0704502 0.0764861 0.44514 2.07788 3.50227 6.7361 2.40645 3.85782
0.461014 0.15614 0.644672 1.13413 7.5255 2.57257 4.23826 0.00108218
1.11621 0.728353 0.835879 2.40002 1.48542 8.31992 1.15019 1.21361
0.0106074 0.0132376 0.0205393 0.0267997 0.00555636 0.36203 0.594528 8.17004
0.697977 0.558822 3.25796 1.36362 5.18463 1.19656 1.73224 6.0288
0.24604 0.285244 0.205022 0.662867 6.88191 3.58107 5.44837 2.27958
0.00991229 0.0283499 0.00576311 0.0292913 0.342122 2.71233 7.78674 2.9736
0.00947598 0.00727651 0.0405936 0.168119 0.873889 0.517636 4.69993 6.92722
1.19283 0.521337 1.21914 0.507879 2.33817 6.91232 3.61466 3.54945
1.0854 0.883398 0.772324 1.14593 6.97784 0.903696 2.42409 1.2834
0.134073 0.251986 1.4064 0.415756 6.35661 3.32421 4.50896 3.90377
0.828783 0.321883 0.551793 0.488506 1.02596 8.23681 2.145 0.810848
1.44761 0.174358 1.10764 0.246929 3.77627 6.25639 2.69461 0.17034
0.223103 0.169217 0.469001 4.193 0.749922 7.10756 3.61179 1.62787
0.0951116 0.0668036 0.0405695 1.15825 0.189452 1.89588 5.84795 5.78018
0.135038 0.618086 0.40044 1.4019 6.7419 3.71253 4.3971 0.238706
0.180262 0.609705 0.264424 1.46187 3.20256 4.80182 5.24226 2.28642
0.239572 0.446638 3.91247 0.756111 7.39641 1.22855 1.7743 4.1675
0.228856 0.358375 0.163557 3.60309 0.437085 2.10513 7.30803 0.976188
0.388751 0.699485 1.20999 0.778631 2.46573 5.42941 4.94913 3.79107
0.914491 0.709638 3.97854 0.405318 2.15556 0.462864 5.8419 3.37819
0.706385 0.447769 0.0963947 2.36243 3.68071 2.18831 1.41133 6.01747
0.523853 0.931992 1.61691 2.10571 1.2174 6.24031 4.14305 1.45228
0.184405 0.544302 3.30762 4.71134 3.3372 4.50572 3.40207 1.56857
0.268139 0.0391019 0.268748 2.31561 0.492669 8.02527 2.25724 3.79863
0.100285 0.277002 0.55238 0.470029 6.01353 3.23201 2.2637 3.85163
0.247975 0.103492 0.980041 3.36824 1.9027 5.95113 0.770872 3.49104
0.572102 0.897629 0.407348 0.106903 0.173784 4.19212 7.54931 0.946743
0.0887696 0.333492 3.07501 3.51671 6.48281 1.78385 1.72338 5.32896
0.832174 1.22375 3.0858 1.02051 6.78724 1.23845 5.85251 0.0104144
0.846033 0.579286 1.19071 0.875486 1.05417 4.19493 4.42664 5.71351
0.278241 0.19321 0.102419 0.5782 0.341054 0.123083 8.17889 2.75305
0.956355 0.120587 0.225329 3.88781 0.652699 1.81693 6.66478 1.07191
0.820676 0.14615 0.199496 3.29619 1.73804 1.6979 6.23762 1.00446
1.11197 1.20743 2.17655 0.435268 1.34893 0.614515 7.2221 3.23787
0.80925 0.340502 0.546031 0.434125 0.996715 7.89304 2.40699 0.786159
1.54048 0.187155 0.278552 3.52006 2.85039 4.96238 2.08982 4.47841
0.526362 1.93482 0.505186 0.591654 1.97901 2.79528 2.47655 5.63346
0.258369 0.846076 0.37302 2.00802 2.38149 4.34958 4.762 2.32586
0.0332737 0.037629 0.380163 0.546917 1.44853 0.157424 5.2234 6.47835
1.2019 0.770313 0.900979 4.68092 1.84697 0.660475 5.05205 3.39167
1.5726 1.19043 3.33711 1.40958 0.732286 6.99144 1.38235 3.98878
0.754655 0.908613 0.932063 2.52601 0.627988 5.88254 5.37466 1.63009
0.440569 0.366342 0.869001 2.27448 0.82703 5.26783 3.25164 5.5791
1.29268 0.829767 0.455547 2.66754 3.41866 0.60954 7.99044 1.83217
0.961911 0.409757 0.138902 0.25406 5.38169 4.17372 4.97361 0.929724
0.471461 0.160647 0.606532 0.21403 4.12793 3.19195 3.9548 6.21027
0.293327 0.49184 1.58689 0.329353 3.13225 0.557092 5.0311 5.84604
0.073556 0.0129866 0.343097 0.0699407 1.60805 0.352345 8.2944 1.18194
0.304009 0.534842 0.26314 0.0790497 0.823871 4.68959 6.53494 0.575817
0.755725 0.82944 1.11356 1.56646 1.24927 5.28989 5.72838 0.406013
0.0725834 0.0334 0.330317 2.12955 3.02802 6.00349 2.2085 3.46232
0.226494 0.13229 0.0402976 2.22649 4.45633 1.93771 4.21556 5.27925
0.881266 0.558096 0.164254 2.97126 4.46889 2.68291 1.72607 4.94574
0.365248 0.157122 0.427307 1.65947 0.923282 8.15959 5.84288 0.613635
0.542034 0.0587802 0.717421 2.03188 0.448612 8.34252 4.10956 0.635171
0.257935 0.315776 0.460068 2.23748 2.34662 3.28835 6.2307 3.31894
0.0848244 0.0485495 0.118547 1.41503 4.33911 4.41428 4.98358 5.5736
0.113389 0.117059 0.661135 0.19599 1.22918 0.277691 7.27494 5.88703
0.00876091 0.0109364 0.016971 0.0209168 0.035594 0.447117 0.73468 8.2293
2.62847 4.61368 1.36475 0.827776 3.0346 2.0574 4.38919 0.565307
1.77091 1.94425 2.60981 3.6712 2.92168 0.677946 5.86771 0.415905
1.86289 2.04339 2.7442 1.05965 2.31673 0.470636 4.56369 4.35753
1.85013 0.318928 1.4071 5.65774 2.14333 1.79691 3.80205 1.11143
0.349956 1.02584 0.4624 4.69908 1.12578 5.48431 3.98561 4.44687
1.58118 0.257611 0.380401 6.44795 1.50006 3.01959 1.79816 1.02081
0.0473382 0.098523 1.07709 2.89155 0.57173 0.790467 8.5966 0.367343
0.505151 0.119308 1.52018 1.29811 3.69396 4.35265 5.92147 0.754199
0.146552 0.375555 2.61434 3.08522 3.82823 1.14324 4.67033 4.34095
0.860287 0.888468 1.57417 0.312248 0.409027 0.407652 7.87358 3.35221
0.160252 0.0374196 0.75429 4.58834 1.923 5.06128 1.21454 2.23468
1.36565 2.00653 2.74383 0.969478 1.29052 4.55574 1.20894 5.20808
0.237073 0.0359953 1.09389 2.40622 4.61884 4.04613 2.04236 4.34402
0.254662 1.07672 1.00481 1.45471 3.41275 5.66625 5.99486 0.253879
0.493312 0.991612 1.43071 0.865069 4.01432 3.51099 6.59813 1.10854
0.391048 0.730029 0.93681 4.23787 1.49683 5.3127 1.38699 4.30467
1.01466 0.239423 3.06206 3.29261 0.657605 2.75836 4.77063 4.55481
0.313033 0.53757 2.9431 0.555208 0.728734 0.651425 8.69454 0.626702
0.336963 1.19554 1.85988 2.94137 2.13449 4.26764 3.63215 0.741374
0.195419 0.240858 1.26628 1.24832 0.943908 1.12913 7.0954 2.36159
1.54149 1.09613 0.550309 3.37455 5.11204 1.00101 0.784585 4.34285
0.0238828 0.0321356 0.0108703 0.131755 1.11128 7.33283 1.57771 2.08449
0.0106309 0.0132462 0.0205375 0.0268109 0.00477958 0.345492 0.565571 7.77995
