6 0.121992
0.198716 1873.62 2.92276 361.829 9186.24
426.942 0.468117 27.6198 698.333 10637.5
0.0187512 0.12327 0.102652 0.0332666 9627.36
98.4391 321.128 238.111 13.2076 8537.96
503.688 430.277 3341.64 9972.57 235.216
649.549 1525.46 2634.3 8986.8 67.2417
121.49 1102.54 4046.77 8399.21 2300.22
3.48058 3.4707 4.78789 9298.5 5046.02
1954.24 4987.17 1015.13 1010.67 7502.17
1219.53 1139.95 5873.11 79.2746 8041.52
2278.14 1390.55 1190.21 8004.64 5988.59
2283.36 3157.73 2137.95 8695.7 505.27
1474.03 6739.16 1595.26 222.576 6449.8
334.215 4770.16 212.433 117.131 8566.86
3097.19 1804.5 3693.62 7246.23 4719.13
1452.33 1127.73 139.508 3503.14 8163.93
10.5331 49.9196 5636.19 7462.47 125.627
2439.09 2133.7 4011.23 4563.39 5310.26
0.223808 2287.87 226.804 176.141 10362.3
1.57797 2.59642 28.8619 8794.67 75.8529
628.778 6416.07 196.895 679.653 6582.29
1908.07 1085.99 2022.3 4013.44 8350.49
1808.95 114.811 4322.36 104.553 7212.69
1234.74 1437.74 6070.07 7251.66 1918.89
576.955 6288.75 88.0812 479.941 7541.96
19.9675 84.819 82.5123 8460.36 598.968
8.8603 16.4773 888.338 10609.9 105.165
1301.97 121.086 8745.42 1787.06 3032.16
112.92 397.518 2059.35 7575.56 255.348
528.093 183.081 574.068 1640.87 9071.87
0.192977 0.100417 14.6348 42.1881 9691.81
3049.58 2801.3 6173.9 7256.59 1332.67
10.6231 38.992 7.82981 10142.4 45.2947
1.57797 2.59642 28.8619 8794.67 75.8529
15.6914 1366.09 8746.38 6230.34 900.665
4.94621 3.20886 3214.82 7958.33 5177.2
1193.53 1291.4 299.157 803.286 8774.85
424.392 5660.47 1744.34 3372.25 5352.75
658.148 329.296 0.778894 167.693 9111.28
7023.52 65.0136 134.154 8243.23 2906.33
3.68742 22.5319 1980.12 8502.68 3030.19
3.9566 10.5733 18.5077 6022.47 7062.84
1595.98 8250.65 195.192 831.297 4069.97
202.013 112.416 9451.41 180.472 1995.67
2.46711 2.46022 391.404 9557.13 54.4987
14.9154 2984.27 8049.94 2870.79 4166.03
364.327 366.092 522.778 192.537 9998.7
4.68448 2.00539 98.272 10639.9 22.2934
2980.39 5252.35 614.741 494.855 9135.69
476.827 2691.31 1375.91 646.691 8812.91
1784.19 452.825 507.355 56.8348 10641
62.5495 44.6472 42.8418 9211.41 1038.24
263 1364.38 4760.65 7169.13 4886.94
159.263 146.368 240.754 10131 1445.52
4.94621 3.20886 3214.82 7958.33 5177.2
1144.87 3522.42 119.361 172.506 9546.09
311.002 660.901 282.399 483.572 9123.1
877.617 958.917 1036.04 466.343 9613.88
80.6169 28.2896 85.8555 7833.44 4802.99
480.332 506.298 9190.41 1617.73 3691.83
928.983 1218.29 1697.33 8054.27 3431.32
4345.23 953.665 5614.74 2626.62 8151.37
610.796 781.999 201.634 295.761 8943.18
33.6482 58.0349 280.321 9289.45 78.7166
1.86334 45.1347 45.2134 47.1265 10431.7
239.741 236.713 33.6028 566.978 9580.25
312.402 4331.07 278.293 215.962 7466.03
599.384 260.711 9919.23 385.995 3643.66
3966.7 1656.46 3425.77 4104.53 6676.72
222.788 1476.58 926.985 1032.99 9357.33
2266.12 3879.61 835.434 16.9049 9218.74
8849.16 105.789 1042.11 3147.06 3585.71
451.1 59.4244 41.2626 4.15429 10081.7
0.000972731 0.0270096 58.7307 8726.05 3280.52
13.3137 141.32 574.172 9209.39 3189.62
576.955 6288.75 88.0812 479.941 7541.96
34.0051 170.398 1027.56 9764.3 3722.04
480.454 65.5669 100.191 39.8242 9344.93
639.871 640.193 9932.89 470.204 775.051
203.968 48.4787 11.2896 71.9388 9309.48
220.234 10.8395 240.664 8879.82 3889.64
315.58 828.19 2454.29 8706.32 111.361
24.3102 26.4353 14.3717 8467.74 51.9893
27.217 41.7854 337.731 4264.8 9047.55
4205.83 1645.82 5533.19 8814.49 1591.33
1.90235 1466.66 2128.68 5122.53 6858.92
4886.68 392.218 34.0174 433.515 9491.23
506.286 336.426 8469.57 71.3271 3018.8
56.641 119.574 889.092 7664.12 3919.05
3049.58 2801.3 6173.9 7256.59 1332.67
389.973 192.034 8743.1 3388.14 2620.57
14.5968 61.6145 39.4338 13.9914 8648.28
2427.52 718.439 53.1106 142.907 10346.1
19.9675 84.819 82.5123 8460.36 598.968
334.215 4770.16 212.433 117.131 8566.86
1513.26 869.066 0.196605 90.21 9842.74
3912.7 7279.57 15.489 2119.38 3852.63
7861.66 5273.38 1344.21 2292.78 2599.47
0.223808 2287.87 226.804 176.141 10362.3
1238.74 465.296 7362.79 2572.34 6498.36
79.5341 25.9739 9541.15 495.895 22.7921
480.332 506.298 9190.41 1617.73 3691.83
359.048 2.21754 317.497 1236.46 9881.12
415.517 20.8775 1415.19 0.0206058 9541.83
2.46711 2.46022 391.404 9557.13 54.4987
0.0187512 0.12327 0.102652 0.0332666 9627.36
18.1475 91.2979 476.643 10428.4 483.685
588.834 191.392 7853.61 1186.48 3634.8
1784.19 452.825 507.355 56.8348 10641
121.49 1102.54 4046.77 8399.21 2300.22
3937.9 3773.62 5495.98 1616.29 5178.02
1117.24 571.146 3915.65 8432.4 547.198
346.115 486.077 596.199 374.206 9742.1
435.208 265.866 197.577 6.25059 9727.39
114.13 142.915 150.635 8096.24 4846.23
628.778 6416.07 196.895 679.653 6582.29
3111.47 2201.77 585.792 6796.98 4347.52
1123 1248.63 451.844 5088.31 8361.44
3.9566 10.5733 18.5077 6022.47 7062.84
134.696 1580.64 1106.32 520.567 9428.68
94.6144 19.8656 7024.65 1.17157 3695.41
8.99333 7.23058 17.8466 9866.95 277.17
639.871 640.193 9932.89 470.204 775.051
2371.92 391.008 619.085 390.84 9543.52
117.627 880.6 896.704 2379.02 7708.51
1908.07 1085.99 2022.3 4013.44 8350.49
389.973 192.034 8743.1 3388.14 2620.57
120.387 86.5833 10047 1474.8 2168.92
177.39 1887.35 775.414 2070.32 7811.92
14.9154 2984.27 8049.94 2870.79 4166.03
0.890082 172.373 3200.36 8440.7 3746.09
3.68742 22.5319 1980.12 8502.68 3030.19
120.387 86.5833 10047 1474.8 2168.92
68.6756 7.38418 2.97671 0.787481 9103.05
13.2232 10.1196 44.048 0.292417 9987.12
3843.1 1712.72 202.364 9.32227 8770
1017.24 594.61 3897.02 7185.34 3791.54
1234.74 1437.74 6070.07 7251.66 1918.89
2352.96 6821.43 5123.75 1061.95 5336.43
3.21227 138.189 13.6144 8731.99 304.096
3.60147 28.0193 15.037 8490.45 512.875
6.17149e-07 2.4597e-05 27.331 9617.31 1536.06
6220.49 2392.04 5056.97 6000.45 1681.53
11.6086 2355.59 3471.59 915.862 8753
332.98 654.559 84.9986 7812.92 3635.15
417.099 7307.41 6831.37 53.0723 544.911
417.099 7307.41 6831.37 53.0723 544.911
98.4391 321.128 238.111 13.2076 8537.96
5176.33 3091.17 1539.86 7737.75 3415.55
0.000972731 0.0270096 58.7307 8726.05 3280.52
4076.09 71.1872 1764.06 2004.34 7789.86
11.6086 2355.59 3471.59 915.862 8753
117.627 880.6 896.704 2379.02 7708.51
5074.21 729.323 1994.35 6594.32 5897.89
163.094 251.284 9447.01 3573.13 186.449
0.198716 1873.62 2.92276 361.829 9186.24
920.75 638.856 1414.9 4089.61 8444.94
7.66987 1.65508 12.2585 14.2311 11293.5
400.567 153.076 119.819 489.696 10101
332.98 654.559 84.9986 7812.92 3635.15
1.86334 45.1347 45.2134 47.1265 10431.7
113.116 1235.81 2780.27 9810.7 892.304
4590.43 678.062 468.378 7611.78 3146.98
1929.42 1740.73 9283.1 396.228 3137.97
312.512 375.601 370.38 3966.63 8292.9
33.1709 909.692 734.171 804.425 9937.56
340.89 61.1654 2177.08 1545.58 10144.7
315.58 828.19 2454.29 8706.32 111.361
594.9 78.9069 40.8487 15.4775 12053.7
0.850964 1.76576 0.841107 9503.26 4234.08
1898.21 61.0695 1816.96 7762.04 4428.09
41.4832 49.1904 279.026 9186.88 845.576
18.3459 6.98566 35.0252 44.1813 10206.1
105.876 72.732 8697.56 4067.83 1117.09
599.384 260.711 9919.23 385.995 3643.66
184.556 69.5005 2297.51 371.053 10075.7
2905.39 1171.02 4325.12 494.032 8070.86
8849.16 105.789 1042.11 3147.06 3585.71
2371.92 391.008 619.085 390.84 9543.52
15.6914 1366.09 8746.38 6230.34 900.665
0.192977 0.100417 14.6348 42.1881 9691.81
272.923 544.224 487.151 9307.77 234.017
1929.42 1740.73 9283.1 396.228 3137.97
460.078 61.7256 169.708 179.112 8585.12
4157.39 1671.14 7711.45 2633.94 4162.21
502.642 525.686 4919.78 8719.9 833.633
194.82 31.5276 3675.88 2564.52 8583.42
10.6606 49.0031 66.4896 8848.57 132.531
0.0444453 2577.5 3.13588 1838.48 8210.83
197.949 118.633 659.953 294.403 9316.92
482.574 1304.96 3471.01 6996.2 4595.79
315.922 633.153 38.8159 8923.25 45.2237
122.035 113.386 182.895 27.0564 9631.08
6.38403 1592.08 4071.14 7663.18 4384.51
5106.14 16.7737 316.676 321.487 9686.99
610.796 781.999 201.634 295.761 8943.18
637.463 5322.07 1173.72 2197.6 7889.18
4119.17 1884.97 7348.59 6086.1 3075.04
1238.74 465.296 7362.79 2572.34 6498.36
3.20992 51.0408 571.902 2147.8 9373.47
623.556 1424.82 472.066 1745.4 11131.3
691.892 2706.29 3054.48 6365 6531.89
502.642 525.686 4919.78 8719.9 833.633
311.518 1742.04 20.2873 21.9981 8972.81
68.6756 7.38418 2.97671 0.787481 9103.05
3.46996 1.93975 1.55512 1.12293 9903.25
3.48058 3.4707 4.78789 9298.5 5046.02
79.5502 0.458186 9.21011 3.70773 8545.87
8.8603 16.4773 888.338 10609.9 105.165
1219.34 4447.05 100.514 99.8645 8369.23
2.21696 169.241 155.133 3936.38 8991.05
1607.78 1739.98 6776.79 8221.79 763.436
560.976 57.9039 669.791 814.701 9456.99
80.6169 28.2896 85.8555 7833.44 4802.99
898.91 0.254482 193.844 296.041 8075.01
103.074 145.211 132.499 9654.99 306.232
7023.52 65.0136 134.154 8243.23 2906.33
14.5968 61.6145 39.4338 13.9914 8648.28
307.744 2539.03 864.891 1559.69 9428.5
3.56301 9.57703 2264.21 9275.82 1424.32
460.078 61.7256 169.708 179.112 8585.12
3731.1 5.998 4557.04 7456.14 2426.84
272.923 544.224 487.151 9307.77 234.017
996.643 287.244 1.9487 133.639 10163.8
29.9386 313.225 1113.44 7354.23 5251.47
346.115 486.077 596.199 374.206 9742.1
10.6606 49.0031 66.4896 8848.57 132.531
5.65476 114.86 1120.22 6594.19 7621.36
4590.43 678.062 468.378 7611.78 3146.98
25.601 1240.8 583.746 6746.84 8047.95
5074.21 729.323 1994.35 6594.32 5897.89
4.68448 2.00539 98.272 10639.9 22.2934
4018.42 4718.01 2548.48 7263.84 1328.64
305.759 293.614 52.3776 10416.1 289.926
3978.98 737.658 8972.45 2181.98 1638.45
21.168 22.9523 177.469 9857.46 105.936
0.790644 1.49138 0.202758 8410.67 2709.21
236.046 51.7856 14.8588 355.595 9687.51
3966.7 1656.46 3425.77 4104.53 6676.72
21.6263 11.261 7.40823 9949.6 122.218
0.611029 11.1785 83.4112 547.067 10110.5
24.3102 26.4353 14.3717 8467.74 51.9893
67.571 318.424 133.417 8860.77 619.559
114.13 142.915 150.635 8096.24 4846.23
1607.78 1739.98 6776.79 8221.79 763.436
4018.42 4718.01 2548.48 7263.84 1328.64
3.56301 9.57703 2264.21 9275.82 1424.32
95.3502 7.15494 367.636 1092.5 8965.02
163.094 251.284 9447.01 3573.13 186.449
32.2772 165.052 632.431 9008.22 2901.59
2.85516 23.2353 20.7319 9354.56 209.814
637.463 5322.07 1173.72 2197.6 7889.18
107.151 397.689 969.776 4013.45 7347.65
3111.47 2201.77 585.792 6796.98 4347.52
11.5366 282.143 2692.83 9529.8 516.463
427.405 679.506 973.067 741.322 9502.79
218.452 5410.2 60.1913 5440.55 7406.88
356.776 259.31 1122.28 8078.08 6131.26
3912.7 7279.57 15.489 2119.38 3852.63
1117.24 571.146 3915.65 8432.4 547.198
1144.87 3522.42 119.361 172.506 9546.09
6220.49 2392.04 5056.97 6000.45 1681.53
1513.26 869.066 0.196605 90.21 9842.74
2427.52 718.439 53.1106 142.907 10346.1
2352.96 6821.43 5123.75 1061.95 5336.43
311.518 1742.04 20.2873 21.9981 8972.81
1.16875 12.9266 77.4749 100.335 8534.87
898.91 0.254482 193.844 296.041 8075.01
95.3502 7.15494 367.636 1092.5 8965.02
32.1322 4217.69 1761.73 4991.98 7319.77
4345.23 953.665 5614.74 2626.62 8151.37
494.16 254.084 1227.52 1866.29 9656.22
21.6263 11.261 7.40823 9949.6 122.218
100.209 185.654 520.412 170.261 8084.45
18.1475 91.2979 476.643 10428.4 483.685
94.9709 156.1 1049.61 5758.63 7337.62
81.5376 63.0494 1.32339 7.05681 8491.13
8849.16 105.789 1042.11 3147.06 3585.71
329.558 128.844 5771.05 6473.14 7025.44
303.908 504.691 737.009 179.509 9833.85
0.0033138 0.0468214 0.0525196 9244.38 7.77324
2338.74 806.127 1888.97 3879.94 7983.3
17.5113 5.62398 1774.9 1217.29 8754.6
4066.66 4439.26 4713.8 3311.7 1462.81
5106.14 16.7737 316.676 321.487 9686.99
862.075 4036.09 4517.29 4899.7 7473.83
1212.73 1283.39 2874.77 4213.58 8730.32
1301.97 121.086 8745.42 1787.06 3032.16
6.17149e-07 2.4597e-05 27.331 9617.31 1536.06
114.074 281.681 2327.07 8537.33 5434.79
8395.06 10.9661 2549.11 3893.88 1412.2
2266.12 3879.61 835.434 16.9049 9218.74
6083.69 516.079 5946.67 5086.1 5634.18
359.048 2.21754 317.497 1236.46 9881.12
33.6482 58.0349 280.321 9289.45 78.7166
19.2302 7114.15 25.9459 147.013 4247.37
3.21227 138.189 13.6144 8731.99 304.096
35.5267 116.641 526.688 9285.81 440.833
2473.71 1367.39 681.114 8801.05 4583.7
177.39 1887.35 775.414 2070.32 7811.92
