3 0.0383426
8.01257 9.10827e-312 0.242761
8.17709 2.18007e-44 3.02018e-315
8.91409 1.45227e-156 0
7.418 2.7836e-256 5.67703e-188
8.31414 1.5398e-298 3.03078e-19
6.16313 8.09198e-66 3.01307e-147
8.86462 1.01223e-157 7.69699e-194
5.6678 5.76003 1.70959e-150
4.78258 6.37807 5.53715e-05
7.40037 7.46661e-95 4.5048e-195
8.74918 1.29796e-296 7.23284e-89
6.49572 1.7776e-144 5.36986e-166
8.42888 1.15705e-148 4.72021e-193
10.0053 2.13317e-161 8.68746e-194
5.23499 8.20193 3.85503e-160
8.29122 1.18236e-295 5.75824e-193
8.66446 1.60468e-298 1.13475e-44
7.30844 1.17288e-149 1.5612e-172
7.71033 7.02103e-266 2.76122e-10
0.171758 4.07706e-79 8.84041
1.33969 8.71947 1.43613e-159
5.45735 2.63718e-94 6.70794
4.45213 5.60122e-45 6.41661
6.52858 3.70665e-181 9.25493e-38
3.22641 8.15145e-36 8.54028
7.86587 2.0188e-71 9.72868e-257
5.67037 1.95745e-160 6.96978
7.08671 4.19378 6.55284e-241
5.36546 7.1554 3.52466e-31
8.59078 1.39959e-156 2.40314e-234
4.8945 6.52733 3.25437e-08
9.3647 1.06453e-311 2.25368e-121
3.8335 7.5166 1.78506e-150
7.93552 0 2.19218
9.46573 2.13209e-159 3.89439e-266
5.63906 1.80146e-95 6.93129
7.42132 0.000564805 0
8.55863 1.58508e-298 1.58815e-26
8.19164 1.88436e-13 0
8.01892 9.11548e-312 0.242953
8.46052 1.10278e-17 2.76878e-299
8.77466 2.33938e-44 3.24089e-315
8.922 7.01102e-81 4.9801e-299
7.92171 2.95693e-162 6.06252e-188
8.27187 9.16231e-180 5.79871e-188
7.51635 4.26746e-181 1.73392e-38
7.70823 1.99191e-159 4.03403e-74
7.95002 2.06017e-170 5.07649e-120
8.00689 3.00458e-256 6.12772e-188
7.86514 2.93581e-162 5.07261e-70
7.67578 5.80576e-201 1.87471e-24
7.51094 9.751e-183 8.73966e-10
8.49812 1.57387e-298 3.09785e-19
6.24444 1.48043e-65 1.62154e-145
5.7762 5.8702 1.74229e-150
5.7762 5.8702 1.74229e-150
7.82448 7.89451e-95 2.29837e-193
7.71514 5.98954e-86 2.513e-188
7.51171 2.65623e-46 5.74875e-188
7.50473 9.95732e-24 2.3567e-187
6.82509 8.96112e-66 3.33669e-147
7.11628 4.22463e-69 3.04112e-48
7.27175 4.77447e-95 1.25652e-63
6.80971 6.37687 3.69622e-160
6.66767 9.91223e-41 3.25973e-147
7.17817 3.22937e-112 9.96809e-42
8.47193 2.18725e-158 6.70522e-193
8.90017 1.64833e-298 1.16562e-44
7.46266 1.8047e-33 1.59415e-172
7.91027 2.98924e-134 6.53924e-166
7.37345 8.80608e-66 5.00962e-131
7.86651 4.94025e-116 2.71694e-91
7.34345 5.33295e-95 3.88473e-69
7.37345 8.80608e-66 5.00962e-131
7.69217 2.31177e-115 5.12901e-126
7.60252 1.39986e-67 5.16526e-131
7.908 1.585e-131 3.00708e-107
7.34636 1.35126e-139 4.71739e-45
7.40741 7.88391e-12 4.78156e-148
8.36165 7.61413e-266 2.99447e-10
7.97227 9.29744e-249 3.33576e-08
1.34 8.72148 1.43646e-159
5.54576 2.67991e-94 6.81661
5.54198 1.40017e-35 6.81197
7.10719 2.62759e-138 8.26986e-10
7.49301 1.9363e-159 0.0549431
7.06851 3.08823e-157 0.847794
7.38709 1.2323e-163 1.13254
7.10513 4.14951e-69 2.19055e-37
7.04943 5.30933e-67 2.98336e-23
7.93432 2.34678e-68 2.15341e-219
5.7151 1.01632e-147 7.02475
8.62752 1.69125e-72 2.19606e-200
8.687 3.25305e-148 2.55173e-193
9.07496 3.39833e-148 3.33279e-206
8.84362 1.3323e-71 2.48993e-225
4.95001 6.60135 3.29128e-08
4.92598 6.56931 5.70317e-05
5.70165 7.60374 2.40622e-08
9.4785 1.08233e-157 8.23002e-194
8.77748 2.01912e-13 0
8.24196 1.5242e-12 0
8.56062 9.73127e-312 0.259365
8.66631 2.40497e-13 2.83613e-299
7.964 9.46659e-139 2.04734e-167
8.0391 1.30971e-156 2.84734e-170
8.23292 8.43677e-248 1.91746e-50
9.02912 7.98535e-181 4.63815e-150
8.0671 1.91626e-170 4.38912e-37
9.87542 1.15377e-183 2.72936e-138
8.44017 3.15045e-162 6.4593e-188
8.13265 1.58808e-225 3.26441e-133
7.91747 1.2899e-156 3.90306e-32
7.7603 2.70586e-176 0.00155768
6.63274 3.17291e-44 1.42774e-08
5.8566 5.95191 4.18845e-85
7.93911 9.32153e-89 1.19191e-169
7.82135 1.40118e-65 7.45307e-180
7.8707 1.24235e-82 5.26471e-135
7.6409 1.79736e-44 3.55813e-153
7.8177 1.46259e-34 1.66999e-172
6.89148 2.10503e-42 2.70703e-10
7.40369 2.0089e-62 3.61956e-147
6.94904 7.99488e-58 1.96229e-140
7.02709 5.92096e-62 5.91363e-11
6.92854 6.48815 3.76072e-160
6.78314 1.12245e-24 6.33416e-11
6.82416 2.14898e-25 3.10125e-58
9.0083 1.66836e-298 1.17978e-44
8.94914 1.6574e-298 3.44019e-44
7.67862 5.57637e-95 4.06204e-69
7.51966 8.3578e-90 3.97794e-69
7.37568 1.00123e-64 4.61945e-98
7.80578 1.04741e-80 6.10407e-78
7.6391 1.40659e-67 5.19011e-131
7.35182 1.35227e-139 4.72089e-45
8.06906 1.57567e-225 0.00412932
7.20079 5.63351e-95 0.863659
7.14258 3.58458e-61 1.44209e-11
8.23847 4.00931e-19 2.41997e-193
8.05338 7.62084e-25 2.90477e-190
8.55932 1.12799e-33 6.77439e-193
8.08691 3.64378e-42 1.42787e-186
8.23847 4.00931e-19 2.41997e-193
5.83286 2.81864e-94 7.1695
5.7807 1.52257e-73 7.10539
9.26405 3.13593e-84 8.04381e-194
9.11998 1.03955e-33 2.32141e-200
5.04843 6.7326 3.35671e-08
9.54798 1.09026e-157 8.29034e-194
8.88117 2.04297e-13 0
8.29708 0.000631456 0
8.33354 5.65955e-10 7.23587e-194
8.25033 0.0667529 4.60533e-299
8.87122 1.00843e-311 0.268775
8.75184 2.4287e-13 2.86412e-299
8.7406 2.9529e-10 1.03187e-193
7.9705 2.90124e-116 6.82671e-59
7.99462 6.322e-137 1.00485e-110
8.04002 1.30986e-156 2.84767e-170
9.09489 1.68316e-162 1.07683e-135
8.45689 3.15669e-162 6.4721e-188
8.18553 7.23928e-181 1.42443e-36
8.19125 8.16545e-167 4.45667e-37
8.57884 1.52937e-218 9.31869e-105
8.45179 8.42517e-167 9.6173e-59
6.60288 6.71034 4.72217e-85
6.34518 6.44844 5.86026e-11
8.28463 2.20874e-44 7.89454e-180
8.306 3.54206e-62 1.7743e-172
7.88336 1.8544e-44 3.47615e-153
7.89073 1.47626e-34 1.68559e-172
7.56965 2.26588e-09 3.78869e-141
7.89364 2.18007e-56 4.99447e-146
7.54622 6.73572e-61 2.52643e-120
7.76462 2.83972e-52 5.67059e-141
7.07128 3.13243e-09 4.11313e-98
7.2903 2.90369e-53 2.32068e-75
6.9525 5.68426e-45 8.08985e-10
7.24134 8.32695e-34 4.91987e-131
7.17036 7.67541e-44 1.44667e-84
7.11592 2.24086e-25 6.64492e-11
7.10897 1.17636e-24 6.63843e-11
9.21438 1.70652e-298 1.20677e-44
7.78803 5.65582e-95 4.37276e-67
7.91253 9.29033e-89 9.23579e-69
7.4008 1.00464e-64 4.76194e-98
7.51221 1.01977e-64 4.70496e-98
7.90386 7.88229e-75 6.18077e-78
7.66333 9.15229e-66 5.20657e-131
7.77527 3.36144e-67 1.49538e-55
7.66069 4.57145e-96 1.39182e-36
7.64553 2.76176e-134 8.89625e-10
7.37862 2.69802e-53 1.27227e-38
7.51594 2.14049e-70 1.62962e-27
7.44603 2.51347e-76 1.9125e-06
7.98932 2.95372e-138 9.29629e-10
7.70549 4.23954e-110 4.99228e-18
7.36127 1.91584e-61 1.48624e-11
7.75314 1.33427e-137 1.34918e-36
8.07064 1.57597e-225 0.00413013
8.50842 8.05144e-25 3.0689e-190
5.89594 1.39953e-77 7.24704
6.1742 6.99989e-85 7.58906
6.21752 3.00452e-94 7.6423
5.9557 1.64807e-78 7.32049
5.9557 1.64807e-78 7.32049
5.05306 6.73879 3.3598e-08
9.65092 7.22398e-148 5.65063e-193
8.91869 4.36176e-12 0
8.33123 0.000737325 4.65034e-299
9.01112 1.02434e-311 0.273014
8.90915 2.21008e-10 7.73566e-194
8.2146 1.33831e-156 2.9095e-170
8.17887 1.33248e-156 2.04171e-32
8.16473 1.36574e-126 7.13712e-46
8.10417 3.72918e-67 1.18695e-93
8.1446 5.11489e-116 2.87872e-91
8.11731 1.61865e-75 2.08675e-167
8.19337 2.68839e-87 9.18416e-114
9.11268 1.68645e-162 1.07893e-135
8.63918 3.22474e-162 6.61161e-188
8.4481 6.67113e-159 6.99423e-11
8.75899 1.32839e-178 0.000560708
9.63514 9.73951e-163 1.29758e-88
8.8447 3.33463e-171 6.23878e-85
8.58834 4.97811e-159 3.10108e-93
9.14695 2.35092e-214 5.04843e-32
6.61049 6.71806 4.72761e-85
8.49558 3.6229e-62 1.8148e-172
8.12544 1.52017e-34 1.73573e-172
7.94892 1.82853e-13 9.55977e-169
7.64213 3.50588e-45 4.87989e-120
7.58243 9.55386e-45 4.84177e-120
8.01396 8.57843e-44 1.01321e-136
7.39821 5.28306e-44 1.437e-56
6.99516 1.86496e-44 1.48739e-08
7.28749 5.95814e-45 8.47965e-10
7.2591 8.34737e-34 4.93193e-131
7.28022 3.19957e-42 1.86194e-55
7.22289 9.19673e-40 2.17478e-57
7.32326 1.22282e-43 1.47752e-84
9.40975 1.74271e-298 1.23235e-44
7.97325 7.02848e-94 4.47676e-67
7.55953 8.09199e-44 1.52518e-84
7.55871 3.45714e-61 3.3968e-59
7.96326 1.7926e-71 3.40307e-48
7.99361 1.00567e-44 2.50917e-129
8.09589 1.0746e-62 1.44845e-121
7.92949 3.41119e-61 1.20685e-118
7.90027 1.43679e-64 1.69785e-58
7.99976 2.53498e-45 5.69198e-121
7.88409 6.10038e-50 6.48401e-113
7.90718 1.64371e-44 5.37225e-131
7.88729 9.15915e-67 3.42293e-46
7.50583 2.74453e-53 3.65275e-37
7.70176 8.83541e-62 6.48139e-11
7.55454 1.10878e-67 3.50716e-10
7.61475 3.56596e-69 0.0013823
7.36159 1.91592e-61 1.4863e-11
7.84419 4.68095e-96 5.08214e-18
7.82837 2.66557e-69 7.85375e-27
8.0532 4.80567e-96 1.46313e-36
7.87323 6.54792e-70 7.89876e-27
7.86822 1.26658e-93 4.36904e-20
8.89671 1.59349e-194 0.269548
6.28372 3.03652e-94 7.72368
5.06327 6.7524 3.36658e-08
9.05357 0.000180837 0
8.69953 0.00076992 4.85592e-299
8.35729 0.133593 1.68242e-233
9.17386 1.04284e-311 0.277945
8.86594 0.000784647 4.9488e-299
5.43861 7.25295 3.61615e-08
10.0795 1.86675e-298 1.32007e-44
7.01957 1.10373e-35 0.841923
6.61966 6.72739 4.73417e-85
8.50992 1.14715 3.0972e-190
8.8135 1.95868e-163 0.443572
9.07115 5.87004e-208 0.688507
7.7803 4.54382e-69 0.222094
7.89453 9.70404e-76 0.0387023
9.17386 1.04284e-311 0.277945
9.68589 9.79082e-163 1.30442e-88
8.78828 0.894644 1.09517e-192
7.96709 0.226814 4.64123e-146
9.32098 1.28612e-166 2.52298e-84
7.06456 3.73226e-43 0.00197377
8.22148 1.33943e-156 2.91194e-170
7.26904 4.12767e-29 1.67687e-38
9.01625 1.62215e-09 7.82865e-194
7.68406 2.8097e-53 1.32494e-38
8.63532 9.8605e-158 2.33832e-14
9.18776 6.42314e-167 1.8618e-08
7.57792 1.56496e-55 3.48548e-23
8.72956 4.73734e-156 2.11191e-170
7.44929 2.97825e-59 0.00103436
8.10052 1.89449e-77 3.11341e-21
8.66343 1.39459e-93 1.03577e-186
7.52976 8.98608e-11 8.08506e-126
