237 12.0458
7.24547e-05 0.833593 0.307129 0.7871 0.899176 0.330969 0.319178 41.0176
0.778127 5.71176e-15 0.819594 0.855216 0.751895 0.860839 0.940554 36.7441
0.270251 0.892946 4.53102e-09 0.406981 0.925304 0.931143 0.00394628 40.5283
0.827167 0.787412 0.880418 2.89383e-15 0.969923 0.848568 0.998904 37.2893
0.916525 0.961042 0.913761 0.935621 3.6611e-10 0.802033 0.506208 36.8455
0.804083 0.845102 0.852178 0.301769 0.927397 5.68705e-07 0.875471 34.7982
0.135219 0.852588 0.0203425 0.836648 0.818659 0.909767 4.74059e-06 37.5593
0.899619 0.817312 0.857436 0.956572 0.940419 0.926659 0.851943 28.5107
0.881896 0.694283 0.8545 0.832494 0.961891 0.941016 0.958202 28.9528
0.999133 0.706654 0.995747 0.846031 0.890302 0.82958 0.863181 30.3727
0.768766 0.990365 0.988655 0.959922 0.71522 0.866983 0.848073 33.5751
0.988469 0.0755483 0.892814 0.703835 0.833152 0.767738 0.979531 31.095
0.908109 0.0596303 0.798906 0.773987 0.907162 0.932496 0.897559 30.7459
0.760028 0.504594 0.872458 0.963743 0.586646 0.877152 0.949691 33.8403
0.806249 0.650368 0.920753 0.652585 0.996586 0.941426 0.910865 31.8864
0.985786 0.46907 0.912429 0.846963 0.925408 0.752058 0.907629 31.8
0.688462 0.0678013 0.834299 0.873372 0.688168 0.946841 0.932901 39.6605
0.890555 0.849389 0.943279 0.9948 0.803438 0.876954 0.812513 27.9433
0.825361 0.859327 0.735919 0.750784 0.87455 0.865402 0.782238 30.4263
0.990904 0.654376 0.837606 0.765836 0.856402 0.744073 0.926718 31.6717
0.881603 0.866531 0.919096 0.844319 0.994135 0.867723 0.880379 29.0732
0.880732 0.689166 0.758512 0.873972 0.937792 0.687799 0.979502 29.957
0.835407 0.651884 0.782716 0.86645 0.903024 0.68394 0.80211 32.1756
0.89659 0.875368 0.838262 0.856535 0.820148 0.856473 0.815729 28.4568
0.991613 0.904144 0.989232 0.995939 0.898044 0.933198 0.743572 29.9283
0.913762 0.766179 0.977781 0.851024 0.851475 0.69373 0.888055 30.0601
0.764999 0.722769 0.787614 0.315802 0.746671 0.768504 0.711527 38.0661
0.947147 0.737786 0.853404 0.807355 0.963682 0.829721 0.86332 28.719
0.372124 0.703356 0.272966 0.808004 0.88386 0.874349 0.2805 37.0505
0.948126 0.725744 0.923508 0.747511 0.970717 0.878975 0.890069 30.3986
0.894025 0.903677 0.925684 0.893967 0.856656 0.914782 0.827854 27.619
0.732638 0.551633 0.857607 0.814084 0.820787 0.819426 0.790419 29.745
0.960247 0.972189 0.800953 0.959435 0.768858 0.616593 0.87218 32.5034
0.825278 0.659295 0.989517 0.825291 0.830313 0.679811 0.912616 30.3712
0.874658 0.424337 0.915517 0.87888 0.68614 0.84219 0.940244 30.7634
0.997855 0.940982 0.950117 0.926918 0.935501 0.892293 0.900334 29.62
0.769038 0.891944 0.900581 0.920076 0.871442 0.845134 0.868347 29.7308
7.91682e-06 0.981691 0.218144 0.805188 0.877262 0.363068 0.204051 43.3456
0.994589 0.716957 0.953073 0.89696 0.870145 0.904247 0.816582 29.3192
0.874658 0.424337 0.915517 0.87888 0.68614 0.84219 0.940244 30.7634
0.656295 0.374304 0.714945 0.672852 0.598954 0.739188 0.881813 39.264
0.823258 0.779228 0.877369 0.970035 0.761761 0.863567 0.886488 29.0394
0.998128 0.998107 0.950131 0.864686 0.89287 0.982071 0.953373 30.6477
0.948523 0.987408 0.915429 0.856816 0.809626 0.991266 0.893155 30.3426
0.833137 0.779076 0.807637 0.943084 0.706146 0.903536 0.751143 33.6986
0.898003 0.995414 0.967463 0.953934 0.866915 0.874803 0.90629 29.8218
0.897898 0.98319 0.888973 0.888671 0.777913 0.984063 0.887106 30.0129
0.806249 0.650368 0.920753 0.652585 0.996586 0.941426 0.910865 31.8864
0.945688 0.750085 0.951343 0.685771 0.96972 0.989915 0.821883 30.8932
0.928049 0.819098 0.993182 0.77318 0.939512 0.999004 0.834695 31.3907
0.980583 0.222059 0.901502 0.788827 0.642769 0.739652 0.940175 32.3441
0.852582 0.177078 0.831126 0.922052 0.675919 0.92724 0.984482 31.8079
0.459785 0.933151 0.526323 0.473932 0.979143 0.874792 0.460088 37.8711
0.94419 0.0525249 0.805406 0.662579 0.94013 0.953789 0.86942 31.781
0.9976 0.683472 0.910468 0.879178 0.841543 0.815328 0.860253 29.77
0.852073 0.264791 0.751636 0.745945 0.935256 0.589056 0.982887 31.4519
0.947269 0.808928 0.96215 0.983016 0.897927 0.927637 0.826638 28.8182
0.993532 0.976981 0.957238 0.817014 0.788302 0.855218 0.857369 30.395
0.820691 0.0550789 0.836261 0.703777 0.928006 0.77987 0.912521 31.6503
0.985574 0.773942 0.924889 0.855498 0.90401 0.780139 0.953509 29.251
0.981737 0.225108 0.859738 0.805252 0.845103 0.837338 0.94694 30.2335
0.889183 0.827745 0.834223 0.899646 0.962374 0.858007 0.853725 29.1755
0.766447 0.305123 0.872501 0.780157 0.936472 0.961642 0.873095 30.2965
0.71505 0.79361 0.877892 0.985909 0.846771 0.856255 0.786281 31.2311
0.997591 0.350342 0.991498 0.876911 0.920391 0.850565 0.950912 29.8736
0.802949 0.79406 0.83228 0.696862 0.950653 0.6741 0.769277 31.5622
0.728668 0.690532 0.924266 0.963421 0.958819 0.901453 0.838694 30.1821
0.98269 0.565076 0.84732 0.76753 0.828462 0.894032 0.790777 31.3299
0.966708 0.875233 0.998265 0.91779 0.904343 0.796937 0.830196 29.5846
0.715649 0.715516 0.800675 0.991301 0.647419 0.955082 0.892008 33.2588
0.728615 0.238936 0.652052 0.866452 0.991581 0.93528 0.771031 31.9131
0.96303 0.802074 0.959655 0.807126 0.8361 0.767718 0.898624 29.9865
0.958151 0.844876 0.947393 0.738315 0.799147 0.667775 0.961007 31.5825
0.700523 0.826806 0.606333 0.94263 0.892544 0.844053 0.667543 33.8612
0.851843 0.998732 0.899549 0.926571 0.878489 0.889779 0.86245 30.3872
0.942073 0.878473 0.99991 0.993332 0.964503 0.822786 0.727198 30.1723
0.730836 0.277487 0.843294 0.759387 0.825014 0.825565 0.900314 28.82
0.931218 0.937291 0.857768 0.764246 0.913337 0.879836 0.839442 29.565
0.858888 0.753488 0.91713 0.876554 0.932468 0.877546 0.772544 29.629
0.813999 0.93427 0.994186 7.03849e-16 0.991766 0.89558 0.958163 38.275
0.822154 0.286304 0.894884 0.758813 0.811929 0.789412 0.912137 28.2558
0.737965 0.950814 0.913624 0.873563 0.985159 0.92801 0.900177 30.2671
0.656295 0.374304 0.714945 0.672852 0.598954 0.739188 0.881813 39.264
0.796985 0.756115 0.957578 0.937057 0.999729 0.998245 0.871666 30.2291
0.826455 0.680544 0.934109 0.95072 0.871221 0.999784 0.859764 30.5856
0.874953 0.77336 0.894396 0.669347 0.876101 0.827118 0.995295 29.5901
0.85401 0.760145 0.799627 0.845116 0.813714 0.959643 0.827981 28.703
0.78454 0.597886 0.784741 0.771265 0.82635 0.8654 0.884366 31.7609
0.961534 0.783305 0.877648 0.774271 0.956769 0.971212 0.881854 30.1123
0.852582 0.177078 0.831126 0.922052 0.675919 0.92724 0.984482 31.8079
0.372124 0.703356 0.272966 0.808004 0.88386 0.874349 0.2805 37.0505
0.811368 0.942348 0.872195 0.847423 0.802759 0.907351 0.894596 29.5688
0.916488 0.812973 0.95362 0.881012 0.973927 0.823512 0.940696 28.6706
0.983607 0.429925 0.811117 0.739533 0.879454 0.706563 0.860609 32.0582
0.804276 0.565528 0.840527 0.775845 0.752 0.878568 0.845303 33.1388
0.840336 0.478499 0.915518 0.599281 0.974308 0.829285 0.869213 33.7099
0.943269 0.721764 0.907194 0.913478 0.944541 0.90827 0.831858 30.8817
0.943269 0.721764 0.907194 0.913478 0.944541 0.90827 0.831858 30.8817
0.980753 0.982763 0.961455 0.85339 0.937874 0.840993 0.760696 30.1562
0.542141 0.035887 0.657172 0.384974 0.869023 0.672972 0.846854 38.6987
0.768926 0.810507 0.945507 0.854813 0.870265 0.847826 0.857841 28.3338
0.739617 0.792267 0.897478 0.99907 0.911513 0.858617 0.822792 31.3234
0.876999 0.99623 0.996125 0.945116 0.95021 0.965409 0.915284 29.8573
0.925726 0.653461 0.910675 0.907997 0.912051 0.952744 0.956962 29.6879
0.821138 0.528066 0.856733 0.6734 0.0343635 0.723709 0.495957 40.7481
0.997612 0.625862 0.95319 0.841912 0.807979 0.737796 0.922187 32.164
0.565554 0.438818 0.483456 0.929599 0.870012 0.905694 0.513561 37.201
0.945688 0.750085 0.951343 0.685771 0.96972 0.989915 0.821883 30.8932
0.999652 0.887346 0.962973 0.993428 0.815366 0.855693 0.860477 28.6528
0.949361 0.74193 0.807367 0.854051 0.861702 0.90171 0.852522 29.1179
0.991613 0.904144 0.989232 0.995939 0.898044 0.933198 0.743572 29.9283
0.828289 0.802257 0.851132 0.82137 0.876825 0.74619 0.799968 29.4259
0.971555 0.440817 0.901943 0.913153 0.838732 0.895205 0.895496 30.536
0.823612 0.921157 0.956096 1.85998e-15 0.986624 0.90151 0.97493 37.6919
0.754334 0.921787 0.749695 0.889888 0.896595 0.961935 0.796632 30.5177
0.954396 0.852115 0.942328 0.918488 0.940027 0.839331 0.884396 29.3285
0.842173 0.619226 0.869853 0.902396 0.836863 0.735069 0.769359 30.9195
0.989466 0.819703 0.862009 0.944092 0.927166 0.909024 0.799343 29.6035
0.903687 0.910843 0.988779 0.846578 0.835687 0.956389 0.906836 29.8967
0.793511 0.724455 0.847205 0.853742 0.796611 0.839912 0.998947 31.2209
0.758697 0.891862 0.853835 0.834666 0.840592 0.795387 0.797575 29.7111
0.997398 0.828533 0.871445 0.867558 0.915187 0.815713 0.945783 30.51
0.768827 0.813135 0.970916 0.860647 0.993377 0.880835 0.947456 29.9881
0.919463 0.982121 0.937276 0.956554 0.753297 0.881582 0.779172 31.5829
0.998587 0.0311771 0.873657 0.733168 0.87029 0.79796 0.966539 31.5914
0.931926 0.84744 0.881312 0.918735 0.893869 0.907888 0.824876 29.083
0.651333 0.459622 0.791541 0.821858 0.886214 0.752183 0.999602 33.3153
0.754641 0.292655 0.898687 0.879612 0.941661 0.926932 0.907908 31.3945
0.647593 0.809632 0.853975 0.746913 0.964262 0.782701 0.71782 31.4668
0.887445 0.905578 0.872672 0.913391 0.968516 0.997355 0.865342 29.7677
0.759171 0.616418 0.898301 0.981529 0.909442 0.737695 0.893524 31.0406
0.794461 0.891206 0.883486 0.799971 0.918116 0.997968 0.790424 30.3903
0.77454 0.899861 0.864298 0.763399 0.918381 0.895983 0.782496 29.8158
0.953286 0.790857 0.882277 0.823832 0.934073 0.809074 0.896158 31.199
0.52829 0.416111 0.731279 0.494191 0.885922 0.607833 0.882492 38.694
0.913983 0.848659 0.895653 0.725516 0.977935 0.825112 0.967913 29.3594
0.986949 0.167917 0.87831 0.738158 0.980037 0.783002 0.946746 30.6791
0.840203 0.908563 0.898303 0.975461 0.800044 0.87686 0.858816 29.5331
0.929474 0.994491 0.943587 0.921334 0.788297 0.960722 0.848569 29.1878
0.76425 0.0429282 0.790113 0.695183 0.924326 0.803779 0.932863 29.7563
0.949361 0.74193 0.807367 0.854051 0.861702 0.90171 0.852522 29.1382
0.865383 0.481487 0.787847 0.774627 0.673501 0.891112 0.795524 31.8483
0.868895 0.608721 0.882994 0.80263 0.9998 0.831601 0.991265 30.7884
0.821138 0.528066 0.856733 0.6734 0.0343635 0.723709 0.495957 40.7481
0.874112 0.8627 0.902043 0.820749 0.720754 0.88669 0.786701 29.2397
0.467788 0.489155 0.68158 0.845945 0.896647 0.735732 0.82468 36.205
0.730836 0.277487 0.843294 0.759387 0.825014 0.825565 0.900314 28.82
0.849759 0.22376 0.750893 0.689257 0.849989 0.677283 0.921099 31.5913
0.853396 0.747109 0.862011 0.778777 0.977705 0.988904 0.776471 30.7993
0.943053 0.979551 0.934938 0.92035 0.79954 0.939277 0.756728 29.9576
0.813999 0.93427 0.994186 7.03849e-16 0.991766 0.89558 0.958163 38.275
0.86642 0.21167 0.880582 0.781381 0.864307 0.841716 0.909847 30.4873
0.865707 0.752743 0.952768 0.865608 0.951089 0.858169 0.940434 29.2343
0.733156 0.803835 0.963151 0.717448 0.989653 0.721849 0.849897 31.5554
0.759525 0.827448 0.906169 0.782275 0.997471 0.960941 0.978443 31.3005
0.899618 0.988322 0.86582 0.667633 0.930821 0.788693 0.87569 30.52
0.80229 0.997431 0.558197 0.968318 0.940263 0.827958 0.608462 34.8204
0.986758 0.822396 0.871525 0.871199 0.812062 0.883292 0.875293 29.5162
0.965488 0.596176 0.831175 0.846797 0.836706 0.777378 0.869844 31.0594
0.874112 0.8627 0.902043 0.820749 0.720754 0.88669 0.786701 29.2397
0.692068 0.519467 0.836013 0.95767 0.880293 0.722493 0.862533 31.9433
0.752191 0.900241 0.899926 0.86844 0.928173 0.86599 0.876374 28.9574
0.983607 0.429925 0.811117 0.739533 0.879454 0.706563 0.860609 32.0582
0.721752 0.813181 0.921778 0.991143 0.957868 0.959102 0.811466 30.1325
0.739617 0.792267 0.897478 0.99907 0.911513 0.858617 0.822792 31.3234
0.980583 0.222059 0.901502 0.788827 0.642769 0.739652 0.940175 32.3441
0.852349 0.998445 0.912577 0.847854 0.920431 0.855074 0.903274 30.0871
0.888859 0.585535 0.978532 0.904616 0.952915 0.859048 0.956214 29.5799
0.937913 0.776781 0.844238 0.819147 0.940065 0.809327 0.901912 28.1762
0.95234 0.769789 0.830533 0.787911 0.902556 0.777238 0.935475 28.4876
0.738757 0.957674 0.845503 0.802776 0.945824 0.964192 0.820613 30.8266
0.82322 0.670774 0.898478 0.707804 0.999617 0.926872 0.865801 29.3217
0.903687 0.910843 0.988779 0.846578 0.835687 0.956389 0.906836 29.8967
0.741725 0.598491 0.758128 0.797136 0.722964 0.580232 0.862911 33.0582
0.756234 0.533823 0.746681 0.994161 0.982711 0.878065 0.792198 31.7765
0.960124 0.946586 0.850984 0.890377 0.857418 0.901019 0.790109 27.9608
0.78112 0.346689 0.806308 0.803612 0.856577 0.914638 0.966329 30.4545
0.823258 0.779228 0.877369 0.970035 0.761761 0.863567 0.886488 29.0394
0.980753 0.982763 0.961455 0.85339 0.937874 0.840993 0.760696 30.1562
0.995126 0.862833 0.99602 0.81393 0.937136 0.991163 0.814612 30.2743
0.732638 0.551633 0.857607 0.814084 0.820787 0.819426 0.790419 29.745
0.828289 0.802257 0.851132 0.82137 0.876825 0.74619 0.799968 29.4259
0.840203 0.908563 0.898303 0.975461 0.800044 0.87686 0.858816 29.5331
0.950468 0.402937 0.990482 0.860312 0.875877 0.78421 0.885882 28.7967
0.898003 0.995414 0.967463 0.953934 0.866915 0.874803 0.90629 29.8218
0.798982 0.736567 0.850409 0.901833 0.832787 0.872104 0.908384 28.1519
0.772069 0.57572 0.814889 0.834532 0.999868 0.929139 0.961318 30.4669
0.746094 0.306337 0.886739 0.759543 0.916008 0.964743 0.787079 31.1557
0.748232 0.0386452 0.809208 0.707281 0.991803 0.719902 0.956633 31.3492
0.987674 0.556611 0.899319 0.84727 0.983023 0.974123 0.951175 30.1779
0.922561 0.761131 0.830663 0.865904 0.956874 0.824182 0.839885 28.6723
0.983436 0.740956 0.781192 0.773927 0.838911 0.779069 0.869157 29.6774
0.953552 0.665666 0.96641 0.762918 0.781346 0.760548 0.924187 33.7564
0.950468 0.402937 0.990482 0.860312 0.875877 0.78421 0.885882 28.7967
0.96573 0.802378 0.973088 0.820652 0.821284 0.796836 0.894823 29.2471
0.71505 0.79361 0.877892 0.985909 0.846771 0.856255 0.786281 31.2311
0.94419 0.0525249 0.805406 0.662579 0.94013 0.953789 0.86942 31.781
0.430777 0.506039 0.702443 0.51211 0.903368 0.637946 0.854547 39.0238
0.976 0.723804 0.825994 0.744883 0.888665 0.765543 0.930447 29.4124
0.912095 0.244642 0.897152 0.893548 0.890461 0.961908 0.954639 29.8477
0.88072 0.926071 0.829751 0.802799 0.901946 0.850216 0.784181 29.5046
0.947269 0.808928 0.96215 0.983016 0.897927 0.927637 0.826638 28.8182
0.860069 0.97695 0.696629 0.708257 0.99071 0.823935 0.7746 33.9786
0.931755 0.973545 0.887391 0.917161 0.7909 0.94881 0.782594 29.6086
0.855048 0.77172 0.969818 0.811734 0.903546 0.826748 0.912512 28.0331
0.991468 0.879578 0.998866 0.732731 0.814891 0.717655 0.758765 30.9484
0.85401 0.760145 0.799627 0.845116 0.813714 0.959643 0.827981 28.703
0.754334 0.921787 0.749695 0.889888 0.896595 0.961935 0.796632 30.5177
0.804276 0.565528 0.840527 0.775845 0.752 0.878568 0.845303 33.1388
0.999362 0.970237 0.830516 0.938545 0.825021 0.782178 0.882784 31.0103
0.943053 0.979551 0.934938 0.92035 0.79954 0.939277 0.756728 29.9576
0.759171 0.616418 0.898301 0.981529 0.909442 0.737695 0.893524 31.0406
0.976 0.723804 0.825994 0.744883 0.888665 0.765543 0.930447 29.4124
0.940646 0.876636 0.816653 0.872332 0.788752 0.918859 0.800631 28.4477
0.981737 0.225108 0.859738 0.805252 0.845103 0.837338 0.94694 30.2335
0.768766 0.990365 0.988655 0.959922 0.71522 0.866983 0.848073 33.5751
0.99972 0.875668 0.88698 0.868904 0.863 0.797475 0.878525 27.99
0.576253 0.400243 0.292916 0.990908 0.814098 0.842963 0.497903 38.6087
0.913983 0.848659 0.895653 0.725516 0.977935 0.825112 0.967913 29.3594
0.813063 0.615026 0.837575 0.935297 0.573357 0.897234 0.764655 32.3572
0.881603 0.866531 0.919096 0.844319 0.994135 0.867723 0.880379 29.0732
0.82322 0.670774 0.898478 0.707804 0.999617 0.926872 0.865801 29.3217
0.379588 0.834199 0.451523 0.536967 0.964169 0.898951 0.406975 37.3095
0.73906 0.800667 0.882222 0.71846 0.953495 0.758771 0.792253 30.5443
0.715649 0.715516 0.800675 0.991301 0.647419 0.955082 0.892008 33.2588
0.938918 0.742738 0.833766 0.901187 0.533378 0.90079 0.846649 32.8738
0.687667 0.949679 0.886707 0.641489 0.98463 0.662458 0.749811 34.135
0.728615 0.238936 0.652052 0.866452 0.991581 0.93528 0.771031 31.9131
0.825278 0.659295 0.989517 0.825291 0.830313 0.679811 0.912616 30.3712
0.796883 0.788049 0.898987 0.967782 0.959806 0.915975 0.828751 29.2234
0.894025 0.903677 0.925684 0.893967 0.856656 0.914782 0.827854 27.619
0.985574 0.773942 0.924889 0.855498 0.90401 0.780139 0.953509 29.251
0.937913 0.776781 0.844238 0.819147 0.940065 0.809327 0.901912 28.1762
0.811921 0.841185 0.94117 0.786486 0.922979 0.7707 0.861635 28.9868
0.754122 0.766169 0.884513 0.907971 0.830372 0.885547 0.788459 28.7038
0.406678 0.702186 0.165642 0.577057 0.846126 0.90346 0.169112 40.2379
0.918078 0.79753 0.867181 0.883619 0.874456 0.652617 0.966967 30.3804
0.771759 0.834482 0.839147 0.919638 0.966196 0.911638 0.860748 29.0559
0.756234 0.533823 0.746681 0.994161 0.982711 0.878065 0.792198 31.7765
0.965348 0.309622 0.967213 0.718261 0.942485 0.652291 0.966965 33.3503
0.730279 0.861305 0.876526 0.841696 0.675873 0.725143 0.857633 31.8489
0.962593 0.858889 0.810404 0.449249 0.786808 0.639598 0.802534 35.2483
0.930696 0.976313 0.711622 0.976162 0.687589 0.562692 0.821492 35.1702
0.97558 0.832566 0.998677 0.716841 0.974961 0.999917 0.742829 32.5723
0.430777 0.506039 0.702443 0.51211 0.903368 0.637946 0.854547 39.0238
0.931755 0.973545 0.887391 0.917161 0.7909 0.94881 0.782594 29.6086
0.928573 0.712444 0.720658 0.880724 0.820485 0.866321 0.8498 30.0146
0.930868 0.842941 0.954063 0.948769 0.876102 0.772051 0.880969 27.4024
0.931926 0.84744 0.881312 0.918735 0.893869 0.907888 0.824876 29.083
0.929474 0.994491 0.943587 0.921334 0.788297 0.960722 0.848569 29.1878
0.930868 0.842941 0.954063 0.948769 0.876102 0.772051 0.880969 27.4024
0.839892 0.837163 0.9811 0.898914 0.558816 0.945147 0.91151 32.2698
0.815625 0.735283 0.986553 0.872954 0.77653 0.81664 0.853968 32.2648
0.964726 0.893633 0.987293 0.949146 0.868507 0.929272 0.831868 29.402
0.855048 0.77172 0.969818 0.811734 0.903546 0.826748 0.912512 28.0331
0.700523 0.826806 0.606333 0.94263 0.892544 0.844053 0.667543 33.8612
0.877058 0.83185 0.968644 0.81175 0.996358 0.816641 0.84059 30.5173
0.953286 0.790857 0.882277 0.823832 0.934073 0.809074 0.896158 31.199
0.997591 0.350342 0.991498 0.876911 0.920391 0.850565 0.950912 29.8736
0.950707 0.582069 0.9344 0.860214 0.724702 0.923311 0.861862 32.7766
0.798982 0.736567 0.850409 0.901833 0.832787 0.872104 0.908384 28.1519
0.948126 0.725744 0.923508 0.747511 0.970717 0.878975 0.890069 30.3986
0.888859 0.585535 0.978532 0.904616 0.952915 0.859048 0.956214 29.5799
0.967353 0.699517 0.847329 0.846341 0.932486 0.890835 0.923603 30.4252
0.760028 0.504594 0.872458 0.963743 0.586646 0.877152 0.949691 33.8403
0.965471 0.981816 0.934328 0.959346 0.777252 0.971182 0.790873 30.5749
0.978586 0.875563 0.895386 0.759877 0.913337 0.754468 0.882604 29.8269
0.815227 0.928995 0.90645 0.990773 0.823611 0.861356 0.759022 29.2058
0.771759 0.834482 0.839147 0.919638 0.966196 0.911638 0.860748 29.0559
0.728668 0.690532 0.924266 0.963421 0.958819 0.901453 0.838694 30.1821
0.997735 0.80368 0.886974 0.858086 0.872468 0.791345 0.911164 29.7438
0.853222 0.799486 0.958701 0.766099 0.997031 0.83318 0.876204 29.6989
0.0666106 0.662182 0.0120779 0.534868 0.822868 0.911319 3.1122e-06 43.4589
0.765869 0.952461 0.865458 0.693844 0.894853 0.815158 0.790932 29.9385
0.826455 0.680544 0.934109 0.95072 0.871221 0.999784 0.859764 30.5856
0.874953 0.77336 0.894396 0.669347 0.876101 0.827118 0.995295 29.5901
0.997855 0.940982 0.950117 0.926918 0.935501 0.892293 0.900334 29.62
0.891872 0.844102 0.851601 0.907999 0.916045 0.863646 0.876255 30.1035
0.891872 0.844102 0.851601 0.907999 0.916045 0.863646 0.876255 30.1035
0.853396 0.747109 0.862011 0.778777 0.977705 0.988904 0.776471 30.7993
0.9976 0.683472 0.910468 0.879178 0.841543 0.815328 0.860253 29.77
0.990904 0.654376 0.837606 0.765836 0.856402 0.744073 0.926718 31.6717
0.966708 0.875233 0.998265 0.91779 0.904343 0.796937 0.830196 29.5846
0.764999 0.722769 0.787614 0.315802 0.746671 0.768504 0.711527 38.0661
0.938918 0.742738 0.833766 0.901187 0.533378 0.90079 0.846649 32.8738
0.987346 0.415815 0.918224 0.904821 0.999759 0.838897 0.973941 30.7681
0.98089 0.97086 0.926564 0.952069 0.920384 0.953535 0.855617 30.3838
0.847517 0.787661 0.928306 0.884672 0.844446 0.74854 0.810364 29.745
0.0666106 0.662182 0.0120779 0.534868 0.822868 0.911319 3.1122e-06 43.4589
0.944581 0.851865 0.873408 0.873801 0.999251 0.885184 0.999044 30.4096
0.986758 0.822396 0.871525 0.871199 0.812062 0.883292 0.875293 29.5162
0.815227 0.928995 0.90645 0.990773 0.823611 0.861356 0.759022 29.2058
0.965488 0.596176 0.831175 0.846797 0.836706 0.777378 0.869844 31.0594
0.960124 0.946586 0.850984 0.890377 0.857418 0.901019 0.790109 27.9608
0.964726 0.893633 0.987293 0.949146 0.868507 0.929272 0.831868 29.402
0.989466 0.819703 0.862009 0.944092 0.927166 0.909024 0.799343 29.6035
0.842446 0.399003 0.717355 0.738184 0.896672 0.833494 0.891506 30.9079
0.75921 0.960648 0.890801 0.821814 0.918 0.908491 0.886942 29.6985
0.876999 0.99623 0.996125 0.945116 0.95021 0.965409 0.915284 29.8573
0.738757 0.957674 0.845503 0.802776 0.945824 0.964192 0.820613 30.8266
