32 1.66439
43.4631 4.33843 1.1972 2.19844 0.770042
27.9368 7.33272 8.29516 28.4318 0.102272
4.55846 43.1578 1.75511 2.18988 0.107511
2.12774 1.14233 0.163888 0.12269 42.7596
1.72239 0.925146 1.31559 0.086952 41.604
1.24527 4.97362 43.126 2.18964 0.765361
0.277975 2.63804 1.15875 44.0793 0.109206
0.154059 0.00639592 0.0412682 2.40879 42.5907
0.0288511 0.0241573 0.00420371 0.265241 42.2378
0.0225362 0.211719 1.02164 2.09691 41.3233
7.13458 5.55402 20.8169 32.1171 18.5581
40.2217 10.4168 1.68445 8.28879 8.50011
18.0053 9.67173 3.64867 3.45792 35.8012
4.42367 17.6667 3.23889 18.6705 34.5695
0.256213 1.01984 0.462862 17.1456 37.1219
3.2563 1.74944 17.7295 36.3859 6.40302
4.41096 8.02823 31.4141 19.0862 16.7689
9.16348 21.1549 6.6234 6.51923 32.6947
39.3342 10.198 5.61483 7.90189 6.98303
4.72652 2.53734 26.0642 21.0969 26.458
19.1304 16.0562 18.0354 11.0608 27.3299
17.0953 31.1465 10.1737 10.4176 21.7825
13.6742 1.98873 2.45609 33.504 24.3238
10.2715 40.9992 7.52287 2.1729 1.3
7.74255 30.9034 14.0065 25.0015 3.14604
37.9845 20.3834 7.65711 1.19291 4.87687
27.2716 4.38787 4.93057 20.1631 23.1368
9.85958 39.3656 11.6314 9.21031 0.760498
21.3324 2.13509 33.8217 2.02615 15.661
42.1826 1.73403 7.50491 4.58104 6.79375
24.4319 13.1224 0.783226 2.98387 31.1169
3.95343 37.3391 20.3495 2.96423 0.266795
34.7603 18.672 1.11941 12.5872 2.53875
17.3789 4.51273 3.20791 36.6449 4.23991
13.849 7.43806 24.7917 4.88536 29.4714
10.2196 2.67404 7.62645 31.107 28.1593
0.0339616 0.321824 2.72409 41.6686 13.028
18.1959 14.1679 4.11278 22.1627 26.9256
7.88053 4.23336 20.5707 31.7298 14.2362
9.21876 10.4539 3.99891 34.5858 19.5298
15.3674 27.9792 5.68958 10.3315 25.1301
16.244 29.5827 14.8377 6.12089 21.2003
0.0579865 0.544927 2.63504 40.6097 12.6973
8.80787 35.1432 15.931 14.2095 7.37533
2.92616 12.1477 28.7384 23.4609 14.3418
27.9828 8.78985 16.9079 24.5184 10.0421
2.08005 8.30205 19.6992 21.6784 30.2213
1.23403 4.92774 42.7072 2.17119 4.79492
17.152 13.3556 34.2821 8.87624 4.30406
4.30027 40.5614 11.7004 1.18467 0.104944
9.67166 38.583 1.62391 14.2942 4.70978
7.35426 29.3702 8.81768 29.8341 0.764062
3.81595 35.9888 15.8245 10.7177 11.1451
6.74986 5.25541 41.1117 2.13757 4.68175
18.4762 33.6347 11.0141 6.64331 11.0215
12.1686 6.35107 31.6113 24.7535 11.5546
14.3447 26.1134 21.5179 13.2028 15.2532
6.80811 27.1718 1.13948 20.1405 25.4909
41.6354 4.15461 1.68619 2.10543 12.8263
14.1728 11.0326 28.3399 10.6764 26.0006
25.1136 6.58704 7.45188 25.5557 19.3643
7.24955 28.9384 13.1153 11.6968 25.568
33.9473 4.68628 9.82751 12.7993 19.7256
2.49395 23.5062 17.0709 27.5862 13.1857
22.9829 13.9376 18.9444 11.7995 25.7991
9.21405 7.17279 8.0237 3.94154 40.9536
1.18305 0.92101 2.36529 42.3801 7.44918
24.6785 19.2114 22.5808 12.278 15.8118
1.8216 17.1946 27.2748 11.5946 25.3377
25.1705 19.5956 23.0333 11.1037 13.4298
9.05034 16.4865 29.6753 1.53018 25.9686
11.3944 8.8702 33.2446 13.0057 20.0534
30.0329 23.379 16.6301 11.2537 7.54732
8.57073 34.2063 6.27771 12.8575 19.818
3.43104 32.2863 23.4444 10.8592 11.2994
22.4431 17.4737 12.5085 9.89893 27.2288
16.5213 21.9942 4.91311 26.4381 15.0255
11.0772 42.1001 1.74881 7.21547 0.777273
2.88995 1.55215 15.7533 38.3701 4.63286
4.12604 6.77835 38.2008 14.0008 12.6805
1.11992 10.5536 4.66796 27.6523 29.6945
13.745 8.33681 36.999 14.4812 0.754379
35.8972 9.40935 1.51676 6.17326 19.6068
8.13223 14.807 38.8708 1.86827 0.746693
13.4768 1.34713 31.1813 24.4207 11.3985
10.7196 19.5202 9.73595 18.193 30.0662
15.4234 12.007 14.1131 22.8086 27.7109
4.90699 8.93366 1.81716 9.7953 39.6915
13.7136 3.59213 4.06402 35.1906 19.8699
7.76621 14.1372 25.4376 21.6435 19.315
4.60629 18.4071 29.9409 25.4607 4.85954
34.9662 9.16041 10.3637 13.4982 15.605
28.7738 7.54202 4.76071 28.5005 9.14522
0.299 2.82777 0.11535 43.0842 0.759961
16.5213 21.9942 4.91311 26.4381 15.0255
9.68787 36.7885 1.53949 13.6618 15.7998
16.4261 29.9177 24.0562 11.3192 0.106954
29.7712 15.9874 14.7777 16.4153 12.3495
17.4917 23.2929 21.0335 12.8961 19.8793
7.85417 6.11516 15.7004 37.3707 7.32055
2.03379 8.11952 40.2823 2.07993 12.8522
18.0775 32.918 6.68887 13.6957 13.3141
14.5935 7.83882 4.75638 2.87011 37.7443
22.4847 17.504 20.5742 7.66707 24.088
10.4138 8.10829 20.8162 23.3192 25.0561
26.067 20.2955 9.4777 7.50847 23.5569
0.544258 2.17174 18.7885 38.0436 4.73104
10.8191 2.83962 1.99736 8.16531 38.9657
30.4985 16.3702 24.3964 2.1363 9.35065
18.3616 33.4319 6.79727 15.5413 7.32143
9.94104 7.73913 2.24179 30.537 27.6452
32.5226 25.3234 7.35235 2.13813 0.103644
30.6828 18.6103 15.6874 15.7055 7.40075
23.8268 18.5511 5.38053 11.0143 27.2115
10.6173 8.26584 9.71603 39.602 0.267597
5.68766 7.57349 14.9402 35.5649 15.5149
24.2255 18.8605 21.6415 16.2882 12.5244
26.9378 14.4585 13.3599 1.45593 27.8844
6.16226 4.79764 37.556 13.7719 12.7154
2.52315 2.86122 18.3333 37.6429 4.68139
3.45783 13.8053 6.2562 37.1005 15.712
32.3706 17.374 10.5258 13.7113 15.8588
16.7467 30.4913 15.2116 10.7229 15.4101
3.34312 31.6127 13.8942 0.958369 25.6286
17.6877 9.49679 31.6681 5.05367 19.7027
11.9205 21.7097 4.40785 23.7998 25.5728
25.596 15.5254 1.21982 28.346 11.2317
27.2395 21.2111 6.16355 11.183 19.169
14.8397 27.0209 22.2619 13.6539 13.2722
12.2347 16.2878 32.1221 6.33707 15.0618
18.4599 24.5784 22.1993 13.619 12.3244
36.9689 19.8478 1.70824 6.97424 4.74
27.2432 7.14208 12.3155 29.0819 0.744785
30.906 24.0617 17.1231 1.18758 0.752674
12.8974 3.38229 2.37768 4.31651 39.5869
14.5769 7.82363 2.64095 39.9917 4.82788
1.73942 16.3648 2.93643 5.32926 37.9033
2.65153 24.9335 18.1061 11.1029 27.4372
1.33581 12.6518 9.18533 37.4566 15.8622
1.50778 14.1559 10.2807 2.91917 38.4547
7.58286 30.2904 13.7232 12.2369 24.2646
16.6035 12.9267 33.1927 11.095 12.4921
28.3703 15.2351 23.2559 14.2665 0.742854
15.1539 3.97054 36.0531 6.52904 15.5644
2.32061 21.8452 34.6571 6.81053 11.3267
12.1297 9.44326 35.3813 13.8473 12.7871
8.14371 4.37239 14.5806 4.87372 38.7513
3.68493 14.6996 34.8718 13.6527 13.271
14.6329 26.6464 5.41362 11.0856 27.3931
33.1544 17.7984 1.52868 6.25169 19.8805
7.33833 9.77113 28.1178 11.0093 27.1989
21.7494 33.8188 11.5345 6.95333 0.746347
26.6461 20.7429 24.3807 11.7476 4.8185
32.8731 17.6478 5.30928 13.5273 15.6397
6.20601 11.3006 5.63671 3.0727 40.1087
12.8987 23.4786 4.781 19.554 24.7445
0.860631 8.14719 39.4454 14.4556 7.50698
27.3604 21.3022 6.17863 1.79088 23.6154
11.0772 42.1001 1.74881 7.21547 0.777273
9.33285 7.26608 27.2202 28.0789 12.4982
8.49833 33.8784 15.3643 13.7069 11.041
15.5072 12.0746 30.9951 13.1852 15.2322
29.3411 22.8412 16.2495 8.85041 12.7051
5.63281 4.38544 16.4284 0.908906 38.745
1.76214 16.6775 26.459 29.6366 4.80167
31.8077 24.7633 7.17666 2.0746 12.5412
24.172 18.8178 22.1188 6.27029 19.9455
9.58233 12.7607 0.441066 38.098 12.6361
26.2392 15.9137 13.413 9.07999 25.6243
16.8252 13.0991 33.6364 1.10637 15.5616
11.9172 1.1911 8.44123 0.739219 40.8566
3.05575 2.37904 32.4987 24.4981 12.5059
11.0037 8.56722 2.48467 2.35423 39.989
21.6806 16.8783 12.0087 6.54228 30.3941
29.4429 2.95692 13.0155 1.64745 27.0267
31.2604 24.3341 7.04044 6.66881 15.9303
12.3519 19.2078 10.0416 23.6019 25.36
6.50354 5.06272 39.6901 2.04245 15.8535
9.2026 16.7596 30.1631 1.56545 23.9368
11.2504 20.4943 36.8892 1.90205 0.769416
5.15653 4.01425 31.4596 8.70901 27.7962
27.4589 14.7379 4.42813 11.2935 27.9225
4.5676 43.0373 1.75238 2.18594 0.200664
9.31804 12.4088 35.7235 13.9772 12.6584
34.6762 21.0319 7.2193 11.1707 4.7524
26.4051 20.5547 24.159 6.84105 12.7975
3.73995 6.80962 37.3445 10.3499 15.4375
28.2051 31.9867 7.58498 2.18586 0.763346
2.26465 1.7629 0.115805 43.621 0.108072
1.62775 15.394 6.76572 39.0286 7.45891
9.95058 7.74819 5.51679 3.01034 39.2402
15.3655 11.961 0.785242 39.2006 0.108226
29.7279 18.0325 24.51 2.16032 0.105302
24.3579 18.9629 13.571 24.2245 11.3064
11.0182 20.0686 36.1205 7.09439 0.107167
14.1171 1.41483 2.52679 0.731233 40.1842
25.9062 20.1687 14.3517 12.862 19.8252
1.39789 13.2071 5.80554 0.401849 40.3801
11.6953 7.09184 21.5813 24.1722 25.9733
12.3334 3.2291 1.81223 30.7355 27.8243
26.0078 20.2515 5.88263 1.71344 24.7581
5.96101 22.646 36.9502 2.20022 0.108284
18.5939 33.8522 16.8904 1.18186 0.742235
28.8402 22.4538 15.9798 14.3223 4.71933
5.31178 4.13523 32.3964 1.67265 27.6627
4.01655 2.15621 3.29171 13.4179 40.5151
29.367 22.8624 6.62272 13.5673 15.6873
15.5072 12.0746 30.9951 13.1852 15.2322
6.7012 12.2053 0.564333 4.43626 40.7267
11.39 2.98636 27.0908 29.8147 4.67321
11.2497 8.7578 0.578173 3.11301 40.6701
7.48626 4.01996 40.8398 5.62708 4.68682
26.9995 21.0207 9.81337 12.7807 19.6961
16.244 29.5827 14.8377 6.12089 21.2003
27.8346 16.8855 22.9508 14.3049 0.744915
21.6806 16.8783 12.0087 6.54228 30.3941
36.1843 9.47953 6.65918 1.92478 19.8108
18.3481 24.433 13.4335 23.9787 12.5721
12.8987 23.4786 4.781 19.554 24.7445
31.6363 8.29364 9.38278 1.50117 25.1499
13.599 10.5866 39.675 2.18391 0.76231
12.6682 9.86216 25.328 28.3704 12.6281
3.14182 29.6324 13.0295 10.3615 25.2056
30.5478 23.7862 6.90787 14.1298 0.26043
28.9122 22.5086 10.504 1.92886 19.875
16.646 30.312 24.9721 2.16415 0.105588
33.1513 25.8122 1.72332 2.14401 0.741077
37.3684 9.8033 11.0903 11.3589 0.103256
37.4151 20.0845 7.55556 2.1799 0.19982
10.7196 19.5202 9.73595 18.193 30.0662
22.9829 13.9376 18.9444 11.7995 25.7991
11.5401 8.98373 0.592193 0.738699 40.8128
37.2499 19.9948 7.52007 5.77699 0.107113
2.96783 11.855 28.1385 30.9641 0.767174
12.7166 9.90105 2.87232 39.0477 0.263867
3.01746 12.0426 28.5738 29.4745 0.106025
1.71423 16.234 2.90238 39.5774 7.52593
33.1149 25.7812 1.70841 6.97538 4.74085
4.35858 2.34052 11.3826 2.0636 40.3797
10.1388 5.44383 8.3102 2.35868 40.0721
31.2604 24.3341 7.04044 6.66881 15.9303
28.5843 15.3511 23.4325 6.65808 11.0485
30.1216 23.4533 1.56641 13.7241 11.0553
31.3507 24.4113 7.08894 10.9594 0.103393
22.4785 2.25481 35.6341 1.22251 4.69989
29.5515 7.74105 5.43754 29.3556 4.75612
1.75644 16.6115 26.353 11.1977 27.6786
10.3354 18.8198 33.8682 14.398 0.749912
37.9845 20.3834 7.65711 1.19291 4.87687
9.2026 16.7596 30.1631 1.56545 23.9368
2.08138 1.6202 1.15241 43.7466 0.108383
17.8302 13.881 35.6476 7.00613 4.76381
36.1625 9.47505 6.65665 12.0934 15.5653
25.6283 19.952 5.78058 1.66938 27.5801
30.9415 18.7684 15.9132 14.1938 7.36699
6.43665 5.01136 39.2206 14.3839 0.749153
3.50761 13.997 0.587728 0.732249 40.2697
5.68766 7.57349 14.9402 35.5649 15.5149
12.859 23.42 18.832 11.7314 25.6457
18.3616 33.4319 6.79727 15.5413 7.32143
29.6696 7.77428 21.6204 5.33499 19.7382
30.5854 23.8135 16.9498 2.15259 0.104724
28.7547 15.4383 23.006 8.71808 12.5027
36.0464 4.97568 10.4349 1.92019 19.7386
7.48626 4.01996 40.8398 5.62708 4.68682
12.4533 6.68531 2.51546 2.38307 40.5274
12.7097 16.9227 33.3806 14.1951 4.67612
2.96783 11.855 28.1385 30.9641 0.767174
22.4505 17.4781 12.5085 11.1557 27.5716
1.79693 16.9281 39.1898 7.08863 0.762308
34.906 18.7454 1.62461 14.243 0.741595
11.39 2.98636 27.0908 29.8147 4.67321
2.07224 8.26829 40.992 6.95526 4.72584
12.4998 6.71147 0.579028 2.35939 40.0853
0.10076 0.946939 0.038842 14.3819 40.1393
1.79357 16.9394 39.2036 2.16697 0.753294
37.2666 20.011 1.72983 2.15341 0.746082
38.5345 20.6762 1.75335 7.24536 0.780798
28.2403 7.40816 8.38075 28.7381 0.103374
26.9619 20.9897 6.07935 1.75388 25.6609
21.8494 33.9817 11.5789 6.97333 7.47173
9.29343 7.23411 8.50242 3.16547 41.4008
6.46161 5.03047 39.4006 14.4444 4.76077
2.27198 1.76855 0.115961 43.81 0.10854
16.1055 12.5376 32.2026 13.6798 15.8213
5.03176 9.16455 1.85996 10.0465 40.7102
30.1663 23.4799 16.6951 14.9551 4.93417
22.5036 17.5186 20.5914 7.67307 24.1081
27.4638 14.7391 5.53906 11.3561 28.0817
31.7425 24.7131 7.16415 11.5354 4.72759
3.17811 30.0375 13.203 10.4967 25.547
29.5155 22.9762 16.3436 8.89934 12.78
24.0065 18.6901 5.41759 11.0942 27.4149
30.0453 18.2226 24.7685 2.17525 0.106418
14.7158 26.7966 21.5503 13.4291 15.5227
5.95833 4.63843 11.9132 3.97907 40.8124
14.7158 26.7966 21.5503 13.4291 15.5227
30.1663 23.4799 16.6951 14.9551 4.93417
24.1506 18.8016 5.44731 11.1582 27.5781
2.27533 1.77114 0.116033 43.8965 0.108754
