895 12.5891
7311.02 3811.39 3411.08 5892.1 381.217
503.298 28.6827 68.4628 9433.55 955.399
446.807 309.879 112.358 10294.4 2682.58
503.298 28.6827 68.4628 9433.55 955.399
3.1475 3546.56 2910.63 9098.57 2651.64
115.525 971.636 1427.38 18.6771 9027.28
9210.6 5252.43 2429.26 1304.76 2364.55
223.531 56.493 10409.6 2612.25 2576.58
1194.65 10048.7 1374.43 110.313 5525.92
25.2464 2592.6 4463.19 3408.67 11023.8
113.435 6613.47 6085.5 4312.28 1954.99
113.435 6613.47 6085.5 4312.28 1954.99
1194.65 10048.7 1374.43 110.313 5525.92
6638.3 4603.85 3342.31 2193.42 2345.38
3538.71 1844.71 1887.03 6126.1 8222.75
5203.33 8083.04 565.684 4620.2 2563.46
25.2464 2592.6 4463.19 3408.67 11023.8
1305.54 744.498 9590.22 879.594 665.026
996.779 6179.06 7345.25 4629.54 2098.93
5504.8 3139.15 882.199 836.68 7716.81
2671.64 8815.1 3810.98 1303.66 3402.87
996.779 6179.06 7345.25 4629.54 2098.93
8311.54 4332.6 1304.95 5526.51 2852.02
9210.6 5252.43 2429.26 1304.76 2364.55
283.6 9088.32 3837.57 3330.39 604.322
283.6 9088.32 3837.57 3330.39 604.322
503.298 28.6827 68.4628 9433.55 955.399
1194.65 10048.7 1374.43 110.313 5525.92
5083.82 3168.9 813.611 3530.53 7624.11
4201.18 358.646 7798.9 1063.33 3022.43
973.661 8189.11 7587.2 121.204 1532
1305.54 744.498 9590.22 879.594 665.026
1690.87 144.363 9567.01 1165.47 3312.47
1305.54 744.498 9590.22 879.594 665.026
223.531 56.493 10409.6 2612.25 2576.58
3090.63 1611.11 6446.92 7148.06 3465.14
7890.9 4500.02 4247.77 2515.79 1344.3
1480.44 3549.2 794.669 7787.51 7774.64
174.109 5585.47 7828.78 5616.94 1627.14
93.2656 2993.28 6176.01 3292.88 6435.28
2243.82 1556.19 5050.91 8639.1 2034.25
3538.71 1844.71 1887.03 6126.1 8222.75
710.126 4401.84 8247.58 4497.83 2039.15
5417.92 3089.61 2576.41 6816.43 5189.45
93.2656 2993.28 6176.01 3292.88 6435.28
2004.06 8586.16 3721.09 867.133 5199.01
4712.75 3268.68 6730.92 4242.57 991.974
3212.52 945.701 454.867 4843.84 8726.17
7124.72 4062.95 3105.02 983.373 4774.55
6130.7 3196.01 5178.55 1129.81 7364.02
2961.86 1689.11 258.262 5144.74 9126.77
3240.6 2247.49 8133.2 4336.53 4493.07
6814.22 3885.85 3245.36 5605.91 2647.23
4747.17 1397.47 7219.07 5779.99 1433.8
3212.52 945.701 454.867 4843.84 8726.17
6104.98 347.826 8566.42 1262.27 1378.41
7124.72 4062.95 3105.02 983.373 4774.55
8757.8 499.106 1191.29 2948.45 5048.35
5417.92 3089.61 2576.41 6816.43 5189.45
5203.33 8083.04 565.684 4620.2 2563.46
6498.07 3387.49 1514.31 897.475 7156.75
3.1475 3546.56 2910.63 9098.57 2651.64
3376.6 1760.17 7043.73 725.402 4349.6
1070.11 557.862 2232.19 8112.22 4598.55
2916.04 1662.95 6209.19 923.071 8252.57
8337.02 5782.22 2096.48 1354.93 3536.65
4479.28 8224.72 551.208 4935.36 2758.33
1480.44 3549.2 794.669 7787.51 7774.64
8757.8 499.106 1191.29 2948.45 5048.35
7976.96 2348.3 1129.44 5541.83 1972.31
7284.75 2144.59 1569.25 4528.1 4024.52
4361.75 248.573 257.024 8678.93 3290.14
2243.82 1556.19 5050.91 8639.1 2034.25
7124.72 4062.95 3105.02 983.373 4774.55
2916.04 1662.95 6209.19 923.071 8252.57
7890.9 4500.02 4247.77 2515.79 1344.3
268.654 8613.04 3559.82 5526.1 1096.4
6104.98 347.826 8566.42 1262.27 1378.41
4651.31 984.183 8794.33 2508.1 2224.43
805.176 237.035 4731.43 628.482 8836.04
3135.77 1788.13 6677.06 5012.38 4921.57
5417.92 3089.61 2576.41 6816.43 5189.45
93.2656 2993.28 6176.01 3292.88 6435.28
7284.75 2144.59 1569.25 4528.1 4024.52
3376.6 1760.17 7043.73 725.402 4349.6
8757.8 499.106 1191.29 2948.45 5048.35
2119.05 1104.69 4420.29 455.377 8992.15
2119.05 1104.69 4420.29 455.377 8992.15
805.176 237.035 4731.43 628.482 8836.04
4612.75 2404.62 7588.78 4414 2001.21
7311.02 3811.39 3411.08 5892.1 381.217
7284.75 2144.59 1569.25 4528.1 4024.52
2119.05 1104.69 4420.29 455.377 8992.15
4361.75 248.573 257.024 8678.93 3290.14
2961.86 1689.11 258.262 5144.74 9126.77
4747.17 1397.47 7219.07 5779.99 1433.8
2961.86 1689.11 258.262 5144.74 9126.77
1070.11 557.862 2232.19 8112.22 4598.55
3.1475 3546.56 2910.63 9098.57 2651.64
1690.87 144.363 9567.01 1165.47 3312.47
2119.05 1104.69 4420.29 455.377 8992.15
4712.75 3268.68 6730.92 4242.57 991.974
8757.8 499.106 1191.29 2948.45 5048.35
3240.6 2247.49 8133.2 4336.53 4493.07
996.779 6179.06 7345.25 4629.54 2098.93
1194.65 10048.7 1374.43 110.313 5525.92
5083.82 3168.9 813.611 3530.53 7624.11
4747.17 1397.47 7219.07 5779.99 1433.8
5083.82 3168.9 813.611 3530.53 7624.11
7311.02 3811.39 3411.08 5892.1 381.217
773.854 403.416 5567.25 9375 390.017
6130.7 3196.01 5178.55 1129.81 7364.02
2004.06 8586.16 3721.09 867.133 5199.01
805.176 237.035 4731.43 628.482 8836.04
76.3351 4452.61 2185.04 2379.82 8128.49
6638.3 4603.85 3342.31 2193.42 2345.38
7311.02 3811.39 3411.08 5892.1 381.217
3.1475 3546.56 2910.63 9098.57 2651.64
7124.72 4062.95 3105.02 983.373 4774.55
7311.02 3811.39 3411.08 5892.1 381.217
1305.54 744.498 9590.22 879.594 665.026
2004.06 8586.16 3721.09 867.133 5199.01
4747.17 1397.47 7219.07 5779.99 1433.8
3538.71 1844.71 1887.03 6126.1 8222.75
3376.6 1760.17 7043.73 725.402 4349.6
6638.3 4603.85 3342.31 2193.42 2345.38
1491.5 6361.62 3539.27 4927.51 4823.92
25.2464 2592.6 4463.19 3408.67 11023.8
340.661 1452.98 8412.65 5642.14 4619.58
805.176 237.035 4731.43 628.482 8836.04
735.137 216.419 4320.05 2897.36 9370.66
735.137 216.419 4320.05 2897.36 9370.66
773.854 403.416 5567.25 9375 390.017
2671.64 8815.1 3810.98 1303.66 3402.87
25.2464 2592.6 4463.19 3408.67 11023.8
773.854 403.416 5567.25 9375 390.017
1480.44 3549.2 794.669 7787.51 7774.64
8311.54 4332.6 1304.95 5526.51 2852.02
3538.71 1844.71 1887.03 6126.1 8222.75
2733.02 690.733 582.512 322.781 9447.66
503.298 28.6827 68.4628 9433.55 955.399
113.435 6613.47 6085.5 4312.28 1954.99
6130.7 3196.01 5178.55 1129.81 7364.02
3.1475 3546.56 2910.63 9098.57 2651.64
6814.22 3885.85 3245.36 5605.91 2647.23
6498.07 3387.49 1514.31 897.475 7156.75
773.854 403.416 5567.25 9375 390.017
268.654 8613.04 3559.82 5526.1 1096.4
76.3351 4452.61 2185.04 2379.82 8128.49
6104.98 347.826 8566.42 1262.27 1378.41
8757.8 499.106 1191.29 2948.45 5048.35
4201.18 358.646 7798.9 1063.33 3022.43
6104.98 347.826 8566.42 1262.27 1378.41
4201.18 358.646 7798.9 1063.33 3022.43
76.3351 4452.61 2185.04 2379.82 8128.49
2733.02 690.733 582.512 322.781 9447.66
1690.87 144.363 9567.01 1165.47 3312.47
1480.44 3549.2 794.669 7787.51 7774.64
1480.44 3549.2 794.669 7787.51 7774.64
268.654 8613.04 3559.82 5526.1 1096.4
503.298 28.6827 68.4628 9433.55 955.399
3538.71 1844.71 1887.03 6126.1 8222.75
4747.17 1397.47 7219.07 5779.99 1433.8
6130.7 3196.01 5178.55 1129.81 7364.02
7284.75 2144.59 1569.25 4528.1 4024.52
710.126 4401.84 8247.58 4497.83 2039.15
735.137 216.419 4320.05 2897.36 9370.66
805.176 237.035 4731.43 628.482 8836.04
268.654 8613.04 3559.82 5526.1 1096.4
2243.82 1556.19 5050.91 8639.1 2034.25
1070.11 557.862 2232.19 8112.22 4598.55
340.661 1452.98 8412.65 5642.14 4619.58
7311.02 3811.39 3411.08 5892.1 381.217
7311.02 3811.39 3411.08 5892.1 381.217
5083.82 3168.9 813.611 3530.53 7624.11
7311.02 3811.39 3411.08 5892.1 381.217
3538.71 1844.71 1887.03 6126.1 8222.75
3090.63 1611.11 6446.92 7148.06 3465.14
2119.05 1104.69 4420.29 455.377 8992.15
2961.86 1689.11 258.262 5144.74 9126.77
1070.11 557.862 2232.19 8112.22 4598.55
340.661 1452.98 8412.65 5642.14 4619.58
4361.75 248.573 257.024 8678.93 3290.14
7311.02 3811.39 3411.08 5892.1 381.217
2004.06 8586.16 3721.09 867.133 5199.01
2916.04 1662.95 6209.19 923.071 8252.57
3538.71 1844.71 1887.03 6126.1 8222.75
4201.18 358.646 7798.9 1063.33 3022.43
1194.65 10048.7 1374.43 110.313 5525.92
8757.8 499.106 1191.29 2948.45 5048.35
710.126 4401.84 8247.58 4497.83 2039.15
3135.77 1788.13 6677.06 5012.38 4921.57
1070.11 557.862 2232.19 8112.22 4598.55
2004.06 8586.16 3721.09 867.133 5199.01
1690.87 144.363 9567.01 1165.47 3312.47
340.661 1452.98 8412.65 5642.14 4619.58
3135.77 1788.13 6677.06 5012.38 4921.57
1070.11 557.862 2232.19 8112.22 4598.55
3090.63 1611.11 6446.92 7148.06 3465.14
1194.65 10048.7 1374.43 110.313 5525.92
268.654 8613.04 3559.82 5526.1 1096.4
1194.65 10048.7 1374.43 110.313 5525.92
3212.52 945.701 454.867 4843.84 8726.17
5083.82 3168.9 813.611 3530.53 7624.11
2916.04 1662.95 6209.19 923.071 8252.57
3240.6 2247.49 8133.2 4336.53 4493.07
115.525 971.636 1427.38 18.6771 9027.28
2004.06 8586.16 3721.09 867.133 5199.01
1194.65 10048.7 1374.43 110.313 5525.92
773.854 403.416 5567.25 9375 390.017
3090.63 1611.11 6446.92 7148.06 3465.14
6104.98 347.826 8566.42 1262.27 1378.41
9210.6 5252.43 2429.26 1304.76 2364.55
6130.7 3196.01 5178.55 1129.81 7364.02
446.807 309.879 112.358 10294.4 2682.58
7890.9 4500.02 4247.77 2515.79 1344.3
805.176 237.035 4731.43 628.482 8836.04
6130.7 3196.01 5178.55 1129.81 7364.02
8337.02 5782.22 2096.48 1354.93 3536.65
6130.7 3196.01 5178.55 1129.81 7364.02
773.854 403.416 5567.25 9375 390.017
8337.02 5782.22 2096.48 1354.93 3536.65
5417.92 3089.61 2576.41 6816.43 5189.45
3538.71 1844.71 1887.03 6126.1 8222.75
6814.22 3885.85 3245.36 5605.91 2647.23
2004.06 8586.16 3721.09 867.133 5199.01
7890.9 4500.02 4247.77 2515.79 1344.3
8337.02 5782.22 2096.48 1354.93 3536.65
25.2464 2592.6 4463.19 3408.67 11023.8
223.531 56.493 10409.6 2612.25 2576.58
503.298 28.6827 68.4628 9433.55 955.399
5203.33 8083.04 565.684 4620.2 2563.46
503.298 28.6827 68.4628 9433.55 955.399
8757.8 499.106 1191.29 2948.45 5048.35
3538.71 1844.71 1887.03 6126.1 8222.75
223.531 56.493 10409.6 2612.25 2576.58
973.661 8189.11 7587.2 121.204 1532
1194.65 10048.7 1374.43 110.313 5525.92
93.2656 2993.28 6176.01 3292.88 6435.28
7976.96 2348.3 1129.44 5541.83 1972.31
7890.9 4500.02 4247.77 2515.79 1344.3
5504.8 3139.15 882.199 836.68 7716.81
93.2656 2993.28 6176.01 3292.88 6435.28
1194.65 10048.7 1374.43 110.313 5525.92
805.176 237.035 4731.43 628.482 8836.04
268.654 8613.04 3559.82 5526.1 1096.4
1480.44 3549.2 794.669 7787.51 7774.64
8757.8 499.106 1191.29 2948.45 5048.35
76.3351 4452.61 2185.04 2379.82 8128.49
5203.33 8083.04 565.684 4620.2 2563.46
6498.07 3387.49 1514.31 897.475 7156.75
6814.22 3885.85 3245.36 5605.91 2647.23
6130.7 3196.01 5178.55 1129.81 7364.02
113.435 6613.47 6085.5 4312.28 1954.99
268.654 8613.04 3559.82 5526.1 1096.4
2733.02 690.733 582.512 322.781 9447.66
3538.71 1844.71 1887.03 6126.1 8222.75
1480.44 3549.2 794.669 7787.51 7774.64
4651.31 984.183 8794.33 2508.1 2224.43
735.137 216.419 4320.05 2897.36 9370.66
25.2464 2592.6 4463.19 3408.67 11023.8
6638.3 4603.85 3342.31 2193.42 2345.38
3376.6 1760.17 7043.73 725.402 4349.6
4747.17 1397.47 7219.07 5779.99 1433.8
2004.06 8586.16 3721.09 867.133 5199.01
1305.54 744.498 9590.22 879.594 665.026
7124.72 4062.95 3105.02 983.373 4774.55
3.1475 3546.56 2910.63 9098.57 2651.64
93.2656 2993.28 6176.01 3292.88 6435.28
6130.7 3196.01 5178.55 1129.81 7364.02
3240.6 2247.49 8133.2 4336.53 4493.07
4712.75 3268.68 6730.92 4242.57 991.974
4612.75 2404.62 7588.78 4414 2001.21
2916.04 1662.95 6209.19 923.071 8252.57
1194.65 10048.7 1374.43 110.313 5525.92
5504.8 3139.15 882.199 836.68 7716.81
93.2656 2993.28 6176.01 3292.88 6435.28
503.298 28.6827 68.4628 9433.55 955.399
5203.33 8083.04 565.684 4620.2 2563.46
223.531 56.493 10409.6 2612.25 2576.58
25.2464 2592.6 4463.19 3408.67 11023.8
7890.9 4500.02 4247.77 2515.79 1344.3
6130.7 3196.01 5178.55 1129.81 7364.02
7890.9 4500.02 4247.77 2515.79 1344.3
3090.63 1611.11 6446.92 7148.06 3465.14
8757.8 499.106 1191.29 2948.45 5048.35
2004.06 8586.16 3721.09 867.133 5199.01
4712.75 3268.68 6730.92 4242.57 991.974
1070.11 557.862 2232.19 8112.22 4598.55
3135.77 1788.13 6677.06 5012.38 4921.57
1690.87 144.363 9567.01 1165.47 3312.47
5203.33 8083.04 565.684 4620.2 2563.46
2916.04 1662.95 6209.19 923.071 8252.57
7311.02 3811.39 3411.08 5892.1 381.217
4361.75 248.573 257.024 8678.93 3290.14
1070.11 557.862 2232.19 8112.22 4598.55
25.2464 2592.6 4463.19 3408.67 11023.8
3090.63 1611.11 6446.92 7148.06 3465.14
5083.82 3168.9 813.611 3530.53 7624.11
1070.11 557.862 2232.19 8112.22 4598.55
