200 18.2782
294.878 294.878 589.757 83.2712 1262.79 1933.68 229.636 1980.71
247.87 147.816 588.771 171.906 27.493 21.3442 1479.15 5317.85
4120.28 3348.22 0 982.843 1856.65 144.129 0 0
1359.63 352.243 1711.87 0 3423.74 0 418.63 0
6551.26 1182.32 622.07 0 0 102.596 311.043 0
1339.45 427.605 1767.06 0 1629.8 0 0 3264.17
897.017 1526.77 2363.85 2765.05 0 0 0 1173.45
0 0 399.991 48.7699 1447.97 530.569 1247.11 4376.86
69.6045 36.4827 0 246.928 273.573 626.588 2421.9 3886.27
539.9 274.318 814.218 1000.31 4988.38 0 0 0
954.029 0 103.542 0 1057.57 887.304 4206.72 0
1012.62 1392 121.078 589.505 3115.2 0 0 1918.74
0 0 0 0 0 8359.49 0 0
1128.09 0 1128.09 1328.47 0 0 8.01512 3592.67
587.243 690.539 1277.78 3990.9 0 1772.13 0 0
305.713 567.714 229.285 1102.71 51.3338 2386.25 0 3408.25
279.606 1030.57 0 677.916 0 212.902 2665.97 3418.99
0 0 1261.91 1359.23 1294.01 3970.17 0 0
0 0 0 0 7813.97 0 17.6071 704.277
713.012 135.028 1569.38 3297.37 3058.86 0 0 0
689.282 615.985 1305.27 0 0 2610.53 0 1336.32
674.045 674.045 1348.09 0 214.189 2910.37 768.027 985.735
680.45 653.008 802.605 198.298 2357.04 2263.22 1563.09 269.277
524.101 0 1358.75 478.553 1141.38 352.435 227.473 4082.69
265.203 203.678 485.612 0 954.493 1929.32 3838.31 0
291.974 290.738 582.712 2134.26 9.93252 0 3309.62 0
995.178 2173.82 600.41 540.149 851.591 107.46 1288.08 3038.74
31.7934 1.1755 310.717 343.686 540.509 547.031 2057.56 3832.47
639.727 274.269 2547.84 1927.46 0 1759.27 0 0
251.752 292.513 0 2721.21 2716.09 866.024 0 1017.24
1018.07 288.534 16.4465 1323.05 866.261 3820.18 0 484.706
1474.28 1329.94 2804.22 1257.42 1148.46 0 0 0
278.749 2172.27 4059.47 194.476 2029.72 0 0 207.25
0 19.0687 178.12 354.225 5198.43 10.9752 2416.51 805.633
1052.53 49.9373 324.103 3623.08 0 987.978 151.35 1161.79
1850.94 2738.29 2254.48 0 597.125 54.9356 376.235 0
277.338 277.338 463.934 389.748 1119.98 348.324 2995.52 3464.95
0 879.852 174.906 1366.1 1908.15 735.143 0 2300.17
13.9831 24.913 154.124 54.4782 582.947 1302.04 4667.96 1388.66
1.23137 1.35244 13.3749 1265.39 2096.82 683.213 5030.6 0
2870.05 1143.19 0 0 1208.59 0 0 2381.42
499.25 58.8464 126.27 2343.25 187.308 247.881 1653.47 3591.77
1951.2 0 0 1032.98 0 0 2769.73 1810.2
1882.36 1882.36 1096.62 0 1405.21 1007.73 294.282 0
198.258 24.6498 0 222.908 432.706 934.205 547.003 5359.59
1746.15 676.173 2310.12 2764.09 0 0 528.547 0
171.446 64.1687 238.928 143.706 713.326 338.505 2823.84 3519.89
18.3023 90.986 3593.61 746.573 2920.72 0 0 0
0 671.178 1238.1 247.747 1401.72 106.01 281.067 3945.82
0 76.5123 2710.23 2786.75 935.346 0 0 0.866276
2615.89 386.192 54.379 868.147 4732.22 590.718 0 92.1725
397.982 928.626 139.901 1190.34 1550.45 245.586 1632.01 2105.06
668.651 0 51.2564 1084.59 0 1981.99 3786.48 0
273.602 3179.75 1276.59 820.359 493.195 1003.12 531.075 1571
1443.28 0 71.3182 581.2 396.033 0 1729.6 4221.43
712.705 699.189 1411.89 2011.33 566.178 0 1589.76 1104.79
737.058 340.601 516.39 1938.62 204.484 416.427 4153.58 0
187.551 124.46 326.875 17.3584 483.504 3961.42 1817.41 936.683
1039.25 0 492.293 0 709.238 400.381 416.147 3057.31
1309.86 1309.86 3550.5 1142.12 0 0 785.31 0
103.103 70.026 259.762 8943.47 0 0 0 0
2114.94 79.2955 0 55.9497 1623.85 0 3883.68 0
0 0 0 0 3341.16 4282.43 0 0
8.54552 354.809 78.951 200.703 3299.57 3.15886 3419.02 267.441
186.872 429.2 318.951 363.655 26.8706 2074.8 2905.52 1631.51
480.199 948.598 3138.41 0 606.089 1536.02 0 987.003
160.219 160.219 995.12 599.871 25.7692 6103.23 0 0
498.237 613.989 2175.94 1374.64 2141.95 0 0 0
0 0 0 0 1004.8 1317.97 1906.55 4229.31
1488.7 1488.7 565.048 479.255 4021.7 0 0 315.184
275.599 275.599 994.764 1545.96 0 0 3110.78 1534.09
0 0 8773.56 0 0 0 128.747 0
23.7408 30.3484 44.0545 43.7987 761.207 427.33 2009.4 4556.74
77.5859 699.634 1024.34 0 607.962 2197.82 3411.2 766.367
1090.82 1975.35 2193.08 0 1854.69 890.37 0 288.842
2656.71 3047.64 0 456.794 0 0 0 0
578.077 861.899 5.03158 0 1493.14 2938.15 1145.98 1327.55
4609.34 95.6792 600.761 1471.94 906.897 0 2.35523 386.276
816.792 529.819 5.04041 1279.3 83.5046 1738.59 1568.46 267.841
286.424 2961.97 2417.18 1328.14 0 2391.7 0 0
150.661 649.758 1947.6 329.835 29.6462 142.077 3231.92 415.238
1462.59 1433.31 1970.33 1887.83 0 518.477 0 601.716
0 0 3590.4 4920.23 0 0 498.535 270.299
4.36215 11.4516 19.6608 4803 492.262 2840.24 0 472.697
0 2034.32 2034.32 2632.88 224.723 1114.78 12.3673 0
1007.87 1007.87 943.11 204.244 2851.8 2064.7 269.831 104.415
796.78 99.3187 0 36.0667 0 819.158 6004.04 234.597
1149.78 475.98 1045.66 2671.42 526.134 1239.65 1309.54 0
48.953 1706.18 1028.08 852.158 1285.26 17.1927 1931.08 731.538
887.01 150.334 3406.31 433.827 0 855.598 21.253 2465.24
1572.81 1572.81 0 1216.57 2627.78 0 482.396 0
115.29 325.964 415.658 856.912 62.8458 1776.67 14.5102 4711.94
543.706 3640.41 784.515 0 0 3427.38 0 591.397
3375.19 895.488 1798.16 202.552 0 0 1048.15 0
208.922 63.6767 191.075 463.673 2841.72 0 0 3769.07
135.592 526.701 92.9856 144.178 286.139 203.24 3740.47 2940.35
30.8133 229.293 4539.97 0 709.338 0 3450.72 0
1705.98 65.2356 0 1450.72 101.902 0 871.482 2892.39
5188.25 915.187 0 190.542 0 1608.73 0 0
2182.23 0 0 911.756 437.731 102.511 2709.43 1346.26
20.4047 156.429 93.38 0 6327.47 593.773 0 864.46
151.706 0 677.035 0 828.742 1657.48 4879.64 0
0 0 16.4799 2.28367 61.486 80.2496 5611.63 1081.61
360.133 439.689 128.82 928.642 1177.43 3034.72 2028.44 818.38
0 0 1352.81 1240.67 3064.65 2542.8 0 0
1513.74 3823.73 2561.96 0 0 0 0 0
1115.24 1115.24 1785.11 0 0 3960.6 0 532.59
279.235 103.847 74.5102 333.388 790.98 91.5402 1673.5 3347
1434.62 739.997 901.474 197.9 357.241 5156.93 0 0
455.55 1406.96 1930.48 79.3249 3471.73 351.188 1340.32 0
973.426 268.385 1241.81 0 0 0 2483.62 2448.73
1517.46 898.386 2415.85 761.973 586.493 2564.14 0 102.381
0 0 0 0 8351.87 0 0 0
360.753 1416.12 1618.07 0 131.919 3762.21 0 518.004
0 0 2001.15 277.396 953.801 866.755 1993.92 2794.94
361.859 418.354 780.213 1906.09 3466.52 150.073 794.443 0
159.033 166.822 495.262 647.343 0 777.364 1439.4 3685.22
0 0 0 0 4707.7 2479.6 46.2732 553.088
0 121.421 1037.76 962.068 645.312 91.7823 799.973 3658.31
1377.42 1075.03 1342.84 0 0 3671.38 31.6723 0
1580.68 573.505 829.354 0 4529.81 0 117.189 0
0 0 0 0 3397.59 3397.59 1005.14 0
1909.85 1347.01 2404.85 0 0 935.479 297.501 579.148
1531.28 1531.28 0 1564.89 1203.95 1510.36 1135.55 0
295.944 295.944 60.2629 87.4616 2723.48 1337.83 1635.65 1905.28
133.852 265.373 399.225 367.262 1032.13 2197.84 1894.32 1246.25
85.9954 57.108 458.193 2505.96 3107.26 839.955 1130.7 6.25777
1533.24 302.57 0 7197.39 0 1237.45 0 1.7281
618.164 659.999 7.16942 29.0085 0 2613.32 2073.18 1741.52
34.9414 34.9414 13.0035 302.635 385.521 927.4 3083.26 2900.99
3706.91 0 65.5896 4121.72 0 662.772 0 411.309
0 546.202 1050.32 1711.84 2887.45 0 2910.78 0
553.373 934.595 1487.97 3709.94 298.003 34.9146 0 2531.68
0 2836.97 3034.9 0 60.7282 0 1490.28 81.0848
563.74 870.077 2605.36 485.286 2426.61 414.927 1643.59 261.468
976.117 1766.99 2743.11 0 0 1114.65 0 1204.78
303.351 303.351 0 287.337 275.485 2154.51 4115.38 0
518.067 678.992 40.3719 0 0 1852.53 1775.83 1756.82
6.4462 245.287 251.734 503.467 1723.97 3897.3 0 0
44.1983 50.8747 247.674 508.893 1102.21 0 0 5793.65
315.875 748.976 535.223 0 2054.34 4040.94 1469.24 0
3767.64 0 172.086 765.858 0 0 3581.98 904.737
1351.42 653.976 432.811 4256.82 393.21 358.855 0 0
160.625 2593.05 2753.68 990.557 0 0 262.078 0
0 4557.67 509.556 0 2434.99 33.525 737.135 0
0 1811.26 915.358 852.554 428.653 966.11 1897.62 1880.43
1739.01 372.072 1643.66 3497.19 952.108 179.686 74.1289 1836.24
99.9301 1059.07 1027.77 810.399 2997.17 1155.23 199.656 439.456
1.49844 0.642189 1.0336 0.474366 1730.4 401.338 1087.36 4993.87
111.263 111.263 674.8 1104.51 1054.29 2031.63 297.052 3109.67
195.197 4.91846 200.115 408.777 579.288 1123.84 1674.68 4186.81
351.297 548.386 0 774.343 0 1422.1 1158.96 4750.57
234.502 728.462 343.581 1154 727.154 2812.17 0 785.59
132.756 1515.06 0 248.984 513.282 721.027 3131.11 1857.17
221.746 184.234 0 55.0506 461.031 922.062 1844.12 3551.59
394.945 559.772 0 491.586 1446.3 964.859 1614.91 1628.61
1084.6 103.239 537.21 723.703 0 4826.33 66.2899 0
0 640.947 778.548 993.98 1855.87 572.366 1152.74 1170.63
0 88.1418 113.574 613.815 2614.99 2539.42 1112.3 0
704.969 5944.02 0 461.554 90.1769 0 671.984 485.157
537.878 116.019 442.783 468.504 1794.22 2078.91 1123.79 984.238
861.796 4572.35 1946.36 157.413 0 782.795 582.753 330.05
0 512.447 512.447 1138.54 1576.35 3739.78 0 81.6766
1187.71 1187.71 1078.95 202.59 2947.61 0 943.568 646.36
708.914 853.928 359.634 0 806.825 2188.35 560.648 4444.02
226.302 93.7115 28.0985 0 4987.73 2136.81 321.879 407.53
2414.8 2547.34 190.006 1846.54 1095.84 684.489 31.6162 0
23.4166 205.585 260.408 363.275 852.685 2892.56 1680.44 1920.61
0 921.14 921.14 191.471 313.424 4167.06 1610.58 875.134
1078.24 752.27 362.571 2475.06 773.424 1136.36 0 1353.6
287.156 287.156 574.312 1586.36 0 1254.67 3989.65 120.166
1752.58 2577.09 159.644 687.734 1550.42 430.644 0 1615.02
509.467 146.239 1131.01 1786.71 103.315 0 690.657 3366.49
325.852 374.869 511.406 2132.38 3344.51 0 1388.22 0
557.297 2216.87 0 774.63 0 3548.8 0 0
543.256 307.133 1199.68 528.232 349.73 1816.42 3237.4 0
212.037 212.037 271.44 1302.23 1997.75 3995.49 0 0
1887.62 1726.44 169.884 0 3783.94 0 0 0
841.751 1111.08 723.182 1341.61 2715.5 754.741 1092.14 1109.86
181.145 11.5062 76.0929 466.478 735.222 845.6 2316.04 2714.85
1334.88 3463.08 2470.44 0 0 0 474.592 0
1020.79 2034.97 3055.76 0 0 1323.06 780.432 788.794
1370.48 455.495 6189.7 0 0 0 0 312.854
1044.84 2.40594 15.9603 453.919 4610.33 103.717 295.418 812.579
1416.27 1416.27 570.528 3403.06 0 157.322 0 333.061
1044.02 602.036 2319.5 3138.26 182.896 978.762 157.558 108.95
224.561 679.222 15.3962 919.179 461.647 1293.18 2034.88 1781.03
625.247 601.781 180.02 1374.85 1041.89 283.215 0 4214.89
311.263 504.889 623.96 335.23 21.2003 6031.69 0 0
2504.32 498.784 3003.11 2062.37 0 0 220.429 247.219
925.916 925.916 585.471 276.933 2714.24 1407.13 65.2288 733.87
2930.62 285.672 2032.59 0 861.609 0 2620.47 735.243
560.805 113.985 511.587 4535.7 2453.94 0 0 16.2702
51.2385 51.2385 170.744 273.221 315.869 862.311 1724.62 3449.24
834.085 570.781 1679.32 3384.66 0 0 1098.71 0
1104.16 1584.43 2688.59 0 330.243 0 1360.24 0
6005.73 0 801.395 0 0 1313.52 415.02 0
70.7179 120.685 271.556 319.506 1727.27 0 1374.68 3986.36
0 0 0 4584.85 0 2422.37 0 0
1571.95 1845.09 0 700.277 102.701 1773.42 1044.09 0
33.8295 0 458.568 317.618 105.742 2089.76 1913.97 3214.46
284.527 284.527 53.574 386.781 111.761 1703.47 943.529 4054.44
1690.21 0 2855.52 0 1567.15 0 1422.73 0
4021.52 0 4021.52 0 0 271.259 0 0
0 0 3769.46 15.2613 937.18 611.868 360.234 999.725
7.71414 1938.79 1946.51 1989.39 0 442.73 0 0
72.9046 56.8061 139.292 248.547 517.55 1793.88 2735.66 3753.76
175.951 709.024 342.036 3146.38 817.593 2437.73 80.9466 0
89.4164 14.8875 419.307 2399.74 534.362 3075.77 692.2 2020.08
118.387 557.514 4301.42 600.659 0 0 278.599 1811.62
0 263.586 364.19 0 1107.71 2966.2 2192.62 1271.7
1136.06 1936.95 0 1059.7 3611.88 641.38 0 1132.59
506.478 118.058 459.255 1907.93 662.35 44.1623 2008.43 3073.66
149.439 155.299 154.309 1590.89 1579.92 170.868 3800.73 0
1264.04 284.139 0 732.169 235.244 2515.59 0 1390.75
1303.31 82.5649 3042.37 3166.52 0 0 0 43.0517
218.355 65.4786 455.661 516.575 2344.31 3600.38 0 155.788
114.561 264.092 81.7313 79.073 2207.66 539.167 3286.28 1618.38
2662.96 197.987 2631.35 515.249 1859.81 214.049 0 0
693.323 107.931 1112.21 2458.19 0 0 686.298 3794.91
85.3496 1111.09 0 650.206 1846.64 1575.73 1801.6 7.53257
0 0 1160.19 2494.04 2759.97 1966.83 0 0
733.43 1299.72 223.164 250.462 3378.64 395.613 0 2262.13
392.946 933.668 550.941 905.16 0 2447.47 0 4019.6
2726.52 584.101 0 3310.62 0 0 400.124 0
1606.38 6955.74 0 0 0 0 249.577 0
30.4722 658.269 780.501 1471.35 750.102 0 740.526 4393.72
683.433 683.433 1523.76 0 0 650.992 3541.62 240.827
126.089 126.089 252.178 869.938 221.734 958.953 2554.98 128.651
130.798 485.102 1470.96 2086.86 911.046 2079.46 0 1471.26
279.103 170.734 2966.92 2367.72 0 2209.62 0 615.693
340.914 387.344 75.7547 1343.79 1157.37 1895.2 1692.69 1243.72
35.2351 229.113 107.26 330.795 3154.77 1329.1 2614.92 0
2412.66 0 97.4054 1927.35 0 467.667 1093.38 1690.02
3804.99 272.315 4077.31 0 0 0 0 0
830.832 0 1410.52 482.777 144.445 2868.58 2844.29 184.763
15.6859 619.999 214.358 498.871 0 1348.91 1332.1 4029.92
40.5267 418.97 844.44 1336.3 877.585 3517.82 0 2209.77
285.668 330.055 0 1540.83 1381.53 0 270.385 4693.55
1062.21 1146.67 592.163 2878.58 1803.99 9.71959 477.113 582.274
525.852 0 2290.16 2816.01 229.656 0 0 2036.38
117.685 117.685 283.861 577.821 1097.05 2374.06 0 3389.07
1123.58 0 1721.63 2845.21 1827.63 0 1044.02 0
0 0 0 0 657.255 657.255 1314.51 4429.29
79.9734 79.9734 1474.38 848.604 0 2482.93 0 2228.46
576.175 419.476 636.546 224.814 33.8901 1890.9 1860.65 479.425
665.192 725.517 56.3119 800.343 163.458 5116.9 0 1175.56
1138.32 952.644 109.873 1701.83 1282.29 855.967 0 2783.73
650.778 674.745 513.083 0 124.947 1963.55 4553.9 0
169.699 141.185 1974.02 524.099 4337.55 1511.89 0 361.055
165.976 350.139 216.71 732.825 0 1491.33 1379.3 3776.62
345.773 679.973 1025.75 5514.08 0 0 0 98.3379
964.001 0 0 1868.42 477.74 1469.55 0 3466
878.149 0 532.624 1042.28 1043.81 3197.81 0 1891.19
0 0 0 443.411 1407.52 352.169 5015.41 43.7753
63.9303 183.928 152.002 261.768 76.8719 2888.21 1119.14 3190.93
6819.97 0 0 0 498.317 7.57042 224.6 415.98
1276.07 2050.65 1822.83 1013.55 597.564 307.907 692.311 0
682.604 360.53 763.193 517.615 226.814 3179.49 1083.2 307.793
590.962 205.792 651.151 196.282 876.325 1511.48 330.517 4362.51
614.963 1302.14 997.408 0 246.258 0 2559.72 2304.44
576.805 149.781 218.127 1716.43 2661.14 3407.23 0 0
199.95 201.027 1206.48 5915.99 14.082 1082.51 0 0
2164.69 472.303 0 0 820.871 2789.23 852.369 11.7746
1431.67 695.69 600.901 751.932 1201.65 0 3787.45 0
454.072 61.3401 515.413 3270.63 0 2138.68 0 505.121
253.319 222.802 56.9291 672.997 1230.06 4380.71 0 1621.13
0 0 0 3209.83 1230.74 1088.48 0 3784.21
606.738 606.738 1213.48 364.465 3233.62 1769.46 0 60.3834
7.51113 10.7404 1.74115 1256.12 1276.11 278.387 2830.62 1061.79
39.6123 442.198 0 66.1143 445.361 2835 2372.02 1241.69
0 3999.29 210.635 0 416.875 2109.83 317.71 1050.26
0 4703.9 261.839 0 214.646 1058.37 0 736.185
66.2274 66.2274 332.198 117.709 605.791 1029.26 2217.41 3178.93
251.242 107.675 358.917 222.203 1132.56 2072.6 948.368 2420.87
984.357 984.357 1968.71 0 285.168 1220.13 0 0
0 76.4743 190.915 115.374 322.228 3580.71 876.15 3169.38
468.836 93.5217 265.982 76.9095 2251.71 1439.73 138.197 1826.51
283.104 65.0468 64.6734 3786.17 70.562 0 2959.28 28.9282
104.617 145.722 80.5941 668.767 573.354 5054.73 2604.51 938.987
238.15 657.747 0 0 2248.24 1243.57 136.012 4541.37
1065 594.843 4674.6 0 1711.31 52.2461 0 0
365.291 365.291 983.145 445.237 1625.54 0 1770.58 1934.89
157.258 1084.24 0 1759.97 1029.24 1431.23 683.589 2880.23
75.418 137.427 78.0876 551.845 964.792 709.856 1467.62 4097.23
576.669 622.141 506.462 1827.68 789.832 0 3768.3 395.29
1024.99 1995.71 359.696 1740.51 1721.5 0 273.972 2026.86
1797.91 0 857.694 1363.68 837.397 1645.76 988.46 795.235
1936.71 1936.71 0 661.408 2083.4 0 795.675 0
21.1083 2.8085 92.4988 116.416 507.637 0 5725.57 1068.2
413.017 486.289 899.305 202.162 858.717 359.493 1014.46 4079.98
448.567 448.567 1087.13 1984.27 1188.8 0 0 2639.52
1941.87 945.418 1499.67 1072.14 1002.12 0 0 0
297.387 273.246 7906.97 505.793 0 0 0 156.93
450.927 239.322 0 0 0 628.728 5817.33 0
511.689 718.381 146.982 1285.82 417.963 1983.54 0 2905.09
49.1962 82.0324 2861.22 818.42 0 3810.87 0 0
1776.1 1584.76 610.084 1528.71 1872.29 160.089 580.099 175.936
3089.08 1377.86 560.697 1964.72 786.002 0 0 0
221.212 85.8251 446.508 532.498 87.5589 3074.25 466.434 3412.85
