174 11.0163
1.30164e-05 3.40979e-06 0.00294914 0.137936 178.784
1.39101 1.52479 177.595 0.81827 2.29291
4.09885e-08 6.86017e-06 0.00149904 0.05771 178.219
96.1295 127.649 52.7114 30.358 0.000178249
6.8667e-05 0.00124439 5.97472e-06 0.178096 178.013
1.31048e-05 3.1394e-06 0.00292796 0.136696 177.177
0.0274174 0.0363486 0.00401675 0.000254493 171.894
5.93768 176.161 5.58243 1.03368 3.02342
0.315154 0.523028 0.979585 180.709 12.2288
177.398 4.72827 8.76625 1.03565 1.59504
88.635 2.10356 117.798 79.7498 53.3277
169.989 25.4107 31.8277 5.43257 7.94822
70.2897 34.713 44.8638 132.077 74.4453
41.5323 27.3891 1.61653 9.54271 166.809
19.1193 24.431 141.568 55.9369 86.3943
79.4371 98.9369 3.21191 105.782 67.6292
16.6898 33.2254 156.687 74.2551 17.0665
42.3314 145.025 61.7027 4.40378 68.9033
72.7092 101.979 20.056 122.111 5.85664
166.851 23.4962 36.5981 26.8472 6.81442
45.8689 30.6893 96.9785 118.931 73.6749
27.5945 15.5208 159.246 71.2196 18.0777
0.490115 0.651097 2.07908 176.545 4.68314
63.1859 33.5396 95.0466 77.274 104.597
82.0102 31.5068 27.5733 146.272 28.0355
3.46525 3.79853 83.1301 0.383061 157.251
50.9781 156.379 11.04 31.7045 49.3447
47.2884 99.9713 29.0565 28.4942 134.224
40.3209 123.695 96.532 33.4684 60.6927
100.493 5.72061 25.366 20.6129 142.284
17.8963 27.3445 19.7271 172.05 9.54636
14.4752 6.06603 1.05323 167.289 51.0203
36.4058 106.064 20.4634 55.2357 119.89
72.4983 118.076 48.0033 45.303 84.887
68.2556 88.4464 99.6992 89.4388 37.5491
95.5073 44.563 51.0005 104.644 77.5847
20.0701 2.21697 165.628 56.2769 18.5996
59.4176 118.503 105.519 47.1888 0.113967
34.8705 36.014 73.7401 6.48152 152.517
95.7584 45.5368 70.7848 120.227 13.5075
54.8324 147.375 49.7109 10.238 58.7315
9.52686 15.2646 38.6735 170.175 20.0179
92.2095 60.8062 41.5337 129.592 28.8555
133.678 75.8375 33.5147 66.1968 38.7597
15.8339 10.1391 110.071 8.05758 138.516
74.8821 43.1272 121.834 74.0828 64.0701
1.1294 10.7806 175.255 13.7448 25.4672
66.203 86.1026 101.052 88.6128 37.2015
31.7208 107.959 43.9226 61.433 112.78
154.191 63.4536 34.2625 7.09817 44.6026
8.99533 48.7464 93.4554 124.221 65.6896
1.57685 1.21 139.754 8.77661 109.662
148.339 81.2788 13.6688 0.937926 35.877
90.2123 21.4042 128.512 77.7683 4.40776
0.723763 15.3593 7.28211 103.016 143.707
8.1464 173.584 22.9268 7.96675 10.9992
69.0817 28.5457 24.502 152.521 33.4974
91.4465 21.6978 124.991 81.0038 4.3977
55.5757 98.2216 46.4958 29.4241 122.553
62.1643 96.019 91.2249 85.9859 40.3287
10.4239 22.1672 12.2829 150.539 90.8854
41.0268 31.7217 102.584 16.7934 130.602
4.04712 92.4919 52.5785 100.323 96.8903
129.009 65.4787 45.2923 33.9153 83.2436
131.934 74.848 33.0805 60.5834 54.1057
50.9203 140.197 2.05682 53.2918 77.6632
10.7503 1.92763 172.9 23.4719 6.36131
63.9331 105.565 14.5486 113.258 47.7189
119.833 54.0046 43.5554 20.7169 107.226
29.6309 69.592 109.709 107.68 41.1889
0.316922 0.520504 0.977575 179.66 12.8203
80.7081 100.149 2.29345 102.561 70.6493
6.423 13.6589 7.56847 124.478 125.805
118.008 17.0379 31.3554 20.1115 124.107
76.8607 4.37856 115.176 46.3569 96.0805
24.0785 95.5151 112.698 78.0937 52.5629
156.335 47.3038 35.2618 12.6242 54.5965
67.4317 119.954 98.3881 20.6294 40.4921
16.1806 138.665 17.5129 21.7144 103.796
52.034 84.7448 33.9958 110.634 84.3994
162.611 47.5473 10.5256 9.26924 41.5447
110.311 75.6619 69.3559 90.001 23.1145
159.231 18.6571 7.65077 57.0492 48.4531
24.025 102.841 23.34 71.8986 118.754
0.0402874 0.0220746 0.00405117 0.000254906 173.438
77.0091 136.099 64.4284 31.597 29.9011
125.554 120.67 15.478 25.0103 5.16101
8.58072 22.9921 131.519 84.3286 80.5852
13.4078 26.6917 163.318 43.688 47.4383
143.182 60.0033 62.3401 12.1257 50.5526
119 118.874 19.2849 28.0231 46.9692
8.045 28.64 153.559 71.1419 44.9808
63.4828 97.3703 89.5709 86.2409 42.1159
134.797 60.7498 48.9965 72.8807 35.2399
152.008 66.4454 34.4813 4.43967 42.6683
78.4295 3.02028 1.0952 59.5129 148.144
17.128 36.1977 82.0858 75.1913 134.748
32.452 6.25351 21.83 99.3574 139.678
45.0747 159.781 22.4654 35.4746 35.1121
14.7545 167.723 21.4245 26.1964 36.6711
23.2627 16.2412 57.9921 8.5196 164.047
51.7927 40.0457 129.838 21.2431 95.042
80.0496 44.06 50.9062 101.85 98.1155
35.6834 55.0974 63.6898 134.728 66.5343
21.356 10.3037 48.4678 36.4913 164.093
42.9072 70.183 65.1398 93.2017 102.497
15.0053 170.571 21.4824 26.6355 17.8926
0.33946 11.2801 24.3065 162.293 70.8397
160.308 61.1489 35.2575 7.30552 12.7489
53.6996 59.6331 155.413 25.0216 5.16074
54.2433 50.7397 126.403 75.7855 71.6707
56.8114 20.1211 12.8464 59.2291 154.803
100.697 55.304 87.2448 96.9494 32.026
44.7349 116.693 94.3208 18.2891 79.3152
50.1366 79.8435 48.1519 94.0333 101.47
66.4205 142.313 78.7762 12.3117 5.33484
19.9599 92.9642 69.6388 114.944 59.5764
58.7805 157.408 30.2751 3.37167 38.9608
77.4819 4.07315 1.08657 58.8325 146.448
90.6205 143.767 20.6285 38.8777 9.03036
43.0607 151.135 57.3974 35.4275 35.0647
140.887 16.5105 6.80287 50.4796 91.1767
48.2212 137.822 31.6584 62.8715 68.8785
1.558 1.18862 137.607 1.58308 111.475
31.1465 13.5327 164.64 40.5231 33.0824
51.4131 86.6418 11.9415 141.552 23.5334
122.489 80.6614 19.0901 45.6894 85.6177
173.091 17.336 6.41023 26.2412 16.119
132.653 75.2557 12.5045 63.298 57.037
68.736 110.27 103.733 57.8009 15.5627
15.5814 47.7982 146.21 78.5532 27.0731
92.6973 2.75442 11.7786 148.12 22.9279
52.5735 25.6786 19.9176 50.18 159.4
113.966 56.4928 66.2192 81.6849 63.0092
12.9749 49.6802 20.3213 164.761 15.6577
104.548 72.0271 66.4977 81.4408 64.305
58.0983 19.624 144.305 78.862 19.0894
13.5513 41.5715 127.165 66.7237 91.8449
82.6942 131.193 64.4952 38.1417 37.1877
7.40183 4.7398 146.103 98.0403 12.8832
110.975 72.774 107.035 11.5376 41.1107
0.0169509 0.00406086 3.78262 176.551 11.272
27.2301 105.094 23.9515 135.109 20.3493
176.123 26.1308 8.40967 3.65917 3.05673
65.2219 116.025 95.1131 19.9464 62.1386
58.3465 45.1126 89.0047 16.884 131.834
83.9163 37.7052 111.327 2.59104 100.804
8.90781 31.6052 168.108 3.49818 44.8516
155.41 58.1138 37.8262 1.96125 45.8138
19.9082 2.19933 113.993 38.8067 127.518
32.0351 12.6689 4.68848 16.0156 171.259
18.8794 87.9191 65.861 108.707 76.6489
108.846 15.7186 28.9242 52.9553 121.459
5.17228 111.397 16.1631 60.0845 120.868
22.6917 88.2773 55.3628 100.487 98.9893
71.5691 116.438 67.7232 23.3997 87.1856
23.5336 39.8973 10.2363 169.001 21.0168
14.2786 150.252 8.67357 7.0064 88.3335
62.5157 113.347 6.7103 121.637 4.06244
70.189 23.7086 23.8982 154.081 34.2633
62.8171 135.132 11.4125 22.9286 91.7787
29.7234 126.497 34.9299 66.7636 92.8239
52.9366 141.754 27.2983 3.03937 82.2729
60.0027 148.246 50.2013 38.767 31.1015
107.352 74.5252 73.5297 64.6236 63.6971
7.17468 7.86468 125.355 53.0171 110.792
25.5424 110.06 67.0067 83.0981 82.6788
0.00191496 0.000516853 0.00215031 0.136545 176.982
15.073 129.204 57.5848 21.9507 103.789
68.6056 110.744 39.2043 90.4813 62.283
73.9877 40.7222 19.8733 5.58526 153.693
114.93 51.7976 41.7747 42.6062 107.227
93.7983 74.2484 32.7187 20.229 124.848
130.2 73.8648 32.6471 63.3764 55.2711
119.762 54.4212 40.9314 92.7107 55.8984
63.7052 116.914 75.2216 36.8689 82.0761
86.305 47.9243 21.5244 84.5035 117.248
131.153 74.402 36.1241 75.1162 40.6759
105.329 57.1501 73.7841 52.0803 88.9293
20.3361 33.2397 79.873 79.0739 132.765
24.7945 97.2278 46.1093 73.4049 117.903
111.887 33.2575 79.3742 91.0689 53.8682
20.2357 44.6273 100.374 15.3458 136.702
69.8501 29.0267 63.6016 16.9254 145.201
11.665 36.8264 10.011 159.021 60.2021
24.6252 85.0927 148.022 37.4402 8.85951
56.5725 166.265 18.0507 4.07529 1.38615
121.149 66.7609 20.3783 49.205 93.9372
145.999 68.1693 55.2826 34.6569 26.3541
34.3274 45.6026 149.948 69.2732 27.2396
10.5185 6.73548 176.344 11.4409 12.9554
3.02632 0.792787 150.587 82.7049 48.9779
129.876 68.1976 47.313 64.6876 57.5738
43.8789 77.2448 156.062 6.33704 9.42889
65.2137 11.9519 43.1641 151.304 33.3272
165.064 64.7649 5.61129 1.03518 3.0415
18.8415 87.7501 65.7335 126.439 45.3605
53.6021 157.528 24.2751 44.435 14.7552
1.50298 4.24994 0.411871 133.45 116.213
56.1494 86.8114 8.95243 139.163 24.6176
79.8419 45.9423 3.68565 132.289 75.7116
18.9887 83.6409 50.8601 144.673 28.783
4.25254 91.1637 114.596 97.4745 0.776436
98.7751 10.5707 57.5993 12.3084 136.016
108.16 71.2017 71.7863 45.7381 85.7098
40.5103 108.881 9.21507 7.7229 130.925
112.617 61.1041 58.6786 52.1521 89.0526
103.337 11.0607 60.2603 15.5297 129.924
27.9602 129.943 2.96586 0.779994 115.583
19.9082 49.245 85.2082 149.138 5.58479
14.3031 122.594 68.8779 21.8113 104.27
99.4145 54.6003 88.4638 96.6708 30.3858
37.3045 132.732 108.893 5.20943 0.372806
116.058 34.4994 82.3347 94.4662 19.8164
4.15957 4.55963 123.047 59.7629 113.072
63.1562 84.4528 13.3658 81.8233 114.174
21.0892 46.5109 104.678 15.7726 133.874
22.647 168.808 19.8472 24.2496 28.0903
13.0452 97.7088 145.004 13.0708 17.2192
20.1552 9.60196 172.01 2.12613 21.76
136.198 46.0028 63.7636 79.097 19.1465
8.94311 48.4616 92.9088 124.337 65.5641
81.5551 133.552 77.563 26.7948 3.37843
57.9183 38.91 136.834 22.4343 84.038
47.4974 23.199 32.2806 50.2859 159.736
60.1009 3.15247 133.151 98.6257 0.777887
145.491 82.492 34.3661 7.11776 44.7396
39.13 134.09 84.2612 65.1538 14.3857
77.5273 57.7866 26.4447 76.7738 125.45
171.943 17.2252 6.37225 26.6539 16.0202
10.9415 23.2681 10.8168 153.246 86.5663
121.998 69.2091 30.5849 63.3135 81.3807
108.999 73.0304 31.9687 111.447 1.00741
120.417 56.6537 94.4936 61.8952 24.1087
116.447 66.133 72.7186 90.9148 0.118407
22.2125 154.735 10.5256 38.1819 69.1645
142.084 78.9512 32.14 62.3629 4.04613
79.1818 129.663 75.3073 26.0194 36.6277
2.47141 51.7443 18.7632 164.384 15.622
102.112 70.6198 68.3527 80.5391 63.5911
61.989 43.768 126.798 94.9836 13.122
71.5946 79.9532 134.763 22.4873 26.5192
67.1781 58.3299 32.0455 44.3684 144.688
124.107 72.3643 40.5332 24.3459 93.1348
57.7252 9.34833 37.9684 17.399 161.519
69.7126 112.531 39.8363 91.941 55.8861
4.94498 0.131844 177.113 1.03432 7.27912
12.3582 30.7692 164.607 12.168 50.7393
51.2284 161.872 25.0534 18.6621 36.7456
36.0801 134.491 83.9987 64.9518 14.3408
59.5428 4.73267 18.7272 161.01 37.2992
30.3453 131.496 2.60498 113.522 1.56292
36.5351 7.16324 81.2371 83.5093 128.225
7.84188 21.0123 120.193 117.464 52.2418
149.765 47.5703 9.80802 63.6193 41.4987
58.1177 9.41156 38.2335 15.865 161.766
60.652 2.22349 134.277 96.4054 0.777005
78.7906 43.4169 61.1984 86.4415 108.584
112.699 18.8727 73.8883 66.6795 89.8058
81.5511 132.82 54.2215 54.4056 25.5114
61.884 95.4127 46.8518 29.6476 123.496
13.666 32.1802 17.1258 18.0131 169.447
69.7254 76.7295 143.33 13.567 3.13699
33.2672 142.92 86.3314 9.29356 42.8865
103.581 16.6171 9.08548 137.208 24.4224
70.9088 108.477 103.218 62.8157 9.29902
77.2351 8.21373 116.204 46.2144 96.8217
61.6808 2.03183 70.2697 148.182 20.6213
52.1403 143.562 5.25703 54.5954 71.3987
121.349 66.6468 107.982 15.7745 1.35845
17.8284 27.1051 38.382 8.99368 168.032
33.8971 125.08 17.5389 116.186 1.00649
82.169 132.558 77.3031 29.9315 1.99322
44.1599 74.4301 138.958 9.87493 72.677
62.4248 97.1807 36.4826 125.232 27.1565
125.628 29.8064 97.5285 36.5694 61.2804
53.4981 8.95921 35.0749 136.766 89.6385
157.529 71.172 32.0071 2.63332 1.65823
18.4145 78.835 17.8891 41.504 151.48
157.163 8.66691 22.3302 68.3928 25.2944
127.214 62.5341 100.671 14.9985 24.1834
52.2368 39.1567 129.468 21.1843 94.7722
87.3912 15.9075 122.348 74.3856 52.4614
107.139 59.0411 57.036 49.9399 99.5309
0.342182 0.543874 8.53116 155.301 83.8818
8.71144 26.8426 77.2494 42.3598 149.639
60.895 64.1539 111.068 101.661 26.655
103.032 52.3464 45.1099 63.0941 109.129
52.9732 32.1968 162.035 30.6551 17.5605
49.1741 87.1677 8.66467 142.365 24.7088
36.945 171.691 3.92082 1.03271 3.01169
26.2768 75.8673 45.5175 127.17 81.9859
86.9496 2.31111 115.567 85.5342 53.4928
55.2426 130.082 69.2281 72.8153 18.5136
101.917 57.8608 8.37588 117.603 55.4167
62.7054 114.544 60.629 81.8122 63.1156
70.8163 110.348 105.931 22.5606 40.4142
96.8751 47.6205 76.6488 113.84 24.1966
56.6769 109.538 56.1057 49.2968 99.7159
22.5529 76.774 148.64 40.0021 9.71966
