5248 90.0071
1.03804 3.73583 2.18088 1.57318 0.663279 0.923232 2.74964 0.454538
0.146474 0.235696 0.235184 0.00127779 2.32288 2.74613 3.88497 1.47028
3.28457 0.212273 3.4357 1.68248 1.93432 1.46748 2.29242 0.493051
0.508024 0.0328285 0.422589 0.233983 4.48118 0.224814 0.488681 2.53737
1.56724e-05 0.000655421 0.00035264 1.60294 4.10561 1.80244 3.23852 1.59535
2.4147 2.96406 3.99073 0.363275 0.0175944 0.274439 0.541594 0.20149
7.00502e-05 8.6004e-05 9.20791e-05 0.307295 1.96263 4.50554 0.529926 2.61051
7.00502e-05 8.6004e-05 9.20791e-05 0.307295 1.96263 4.50554 0.529926 2.61051
0.0573281 0.0922497 0.113374 0.0555204 0.0524076 0.0338236 0.0520485 4.97396
0.00584145 0.24436 0.409669 0.0340892 0.491825 0.186264 5.3682 1.50029
1.03135 0.643815 0.593094 0.00806413 0.00427867 0.262104 4.30169 1.25148
0.103342 0.166296 0.204377 4.05958 1.28061 0.628993 2.19312 0.141421
0.107872 0.640084 0.316623 0.392843 0.00908746 0.336254 0.259988 5.40093
1.56724e-05 0.000655421 0.00035264 1.60294 4.10561 1.80244 3.23852 1.59535
0.538124 0.0347841 0.562885 0.275634 2.92499 1.50199 1.92088 0.141012
0.828564 0.465581 2.2315 0.857784 0.809587 4.68257 3.6751 0.532359
2.4147 2.96406 3.99073 0.363275 0.0175944 0.274439 0.541594 0.20149
2.65497 3.25945 2.05069 1.3119 0.683003 1.33187 1.48774 1.46751
2.4147 2.96406 3.99073 0.363275 0.0175944 0.274439 0.541594 0.20149
3.28457 0.212273 3.4357 1.68248 1.93432 1.46748 2.29242 0.493051
0.526987 0.404742 2.43381 3.39511 1.33109 1.20402 0.975865 3.21679
0.0364367 1.52051 0.818079 0.362142 0.587713 4.21834 2.61179 1.46788
0.0364367 1.52051 0.818079 0.362142 0.587713 4.21834 2.61179 1.46788
3.28457 0.212273 3.4357 1.68248 1.93432 1.46748 2.29242 0.493051
0.146474 0.235696 0.235184 0.00127779 2.32288 2.74613 3.88497 1.47028
0.214225 0.532736 0.962347 0.396302 3.90954 1.04503 0.895707 1.19471
0.190656 0.785592 2.76266 1.01772 3.13967 0.848531 2.52732 1.42059
2.46298 2.62281 1.93537 1.44421 0.609174 2.16228 1.59661 1.42273
0.737717 1.18705 1.2865 0.900854 0.661556 2.57427 3.64159 1.37822
1.98297 0.12815 1.06888 2.17626 1.20153 0.650459 1.93737 2.6914
1.33066 1.21068 3.0153 0.0209617 2.38399 0.469508 2.41909 1.35969
1.58907 2.55706 1.69329 0.96879 1.12884 1.85816 2.37648 1.83861
0.107872 0.640084 0.316623 0.392843 0.00908746 0.336254 0.259988 5.40093
1.47822 1.57421 0.379169 0.614946 0.716597 2.17237 1.3213 3.9659
1.58907 2.55706 1.69329 0.96879 1.12884 1.85816 2.37648 1.83861
0.0160705 0.0197287 0.0265614 0.0130089 0.0122769 0.0202108 0.158541 4.42547
2.4147 2.96406 3.99073 0.363275 0.0175944 0.274439 0.541594 0.20149
0.00317261 0.00969 0.0170883 0.007037 0.827599 3.6589 2.12534 1.19458
1.81613 2.92234 1.67842 0.251672 1.20729 0.199346 2.28136 2.8853
0.538124 0.0347841 0.562885 0.275634 2.92499 1.50199 1.92088 0.141012
0.423199 1.29262 1.4197 0.695297 2.14452 0.579576 1.24722 3.86176
0.000278314 0.000991383 0.000469438 2.36761 0.33284 0.494759 3.77255 1.24505
0.336092 1.19716 2.08403 1.15081 1.0295 3.35971 0.431939 3.26264
0.336092 1.19716 2.08403 1.15081 1.0295 3.35971 0.431939 3.26264
1.29667 0.0838147 2.1778 1.55064 0.935383 2.83576 1.23315 3.2232
1.32197 2.12728 2.61436 1.2802 0.0122052 0.190363 1.57379 3.05031
1.2699 1.55907 3.37024 1.86112 0.61058 0.485279 1.80645 1.05109
0.0573281 0.0922497 0.113374 0.0555204 0.0524076 0.0338236 0.0520485 4.97396
1.98297 0.12815 1.06888 2.17626 1.20153 0.650459 1.93737 2.6914
0.538124 0.0347841 0.562885 0.275634 2.92499 1.50199 1.92088 0.141012
1.17556 2.27291 2.35543 0.975441 2.04467 2.05099 2.62296 1.47421
0.00626782 0.261421 0.43829 0.196207 3.49148 0.390966 3.82092 1.4461
0.800752 2.15965 1.05007 0.895226 0.844971 1.39081 0.733231 3.66628
0.125291 0.201607 0.397829 0.307288 2.64543 3.15733 2.35466 2.65378
0.34153 1.21659 0.41443 0.4703 0.443862 0.172142 3.30599 4.123
0.494883 0.607529 2.58545 2.60575 1.43858 1.98601 3.65767 0.471553
1.98297 0.12815 1.06888 2.17626 1.20153 0.650459 1.93737 2.6914
1.55577 2.5035 1.4378 2.00526 1.80239 1.73627 2.59843 0.190586
0.171202 0.275484 0.543606 0.021719 0.430036 0.207898 4.67431 0.386186
0.642799 2.64865 0.213122 0.00962122 1.85611 0.897271 0.334666 4.03559
0.125291 0.201607 0.397829 0.307288 2.64543 3.15733 2.35466 2.65378
0.190656 0.785592 2.76266 1.01772 3.13967 0.848531 2.52732 1.42059
1.19231 1.46364 3.16424 1.303 0.54946 0.764731 0.432559 2.96871
1.56724e-05 0.000655421 0.00035264 1.60294 4.10561 1.80244 3.23852 1.59535
1.2699 1.55907 3.37024 1.86112 0.61058 0.485279 1.80645 1.05109
0.632503 1.01778 2.00832 0.655953 0.764287 2.97404 0.831467 2.18477
0.00584145 0.24436 0.409669 0.0340892 0.491825 0.186264 5.3682 1.50029
0.807064 0.99076 0.787229 0.420958 0.882369 2.69759 4.33678 0.158132
0.632728 1.70644 1.89972 1.24759 0.916247 1.50809 1.92877 2.6796
3.28457 0.212273 3.4357 1.68248 1.93432 1.46748 2.29242 0.493051
0.526987 0.404742 2.43381 3.39511 1.33109 1.20402 0.975865 3.21679
1.21578 1.95639 1.95207 1.06781 0.0354312 0.460465 1.83313 4.36217
0.240233 0.294881 0.637473 0.262414 3.74693 1.03962 3.16438 0.183506
1.07141 0.668837 2.11674 0.691316 2.89786 1.58129 2.36658 2.09205
0.243254 0.151853 0.480637 0.0368094 3.58194 0.98434 1.22892 2.19572
0.243254 0.151853 0.480637 0.0368094 3.58194 0.98434 1.22892 2.19572
0.107872 0.640084 0.316623 0.392843 0.00908746 0.336254 0.259988 5.40093
0.000278314 0.000991383 0.000469438 2.36761 0.33284 0.494759 3.77255 1.24505
1.98297 0.12815 1.06888 2.17626 1.20153 0.650459 1.93737 2.6914
0.00738707 0.308967 0.517981 0.169163 4.00027 0.582134 2.31751 2.04854
0.0697289 0.248374 0.158922 1.98853 0.771015 4.57634 2.86534 0.6332
1.03135 0.643815 0.593094 0.00806413 0.00427867 0.262104 4.30169 1.25148
0.146474 0.235696 0.235184 0.00127779 2.32288 2.74613 3.88497 1.47028
0.190656 0.785592 2.76266 1.01772 3.13967 0.848531 2.52732 1.42059
0.277786 0.989503 1.86902 2.05728 1.67751 0.168827 3.66371 1.3867
1.2699 1.55907 3.37024 1.86112 0.61058 0.485279 1.80645 1.05109
1.07141 0.668837 2.11674 0.691316 2.89786 1.58129 2.36658 2.09205
0.0697289 0.248374 0.158922 1.98853 0.771015 4.57634 2.86534 0.6332
1.19231 1.46364 3.16424 1.303 0.54946 0.764731 0.432559 2.96871
1.29667 0.0838147 2.1778 1.55064 0.935383 2.83576 1.23315 3.2232
0.892884 3.18049 2.74225 2.0361 1.49524 1.35274 1.51067 0.438276
0.394931 2.64721 2.79395 1.36817 1.9242 1.23065 1.6574 0.405758
1.97164 1.79381 2.78243 1.35332 1.28514 1.16257 0.942148 2.39058
0.737717 1.18705 1.2865 0.900854 0.661556 2.57427 3.64159 1.37822
1.02381 2.424 0.0697525 0.551991 2.76571 0.554643 2.20813 1.95172
2.46298 2.62281 1.93537 1.44421 0.609174 2.16228 1.59661 1.42273
1.2699 1.55907 3.37024 1.86112 0.61058 0.485279 1.80645 1.05109
0.146474 0.235696 0.235184 0.00127779 2.32288 2.74613 3.88497 1.47028
1.2699 1.55907 3.37024 1.86112 0.61058 0.485279 1.80645 1.05109
0.807064 0.99076 0.787229 0.420958 0.882369 2.69759 4.33678 0.158132
1.14876 1.13387 2.72872 0.226537 1.00022 3.92308 2.91587 0.481844
0.336092 1.19716 2.08403 1.15081 1.0295 3.35971 0.431939 3.26264
0.34153 1.21659 0.41443 0.4703 0.443862 0.172142 3.30599 4.123
0.171202 0.275484 0.543606 0.021719 0.430036 0.207898 4.67431 0.386186
0.508024 0.0328285 0.422589 0.233983 4.48118 0.224814 0.488681 2.53737
0.717297 2.95573 0.899723 0.226665 0.0100922 2.89369 1.40642 1.25335
0.0792779 0.285311 0.496334 0.204386 2.16863 1.1136 3.60745 2.44252
0.0573281 0.0922497 0.113374 0.0555204 0.0524076 0.0338236 0.0520485 4.97396
0.00738707 0.308967 0.517981 0.169163 4.00027 0.582134 2.31751 2.04854
1.50129 2.41582 0.245241 0.800727 0.375564 2.71976 1.65417 3.20584
0.418146 0.672845 1.32772 1.49123 0.00678427 1.95481 3.12097 2.9195
0.476932 0.767407 1.51428 0.619399 0.588094 0.379606 0.816983 3.93624
1.97164 1.79381 2.78243 1.35332 1.28514 1.16257 0.942148 2.39058
0.538124 0.0347841 0.562885 0.275634 2.92499 1.50199 1.92088 0.141012
0.107872 0.640084 0.316623 0.392843 0.00908746 0.336254 0.259988 5.40093
1.02381 2.424 0.0697525 0.551991 2.76571 0.554643 2.20813 1.95172
0.277786 0.989503 1.86902 2.05728 1.67751 0.168827 3.66371 1.3867
1.81613 2.92234 1.67842 0.251672 1.20729 0.199346 2.28136 2.8853
1.07141 0.668837 2.11674 0.691316 2.89786 1.58129 2.36658 2.09205
1.58907 2.55706 1.69329 0.96879 1.12884 1.85816 2.37648 1.83861
0.0215386 0.0346585 0.068397 0.0281624 0.539408 0.637719 4.94642 1.39003
1.19231 1.46364 3.16424 1.303 0.54946 0.764731 0.432559 2.96871
1.02381 2.424 0.0697525 0.551991 2.76571 0.554643 2.20813 1.95172
0.476932 0.767407 1.51428 0.619399 0.588094 0.379606 0.816983 3.93624
0.34153 1.21659 0.41443 0.4703 0.443862 0.172142 3.30599 4.123
0.0792779 0.285311 0.496334 0.204386 2.16863 1.1136 3.60745 2.44252
1.03804 3.73583 2.18088 1.57318 0.663279 0.923232 2.74964 0.454538
0.632728 1.70644 1.89972 1.24759 0.916247 1.50809 1.92877 2.6796
0.277786 0.989503 1.86902 2.05728 1.67751 0.168827 3.66371 1.3867
1.14876 1.13387 2.72872 0.226537 1.00022 3.92308 2.91587 0.481844
0.146474 0.235696 0.235184 0.00127779 2.32288 2.74613 3.88497 1.47028
1.17556 2.27291 2.35543 0.975441 2.04467 2.05099 2.62296 1.47421
1.17556 2.27291 2.35543 0.975441 2.04467 2.05099 2.62296 1.47421
0.717297 2.95573 0.899723 0.226665 0.0100922 2.89369 1.40642 1.25335
0.240233 0.294881 0.637473 0.262414 3.74693 1.03962 3.16438 0.183506
0.336092 1.19716 2.08403 1.15081 1.0295 3.35971 0.431939 3.26264
0.0364367 1.52051 0.818079 0.362142 0.587713 4.21834 2.61179 1.46788
0.146474 0.235696 0.235184 0.00127779 2.32288 2.74613 3.88497 1.47028
0.632503 1.01778 2.00832 0.655953 0.764287 2.97404 0.831467 2.18477
1.33066 1.21068 3.0153 0.0209617 2.38399 0.469508 2.41909 1.35969
0.632503 1.01778 2.00832 0.655953 0.764287 2.97404 0.831467 2.18477
1.14876 1.13387 2.72872 0.226537 1.00022 3.92308 2.91587 0.481844
2.65497 3.25945 2.05069 1.3119 0.683003 1.33187 1.48774 1.46751
0.892884 3.18049 2.74225 2.0361 1.49524 1.35274 1.51067 0.438276
0.00584145 0.24436 0.409669 0.0340892 0.491825 0.186264 5.3682 1.50029
0.295635 1.0531 1.83318 0.749793 0.867256 0.120107 1.37449 3.69417
1.81613 2.92234 1.67842 0.251672 1.20729 0.199346 2.28136 2.8853
0.494883 0.607529 2.58545 2.60575 1.43858 1.98601 3.65767 0.471553
0.125291 0.201607 0.397829 0.307288 2.64543 3.15733 2.35466 2.65378
1.14876 1.13387 2.72872 0.226537 1.00022 3.92308 2.91587 0.481844
1.2699 1.55907 3.37024 1.86112 0.61058 0.485279 1.80645 1.05109
0.107872 0.640084 0.316623 0.392843 0.00908746 0.336254 0.259988 5.40093
1.2699 1.55907 3.37024 1.86112 0.61058 0.485279 1.80645 1.05109
1.14876 1.13387 2.72872 0.226537 1.00022 3.92308 2.91587 0.481844
1.61528 1.98301 1.57564 1.42462 0.0105494 3.8833 1.67216 0.194635
1.14876 1.13387 2.72872 0.226537 1.00022 3.92308 2.91587 0.481844
0.0160705 0.0197287 0.0265614 0.0130089 0.0122769 0.0202108 0.158541 4.42547
0.526987 0.404742 2.43381 3.39511 1.33109 1.20402 0.975865 3.21679
0.000278314 0.000991383 0.000469438 2.36761 0.33284 0.494759 3.77255 1.24505
0.423199 1.29262 1.4197 0.695297 2.14452 0.579576 1.24722 3.86176
0.295635 1.0531 1.83318 0.749793 0.867256 0.120107 1.37449 3.69417
0.0573281 0.0922497 0.113374 0.0555204 0.0524076 0.0338236 0.0520485 4.97396
0.476932 0.767407 1.51428 0.619399 0.588094 0.379606 0.816983 3.93624
3.28457 0.212273 3.4357 1.68248 1.93432 1.46748 2.29242 0.493051
0.0573281 0.0922497 0.113374 0.0555204 0.0524076 0.0338236 0.0520485 4.97396
2.4147 2.96406 3.99073 0.363275 0.0175944 0.274439 0.541594 0.20149
0.642799 2.64865 0.213122 0.00962122 1.85611 0.897271 0.334666 4.03559
0.75861 1.01811 2.12793 1.63602 0.934378 0.344386 3.36549 2.00315
0.214225 0.532736 0.962347 0.396302 3.90954 1.04503 0.895707 1.19471
0.75861 1.01811 2.12793 1.63602 0.934378 0.344386 3.36549 2.00315
0.75861 1.01811 2.12793 1.63602 0.934378 0.344386 3.36549 2.00315
1.21578 1.95639 1.95207 1.06781 0.0354312 0.460465 1.83313 4.36217
0.526987 0.404742 2.43381 3.39511 1.33109 1.20402 0.975865 3.21679
1.17556 2.27291 2.35543 0.975441 2.04467 2.05099 2.62296 1.47421
0.240233 0.294881 0.637473 0.262414 3.74693 1.03962 3.16438 0.183506
1.2699 1.55907 3.37024 1.86112 0.61058 0.485279 1.80645 1.05109
0.494883 0.607529 2.58545 2.60575 1.43858 1.98601 3.65767 0.471553
0.642799 2.64865 0.213122 0.00962122 1.85611 0.897271 0.334666 4.03559
7.00502e-05 8.6004e-05 9.20791e-05 0.307295 1.96263 4.50554 0.529926 2.61051
0.476932 0.767407 1.51428 0.619399 0.588094 0.379606 0.816983 3.93624
0.34153 1.21659 0.41443 0.4703 0.443862 0.172142 3.30599 4.123
1.03804 3.73583 2.18088 1.57318 0.663279 0.923232 2.74964 0.454538
1.17556 2.27291 2.35543 0.975441 2.04467 2.05099 2.62296 1.47421
0.892884 3.18049 2.74225 2.0361 1.49524 1.35274 1.51067 0.438276
0.642799 2.64865 0.213122 0.00962122 1.85611 0.897271 0.334666 4.03559
0.892884 3.18049 2.74225 2.0361 1.49524 1.35274 1.51067 0.438276
1.56724e-05 0.000655421 0.00035264 1.60294 4.10561 1.80244 3.23852 1.59535
1.98297 0.12815 1.06888 2.17626 1.20153 0.650459 1.93737 2.6914
0.107872 0.640084 0.316623 0.392843 0.00908746 0.336254 0.259988 5.40093
0.508024 0.0328285 0.422589 0.233983 4.48118 0.224814 0.488681 2.53737
0.243254 0.151853 0.480637 0.0368094 3.58194 0.98434 1.22892 2.19572
0.336092 1.19716 2.08403 1.15081 1.0295 3.35971 0.431939 3.26264
0.526987 0.404742 2.43381 3.39511 1.33109 1.20402 0.975865 3.21679
0.00626782 0.261421 0.43829 0.196207 3.49148 0.390966 3.82092 1.4461
0.107872 0.640084 0.316623 0.392843 0.00908746 0.336254 0.259988 5.40093
0.125291 0.201607 0.397829 0.307288 2.64543 3.15733 2.35466 2.65378
0.538124 0.0347841 0.562885 0.275634 2.92499 1.50199 1.92088 0.141012
7.00502e-05 8.6004e-05 9.20791e-05 0.307295 1.96263 4.50554 0.529926 2.61051
3.28457 0.212273 3.4357 1.68248 1.93432 1.46748 2.29242 0.493051
1.19231 1.46364 3.16424 1.303 0.54946 0.764731 0.432559 2.96871
0.00584145 0.24436 0.409669 0.0340892 0.491825 0.186264 5.3682 1.50029
0.125291 0.201607 0.397829 0.307288 2.64543 3.15733 2.35466 2.65378
0.171202 0.275484 0.543606 0.021719 0.430036 0.207898 4.67431 0.386186
1.14876 1.13387 2.72872 0.226537 1.00022 3.92308 2.91587 0.481844
1.56724e-05 0.000655421 0.00035264 1.60294 4.10561 1.80244 3.23852 1.59535
1.32197 2.12728 2.61436 1.2802 0.0122052 0.190363 1.57379 3.05031
0.125291 0.201607 0.397829 0.307288 2.64543 3.15733 2.35466 2.65378
0.107872 0.640084 0.316623 0.392843 0.00908746 0.336254 0.259988 5.40093
0.0792779 0.285311 0.496334 0.204386 2.16863 1.1136 3.60745 2.44252
7.00502e-05 8.6004e-05 9.20791e-05 0.307295 1.96263 4.50554 0.529926 2.61051
0.00626782 0.261421 0.43829 0.196207 3.49148 0.390966 3.82092 1.4461
1.81613 2.92234 1.67842 0.251672 1.20729 0.199346 2.28136 2.8853
7.00502e-05 8.6004e-05 9.20791e-05 0.307295 1.96263 4.50554 0.529926 2.61051
0.146474 0.235696 0.235184 0.00127779 2.32288 2.74613 3.88497 1.47028
0.336092 1.19716 2.08403 1.15081 1.0295 3.35971 0.431939 3.26264
0.642799 2.64865 0.213122 0.00962122 1.85611 0.897271 0.334666 4.03559
0.190656 0.785592 2.76266 1.01772 3.13967 0.848531 2.52732 1.42059
1.03135 0.643815 0.593094 0.00806413 0.00427867 0.262104 4.30169 1.25148
1.55577 2.5035 1.4378 2.00526 1.80239 1.73627 2.59843 0.190586
0.00584145 0.24436 0.409669 0.0340892 0.491825 0.186264 5.3682 1.50029
1.47822 1.57421 0.379169 0.614946 0.716597 2.17237 1.3213 3.9659
2.46298 2.62281 1.93537 1.44421 0.609174 2.16228 1.59661 1.42273
0.00738707 0.308967 0.517981 0.169163 4.00027 0.582134 2.31751 2.04854
1.58907 2.55706 1.69329 0.96879 1.12884 1.85816 2.37648 1.83861
3.28457 0.212273 3.4357 1.68248 1.93432 1.46748 2.29242 0.493051
0.632503 1.01778 2.00832 0.655953 0.764287 2.97404 0.831467 2.18477
2.4147 2.96406 3.99073 0.363275 0.0175944 0.274439 0.541594 0.20149
0.828564 0.465581 2.2315 0.857784 0.809587 4.68257 3.6751 0.532359
1.2699 1.55907 3.37024 1.86112 0.61058 0.485279 1.80645 1.05109
0.737717 1.18705 1.2865 0.900854 0.661556 2.57427 3.64159 1.37822
0.892884 3.18049 2.74225 2.0361 1.49524 1.35274 1.51067 0.438276
0.0792779 0.285311 0.496334 0.204386 2.16863 1.1136 3.60745 2.44252
0.892884 3.18049 2.74225 2.0361 1.49524 1.35274 1.51067 0.438276
1.81613 2.92234 1.67842 0.251672 1.20729 0.199346 2.28136 2.8853
1.14876 1.13387 2.72872 0.226537 1.00022 3.92308 2.91587 0.481844
1.07141 0.668837 2.11674 0.691316 2.89786 1.58129 2.36658 2.09205
0.34153 1.21659 0.41443 0.4703 0.443862 0.172142 3.30599 4.123
2.65497 3.25945 2.05069 1.3119 0.683003 1.33187 1.48774 1.46751
0.00738707 0.308967 0.517981 0.169163 4.00027 0.582134 2.31751 2.04854
1.21578 1.95639 1.95207 1.06781 0.0354312 0.460465 1.83313 4.36217
0.800752 2.15965 1.05007 0.895226 0.844971 1.39081 0.733231 3.66628
0.190656 0.785592 2.76266 1.01772 3.13967 0.848531 2.52732 1.42059
0.632728 1.70644 1.89972 1.24759 0.916247 1.50809 1.92877 2.6796
2.65497 3.25945 2.05069 1.3119 0.683003 1.33187 1.48774 1.46751
0.107872 0.640084 0.316623 0.392843 0.00908746 0.336254 0.259988 5.40093
0.508024 0.0328285 0.422589 0.233983 4.48118 0.224814 0.488681 2.53737
0.243254 0.151853 0.480637 0.0368094 3.58194 0.98434 1.22892 2.19572
1.33066 1.21068 3.0153 0.0209617 2.38399 0.469508 2.41909 1.35969
0.0573281 0.0922497 0.113374 0.0555204 0.0524076 0.0338236 0.0520485 4.97396
0.243254 0.151853 0.480637 0.0368094 3.58194 0.98434 1.22892 2.19572
0.494883 0.607529 2.58545 2.60575 1.43858 1.98601 3.65767 0.471553
1.14876 1.13387 2.72872 0.226537 1.00022 3.92308 2.91587 0.481844
7.00502e-05 8.6004e-05 9.20791e-05 0.307295 1.96263 4.50554 0.529926 2.61051
1.58907 2.55706 1.69329 0.96879 1.12884 1.85816 2.37648 1.83861
0.0697289 0.248374 0.158922 1.98853 0.771015 4.57634 2.86534 0.6332
0.632728 1.70644 1.89972 1.24759 0.916247 1.50809 1.92877 2.6796
0.171202 0.275484 0.543606 0.021719 0.430036 0.207898 4.67431 0.386186
0.000278314 0.000991383 0.000469438 2.36761 0.33284 0.494759 3.77255 1.24505
1.17556 2.27291 2.35543 0.975441 2.04467 2.05099 2.62296 1.47421
1.14876 1.13387 2.72872 0.226537 1.00022 3.92308 2.91587 0.481844
0.0160705 0.0197287 0.0265614 0.0130089 0.0122769 0.0202108 0.158541 4.42547
0.508024 0.0328285 0.422589 0.233983 4.48118 0.224814 0.488681 2.53737
1.58907 2.55706 1.69329 0.96879 1.12884 1.85816 2.37648 1.83861
1.07141 0.668837 2.11674 0.691316 2.89786 1.58129 2.36658 2.09205
1.47822 1.57421 0.379169 0.614946 0.716597 2.17237 1.3213 3.9659
0.526987 0.404742 2.43381 3.39511 1.33109 1.20402 0.975865 3.21679
1.33066 1.21068 3.0153 0.0209617 2.38399 0.469508 2.41909 1.35969
0.336092 1.19716 2.08403 1.15081 1.0295 3.35971 0.431939 3.26264
1.2699 1.55907 3.37024 1.86112 0.61058 0.485279 1.80645 1.05109
1.98297 0.12815 1.06888 2.17626 1.20153 0.650459 1.93737 2.6914
7.00502e-05 8.6004e-05 9.20791e-05 0.307295 1.96263 4.50554 0.529926 2.61051
0.125291 0.201607 0.397829 0.307288 2.64543 3.15733 2.35466 2.65378
1.56724e-05 0.000655421 0.00035264 1.60294 4.10561 1.80244 3.23852 1.59535
0.214225 0.532736 0.962347 0.396302 3.90954 1.04503 0.895707 1.19471
1.19231 1.46364 3.16424 1.303 0.54946 0.764731 0.432559 2.96871
0.538124 0.0347841 0.562885 0.275634 2.92499 1.50199 1.92088 0.141012
0.107872 0.640084 0.316623 0.392843 0.00908746 0.336254 0.259988 5.40093
1.56724e-05 0.000655421 0.00035264 1.60294 4.10561 1.80244 3.23852 1.59535
1.29667 0.0838147 2.1778 1.55064 0.935383 2.83576 1.23315 3.2232
0.394931 2.64721 2.79395 1.36817 1.9242 1.23065 1.6574 0.405758
1.2699 1.55907 3.37024 1.86112 0.61058 0.485279 1.80645 1.05109
0.418146 0.672845 1.32772 1.49123 0.00678427 1.95481 3.12097 2.9195
1.2699 1.55907 3.37024 1.86112 0.61058 0.485279 1.80645 1.05109
0.494883 0.607529 2.58545 2.60575 1.43858 1.98601 3.65767 0.471553
0.807064 0.99076 0.787229 0.420958 0.882369 2.69759 4.33678 0.158132
0.526987 0.404742 2.43381 3.39511 1.33109 1.20402 0.975865 3.21679
0.476932 0.767407 1.51428 0.619399 0.588094 0.379606 0.816983 3.93624
0.243254 0.151853 0.480637 0.0368094 3.58194 0.98434 1.22892 2.19572
0.00738707 0.308967 0.517981 0.169163 4.00027 0.582134 2.31751 2.04854
0.632503 1.01778 2.00832 0.655953 0.764287 2.97404 0.831467 2.18477
2.4147 2.96406 3.99073 0.363275 0.0175944 0.274439 0.541594 0.20149
0.828564 0.465581 2.2315 0.857784 0.809587 4.68257 3.6751 0.532359
0.538124 0.0347841 0.562885 0.275634 2.92499 1.50199 1.92088 0.141012
0.423199 1.29262 1.4197 0.695297 2.14452 0.579576 1.24722 3.86176
0.476932 0.767407 1.51428 0.619399 0.588094 0.379606 0.816983 3.93624
0.800752 2.15965 1.05007 0.895226 0.844971 1.39081 0.733231 3.66628
0.190656 0.785592 2.76266 1.01772 3.13967 0.848531 2.52732 1.42059
0.632728 1.70644 1.89972 1.24759 0.916247 1.50809 1.92877 2.6796
0.171202 0.275484 0.543606 0.021719 0.430036 0.207898 4.67431 0.386186
0.632503 1.01778 2.00832 0.655953 0.764287 2.97404 0.831467 2.18477
