1365 51.4011
0.0163339 0.00341736 0.000294135 0.022795 10.6092
0.195056 0.0238414 2.63023e-08 0.0995562 10.068
0.706531 0.253191 0.976168 2.79641e-10 8.02339
0.0303396 0.357894 0.0254725 0.999685 9.25306
0.858259 0.857203 0.857713 0.864164 3.71902
0.0342019 0.998387 0.0798547 0.491217 9.49766
0.989579 0.00152587 0.828391 0.15631 7.53588
0.200648 0.0708868 0.995361 0.0873394 8.94454
1.95424e-13 0.929585 0.251263 0.929331 7.1685
0.27785 1.39294e-14 0.915966 0.78128 7.15564
0.513009 0.00150499 0.539924 0.0521453 10.5321
0.400037 0.293715 0.0423342 0.851429 8.39144
0.913132 0.685019 0.83963 0.783502 5.09536
0.660411 0.4593 0.659651 0.267194 8.95992
0.177581 0.14309 0.395849 0.877669 8.14217
0.987228 0.750976 0.277757 0.479747 7.80015
0.644641 0.634538 0.111822 0.142392 9.20756
0.183269 0.247482 0.254613 0.651121 8.83946
0.249172 0.228667 0.612941 0.26213 9.02472
0.221986 0.857522 0.875293 0.821226 5.21864
0.609256 0.538576 0.525391 0.00694879 10.321
0.968787 0.0407233 0.016884 0.579121 9.14416
0.90845 0.724556 0.811206 0.897427 4.69443
0.849787 0.704133 0.791664 0.789415 4.91063
0.721118 0.489705 0.227916 0.00730153 9.20674
0.0312722 0.211973 0.435528 0.556619 10.0446
0.82761 0.602692 0.863226 0.690596 6.11545
0.0120647 0.23447 0.630202 0.323337 9.46978
0.928615 0.847998 0.280536 0.346825 6.72339
0.772791 0.891358 0.730431 0.427442 6.3659
0.0288593 0.0308587 0.552613 0.0521453 10.4359
0.00437543 0.546166 0.972224 0.942149 7.90159
0.872818 0.812917 0.772942 0.957927 4.61021
0.440626 0.115917 0.683703 0.219862 9.09009
0.895706 0.0175299 0.0848298 0.934719 7.30154
0.0188284 0.000654697 0.567314 0.516022 10.5232
0.836542 0.818657 0.889192 0.865448 3.96546
0.379242 0.853817 0.733999 0.325129 7.08323
0.457874 0.025578 0.0597515 0.0744305 10.3611
0.934224 0.900202 0.866792 0.675092 5.15272
0.463423 0.653583 0.670203 0.246 9.00474
0.0149371 0.0370978 0.493723 0.866345 8.87614
0.304428 0.913687 0.987125 0.756616 6.24392
0.710866 0.0605602 0.373977 0.000924989 9.32438
0.823759 0.368073 0.0728936 0.420063 8.52976
0.116749 0.862354 0.440399 0.788878 7.11165
0.275092 0.275813 0.162257 0.0823034 9.30144
0.23586 0.093585 0.969771 0.330327 8.4939
0.340753 0.0780818 0.755779 0.906565 7.22611
0.88364 0.922001 0.313652 0.365537 6.68574
0.454013 0.179342 0.69473 0.732382 8.23478
0.705846 0.474815 0.0510547 0.724206 8.56154
0.913132 0.700101 0.83963 0.696962 5.55917
0.715075 0.265671 0.946446 0.911492 6.18474
0.655279 0.799452 0.49912 0.843677 6.85972
0.756132 0.820206 0.780605 0.310922 5.88216
0.796655 0.855461 0.449862 0.849441 5.61043
0.0560248 0.0802223 0.269992 0.481342 9.92791
0.954211 0.284899 0.843049 0.697068 6.34857
0.781213 0.57078 0.730431 0.424164 7.81013
0.300363 0.851288 0.283762 0.254912 7.81574
0.815135 0.913699 0.324302 0.572855 6.96788
0.595611 0.174619 0.22751 0.436908 9.51351
0.941539 0.867162 0.138449 0.587953 7.03852
0.764419 0.0851837 0.368255 0.0208206 8.80029
0.90845 0.72197 0.811206 0.80416 4.75818
0.00635761 0.422785 0.656082 0.526642 9.95836
0.125636 0.774256 0.815938 0.762793 5.97156
0.194395 0.931676 0.718398 0.571543 7.48389
0.0796574 0.670578 0.841554 0.469903 8.05948
0.961136 0.00203931 0.468808 0.854922 7.6404
0.706622 0.87443 0.0709577 0.719972 6.81816
0.0916309 0.707307 0.306246 0.791787 7.56435
0.845083 0.833821 0.84947 0.773407 4.1314
0.748323 0.769791 0.036881 0.821476 6.2693
0.908575 0.913687 0.858061 0.753782 4.4727
0.0712858 0.201836 0.297884 0.0312441 9.64382
0.471585 0.996155 0.822991 0.0306928 7.93455
0.0869826 0.32165 0.313639 0.362427 9.41285
0.809306 0.554382 0.131469 0.60376 8.42056
0.882325 0.317414 0.681316 0.883735 6.13164
0.374656 0.680629 0.806475 0.779893 6.50915
0.0337994 0.0465155 0.601497 0.148191 10.0794
0.493121 0.422544 0.758889 0.105402 8.99277
0.198108 0.0427498 0.724898 0.945704 7.62738
0.908215 0.622784 0.858282 0.902334 5.3595
0.371788 0.754513 0.124457 0.892142 7.23782
0.00473692 0.434622 0.359677 0.215384 9.90881
0.595611 0.225844 0.0470749 0.0139106 9.8766
0.752289 0.357123 0.637752 0.912187 6.99291
0.140604 0.785611 0.204212 0.271883 8.01834
0.872661 0.703902 0.745818 0.953576 5.3854
0.134453 0.153081 0.186825 0.39604 9.51446
0.858259 0.869031 0.865423 0.00157338 5.47787
0.491982 0.785611 0.18179 0.271883 8.33118
0.921834 0.801669 0.627432 0.598401 6.88476
0.795611 0.907714 0.948017 0.258687 5.71218
0.102523 0.0297864 0.576455 0.445677 10.1335
0.229187 0.132817 0.293815 0.319332 9.23803
0.758135 0.407746 0.845034 0.818465 5.91518
0.113256 0.37408 0.0591461 0.0956832 9.89315
0.715075 0.265671 0.425407 0.916016 7.46948
0.53846 0.21695 0.220651 0.117218 9.51415
0.739477 0.264951 0.415407 0.320098 8.58992
0.163901 0.972582 0.404761 0.0532809 8.83746
0.831127 0.167937 0.0556175 0.41457 8.45109
0.0333619 0.994023 0.0998541 0.566714 9.28053
0.730987 0.696183 0.825205 0.986275 5.80903
0.690667 0.963534 0.068639 0.791515 6.8938
0.864671 0.599947 0.169206 0.839114 6.58714
0.927086 0.0526216 0.252972 0.199675 8.25781
0.674062 0.943653 0.804038 0.105402 6.7721
0.42852 0.93008 0.655846 0.0400136 8.33649
0.680566 0.0494959 0.0528343 0.365573 9.38904
0.505505 0.83999 0.773877 0.87906 5.83025
0.169531 0.529911 0.687101 0.806005 7.84863
0.825563 0.986029 0.176325 0.175231 7.13033
0.318234 0.695769 0.283762 0.0452988 8.88621
0.632276 0.0238223 0.173586 0.0234224 9.75097
0.254451 0.220415 0.895503 0.0920638 7.9856
0.362308 0.675169 0.821584 0.609654 7.76522
0.482191 0.150914 0.992225 0.76248 7.88557
0.0105168 0.258844 0.465481 0.813524 8.53917
0.742492 0.566123 0.2324 0.628361 8.50742
0.189416 0.332207 0.259269 0.631945 9.03689
0.260461 0.268453 0.840431 0.524883 8.04945
0.0312722 0.0390216 0.484655 0.559396 10.4571
0.0444354 0.270706 0.934115 0.664863 8.06072
0.482191 0.150914 0.446586 0.732895 9.04633
0.365352 0.771536 0.83624 0.126526 7.01512
0.307133 0.812983 0.342892 0.810042 6.68737
0.0464281 0.104562 0.133387 0.994783 9.03496
0.0288593 0.20667 0.564714 0.671295 9.34285
0.236146 0.786106 0.845434 0.297921 6.72245
0.921834 0.11307 0.627432 0.641996 8.04212
0.802177 0.746447 0.693204 0.965252 5.79345
0.0273224 0.00906957 0.532408 0.646612 10.0025
0.046115 0.304936 0.765611 0.169495 8.51084
0.426926 0.0851837 0.67313 0.0208206 9.6524
0.0876395 0.626649 0.212118 0.0349823 9.6231
0.569393 0.840198 0.773877 0.882554 5.76172
0.444642 0.323283 0.652695 0.00730153 9.6496
0.790266 0.909284 0.79155 0.760749 4.63395
0.379242 0.445591 0.734643 0.325129 8.76106
0.547101 0.0041204 0.580921 0.165161 10.1121
0.0391374 0.590874 0.507176 0.052774 10.3399
0.0312722 0.0722357 0.484655 0.333258 10.118
0.269886 0.275813 0.156059 0.614009 9.09922
0.250891 0.278988 0.869237 0.378134 7.91647
0.66636 0.588128 0.911408 0.173809 7.92218
0.144157 0.19077 0.473259 0.824399 8.27628
0.966763 0.0453569 0.708441 0.15631 7.98074
0.40615 0.117936 0.0118103 0.861799 8.57919
0.738955 0.580666 0.741388 0.212011 7.77251
0.108831 0.778211 0.958238 0.737618 6.39314
0.269886 0.275813 0.155961 0.0802375 9.32239
0.894489 0.673241 0.352449 0.228139 7.60868
0.819193 0.894221 0.335014 0.886525 5.40181
0.418113 0.611851 0.185644 0.0647623 9.72157
0.349039 0.743987 0.283762 0.150917 8.36713
0.33644 0.123515 0.472334 0.831583 8.34605
0.176195 0.396961 0.183973 0.830981 8.08469
0.855742 0.156691 0.300055 0.451133 8.14522
0.954211 0.549577 0.797152 0.743589 6.47487
0.847226 0.642114 0.673459 0.538965 7.69877
0.674062 0.347145 0.804038 0.105402 7.89993
0.527481 0.902345 0.147858 0.705574 7.71306
0.947723 0.913687 0.866792 0.736051 4.8183
0.82761 0.599628 0.774513 0.659451 6.66338
0.7323 0.580666 0.218457 0.206719 8.61005
0.226277 0.881943 0.402814 0.137814 8.07038
0.684602 0.140998 0.924037 0.455222 7.97388
0.54908 0.21695 0.225013 0.117218 9.44185
0.0288593 0.147371 0.556708 0.0521453 10.1608
0.858259 0.826759 0.857713 0.864164 3.7862
0.581232 0.91091 0.141876 0.406001 8.43677
0.811191 0.83755 0.952689 0.664837 5.37
0.781213 0.57078 0.813235 0.465227 7.47098
0.212914 0.0434277 0.913301 0.861642 6.94217
0.167398 0.511969 0.690622 0.822968 7.78843
0.531474 0.0409176 0.759175 0.705883 8.20538
0.311489 0.0828897 0.332626 0.192836 9.37265
0.0467397 0.201101 0.856796 0.499632 8.55238
0.0869826 0.922001 0.313639 0.362427 8.21024
0.788082 0.0771076 0.995361 0.277156 7.5422
0.159328 0.892519 0.855726 0.302525 6.49198
0.553276 0.857522 0.778129 0.712086 6.47648
0.156494 0.000645521 0.473448 0.827156 8.62857
0.0234274 0.293724 0.00961997 0.139593 9.83459
0.0975502 0.805376 0.188293 0.255721 8.13688
0.463423 0.656702 0.670203 0.249712 8.9693
0.714798 0.732818 0.589746 0.930429 6.72753
0.568618 0.440463 0.75778 0.886788 7.53968
0.603294 0.764351 0.676644 0.287978 7.79317
0.653708 0.0136829 0.595688 0.675953 9.13073
0.730987 0.696183 0.616221 0.976205 7.06833
0.179012 0.0134557 0.518483 0.11247 10.0833
0.286639 0.590874 0.198844 0.839114 7.96676
0.141825 0.0637661 0.649078 0.822968 8.0416
0.733465 0.503572 0.230131 0.165929 8.72603
0.709924 0.186159 0.0387055 0.757156 7.855
0.832416 0.833698 0.84947 0.868849 3.87787
0.619287 0.177867 0.814708 0.741426 7.07256
0.706531 0.250073 0.976168 0.00489909 8.02882
0.853378 0.0552388 0.926697 0.835874 5.62937
0.90703 0.412267 0.799555 0.86962 5.60636
0.404258 0.611851 0.822259 0.0647623 8.45619
0.613972 0.0109692 0.854634 0.160858 8.29183
0.0594835 0.0041204 0.580921 0.165161 10.1307
0.756934 0.696183 0.50907 0.976205 7.19365
0.684602 0.389357 0.924037 0.383556 7.87708
0.829752 0.111468 0.0784695 0.489378 8.57943
0.0488897 0.161012 0.0984689 0.566714 9.95034
0.771523 0.0225737 0.367426 0.0208206 8.91731
0.205757 0.264951 0.885556 0.801122 6.5946
0.616179 0.661404 0.0922489 0.530616 9.52941
0.76921 0.828991 0.804661 0.861547 4.37836
0.106937 0.645489 0.905552 0.719365 7.26331
0.630148 0.634538 0.140139 0.163028 9.17507
0.00635761 0.2696 0.770173 0.545009 8.75662
0.819193 0.888772 0.326612 0.886876 5.33717
0.58448 0.835826 0.141876 0.406369 8.35653
0.196491 0.0338173 0.0517589 0.657109 9.58858
0.941539 0.309947 0.138449 0.12327 8.30716
0.161814 0.0771076 0.995361 0.283631 8.70316
0.742492 0.566123 0.2324 0.636057 8.47666
0.847354 0.00906957 0.83006 0.647545 6.70028
0.210132 0.07933 0.460015 0.788627 8.54507
0.00473692 0.436745 0.359677 0.215053 9.90759
0.705846 0.474815 0.0571165 0.724206 8.51486
0.0343688 0.522936 0.219135 0.184373 9.79243
0.807343 0.00351287 0.0638346 0.516428 8.96717
0.64634 0.0136829 0.615793 0.681447 9.05989
0.476622 0.382145 0.799555 0.107711 8.68409
0.334711 0.0202731 0.229195 0.166727 9.573
0.683892 0.758836 0.0320743 0.342316 8.15705
0.739907 0.881943 0.911986 0.0619864 6.05801
0.560189 0.911783 0.0255428 0.748685 7.63821
0.949825 0.662066 0.838736 0.697896 6.06304
0.602265 0.174619 0.750433 0.4422 8.64384
0.0497297 0.918378 0.043181 0.491217 8.96737
0.813886 0.720119 0.768727 0.392242 6.4354
0.680566 0.563966 0.0592986 0.365573 9.34793
0.805878 0.838986 0.860692 0.838571 3.91556
0.41101 0.0395152 0.791883 0.881218 7.22943
0.171386 0.922001 0.313639 0.338055 7.94039
0.149501 0.189861 0.0197443 0.979896 8.80799
0.828763 0.818657 0.900288 0.886933 4.07066
0.864437 0.590874 0.169206 0.839114 6.68861
0.844416 0.875138 0.853205 0.833318 3.88668
0.521441 0.333232 0.822991 0.0427601 8.5673
0.0273085 0.453745 0.845434 0.290904 8.49887
0.0335775 0.0333618 0.0879263 0.129216 10.202
0.151806 0.185355 0.0262899 0.0608549 9.86545
0.851388 0.729072 0.931757 0.65827 5.58844
0.689923 0.715411 0.826555 0.244255 6.69658
0.313186 0.735524 0.815938 0.0654825 7.34646
0.125636 0.338282 0.815938 0.762797 7.09713
0.714885 0.944476 0.0770526 0.885564 6.36121
0.557719 0.125991 0.218506 0.206719 9.5355
0.790925 0.907714 0.953951 0.762553 4.82411
0.351962 0.343851 0.806475 0.144193 8.10591
0.190434 0.1454 0.921463 0.913226 6.85023
0.185062 0.766654 0.699523 0.609723 7.64538
0.0312722 0.0390216 0.128812 0.560011 10.2173
0.442253 0.300783 0.778122 0.00690756 8.71858
0.0735924 0.227083 0.633744 0.685892 8.79184
0.767765 0.189861 0.0197443 0.979896 7.75824
0.695802 0.44686 0.068639 0.697259 8.68111
0.114742 0.173478 0.239679 0.534224 9.55763
0.527481 0.344611 0.147858 0.24105 9.56153
0.0736408 0.626649 0.896626 0.0349823 8.41466
0.205757 0.264951 0.264998 0.0608549 9.28064
0.729497 0.589059 0.751682 0.237324 7.5124
0.290532 0.952853 0.0469726 0.911614 7.16104
0.26151 0.0121316 0.61313 0.264951 9.44442
0.952869 0.830691 0.00532452 0.0891968 7.45492
0.443604 0.326086 0.705445 0.780678 7.7619
0.809306 0.570206 0.120731 0.231169 8.26366
0.198162 0.888187 0.855726 0.865989 5.14476
0.717417 0.732778 0.589746 0.930429 6.65905
0.356253 0.804806 0.700982 0.136131 7.57497
0.917488 0.860135 0.902835 0.767437 4.24596
0.825563 0.986029 0.767136 0.175231 6.06316
0.0303396 0.357894 0.688095 0.506311 9.45159
0.877648 0.179586 0.0157292 0.219831 8.17618
0.7276 0.401371 0.686738 0.115789 8.36818
0.890806 0.931676 0.0252928 0.955943 6.0843
0.606446 0.809821 0.887198 0.0849455 6.94006
0.845083 0.833821 0.84947 0.771657 4.21161
0.840847 0.808318 0.890623 0.234832 5.25377
0.932028 0.664013 0.0102297 0.793692 6.93628
0.792502 0.763157 0.172829 0.404921 7.20226
0.80263 0.91407 0.860692 0.838183 4.03574
0.322939 0.0656077 0.921068 0.307182 8.23053
0.706531 0.280926 0.93201 0.782807 6.2863
0.584754 0.902345 0.145654 0.0895243 8.3997
0.733465 0.519912 0.332734 0.192038 8.72048
0.733129 0.293724 0.909781 0.0637657 7.33207
0.362308 0.674604 0.822672 0.612928 7.65285
