158 2.19498
2.15177 4.59267 16.7127 14.1851 234.328 12.8708 8248.73 1817.28
14.7444 5.73303 17.2226 2.9722 117.061 2.11702 13.3626 10175
1479.74 743.599 334.17 52.817 744.107 235.336 2157.4 5057.04
2.5513 222.033 598.78 177.544 288.557 6679.76 576.753 1318.97
14.7444 5.73303 17.2226 2.9722 117.061 2.11702 13.3626 10175
96.2447 1.482 383.986 206.784 7174.35 105.6 2627.02 255.396
0.0345004 0.0539086 0.482276 0.483984 0.340614 6.16745 2392.98 8036.9
639.037 2239.08 432.506 2393.03 880.828 52.6421 841.233 2870.41
0.0345004 0.0539086 0.482276 0.483984 0.340614 6.16745 2392.98 8036.9
1479.74 743.599 334.17 52.817 744.107 235.336 2157.4 5057.04
0.184821 0.000139788 0.0346505 7.56347 9.37919 52.0419 111.612 10628.2
0.184821 0.000139788 0.0346505 7.56347 9.37919 52.0419 111.612 10628.2
2.15177 4.59267 16.7127 14.1851 234.328 12.8708 8248.73 1817.28
202.128 1697.97 1598.09 1744.12 144.217 1509.82 749.787 2518.74
1093.25 425.075 454.569 518.993 2409.63 39.1711 1707.69 3563.6
118.8 997.899 167.796 2057.97 2444.93 77.7387 2027.3 3029.35
202.128 1697.97 1598.09 1744.12 144.217 1509.82 749.787 2518.74
2.15177 4.59267 16.7127 14.1851 234.328 12.8708 8248.73 1817.28
7.26545 22.251 91.9845 4185.69 258.619 36.5074 583.285 5438.99
40.9782 3.17431 137.591 3007.91 589.387 1877.53 2494.91 3128.82
7.26545 22.251 91.9845 4185.69 258.619 36.5074 583.285 5438.99
0.0345004 0.0539086 0.482276 0.483984 0.340614 6.16745 2392.98 8036.9
13.7602 0.155881 10.144 828.859 5309.42 480.956 2296.41 1840.3
874.314 339.949 1072.23 1939.07 1204.54 492.112 2726.7 1334.96
96.2447 1.482 383.986 206.784 7174.35 105.6 2627.02 255.396
174.546 424.08 89.9525 1336.22 374.137 3712.25 399.118 3936.61
37.1945 312.401 866.303 2129.88 2007.51 4468.4 1067.89 646.253
450.478 174.951 1353.92 136.686 1269.61 5239.26 720.848 1443.38
40.9782 3.17431 137.591 3007.91 589.387 1877.53 2494.91 3128.82
47.3706 81.7277 264.373 1845.2 687.916 859.414 199.046 6565.78
450.478 174.951 1353.92 136.686 1269.61 5239.26 720.848 1443.38
337.593 993.33 1991.09 229.397 2597.81 557.265 560.508 3895.3
919.972 172.274 1716.6 57.9954 1221.81 2031.31 3678.23 1513.27
2.72324 5.35539 23.2659 95.5407 1753.49 1816.79 1941.19 4961.29
524.197 203.804 109.404 957.429 2709.84 2416.9 877.259 2993.32
63.6315 11.9157 201.412 316.644 3695.16 2130.64 445.947 3680.03
227.993 373.288 1301.66 2312.06 138.722 305.468 506.534 5517.58
0.478616 41.6086 5.83147 1650.85 4571.98 296.708 456.211 2695.85
639.037 2239.08 432.506 2393.03 880.828 52.6421 841.233 2870.41
0.0345004 0.0539086 0.482276 0.483984 0.340614 6.16745 2392.98 8036.9
919.972 172.274 1716.6 57.9954 1221.81 2031.31 3678.23 1513.27
251.152 97.6505 308.018 557.016 346.025 2746.24 1419.7 5157.33
0.478616 41.6086 5.83147 1650.85 4571.98 296.708 456.211 2695.85
40.9564 0.0306018 36.1928 68.6891 114.394 789.243 346.01 9274.72
251.152 97.6505 308.018 557.016 346.025 2746.24 1419.7 5157.33
0.0345004 0.0539086 0.482276 0.483984 0.340614 6.16745 2392.98 8036.9
32.8716 10.9296 45.5229 65.5775 920.322 949.431 6734.54 2257.46
32.6433 5.53953 5.73867 11.5535 17.9163 351.772 7192.71 2924.04
13.7602 0.155881 10.144 828.859 5309.42 480.956 2296.41 1840.3
239.549 263.712 94.2818 297.928 865.875 1847.07 7423.04 654.705
337.593 993.33 1991.09 229.397 2597.81 557.265 560.508 3895.3
118.8 997.899 167.796 2057.97 2444.93 77.7387 2027.3 3029.35
47.9809 141.178 26.2129 92.4559 4353.55 363.768 1736.91 3624.5
24.3207 204.27 898.19 1288.25 66.4443 224.891 5567.75 1761.97
11.7762 96.7761 234.994 7.08924 256.479 735.295 3986.14 4671.38
7.75913 674.761 709.333 922.298 1388.58 3269.65 455.416 2850.88
239.549 263.712 94.2818 297.928 865.875 1847.07 7423.04 654.705
256.895 900.101 216.752 2201.07 1019.07 416.382 4013.4 1393.71
285.082 53.3805 298.889 774.406 1365.04 1174.12 5133.83 1403.29
874.314 339.949 1072.23 1939.07 1204.54 492.112 2726.7 1334.96
174.546 424.08 89.9525 1336.22 374.137 3712.25 399.118 3936.61
86.2484 667.579 225.689 77.2251 8.15465 710.275 4782.14 4622.41
13.7602 0.155881 10.144 828.859 5309.42 480.956 2296.41 1840.3
41.1493 318.515 1035.76 345.325 1365.16 4806.24 1002.83 1929.48
103.631 178.792 42.4468 274.578 359.685 1635.73 5338.17 2613.25
14.1895 24.4809 75.4688 138.678 8.32123 791.822 133.45 9956.78
7.75913 674.761 709.333 922.298 1388.58 3269.65 455.416 2850.88
919.972 172.274 1716.6 57.9954 1221.81 2031.31 3678.23 1513.27
67.5981 567.842 660.436 1153.27 1469.54 2102.52 435.746 4496.06
381.837 596.647 147.057 1001.67 613.265 781.93 5680.99 1420.32
114.807 21.4975 25.5344 92.4628 32.0066 1483.21 5886.05 2521.88
118.8 997.899 167.796 2057.97 2444.93 77.7387 2027.3 3029.35
1036.1 142.49 171.663 468.656 1426.44 925.997 289.773 5682.89
524.197 203.804 109.404 957.429 2709.84 2416.9 877.259 2993.32
130.308 383.396 2018.38 174.847 1624.22 4867.23 665.673 585.477
285.082 53.3805 298.889 774.406 1365.04 1174.12 5133.83 1403.29
524.197 203.804 109.404 957.429 2709.84 2416.9 877.259 2993.32
249.619 46.7398 249.248 874.145 46.7278 1294.92 4453.57 3867.33
41.1493 318.515 1035.76 345.325 1365.16 4806.24 1002.83 1929.48
304.28 118.177 307.956 835.074 2628.37 5079.2 1008.19 506.739
337.593 993.33 1991.09 229.397 2597.81 557.265 560.508 3895.3
450.478 174.951 1353.92 136.686 1269.61 5239.26 720.848 1443.38
874.314 339.949 1072.23 1939.07 1204.54 492.112 2726.7 1334.96
256.895 900.101 216.752 2201.07 1019.07 416.382 4013.4 1393.71
96.2447 1.482 383.986 206.784 7174.35 105.6 2627.02 255.396
304.28 118.177 307.956 835.074 2628.37 5079.2 1008.19 506.739
304.28 118.177 307.956 835.074 2628.37 5079.2 1008.19 506.739
10.4785 25.4594 10.7602 41.5601 85.3437 43.5446 6559.1 3632.18
182.035 196.157 333.959 732.138 14.8253 2488.47 3162.17 3958.09
103.631 178.792 42.4468 274.578 359.685 1635.73 5338.17 2613.25
239.78 93.2255 280.062 630.277 746.063 391.498 6414.17 1357.43
2.5513 222.033 598.78 177.544 288.557 6679.76 576.753 1318.97
182.035 196.157 333.959 732.138 14.8253 2488.47 3162.17 3958.09
1036.1 142.49 171.663 468.656 1426.44 925.997 289.773 5682.89
41.1493 318.515 1035.76 345.325 1365.16 4806.24 1002.83 1929.48
1036.1 142.49 171.663 468.656 1426.44 925.997 289.773 5682.89
32.8716 10.9296 45.5229 65.5775 920.322 949.431 6734.54 2257.46
24.3207 204.27 898.19 1288.25 66.4443 224.891 5567.75 1761.97
37.1945 312.401 866.303 2129.88 2007.51 4468.4 1067.89 646.253
138.338 53.786 10.0062 323.851 224.166 3595.71 275.4 5886.83
249.619 46.7398 249.248 874.145 46.7278 1294.92 4453.57 3867.33
639.037 2239.08 432.506 2393.03 880.828 52.6421 841.233 2870.41
13.7602 0.155881 10.144 828.859 5309.42 480.956 2296.41 1840.3
255.361 782.04 128.227 1416.27 864.062 2298.52 3452.47 1419.47
14.7256 2.11963 2.33413 85.3095 62.6955 1994.93 4447.92 3996.98
256.895 900.101 216.752 2201.07 1019.07 416.382 4013.4 1393.71
524.197 203.804 109.404 957.429 2709.84 2416.9 877.259 2993.32
524.197 203.804 109.404 957.429 2709.84 2416.9 877.259 2993.32
15.481 504.515 72.0527 1909.38 1500.91 3534.22 477.568 2639.94
67.5981 567.842 660.436 1153.27 1469.54 2102.52 435.746 4496.06
204.638 79.5599 704.239 1130.07 610.777 1445.44 348.949 5762.6
450.478 174.951 1353.92 136.686 1269.61 5239.26 720.848 1443.38
239.78 93.2255 280.062 630.277 746.063 391.498 6414.17 1357.43
47.9809 141.178 26.2129 92.4559 4353.55 363.768 1736.91 3624.5
256.895 900.101 216.752 2201.07 1019.07 416.382 4013.4 1393.71
2.5513 222.033 598.78 177.544 288.557 6679.76 576.753 1318.97
113.16 43.9986 163.337 513.479 2244.41 1529.47 1592.8 4317.6
79.553 234.077 977.32 1094.81 2557.86 2090.31 459.437 2468.48
95.1648 36.9584 19.8589 39.9806 55.34 3.32307 4240.63 6232.04
182.035 196.157 333.959 732.138 14.8253 2488.47 3162.17 3958.09
138.338 53.786 10.0062 323.851 224.166 3595.71 275.4 5886.83
79.553 234.077 977.32 1094.81 2557.86 2090.31 459.437 2468.48
227.993 373.288 1301.66 2312.06 138.722 305.468 506.534 5517.58
874.314 339.949 1072.23 1939.07 1204.54 492.112 2726.7 1334.96
239.549 263.712 94.2818 297.928 865.875 1847.07 7423.04 654.705
33.9365 32.4078 58.5858 4303.34 818.21 1470.55 561.383 3901.3
79.553 234.077 977.32 1094.81 2557.86 2090.31 459.437 2468.48
40.9782 3.17431 137.591 3007.91 589.387 1877.53 2494.91 3128.82
239.549 263.712 94.2818 297.928 865.875 1847.07 7423.04 654.705
204.638 79.5599 704.239 1130.07 610.777 1445.44 348.949 5762.6
14.7256 2.11963 2.33413 85.3095 62.6955 1994.93 4447.92 3996.98
32.8716 10.9296 45.5229 65.5775 920.322 949.431 6734.54 2257.46
304.28 118.177 307.956 835.074 2628.37 5079.2 1008.19 506.739
86.2484 667.579 225.689 77.2251 8.15465 710.275 4782.14 4622.41
239.78 93.2255 280.062 630.277 746.063 391.498 6414.17 1357.43
1479.74 743.599 334.17 52.817 744.107 235.336 2157.4 5057.04
62.5353 102.39 357.043 137.302 995.371 866.085 1801.58 5505.83
15.481 504.515 72.0527 1909.38 1500.91 3534.22 477.568 2639.94
255.361 782.04 128.227 1416.27 864.062 2298.52 3452.47 1419.47
227.993 373.288 1301.66 2312.06 138.722 305.468 506.534 5517.58
304.28 118.177 307.956 835.074 2628.37 5079.2 1008.19 506.739
182.035 196.157 333.959 732.138 14.8253 2488.47 3162.17 3958.09
182.035 196.157 333.959 732.138 14.8253 2488.47 3162.17 3958.09
47.3706 81.7277 264.373 1845.2 687.916 859.414 199.046 6565.78
381.837 596.647 147.057 1001.67 613.265 781.93 5680.99 1420.32
639.037 2239.08 432.506 2393.03 880.828 52.6421 841.233 2870.41
138.338 53.786 10.0062 323.851 224.166 3595.71 275.4 5886.83
95.1648 36.9584 19.8589 39.9806 55.34 3.32307 4240.63 6232.04
114.807 21.4975 25.5344 92.4628 32.0066 1483.21 5886.05 2521.88
239.549 263.712 94.2818 297.928 865.875 1847.07 7423.04 654.705
2.5513 222.033 598.78 177.544 288.557 6679.76 576.753 1318.97
1036.1 142.49 171.663 468.656 1426.44 925.997 289.773 5682.89
1036.1 142.49 171.663 468.656 1426.44 925.997 289.773 5682.89
37.1945 312.401 866.303 2129.88 2007.51 4468.4 1067.89 646.253
255.361 782.04 128.227 1416.27 864.062 2298.52 3452.47 1419.47
67.5981 567.842 660.436 1153.27 1469.54 2102.52 435.746 4496.06
47.3706 81.7277 264.373 1845.2 687.916 859.414 199.046 6565.78
47.3706 81.7277 264.373 1845.2 687.916 859.414 199.046 6565.78
47.3706 81.7277 264.373 1845.2 687.916 859.414 199.046 6565.78
251.152 97.6505 308.018 557.016 346.025 2746.24 1419.7 5157.33
249.619 46.7398 249.248 874.145 46.7278 1294.92 4453.57 3867.33
182.035 196.157 333.959 732.138 14.8253 2488.47 3162.17 3958.09
37.1945 312.401 866.303 2129.88 2007.51 4468.4 1067.89 646.253
47.9809 141.178 26.2129 92.4559 4353.55 363.768 1736.91 3624.5
239.78 93.2255 280.062 630.277 746.063 391.498 6414.17 1357.43
103.631 178.792 42.4468 274.578 359.685 1635.73 5338.17 2613.25
14.1895 24.4809 75.4688 138.678 8.32123 791.822 133.45 9956.78
450.478 174.951 1353.92 136.686 1269.61 5239.26 720.848 1443.38
381.837 596.647 147.057 1001.67 613.265 781.93 5680.99 1420.32
182.035 196.157 333.959 732.138 14.8253 2488.47 3162.17 3958.09
13.7602 0.155881 10.144 828.859 5309.42 480.956 2296.41 1840.3
33.9365 32.4078 58.5858 4303.34 818.21 1470.55 561.383 3901.3
47.9809 141.178 26.2129 92.4559 4353.55 363.768 1736.91 3624.5
1036.1 142.49 171.663 468.656 1426.44 925.997 289.773 5682.89
7.75913 674.761 709.333 922.298 1388.58 3269.65 455.416 2850.88
227.993 373.288 1301.66 2312.06 138.722 305.468 506.534 5517.58
24.3207 204.27 898.19 1288.25 66.4443 224.891 5567.75 1761.97
41.1493 318.515 1035.76 345.325 1365.16 4806.24 1002.83 1929.48
524.197 203.804 109.404 957.429 2709.84 2416.9 877.259 2993.32
337.593 993.33 1991.09 229.397 2597.81 557.265 560.508 3895.3
304.28 118.177 307.956 835.074 2628.37 5079.2 1008.19 506.739
450.478 174.951 1353.92 136.686 1269.61 5239.26 720.848 1443.38
227.993 373.288 1301.66 2312.06 138.722 305.468 506.534 5517.58
249.619 46.7398 249.248 874.145 46.7278 1294.92 4453.57 3867.33
63.6315 11.9157 201.412 316.644 3695.16 2130.64 445.947 3680.03
0.0345004 0.0539086 0.482276 0.483984 0.340614 6.16745 2392.98 8036.9
524.197 203.804 109.404 957.429 2709.84 2416.9 877.259 2993.32
15.481 504.515 72.0527 1909.38 1500.91 3534.22 477.568 2639.94
285.082 53.3805 298.889 774.406 1365.04 1174.12 5133.83 1403.29
2.5513 222.033 598.78 177.544 288.557 6679.76 576.753 1318.97
1036.1 142.49 171.663 468.656 1426.44 925.997 289.773 5682.89
251.152 97.6505 308.018 557.016 346.025 2746.24 1419.7 5157.33
63.6315 11.9157 201.412 316.644 3695.16 2130.64 445.947 3680.03
138.338 53.786 10.0062 323.851 224.166 3595.71 275.4 5886.83
202.128 1697.97 1598.09 1744.12 144.217 1509.82 749.787 2518.74
62.5353 102.39 357.043 137.302 995.371 866.085 1801.58 5505.83
337.593 993.33 1991.09 229.397 2597.81 557.265 560.508 3895.3
1036.1 142.49 171.663 468.656 1426.44 925.997 289.773 5682.89
47.9809 141.178 26.2129 92.4559 4353.55 363.768 1736.91 3624.5
249.619 46.7398 249.248 874.145 46.7278 1294.92 4453.57 3867.33
15.481 504.515 72.0527 1909.38 1500.91 3534.22 477.568 2639.94
33.9365 32.4078 58.5858 4303.34 818.21 1470.55 561.383 3901.3
15.481 504.515 72.0527 1909.38 1500.91 3534.22 477.568 2639.94
96.2447 1.482 383.986 206.784 7174.35 105.6 2627.02 255.396
32.6433 5.53953 5.73867 11.5535 17.9163 351.772 7192.71 2924.04
256.895 900.101 216.752 2201.07 1019.07 416.382 4013.4 1393.71
2.5513 222.033 598.78 177.544 288.557 6679.76 576.753 1318.97
239.549 263.712 94.2818 297.928 865.875 1847.07 7423.04 654.705
47.3706 81.7277 264.373 1845.2 687.916 859.414 199.046 6565.78
79.553 234.077 977.32 1094.81 2557.86 2090.31 459.437 2468.48
47.3706 81.7277 264.373 1845.2 687.916 859.414 199.046 6565.78
1036.1 142.49 171.663 468.656 1426.44 925.997 289.773 5682.89
227.993 373.288 1301.66 2312.06 138.722 305.468 506.534 5517.58
450.478 174.951 1353.92 136.686 1269.61 5239.26 720.848 1443.38
103.631 178.792 42.4468 274.578 359.685 1635.73 5338.17 2613.25
919.972 172.274 1716.6 57.9954 1221.81 2031.31 3678.23 1513.27
47.3706 81.7277 264.373 1845.2 687.916 859.414 199.046 6565.78
249.619 46.7398 249.248 874.145 46.7278 1294.92 4453.57 3867.33
2.5513 222.033 598.78 177.544 288.557 6679.76 576.753 1318.97
14.1895 24.4809 75.4688 138.678 8.32123 791.822 133.45 9956.78
239.78 93.2255 280.062 630.277 746.063 391.498 6414.17 1357.43
67.5981 567.842 660.436 1153.27 1469.54 2102.52 435.746 4496.06
14.7444 5.73303 17.2226 2.9722 117.061 2.11702 13.3626 10175
114.807 21.4975 25.5344 92.4628 32.0066 1483.21 5886.05 2521.88
79.553 234.077 977.32 1094.81 2557.86 2090.31 459.437 2468.48
96.2447 1.482 383.986 206.784 7174.35 105.6 2627.02 255.396
33.9365 32.4078 58.5858 4303.34 818.21 1470.55 561.383 3901.3
79.553 234.077 977.32 1094.81 2557.86 2090.31 459.437 2468.48
37.1945 312.401 866.303 2129.88 2007.51 4468.4 1067.89 646.253
524.197 203.804 109.404 957.429 2709.84 2416.9 877.259 2993.32
62.5353 102.39 357.043 137.302 995.371 866.085 1801.58 5505.83
37.1945 312.401 866.303 2129.88 2007.51 4468.4 1067.89 646.253
67.5981 567.842 660.436 1153.27 1469.54 2102.52 435.746 4496.06
114.807 21.4975 25.5344 92.4628 32.0066 1483.21 5886.05 2521.88
79.553 234.077 977.32 1094.81 2557.86 2090.31 459.437 2468.48
113.16 43.9986 163.337 513.479 2244.41 1529.47 1592.8 4317.6
524.197 203.804 109.404 957.429 2709.84 2416.9 877.259 2993.32
0.478616 41.6086 5.83147 1650.85 4571.98 296.708 456.211 2695.85
67.5981 567.842 660.436 1153.27 1469.54 2102.52 435.746 4496.06
96.2447 1.482 383.986 206.784 7174.35 105.6 2627.02 255.396
14.7444 5.73303 17.2226 2.9722 117.061 2.11702 13.3626 10175
450.478 174.951 1353.92 136.686 1269.61 5239.26 720.848 1443.38
337.593 993.33 1991.09 229.397 2597.81 557.265 560.508 3895.3
227.993 373.288 1301.66 2312.06 138.722 305.468 506.534 5517.58
524.197 203.804 109.404 957.429 2709.84 2416.9 877.259 2993.32
47.9809 141.178 26.2129 92.4559 4353.55 363.768 1736.91 3624.5
874.314 339.949 1072.23 1939.07 1204.54 492.112 2726.7 1334.96
14.7256 2.11963 2.33413 85.3095 62.6955 1994.93 4447.92 3996.98
639.037 2239.08 432.506 2393.03 880.828 52.6421 841.233 2870.41
10.4785 25.4594 10.7602 41.5601 85.3437 43.5446 6559.1 3632.18
7.75913 674.761 709.333 922.298 1388.58 3269.65 455.416 2850.88
304.28 118.177 307.956 835.074 2628.37 5079.2 1008.19 506.739
0.184821 0.000139788 0.0346505 7.56347 9.37919 52.0419 111.612 10628.2
47.3706 81.7277 264.373 1845.2 687.916 859.414 199.046 6565.78
249.619 46.7398 249.248 874.145 46.7278 1294.92 4453.57 3867.33
37.1945 312.401 866.303 2129.88 2007.51 4468.4 1067.89 646.253
524.197 203.804 109.404 957.429 2709.84 2416.9 877.259 2993.32
67.5981 567.842 660.436 1153.27 1469.54 2102.52 435.746 4496.06
919.972 172.274 1716.6 57.9954 1221.81 2031.31 3678.23 1513.27
182.035 196.157 333.959 732.138 14.8253 2488.47 3162.17 3958.09
103.631 178.792 42.4468 274.578 359.685 1635.73 5338.17 2613.25
86.2484 667.579 225.689 77.2251 8.15465 710.275 4782.14 4622.41
202.128 1697.97 1598.09 1744.12 144.217 1509.82 749.787 2518.74
874.314 339.949 1072.23 1939.07 1204.54 492.112 2726.7 1334.96
103.631 178.792 42.4468 274.578 359.685 1635.73 5338.17 2613.25
47.3706 81.7277 264.373 1845.2 687.916 859.414 199.046 6565.78
40.9564 0.0306018 36.1928 68.6891 114.394 789.243 346.01 9274.72
251.152 97.6505 308.018 557.016 346.025 2746.24 1419.7 5157.33
67.5981 567.842 660.436 1153.27 1469.54 2102.52 435.746 4496.06
0.0345004 0.0539086 0.482276 0.483984 0.340614 6.16745 2392.98 8036.9
256.895 900.101 216.752 2201.07 1019.07 416.382 4013.4 1393.71
7.75913 674.761 709.333 922.298 1388.58 3269.65 455.416 2850.88
2.72324 5.35539 23.2659 95.5407 1753.49 1816.79 1941.19 4961.29
1036.1 142.49 171.663 468.656 1426.44 925.997 289.773 5682.89
40.9782 3.17431 137.591 3007.91 589.387 1877.53 2494.91 3128.82
1479.74 743.599 334.17 52.817 744.107 235.336 2157.4 5057.04
63.6315 11.9157 201.412 316.644 3695.16 2130.64 445.947 3680.03
524.197 203.804 109.404 957.429 2709.84 2416.9 877.259 2993.32
285.082 53.3805 298.889 774.406 1365.04 1174.12 5133.83 1403.29
204.638 79.5599 704.239 1130.07 610.777 1445.44 348.949 5762.6
0.0345004 0.0539086 0.482276 0.483984 0.340614 6.16745 2392.98 8036.9
304.28 118.177 307.956 835.074 2628.37 5079.2 1008.19 506.739
256.895 900.101 216.752 2201.07 1019.07 416.382 4013.4 1393.71
103.631 178.792 42.4468 274.578 359.685 1635.73 5338.17 2613.25
95.1648 36.9584 19.8589 39.9806 55.34 3.32307 4240.63 6232.04
874.314 339.949 1072.23 1939.07 1204.54 492.112 2726.7 1334.96
874.314 339.949 1072.23 1939.07 1204.54 492.112 2726.7 1334.96
874.314 339.949 1072.23 1939.07 1204.54 492.112 2726.7 1334.96
41.1493 318.515 1035.76 345.325 1365.16 4806.24 1002.83 1929.48
79.553 234.077 977.32 1094.81 2557.86 2090.31 459.437 2468.48
919.972 172.274 1716.6 57.9954 1221.81 2031.31 3678.23 1513.27
1479.74 743.599 334.17 52.817 744.107 235.336 2157.4 5057.04
1093.25 425.075 454.569 518.993 2409.63 39.1711 1707.69 3563.6
96.2447 1.482 383.986 206.784 7174.35 105.6 2627.02 255.396
450.478 174.951 1353.92 136.686 1269.61 5239.26 720.848 1443.38
337.593 993.33 1991.09 229.397 2597.81 557.265 560.508 3895.3
0.478616 41.6086 5.83147 1650.85 4571.98 296.708 456.211 2695.85
41.1493 318.515 1035.76 345.325 1365.16 4806.24 1002.83 1929.48
304.28 118.177 307.956 835.074 2628.37 5079.2 1008.19 506.739
182.035 196.157 333.959 732.138 14.8253 2488.47 3162.17 3958.09
