2943 50.2304
2299.56 1689.86 0 0 1683.63
3.06282e-14 4.6349e-14 2.11772e-13 0 3575.52
1.69049e-13 2760.78 2760.78 0 0
496.76 1170.49 3167.2 0 0
4447.69 0 725.36 0 550.303
502.482 2297.22 405.572 1269.88 2703.11
2.0314e-13 1.53342e-14 1.05384e-13 3745.76 316.015
2582.8 0 0 735.571 1707.05
1890.38 966.113 697.636 1738.44 1941.09
430.291 236.172 2116.72 2172.89 2018.8
1367.91 1993.29 1546.32 1782.54 1906.47
1.35341e-13 0 9.83135e-14 1.91436e-13 4151.81
7.9456e-15 129.762 98.8092 4453.08 0
1.96436e-14 320.805 454.252 2993.7 0
683.426 0 0 453.185 4269.01
2133.78 1021.82 0 2365.82 1405.56
633.924 665.938 919.42 3343.88 1168.65
1.32549e-13 1.18594e-13 1.77859e-13 6.63679e-14 4248.4
1.43037e-13 2.04576e-13 4076.63 0 42.851
1336.88 1336.88 1890.63 3105.84 0
1679.47 1679.47 1890.83 1106.77 444.63
2622.04 860.968 2125.4 30.3792 234.827
1834.7 569.455 0 1836.19 2510.42
261.303 346.54 1914.79 45.3556 2808.11
4.47864e-14 9.75337e-14 1.86241e-13 3510.44 0
3.86272e-14 3.86272e-14 1.86259e-13 3169.97 1027.22
2353.23 0 2873.44 939.564 595.064
408.642 370.827 650.055 852.686 3306.94
1824.31 1474.83 2345.9 393.461 0
2303.27 832.928 1698.04 3452.64 1247.46
1043 1043 698.906 536.147 2926.74
1746.52 1830.72 1262.89 1068.74 1009.47
120.531 205.027 98.2212 320.453 3553.98
2325.89 877.772 2486.02 3687.12 1489.12
1107.56 735.933 1379 7.79034 3512.84
1109.16 1109.16 1568.59 1539.26 2963.67
495.215 675.737 96.1539 2779.69 1255.07
1232.72 0 0 2489.4 2777.9
2358.67 2408.45 935.53 0 3167.97
1713.34 0 0 2085.64 883.032
248.812 457.679 0 520.939 3689.35
511.705 511.705 1436.99 2534.26 0
1259.91 1456.3 1925.67 3107.56 1981.69
1385.24 1868.94 0 2326.33 1653.63
1.34167e-13 0 6.02955e-14 2402.21 2402.21
521.472 837.314 127.833 3325.3 993.532
2277.96 2678.3 0 2940.55 456.647
209.405 209.405 150.404 111.139 4804.26
1126.52 1344.34 1753.93 2480.44 2061.31
97.1165 265.124 0 37.3188 4026.33
418.17 275.834 323.471 3238.74 292.423
1623.08 1737.21 2377.46 800.72 0
1838.22 1838.22 2599.63 1581.95 681.752
1.08987e-29 1.7799e-13 2906.8 2294.69 2105.39
1458.73 1458.73 2062.95 2041.04 0
682.911 437.448 811.004 0 2807.99
1079.59 0 1079.59 3380.14 101.643
980.768 2884.16 0 2956.7 1984.85
672.805 1669.9 2975.48 101.473 3451.91
1.40461e-13 2293.9 0 0 3626.63
1.94222e-13 1.27602e-13 3795.19 0 1535.18
529.894 1498.3 2010.26 0 1335.41
772.743 1403.18 2678.06 1789.62 1026.59
1392.89 1353.16 744.929 2079.93 0
1464.68 1380.37 2012.64 317.191 1576
1364.74 0 4273.47 0 0
414.594 16.3039 373.547 0 3150.06
7.33921e-14 1.7308e-13 3070.24 3070.24 85.0294
77.7313 0 2213.85 3633.64 0
1484.89 0 2195.16 2650.22 692.171
450.33 124.216 1439.93 1100.39 2816.71
882.952 882.952 411.001 506.184 3901.4
890.62 2719.14 381.914 0 0
110.008 429.437 627.217 3619.74 0
1110.18 0 0 641.921 3894.69
2880.3 0 2085.02 337.702 2118.84
2130.28 1632.04 655.363 1824.61 3332.2
2174.38 372.668 2381.45 0 2034.58
155.463 855.718 1744.56 1949.34 0
2386.43 760.21 905.071 577.61 2725.02
2632.98 2519.59 258.003 1845.92 1306.88
462.529 2670.54 191.957 512.228 2764.95
687.355 687.355 972.067 2812.51 1249.94
1845.92 1959.86 2692.29 0 1438.19
235.761 2982.79 4180.59 0 0
938.773 938.773 2639.49 1060.04 0
2032.2 1336.12 0 2432.09 538.135
2464.67 896.685 1270.19 2914.11 570.593
2956.35 3397.95 593.466 829.119 557.265
787.506 2179.44 0 12.2547 3032.25
2577.95 1222.09 207.886 1171.59 3108.93
1982.74 1982.74 0 790.267 2913.25
426.093 1445.31 1506.81 665.57 440.781
1172.27 970.748 1510.81 2144.56 0
1.90561e-13 3112.09 2393.81 0 1995.53
893.661 611.805 0 2097.71 2181.91
4.5626e-14 745.129 710.758 2801.47 0
1.61691e-13 1.13021e-13 3221.77 905.064 885.265
1795.26 219.938 0 0 3740.34
1.06643e-13 1.06643e-13 0 2.52909e-13 4808.94
946.046 415.273 439.655 3338.24 0
4.82858e-14 788.566 225.225 1158.01 2456.1
3.58735e-14 1.35621e-13 2291.04 393.114 1900.09
1.2823e-29 2.09415e-13 3420 0 0
2261.33 266.842 1033.08 0 2124.64
2213.61 227.759 1502.84 0 2685.23
846.135 325.998 3276.17 0 0
2261.3 2876.18 0 3545.82 0
90.1973 2656.82 488.37 2702.84 0
1989.23 1886.46 582.914 400.189 1927.71
1228.19 1117.4 1544.47 12.3945 3720.76
822.287 378.958 905.409 3027.38 0
3535.98 1474.02 1367.66 162.77 0
341.422 2881.68 648.379 1061.35 3157.13
1572.69 2504.96 2200.54 0 1574.42
710.95 1706.56 478.362 3506.51 0
1.20416e-13 6.70092e-14 2250.53 679.728 2350.94
2665.63 1986.52 175.092 0 0
1437.04 0 871.725 2301.93 2850.24
219.338 230.811 0 2521.17 2665.22
713.591 2439.78 3681.49 520.569 0
1099 3403.24 2020.82 0 120.772
374.555 857.779 1008.04 2181.77 2579.21
1402.98 1402.98 1735.96 2727.29 0
82.3257 192.246 2225.37 932.048 2421.72
1475.75 1475.75 1596.65 2765.53 0
963.41 1794.8 2037.03 3190.14 69.4715
1943.53 518.914 654.375 265.052 2131.91
378.03 1955.69 0 1991.89 2816.96
269.994 2690.05 19.9294 3295.82 1285.79
490.1 1708.71 120.453 1897.1 2733.26
183.062 2528.24 0 790.263 1977.28
480.353 766.364 2992.47 1982.24 1072.59
1401.03 1377.51 745.78 1905.36 2836.72
1697.94 441.439 2257.41 1873.55 996.793
727.138 994.959 3060.09 0 3298.91
1319.37 907.846 0 3176.84 0
1121.71 348.843 1174.7 1661.28 1871.94
2582.54 3389.94 0 0 1656.14
1660.31 1660.31 819.233 2486.85 2104.98
1999.56 1752.25 0 1279.62 1201.73
1143.28 518.846 280.669 0 2299.94
7.14224e-14 4.40864e-14 1.3063e-13 2535.76 2535.76
2625.89 2625.89 1446.99 1508.91 0
1107.93 1107.93 2214.36 299.003 1528.01
634.004 991.824 1200.51 2742.16 3216.58
1276.06 2138.8 957.789 2825.59 1186.37
3483.14 1393.77 0 0 1302.53
2421.66 703.655 2964.73 0 2473.05
716.293 1234.97 89.3781 2659.73 1349.14
1559.89 0 2266.54 1494.55 2626.74
1458.38 1130.32 588.148 622.036 2217.85
858.529 1642.93 633.115 3477.58 1684.05
1272.63 1272.63 909.409 2016.49 46.9459
1388.39 679.909 0 202.293 2096.81
7.52857e-14 2.1725e-14 7.83576e-14 1809.74 2718.99
864.895 957.041 338.789 2213.13 3422.08
1026.8 1284.56 2886.37 1709.27 896.424
2.16967e-14 354.334 130.442 3381.97 1717.46
2641.22 1976.79 0 1020.08 1708.3
2166.88 467.936 0 1262.98 1117.71
697.74 2808.71 2894.08 186.092 100.662
3.79722e-14 620.133 343.359 2628.61 0
1.12298e-13 1833.96 2318.13 2955.86 569.84
135.182 1535.11 1541.05 2298.49 1572.24
448.118 154.283 668.558 964.759 3485.13
1780.21 1500.78 1215.66 2626.65 0
461.304 1414.22 0 283.833 2561.91
534.325 703.164 883.143 0 2641.62
857.058 0 121.461 4.32184 3818.7
3568.17 0 1875.21 0 0
5.64248 772.35 0 2927.99 573.087
5.62057e-14 3.76973e-14 1105.25 3839.62 2091.47
180.919 1175.93 1189.77 1816.98 2002.17
148.534 178.123 585.936 33.3513 3946.89
179.913 181.694 1595.67 2511.9 0
672.928 63.7621 2491.48 2581.54 1330.84
3524.86 572.202 2668.51 919.182 1831.54
635.408 213.79 3329.88 284.886 703.281
4127 0 154.206 0 281.018
3052.43 684.757 3634.21 0 353.595
438.014 0 981.235 3144.44 1926.97
1299.45 1299.45 3491.92 2636.14 1594.96
1099.84 2855.4 0 1093.31 2627.22
1235.42 310.753 1273.91 3666.31 890.609
1761.49 2825.4 2409.7 0 0
7.57814e-14 1237.6 1237.6 2155.11 2083.23
6.53048e-14 1.30987e-13 1.51e-13 3434.35 1684.09
1500.18 407.779 234.501 1527.09 1314.69
1.15536e-13 6.08302e-14 2132.4 2504.13 398.487
2822.13 1009.3 0 1217.52 2495.26
823.741 1067.42 843.794 1648.94 3397.1
916.516 705.668 0 484.48 3320.96
8.35825e-14 1.75274e-13 3171.24 0 289.845
1604.84 1604.84 670.698 250.727 3353.94
1717.69 2040.84 2667.49 1280.79 385.655
1342.38 1301.85 0 0 3066.88
1.10924e-13 1811.53 2700.87 1568.73 0
1215.71 1215.71 356.732 42.5898 4418.36
1560.96 2041.51 263.295 2583.35 0
1165.22 765.22 482.558 1475.18 2998.05
1912.26 2444.84 1749.81 1361.14 516.487
7.80167e-14 1274.11 1274.11 1931.21 1382.66
439.564 243.884 1247.89 291.987 4885.69
694.722 928.685 2230.42 2513.93 0
1629.41 526.751 0 1439.4 2237.03
735.108 446.323 0 970.216 3495.33
9.51015e-15 155.313 24.9906 2372.92 2378.13
3.11964e-14 509.475 0 2875.47 1788.31
1462.92 1477.93 0 2081.52 2942.3
1114.98 643.941 2844.27 0 3122.13
1411.53 1411.53 1996.21 478.18 2863.27
1387.71 935.243 0 1479.52 3485.37
7.94786e-14 7.94786e-14 1835.63 527.083 3494.02
6.7109e-14 1095.97 1075.69 1331.58 2032.58
1006.81 635.264 1289.39 149.343 1625.5
569.415 2200.76 3129.92 0 504.838
1604.59 1604.59 911.71 1647.16 2496.63
1.93215e-13 1.3373e-13 1.21548e-13 4320.52 1049.88
1887.81 526.122 1007.06 2327.79 2139.76
622.562 1005.09 1182.28 0 2234.46
2028.83 0 1209.71 2656.97 1441.51
2629.69 1339.4 0 0 151.983
295.838 717.048 1113.34 3694.47 0
1900.45 2791.25 2032.79 894.126 1568.77
545.434 545.434 2094.12 2256.7 1309.72
1.7788e-13 1.04104e-13 0 0 3365.93
2470.68 1652.79 0 1693.76 2592.26
2003.65 294.127 579.339 2718.5 247.51
1774.34 1774.34 1305.16 529.949 2877.64
1574.14 1284.42 347.636 2796.1 0
2949.3 2514.88 3569.75 0 0
2676.36 127.765 0 1845.26 2421.09
1.29628e-29 2.11699e-13 3457.3 1046.13 2892.48
1944.14 1973.93 1785.55 0 583.466
1263.71 2871.5 1579.88 994.784 2786.18
172.138 172.138 1042.39 677.203 3669.51
1742.6 337.305 1118.93 3058.74 2038.08
2.24584e-13 3667.73 1879.51 294.577 0
2291.37 1052.08 377.606 0 3443.79
2631.86 772.98 2940.64 0 472.928
2197.18 208.202 2931.22 1702.32 0
1408.09 0 1836.43 143.454 3018.24
1463.66 769.91 0 39.3838 2367.4
5.42859e-14 1.56947e-14 922.864 3266.46 2141.83
1332.91 1332.91 1946.74 2115.01 700.04
1.75949e-13 6.38255e-14 3056.68 0 1764.28
286.316 1848.13 0 3459.34 2636.7
67.5728 0.989235 778.042 780.972 3487.98
1393.72 685.04 1552.97 385.002 2229.73
1.11562e-13 4.18016e-14 1.23448e-13 2801.79 2593.35
255.363 633.319 3218.82 3688.26 0
1173.55 2273.12 1529.26 0 2211.27
915.984 237.366 265.953 4694.3 973.267
377.664 673.225 4713.25 0 102.472
1.16283e-14 189.904 243.329 0 4989.33
119.151 450.792 151.204 2643.79 2688.84
98.2288 20.1697 97.919 1469.47 4031.86
3577.42 660.225 2189.96 0 2163.52
1031.38 638.7 242.707 2254.9 2572
2843.54 2899.19 745.527 454.134 0
1899.89 94.0508 1902.22 699.467 3095.38
2620.76 515.721 1877.65 203.187 804.277
845.288 845.288 259.031 208.161 2188.1
953.521 1128.9 302.821 174.063 3220.96
2767.45 0 988.654 0 2977.62
2326.56 0 1819.47 1402.92 0
417.043 305.652 1243.3 4115.1 0
2703.97 0 2392.99 0 425.939
671.447 2465.59 0 2561.26 1007.52
176.663 1276.14 1386.13 3239.35 0
444.755 444.755 1912.01 2012.81 1530.4
747.7 1752.36 1976.51 3377.73 0
1966.73 796.829 926.415 1792.82 2928.37
1356.37 0 588.668 2994.08 0
9.01347e-14 3.65543e-14 1588.46 2275.33 3508.55
581.331 405.367 379.999 9.65553 4425.84
2240.59 916.472 1188.6 0 2696.84
746.607 848.742 1130.39 2061.61 674.603
744.498 1230.03 3409.91 1199.69 106.424
232.287 651.132 3288.64 1912.06 535.655
664.359 0 0 1345.99 3295.24
1883.68 950.988 0 2838.85 658.576
1724.74 3842.43 1870.25 249.912 284.585
189.786 545.829 1172.13 875.041 4046.29
130.737 345.639 2843.31 0 472.861
1304.19 0 659.561 1461.49 3170.48
193.34 740.43 1722.69 4086.26 0
536.756 1898.22 800.458 317.118 3812.28
5.02794 175.929 1720.53 668.22 2722.45
1169.04 1169.04 1006.32 1388.71 2382.69
1294.36 0 0 0 3605.65
689.993 1661.03 0 0 2639.28
1117.92 982.276 1708.31 2265.6 679.793
2225.75 2308.31 1559.3 0 1878.49
772.299 1152.56 32.2773 161.46 3549.92
2270.51 0 259.046 521.72 2355.48
1829.2 897.475 2993.69 0 0
734.575 0 0 20.4835 3750.65
1364.03 0 704.517 2227.73 2776.89
