3 0.0342602
0.00128124 0.724405 0.0656355 0.752752 31.5452
0.00432449 0.993702 0.37649 0.897572 27.3989
0.00596734 0.438143 0.997293 0.563143 31.1356
0.891834 0.393132 0.52693 0.00111048 26.8271
0.476034 0.00441635 0.944898 0.338225 29.293
0.987877 0.76734 0.104357 0.00709401 35.4941
0.292294 0.879119 0.889478 0.575036 21.8678
0.108506 0.251681 0.0901839 0.989906 30.1813
0.437746 0.76734 0.104357 0.00328679 35.8747
0.980863 0.345291 0.0012151 0.309116 27.3933
0.437746 0.779189 0.104781 0.00328679 34.0644
0.404495 0.0195767 0.684146 0.0235047 31.5574
0.397642 0.0886282 0.603093 0.899276 26.2853
0.342983 0.0479819 0.902623 0.66307 22.9957
0.850809 0.811561 0.806969 0.525643 24.1931
0.236304 0.508297 0.151056 0.431308 29.507
0.968608 0.584657 0.888813 0.330648 23.8021
0.0032898 0.746162 0.889478 0.586928 23.3805
0.320083 0.318301 0.906925 0.53043 24.2995
0.795194 0.125154 0.121037 0.768019 26.3855
0.27668 0.68653 0.748626 0.312329 26.1135
0.935823 0.0441533 0.863164 0.614979 26.3728
0.705624 0.443441 0.934729 0.00619735 25.7493
0.00728498 0.924148 0.384494 0.216561 26.322
0.284893 0.0842339 0.735265 0.897497 27.126
0.49858 0.150735 0.577396 0.786611 25.762
0.587064 0.213275 0.458828 0.066198 30.7285
0.694358 0.00817644 0.563363 0.403347 30.8753
0.983326 0.963062 0.831892 0.0528705 22.5792
0.203716 0.13547 0.840247 0.963084 25.1719
0.0527101 0.0236058 0.214201 0.00394724 33.6843
0.151849 0.642933 0.00479725 0.446256 32.0189
0.0304551 0.949224 0.384494 0.326898 25.9487
0.821313 0.0585156 0.191095 0.6535 28.2514
0.271386 0.383074 0.0603614 0.482405 28.5885
0.891834 0.0723222 0.563356 0.00111048 26.4331
0.220567 0.468859 0.105968 0.390787 29.9297
0.542744 0.573788 0.229298 0.325575 26.8415
0.0485205 0.802686 0.0342532 0.666255 28.3282
0.528104 0.198398 0.471278 0.0375038 30.4076
0.0382719 0.0126654 0.535185 0.0874092 31.6946
0.661076 0.0335591 0.291841 0.392321 26.7084
0.913084 0.059681 0.0204648 0.420868 28.4716
0.00767282 0.869878 0.0227218 0.818346 27.7158
0.0975765 0.67428 0.846471 0.980588 24.8588
0.453381 0.176534 0.307857 0.146314 28.4289
0.234293 0.526143 0.111857 0.0203369 27.2271
0.480767 0.0516065 0.104379 0.116599 32.7884
0.386852 0.210324 0.104042 0.952239 28.5491
0.876444 0.150735 0.339961 0.786611 22.3519
0.271312 0.348186 0.882322 0.575036 22.1546
0.508341 0.173891 0.422692 0.123849 30.0231
0.411851 0.164548 0.0869346 0.989906 28.5114
0.476799 0.00507454 0.941102 0.702699 28.7328
0.283298 0.080556 0.200729 0.614621 30.1386
0.225595 0.302364 0.138529 0.139124 33.4464
0.268876 0.276862 0.128998 0.840656 26.0536
0.766987 0.667162 0.969251 0.376865 24.6217
0.843002 0.862413 0.875302 0.544237 23.3994
0.780991 0.0172925 0.79484 0.394669 29.766
0.106176 0.413294 0.285368 0.0129477 32.581
0.299624 0.0704574 0.397259 0.847643 28.8636
0.543509 0.611075 0.221122 0.690048 26.2447
0.635708 0.0616379 0.765516 0.284221 26.0352
0.179377 0.159377 0.131639 0.963123 27.8934
0.0200796 0.793379 0.375924 0.259803 30.0535
0.0318811 0.618742 0.735595 0.874417 26.3798
0.0223666 0.0445371 0.973594 0.18852 27.9301
0.0904005 0.114949 0.223281 0.385139 27.6644
0.901958 0.897515 0.0372329 0.0102332 29.6622
0.67461 0.76693 0.174698 0.00385464 27.3678
0.409205 0.814717 0.601269 0.89987 23.5796
0.725234 0.293123 0.234873 0.0035185 32.1335
0.80601 0.0118549 0.127119 0.179495 33.2981
0.299624 0.0623501 0.397259 0.862246 29.2257
0.124241 0.551232 0.0190546 0.0194249 27.8233
0.0938798 0.856517 0.160339 0.0578569 28.9606
0.00128124 0.730197 0.447391 0.734872 31.6298
0.795193 0.101228 0.833289 0.798565 24.834
0.613959 0.150735 0.255638 0.974525 27.0106
0.00154887 0.671218 0.284959 0.729826 30.6064
0.555275 0.194962 0.467586 0.05495 30.4586
0.286685 0.615284 0.384494 0.348483 26.132
0.905995 0.166046 0.90435 0.872226 21.9516
0.273463 0.194962 0.782842 0.05495 30.0505
0.280698 0.566175 0.889478 0.562629 25.0209
0.672324 0.163248 0.126056 0.464511 27.5686
0.0557778 0.615284 0.384494 0.374874 25.328
0.0105548 0.351483 0.00755618 0.678641 30.585
0.147228 0.468859 0.094391 0.390787 30.2893
0.00128124 0.301081 0.447391 0.734872 32.2593
0.336684 0.22868 0.0895107 0.3131 29.2075
0.102212 0.201618 0.358284 0.0118982 31.8381
0.764097 0.825571 0.861151 0.012056 24.8483
0.293108 0.839925 0.860604 0.0848883 25.7195
0.0629416 0.844918 0.181234 0.905997 25.928
0.306079 0.780736 0.82678 0.200537 26.4711
0.0889923 0.114949 0.215666 0.550021 28.5853
0.883741 0.0616379 0.764968 0.319484 25.2364
0.0241902 0.711451 0.0496642 0.73475 29.2142
0.268876 0.217393 0.128998 0.822627 27.9894
0.288031 0.347612 0.0178311 0.225897 27.5684
0.0855553 0.609341 0.0057152 0.941611 33.1268
0.364623 0.76734 0.875635 0.00328679 31.609
0.737693 0.846017 0.827946 0.573314 24.0457
0.819458 0.167813 0.593093 0.0979124 26.2898
0.520844 0.0651537 0.0789041 0.168199 27.698
0.0113978 0.402696 0.82658 0.189712 31.7934
0.0166135 0.0418177 0.51601 0.0758408 31.9231
0.635708 0.0616379 0.765516 0.253784 26.6539
0.280698 0.741196 0.889478 0.562629 23.6215
0.578604 0.0452657 0.00276493 0.241686 29.0756
0.248963 0.259011 0.912331 0.26729 27.5237
0.755544 0.176534 0.943367 0.120833 25.6679
0.256509 0.406728 0.10162 0.968558 29.0924
0.624974 0.10125 0.347344 0.25392 25.9124
0.206431 0.355224 0.367528 0.0577855 31.2228
0.617577 0.150735 0.503168 0.974525 25.8911
0.786243 0.66498 0.781417 0.168633 26.0062
0.514581 0.811561 0.806969 0.985081 23.475
0.734321 0.236233 0.0155164 0.213017 30.5637
0.323003 0.339896 0.0246165 0.669015 28.0107
0.00596734 0.438143 0.112145 0.566604 32.5391
0.0727505 0.393132 0.52693 0.0582265 27.5288
0.577654 0.0842002 0.833289 0.923398 25.4751
0.395264 0.383074 0.017769 0.474407 29.7942
0.285911 0.626015 0.27662 0.260335 27.1747
0.174825 0.772176 0.965986 0.255961 27.3144
0.756704 0.291195 0.0951731 0.194453 26.5646
0.216907 0.756084 0.318354 0.161454 26.5839
0.255996 0.757328 0.444811 0.0203369 26.5266
0.128616 0.0407206 0.282838 0.329474 29.6089
0.812999 0.0118549 0.0255555 0.656733 30.3635
0.873016 0.10125 0.346797 0.31962 24.4063
0.821313 0.0576065 0.191095 0.583112 28.4252
0.617019 0.0452657 0.525521 0.933085 26.3847
0.983326 0.973853 0.888813 0.320593 22.3992
0.0629416 0.875051 0.0299292 0.0385594 23.9464
0.0791659 0.604494 0.118023 0.883949 28.313
0.00295885 0.968744 0.569656 0.914416 28.4922
0.790207 0.646376 0.770471 0.142064 25.3102
0.21963 0.458778 0.157844 0.0400745 31.6694
0.588545 0.811743 0.26827 0.217172 26.2861
0.929209 0.0506524 0.990178 0.0537377 28.1109
0.873016 0.108988 0.341872 0.31962 24.1058
0.127212 0.428554 0.486751 0.0093525 31.3591
0.822666 0.133521 0.0471778 0.130699 27.6193
0.901958 0.133521 0.0370356 0.130699 28.383
0.467421 0.773714 0.246237 0.168199 26.3791
0.00154887 0.671218 0.432874 0.733087 30.2204
0.476004 0.751698 0.035186 0.297423 24.726
0.872338 0.084555 0.107986 0.0796542 28.1815
0.35817 0.304971 0.0239887 0.894355 29.3488
0.216907 0.35811 0.326515 0.161454 29.2857
0.0285158 0.887384 0.0489844 0.73475 27.8482
0.335285 0.0101083 0.952927 0.020055 29.2141
0.305661 0.21305 0.833647 0.11318 27.3419
0.0938798 0.837341 0.138572 0.0578569 29.6298
0.21963 0.458778 0.153583 0.127562 28.7701
0.95276 0.345291 0.00973289 0.309116 27.4799
0.835907 0.37352 0.0856197 0.117236 26.9264
0.508341 0.173891 0.584938 0.123849 28.5514
0.579162 0.150735 0.00523508 0.275025 28.2903
0.542744 0.748809 0.172904 0.571025 25.9154
0.0168992 0.262229 0.207413 0.263407 27.1866
0.0750541 0.679523 0.280161 0.168551 29.6841
0.0551744 0.0236058 0.212788 0.56437 32.8777
0.91651 0.0816333 0.909656 0.0239115 25.8311
0.835907 0.37352 0.0856197 0.117236 26.9264
0.283298 0.080556 0.177874 0.880828 30.0243
0.00537255 0.862413 0.875302 0.586928 24.1657
0.984175 0.553417 0.129491 0.0222325 25.7451
0.856556 0.0651537 0.0789041 0.168199 25.9658
0.727057 0.0349908 0.884383 0.0579947 25.8903
0.983326 0.973853 0.0210362 0.320593 24.676
0.00267227 0.594107 0.0370412 0.026806 30.2677
0.710876 0.428554 0.486751 0.00619735 29.9029
0.565777 0.734812 0.00625223 0.048404 27.3838
0.437746 0.613521 0.0688236 0.00801182 32.0948
0.301809 0.00875198 0.564205 0.846236 29.5919
0.450001 0.0651537 0.150135 0.456333 30.7699
0.983326 0.436363 0.815572 0.326724 24.0506
0.476004 0.204053 0.0819509 0.210587 29.0187
0.976694 0.440131 0.229085 0.0194249 26.786
0.112618 0.51404 0.11436 0.341653 30.3978
0.841237 0.291195 0.0951731 0.194453 25.6085
0.116194 0.26978 0.239129 0.157401 29.6594
0.0548089 0.0236058 0.212982 0.56437 33.0383
0.796727 0.646196 0.77169 0.142064 26.4963
0.603385 0.133521 0.134929 0.0510572 28.6008
0.942311 0.0452657 0.109101 0.0796542 29.7525
0.510309 0.423389 0.0385343 0.849088 26.7934
0.306079 0.775407 0.0815205 0.869625 25.1953
0.749989 0.660332 0.504389 0.3054 25.4251
0.310901 0.0270431 0.130486 0.0184291 32.2012
0.306532 0.250456 0.0405212 0.0357047 30.0667
0.648337 0.742094 0.0278649 0.0561906 24.8218
0.743686 0.257373 0.151349 0.0373391 29.9936
0.355307 0.208724 0.104042 0.963326 30.4245
0.0629416 0.875051 0.0278649 0.0592374 25.2929
0.112618 0.523877 0.133609 0.158441 31.8758
0.710876 0.142188 0.467928 0.00665441 29.3121
0.255489 0.283205 0.105302 0.441585 30.3466
0.0304551 0.961515 0.0507583 0.326898 27.5908
0.600485 0.168621 0.0595267 0.3454 27.8924
0.0153016 0.435817 0.368074 0.958516 29.8532
0.269515 0.166731 0.593093 0.892828 24.5877
0.27668 0.68653 0.861562 0.304031 24.2449
0.754594 0.613697 0.307167 0.00195534 26.8809
0.672324 0.551295 0.126056 0.0432093 26.9663
0.168091 0.0296372 0.297424 0.898493 26.7895
0.293968 0.875051 0.0278649 0.034781 26.1837
0.565777 0.734812 0.00625223 0.985929 26.602
0.92549 0.669387 0.0283579 0.0252447 27.5244
0.161891 0.0296372 0.275071 0.897504 27.2273
0.95253 0.551487 0.00973289 0.303628 27.4666
0.305661 0.22623 0.833647 0.11318 25.9686
0.260713 0.520929 0.0610685 0.954973 27.262
0.91651 0.138906 0.206753 0.00607677 28.6965
0.766169 0.203673 0.0917493 0.0953773 30.9881
0.0997183 0.35811 0.32936 0.161454 28.4061
0.572456 0.0841779 0.0177831 0.669002 29.4435
0.286685 0.166046 0.90435 0.872226 22.2569
0.0223666 0.0445371 0.900723 0.476652 30.1045
0.173901 0.0853084 0.263698 0.319402 29.4562
0.268876 0.217393 0.128998 0.853202 27.2479
0.0382719 0.0389928 0.535185 0.0874092 30.8263
0.323003 0.339896 0.0246165 0.669015 28.0107
0.80601 0.0274124 0.127119 0.179495 30.0367
0.802356 0.752919 0.0107008 0.0305342 27.7133
0.754005 0.030175 0.504389 0.216091 27.8708
0.890182 0.0582686 0.146858 0.116502 30.006
0.219781 0.00507454 0.249244 0.268444 30.9026
0.301809 0.017868 0.795682 0.847555 28.0956
0.00456222 0.739972 0.841303 0.562629 24.3191
0.149688 0.510241 0.021006 0.450898 31.4011
0.0123341 0.881604 0.0658282 0.0545812 27.023
0.648337 0.875051 0.0278649 0.0561906 24.1628
0.78724 0.101206 0.0177831 0.669002 27.5341
0.0239928 0.438704 0.326515 0.155053 30.278
0.119269 0.678839 0.287532 0.168551 28.2784
0.0573428 0.0205207 0.207361 0.528679 30.2495
0.0149636 0.0418177 0.51601 0.0185033 32.1649
0.0032898 0.65692 0.889478 0.586928 25.3666
0.61654 0.811743 0.26827 0.267493 24.8062
0.796727 0.662543 0.319959 0.852856 25.7934
0.44957 0.0281799 0.844318 0.73257 27.6422
0.174825 0.0506524 0.990178 0.0537377 29.41
0.286916 0.243969 0.275728 0.261006 29.989
0.766169 0.202494 0.0917493 0.914541 27.1741
0.33243 0.21305 0.833647 0.0376978 29.3856
0.151849 0.510241 0.0242633 0.255886 31.3251
0.0166135 0.0418177 0.00554718 0.946552 30.6822
0.271386 0.383074 0.0603614 0.89055 26.4315
0.226358 0.10125 0.346797 0.31962 26.1344
0.78724 0.422349 0.00764668 0.669002 28.0753
0.272661 0.207965 0.0526303 0.301328 31.578
0.336015 0.172045 0.145296 0.138974 31.1794
0.0857812 0.431983 0.195764 0.330624 27.0857
0.450001 0.0651537 0.246237 0.168199 28.0868
0.976694 0.0285077 0.229085 0.0879288 25.6721
0.0794387 0.0243228 0.324621 0.137059 29.9833
0.244513 0.468859 0.105968 0.390787 29.7713
0.00154887 0.671218 0.59512 0.733087 28.6673
0.782335 0.0222156 0.82954 0.3438 29.4703
0.265526 0.400312 0.105467 0.0120061 29.997
0.0873967 0.714825 0.118023 0.883949 25.9992
0.168139 0.26978 0.239129 0.135668 29.2958
0.206431 0.355224 0.368074 0.0371076 29.9093
0.0166135 0.0489416 0.535185 0.0877395 31.4968
0.252034 0.0144053 0.941728 0.691359 30.4217
0.0794387 0.0163174 0.324288 0.0806709 30.4638
0.697554 0.0431797 0.0245788 0.209709 30.0332
0.0891624 0.155404 0.0057152 0.941611 31.1644
0.164032 0.26978 0.239129 0.135668 30.411
0.255489 0.283241 0.106694 0.441585 29.4536
0.0845203 0.437923 0.118023 0.883949 27.8055
0.285911 0.658155 0.261268 0.348483 26.7113
0.148734 0.144662 0.940525 0.0294039 28.8372
0.362577 0.176205 0.282851 0.899276 24.6921
0.901958 0.156867 0.0372329 0.0102332 30.6726
0.0794387 0.00844569 0.33663 0.0806709 31.8279
0.754005 0.677232 0.504389 0.162894 26.1
0.263075 0.0616379 0.764968 0.319484 25.5117
0.00548207 0.0454195 0.889478 0.586928 24.9775
0.394938 0.236696 0.0179079 0.889121 29.4505
0.249013 0.171335 0.912331 0.26729 26.2188
0.783321 0.00507454 0.941102 0.692738 28.1026
0.260713 0.520929 0.0610685 0.00901976 28.3872
0.0629416 0.873924 0.0278649 0.0953186 27.3208
0.783321 0.00507454 0.249244 0.268444 29.0719
0.00128124 0.730197 0.583422 0.734872 30.4326
0.255489 0.283241 0.104054 0.985023 28.8722
0.312347 0.261597 0.940525 0.0294039 28.7611
0.256509 0.406728 0.101266 0.0546885 30.1857
0.170807 0.0126654 0.535185 0.0534282 31.479
0.0938798 0.724123 0.138572 0.0578569 30.0324
0.697554 0.304508 0.0245788 0.894355 28.1236
0.796816 0.0600885 0.113161 0.117739 29.9073
0.00191666 0.171293 0.569656 0.897867 30.9522
