495 19.2177
3.58717e-14 2.79143e-15 1.16478e-13 9.73695e-15 1.32356e-10 2.04915e-06 0.00189521 22205.8
6824.79 25749.9 6603.07 979.237 2967.85 48.8145 745.799 2625.99
177.052 7.26339 302.104 6.79049 3350.52 25094.5 207.838 1649.03
685.186 2348.45 27020.6 46.9433 2932.02 363.066 1252.83 2515.82
1.91675e-15 2.19353e-16 2.14927e-16 1.29819e-13 1.40512e-10 2.17543e-06 0.002012 23574.3
7.07416e-05 7.17767e-05 1.63334e-05 3.95483e-05 3.72257e-05 1.29747e-10 0.512961 18318.7
9892.59 9100.49 838.104 3529.74 1773.93 226.653 18428.1 2.21838e-06
2.16011e-16 2.47204e-17 6.73597e-16 1.2556e-13 1.35889e-10 2.10387e-06 0.00194581 22798.7
13.2666 15.6031 8.38379 0.363563 12.2966 0.752924 26911.9 748.239
2.21589e-10 2.05998e-10 4.23817e-09 1.36702e-10 3.60556e-18 7.01363e-05 0.103271 19820.1
12.7766 65.2773 16.5074 26728.3 2888.5 701.991 1234.55 3414.04
3.76538e-09 9.17693e-10 1.2007e-08 2.23815e-06 1.23304e-07 8.65838e-09 0.00207319 24291.2
0.000132562 0.000145048 0.00218971 0.000397042 1.40591e-05 0.666791 5.05488e-07 17469.5
25593.1 4086.62 6424.19 64.3714 4433.77 91.7777 1254.56 4090.2
3162.95 10840.9 2799.2 17.3991 25640.2 49.758 1292.54 2795.87
4.04176 4.19003 64.8747 11.5364 0.41628 19743.2 69.6317 3999.24
4900.61 18034.5 1770.69 746.536 574.335 17746 2600.08 1393.83
2.31441e-08 2.59011e-09 4.53153e-09 1.58665e-06 0.00171735 26.5883 24590.8 591.428
23152 3788.51 6952.69 1956.08 4018.53 4380.65 979.021 5793.02
18328.7 6856.38 10530 6163.38 10137.5 217.407 6272.7 934.602
6.80901e-05 6.90864e-05 1.57212e-05 5.49531e-05 3.82807e-05 1.33424e-10 0.527498 18837.9
190.422 204.73 298.32 5.6935 569.953 23831.3 1350.28 219.516
3914.14 740.858 1013.05 26203.5 4542.97 1005.26 1236.19 2673.99
21291.5 8247.82 271.71 9624.92 1484.1 4707.74 334.492 7281.83
1619.15 328.342 9115.51 10277.7 3559.5 20237.9 1030.95 1249.18
24842.1 5400 4983.44 140.822 556.818 234.459 5814.79 657.88
24009.5 230.315 7099.32 1531.49 710.873 3596.45 2790.2 853.82
2963.47 10157.2 1754.37 16.0389 23635.8 270.849 1191.56 2577.45
3000.93 3540.26 1247.8 2758.47 22871.7 4451.92 5518.21 2738.19
343.981 24753.2 6015.15 4624.14 7278.1 803.882 2354.52 2129.02
13845 2916.96 2156.81 16871.2 11696.4 5377.71 395.883 5691.38
2735.75 17358.6 5195.85 12228.9 394.301 3337.82 8535.48 4445.6
3807.15 20335.3 2240.97 2838.38 5361.26 150.886 4377.12 8114.88
14845.1 17018.2 9136.02 3894.25 588.342 5258.65 7548.23 850.441
18000 14397.1 274.283 10109.5 1507.46 4781.84 5984.79 564.093
3858.85 4574.16 10161.8 6246.36 16175.8 6491.05 9693.71 546.101
6067.98 8387.56 11244.9 1200.31 7805.52 7279.06 14889.7 126.395
15321.6 21100.8 6463.69 64.7673 4461.04 92.3422 1262.28 4115.35
17709.4 2342.13 3236.9 10417 3117.14 12639.1 3205.17 6499.81
1701.15 447.475 1023.46 20913.2 1648.31 4547.99 267.024 11531.4
429.824 2196.03 686.998 25279.6 2743.61 2350.66 1155.24 3255.26
370.415 1380.96 1972.19 16.5144 52.5641 23213.4 7708.58 1862.18
8.54063e-05 8.6656e-05 1.97192e-05 2.00924e-06 3.56652e-05 1.43982e-10 0.569242 20328.7
7818.7 1949.1 751.186 18437.1 2480 4486.27 4535.65 11830.7
2665.34 528.151 20475.4 1830.2 9403.42 3220.57 7989.22 2487.65
12.1437 14.1497 9.64665 0.344894 11.6652 1.40818 25562.5 800.001
978.798 18467.3 4799.85 2511.67 13691.9 337.685 2498.38 2864.69
0.381775 0.40166 1.16882 64.0735 3.7097 1.74731 22566.3 119.813
13346.3 4992.58 16542 6055.46 9959.97 114.845 6160.47 918.193
4.16173 4.23722 70.2658 12.4401 0.450615 21371.6 58.6777 4329.1
12506.6 12558.2 9533.05 15001.3 8550.97 263.767 5348.57 479.772
2015.33 8656.08 2465.57 6704.35 18513.2 903.622 3054.85 10417
1039.15 25550.8 6845.88 328.764 2861.06 47.058 1222.4 2644.16
6622.56 1554.25 7199.03 5522.9 15361 9684.36 14226.2 6999.5
2422.44 679.028 359.109 690.327 6848.2 10946.8 22058.7 162.271
61.1086 5.52812 2075.61 2238.63 17079.8 12765.5 11667.7 4082.4
190.23 1350.5 11001.4 2373.08 6502.78 6098.19 16026.1 12453.9
3923.59 3832.99 21880.3 3629.4 8812 1600.36 6872.06 5537.15
823.769 656.495 22449.6 692.165 1306.34 3183.13 12226.2 3841.37
12266.2 1791.33 6432.65 16462.8 11209.4 5335.99 385.159 5033.72
18619.3 5765.04 768.562 2588.9 6920.49 7564.38 7756.69 5362.13
3322.53 3455.67 5141.14 1876.31 17564.1 15714.5 3316.58 6109.59
6653.2 2537.04 2691.97 5538.38 12621.8 11713.7 12344.6 6313.28
25.9597 125.113 258.569 163.937 0.665419 22231 5283.44 1429.45
1108.71 6889.36 11848.9 2032.38 16835.4 6922.33 10103.2 1929.62
21846.1 1081.99 6467.24 1395.14 647.581 3314.71 8847.34 4608.03
319.194 22969.5 9028.83 4480.11 7179.2 779.885 2219.44 2065.03
5153.71 13618.3 6375.53 14714.6 2326.86 11052.1 3047.6 2424.27
0.465001 0.0977283 1.4721 274.404 660.792 2.76373 23726.6 3914.56
827.406 894.153 26115.4 805.18 2521.05 5654.34 1172.33 1922.58
3266.72 3567.95 15521.6 8734.57 3161.06 1084.55 17778.1 449.416
2668.65 1477.46 13005 242.715 4451.6 20821.3 1320.41 1467.55
4343.98 6063.53 8168.88 7539.3 9313.51 16928.9 908.987 6370.59
11228.4 4349.6 143.29 2245.38 22391.7 4752.55 343.692 5459.24
11009.4 2268.43 2679.25 17.2808 25234.9 49.0484 1274.11 2771.61
2072.75 1831.05 732.534 23837.5 4395.84 947.113 1789.36 3359.53
9210.53 1507 3570.28 4424.66 20316.3 10121.3 3020.13 7381.75
9313.48 2349.75 782.926 21955.1 989.467 4609.78 923.046 5506.46
8818.87 12192.2 3526.01 2805.23 15653.7 9831.81 4269.16 1598.57
9188.76 12703.6 3673.89 2922.89 16310.2 10552.2 1452.99 2005.46
2789.77 3291.15 1160 2625.69 21389.5 4163.41 5160.6 10682.4
14579.4 139.855 15234.5 1289.82 598.696 2969.14 2445.52 13896.8
1100.7 1239.01 18793.4 7861.78 5862.56 10053.5 4843.54 982.505
2189.39 10292.4 2950.88 11973.1 20688.9 182.122 910.721 2652.96
5133.08 5520.91 17973.5 597.925 5960.26 257.442 60.3746 16559
14464.4 3047.46 2897.65 17756.4 12310.1 5304.11 475.184 665.653
377.818 406.772 10634.4 13918.4 12189.9 2902.42 9206.46 8838.86
3269.41 4540.38 7901.38 6893.78 14134.8 8411.02 15331 1429.99
4060.8 13558.8 8996.7 3359.61 4753.15 16210.2 3323.14 3045.12
4531.67 15532.2 5092.36 25.3662 10631.3 1712.63 581.99 17114.8
9075.63 11118.1 5532.87 1834.87 85.638 4618.71 16918.9 5103.84
5741.34 7037.86 3615.57 1233.3 192.13 2709.7 20945.8 429.69
9513.72 2232.78 955.894 5457.91 15190.3 9582.65 13848.4 6891.76
1701.63 5832.29 24939.6 38.3868 2774.01 3956.26 1850.2 1716.69
22492 5457.2 3102.78 6769.27 1344 472.647 958.106 5477.39
1526.3 598.278 953.842 19490.6 1410.6 5952.01 254.072 10972
13032.3 2210.35 12314.7 8743.33 3312.7 9219.49 12591.4 4176.25
8197.02 2072.99 9290.46 8250.23 1795.25 14330.4 11070.4 2525.2
19599.4 6578.97 3693.15 2810.57 2568.68 7831.26 6532.74 5481.58
12042.8 2851.8 3805.68 12925.5 5956.34 9152.6 3314.42 16018.8
12926.6 16351.3 12440.1 674.138 9025.25 4748.36 2819.43 1015.83
23760.6 4556.54 6152.53 502.769 4268.04 203.655 661.673 2513.59
8119.08 9117.72 13880.2 581.945 4395.36 7037.55 1319.32 17410.5
2.29187e-10 2.2605e-11 7.45543e-10 4.60368e-10 1.57546e-11 1.40287e-05 0.00185052 21682.9
7603.94 8902.68 4599.62 6448.35 19031.9 1890.1 2641.75 7345.33
5710.48 2212.1 72.8738 1141.94 11387.9 22783.1 347.125 179.184
10110.1 4548.61 12869.7 2343.34 7025.91 2558.14 4618.57 16833.7
3727.53 17640.3 5363.52 11662.5 1684.29 13004.8 1895.08 22.6888
13203.7 11955.2 2018.86 12417.9 4828.02 13298.8 395.473 16.0344
8508 8848.93 13164.9 4804.67 2701.58 15560.6 3284.1 6049.77
2561.88 718.115 828.21 742.975 7499.62 11988.1 19907.1 17.0893
1745.19 2428.65 23097.5 2060.86 2105.28 3393.56 1523.36 522.781
25307.4 4853.16 6553.04 39.7621 4544.95 216.869 704.604 2676.67
682.748 807.809 422.589 21236.4 414.686 5711.48 6600.03 3280.88
20765 3315.68 5212.26 15231.7 4397.45 91.0259 1244.28 4056.69
3.2985e-07 3.06642e-07 6.3088e-06 6.25658e-07 1.37948e-06 0.107299 0.0192862 20923.3
43.3169 39.8485 3.66982 14.9049 7.75007 24.8934 23255.5 2.22701e-06
6594.29 1602.63 664.378 9243.5 14699.2 9461.88 13673.9 9098.55
1137.2 1485.11 7532.94 1368.55 14632.8 408.786 17401 5249.28
2005.1 14882 15400 863.656 10326.9 5155.94 2135.12 3755.21
5856.33 19158 4945.35 2501.06 14509.7 220.962 2678.91 1073.9
3979.06 6370.75 22803.4 582.613 5458.15 605.742 901.127 5377.01
8747.8 7323.46 12205.1 7116.7 2230.9 17322.6 2549.91 5911.4
7601.5 10430.8 13785.8 28.4785 528.932 704.839 8184.42 13825.7
9365.43 14085.7 2336.73 2967.09 12067 485.213 10901.6 5315.17
407.816 1397.77 26823.9 46.4802 3053.34 252.962 1061.58 2402.11
1577.56 618.371 985.876 20145.2 1457.97 4378.87 257.094 11102.6
19215.1 7443.44 5931.55 9038.31 1374.68 4439.07 271.358 7481.51
6429.95 1676.1 8955.95 7316.68 4534.2 6419.89 10055.9 15290.6
16503.4 17834.8 10101.1 810.45 2537.56 5491.93 1178.21 1895.54
10006.6 10706 7932.31 11846.1 2724.72 1079.25 16655.6 1491.84
7183.31 11834.5 14764 12944 929.149 1178.04 2027.04 2258.17
431.553 466.367 13621.1 419.961 1314.92 2949.15 21707.3 1846.57
8283.86 10979.3 14690.5 30.3474 2823.52 5489.52 138.523 14127.2
8654.66 8688.91 13942.8 494.334 6233.16 3602.91 1615.53 17130.9
12430.7 7786.17 15757.9 299.781 6424.89 5565.62 7100.54 222.569
12000 15652 3496.93 11204.7 5055.16 2002.38 3820.36 2572.82
459.436 2139.99 24395 4884.19 906.952 3728.08 1523.07 176.784
6751.54 7643.88 6158.95 16192.5 1752.77 1105.29 9506.43 11348.6
12562.6 12757.9 7188.39 14382.1 7968.03 5036.55 7452.06 477.027
2865.74 12279.5 2570.21 7270.65 7421.54 1932.14 8896.69 14268.5
9473.26 2486.94 2583.74 424.934 14498.7 3120.41 16539 6758.71
852.993 16093.7 4212.07 2189.81 12652.9 210.176 8792.39 7547.77
2465.18 21849.7 7379.36 6384.88 5110.13 239.42 3786.89 686.838
10476.7 9994.42 19072.1 32.966 8488.3 1660.33 7129.61 5214.5
16319.3 3741.88 6913.46 4075.69 3167.45 13669.5 6028.03 6546.35
3451.24 680.308 1134.54 18262.7 666.589 7947.31 12925.9 1604.4
4826.37 5565.41 7827.64 3966.18 16013.7 8298.08 13786.3 1612.51
1040.71 19635.4 5243.86 2642.55 14325.1 218.15 2644.82 1060.23
814.919 875.773 25495.3 786.07 1482.26 1765.41 2341.29 3829.72
1023.71 1336.51 7177.3 9679.31 19935 3214.72 991.611 8364.93
1606.3 1695.66 7708.21 4555.34 11823.6 10677.1 18195.1 700.482
225.652 553.845 150.146 24525.2 4190.04 787.702 3126.32 3760.83
6248.36 9394.74 1558.67 14869.1 13040.8 3102.02 1144.82 8311.34
6116.95 15973 6985.33 13155.4 3022.66 10990.3 2252.93 1432.83
21904.7 4707.8 4505.27 34.1761 3914.28 1789.37 12003.8 2519.53
10246.4 11363.9 5703.89 11905.8 5842.84 4601.21 12421.9 6300.89
11394.4 2732.4 12653.7 3770.72 3363.68 15869.4 6591.99 7197.83
172.156 64.9564 95.2653 19034.2 556.119 8089.27 13412.4 3687.9
2904.9 11592.2 2435.91 6890.77 7033.77 1831.19 8431.84 13511.1
12378.8 4691.77 1306.99 8091 4157.56 12226.5 5543.54 13687.4
572.268 3912.61 13430.2 7918.24 3992.35 6359.74 17476.8 73.4935
17053.1 4427.57 787.894 13299.5 2620.03 1535.23 12081.9 6897.59
9572.74 3097.9 10865.4 3198.08 2886.71 13619.1 5808.97 13951.7
13144.8 5116.81 8965.99 3348.14 4736.92 16154.9 1250.49 3010.23
6392.39 1513.75 8494.2 5799.13 16525.7 9772.51 2725.14 13039.5
276.597 297.381 489.712 6.36754 172.277 22393.9 3984.38 209.176
5983.11 8403.07 12896.3 3610.8 2297.24 15103.1 5267.47 6769.77
16125.2 8596.52 2267.97 1990.72 10904.7 6508.56 1972.97 10127.3
109.199 34.342 169.308 18774.5 665.011 8273.03 13393.1 3557.81
6967.19 3395.31 2930.14 6022.97 13760.8 6230.79 11480.5 10221.1
17852.8 6678.36 9870.69 5953.38 9792.07 210 6058.97 7840.76
2245.46 465.125 12717.3 17232.1 14996.5 3568.37 759.416 1676.87
11244.9 7043.44 14254.7 271.185 1427.15 13477.7 6483.51 226.115
3117.63 4329.59 7356.75 8059.86 14879.7 8748.31 16204.6 1496.15
580.897 239.451 10901 14271.6 12790.5 3028.16 9535.14 9137.3
1810.44 8475.93 18801.9 10999.1 978.849 8852.76 5959.56 1360.77
10594.4 8561.14 8877 4263.16 4596.27 15911.3 3211.2 2992.26
11416.9 11465.6 8698.34 13929.1 8241.18 5007.81 381.238 258.824
6933.27 23763.5 6135.91 38.1392 2756.13 3930.75 1838.27 2580.65
3818.4 14831.5 1079.57 719.665 17823.7 8974.95 2743.93 2084.59
249.498 908.808 25866 5572.78 5687.1 4099.59 3877.99 276.121
20470.3 2681.74 6025.97 1607.66 8260.65 4067.38 993.037 7884.97
13019.9 7208.26 1847.05 9239.26 10370.7 6189.81 3899.86 12660.7
16018.7 5992.28 4788.61 2477.04 1235.36 11486.9 1153.28 12261.5
11026.8 12706.9 9659.71 10852.2 9518.91 2060.33 8287.62 361.233
15496.6 16007.2 3855.33 3032.75 6441.97 3282.69 3964.88 5404.54
8150.16 6344.41 1223.63 13602.8 11922.1 2836.81 9400.21 8699.75
7750.97 19024.2 5817.27 11387.9 4132.74 776.932 3083.57 3709.41
13950.6 12323.8 4930.29 1858.99 3542.1 7644.31 5040.41 3186.36
12683.6 15129.9 5683.04 8535.92 1314.27 4243.97 259.432 8556.59
3619.62 998.26 12335.4 8468.5 2641.86 14818.4 11447.3 5655.38
229.722 983.055 293.646 20559.7 3510.52 5760.4 3192.43 5867.78
4484.68 5714.81 9877.4 243.24 18906.2 554.266 11358.5 4999.35
13964.4 16474.1 5398.71 2518.49 2820.78 303.697 5202.82 10769.8
5854.36 8130.22 14148.6 880.085 4895.84 8214.5 15028.5 1263.34
25.4692 40.5894 2393.03 46.4057 24294.1 291.673 2203.73 621.844
19874 7698.69 6134.95 9348.25 1736.34 3082.22 278.186 7669.76
2387.24 11222.4 3585.02 239.629 15759 137.347 1158.04 14851.1
15727.9 14580.7 2041.08 596.107 8698.57 3996.54 4634.37 3794.87
11827.9 1727.33 6202.8 16242.7 10955.3 5215.04 408.211 4919.72
2220.5 9502.26 2838.4 19123.9 3473.9 6049.92 3352.88 6162.69
6731.83 9873.08 4694.56 6581.46 19424.8 2748.51 2705.04 7521.3
2472.92 693.179 555.288 428.241 6398.98 10761.8 21426.4 157.619
2.16692e-13 1.62654e-14 6.73228e-13 1.25491e-10 5.9458e-11 2.14995e-06 0.00198843 23298.2
12185 951.075 13140.2 829.512 11220.8 7664.4 3507.5 10739.8
1068.64 1072.79 23465.8 5002.37 5159.05 3667.87 3679.93 175.505
583.963 18062.7 2388.25 2785.3 1908.35 7464.37 3059.43 12810.4
5547.78 20040.5 5489.79 11023.8 8030.94 1787.9 1169.12 1178.41
3763.51 5202.18 7261.87 5638.2 5709.12 13133.2 14497.5 123.065
5246.94 13864.7 6688.96 13241.2 2252.9 10700.8 2970.33 2534.97
8740.54 1703.72 3559.33 4310.69 19546.5 9732.89 3084.68 7107.87
10173.5 2409.13 11912.8 7805.11 3829.93 342.719 13371.9 12884.8
2300.61 2392.8 3559.86 1797.26 17278.7 14912.3 6710.29 5298.33
14674.3 16631.6 12005.7 4031.64 863.946 646.06 5421.52 843.847
836.667 4668.23 1055.09 724.137 11089.1 16582.8 9070.07 8161.64
4049.56 24186.1 6236.24 155.158 4325.31 365.052 670.598 2547.49
11241.9 1795.07 2821.86 14632.7 13843.5 678.668 9715.95 3813.32
2193.2 10379.2 3157.56 6862.26 22139.2 3789.7 1912.59 673.567
585.555 2586.66 16052.9 9141.73 5113.13 748.222 14630.4 3805.93
3432.41 22514 3771.17 27.5902 6073.13 5118 2470.18 722.078
19021.2 5713.2 5154.76 2657.91 14700.7 205.692 2682.27 3075.54
0.000104899 0.000103349 0.00206281 0.000148173 1.75849e-12 0.00011645 0.000187185 21250.3
7508.11 1375.96 3347.26 7233.05 20515.8 10220.7 3053.37 7454.35
6760.34 7420.75 13612.8 8469.43 6629.66 1261.45 6700.51 12162.3
8374.29 1983.07 11127.8 7597.1 3465.78 7781.93 13249.8 12773.1
4232.98 13956.1 16615.9 13394.8 4537.53 980.402 1205.62 2607.27
9167.21 1117.9 3634.15 5337.14 21866.1 838.036 6202.64 3915.97
14993.7 15383.5 3717.27 603.224 6231.62 3480.42 3840.83 5183.79
10856.6 9643.84 19127.5 4959.88 8692.6 1700.3 1914.2 5616.27
1175.12 10903.1 1627.88 490.27 2948.82 4456.73 18717.5 62.2472
937.358 941.226 715.237 1124.6 24785.8 2648.86 5041.88 452.261
1590.84 10679.3 3376.49 7134.95 2539.45 13862.3 5485.5 13344.1
1900.32 1908.42 16648.5 13676.5 1260.19 6915.53 5028.02 13343.3
1249.7 266.343 8528.72 11506.5 3699.18 21183.6 859.186 1318.32
5867.18 1241.52 2267.26 4672.08 10683 9898.91 10493.8 14753.4
22191.9 5945.54 561.702 4958.67 5136.03 4673.48 4203.17 421.944
15430.7 4134.12 16332.5 4929.49 5105.81 2458.1 3548.7 412.401
11514.3 7173.75 2919.97 7638.67 7998.9 14072.7 7625.42 6447.76
1102.82 847.381 17445.8 4040.55 6078.87 8811.33 4929.3 12261.5
9786.4 9862.27 16205 5920.25 9452.35 124.418 5974.24 893.31
15826.2 13125.1 5329.04 10082.8 3905.55 166.242 1955.19 8023.2
13315.5 6218.33 5642.41 9924.24 1917.57 8155.97 13040.1 287.827
523.15 3250.79 5590.96 951.149 20485.6 6820.03 10770.6 1906.95
9929 8023.41 8319.43 5550.2 6248.76 15869 6787.53 3077.58
9963.87 7849.23 12816.8 12766.6 3210.23 2275.1 6252.76 9691.77
3849.32 3073.73 2291.47 126.368 21724.9 3242.41 10815.7 1725.73
1311.25 265.904 8930.31 11128.7 3686.78 21112.6 1185.27 1329.89
1102.44 22136.5 4522.24 84.5261 8407.39 3215.89 2557.4 4818.41
8223.06 9756.22 16460.6 1476.33 4921.15 10195.8 1848.49 9024.53
17139.8 14292.3 1391.47 5651.42 3762.54 321.769 3244.43 2.25948e-06
6514.9 7014.16 4043.86 13582.7 11895.9 2875.12 8925.51 8649.67
20069.7 6499.39 428.83 2800.41 4705.69 7905.3 7793.3 2583.41
3219.68 2903.73 1170.53 4701.24 5269.78 17350.5 8599.58 15416.3
6530.6 9748.66 1310 15413.2 13518.1 3216.58 684.709 8795.31
549.663 707.141 357.847 17982.9 351.154 2145.29 5309.66 13166.5
3761 5233.88 21462.6 2465.09 2029.94 368.246 1219.35 604.254
10810.3 10921.9 18372.2 935.56 6741.35 508.807 2019.65 1637.66
5417.94 3525.53 20042.1 12796.9 1757.66 66.3379 511.363 2332.19
374.768 15567.7 19721.6 4537.1 1478.44 735.867 2264.27 1631.7
6104.01 5401.7 4178.57 19686.6 2517.63 9980.85 459.796 2280.23
14379.8 14439.1 1738.6 15245.5 8690.12 268.059 5435.61 487.579
9675.85 2347.63 1334.78 22885.7 1031.41 485.546 945.072 5626.53
15078.3 5794.84 18365 916.549 5768.83 317.49 2064.9 7995.75
3729.79 15981.9 4335.06 381.719 8525.15 2240.61 1476.8 14501.2
5792.9 8044.86 14000 870.845 4844.44 8128.25 15129.2 1258.05
645.532 752.217 471.076 12433.5 21152.9 2224.86 5238.98 2938.52
11855.5 15056.3 3770.1 10925.4 7850.87 2020.68 4150.88 5563.93
11730.2 2318.01 534.717 22584.7 3031.82 1776.52 2356.03 3565.78
14487.3 12820.4 9917.46 5787.47 2927.69 10358.8 516.219 2366.64
1867.74 8998.15 1384.66 5329.07 1194.95 5798.87 19141.9 12580
5596.22 1184.19 6605.25 752.047 11810.2 10943.4 2175.88 14100.8
14559.2 3623.47 2941.05 17433.9 12203 237.089 5880.02 665.26
4.58511 5.36034 2.80924 9.72296 20.9063 0.235774 25790.9 2117.13
4891.27 4778.33 20983.8 5947.03 9536.35 1618.57 6950.27 5600.17
6755.65 10230.5 1363.73 15838 14361.3 3305.73 1185.06 7796.04
1298.39 1531.74 615.517 21593.1 1710.34 1888.44 9100.24 7760.99
6177.74 7231.1 1057.94 12987.1 11540.5 14339.1 677.439 6630.79
2116.82 429.264 14416.7 17965.7 5951.78 6889.78 4176.2 1307.75
6237.19 6333.92 18178.2 2610.09 3272.82 14541 7212.51 1687.09
10393 10796.8 1220.18 3729.27 17964.4 9021.99 4436.03 2175.02
8492.22 2587.46 3465.08 11193.5 19801.3 1869.29 3091.06 6350.03
8350.62 9377.74 4704.75 422.143 3158.28 5061.48 20402.9 2094.8
842.719 2050.48 24708.7 1991.26 1195.79 3548.98 1549.99 176.096
4706.52 18823.1 5490.14 12712.3 4487.87 2492.28 3598.05 292.926
948.312 5291.16 1013.56 12679.3 752.08 14313.3 9873.75 8074.4
4489.31 5041.49 7674.81 321.777 2407.39 3858.1 15552.1 16422.4
3179.47 630.03 12710.6 15466.3 9242.03 3152.41 9803.95 2550.35
3374.07 14516 3037.7 1016.83 7556.45 1987.55 9151.84 14677.7
16736.9 15536.6 1588.86 9648.94 1487.8 4719.48 335.327 5486.05
11114.6 3386.47 4535.09 7093.82 19327.3 1919.15 3017.98 6199.91
5489.33 2289.02 21112.3 3529.11 8568.49 1556.13 6682.16 7159.14
10035.4 11906.5 17703.4 726 5559.74 305.983 1990.06 9212.24
8130.74 3913.55 2103.81 6735.12 15387.8 6967.5 1113.91 9766.33
5386.12 7897.35 1063.33 13053.4 11599.4 15430.1 697.774 6829.82
1423.35 556.913 818.728 17818 7617.91 4198.21 5526.09 11046.3
4665.82 22185.7 1597.81 1032.9 642.223 8309.66 5114.48 831.304
5434.26 4626.5 20755.2 607.293 9594.83 3936.47 1226.48 2493.95
8718.78 2046.22 3385.78 5338.77 14829.3 9353.53 13740.2 6760.39
6.85283 8.02066 4.15138 0.186247 22.0018 0.843238 26311.7 2159.88
