65 1.52438
0 0.678543 0.871224 0.501324 0.990166 0.315321 0.140583 40.7949
0.818036 0.702263 0.347484 0.81059 0.503466 0.551721 1 26.4509
0.376447 0.730886 0.712299 0.0961917 0.0289668 0.327305 0 49.5829
0.120704 0.560308 0.753345 0.525501 0.296518 0.5 0.29066 48.0369
0.285494 0.434224 0.5 0.842054 0.589469 0.5 0.970664 39.6282
0 0.13526 0.836055 0.283414 0.580029 0.194443 0.831799 52.8942
0.495518 0.808552 0.95919 0 0.896516 0.988851 0.529232 39.567
0 0.355444 0.191168 0.218635 0.493106 0.697841 0.482284 58.2046
0 0.158503 0.343428 0.269448 0.0958896 0.174656 0.0294302 62.9313
0.220129 0.5 0 0 0.0848778 0.758641 0.874274 52.2137
0.812824 1 0.26955 0.999419 0.509814 0.882258 0.99714 25.0544
0.384516 0.447163 0.633648 1 0.240059 0.761762 0.211557 47.3959
0.885166 0.232509 0.626506 0.863693 0.989441 0.0940351 0.432348 40.6174
0.412484 0.5 0.210734 0.0572537 0 0 0.5 74.1222
0.578939 1 0.0708525 0.50088 0.410203 0.296113 0.833828 32.1513
0.788184 0.828032 0.352724 1 0.965495 0.556459 1 24.9177
0.507954 0.393384 0.47651 0.430838 0.206874 0.109799 0.180565 58.4
0 0.5 0.44316 0.67347 0.41114 0.661615 0.5 48.7856
0.333339 0.93294 0.82049 0.238971 0.620725 0 0.5 38.902
0.431949 0 0.20109 0.554236 0.794292 0.658977 0.593606 56.0601
0.558192 0.319365 0.279036 0.811775 0.979514 0.5 1 27.6493
0 0.5 0.443244 0.5 0.5 0.0704498 0.5 59.082
0.432941 0.415666 0.775726 0.38942 0.279372 0 0.183669 52.2319
0.153346 0.546706 0.619843 0.18797 0.671337 0.761113 0.573319 34.0015
0.432344 0.629622 0.377568 1 0.339694 0.59398 1 34.5181
0.5 0.856151 0.586867 0.489298 0.5 0.5 0.939163 38.7262
0.488043 0.383222 0.757181 0.147211 0.0854132 0.0250293 0 51.9235
0.210689 0.591069 0.519757 0.216837 0.547056 0.5 0.811155 45.6711
0.128036 0.5 0.5 0.49686 0.487228 1 0 36.7408
0.5 0.655006 0.5 0.484522 0.352925 0.893533 0.87304 41.4284
0 0.295614 0.0132136 0.5 0 0.349806 0.5 56.7065
0.326806 0.816434 0.755917 0.957159 0.683887 0.0699663 0.74022 32.1201
0.914657 0.778705 0.210339 1 1 0.997375 0.5 36.5316
0.0422534 0.533558 0.0914579 0 0.853976 0.758043 0.5 53.6754
0.339362 0.744367 0.517098 0.164679 0.960054 0.425982 0.816124 38.2561
0 0.449832 0.0242845 0.41643 0.492215 0.371229 0.261471 57.4422
0 0.370185 0.151231 0.5 0.629729 0.328535 0 61.8587
0.700195 0.673675 0.781994 0.772906 0.765858 0.147465 0.83248 29.0328
1 0.46388 0.0171092 0.896686 0.220309 0 0.675608 45.5286
0.854162 1 0.489846 1 0.893934 1 0.5 23.0402
0 0.777084 0.5 0.764783 0.5 0.588119 1 51.0053
0.5 0.446085 0.5 0.0301579 0.399816 0.568676 0 54.3025
0.197841 0.667922 0.143767 0.863723 0.122337 0.640298 1 35.0287
0.456864 0 0.570882 0.128478 0.529164 0.402499 0.277699 57.1519
0.0847498 0.674147 0.362618 0.434833 0.559177 0.5 0.903333 40.4766
0.702005 0.571298 0.5 0.839665 0.467687 0 0.532818 44.1159
0.00482075 0.5 0.521495 0.133159 0.5 0.5 0.61891 56.5216
0.217547 0.387254 0.170631 0.222334 0.534751 0.0610424 0.269413 53.9622
0.863175 0.696723 0.55681 0.833751 0.960285 0.944692 1 22.0377
0.294367 0.439608 0.5 0.580511 0.883046 0.557404 0.48529 36.998
0.661542 0.731271 0.5 0.979791 0.633059 0.385324 0.448852 40.4301
0.828847 0.224302 0.87193 0.567573 1 1 0.528966 32.0108
0.369222 0.254 0.341897 0.684258 0.749428 1 0.972473 30.1592
0.283141 1 0.897942 0.882405 0.5 0.290536 0.988653 34.0993
0.434616 0.592469 0.5 0.904743 0 0.647024 0.5 47.6928
0.195419 0.0903837 0.608272 0.271281 0 0 0.485566 57.444
0.246878 0 0.163556 0 0.346664 0 0.580627 52.7155
0.502104 0.662521 0.934956 0.373452 0.809107 0.719238 0.811731 32.8871
0.220519 0 0.965424 0.888711 1 0.546447 0.184895 42.3671
0.855162 0.251984 0.5 0.5 0.0921981 0 0.181372 46.4724
0.5 0.516744 0.2554 0.772505 0.882542 0.5 0.763369 36.8061
1 0.750569 0 0.708049 0.428049 0.5 0.507042 42.9693
0.38954 0.183799 0.0345459 0 0.148344 0.635022 0.174169 63.5354
0.133295 0.604732 0.30086 0.153941 0.601841 0.446244 0.00290347 52.372
0 0.5 0.0505522 1 0.5 0.5 0.447116 42.7756
0.381365 0.615522 0.00797859 0 0.18426 0.274394 0.020775 59.4095
0.199672 0.33175 0 0 0.386009 0.34445 0.202248 67.5128
0 0 0.838433 0 0.301861 0.196405 0 69.8604
0.255453 0.390235 0.5 0.171464 0.822775 0.645728 0.668167 40.51
0.828191 0.136881 0.941669 0.428199 0.0923379 0.121492 0.133784 46.4342
0.434525 0.176224 0.292811 0.544032 0.0207751 0.828903 0.18055 54.6611
0.569384 0.5 0.700602 0.5 0.5 0.5 0.5 45.2445
0.554384 1 0.997851 0.602926 0.347194 0.018332 0.676875 39.7843
0.293087 0.806099 1 0.759689 1 0.832636 0.844234 30.8914
0.5 0.59669 0.96909 0.468972 0.5 0.00490724 0.455857 46.0246
0.066205 0.5 0.184451 0.519572 0.338629 0.538448 0.599182 50.313
0.700136 0.789221 0.71499 0.664674 0.713127 0.934731 0.764258 26.0092
0.63681 0.663521 0.726768 0.522793 0.50295 0.324613 0.387246 52.6561
0.0456435 0.394333 0.592377 0.406016 0.823286 0.418474 0 53.8968
0 0.606433 0.530459 1 0.63712 0.230175 0.531627 45.8038
0.728365 0.599963 0.0268146 0.799845 1 0.889053 0.5 32.8812
0.824278 0.639898 0.13828 0.812433 0.5 0.96718 1 27.6346
0.34101 0.41305 0.304892 0.014148 0.481773 0.854423 0.554682 36.3824
0 0.66283 0.909335 0.824738 0.706296 0.631129 1 28.2799
0.495225 0.5 0.419431 0.5 0.107912 0.5 0.380423 55.0984
0.350165 0.367784 0.425336 0 0.00643255 0 0.5 60.5629
0.5 0.556947 0.172519 0.599965 0.5 0.5 0.612621 45.2709
0.537408 0.193224 0.939252 0 0.505137 0.5 0.0849781 46.294
0.646965 0 0.5 0.14417 0.5 0.5 0.363343 48.8238
0.301185 0.697991 0.602808 0.546629 0.400992 0.5 0.5 48.7117
0.353334 0.310612 0.435865 0.5 0.323227 0.5 0.244885 44.6524
0.390849 0.303486 0 0.690539 0.105422 0.471634 0.4202 62.0056
1 1 0.5 0.39551 0.581381 0.702192 0.401452 38.6516
0.616999 0.820242 0.392356 0.668233 0.5 0.14921 0.979257 37.8736
0.532129 0.818102 0.204098 0.0669219 0.121659 0.48173 0.260778 53.2399
0.5 0.337393 0.740539 0.254208 0.5 0.968879 0.5 40.461
1 0.328749 0 0.0667517 0.322768 1 0.41773 58.4362
0.5 0.640306 0.656182 0.507361 0.352818 0.387893 0.272046 36.1966
0.914593 0.482326 0 0.542915 1 1 0.912332 25.0965
1 0.553501 0 1 0.841822 0.776651 0.62686 29.9562
0.604807 1 0.839091 0.5 0.611024 0.232491 0.0324386 43.8158
0.362887 1 0.384057 0.457643 1 0.875727 0.499256 37.6348
0.333087 0.833492 0.179844 0.0228224 0.500498 0.492108 0.0621851 57.0382
0.323179 0.700981 0.392259 0.42091 0.654715 0.772698 0.468848 49.1739
0.5 0 1 0.0307032 0.368722 0.478685 0.223514 49.8398
0.967722 0.532042 0.852391 0.280931 0.159502 0 1 47.8773
0.5 0.843683 0.5 0.78949 1 0.630151 0.95822 25.54
0.201842 0.544887 0 0.695442 0.607376 0.998739 0.5 41.2597
0.146547 0.635152 0.317387 0 0.626906 0.5 0 64.6445
0.824389 0.385785 0.5 0.60938 0 0.0595147 0 54.1781
0.313296 0.554616 0.936481 0.626068 0.709888 0.680214 1 35.6351
0.200512 0.625993 0.178028 0.209531 0.353775 0.448929 0.683878 52.6786
0 0.5 0.5 0.726656 0.5 1 0.0548061 40.5176
0.485765 0.593558 0.610677 0.77151 0.788693 0.578682 0.76114 38.9581
0.5 0.0415557 0 0.696399 0.295951 0.669776 0.113791 55.1151
0.648883 0.292853 0.223611 0.66623 0.0575354 0 0.522149 47.0668
0.0721067 0.0259801 0.489924 0.5 0.764897 0.5 0.264803 49.8237
0.384241 0.391461 0.368191 0.612816 0.24558 0.5 0.219575 44.9836
0.5 0.553673 1 0.893777 0.561844 0.0462941 0.680689 48.9751
0.358583 0.647063 0.00495332 0.403005 0.524717 0.55114 0.464036 47.4735
0 0 0 0.764876 0 0.66694 0.574832 44.2473
1 0.0726307 0.0270505 0.873141 1 0.5 0.941526 31.5552
0.794881 0.291843 0.169301 0.958768 0.127792 1 0.323025 37.1085
0.528543 0.454133 0.803386 0.323909 0.126342 0.473876 0.933735 50.3042
0.505437 0.68962 0.5 0.703739 0.720797 0.141885 0.684603 40.7995
0.5 0.5 0.869908 0.5 0.139578 0 0.534281 41.6433
0.0589423 0.256857 0.688861 0 0.0647356 0.330095 0.148901 58.7129
0.612831 0.0505652 0.254326 0.436407 0.57652 0.250335 0.112181 48.3253
0.5 0.231292 0.133837 0.0730182 0.5 0.667076 0.317575 51.2865
0.215867 0.726955 1 0.596739 0.5 0.766298 1 25.9732
0.199029 0.735667 0.369492 0.711983 0.438363 0.939597 0.462978 42.1509
0.503957 0.50471 0.263603 0.885285 0.297827 0.44299 0.475705 47.1092
0.547863 0.5 0.818452 0.120864 0.37132 0.219097 0.314472 61.946
0.0839512 0 0 0.0965028 0.328665 0 0.287888 62.7727
0.474205 1 0.639011 0.967991 0.463964 0.902003 1 34.5462
0.489684 0.5 0.5 0.5 0.886703 0.771076 0.560872 38.1006
0.53403 0.704897 0.310555 0.788885 0.5 0.149845 0.594556 49.5577
0.872446 0.829541 0.622665 0.817766 0.785339 0.731537 0.622626 24.056
0.314788 0.530175 0.736004 0.388887 0.533859 0.582373 0.599368 40.6054
1 0.13409 0.681696 1 0.863583 0.5 0 37.4799
0.932119 0.919855 0.641516 0.766865 0.780496 0.5 0.5 33.42
0.5 0 0.56445 0.529869 0.0555485 0.165459 0 66.8407
0 0.0701464 0 0.72849 0.0296196 0.396112 0.587935 52.4222
0.841703 0.638714 0.353693 1 0.96537 0.493658 1 26.7183
0.436319 0.299705 0.453688 0.0713613 0.887499 1 0.5 45.9188
0.234511 1 0.372989 0.821958 0.268729 0.5 1 43.4822
0.0173572 0.359172 0.180736 0.160759 0.137699 0.381185 0.156126 63.3819
0.707144 0.661106 0.612996 0.00933489 0.213544 0.264912 0.0475441 56.525
0.542928 0.565079 0.5 0.532666 0.945154 0 0 51.604
0.416172 0.976333 0.254851 1 0.328974 0.937035 0.330421 43.8575
0.252978 0.90616 0.060514 0.800971 0.547422 0.873867 0.833516 34.7716
0.487792 0.490163 0 0.0791028 0.5 0.465117 0.834848 52.9212
0.423605 0.221582 0.281472 1 0.5 0.5 0.655615 38.6198
0.481805 0.0330607 0.194428 0.316127 0.764747 0.257375 0 60.4926
0.925709 0.734715 0.678966 0.119799 0.5 0.5 0.61821 42.9938
0.5 0.717534 0.0440752 0.5 0 0 0.791211 50.1833
0.566288 0.578722 0.5 0.781241 0.0136073 0 0.0431314 47.9863
0.508355 0.980864 1 1 1 0.928648 0.78416 22.4453
0 0.497694 0.418301 0.886961 0.729187 0 0.715911 45.8506
0.479379 0.249592 0.990803 0.5 0.297976 0.521068 0.669842 51.9686
0.202602 1 0.852086 1 1 0.602663 0.271077 34.4271
0.279192 0.287817 0.324505 0.927164 1 0.567401 0.224283 43.958
0.5 0.00744147 0.689644 0.581541 0.439536 0.482734 0.807713 56.1111
0 0.779992 0.696923 0.076996 0.74026 0.0590175 0.203686 51.5625
0.5 0.600614 1 0.359856 0.49145 0.5 0 43.9658
0.5 0.171498 0 0.897203 0.593099 0.706227 0.580799 42.8225
0 0.261602 0.542313 0 0.424579 0.315703 0.0585915 63.0294
0.223553 0.193863 0.605581 0.5 1 0.380978 0.819053 45.8979
0.5 0.0656902 0 0.543503 0.349656 0.705938 0.200259 52.4754
0 0.366846 0.0462548 0 0.5 0.022719 0.921375 57.7034
0 0.893905 0.533446 0.437961 0.651031 0.585518 0.510803 39.9212
0.5 0.165647 0.434056 0.775745 0.366969 0.279192 0.477525 54.0731
0.0708044 0.540618 0.5 0.5 0.434922 0.357563 0 52.7069
1 0.794923 0.5 0.896463 1 0.553192 0.5 38.2034
0.221878 0.456448 1 0.316463 0.5 0.158722 0.836967 37.2957
0.304305 0.915833 0.719211 0.267883 0.809817 0.277471 0.512409 45.5196
0.361644 0.299624 0.166995 0.699666 0.945721 1 0.517793 41.044
0.538481 0.241155 0.340033 0.577522 0 0.0440145 0 68.1502
0.30002 0.709966 0.772795 0.5 0 0.50035 0.0182793 56.3103
0.345909 0.181782 0.613818 0.385988 0.979222 0.5 0.379375 45.1761
0.513337 0.182 0.349116 0.646161 0.271539 0.180156 0 60.2826
0 1 0.697371 1 0.605142 0.714093 0.790208 28.962
0 0.802346 0.0047072 0.131563 0.580641 1 0.5 42.8601
0.872306 0.635074 0.440157 0.665774 0.246562 0.502762 0.22711 40.8895
1 0.867984 0.5 0.531564 0.822958 0.930485 0.208608 30.7576
0.513068 0.0253135 0.30845 0.55682 0.0685514 0.101276 0.231784 56.378
0.399756 0.86552 0.387911 0.453539 0.325389 0.936706 0.5 47.449
0.485673 0.203098 0.360361 0.503917 0 0.774545 0.314391 59.5834
0.621504 0.133467 0.682673 0.188081 0.732125 0.424661 0.276823 40.127
0.5 0.457727 0.289799 0.293656 0.46985 0 0.412908 49.4129
0.207535 0.220908 0.849158 1 0.717179 0.837104 0.69772 33.657
0.432299 0.24367 0.289408 0.313511 0.00467784 0.0487815 0.232588 59.9999
0.869436 0.095371 0.00476479 0.78742 0.323638 0.5 0.353977 57.2502
0.465924 0.445658 0.434101 0.5 0.731569 0.893115 0.908635 43.7928
0.424399 1 0.613898 1 1 0.885123 0.721557 33.6748
0.149319 0.5 0.5 0.754075 0.221711 0.50654 0 34.9195
0.868791 1 0.575023 0 0.855159 0.967849 1 35.636
0.733469 0.923647 0.603252 0.992107 0.457605 0.818385 0.887408 32.7689
0.667899 0.5 0.517889 0.5 0.660634 0 0.527828 46.6728
1 0.908968 0.5 0.415458 0.2 0.5 1 28.6586
0.399234 0.766724 0.0548216 0.25496 0.726933 0.21144 0.00591631 46.9262
1 0.833149 0.365839 0.868012 0.741116 1 0.758444 23.6596
0.580576 0.204995 0.5 0.5 0.702046 0.441323 0.5 48.032
0.5 0.023504 0.749439 0.497364 1 0.434394 0.362272 44.5725
0.684602 0.5 0.352987 0.783452 0.977659 0.189043 0.114469 39.0539
0.459279 0.618172 0.5 0.695334 0.374649 0.343912 0.427312 48.3293
0 0.5 0.448298 0 0.19778 0.306345 0.130655 63.5218
0.6282 0.0585781 0.168695 0.618771 0.0900718 0.0407161 0.662541 52.842
0.550597 0.518422 0.00739004 0.5 0.736635 0.5 0.569245 51.7403
0 0.715211 0.5 0.466703 0.330719 0.435731 0.484637 44.9601
0.580874 0.345561 0.9358 1 1 0.601757 0.2037 28.2541
0.693648 1 0.159852 0.319197 0 0.569051 0.343956 44.3775
0.00841523 0.224067 0 0.739302 0.594408 1 0.912663 37.0323
0 0.701923 0 0 0 0 0 61.7023
0.155012 1 0.287923 0.5 0.998543 0.269379 0.5 44.4447
0.79774 0.00716642 0.133039 0 0.5 0.372692 0.409511 52.7492
0.64224 0.0986301 0.831888 0.712682 0.146984 0.170823 0.837383 38.7056
0.970502 0.878943 0.592117 0.5 0.633321 0.699365 0.339358 35.3448
0.641283 0.826121 0.278524 0.834607 0.743034 1 0.937538 28.7027
1 0.318565 1 0.904103 0.5 0.903948 0.919307 22.5955
0.853211 0.260127 0.604472 0.145595 0.235756 0.150349 0.6539 51.2056
0.329152 0.5 0.558085 1 0.889094 0.5 0.837336 30.0504
0.5 0.5 0.77916 0 0.5 0.947874 0.5 41.9656
0.880342 0.571923 0.441013 0.636778 0.86342 0.663434 0.784032 37.8387
0.966728 0.255426 0.780171 1 1 0.597703 0.734008 34.6837
0.621164 0.630164 0.5 0.272084 0.158199 0.45813 0.5 47.2495
0.516062 0.719921 0.5 0.687955 0.636694 0.513294 0.714028 40.0494
0.110428 0.78711 0.5 0.949808 1 0.0539177 0.646259 30.38
0.360836 0.771704 0.706789 0.579597 0 1 0.5 42.1273
1 0.422451 0.5 1 1 0.557792 0.319303 31.8455
0 0.209551 0.414742 0.532412 0.231923 0.901048 0.523669 42.4931
0.5 0.572202 0.740748 0.914603 0 0.931812 0.691417 43.4055
0.573695 0.77039 0.75449 0.747054 0 0.887793 0.298238 40.2386
0.5 0.565967 0.314688 0.50651 0.263418 0.128863 0.5 50.2627
0.117781 0.0801512 0.291141 0.731339 0.20147 0.478499 0.502114 50.407
0.917124 0.994961 0.556368 0.604701 0.5 0.701559 0.640471 38.7517
0.643905 0.699981 0.67702 0.5 0 0.305703 0.889082 35.0991
0 0.893186 0.902721 0.298441 0.139381 0.119856 0.262017 48.0821
0.5 0.757111 0.855566 0.32269 0.5 0.00385461 0.235492 51.716
0.578953 0.912722 0.896982 0.635544 0.360855 0.162903 0.26843 37.9048
0.509924 0 0.174862 0.401361 0.307556 0.822893 0.986162 41.9467
0.853634 0.604152 1 0.616325 0.545275 0.841453 0.413472 34.3739
0 0 0.965806 0.736328 1 0.878781 0.556713 34.9237
0.5 0.144243 0.771067 0.682315 0.219818 0.694969 0.879453 37.1417
0.561416 0.0263673 0.5 1 0.287974 0.503296 0.593135 42.7245
1 0.406871 0.857451 0.0353256 0.665233 0.642309 0.301646 36.0958
0.5 0 0.830454 1 0.0530696 0.523823 0 50.3712
0.694556 0 0.831507 0.498796 0 0.3871 0.5 40.5586
0.5 0.427556 0.477975 0.401678 0.5 0.5 0.819803 47.9727
0.875608 0.902201 0.297851 0.78682 0.971978 0.596591 0.5 28.2637
0.72637 0.624304 0.872278 0.695398 0.361018 0.638503 0.997719 31.7974
0.182176 0.220846 0.219673 0 0.24111 0.348305 0.5 48.5358
0.480179 0.401638 0.742043 0.820514 0.747344 0 0.329059 44.2805
0.920475 0.532202 0.536831 0.487562 0.213955 0.5 0.541885 45.9739
0.925991 1 0.0252681 0.715812 1 0.74371 0.915303 26.3974
0.5 0.5 0.105586 0.5 0.963241 0.720399 0.535642 46.8648
0.848801 0.5 0.46782 0.957698 0 0.849485 0 41.8974
0.886999 0.456861 0.5 0.352073 0.402581 0.316388 0.812174 42.6069
0.736745 0.647869 0.844478 0 0.262662 0.724691 0.572151 31.436
0.746755 0.967868 0.738592 0.0760915 1 0.685307 0.314888 32.7248
0.5 0.580584 0.650193 0.413072 1 0.5 0.5 45.8302
0.330629 0.95567 0.0998524 0.954872 0.574085 0.919067 0.603042 36.7304
1 0.935829 1 1 0.807109 0.157855 1 28.4542
0.512596 0 0.153664 0.936207 0.65875 0.179994 0.278519 49.7432
0.453829 0.58053 0.983582 1 0.509303 0.991543 0.570881 36.4744
0.392793 0 0.580518 0.593741 0 0.5 0.24904 68.2099
0.58318 0.443282 0.473098 0.943485 0.72319 0.948324 0.173164 32.674
0.556938 0.168627 0.5 0.5 0.407326 0.5 0.0155349 54.05
0.301145 0.5 0.5 0.462874 0.494685 0.674695 0.5 47.8568
0.728798 0.684107 0.577574 0.172967 0.128997 0.80115 0.32387 39.5227
0.581846 0.747988 0.133916 0.405224 0.120075 0.756881 0.832624 34.7169
0.748482 0.859633 0.5 0.5 0.848343 0.506309 0.725156 34.1279
0 0.174115 0.464947 0.344754 0 0 0.110114 56.3049
0.5 0.370985 0.355542 0.4167 0.534499 1 0.451521 53.8327
0.5 0.539072 0 0.701325 0.638215 0.658741 0.5 39.473
0.155786 0.403412 0.851234 1 0.684959 0 0 51.7211
0.197649 0.687416 0.790278 0.5 1 0.5 1 45.8233
1 0.765934 0.806772 0.845075 0.245018 0.577092 0.451766 36.5822
0.227629 1 0.989904 0.5 0.878375 0.922152 1 30.4249
0.646516 0.414885 0.378444 0.111663 0.106637 0.292484 0.619591 58.8992
0.847653 0.394267 0 1 0.995746 1 0.556947 28.9161
0.479974 0.929188 0.798312 0.597002 0.7445 0.715446 0.38478 39.2776
0.5 0.714823 0.661053 0.80458 0.212829 0.591636 0.896314 35.2194
0.438824 1 0.359792 0.576663 0.5 0.0416463 0.2305 42.7064
0.533663 0 0.236074 0.674269 0.665125 0.749687 0.41909 58.4524
0.429054 0.143984 0.728733 0.0291973 0.0390438 0.238102 0.16065 56.7598
0.486922 0.245564 0.454021 0.97451 0.5 0.831572 0.507253 38.3763
0.530225 0 0 0.180104 0.772275 0.5 0.889977 45.4715
0.5 0.76669 0.569609 0.45608 0.518214 0.5 0.5 33.0178
0.658751 0.791379 0.79963 0.689881 0.0140097 0.615355 0.0795602 40.1631
0 0.702348 0.0904083 0.108576 0.0559161 0.848999 0 48.8111
0.306241 0.274752 0.200073 0.697127 0.397941 0.325644 0.287005 51.3537
0.162848 0.421213 0.550988 0.682847 0.548331 0.153662 0.558582 43.0348
0.105432 0.603318 0.682523 0.5 0.443719 0.5 0.361049 50.1464
0.927432 0.716396 0 0.693198 0.297736 0.381932 1 36.5948
0.068296 0.144695 0.87172 0.207285 0.605171 0.0556481 0.00815964 62.1302
0 0.890115 0 0.251583 0.5 0 0.176383 59.4791
0 0.5 0.542112 1 0.513929 0.170062 0.75119 31.3037
0 0.5 0.5 0.494274 1 0.0967755 0.686913 44.5277
0.842042 0.564399 0.5 0.815961 0.287407 0.408975 0.5 39.5818
