316 3.69823
354.241 3469.6 7.96056e-13
3673.45 3.448e-06 1107.3
984.112 3150.22 697.895
3040.97 1014.9 746.196
2049.77 2368.41 1319
1094.44 3087.52 572.593
3.90621e-08 4167.71 0.0560203
1.67615e-07 3352.4 911.761
1272.93 2714.71 1448.36
2290.83 7.52375 2546.03
0.383709 3700.97 8.44749e-13
191.248 3497.25 7.99443e-13
933.421 2777.21 1575.74
3399.77 0.470326 895.63
2526.52 0.0918883 2837.95
2718.76 4.03848e-10 2744.15
1.54805e-08 6.19204e-07 4221.19
0.818735 3341.32 579.633
1806.91 0.000201115 3496.2
2049.77 2368.41 1319
2718.07 32.5688 1609.98
55.7686 3278.01 1380.58
1514.99 2.4229 2963.01
21.9193 1273.98 3277.73
6.49194e-09 3581.54 2188.6
35.0071 3115.68 1675.77
3262.9 2.53404 258.393
3464.16 3.25155e-06 1355.55
5.90187e-07 1.50384e-07 4150.64
1958 3029.57 0.000113253
9.14217e-06 5002.95 5.5541e-12
2154 2471.22 3.6544
0.179032 0.303821 3344.26
3943.67 4.66278e-10 1511.31
51.7462 3536.96 24.4822
8.1654e-06 4468.42 1.5158e-10
1514.99 2.4229 2963.01
1743.69 1927.17 2198.4
21.8832 3308.13 1393.1
3.91611e-08 4499.67 0.00107704
4155.7 6.95555e-08 0.0001899
0.000134501 4440.04 6.85274e-07
1743.69 1927.17 2198.4
3464.16 3.25155e-06 1355.55
2154 2471.22 3.6544
0.000134501 4440.04 6.85274e-07
3296.75 3.89789e-10 2634.43
5.95833e-09 3376.92 2489.38
1.67615e-07 3352.4 911.761
1958 3029.57 0.000113253
4625.33 7.94578e-10 0.00021136
2213.78 1991.29 1675.9
1468.29 4.82231 3013.73
1325.33 2670.33 8.5795
7.26507e-09 4008.07 95.2642
1.67615e-07 3352.4 911.761
2536.71 3150.49 9.23231e-13
1.55649e-07 3113.08 1928.97
1468.29 4.82231 3013.73
362.3 3218.04 0.134149
1915.83 2174.6 1732.61
2630.48 0.370471 2109.74
0.00974851 3834.98 8.75336e-13
1797.37 739.171 2020.38
2060.86 0.0749524 2853.28
1934.56 3057.69 0.0455664
5.14038 2544.96 2549.05
680.896 2421.8 2162.54
3423.28 0.124503 18.5532
2906.25 2364.77 8.55207e-13
4352.06 0.00962932 9.93362e-13
1551.18 3037.19 1.15203
5.90187e-07 1.50384e-07 4150.64
585.666 1291.87 2877.97
2597.32 1.13312e-09 2621.58
546.77 1290.41 2957.27
1468.29 4.82231 3013.73
0.0253842 1851.65 3403.86
5.95833e-09 3376.92 2489.38
13.5306 2546.96 2189.45
2174.8 2220.98 1557.38
2342.15 0.118599 2694.24
8.33751e-09 2182.91 2904.08
4.15177e-11 1.3124e-07 5140.74
3041.92 0.0884382 2373.72
3152.11 145.874 217.744
2.83517e-09 4063.44 746.572
3262.9 2.53404 258.393
5.04482e-06 3.47954e-07 3926.35
4.70652e-09 4.72306e-07 4226.96
0.818735 3341.32 579.633
0.00358082 10.21 3573.57
6.57679e-09 3727.44 2045.28
1467.68 254.3 3022.29
999.293 1080.31 2850.58
3833.64 90.444 8.75275e-13
6.67056 1893.72 2487
4431.64 5.23972e-10 11.5072
2509.05 3.33153 1844.47
4301.09 1.8568e-09 9.23598e-07
84.2579 1747.12 2749.62
8.86254e-13 7.56319e-07 5201.36
0.000920086 4068.69 28.9136
2.29533e-08 1.27544e-07 5076.22
8.00314e-07 8.29048e-13 4255.69
1.19989e-08 3141.53 1919.72
4677.73 6.73533e-10 1.00447e-06
3148.02 555.734 7.29648e-13
0.00232931 4952.89 1.1305e-12
7.75822e-06 4245.59 0.0164282
4156.57 0.175302 9.48741e-13
2.66262e-10 64.7856 3938.74
7.23396e-11 5.96769e-07 4698.97
2808.97 4.29908 1468.22
32.7312 4.63232 3138.89
1.15323e-12 7.54103e-07 4009.96
4.61208e-09 3465.71 2500.78
6.44302e-07 2.17381e-08 4393.41
3370.19 1.66726 3.92964e-11
7.70173e-07 8.77274e-11 5248.73
1.52104e-08 3982.35 70.1914
5.04482e-06 3.47954e-07 3926.35
984.112 3150.22 697.895
1.00058e-07 8.91782e-08 5250.07
5.60879 3547.39 13.2803
2242.55 10.0258 2145.66
0.00358082 10.21 3573.57
0.262773 2806.03 1740.42
4.61208e-09 3465.71 2500.78
0.000132376 1.96632e-17 4091.55
6.49194e-09 3581.54 2188.6
2597.32 1.13312e-09 2621.58
5.15286e-05 9.05863e-15 4711.5
1998.44 2332.75 1538.98
4514.32 2.64384e-09 2.45593e-11
3869.27 2.46102 8.83164e-13
6.2158e-17 7.63634e-07 5002.98
1610.11 0.132869 3149.06
1938.81 2.87993e-10 3839.74
1797.37 739.171 2020.38
298.072 7.72832e-10 4081.88
4266.81 5.00348e-10 169.293
635.628 2262.83 2356.26
4348.51 6.2613e-10 1.44613
2.35414e-09 4393.24 1683.27
4115.82 4.86631e-10 690.875
4571.07 3.11301e-10 66.1561
2.55629 1436.76 2837.53
3186.96 188.602 7.86083
2.80282e-15 3.44336e-05 4211.92
3241.81 4.81543e-10 2711.59
3817.69 1.64812e-09 48.3023
2175.36 726.006 2296.99
2007.18 2.25253 2682.12
2375.95 3.63636 2617.76
3186.96 188.602 7.86083
2874.51 3.39866e-10 3292.7
2866.27 950.595 1456.16
44.7327 2445.82 2405.37
6.0176 2067.51 2792.01
2501.24 3.23166 2010.93
170.888 2666.98 1603.59
2504.48 2.48415e-10 3845.52
0.179032 0.303821 3344.26
6.49194e-09 3581.54 2188.6
2447.95 2089.02 585.936
5.76034e-09 4003.26 1838.31
2242.55 10.0258 2145.66
3673.45 3.448e-06 1107.3
5.95833e-09 3376.92 2489.38
1.25432e-07 6.13388e-08 5469.24
1743.69 1927.17 2198.4
0.00203512 4620.04 3.16713e-11
4618.34 8.8073e-10 1.01619e-10
4.87635e-07 3.95469e-07 4278.73
625.706 2476.37 2195.64
6.95044e-07 6.44832e-10 4736.73
2845.18 1170.08 19.3323
2100.59 124.312 2394.83
2477.58 1840.38 1480.05
3194.5 10.6597 69.9413
2338.16 2.76451e-10 4009.2
1.35404e-07 3613.47 634.818
172.93 2365.71 2480.06
3210.87 38.4737 59.9793
7.65535e-08 9.47797e-08 4772.31
69.8796 3152.95 1376.53
4.87635e-07 3.95469e-07 4278.73
1711.32 574.765 2437.85
8.40693e-10 6244.92 0.00122909
1668.88 3128.25 0.0446507
7.87641e-09 4514.57 1.53145e-10
2175.36 726.006 2296.99
2938.93 0.225991 1738.85
2.42377e-09 4383.32 2678.55
2.64567e-09 3791.85 2904.74
999.293 1080.31 2850.58
2631.56 2625.53 8.48483e-13
169.176 3411.54 15.6338
3054.31 2264.76 0.187668
4876.42 2.85285e-10 61.6975
2002.67 3.06506 2676.09
935.427 2082.56 2288.68
1872.76 755.667 1902.48
1093.56 953.61 2872.01
7.87641e-09 4514.57 1.53145e-10
7.47266e-08 9.78044e-08 4821.27
4.03183e-09 4235.26 0.0297802
3.7973e-09 4502.44 116.673
0.334509 3572.05 21.0135
3145.84 220.329 134.334
1.31633e-07 1.82749e-09 5156.61
8.64272e-07 2.00577e-14 4826.73
3829.66 5.68863e-10 79.4403
2643.45 1710.69 1411.7
975.715 2903.05 1467.25
5460.3 6.50358e-10 0.0632382
4303.3 4.93354e-10 111.915
8.04468 3639.99 8.30833e-13
6.87189e-09 3791.16 154.429
2173.12 3362.42 3.38676e-07
2.35414e-09 4393.24 1683.27
1.09268e-06 1.78966e-14 5845.62
5.04482e-06 3.47954e-07 3926.35
3145.84 220.329 134.334
2362.19 2125.52 1.07343
1958 3029.57 0.000113253
3305.72 5.2868 78.7769
1791.78 0.000864982 3210.26
4431.64 5.23972e-10 11.5072
1.59159e-09 1887.14 2989.64
1136.37 461.058 2559.89
902.024 1530.75 2366.67
2049.77 2368.41 1319
3062.21 263.393 1379.17
168.986 3578.48 0.148404
0.00212731 4469.1 3.06366e-11
6.74186e-07 1.49714e-09 4594.59
7.30359e-07 5.58517e-10 4977.4
1.01147e-05 5004.64 1.14231e-12
7.7494e-10 6.8268e-07 3630.17
2623.73 1.84772e-10 3785.64
3860.05 0.103208 1.77115
8.89021e-10 6603.91 6.77142e-05
9.04985e-09 4847.24 1.23743e-11
5.19941e-09 5461.75 0.000637026
4154.72 1.58495e-08 15.1812
2267.79 3.36861e-10 3323.82
999.293 1080.31 2850.58
120.66 0.0169934 3294
562.317 3027.52 736.033
1374.55 3051 5.70832
1.48388e-07 2.43896e-11 5812.42
2.44146e-09 4668.4 0.0328258
3.87367 2629.98 2634.2
2.65199e-09 3800.91 2832.45
1310.46 3192.3 21.6853
3737.89 0.517102 1.75216
3.35366e-09 4634.01 2.58555
1514.99 2.4229 2963.01
7.22137e-09 4092.76 28.3931
4158.2 1.07813e-08 2.12152e-11
1.09268e-06 1.78966e-14 5845.62
4.61208e-09 3465.71 2500.78
3230.86 0.0015597 1489.51
3111.45 0.0255358 1452.1
1.76162e-18 8.08212e-07 5295.03
80.5185 3159.11 22.3572
2321.76 3.44877e-10 3136.87
2616.5 1.53073e-10 3832.03
2631.56 2625.53 8.48483e-13
5.6531e-07 6.93585e-09 4451.6
476.026 1326.88 2764.68
3545.82 1.54691e-09 1446.74
8.04468 3639.99 8.30833e-13
5.43296e-09 5707.09 0.000161586
8.78158e-10 6523.22 0.00128386
1.02912e-17 8.08375e-07 5296.11
1.59586e-07 2.62303e-11 6251.08
5831.23 6.94538e-10 0.000355622
3187.91 602.164 7.4051e-13
0.000139146 2.06689e-17 4300.81
4910.58 5.806e-10 12.0602
1026.09 2088.34 2332.6
5.70737e-09 5995.34 0.000699261
1224.07 1076.04 3186.86
1.06979e-05 5293.24 1.20819e-12
2.61735 1471.08 2902.43
763.785 2716.62 2509.15
1.82118e-07 3642.47 990.65
2152.31 868.469 2186.48
1825.68 613.174 2600.76
985.82 2769.47 1641.83
2950.43 1385.52 569.761
2366.8 3.51568e-10 3701.22
3298.06 163.897 147.325
130.742 3362.55 2428.18
1298.12 526.683 3008.68
3132.54 273.026 1410.98
7.24584e-09 4106.62 28.4893
