3 0.0906319
2.34418e-14 382.834 973.998 1046.53 608.624 1600.28 2603.05 0
1.50017e-14 8.28398e-14 0 0 1.45627e-13 0 2747.09 2747.09
4.29392e-14 7.95071e-14 7.27127e-14 1894.16 1798.46 3069.69 0 0
97.3943 83.6686 0 387.369 788.019 1545.03 1781.75 1053.91
1.12549e-13 1838.06 1091.32 2318.46 582.498 0 2634.83 1410.5
1196.21 564.663 0 812.241 3102.63 1030.15 0 0
654.696 985.787 1524.57 1867.25 0 469.673 2680.95 689.274
543.481 543.481 668.707 160.864 210.313 3177.87 1346.47 0
1311.83 474.709 517.591 116.3 501.538 1353.59 2393.59 0
1.77867e-14 290.478 62.2477 331.185 294.576 510.545 1758.72 2991.14
1071.4 2360.31 1475.99 0 0 0 1299.41 0
1612.63 1612.63 1397.54 599.158 1742.19 1720.89 0 754.43
279.518 1783.29 256.042 2111.64 0 1681.22 929.248 151.097
58.8321 699.691 395.101 0 766.843 1733.69 1525.26 3050.16
1.77051e-14 3.81959e-14 0 687.542 590.34 0 0 3093.23
961.403 961.403 684.292 187.36 1795.17 1543.52 2398.08 0
510.004 1491.04 0 1575.85 2920.11 0 0 0
3.51739e-14 574.434 639.319 191.06 1099.2 2926.31 0 0
190.302 601.736 192.132 3630.55 455.993 87.4113 280.347 1597.03
531.599 687.962 1006.08 1366.38 4.54527 618.51 1081.6 2407.84
3.35853e-14 3.41631e-14 1.79665e-14 835.592 2058.33 2305.67 126.873 2479.85
5.21137e-15 4.23053e-15 109.621 259.562 162.253 3839.77 0 0
1678.94 1864.65 2502.34 1385.58 280.219 0 1682.87 1134.22
121.652 1703.86 1655.98 2505.32 0 683.146 2420.45 0
125.994 102.884 0 138.404 2661.32 0 0 1141.62
360.071 482.192 1507.59 371.813 0 2939.2 0 1007.96
1399.89 486.645 1751.9 855.658 0 1324.12 2117.8 0
1296.23 701.356 1649.97 1562.8 1386.47 0 625.095 1706.76
1.43558e-13 8.40534e-14 2716.77 1938.94 795.287 0 0 0
683.675 590.568 1798.64 0 2012.78 0 0 1578.21
546.934 546.934 957.914 0 0 363.357 1316.18 2676.8
9.70417e-15 4.20208e-14 704.313 704.313 996.049 2633.96 0 0
1.28461e-13 5.08265e-14 2256.17 1020.62 0 0 1281.62 0
1342.7 2048.22 0 0 184.991 1576.97 2390.31 964.005
9.17764 164.402 8.21354 614.094 2167.47 797.051 2679.63 803.142
164.716 0 291.891 75.3647 118.463 647.651 2600.13 1529.46
2.99813e-15 7.54748e-15 1.41885e-14 4.50222e-14 7.1757e-14 1408.97 3053.17 0
126.631 32.2221 865.232 1257.69 0 0 0 1469.45
183.509 257.125 315.894 31.3657 303.518 3590.21 524.547 0
1611.7 662.919 0 261.757 1535.73 382.777 0 2368.66
53.5955 552.538 955.218 311.601 1612.95 1979.72 762.988 2641.04
1291.31 1245.16 0 962.603 862.402 1312.86 2571.35 219.126
86.0436 89.9622 1178.94 1248.17 0 1081.72 1852.85 2570.95
189.105 1865.46 711.514 602.391 0 2094 1412.78 0
469.124 189.03 118.329 693.204 1518.12 2541.69 3084.67 0
5.58556 70.4661 9.77403 54.0918 832.865 886.039 1219.32 4134.53
475.993 441.302 2328.85 546.594 1024.05 1073.93 1295.93 1776.14
46.5362 8.65038 287.069 607.084 455.327 426.163 691.252 3086.89
636.412 0 636.412 340.058 1283.61 1216.24 178.415 2020.99
135.127 159.669 1424.57 1733.14 2253.2 1014.05 1075.86 63.498
6.9677e-14 3.46152e-14 1270.6 489.864 403.251 442.713 574.152 2542.94
563.808 101.035 1633.96 501.879 418.068 4618.57 969.352 0
2.58146e-14 3.72074e-14 739.57 739.57 8.62216 3954.83 132.76 1491.03
1783.62 583.455 1927.53 443.467 292.782 894.857 0 0
667.013 679.371 952.077 969.145 683.948 1759.22 2250.38 0
2461.73 2461.73 426.521 0 0 1122.64 0 0
31.237 16.0583 2851.21 0 0 0 0 444.254
216.329 216.329 241.743 295.128 2165.5 0 963.239 2771.85
732.836 965.01 914.71 1300.1 1571.53 0 1443.18 0
1.14189e-13 1864.86 0 276.097 803.437 1808.56 0 2733.19
182.25 1655.7 915.328 2523.45 2662.8 845.666 835.777 3956.12
1322.03 173.709 2568.16 610.504 0 1844.54 243.186 1099.37
1.76755e-14 1.18133e-13 9.78749e-14 0 2521.97 1713.24 0 232.04
272.949 678.829 126.049 84.4799 498.612 32.6696 2797.87 2306.44
3.31309e-14 541.069 513.681 831.954 427.958 792.924 2742.45 1273.25
39.565 248.113 663.696 481.623 1698.94 776.525 1112.96 1190.31
134.829 152.921 0 87.2234 2997.1 1645.76 1640.23 55.7145
2.01155e-14 1.03669e-13 1724.63 1536.85 0 1317.07 265.278 3456
521.268 473.17 345.075 506.264 0 2815.59 0 602.353
540.741 2692.98 0 0 0 0 0 1487.71
6.15164 49.4482 19.9912 66.0123 156.09 827.166 771.731 3238.39
3.74947e-15 3.74947e-15 1.77167e-15 5.00223e-14 822.012 1855.68 1378.81 2453.64
1.40369e-13 2292.4 0 2292.4 943.898 2059.45 0 0
8.31518e-14 1357.97 2265.37 1080.34 1219.18 109.758 758.702 737.454
6.03955 6.34588 1.25694 4.55335 466.927 2377.22 613.314 3386.61
288.863 978.56 1020.3 1442.93 2054.68 637.142 805.178 0
2.34061e-14 382.25 388.088 1371.79 2208.66 1251.65 0 0
381.452 0 186.163 179.8 460.967 1600.06 1727.77 2702.09
2.79323 13.7133 10.4756 11.5048 305.438 282.218 3721.04 411.177
2.97986e-14 486.649 486.649 688.225 0 1417.89 1376.47 2202.81
3.00895e-14 491.399 221.832 1416.82 1515.93 1443.45 2455.61 872.469
414.363 724.884 271.294 921.642 268.965 459.741 2745.15 3072.41
111.723 212.662 57.6783 97.5366 817.457 1617.48 44.0136 2690.76
935.562 1012.29 429.731 245.539 29.5705 1708.96 1524.48 2775.4
112.372 99.449 41.2148 1577.4 633.411 863.902 0 4030.94
76.3084 439.392 445.969 630.695 66.276 0 3836.22 0
407.254 1492.25 1129.27 956.163 1049.21 345.995 2408.88 1834.84
778.287 0 185.148 617.805 1010.79 1284.21 2666.47 0
900.987 581.04 1472.41 0 1276.03 0 2223.88 1272.33
286.712 331.924 567.363 1284.92 0 1183.96 1809.27 2187.5
6.5599e-14 3.29957e-14 1199.2 243.881 2490.9 594.845 725.126 406.463
509.331 509.331 668.015 1199.88 1265.2 0 2001.38 2830.38
3.9252e-14 3.92283e-14 1.14571e-13 1.52705e-13 3246.79 278.54 358.701 574.648
53.3912 12.5445 476.008 543.023 874.818 0 1922.76 2894.16
84.0183 0 280.226 1386.82 43.8698 752.712 868.477 3899.93
3304.01 611.139 1246.32 1624.95 866.077 1091.54 580.645 79.737
55.0877 55.0877 0 154.824 363.606 3659.95 0 377.046
7.78931e-15 3.00633e-15 1.59399e-14 6.84613e-14 1156.03 1572.91 3169.94 1012.86
1.61094e-13 1.61094e-13 0 3720.6 1333.62 0 356.988 1244.86
5.04915e-15 5.04915e-15 2.78477e-14 469.501 1446.1 1520.41 2596.6 0
278.439 292.928 826.596 476.418 1036.13 1232.42 348.418 3967.51
46.8529 46.8529 859.555 1852.8 206.094 1347.42 58.5247 2457.14
128.4 0 11.6411 179.004 220.6 3059.71 1719.72 0
6.89525e-14 1.84994e-13 3224.22 1162.89 1339.05 0 569.243 0
4.78857e-14 7.05207e-14 1392.11 433.407 1596.91 0 200.54 2171.67
764.547 764.547 144.647 387.019 705.804 3147.29 681.477 982.056
59.3767 1516.11 533.395 924.985 1855.32 0 771.227 2016.05
355.032 124.828 1078.95 1142.7 1737.62 1431.15 0 2771.11
6.75362e-14 6.75362e-14 1559.81 1043.54 1876.69 1055.73 2856.31 0
69.7993 111.644 290.294 430.827 2462.28 132.069 474.714 2567.65
1570.5 1143.69 541.583 468.906 895.338 1392.97 2108.44 1841.93
3.80883e-14 622.029 655.686 2099.86 1349.16 1969.47 1272.7 0
55.1545 56.8068 83.3327 185.038 0 1204.16 2168.86 2490.26
198.804 197.916 193.445 1431.62 2286.54 1539.52 1203.52 3079.52
3.6905e-14 602.704 0 378.371 867.149 0 545.63 4282.94
493.179 212.327 1258.41 1295.97 1828.17 0 1825.72 861.866
59.5701 9.58727 60.3367 223.31 322.366 243.877 1167.61 4384.58
504.456 52.3523 2570.58 0 342.6 0 0 0
68.3615 37.6285 490.546 0 1853.86 1431.13 4177.47 1259.66
6.03212e-14 6.2505e-14 1.35606e-13 1.22989e-13 3309.28 905.486 1018.85 673.445
72.1528 203.529 200.982 1673.69 1699.49 0 1703.32 2177.8
342.446 591.663 0 1042.03 1246.26 2463.83 559.933 3217.21
7.78219e-14 9.447e-14 1998.88 613.862 247.919 996.913 1611.29 1019
402.87 213.914 130.88 726.654 785.103 0 2764.06 1741.24
551.921 503.264 746.921 2770.7 0 1497.16 1875.97 160.467
1.30967e-29 2.13885e-13 6.19355e-14 3636.51 0 0 162.564 0
100.863 56.0997 14.7115 522.35 763.094 2340.88 3481.9 488.407
423.506 423.506 146.616 629.311 1706.84 1624.39 0 2140.11
533.037 123.453 68.2563 92.847 530.838 2901 1403.07 494.256
71.5976 146.877 572.739 2560.98 2629.33 260.737 210.668 1324.36
21.1228 32.2657 205.323 123.526 1408.31 0 1196.44 2241.09
223.348 1116.44 468.625 1172.33 0 718.006 2670.62 207.291
18.9706 791.04 758.241 1680.32 0 2006.12 0 0
609.276 609.276 429.208 1831.43 1182.5 639.288 606.636 1742.5
47.511 75.5315 50.9045 23.8134 687.475 2343.95 2060.05 2094.23
1.674e-15 6.62585e-15 111.608 543.554 492.874 160.767 981.145 2964.74
3.26963e-14 533.971 1352.51 1955.35 2436.76 1751.42 855.976 0
257.063 1046.25 426.862 1679.05 2040.13 359.434 3105.57 0
2.85373e-32 5.03225e-31 5.04034e-31 1.16411e-14 7.8008e-14 1288.07 3948.27 0
1.22478e-30 2.00021e-14 1.28649e-14 388.392 159.536 3351.44 0 281.956
627.163 399.555 1218.13 1619.63 197.177 407.83 2039.62 0
4.69206e-14 3.76647e-14 3.34312e-14 0 1124.11 941.958 3050.58 1926.01
52.0233 472.818 264.524 916.256 3433.74 119.893 0 0
1527.44 212.269 565.478 2505.98 0 1363.52 1655.48 0
123.947 266.589 1641.92 34.9663 0 165.58 2172.74 2035.06
800.555 1419.02 414.017 431.16 330.353 0 3313.72 552.493
663.102 584.554 1286.46 1744.16 0 0 2340.61 947.839
6.67495e-14 6.40756e-15 0 8.69373e-14 1793.07 2822.72 0 0
1558.04 468.482 194.236 1457.96 2042.1 1748.08 2445.03 2125.11
276.91 276.91 753.498 304.102 1382.64 2808.57 637.413 623.567
1124.35 1606.21 0 1057.07 960.888 0 785.366 2810.88
130.16 347.965 27.392 743.647 2514.92 2443.71 1932.83 2806.99
1.09084e-14 2.15795e-14 394.888 2491.72 0 945.213 1667.85 1563.02
135.731 135.731 197.52 275.427 2128.39 540.305 0 2230.18
583.954 583.954 825.835 1514.44 910.061 0 0 3129.2
877.186 1289.7 1018.25 0 1148.61 2042.53 0 2993.47
55.2683 18.4516 262.57 268.958 361.794 353.301 2338.59 2422.69
4.22801e-14 4.75082e-14 1038.63 1334.22 1690.82 120.112 1413.21 1631.99
3.5252e-14 1.51753e-13 6.25119e-14 3.73057e-14 2808.37 2465.37 63.7838 355.772
1.00315e-14 7.23366e-14 1192.65 1192.65 293.518 748.055 1868.31 2480.65
28.3497 32.5316 13.9626 109.826 374.528 0 1594.24 3280.09
50.9171 208.77 239.585 0 853.28 695.438 2918.01 2125.79
350.016 458.967 387.404 1733.28 1521.02 1979.61 2304.43 717.508
93.5213 0 1023.61 345.838 1084.49 500.782 1891.6 2063.2
2.59525e-15 1.28777e-13 4.33364e-14 1.35898e-13 3138.68 891.043 0 2957.17
1132.08 703.674 0 786.013 1547.44 1287.92 2290.31 1181.7
406.022 125.142 80.0842 1629.49 1685.87 2384.18 0 1072.92
1009.39 1009.39 915.605 792.557 816.909 1722.43 2671.76 0
1.63771e-14 1.63771e-14 378.243 852.58 2353.33 1366.6 1245.23 0
60.8777 60.8777 75.3106 70.0151 1287.97 306.542 3487.45 974.267
264.925 241.445 1017.49 1417.85 2027.38 1174.7 1211.28 2640.12
4.25788e-14 695.364 0 763.265 955.347 445.707 1475.62 2058.97
227.202 1212.07 776.662 1457.37 0 1523.03 1799.94 0
191.294 0 111.19 145.468 989.111 4534.33 0 1356.15
862.428 534.369 483.915 1011.43 1512.12 2117.48 349.907 0
63.4566 99.4692 495.76 1573.89 870.514 2169.7 1245.37 1681.05
416.995 1115.55 1768.84 2132.4 0 0 0 448.2
822.703 0 2026.12 505.493 1206.39 2338.38 2222.05 1170.58
151.477 0 915.942 928.383 309.335 871.08 892.321 2177.99
41.0939 6.44996 52.6864 1941.81 1672.7 0 3181.22 1148.46
9.70811e-14 5.60269e-14 3.37161e-14 0 1.00192e-13 2516.22 1037.6 2721.76
3.60855e-14 5.50598e-15 9.91415e-14 1.68659e-14 1747.21 1747.21 1472.35 756.165
667.409 398.877 711.125 198.583 1072.23 1476.09 2116.17 76.9563
1.04184e-13 1701.45 115.062 1064.54 840.649 0 0 1486.98
38.2816 48.1226 61.492 3.10339 55.5115 3370.41 1569.26 1291.04
139.245 93.7345 0 102.071 795.25 937.962 534.912 4175.18
782.796 0 651.527 45.4305 378.926 562.109 2446.21 2011.4
938.672 59.4706 0 691.818 3497.51 0 1540.27 1115.17
146.094 198.802 268.123 624.157 3113.59 0 0 1383.82
446.15 341.998 1820.04 1238.83 2389.33 822.308 1655.31 519.113
151.722 166.173 73.1129 1281.13 1444.11 1410.06 2222.46 1958.7
1600 1102.6 16.9841 1185.91 0 2040.16 0 2015.96
1.89942e-14 2.86379e-14 2.97811e-14 742.636 1678.41 1247.34 1430.53 2640.24
9.17965e-14 1499.15 541.685 1314.72 428.476 1025.43 2428 304.546
748.79 0 963.147 1297.87 1781.24 996.306 683.923 1877.67
574.099 227.934 582.357 680.666 2991.81 596.584 871.199 3210.43
724.512 826.036 0 1376.52 0 0 931.829 3552.56
1.02082e-14 3.6565e-15 0 3.16669e-15 1.9434e-13 3179.18 20.4405 0
2.4722e-14 1.3373e-13 2220.99 2384.35 737.773 2851.25 967.88 0
364.132 15.5992 162.275 314.899 1012.38 2667.05 2157.46 1896
74.4718 642.085 0 255.048 616.584 1980.49 0 2536.06
1442.29 889.288 1398.61 0 57.1821 1670.28 2075.78 1885.03
1006.53 1006.53 577.996 1273.54 1125.93 0 405.951 0
345.654 677.64 307.47 1738.39 452.761 0 1436.9 2115
207.787 195.488 130.625 313.774 110.631 0 2200.26 2125.66
123.902 288.547 150.177 933.638 2286.65 3706.7 0 333.077
3.05989e-15 49.9718 0 37.6353 144.779 183.915 2102.95 2609.68
17.1744 216.717 578.782 618.263 413.56 34.1504 2352.19 1900.77
4.20665e-15 7.44888e-14 0 4.50258e-14 3.88895e-14 1558.41 2214.37 2707.78
9.32508e-16 9.32508e-16 3.18365e-16 1.55599e-13 2541.22 2541.22 0 258.554
35.2365 529.368 651.118 2069.51 938.936 2074.21 1639.44 230.536
261.931 800.096 841.88 1596.33 515.185 1731.51 0 0
563.04 563.04 0 796.259 484.097 2223.33 162.304 3488.31
26.7134 1356.74 0 1774.86 679.354 1618.27 3027.75 846.654
300.229 300.229 539.259 686.349 970.644 2332.22 1507.19 0
5.87415e-15 95.9322 51.7398 108.995 1579.31 261.306 2691.74 419.483
1.48323e-30 2.4223e-14 395.592 742.575 1525.43 995.811 2332.88 1450.94
849.177 703.501 192.522 708.641 2136.29 1280.23 1058.8 507.716
4.875 4.13439 14.3219 24.6664 23.1411 37.2816 2829.27 2829.76
50.5354 941.47 1200.47 1406.79 2396.28 0 1697.31 717.304
1191.26 770.256 407.821 0 3058.97 51.8705 0 990.037
1.19128e-14 8.8772e-15 4.97765e-14 0 848.348 856.989 81.4104 3561.64
181.943 103.879 170.122 214.67 344.846 593.972 3721.14 0
407.856 0 1066.61 1748.33 212.288 736.812 1060.97 2464.61
1.6478e-14 1.6478e-14 5.75027e-15 3.08219e-14 1.95251e-13 5.05643e-14 0 3355.09
457.542 1184.5 1269.8 2198.2 2085.35 809.625 0 0
1.04029e-13 1698.92 1698.92 0 0 0 1763.28 294.42
19.2055 11.7018 166.059 247.042 324.439 910.229 1962.12 2207.45
178.092 13.0704 290.806 512.077 1078.67 935.365 2097.07 1909.03
2.06516e-14 337.266 1232.48 675.893 869.437 1686.86 1978.59 1653.12
9.99474e-14 3.91749e-14 0 1753.17 0 727.01 1897.93 2171.63
29.1249 17.8135 125.003 73.0105 494.907 0 2261.65 1352.76
123.271 80.1214 0 921.863 1675.61 59.4004 3715.17 1849.48
4.89946e-14 3.86302e-14 1018.94 2119.21 254.189 0 0 1351.91
383.34 406.38 96.5342 289.898 1166.12 1665.75 2950.19 2314.88
93.5369 128.962 0 87.2119 279.656 987.58 2835.18 2660.35
2.17998e-14 1.58116e-13 7.38241e-14 1.69677e-15 2872.1 2632.57 142.996 664.284
5.77222e-15 6.39542e-14 1.03962e-13 1995.6 3417.29 522.524 1231.17 613.431
4.25756e-14 4.95971e-14 0 4.52901e-14 1298.69 2589.32 0 1794.59
2.00186e-14 7.91997e-15 351.584 127.161 515.944 637.165 2698.79 2742.37
767.723 503.371 551.951 612.194 874.494 1230.87 223.181 1962.6
2.85983e-14 467.045 1679.69 376.744 0 2301.47 0 0
460.236 752.03 881.683 1048.93 1394.05 0 2144.38 0
532.019 452.233 698.253 1722.31 1096.56 2153.95 0 0
434.66 497.38 190.591 461.756 2681.61 2732.67 1977.95 0
616.297 441.208 834.175 234.76 4048.93 1367.72 229.758 0
220.903 58.1877 1535.45 762.247 1398.42 0 2224.05 820.704
959.403 252.521 0 833.432 1992.18 1506.38 686.051 2023.78
63.0327 298.786 294.449 1264.04 0 258.233 3008.64 1283.21
0.285243 0.319015 7.24358 27.7537 2421.52 2287.49 0 0
2.82758e-30 4.6178e-14 0 754.143 1984.14 1269.38 0 2473.23
1.26904e-13 0 2.55418e-14 2114.06 1359.52 163.997 2535.08 693.257
1195.58 0 1129.94 0 3856.03 1181.85 1869 779.708
65.7529 153.059 161.139 212.452 547.028 1512.52 2551.72 0
48.7446 48.7446 68.9352 309.451 467.041 1066.55 2649.88 517.092
1.50438e-15 4.44592e-15 2.35926e-14 9.45452e-14 1.11056e-13 2414.09 570.999 2480.7
407.697 84.7271 1026.83 38.7187 0 609.286 2835.05 0
4.73755e-14 9.85017e-14 5.93825e-14 1.03514e-13 2642.86 0 2389.16 0
641.164 641.164 512.771 1657.15 1157.71 1684.91 32.0122 0
8.43053e-14 1376.81 723.201 505.602 997.109 222.88 2201.09 0
9.6795e-14 1580.78 801.723 477.805 3241.38 2023.92 0 1113.19
35.4077 120.442 10.301 19.0404 79.3367 190.575 348.514 3547.25
6.79863e-14 7.71738e-14 0 2.13562e-14 1715.48 962.857 2769 1867.3
2.9065e-31 2.59071e-31 1.76494e-30 2.95167e-14 482.045 2138.68 2192.33 946.495
2321.89 306.522 475.503 498.218 2441.2 0 0 0
543.491 154.411 745.481 1130.65 2668.2 0 3086.88 0
2.09333e-14 1.66252e-14 436.567 8.58454 1077.67 1162.77 2160.68 1296.75
5.84201e-15 1.27264e-14 6.6049e-15 3.22641e-14 584.441 0 2278.29 2049.03
2.15765e-14 352.371 160.393 733.27 397.07 919.37 2764.85 0
9.86215e-14 9.86215e-14 2277.75 223.263 2288.66 827.529 0 649.971
32.8029 70.0454 0 31.606 1784.62 1786.57 2442.11 211.753
0.584641 553.131 563.927 3173.84 1871.78 1224.42 0 706.131
489.53 183.152 1883.21 0 2406.94 2399.12 0 407.314
381.817 625.497 243.421 332.388 1052.18 3877.95 430.497 729.119
2.43526e-14 1.66483e-14 481.763 2200.31 35.1319 2664.05 745.26 1557.16
601.336 1039 1093.59 1623.91 1468.89 1350.89 75.4536 1526.68
5.66333e-32 2.1999e-31 0 3.48813e-31 1.19504e-29 1.95284e-13 3189.23 122.575
87.5527 87.5527 93.209 50.0117 155.524 126.926 77.7844 3206.14
168.56 133.702 304.312 3550.77 0 249.276 7.84801 1070.42
516.631 356.415 388.703 1006.95 972.716 0 0 3129.87
500.996 738.269 1468.33 662.733 1050.63 2120.15 0 0
358.506 396.712 215.638 0 1082.28 758.363 1155.89 2888.43
404.582 193.444 1.00455 964.197 1875.41 4217.53 0 2419.3
9.14939e-31 1.07591e-30 2.30653e-14 5.54502e-14 6.31092e-14 7.56188e-14 1883.96 4087.7
1.9604e-14 320.158 208.023 322.988 138.893 686.214 2481.81 1203.44
175.055 0 499.355 313.399 848.751 0 0 2970.69
27.5978 80.5156 17.1965 19.275 1159.9 2528.88 0 3298.43
397.634 329.704 1465.24 960.7 2548.08 443.588 3629.84 1084.7
74.1209 212.949 634.526 742.86 1042.85 2356.75 1068.55 2964.61
513.027 40.1126 108.815 525.972 1541.1 904.793 0 1935.7
526.627 526.627 0 782.336 629.472 1841.97 2432.2 923.629
9.36978e-14 1530.2 871.101 1018.7 0 2940.42 1164.54 0
6.14763e-15 4.04595e-14 668.337 1497.19 1647.18 1579.7 2810.14 396.971
2.13335e-15 1.47359e-15 0 1.12238e-13 1833.47 0 456.641 1644.73
1.05189e-14 171.786 235.863 497.398 1608.27 2914.86 822.161 2388.92
107.338 340.072 687.502 955.692 312.163 0 2909.99 0
4.87764e-15 0 79.6579 526.439 2309.88 617.976 1190.96 1668.7
829.436 0 0 326.284 8.53771 2030.67 1687.59 757.811
8.33216 2.86073 29.9937 38.0758 339.6 778.346 807.901 4029.03
105.362 79.414 131.938 63.7652 892.738 3490.12 27.299 0
