147 2.48155
0 0.502593 9.50229
1 1 7.44252
0.762035 0.496008 7.54703
0.408332 0.827684 8.24988
0.762238 0 8.66762
0.257654 0.734111 8.29388
0.751467 0.477634 7.2778
0.726688 0.673545 7.17399
0.554801 0.117906 9.0533
0.290883 0.642552 9.0687
1 0 8.16241
1 0.246449 9.36332
0.5 0.188142 7.6302
0.946869 0.531144 7.14348
0.5 0.518893 9.34098
0 0 9.20757
0.256251 0.398994 9.04769
0.578234 0.5 8.5211
0.166626 0.853306 7.90285
0.358326 0.7528 6.68688
0.824186 0 8.28053
0.595162 1 7.97532
0.359458 0.5 8.72314
0.880353 0.763505 6.44451
0.450341 0.445302 9.12061
0.5 1 8.66281
0.614399 0.724229 6.92076
0.793108 0.925354 6.31718
0.327136 0.707012 9.26836
0 0.534959 9.61246
0.832653 0.891045 6.34599
0 0.905917 8.34713
0.5 1 8.01139
0.853673 0.789769 5.98899
0.954526 0.0682921 8.25622
0.616933 0.0872211 8.84535
0.710249 0.913398 6.14097
0.833926 1 6.35668
0.364887 0.966867 7.90714
0 0.919153 8.58967
0 0.181402 10.7134
0.859646 0.334999 7.45922
0.0819847 0.866159 9.67732
1 0.756328 7.17505
0.636287 1 7.85698
0.606713 0.109403 9.60253
0.41394 0.5 9.37756
0.914661 0.45139 8.69307
0.825716 0.851423 5.69617
0.961289 0.857816 5.93194
0.5 0.776572 8.64519
0.409717 0.14447 9.18189
0.727782 0 8.25373
0.0718388 0 9.07657
0.197724 0.231938 9.04173
0.333771 0 8.90215
0.5 0.593934 9.32282
0.546145 0.94 7.77479
1 0.723661 7.024
0.879709 0.877994 5.81818
0.784492 0.644159 7.5983
0.923244 0.866187 7.19335
0.739232 0.801911 5.79899
0.801043 1 7.01594
0.720661 0.206559 8.79187
0.996319 0.35109 8.35727
0.831638 0.468071 8.04044
0.893814 0.411041 6.72346
0.667994 0.5 9.19068
0.226304 0.579883 9.08698
0.976752 0.5 8.55633
0.925855 0.353062 8.52019
0.639274 0.645378 9.07045
0.548421 0.778311 8.00206
0.5 0.0715203 9.22267
0.674018 0 7.96715
0.567776 0.655081 8.29106
0.967805 1 6.04088
0.179324 1 8.45216
0.92206 0.745588 8.31922
0.5 0.300468 9.15557
0.704819 0.897781 7.158
0.895773 0.753233 6.65768
0.5 1 8.63856
0.954665 0 8.74945
0.648843 0.703327 7.78479
0.41032 0.645964 8.76459
0.00230905 0.889631 8.6883
0.916559 0.842536 7.38351
1 0.943973 6.79712
0.183436 0.312545 9.51035
0.735329 0 8.76231
1 0.822696 7.4886
0.582466 0.449194 9.89648
0.663316 1 7.25763
0.967379 0.335981 8.0913
0.560328 0.499407 9.68418
0.5 0.5 9.99357
1 0 8.66159
0.966069 0.785245 6.72888
0.641472 0.5 8.87778
0.313158 0.921207 7.6324
0.76266 0.590905 7.92565
1 0.112055 8.33521
0.852843 0.0231131 9.28639
0 0.461778 9.51787
0.5 0.882839 7.59768
0.417718 0.937005 8.61721
0.371109 0.364562 8.82262
0.5 0.455436 9.75658
0 0.430288 10.2571
0.335017 0.5 9.96376
0.477637 1 8.99598
0.724226 0.72055 7.10002
0.578888 0.382218 9.01955
0.407821 0.931212 7.35854
0.0480446 0.301865 9.95776
0.52566 0.696069 8.79137
0.441631 0.189708 9.04688
0.424955 0.252278 8.78775
0.553287 0.364553 9.6581
0.606499 0.31605 8.69366
0.177381 0.5 9.53388
0.466849 0.0305543 10.4884
0.5 0.169503 8.92759
0.182459 0.704203 8.65356
0.061039 0.452107 10.6163
0 0.52498 10.485
0.636991 1 7.97373
0.14559 0.324217 9.44175
0.52756 0.5 10.7376
0.0631781 0.0870417 10.5823
0.50026 0.295575 9.34637
0.5 0.00871776 9.665
1 0.875905 7.27085
0.5 0.267621 10.6914
0.545594 0.907834 8.08871
1 0.923575 6.97661
0.378907 0.618532 9.30377
0.738925 0.91227 6.3718
1 0.269571 8.39625
0 0.163044 9.57258
0.41391 0.684455 8.54293
0.706281 0.552133 7.73969
1 0.609979 7.87631
0.663751 0.108315 9.06354
0.338226 0.264632 8.94009
0.794331 1 6.16784
0.856313 0.219168 6.74749
0.5 0 8.9744
0.568633 0.5 9.46797
0.690913 0.90259 7.08993
0.598186 0.559085 8.90453
0.657403 0.23326 8.83186
0.599848 0.923464 6.81363
0.169557 0.770268 9.23283
1 0 7.74383
0.986303 1 7.44127
1 0.627163 7.64925
0.631531 0 8.92338
0.326861 0.0792344 9.67955
1 0 9.26787
0.900515 0.588579 7.56644
1 0.415557 9.10002
0.588777 0.713102 8.02791
0.5 0.705444 8.6369
0.564021 0.506605 9.52811
0.303154 0.878843 8.115
0.502927 0.5 9.47895
0.679411 0.690894 7.67061
0.539433 0 9.30972
0.72575 0.5 8.29456
1 0.35041 8.14668
1 0.531293 8.35871
0.5 0.995457 7.82409
0.745223 0.559535 8.2688
0.442047 0.259092 8.52435
0.932326 0.449987 7.69887
0.852437 0.548424 8.29104
0.749861 0 9.10607
1 0.0547463 8.70652
1 0.558992 8.14681
0.120689 0.0287402 9.44466
0.5 0.0819269 9.33192
0.786945 0.906471 6.02251
0.434859 0.42464 9.95245
0.548251 0.462707 9.81056
0.5 0.915064 8.92246
0.00844965 0.293154 9.32925
0 0.226296 9.49285
0.405574 0.5 8.25939
1 0.867615 5.70686
0.673226 0.607482 8.4056
0.900631 0.519098 7.39517
0.714005 0.255049 7.55435
0.5 0.0795613 9.75519
0.579338 0.789054 8.28692
0.0821327 0.415102 8.90029
1 0.479901 8.73465
0.501089 0 10.9395
0.938378 0.680639 7.88965
0.911012 0.307436 6.75268
0.332001 0.668789 9.28085
0.741501 0.5 8.12983
0.5 0 9.63238
0.193806 0.808982 7.48051
0.582714 0.734185 7.86953
0.29487 0.0318745 10.0736
0.680963 0.0992243 8.5354
0 0.523881 9.02062
0.5 0.389488 9.76459
0.86987 0.882654 5.6952
0.784785 0.613244 7.35432
0.622742 1 7.4359
0.509226 0.5 9.16535
0.510027 1 7.8102
0.612958 0.200822 9.85519
0.659723 0.235451 8.59113
0.626369 0.892519 7.51798
0.24769 0.656931 9.28742
0 0.0151753 9.1699
0.648796 0.70335 7.49865
0.792507 0.638077 7.13479
1 0.823916 6.60855
0.34589 1 8.74584
0.664743 0.610284 8.71975
0.565674 0.3023 8.53195
0.623688 0.303168 9.99916
0.490652 0.930603 8.16723
0.724156 1 8.2704
0.420555 0.00434001 9.17939
0.711155 0.786459 7.58103
0.534032 0.449744 8.51738
0.768684 0.362548 7.76737
0.665428 0.418804 9.24237
0.463518 0.454604 9.86685
0.799725 0.665463 6.8257
0.469027 0 9.71464
0.885956 1 6.46367
0.392902 0.59108 10.2455
1 0.820661 7.69212
0.0562498 0.171597 8.53137
1 0.685429 8.28884
0.808658 0.5 8.12143
0.0560081 0.242021 8.6864
0.795498 0.353487 6.91578
0.702876 0.912652 7.89232
1 0.718073 7.84434
0.478053 0.4585 10.9867
0.386589 0.5 8.87648
0.584311 0.5 9.55967
0.5 0.633766 10.5283
0.892784 0.955981 7.21774
0.723776 0 8.96201
0.855076 0.215346 6.76389
1 0.267664 9.17354
0.7053 0.708272 7.80945
0.90572 0.663312 6.96259
0.0558156 0.542775 9.76355
0 0.771946 7.87071
0.35158 0.48483 9.48656
1 0.5 9.41862
0.568665 0.981744 8.83628
1 0.897346 6.17028
0.733729 0.166869 7.75717
0.618841 0.51157 8.65191
0.514065 0.777422 8.17839
0.5 0.362832 9.02875
1 0.537686 7.94069
0.694798 0.281723 8.29906
0.112083 0.682689 10.2628
0.647822 1 8.21204
0.760766 0 8.40595
0.392867 0.84787 7.76194
0.74293 0.690678 7.77408
0.880653 0.5 9.06181
0.679686 0.25397 8.92701
0.767148 0.367534 7.58485
0.190434 0.5 9.03266
0.092568 0.623673 8.46293
1 0.871256 5.76495
0.941847 0.830546 6.64265
0.58852 0.899147 9.32464
0.891692 0.5 8.23958
1 0 8.73327
0.5 0 10.122
0.977723 0.423409 8.23966
0.758698 0.70497 6.49845
0.0122491 0.56586 9.82268
0.900102 0.213545 7.70105
1 0.976624 7.79058
0.356023 0.478645 10.8953
0.64496 0.516404 9.54196
0.843242 1 7.54215
0.619393 1 8.05791
0.5 0.566135 9.61495
0.929052 1 7.4085
0.589683 0.754797 7.89114
0.564497 0.364683 9.32489
0.292767 0 9.19397
