143 2.60784
2088.41 3379.2 7962.3
6026.89 5423.88 0
4418.23 3560.16 6069.75
2.96269e-13 4838.44 4838.44
919.913 7932.57 3911.61
3436.27 748.447 7411.12
7502.66 2538.78 307.067
6505.85 2120.36 2991.85
3056.35 2025.67 6194.98
183.615 8472.12 0
2843.8 8524.32 0
1051.42 1824.92 9006.61
2341.77 902.309 7470.89
3329.13 3782.13 6295.45
5083.33 2987.09 4411.57
1141.99 5148.16 5273.3
1130.83 8036.71 980.339
3.37504e-13 4.05385e-13 8614.57
1978.32 4527.24 7050.49
4.14954e-13 6776.72 6776.72
8404.94 285.905 0
6780.59 4145.83 271.441
5409.72 2022.55 4220.09
2830.77 2079.93 6816.42
1722.68 4026.83 7827.03
4746.07 5591.8 4632.58
7840.49 1256.6 0
6256.98 6256.98 0
3384.15 5824.32 6406.88
2630.87 2630.87 6370.25
5022.57 5022.57 477.519
4776.71 0 4776.71
2676.79 5253.49 5896.13
2347.76 1142.49 7258.23
2224.61 2396.26 6336.84
6725.55 4805.72 199.234
4174.56 2832.22 8554.68
6494.97 5091.45 3073.46
6578.92 2902.45 1649
5064.64 230.314 4795.76
1.18632e-13 1937.41 8374.14
5547.07 0 5547.07
2.82724e-13 4617.23 7096.36
2782.48 1312.09 5676.73
992.099 3053.37 8630.35
5504.41 1649 5811.5
1798.33 1798.33 7827.22
7206.89 5302.02 0
4005.62 3424.42 7674.6
3564.81 6168.56 7445.98
2723.73 4358.71 5139.75
500.833 4803.82 6406.37
1.36087e-13 2222.47 5525.72
7906.28 0 2482.96
5023.82 3258.66 5988.12
1.92893e-13 4.78721e-13 8428.9
5599.8 2482.79 6446.76
1254.87 1254.87 8635.63
10187.1 3229.89 3041.68
1833.99 4666.75 5695.08
3532.39 3520.11 5648.98
2007.51 6809.66 5975.79
3.78972e-13 6189.08 2474.15
5618.86 0 6026.84
1581.86 5413.42 5639.8
849.954 662.564 6994.65
2064.79 5259.3 6978.79
6252 0 7399.12
2.88889e-29 4.71792e-13 7704.95
2101.62 2101.62 7932.2
1.19895e-14 195.803 8662.71
1739.13 8193.26 2347.99
7709.16 2067.52 3755.58
8174.42 2482.02 554.625
8510.13 4549.32 0
2057.75 2057.75 6815.62
610.854 859.428 10099.8
3874 2891.43 4834.07
4450.33 5957.71 0
4370.04 8495.48 0
4708.77 6019.99 2639.72
5420.95 5994.27 772.672
7493.9 4502.18 1772.1
2809.26 5013.96 7058.44
3677.11 2209.69 7439.94
4574.64 6247.03 4330.23
6796.84 2567.23 629.511
7363.39 1724.3 3558.15
4.86881e-13 7951.37 4638.06
1811.35 7765.57 0
4.56944e-13 7462.47 0
5939.04 1223.98 6635.48
3660.21 6385.46 2929.23
4242.02 4242.02 6812.78
5539.15 1274.67 6220.71
1835.91 1835.91 8297.63
1687.03 1687.03 8298.68
4712.21 3685.88 6216.12
5697.07 3894.29 899.914
7223.54 6820.14 0
3013.17 3013.17 6897.06
2232.32 2520.19 10263.5
1312.85 9846.82 741.398
2.42565e-13 5.27468e-13 9481.41
3.15904e-13 5159.11 5714.21
6290.42 6290.42 0
1.40143e-13 4.84864e-13 8242.56
1.28062e-13 2091.42 6252.12
1772.6 5899.2 6325.21
9490.15 0 0
3134.4 7298.45 2359.16
4806.29 796.711 8267.79
182.128 9752.2 1541.71
1828.22 6035.16 7755.7
4270.53 4684.17 5363.29
7258.36 6396.6 0
4.16795e-13 6806.78 4809.6
1964.01 2713.86 7501.03
9733.76 1531.09 0
1063.04 5493.26 8137.63
3346.96 6716.38 1284.23
4984.52 3956.31 3487.63
268.584 144.159 9041.83
10.43 173.771 8073.46
5234.32 1002.76 5329.51
6812.29 888.352 4075.67
7.4084e-14 1209.88 8205.69
3493.86 1596.95 8228.27
8784.38 1618.9 3490.15
4056.52 9317.59 0
7620 2816.55 962.099
7076.03 6358.95 0
6854.72 4999.43 3266.02
7261.33 6509.16 1031.94
2596.11 783.751 5568.54
6253.13 6253.13 3263.16
3989.89 1559.31 7104.06
2.43023e-13 3968.87 3968.87
2109.91 139.689 7471.53
4.18269e-13 6830.85 4223.49
4689.81 4831.97 4517.83
2423.38 9407.21 2489.55
2980.51 6601.73 7422.14
4.55373e-13 7436.8 143.899
1585.36 5326.27 6530.37
919.562 8083.36 3071.03
8196.79 1823.29 479.371
4543.71 8038.93 500.452
2506.04 5334.78 7513.16
5742.95 4488.34 4401
234.826 970.893 10906
3505.07 776.847 7459.04
555.515 1821.78 7279.61
4.91608e-13 8028.57 0
1897.75 2858.96 8851.81
2352.19 2352.19 7090.36
4546.7 4546.7 5189.25
203.167 3342.13 7982.69
3028 9460.3 2152.67
3413.13 5625.55 0
4674.61 4674.61 5552.39
5923.79 818.952 5980.13
1.11589e-13 1822.39 6069
5910.29 1377.19 8322.67
2751.45 1223.51 8228.67
7081.97 0 1604.74
4782.9 1697.42 6322.06
2946.64 3441.44 6626.56
2014.34 5308.51 6266.06
8411.31 2745.11 1568.98
881.334 0 7483.55
6163.02 0 3871.91
6716.3 3687.66 5294.21
3302.12 8374.68 0
321.499 8971.87 0
3409.32 3409.32 6354.75
2815.36 5846.03 2545.52
5364.88 961.005 6133.74
2182.95 7731.47 3804.66
5857.64 1451.13 6243.97
5223.09 4531.09 7501.01
5792.98 5792.98 0
3.30245e-13 5393.3 2397.21
4.58539e-13 1.45954e-13 7858.72
2818.15 4619.93 6605.11
9399.83 0 2839.13
6928 523.107 3240.48
2636.43 7872.14 5979.81
4668.01 6276.82 94.0232
4.13007e-13 6744.92 5386.14
3.20207e-14 522.938 7687.17
7469.76 4028.7 4829.66
2563.11 7035.8 2472.88
1338.4 2755.03 6890.24
5074.05 4296.67 1317.25
649.562 4709.48 4754.06
4095.75 2625.64 8483.66
4017.19 802.821 5859.43
4617.17 1093.76 4744.95
3457.7 4042.69 5319.68
5477.26 1067.13 4813.8
6913.58 1362.12 0
4856.35 4345.3 6539.82
3.65104e-13 3.31942e-13 8058.54
302.661 2973.56 7744.08
5840.18 6890.39 56.8639
1777.44 1777.44 6396.74
5.34516e-13 1.27492e-13 8974.18
1204.33 7752.42 643.977
5810.2 5882.14 2217.64
1931.05 4793.92 5559.77
3560.87 4600.97 5555.42
1.96325e-13 4.55626e-13 8102.31
557.374 4597.66 5432.87
3.80009e-13 3.93399e-13 8932.6
2.88647e-13 4.33825e-13 8509.83
5647.51 653.738 4317.19
1942.79 7012.39 2084.87
3934.23 3058.72 4983.37
285.634 0 8088.49
4.42817e-13 1.2396e-13 7509.76
1627.17 2840.72 6752.5
5.60878e-13 7.79077e-14 9247.77
1069.91 3018.94 8786.18
3.66853e-29 5.99116e-13 9784.31
1188.73 3.84983 9159.93
4238.75 4238.75 5994.49
2115.27 5914.05 0
2800.07 2800.07 7641.53
4755.9 1556.87 5548.43
2332.67 1651.81 9793.12
7545.18 4117.58 0
2057.7 4122.11 6744.63
6236.86 5235.33 3859.03
5383.44 5383.44 0
5148.41 430.773 5266.46
7711.93 3433.1 1292.12
5808.64 3658.86 1954.76
5886.3 5106.47 2142.93
4996.39 5235.04 1439.26
1681.78 6065.51 6294.35
2256.96 999.511 7723.31
5513 0 5513
4081.98 4942.34 1534.16
7534.93 2551.72 3735.23
3647.29 3647.29 5158.04
6428.53 5714.72 0
3556.39 5895.67 3626.53
4474.76 5599.09 6619.28
5750.41 3972.96 6117.01
2798.31 4693.06 8530.28
2328.4 4464.36 4547.27
2034.1 2600.05 4907.28
2.75786e-29 4.50392e-13 7355.46
409.504 249.127 7661.93
8124.85 0 0
3526.98 815.772 6347.03
4909.64 4909.64 0
3975.31 7454.17 2521.37
3507.62 1044.88 6695.94
48.5017 2215.99 8982.12
1054.31 1054.31 6999.44
655.606 2347.91 6676.73
1525.85 0 8073.56
5271.45 5138.91 1081.41
1097.12 7545.52 3489.64
3755.67 4290.16 6384.88
2071.68 2071.68 8192.73
6641.53 3667.27 3220.42
2107.2 3852.51 5749.02
3.7388e-13 6105.92 6075.5
2550.87 3592.08 8752.46
2951.76 2951.76 7138.01
8242.33 0 1649.79
6127.85 367.459 3525.19
3532.48 6322.63 4388.73
2297.73 9876.53 3434.24
5.52529e-14 902.349 8263.47
6.45573e-14 1054.3 7329.91
48.7562 4236.07 7004.98
7433.35 0 0
1610.98 2241.89 7845.61
4997.4 2334.99 2003.14
4357.17 4357.17 2928.75
3732.32 5909.09 3861.16
2.09307e-13 3418.24 8854.39
3248.97 5648.02 2466.34
3682.32 3682.32 5207.59
3.49041e-13 5700.28 5700.28
4519.13 4519.13 6391.01
3275.28 6909.93 0
7289.58 6638.25 1739.95
4528.92 1692.23 4834.75
4591.03 4591.03 1136.01
2948.83 2130.58 7297.29
4629.06 4629.06 0
6340.89 2757.35 1399
9518.2 0 0
3533.2 4178.56 5472.09
3530.62 4294.79 5559.72
