8586 48.6986
11.9047 490.9 15394.2
15799.5 252.492 472.724
11.9047 490.9 15394.2
11.9047 490.9 15394.2
783.529 67.4511 14034.2
6147.03 12348.4 5.70907
12235.8 6171.45 2779.85
7167.82 10304.3 4973.69
2269.2 8045.47 10065.8
8723.42 3503.25 9453.81
11293.2 4534.79 6709.92
4402.56 2780.2 11657.8
13885.8 4937.68 6.17829
10925.4 5510.7 3536.95
3348.86 13638.4 6.49356
783.529 67.4511 14034.2
10925.4 5510.7 3536.95
9945.23 5870.31 8547.88
14784.4 1272.53 6.02991
153.54 6334.62 14186.8
3661.86 5264.1 11248.6
11152.4 4478.52 7730.67
4926.91 2485.09 12497.2
11152.4 4478.52 7730.67
1977.23 14071.9 6.98263
15799.5 252.492 472.724
3134.54 12739.2 1241.67
13885.8 4937.68 6.17829
304.495 12563 6928.92
377.4 297.184 15062.3
3134.54 12739.2 1241.67
1450.48 10322.7 9179.98
6449.43 8912.38 8142.16
9783.76 9511.06 1385.39
14054.3 1355.03 6.02022
5831.79 2341.83 11024
7805.33 11220.8 2211.93
1977.23 14071.9 6.98263
5831.79 2341.83 11024
8515.71 3419.58 10583.1
11620.7 1000.32 8419.39
13885.8 4937.68 6.17829
3661.86 5264.1 11248.6
13050.4 2055 6.48073
7858.51 11296.9 1302.58
8335.83 11983.1 7.11199
1537.09 10940.2 8176.71
265.147 10945.3 11873.4
3053.72 12410 6006.75
11152.4 4478.52 7730.67
3348.86 13638.4 6.49356
7805.33 11220.8 2211.93
6449.43 8912.38 8142.16
13050.4 2055 6.48073
181.916 7502.47 13164.1
12502.3 5020.41 4242.95
9154.67 8055.66 9026.02
6449.43 8912.38 8142.16
9488.25 70.2062 11425.1
11839 8285.7 432.191
385.455 154.782 13028
5831.79 2341.83 11024
9783.76 9511.06 1385.39
247.104 355.234 13568.8
14054.3 1355.03 6.02022
783.529 67.4511 14034.2
5396.67 2167.03 13020
5227.04 10500.2 5512.72
385.455 154.782 13028
11349.5 7167.29 1270.37
5831.79 2341.83 11024
8710.63 5141.3 10171.4
11372.2 9412.32 441.561
11152.4 4478.52 7730.67
8723.42 3503.25 9453.81
247.104 355.234 13568.8
247.104 355.234 13568.8
11.9047 490.9 15394.2
247.104 355.234 13568.8
247.104 355.234 13568.8
8263.14 10587.8 1271.21
9621.96 8768.58 5158.39
9945.23 5870.31 8547.88
7858.51 11296.9 1302.58
8710.63 5141.3 10171.4
11839 8285.7 432.191
7508.59 10794.5 2667.18
12669.5 6390.14 424.379
4466.82 6698 11041.1
2269.2 8045.47 10065.8
8515.71 3419.58 10583.1
11372.2 9412.32 441.561
3348.86 13638.4 6.49356
8335.83 11983.1 7.11199
8723.42 3503.25 9453.81
377.4 297.184 15062.3
11152.4 4478.52 7730.67
3134.54 12739.2 1241.67
377.4 297.184 15062.3
9685.73 834.018 9776.26
4926.91 2485.09 12497.2
261.128 10054.7 12111.3
8515.71 3419.58 10583.1
7858.51 11296.9 1302.58
9154.67 8055.66 9026.02
11372.2 9412.32 441.561
11349.5 7167.29 1270.37
11620.7 1000.32 8419.39
11152.4 4478.52 7730.67
153.54 6334.62 14186.8
4466.82 6698 11041.1
11293.2 4534.79 6709.92
14054.3 1355.03 6.02022
6449.43 8912.38 8142.16
9751.04 5755.49 8797.92
8899.64 8651.45 5833.64
9154.67 8055.66 9026.02
10817.7 8518.48 1303.26
11627.2 8827.38 5.99939
6147.03 12348.4 5.70907
8335.83 11983.1 7.11199
9377.12 807.283 11333.3
7167.82 10304.3 4973.69
12713.4 1225.77 8387.28
261.128 10054.7 12111.3
4466.82 6698 11041.1
8515.71 3419.58 10583.1
11839 8285.7 432.191
9685.73 834.018 9776.26
5396.67 2167.03 13020
5164.01 7423.61 10428.8
7508.59 10794.5 2667.18
12544.8 7404.98 7.02107
11349.5 7167.29 1270.37
9751.04 5755.49 8797.92
5227.04 10500.2 5512.72
3134.54 12739.2 1241.67
9751.04 5755.49 8797.92
11152.4 4478.52 7730.67
9751.04 5755.49 8797.92
4926.91 2485.09 12497.2
377.4 297.184 15062.3
304.495 12563 6928.92
11839 8285.7 432.191
12713.4 1225.77 8387.28
3661.86 5264.1 11248.6
5831.79 2341.83 11024
3134.54 12739.2 1241.67
9621.96 8768.58 5158.39
8899.64 8651.45 5833.64
8335.83 11983.1 7.11199
2269.2 8045.47 10065.8
9751.04 5755.49 8797.92
9783.76 9511.06 1385.39
5164.01 7423.61 10428.8
7508.59 10794.5 2667.18
6449.43 8912.38 8142.16
12544.8 7404.98 7.02107
6449.43 8912.38 8142.16
12544.8 7404.98 7.02107
11152.4 4478.52 7730.67
304.495 12563 6928.92
11349.5 7167.29 1270.37
10925.4 5510.7 3536.95
12502.3 5020.41 4242.95
11152.4 4478.52 7730.67
7508.59 10794.5 2667.18
9751.04 5755.49 8797.92
1537.09 10940.2 8176.71
247.104 355.234 13568.8
5227.04 10500.2 5512.72
6449.43 8912.38 8142.16
3661.86 5264.1 11248.6
11349.5 7167.29 1270.37
9377.12 807.283 11333.3
3134.54 12739.2 1241.67
8263.14 10587.8 1271.21
11152.4 4478.52 7730.67
5831.79 2341.83 11024
8515.71 3419.58 10583.1
11152.4 4478.52 7730.67
354.587 14622 6.12215
304.495 12563 6928.92
261.128 10054.7 12111.3
11293.2 4534.79 6709.92
3134.54 12739.2 1241.67
7508.59 10794.5 2667.18
11349.5 7167.29 1270.37
12235.8 6171.45 2779.85
1537.09 10940.2 8176.71
783.529 67.4511 14034.2
11349.5 7167.29 1270.37
7805.33 11220.8 2211.93
8335.83 11983.1 7.11199
4466.82 6698 11041.1
9377.12 807.283 11333.3
12713.4 1225.77 8387.28
385.455 154.782 13028
7167.82 10304.3 4973.69
9488.25 70.2062 11425.1
7167.82 10304.3 4973.69
13885.8 4937.68 6.17829
8515.71 3419.58 10583.1
11293.2 4534.79 6709.92
10817.7 8518.48 1303.26
9783.76 9511.06 1385.39
9783.76 9511.06 1385.39
7858.51 11296.9 1302.58
261.128 10054.7 12111.3
12544.8 7404.98 7.02107
14054.3 1355.03 6.02022
9751.04 5755.49 8797.92
9377.12 807.283 11333.3
385.455 154.782 13028
3053.72 12410 6006.75
8899.64 8651.45 5833.64
15799.5 252.492 472.724
13885.8 4937.68 6.17829
13050.4 2055 6.48073
3348.86 13638.4 6.49356
7508.59 10794.5 2667.18
10817.7 8518.48 1303.26
153.54 6334.62 14186.8
15799.5 252.492 472.724
8335.83 11983.1 7.11199
12502.3 5020.41 4242.95
9751.04 5755.49 8797.92
13050.4 2055 6.48073
7858.51 11296.9 1302.58
6147.03 12348.4 5.70907
9154.67 8055.66 9026.02
9751.04 5755.49 8797.92
9377.12 807.283 11333.3
9154.67 8055.66 9026.02
11372.2 9412.32 441.561
13050.4 2055 6.48073
11349.5 7167.29 1270.37
11627.2 8827.38 5.99939
9751.04 5755.49 8797.92
11152.4 4478.52 7730.67
8515.71 3419.58 10583.1
8335.83 11983.1 7.11199
4466.82 6698 11041.1
261.128 10054.7 12111.3
7858.51 11296.9 1302.58
2269.2 8045.47 10065.8
9945.23 5870.31 8547.88
1450.48 10322.7 9179.98
6449.43 8912.38 8142.16
14784.4 1272.53 6.02991
12544.8 7404.98 7.02107
3134.54 12739.2 1241.67
9488.25 70.2062 11425.1
7167.82 10304.3 4973.69
11349.5 7167.29 1270.37
12669.5 6390.14 424.379
12502.3 5020.41 4242.95
8335.83 11983.1 7.11199
11152.4 4478.52 7730.67
7805.33 11220.8 2211.93
7508.59 10794.5 2667.18
783.529 67.4511 14034.2
9751.04 5755.49 8797.92
304.495 12563 6928.92
11349.5 7167.29 1270.37
7508.59 10794.5 2667.18
5227.04 10500.2 5512.72
6449.43 8912.38 8142.16
3661.86 5264.1 11248.6
11372.2 9412.32 441.561
11152.4 4478.52 7730.67
9751.04 5755.49 8797.92
385.455 154.782 13028
11293.2 4534.79 6709.92
9751.04 5755.49 8797.92
4926.91 2485.09 12497.2
13050.4 2055 6.48073
377.4 297.184 15062.3
11839 8285.7 432.191
11152.4 4478.52 7730.67
9751.04 5755.49 8797.92
8723.42 3503.25 9453.81
6147.03 12348.4 5.70907
11.9047 490.9 15394.2
13050.4 2055 6.48073
3134.54 12739.2 1241.67
12502.3 5020.41 4242.95
8335.83 11983.1 7.11199
153.54 6334.62 14186.8
12713.4 1225.77 8387.28
247.104 355.234 13568.8
783.529 67.4511 14034.2
13050.4 2055 6.48073
15799.5 252.492 472.724
3661.86 5264.1 11248.6
3053.72 12410 6006.75
385.455 154.782 13028
9945.23 5870.31 8547.88
6967.34 599.806 12267.4
6449.43 8912.38 8142.16
