33 1.67457
0.0036705 0.392821 0.14568 84.4749 144.689
2.3381 0.0112087 119.644 6.03562 117.678
9.39027e-05 0.00919748 0.0076542 0.0455816 168.704
0.00836058 0.00915589 0.000553544 0.000163113 172.619
4.38762 0.0212383 170.098 6.57912 0.000113103
1.02698 0.0094092 164.833 12.5741 22.0056
0.00902439 0.0119168 0.00276467 0.0428066 178.29
1.39453 2.57335 0.192861 123.842 122.26
120.853 14.8088 123.051 25.6563 25.3198
41.7979 0.390197 4.76668 170.976 0.536106
24.4493 1.18002 13.627 176.896 0.00869267
1.95605 3.05868 1.975 55.6382 162.989
35.8784 11.3914 36.1609 9.0273 172.477
0.668375 0.0579144 64.6355 162.896 21.6499
104.012 15.9416 128.22 40.003 20.1398
0.782841 0.115758 161.419 1.05122 0.00961258
0.785054 0.0417968 166.797 10.0631 26.764
10.5525 23.4621 87.6085 31.8324 154.087
2.6391 2.61759 0.197958 4.19228 177.902
64.3641 35.9698 145.752 54.6332 38.8347
13.5336 19.341 2.96014 9.48224 174.743
5.18884 0.0246156 172.819 4.77841 0.10618
0.279856 23.1157 8.9511 20.7044 172.768
8.13579 16.9154 58.8802 167.535 27.5123
54.5978 77.7062 28.5835 146.381 9.96691
102.985 13.5796 39.3191 1.60765 138.658
5.01291 43.0031 12.963 19.3033 170.286
7.95836 1.04578 40.4377 172.61 0.00139622
71.597 10.2457 103.938 61.8007 111.074
9.29517 17.3109 66.8622 12.36 164.916
0.00136483 0.240297 0.0654966 50.829 154.385
9.54539 17.7156 170.974 1.41073 8.30438
120.853 14.8088 123.051 25.6563 25.3198
0.00136483 0.240297 0.0654966 50.829 154.385
29.2862 35.5083 2.9684 36.9877 168.572
0.749208 18.9845 7.52422 8.10479 174.988
40.7559 0.210398 170.479 10.4708 0.601237
1.49339 40.3607 2.24666 156.677 60.2336
76.6248 32.5091 31.481 49.8294 148.243
14.4766 31.7562 26.7424 176.499 4.25399
0.178895 37.9003 1.89932 124.787 114.676
59.1625 7.1235 4.82989 22.5594 164.901
0.185478 0.305391 0.0115489 42.9002 165.612
95.1875 10.9041 13.7388 12.5627 148.958
0.782841 0.115758 161.419 1.05122 0.00961258
1.66439 4.51184 5.7368 0.600465 176.417
113.096 0.556724 72.0322 115.745 0.247126
73.1984 36.4031 39.1191 44.0638 149.27
43.4291 40.6236 15.0388 33.6562 163.253
1.12381 1.92298 0.829338 175.656 16.0109
10.2131 11.9809 26.5132 176.843 0.0302364
59.7514 22.5334 164.544 16.006 25.8315
12.2632 16.2447 21.6766 165.339 64.1511
6.36181 2.58363 5.3015 0.0403962 172.658
95.0858 8.07741 8.68945 148.35 2.53912
3.76309 2.49048 1.63321 15.8898 171.729
1.26616 0.141601 121.494 122.787 46.8413
32.5878 7.87652 3.53396 5.34929 172.792
24.8049 44.1049 29.2177 5.99505 169.643
77.7108 59.0493 35.1044 144.03 41.5113
11.1992 15.9067 28.296 149.314 95.6819
13.5336 19.341 2.96014 9.48224 174.743
1.39453 2.57335 0.192861 123.842 122.26
0.0022353 0.296517 0.0824243 63.4293 153.031
1.58628 8.67075 1.66572 18.597 178.734
24.9858 10.7045 152.96 86.6316 0.00105783
0.0015426 0.0556556 0.00211343 1.1141 174.152
13.4782 3.81937 170.412 0.821856 0.0418151
40.5584 1.20314 153.294 76.3131 7.1883
0.00295173 0.00317988 0.00390483 0.0163618 173.752
0.669806 69.7847 0.919955 164.444 1.19242
42.9561 30.4894 108.604 107.34 68.761
32.5878 7.87652 3.53396 5.34929 172.792
84.9716 27.4011 44.0398 62.326 136.747
0.0701068 13.3742 1.81996 38.6002 170.878
46.571 1.22024 155.969 1.63952 0.0573815
58.7616 71.034 120.403 56.9895 73.4453
0.117678 0.593083 0.0153887 111.694 118.859
52.023 0.262103 26.5305 170.287 0.144076
115.677 4.08688 20.5765 0.549681 120.791
10.2928 13.9772 11.2822 1.03879 175.449
0.0382008 0.215526 22.7928 1.77036 173.052
43.0926 75.6201 149.381 0.917678 48.2616
0.699295 3.69218 0.848526 12.5836 173.69
106.117 54.5475 28.6919 101.735 78.3756
0.0350542 5.73735 4.35099 50.4858 164.648
0.347322 0.0443596 24.4264 174.059 37.2035
3.65266 3.50016 2.46081 163.207 57.3952
2.33355 6.32727 5.5056 3.85221 175.506
0.909172 0.0798615 139.847 1.67861 92.752
24.4493 1.18002 13.627 176.896 0.00869267
33.4529 31.5009 125.725 0.646093 108.767
6.93489 14.2584 1.74371 178.039 0.136233
67.0616 54.7424 64.4564 141.277 25.7752
1.56556 0.00785951 163.513 13.3686 8.37186
119.597 0.595388 98.9509 85.6992 7.18514
126.62 77.9136 93.16 29.1104 8.53621
0.668375 0.0579144 64.6355 162.896 21.6499
5.18884 0.0246156 172.819 4.77841 0.10618
5.34071 2.83831 0.922868 169.664 30.5558
18.8075 23.9071 169.095 56.3125 14.0001
59.1625 7.1235 4.82989 22.5594 164.901
58.7616 71.034 120.403 56.9895 73.4453
1.13622 0.00540437 166.787 3.15403 14.7454
95.1875 10.9041 13.7388 12.5627 148.958
0.399952 0.854612 7.85665 0.259507 177.703
0.000850596 0.0347913 0.00256788 4.93812 163.934
3.22786 0.605728 1.87702 30.3735 174.036
0.819248 1.7572 1.33415 7.22287 172.131
52.023 0.262103 26.5305 170.287 0.144076
33.6736 24.9623 133.211 96.5928 63.3333
15.8219 58.4125 116.43 116.518 20.2808
0.0465212 10.0362 7.79183 89.6314 153.674
8.77751 8.48091 169.611 4.69166 35.4578
111.012 129.637 1.54576 40.6144 23.288
67.4502 150.478 45.4469 5.49152 56.1736
45.9195 14.1683 104.026 137.504 15.867
134.229 36.8754 93.3069 10.5856 44.215
19.7424 23.9742 65.7818 130.149 93.0138
0.911982 0.245507 174.988 8.53857 5.22647
21.7092 12.3033 0.233373 145.412 90.9954
27.644 1.63433 161.239 56.8082 25.2848
14.3465 10.821 124.842 30.1798 121.986
7.95836 1.04578 40.4377 172.61 0.00139622
22.4345 26.0573 11.6905 46.8312 166.886
37.3894 95.4982 65.1849 51.8977 123.205
5.50179 1.73331 3.91827 0.0328326 170.428
91.6085 56.6193 134.583 27.1861 51.5036
49.4281 0.226279 161.75 6.03033 45.7669
47.0523 8.3249 141.262 94.6498 25.6166
81.578 50.0821 9.7244 151.776 0.976878
54.3141 102.99 38.3614 125.783 8.97793
0.00034078 0.000263969 0.000111746 0.000375097 175.988
11.9913 9.99985 7.74459 175.942 4.64722
0.861246 0.497728 174.26 0.998916 23.0095
9.87176 21.2443 13.1121 86.9848 146.33
0.321637 0.0804633 1.32077 98.6147 139.407
61.937 108.508 119.692 48.8389 0.796347
52.6109 10.1575 148.915 66.7356 21.1388
0.911982 0.245507 174.988 8.53857 5.22647
0.321637 0.0804633 1.32077 98.6147 139.407
6.6585 11.8234 8.73969 173.341 18.1687
0.763962 1.0639 89.7946 0.626898 151.054
15.8219 58.4125 116.43 116.518 20.2808
59.1412 49.9561 158.184 5.35585 31.6664
0.201451 1.21731 0.233677 171.831 12.684
0.797879 0.00408799 165.566 3.39986 4.36239
0.165812 1.03446 0.103369 114.396 117.786
64.7857 33.9454 29.3834 153.542 52.8596
5.6306 3.0166 3.60573 117.423 125.304
0.0432541 0.117143 0.0297408 0.397081 175.457
0.19017 0.234525 0.214231 0.192084 176.145
1.27989 2.13641 51.4805 0.548007 168.221
4.59312 1.35741 54.6358 155.726 68.2264
0.0249138 4.56239 1.26449 77.3883 156.944
1.48185 4.61868 0.106953 14.0456 177.543
14.4766 31.7562 26.7424 176.499 4.25399
5.87677 5.59166 10.5997 4.39293 177.936
0.0354504 7.41986 4.0133 58.7589 164.062
13.4782 3.81937 170.412 0.821856 0.0418151
66.3677 64.5578 60.1898 61.0761 128.779
4.99123 4.16749 90.7392 140.01 64.0307
0.320722 1.05299 0.0333194 53.0016 164.319
0.436426 0.0238412 3.13383 9.2165 176.862
49.7431 6.67579 49.4164 164.283 0.0178029
0.0015426 0.0556556 0.00211343 1.1141 174.152
102.09 6.82504 82.9366 106.444 54.6888
43.2871 29.6087 68.5838 40.3879 146.471
66.6314 13.3913 36.1273 108.99 109.637
1.02698 0.0094092 164.833 12.5741 22.0056
0.000850596 0.0347913 0.00256788 4.93812 163.934
0.0111983 0.139859 0.0129129 17.8971 162.461
0.0679469 0.637487 0.153709 137.43 92.6793
0.797578 0.00409993 161.48 1.3025 0.836643
2.33355 6.32727 5.5056 3.85221 175.506
36.8761 2.92099 159.958 0.921113 0.058839
5.50179 1.73331 3.91827 0.0328326 170.428
96.1548 8.17828 9.33115 147.59 1.94093
9.87381 26.0599 4.18911 171.544 0.669728
29.0455 142.495 34.4985 97.2352 0.588664
0.225782 14.2617 0.195431 170.526 5.58997
47.7817 3.36485 149.622 1.73842 70.3455
1.48185 4.61868 0.106953 14.0456 177.543
31.0936 31.6697 21.7832 33.5953 165.052
5.34071 2.83831 0.922868 169.664 30.5558
95.3765 0.596294 110.784 106.59 2.96194
27.1736 114.015 42.6679 130.71 0.8688
49.4281 0.226279 161.75 6.03033 45.7669
0.000330031 0.00617218 3.51445e-05 0.199715 168.191
41.1133 21.0625 27.4138 171.383 0.00988287
0.858316 1.2549 117.686 46.0846 122.739
0.346619 1.56507 0.0681069 169.595 0.00521877
14.6049 13.0944 69.1038 167.532 2.57238
3.78123 72.1366 49.4869 151.082 7.94539
0.320722 1.05299 0.0333194 53.0016 164.319
0.00295783 0.00741075 0.00104781 0.00444313 177.015
102.602 33.8679 25.186 139.479 8.46567
8.87131 5.51388 0.0493306 168.947 43.2345
62.1671 8.36253 162.194 11.7446 18.388
0.883542 0.0360587 161.483 1.77532 0.124091
102.09 6.82504 82.9366 106.444 54.6888
14.3465 10.821 124.842 30.1798 121.986
33.4529 31.5009 125.725 0.646093 108.767
0.185478 0.305391 0.0115489 42.9002 165.612
66.3677 64.5578 60.1898 61.0761 128.779
82.967 73.1659 36.7565 79.09 111.624
27.5251 6.62628 75.1122 161.223 8.82954e-05
113.096 0.556724 72.0322 115.745 0.247126
0.909172 0.0798615 139.847 1.67861 92.752
41.1724 2.25266 151.793 0.765979 58.6281
8.39197 6.50673 15.635 176.135 20.1668
59.1412 49.9561 158.184 5.35585 31.6664
8.13579 16.9154 58.8802 167.535 27.5123
5.95182 11.7605 8.35421 175.132 1.92818
0.704494 0.242437 157.823 61.8334 61.2001
33.503 26.3287 2.62577 172.379 7.8271
0.188552 21.0507 0.618328 172.43 3.82035
4.63591 0.0434192 1.28322 172.156 11.2262
18.3352 4.47489 141.328 86.704 59.7657
0.201451 1.21731 0.233677 171.831 12.684
12.5817 5.97516 79.1532 152.379 48.7108
18.3352 4.47489 141.328 86.704 59.7657
67.0616 54.7424 64.4564 141.277 25.7752
66.0458 30.2114 30.2066 82.0211 140.405
15.8437 69.8305 111.681 115.935 23.1686
1.04965 0.00868775 153.535 2.12096 59.6494
59.7514 22.5334 164.544 16.006 25.8315
13.1123 25.5147 9.95606 172.513 12.2253
1.95605 3.05868 1.975 55.6382 162.989
65.4166 22.6518 158.604 1.26254 4.83907
18.3696 0.571586 174.429 10.4868 19.8828
0.0382008 0.215526 22.7928 1.77036 173.052
0.478805 0.259825 0.144536 54.986 168.745
0.121039 0.274021 0.00413301 1.44131 172.849
0.236185 0.943673 0.0567164 170.42 49.4482
36.8761 2.92099 159.958 0.921113 0.058839
24.9858 10.7045 152.96 86.6316 0.00105783
16.7469 129.514 68.5766 94.8577 38.6746
6.6585 11.8234 8.73969 173.341 18.1687
7.99487 7.09733 11.7097 179.436 0.00119434
88.1022 0.492358 102.842 114.43 24.8817
19.7424 23.9742 65.7818 130.149 93.0138
80.4415 5.12723 39.4773 0.48479 145.379
0.117678 0.593083 0.0153887 111.694 118.859
29.0455 142.495 34.4985 97.2352 0.588664
12.3764 2.65956 154.43 0.994613 76.2122
0.178895 37.9003 1.89932 124.787 114.676
18.3696 0.571586 174.429 10.4868 19.8828
58.9654 36.4669 158.489 44.9526 24.8725
43.4291 40.6236 15.0388 33.6562 163.253
45.3068 9.21173 47.7971 169.086 7.37696
9.29517 17.3109 66.8622 12.36 164.916
24.7436 36.4519 90.5143 79.3652 116.472
0.00295173 0.00317988 0.00390483 0.0163618 173.752
0.900928 3.1349 4.86178 2.12303 176.159
12.3555 15.6924 170.201 0.800872 7.14664
27.1736 114.015 42.6679 130.71 0.8688
6.92373 22.77 20.7937 176.752 19.2168
6.52542 75.0002 3.22121 140.429 81.4452
0.796781 0.401858 173.218 1.53174 8.782
8.87131 5.51388 0.0493306 168.947 43.2345
1.56556 0.00785951 163.513 13.3686 8.37186
3.75078 3.08166 11.8694 137.658 117.882
0.706157 1.86635 0.185667 159.657 56.1798
21.1843 14.9812 0.684338 147.344 90.5892
4.63591 0.0434192 1.28322 172.156 11.2262
96.621 123.024 25.8673 78.9599 26.4754
46.571 1.22024 155.969 1.63952 0.0573815
9.54539 17.7156 170.974 1.41073 8.30438
40.7559 0.210398 170.479 10.4708 0.601237
23.041 0.283723 0.760004 0.13979 167.268
2.34738 0.039129 151.423 89.2511 0.321854
96.621 123.024 25.8673 78.9599 26.4754
25.2458 9.30492 14.6189 22.467 175.092
111.012 129.637 1.54576 40.6144 23.288
0.0679469 0.637487 0.153709 137.43 92.6793
76.6248 32.5091 31.481 49.8294 148.243
0.861246 0.497728 174.26 0.998916 23.0095
0.796781 0.401858 173.218 1.53174 8.782
0.785054 0.0417968 166.797 10.0631 26.764
5.57144 0.542387 133.739 112.384 0.690171
61.937 108.508 119.692 48.8389 0.796347
0.188552 21.0507 0.618328 172.43 3.82035
12.3555 15.6924 170.201 0.800872 7.14664
7.47826 7.769 133.281 16.3701 110.077
0.0293302 0.787991 0.00890217 167.79 0.0886933
73.1984 36.4031 39.1191 44.0638 149.27
0.165812 1.03446 0.103369 114.396 117.786
66.6314 13.3913 36.1273 108.99 109.637
11.0942 0.128706 38.782 31.2705 169.929
1.58628 8.67075 1.66572 18.597 178.734
0.0022353 0.296517 0.0824243 63.4293 153.031
0.0465212 10.0362 7.79183 89.6314 153.674
3.72969 19.8546 20.3579 175.262 0.666676
24.8049 44.1049 29.2177 5.99505 169.643
3.46589 0.723462 172.667 9.0435 16.5991
4.99123 4.16749 90.7392 140.01 64.0307
7.54501 0.877249 5.9172 164.987 45.608
22.7464 3.29871 12.3527 144.561 85.7504
0.0295805 0.0320531 0.00288924 0.329064 176.064
