202 3.26276
3.61341e-06 3970.78 3857.06
4468.3 0.00602452 4498.04
2354.17 2337.46 5.54623e-06
104.159 194.237 309.929
100.964 151.478 258
123.696 188.156 307.78
97.2658 146.318 239.569
128.833 169.991 310.962
141.314 195.058 326.677
112.597 168.575 283.743
108.29 184.484 292.523
147.296 369.525 579.629
100.825 140.328 240.08
101.891 122.65 220.858
205.337 241.435 383.192
120.74 176.985 298.563
207.495 199.943 340.399
130.251 196.184 331.244
116.159 157.865 252.567
164.506 198.142 354.293
241.867 205.602 464.44
102.967 154.809 266.813
118.064 190.474 300.689
123.592 211.842 327.957
118.995 188.273 311.648
154.461 223.659 377.287
143.88 333.831 480.944
114.708 159.116 282.838
145.306 217.004 326.765
162.631 220.736 384.943
93.7838 203.533 294.712
147.913 163.91 314.534
118.776 193.635 299.539
265.035 168.038 436.146
168.745 211.037 357.032
133.618 193.686 344.951
147.679 148.134 295.895
117.645 159.125 262.314
124.555 225.129 358.734
117.645 159.125 262.314
142.6 243.502 369.433
167.286 212.102 357.004
118.776 193.635 299.539
153.678 217.684 371.357
162.631 220.736 384.943
171.193 194.238 361.668
123.456 163.456 285.454
170.757 152.59 268.371
186.117 217.977 392.92
131.158 177.658 289.294
147.913 163.91 314.534
150.326 181.83 319.534
103.099 177.839 283.756
134.465 178.518 335.498
136.07 214.591 331.863
109.449 164.555 283.61
125.357 166.294 277.49
108.29 184.484 292.523
143.667 190.341 327.579
130.808 166.32 282.216
138.84 244.839 397.761
146.709 232.262 401.441
141.684 213.879 354.804
73.922 110.673 186.283
129.011 211.928 342.843
114.409 203.441 305.07
114.081 156.7 268.926
105.606 155.473 256.572
148.038 199.44 344.205
150.431 271.681 432.838
73.922 110.673 186.283
122.415 171.181 293.215
150.431 271.681 432.838
114.254 157.307 266.253
72.8492 109.067 183.58
131.171 198.478 333.712
145.627 188.759 280.127
158.166 192.382 345.647
102.943 181.596 286.661
73.922 110.673 186.283
133.258 134.961 220.009
98.0532 138.805 247.06
126.29 193.847 328.712
84.5914 126.647 213.17
73.922 110.673 186.283
142.805 225.892 362.761
114.254 157.307 266.253
199.013 201.065 321.795
143.275 199.576 353.154
130.676 188.038 325.557
152.832 227.49 342.835
154.288 235.151 366.519
164.159 228.589 375.399
395.867 181.252 540.893
124.579 174.585 293.063
103.514 145.379 239.154
130.251 196.184 331.244
117.48 202.247 319.334
118.029 189.814 283.182
168.103 215.073 349.102
125.514 186.255 312.805
139.765 181.157 292.331
144.062 190.865 328.479
148.382 209.311 344.558
143.763 179.105 315.258
125.496 200.79 321.886
138.944 213.776 355.634
116.144 164.994 279.412
117.013 218.513 345.62
130.676 188.038 325.557
395.867 181.252 540.893
130.784 193.77 318.587
104.786 186.886 280.582
146.709 232.262 401.441
141.997 170.862 314.961
130.808 166.32 282.216
112.597 168.575 283.743
158.166 192.382 345.647
141.314 195.058 326.677
136.492 184.594 320.689
144.962 188.062 332.788
131.158 177.658 289.294
114.363 149.812 255.284
130.7 198.714 329.694
138.765 188.963 334.52
86.4641 152.609 238.222
153.349 210.543 352.369
163.957 190.843 344.956
139.056 203.444 330.071
130.7 198.714 329.694
117.736 141.937 262.888
146.476 199.067 318.486
133.996 176.493 308.426
103.099 177.839 283.756
146.218 211.301 328.326
136.492 184.594 320.689
163.814 224.542 385.982
109.449 164.555 283.61
111.929 176.196 297.75
100.741 168.007 272.225
65.0232 92.6503 153.695
14.3595 3885.7 3908.47
128.365 130.006 211.931
128.922 204.297 340.671
126.364 206.968 332.251
94.2497 137.149 245.752
2311.62 2655.39 5.32838
125.324 205.492 332.147
109.253 191.559 294.494
100.741 168.007 272.225
65.0232 92.6503 153.695
143.667 190.341 327.579
108.053 151.091 262.868
115.98 184.944 300.5
101.745 154.731 261.346
121.066 184.087 299.686
72.8492 109.067 183.58
139.445 247.051 432.801
97.2658 146.318 239.569
142.709 189.896 327.147
88.7193 128.549 216.875
110.003 174.534 298.178
131.027 181.054 316.936
212.45 221 448.842
114.708 159.116 282.838
109.253 191.559 294.494
120.493 171.779 285.878
153.597 186.491 334.952
101.891 122.65 220.858
103.514 145.379 239.154
123.4 180.189 295.095
159.416 210.461 343.58
113.866 156.266 275.885
139.056 203.444 330.071
107.678 144.361 268.912
118.029 189.814 283.182
111.949 162.176 284.528
139.916 180.116 311.844
125.357 166.294 277.49
120.493 171.779 285.878
132.278 181.917 308.877
115.463 130.401 213.163
144.811 191.73 334.831
150.813 216.749 363.269
100.964 151.478 258
128.317 183.647 306.009
72.8492 109.067 183.58
117.736 141.937 262.888
133.84 232.561 371.747
113.392 194.514 345.805
111.372 172.008 288.105
101.997 173.361 271.896
116.179 210.409 344.733
86.4641 152.609 238.222
118.995 188.273 311.648
121.066 184.087 299.686
149.264 202.538 351.424
113.257 159.867 265.054
138.765 188.963 334.52
107.552 162.74 273.623
106.858 171.726 279.281
101.745 154.731 261.346
124.579 174.585 293.063
150.326 181.83 319.534
165.439 221.646 386.579
2311.62 2655.39 5.32838
134.939 290.056 464.102
88.7193 128.549 216.875
72.8492 109.067 183.58
143.763 179.105 315.258
123.412 159.611 299.926
143.275 199.576 353.154
86.1282 160.838 249.322
120.369 169.109 279.288
114.363 149.812 255.284
122.415 171.181 293.215
153.349 210.543 352.369
124.644 209.184 322.476
96.6373 156.856 256.068
125.496 200.79 321.886
130.956 189.855 318.772
132.309 227.134 363.959
84.5914 126.647 213.17
129.773 215.461 342.371
115.095 200.38 298.695
110.003 174.534 298.178
145.627 188.759 280.127
146.575 205.424 367.675
111.929 176.196 297.75
241.867 205.602 464.44
98.0532 138.805 247.06
115.805 198.75 320.25
111.949 162.176 284.528
141.954 113.652 258.042
171.246 200.396 325.936
127.61 222.693 318.829
142.709 189.896 327.147
212.45 221 448.842
107.678 144.361 268.912
154.461 223.659 377.287
134.877 233.215 372.519
133.84 232.561 371.747
128.317 183.647 306.009
73.922 110.673 186.283
131.545 229.025 352.745
125.305 205.096 305.844
170.368 215.375 363.166
92.8533 139.017 233.99
120.369 169.109 279.288
108.459 161.598 271.085
166.183 219.498 353.193
96.1829 157.203 246.987
96.6373 156.856 256.068
123.456 163.456 285.454
139.445 247.051 432.801
96.1829 157.203 246.987
114.409 203.441 305.07
126.364 206.968 332.251
144.962 188.062 332.788
118.029 189.814 283.182
125.514 186.255 312.805
105.606 155.473 256.572
154.288 235.151 366.519
100.825 140.328 240.08
115.463 130.401 213.163
104.786 186.886 280.582
2354.17 2337.46 5.54623e-06
153.597 186.491 334.952
92.8533 139.017 233.99
136.24 206.071 341.689
123.412 159.611 299.926
142.301 188.32 321.361
125.324 205.492 332.147
136.632 247.478 369.301
150.492 201.91 372.156
101.574 174.081 279.991
113.257 159.867 265.054
129.773 215.461 342.371
107.552 162.74 273.623
113.866 156.266 275.885
132.278 181.917 308.877
132.524 193.743 325.633
122.327 198.675 305.461
111.372 172.008 288.105
84.5914 126.647 213.17
94.2497 137.149 245.752
141.954 113.652 258.042
118.939 210.442 333.854
122.237 170.646 308.02
158.937 207.372 360.15
139.765 181.157 292.331
108.459 161.598 271.085
135.942 201.095 336.384
102.967 154.809 266.813
126.29 193.847 328.712
106.858 171.726 279.281
170.757 152.59 268.371
119.657 199.61 346.583
138.886 226.747 382.006
117.843 181.078 292.702
