10 0.379677
0.126512 0.296333 0.243358 0.107055 24.7494
0.239221 0.0751073 0.0140817 0.0232631 27.2304
0.139001 0.019518 0.0406664 0.216538 26.036
0.251981 0.11947 0.212241 0.123636 25.0205
0.242008 0.0306569 3.76659e-05 0.211377 27.1182
0.00731489 0.00822748 0.133941 0.282591 27.2881
0.186189 0.00549156 0.0341007 0.0803894 27.8073
0.0515848 0.0335901 0.0467877 0.177422 26.4208
0.00740377 0.151401 0.0244457 0.00272848 29.8631
0.0203048 0.256835 0.150236 0.337883 25.4536
0.165657 0.301081 0.25691 0.0354183 25.457
0.199073 0.717938 0.29671 0.0945586 24.4366
0.0248986 0.396304 0.164566 0.00290309 26.6247
0.30096 0.256465 0.0935013 0.0146267 25.9882
0.0777381 0.188225 0.0650521 0.0113561 27.1617
0.0129619 0.101963 0.08496 0.202102 26.3417
0.0975883 0.155909 0.311078 0.00897643 26.1179
0.00479492 0.4005 0.021968 0.203047 26.8897
0.248625 0.237643 0.32207 0.617992 24.5825
0.139634 0.050605 0.0905512 0.0419963 26.6003
0.056179 0.102302 0.116821 0.107484 26.2511
0.00119292 0.0925324 0.0350447 0.173929 29.2338
0.0235933 0.344403 0.0312628 0.027367 27.5417
0.222873 0.0389584 0.264799 0.0214083 26.4049
0.239419 0.274725 0.147716 0.0822078 25.0265
0.0993992 0.194005 0.011616 0.236191 25.7659
0.00367644 0.237458 0.0325172 0.0623315 28.9724
0.83722 0.211636 0.0436988 0.0507925 24.9691
0.10926 0.328611 0.00575652 0.156655 25.8868
0.312484 0.0731549 0.203413 0.209335 25.3882
0.0714103 0.0362119 0.122035 0.0411422 28.2599
0.338482 0.286652 0.149003 0.233665 24.7415
0.247669 0.215061 0.0430747 0.080848 25.8564
0.294945 0.341628 0.134239 0.119268 24.7854
0.329263 0.0423035 0.196431 0.140778 25.8403
0.262397 0.0568635 0.173774 0.255447 25.5578
0.160511 0.0127517 0.101568 0.0608071 26.9782
0.144555 0.417559 0.0118915 0.251628 25.5239
0.199604 0.253289 0.183873 0.249126 24.8451
0.265326 0.358355 0.0268546 0.291618 25.3671
0.227752 0.280428 0.108754 0.185255 24.9458
0.616115 0.0223452 0.00226632 0.0933403 27.5982
0.760133 0.108162 0.168904 0.0236233 25.5849
0.315899 0.100678 0.308811 0.00513843 27.2368
0.0407556 0.295045 0.213573 0.631895 25.0546
0.42117 0.305858 0.000644372 0.160325 25.9647
0.128669 0.276378 0.0820607 0.302999 25.2412
0.314827 0.103675 0.00698609 0.190974 26.2694
0.142727 0.184382 0.00247692 0.391933 26.4193
0.17112 0.00449311 0.215606 0.132463 26.704
0.287954 0.284232 0.0784379 0.23724 25.0732
0.172683 0.463173 0.0349061 0.000878678 28.682
0.0192078 0.291384 0.039011 0.208139 26.0846
0.187761 0.315726 0.155484 0.00196957 27.0292
0.178248 0.191868 0.226248 0.0853135 25.3582
0.0585898 0.463609 0.00642049 0.086257 28.8106
0.00356338 0.00437265 0.135022 0.185716 29.9725
0.2869 0.187519 0.097506 0.292014 25.168
0.199073 0.717938 0.29671 0.0945586 24.4366
0.150522 0.178163 0.188229 5.88802e-05 29.3009
0.242008 0.0306569 3.76659e-05 0.211377 27.1182
0.770563 5.61552e-05 0.390086 0.0559345 26.0898
7.63094e-06 0.586414 0.41323 0.561254 31.2038
0.00157212 0.233434 0.255545 0.239401 25.239
0.0827178 0.382075 0.186615 0.179895 25.6213
0.0767743 0.354969 0.194932 0.0861289 26.3184
0.162982 0.268127 0.246862 0.104622 25.1659
0.133518 0.40207 0.265902 0.0370788 25.4506
0.202235 0.269842 0.235563 0.26393 25.2295
0.0551994 0.0467355 0.0665894 0.13804 27.2904
0.0905128 0.311466 0.154909 0.127439 24.6401
0.229496 0.313066 0.241148 0.304664 24.9967
0.237503 0.242078 0.287983 0.0453163 25.1797
0.19436 0.240641 0.228688 0.251299 25.3138
0.19226 0.356757 0.320279 0.0271766 25.5788
0.0510096 0.303425 0.130412 0.0541633 25.6676
0.0581462 0.210695 0.19198 0.0199245 25.7287
0.236186 0.245138 0.206104 0.199875 25.2962
0.0256774 0.370915 0.187944 0.15424 25.9336
0.260686 0.0549954 0.320639 0.251597 24.8343
0.515985 0.401553 0.23497 0.0861335 25.6403
0.179124 0.164232 0.310484 0.109062 24.9606
0.0989958 0.174667 0.0202749 0.0693777 28.0794
0.193676 0.390478 0.268031 0.0634075 25.6913
0.0406277 0.247474 0.256032 0.227958 25.5596
0.321447 0.2054 0.00826377 0.0792694 27.2752
0.337635 0.465768 0.363668 0.0406586 25.4764
0.301185 0.197146 0.23136 0.0858293 25.3353
0.0780907 0.574512 0.335932 0.0624651 26.2233
0.315091 0.267864 0.00835279 0.00813762 27.5098
0.374877 0.246407 0.210781 0.191397 24.4792
0.0919984 0.61183 0.25509 0.281852 25.1316
0.315175 0.265933 0.391353 0.123804 25.094
0.236474 0.292934 0.159123 0.130001 25.1438
0.0250872 0.293132 0.317024 0.156431 25.2333
0.0881343 0.090645 0.0500523 0.224698 26.1187
0.126945 0.313208 0.278225 0.184324 24.9397
0.068388 0.292439 0.242619 0.0562993 25.7274
0.202541 0.336838 0.233625 0.250925 24.0905
0.103814 0.178173 0.134354 0.215629 25.494
0.496894 0.0621343 0.0539856 0.105392 27.9765
0.14456 0.383785 0.14259 0.2547 24.8237
0.00794727 0.434994 0.306084 0.155632 26.179
0.174522 0.334394 0.282146 0.0356038 25.6431
0.0501022 0.297979 0.192321 0.213285 25.2072
0.155533 0.32578 0.278477 0.156558 24.858
0.321904 0.128476 0.233607 0.0327299 25.0219
0.0695741 0.362147 0.299186 0.255866 25.3858
0.12246 0.106472 0.012858 0.0072211 28.0408
0.280155 0.170554 0.197255 0.0244345 25.7371
0.27143 0.303032 0.218767 0.187193 24.2286
0.00682996 0.423085 0.221701 0.409326 26.3711
0.128005 0.0613389 0.0410799 0.188976 26.7362
0.330001 0.335111 0.00415539 0.0550889 27.4049
0.127029 0.00485344 0.264792 0.256703 25.5831
0.40942 0.0455633 0.110228 0.0309569 27.7752
0.0483019 0.193749 0.175519 0.261196 24.6451
0.298006 0.30993 0.289417 0.344986 24.8248
0.117083 0.26675 0.164531 0.225152 24.8838
0.185149 0.260352 0.327897 0.25257 24.8661
0.24575 0.033083 0.0114444 0.0128134 27.8371
0.377854 0.106915 0.0415787 0.0319985 27.3805
0.0368498 0.122351 0.00880369 0.0278266 27.6582
0.168497 0.583138 0.236312 0.0766352 25.6446
0.108072 0.20751 0.152188 0.295704 24.9871
0.0467541 0.43513 0.255841 0.113549 26.1108
0.346691 0.271976 0.161248 0.0274086 25.4954
0.12034 0.215872 0.176074 0.0605126 25.7321
0.00555421 0.19091 0.283647 0.0956618 25.9868
0.200788 0.463451 0.313223 0.0952417 25.8228
0.0749612 0.413675 0.220132 0.120314 25.6819
0.254511 0.30151 0.266175 0.138983 24.8743
0.373114 0.225315 0.371036 0.149361 25.5424
0.0635147 0.090757 0.218841 0.056796 26.0141
0.175639 0.314572 0.278057 0.00501131 25.32
0.0204772 0.301337 0.162206 0.0189137 26.4401
0.14646 0.146684 0.218306 0.298722 24.7975
0.362626 0.388242 0.411471 0.215198 26.4875
0.143932 0.186848 0.249998 0.200134 25.4283
0.278586 0.242789 0.255742 0.0253992 25.8101
0.396741 0.447488 0.152514 0.370908 25.3952
0.362347 0.178093 0.0676427 0.113801 26.6909
0.0636583 0.0938049 0.011694 0.00546456 27.7025
0.336934 0.262078 0.113721 0.0690576 25.2341
0.175586 0.438868 0.209063 0.0639661 26.2889
0.284883 0.144936 0.153411 0.176408 26.7324
0.25496 0.310683 0.216847 0.078001 25.4297
0.231575 0.208341 0.0943673 0.049187 24.7285
0.282799 0.186657 0.266765 0.06106 25.3664
0.137163 0.329242 0.26233 0.106888 25.3305
0.0162696 0.249647 0.243004 0.0338828 25.9326
0.392819 0.109889 0.0157753 0.0615256 28.4743
0.115714 0.437233 0.20068 0.274549 25.2023
0.252772 0.280641 0.343073 0.130775 24.3869
0.331108 0.154064 0.0693173 0.0302275 27.5768
0.138625 0.221074 0.437108 0.0529947 26.2145
0.0411795 0.138836 0.131506 0.153426 25.7026
0.388716 0.126391 0.0478679 0.115125 26.9638
0.106916 0.317126 0.236355 0.0310933 26.1764
0.160533 0.329124 0.255679 0.164144 25.0731
0.0207016 0.276382 0.255662 0.287899 25.0646
0.228037 0.0647446 0.234417 0.120184 25.291
0.111356 0.0972474 0.323218 0.181537 24.8471
0.142017 0.356979 0.276819 0.0533142 25.4235
0.0978792 0.293274 0.286822 0.0689111 25.6785
0.167579 0.171734 0.164871 0.19818 25.2192
0.350125 0.0927685 0.0623075 0.176252 27.2933
0.203475 0.42895 0.273856 0.0893152 25.3573
0.130697 0.145704 0.224491 0.0517292 25.4976
0.200541 0.0522963 0.01421 0.123562 28.3711
0.336998 0.172644 0.377047 0.110268 25.3703
0.0386883 0.360107 0.275228 0.0809114 25.9394
0.212695 0.0703768 0.0294593 0.0562434 27.3085
0.109907 0.0079715 0.0219395 0.0387231 27.7153
0.151343 0.281114 0.243456 0.0855357 25.2431
0.120487 0.309102 0.272626 0.164719 25.4163
0.0708964 0.0193267 0.188061 0.150109 25.6275
0.331196 0.0241344 0.0649705 0.0364244 27.5018
0.0196196 0.379385 0.178444 0.199247 25.9937
0.215025 0.0151641 0.00369779 0.0546523 28.2851
0.180092 0.660754 0.22244 0.102554 24.8828
0.378614 0.104692 0.19679 0.242483 25.4169
0.397537 0.266264 0.166229 0.181214 26.7497
0.305122 0.198916 0.0133818 0.154012 27.0279
0.106567 0.265648 0.00484323 0.0835573 27.7224
0.304496 0.493158 0.180375 0.214621 25.5858
0.237932 0.337067 0.202033 0.0444226 25.4183
0.144232 0.00451071 0.0322299 0.106486 27.6821
0.0580377 0.172404 0.363595 0.0874501 25.9762
0.148062 0.387771 0.33919 0.0360614 26.0281
0.0556011 0.232963 0.272755 0.0446174 25.0817
0.219422 0.100059 0.129233 0.00168881 25.5286
0.287845 0.312369 0.214524 0.16503 24.8786
0.187297 0.255584 0.308075 0.0201035 25.5538
0.360128 0.269409 0.0190343 0.0145573 26.8589
0.0517837 0.336985 0.24001 0.185477 25.4108
0.0893095 0.228585 0.223467 0.225142 25.613
0.418155 0.0257812 0.147716 0.126487 27.7896
0.39149 0.139994 0.308562 0.118269 25.7884
0.107352 0.238418 0.242436 0.0564584 24.7658
0.429794 0.355526 0.235596 0.124469 26.0788
0.0163184 0.374719 0.273781 0.202369 25.62
0.249691 0.223747 0.280128 0.018419 24.8816
0.161528 0.10893 0.199501 0.147321 25.1289
0.280478 0.552422 0.319436 0.17426 25.4986
0.122997 0.0853388 0.0283379 0.0517294 27.8131
0.386779 0.261848 0.181113 0.205504 25.0721
0.208797 0.208137 0.143669 0.193447 24.9866
0.232208 0.029363 0.0330463 0.246453 27.3549
0.0783266 0.00272356 0.0254362 0.0471833 27.8552
0.184452 0.251256 0.112992 0.0388866 24.7659
0.183503 0.0921512 0.0619264 0.045794 27.5072
0.261033 0.471771 0.235441 0.106142 25.3307
0.15068 0.304652 0.26397 0.353436 25.4906
0.0662231 0.335352 0.263719 0.0914967 25.8457
0.110964 0.169772 0.0762354 0.100198 26.3273
0.238896 0.0817893 0.0693563 0.134805 25.2884
0.321198 0.0129402 0.0926791 0.0592793 27.5925
0.240378 0.399787 0.207885 0.0987028 25.5086
0.0105804 0.273494 0.448153 0.0528786 26.0056
0.235333 0.460617 0.24922 0.110552 25.9197
0.276161 0.141957 0.00388806 0.26079 27.2188
0.144087 0.256838 0.114103 0.097848 26.133
0.112669 0.318756 0.32488 0.216971 25.3077
0.195813 0.0434947 0.00072868 0.091506 28.0736
0.246348 0.018373 0.0836932 0.041029 27.1378
0.114464 0.470141 0.314505 0.195255 25.1791
0.250706 0.0577286 0.130009 0.219558 26.2486
0.134051 0.210204 0.291528 0.248029 24.9384
0.194257 0.273505 0.132099 0.0384781 27.1193
0.354794 0.15117 0.068622 0.176257 26.5841
0.207407 0.398559 0.314809 0.274241 25.5728
0.0944337 0.274935 0.187768 0.145675 25.4726
0.053259 0.469548 0.320664 0.0884155 26.4658
0.24662 0.272661 0.225562 0.10334 25.1525
0.210631 0.368223 0.313486 0.128552 25.0948
0.365196 0.272776 0.211802 0.0131806 25.0209
0.16446 0.421126 0.317306 0.234498 25.2865
0.0516738 0.0487391 0.0562712 0.0480939 28.6269
0.254121 0.325053 0.170557 0.0333906 25.0666
0.282459 0.216465 0.117325 0.0905394 26.9955
0.197333 0.0383789 0.140969 0.0747163 27.4358
0.106325 0.030731 0.0467658 0.0280713 27.9799
0.135709 0.103596 0.254341 0.248033 25.7936
0.165507 0.291705 0.160156 0.195159 24.7951
0.274262 0.11316 0.0794021 0.0595087 27.0924
0.143575 0.353723 0.219496 0.0564937 26.5369
0.078834 0.439581 0.18874 0.0206932 25.2897
0.294438 0.368403 0.208114 0.176391 24.405
0.138801 0.39168 0.291097 0.0449378 25.4529
0.168324 0.0973622 0.189903 0.118393 25.4706
0.236163 0.144154 0.213747 0.199814 25.729
0.257245 0.0778708 0.0386726 0.0461365 27.0842
0.317419 0.599266 0.268586 0.123531 25.9489
0.0370566 0.217235 0.171521 0.137284 25.3885
0.235946 0.172309 0.258795 0.224199 24.9025
0.0965824 0.448109 0.275867 0.158749 25.0276
0.418719 0.0452106 0.0409036 0.241838 28.5754
0.186069 0.244433 0.315967 0.102074 25.5146
0.187237 0.458236 0.265369 0.0163635 25.8768
0.192659 0.199934 0.274532 0.0418679 25.3146
0.175076 0.422847 0.279183 0.150094 25.1698
0.373888 0.217621 0.308245 0.0743582 25.3806
0.0689356 0.310843 0.341118 0.161634 25.2549
0.053899 0.21905 0.204342 0.236364 24.9998
0.167735 0.0300355 0.170373 0.170098 27.4267
0.117217 0.184022 0.255706 0.16867 25.1405
0.0669683 0.539488 0.311005 0.142215 26.1976
0.129925 0.138402 0.134286 0.0472616 25.8822
0.183101 0.19965 0.176421 0.0390414 24.9683
0.335366 0.443098 0.237241 0.0854514 25.1111
0.120692 0.363791 0.319932 0.073792 25.6919
0.299769 0.199471 0.303526 0.149977 24.904
0.0421557 0.20845 0.145356 0.206364 25.289
0.337786 0.331534 0.301135 0.133794 24.8136
0.0452448 0.106932 0.193507 0.150215 25.9635
0.302376 0.105654 0.0423335 0.00721816 27.0427
0.229078 0.381973 0.239916 0.0591262 26.2796
0.331724 0.0635193 0.0643258 0.00625561 27.9996
0.0440303 0.407732 0.25653 0.118189 25.908
0.0797148 0.472848 0.2031 0.00246086 25.8595
0.081158 0.178921 0.220089 0.047878 25.7712
0.264852 0.443266 0.350746 0.161552 25.8855
0.429687 0.141073 0.035058 0.0152099 27.4025
0.454027 0.0955139 0.172777 0.0982474 27.1073
0.346605 0.104465 0.0820711 0.125548 27.2697
0.271331 0.26508 0.19171 0.035252 24.6671
0.214007 0.239467 0.280835 0.180879 24.8641
0.0767161 0.331136 0.258696 0.259773 25.4147
0.113186 0.119169 0.0297005 0.189795 26.8339
0.0798907 0.287339 0.28925 0.201385 25.6009
0.200585 0.15807 0.0989817 0.210338 25.3632
0.0267587 0.596124 0.140931 0.0481733 26.3293
0.549112 0.194462 0.116466 0.0845012 27.3277
0.267947 0.28422 0.236033 0.208705 24.5463
0.442182 0.191734 0.127711 0.0478943 27.2871
0.0862498 0.260146 0.215514 0.0153325 25.4068
0.185993 0.21534 0.234427 0.084105 25.3465
0.138673 0.372479 0.30548 0.0881579 25.915
0.415517 0.384355 0.280277 0.0329314 26.0835
