6 0.102064
3.573 3.28709e-29 8.77855e-39
4.27329 0 3.10978e-183
4.50006 0.0236204 0
4.4081 3.87933e-22 2.28749e-37
2.48743e-16 4.06228 5.03373e-30
4.00954 0 4.7072e-82
2.40877 6.22923e-32 5.94343e-42
3.9348 5.15216e-15 1.68443e-54
6.09673 7.9004e-111 0
3.91329 2.59961e-168 2.40246e-56
3.61583 0 4.48052e-30
2.70961 4.74402e-28 2.08709e-34
4.27504 3.2831e-22 7.94868e-33
3.54693 8.67849e-53 6.67001e-28
3.54907 0 4.3978e-30
4.35 5.39026e-30 0
3.23142 6.89156e-30 0
5.29328 4.63808e-105 1.13583e-103
3.56805 0 4.42131e-30
2.58639 0 4.08074e-14
4.29064 8.51958e-64 1.75236e-49
5.77437 2.79775e-36 0
3.24658e-16 5.30206 6.56999e-30
4.23092 1.76519e-30 7.06334e-62
3.78251 3.25877e-47 3.94137e-29
3.81635 4.72899e-30 6.33445e-73
3.24451 2.68021e-20 8.43054e-21
4.81045 5.96082e-30 2.89618e-40
4.78396 2.90204e-41 5.92799e-30
3.51662 3.05417e-29 0
4.44354 0 2.04756e-13
6.59761 2.67051e-21 7.7646e-12
3.90254 1.0611e-168 2.58928e-41
6.2132 0 1.13518e-122
3.29244 5.21992e-49 1.67033e-48
4.89954 2.45767e-69 6.30731e-15
3.44936 3.41343e-40 8.46786e-79
4.02229 4.00278e-43 5.63133e-99
2.35144 2.5911e-99 1.28285e-102
4.91587 0 2.88228e-37
3.2047 4.71324e-85 8.02545e-27
4.06882 0 5.04184e-30
5.7457 1.0433e-97 2.26632e-18
3.79305 1.89425e-14 2.84234e-72
4.20677 0 8.40276e-26
4.36758 6.77689e-07 2.25215e-43
3.94418 3.16801e-101 3.076e-68
4.33881 1.55527e-30 2.10021e-66
2.92917 2.62047e-26 1.71871e-22
3.21442 8.27591e-63 2.08687e-20
4.15509 1.59583e-31 5.14873e-30
4.58233 2.67352e-31 4.66873e-34
2.51551 1.75232e-25 3.11707e-30
4.38249 7.06416e-27 2.82627e-41
5.00226 4.90409e-65 4.64658e-97
5.62024 4.22516e-75 7.89789e-80
4.05516 2.51169e-68 0
4.46716 7.35711e-145 5.53543e-30
4.19689 4.59224e-69 1.6485e-62
4.36038 2.75145e-82 5.40312e-30
3.49397 3.68851e-38 3.60242e-07
3.88388 4.81267e-30 5.09998e-65
4.73293 0 1.9841e-95
4.65259 2.43604e-15 7.48655e-40
4.86215 0 6.02488e-30
4.04664 2.92298e-158 5.15414e-24
3.07051 3.75618e-23 0
4.02939 9.91997e-26 4.99298e-30
4.39599 1.14234e-24 1.73443e-75
4.04641 9.86026e-50 5.15391e-199
3.16674 1.83762e-48 5.28905e-80
4.71932 1.96541e-56 0
5.00718 0 6.20459e-30
4.403 2.71686e-09 3.01957e-25
4.19233 5.41658e-07 7.5629e-101
4.44531 0 5.50836e-30
4.1242 1.3826e-98 5.72451e-28
4.94845 4.4887e-27 6.13183e-30
3.14476 3.89679e-30 2.49739e-34
5.93205 5.64338e-47 1.78478e-51
4.16932 4.44667e-25 0
4.99348 1.48442e-96 4.74657e-50
5.41983 3.13351e-71 0.000447135
3.41164 3.5191e-43 4.2275e-30
4.13504 8.59866e-49 1.43746e-50
6.63592 5.94528e-39 0
4.79021 2.76936e-63 5.93574e-30
5.34009 7.66092e-79 1.7235e-130
3.41983 2.55043e-20 0
4.60882e-16 1.11202e-152 7.52677
3.20227 6.11507e-45 5.49179e-12
3.98846 0 1.11995e-108
4.69407 7.31074e-51 1.59127e-82
3.77927 5.95947e-32 1.12968e-35
3.48357 7.93982e-28 4.31663e-30
3.05726 5.7436e-26 1.35024e-22
4.62324 3.76024e-10 0
3.83795 4.75576e-30 1.54311e-41
2.81466 5.06309e-55 1.57148e-27
4.51115 5.58994e-30 8.50582e-42
4.03132 3.55369e-10 0
6.27656 1.60831e-170 8.72505e-21
4.38116 0 5.26177e-44
3.70004e-16 4.09802e-203 6.04263
4.10884 1.22956e-97 5.09142e-30
4.75107 1.13991e-24 2.49516e-54
3.6756 3.32399e-27 1.71311e-45
4.44172 0 1.58775e-50
2.91448 1.58866e-28 4.35499e-83
2.78499e-16 3.45099e-46 4.54823
4.10852 6.72489e-33 0.0628062
4.25351 1.42377e-46 2.9878e-59
4.84512 6.00378e-30 6.00378e-30
3.54059 1.39712e-119 1.74488e-86
4.52812 5.61097e-30 0
4.13865e-16 6.75892 6.50956e-61
4.41861 3.72323e-22 5.00055e-84
4.13536 2.66082e-29 2.05269e-167
4.71214 7.9113e-16 0.0530658
2.7851 8.67193e-23 1.23645e-32
4.13304 4.35311e-52 3.0209e-55
3.83533 2.46219e-37 2.55841e-157
2.66491 3.38682e-36 0
3.96842 5.05519e-35 3.82346e-52
4.77376 5.91535e-30 7.76504e-139
4.1483 1.21012e-47 5.14032e-30
4.37138 5.41675e-30 1.46273e-66
4.33078 2.5289e-46 0.000575165
4.2453 2.11481e-06 1.49206e-78
4.7291 1.71108e-53 3.01685e-43
4.37971 7.75739e-83 1.08456e-100
3.68991 4.57232e-30 3.44684e-40
3.28977 1.2831e-109 4.07649e-30
4.7648 1.51787e-50 1.14009e-33
3.62599 2.93485e-26 7.9313e-168
4.42225 1.2493e-128 5.47979e-30
3.57215 7.9726e-43 8.38533e-60
4.19924 1.50351e-37 1.18714e-199
4.58568 1.21839e-36 6.48363e-93
3.57439 2.45015e-59 1.13492e-24
4.66366 1.00252e-84 2.07471e-73
2.88936 5.56133e-73 4.65397e-31
6.90574 0.00200448 6.3035e-07
3.99564 6.51139e-55 0
3.62461 0.00443144 7.28454e-100
4.76999 2.32287e-123 3.00883e-05
3.17915e-16 4.62724e-151 5.19194
3.39331 1.36425e-73 7.92862e-29
4.16189 1.75648e-69 5.15717e-30
6.74132 8.35343e-30 0
3.52786 3.51488e-13 1.02032e-28
4.1693 9.37458e-120 1.39386e-78
3.06362 3.79626e-30 3.79626e-30
4.98428 6.25179e-33 1.25902
7.84981 1.53261e-08 0
3.84082 0 4.75931e-30
4.55772 0 9.07543e-70
4.55782 3.98535e-13 0
4.12998 1.80848e-19 2.73061e-121
4.66773 1.89596e-151 3.0659e-31
6.02975 1.53625e-81 2.85724e-105
4.721 0 5.84998e-30
3.71057 5.21596e-23 1.76775e-34
4.05846 0 0
4.14618 1.08512e-88 1.26036e-42
3.32339 9.5079e-119 8.81505e-78
4.34957 0 1.73089e-92
3.99759 1.4508e-65 4.59644e-32
4.33788 9.45557e-25 1.90021e-51
4.41748 6.2977e-78 5.47388e-30
4.3198 8.7631e-36 8.90697e-204
3.29279 6.14903e-69 4.08022e-30
6.37868 0 6.34215e-52
3.07523 3.64897e-52 3.93235e-90
4.28644 4.91289e-101 5.31149e-30
4.5376 3.01428e-64 5.37659e-67
5.12458 0 3.2841e-27
4.08857 0 2.37777e-29
4.14592 5.13737e-30 1.65907e-39
3.57292 8.06424e-28 4.42734e-30
4.2037 2.96898e-05 5.80323e-35
3.83294 2.58264e-19 1.71555e-35
4.77634 3.95e-32 5.91855e-30
4.49804 1.1035e-57 2.86557e-28
3.17317 2.98795e-05 3.67279e-77
3.99294 1.04333e-73 2.82324e-12
5.8531 0 5.24658e-20
5.1583 1.86904e-29 2.43538e-19
4.3976 0.089171 6.8201e-228
4.07514 6.27177e-42 0
3.61202 6.08509e-20 0
5.66193 5.20867e-138 0.00493541
5.6377 1.44123e-103 7.54165e-23
3.43043 8.397e-54 1.12395e-34
4.16284 6.44172e-21 5.15834e-30
3.89116 6.11818e-19 2.17114e-103
4.26848 4.47091e-26 1.63634e-38
3.8201 4.73364e-30 4.73364e-30
4.39875 1.40118e-204 9.28542e-138
3.64527 1.45514e-81 5.87338e-19
3.82123 4.73503e-30 2.92351e-35
4.78101 0 0
4.11086 2.73894e-82 0
4.22315 0 5.23307e-30
8.31931 0 6.39854e-107
3.04969 2.26734e-39 3.779e-30
5.21573 6.46301e-30 0
3.39651 1.11577e-48 4.33089e-33
5.31706 0 0
3.82759 0 7.53869e-28
5.51633 1.08077e-133 2.05042e-18
4.0106 0 2.37546e-24
3.10995 3.06676e-54 3.85366e-30
3.35127 2.22275e-82 8.90602e-17
4.188 2.93064e-73 5.82121e-29
3.98369 8.66956e-20 3.35072e-34
3.44999 2.4327e-26 5.72469e-50
3.79319 9.83377e-59 0
3.34145 3.39682e-59 0
4.48432 2.25703e-42 2.2506e-44
3.76509 1.63746e-40 1.64092e-106
4.10389 9.67242e-84 1.11081e-32
5.15382 9.36708e-73 4.40228e-104
4.03742 0 4.35269e-108
2.50395 4.69112e-34 7.6624e-39
5.49336 0 2.14006e-24
5.2161 1.3799e-142 2.7694e-56
5.28111 1.89414e-57 7.67161e-49
4.80347 2.04254e-34 0.00321562
3.87093 6.2712e-193 4.79663e-30
3.53907 4.3854e-30 8.81557e-62
3.71874 1.62151e-08 5.65627e-16
3.16794e-16 5.17363 3.86049e-24
4.41921 5.47602e-30 1.28869e-50
5.68435 1.92057e-57 7.0437e-30
6.47867 4.00929e-42 0.447552
3.8997 4.01038e-77 4.83228e-30
5.57246 1.13573e-10 5.73983e-56
2.51366 4.29465e-23 3.76729e-46
4.06145 2.7032e-14 3.82254e-44
2.6988 1.56795e-09 3.08602e-44
4.01986 0 1.66907e-52
4.89152 2.27551e-171 3.29479e-31
3.84148 4.01664e-56 1.65856e-51
5.049 0 2.09909e-26
4.10698 3.0316e-33 1.49252e-123
3.66126 0 5.45271e-79
4.41682 1.80643e-138 2.10124e-120
5.3732 6.65815e-30 0
3.90789 1.37982e-33 1.04427e-60
3.84531 2.87676e-82 3.38266e-28
3.10587 2.38672e-36 5.41858e-66
3.91704 5.89434e-54 9.26942e-64
5.17634 1.19323e-89 0
4.34402 0 1.13234e-56
5.79177 4.95343e-52 6.1822e-62
3.57722 0 1.1866e-18
4.17133 6.69604e-12 2.48779e-157
3.97122 3.0356e-19 0
4.58692 5.68383e-30 0
4.31299 2.12271e-69 2.41473e-37
5.1645 3.3537e-218 6.55824e-32
5.95809 3.51526e-130 0
5.69029 7.05106e-30 7.05106e-30
5.49898 0 0
2.93815 1.96204e-62 3.96389e-74
3.55235 4.40186e-30 1.99442e-18
4.05313 4.97358e-39 2.96845e-69
3.78497 5.2458e-27 1.76091e-86
4.1537 8.22865e-19 5.24455e-205
5.91195 0 3.13215e-74
6.46881 2.20312e-28 8.01576e-30
5.08383 2.58875e-131 0
2.55457e-16 4.17193 3.67239e-35
3.10244 2.2921e-18 2.24956e-126
4.22793 5.23899e-30 2.22308e-112
3.40003 4.21311e-30 7.03709e-58
4.55283 4.92965e-62 1.58321e-10
4.79398 1.10015e-36 5.94041e-30
5.7597 7.13707e-30 1.74477e-05
4.11382 4.58455e-61 5.75648e-21
5.36887 0 6.65278e-30
4.8002 0 5.94812e-30
5.56444 5.49993e-45 0
4.06676 1.36377e-21 1.08254e-146
3.9217 3.76065e-37 0
4.86685 4.57348e-60 6.03071e-30
4.53214 7.22201e-44 6.26862e-50
4.63026 0 2.52497e-59
4.33181 1.23987e-13 2.87498e-92
3.68722 7.49546e-30 4.56898e-30
3.40976 1.87198e-75 4.68791e-60
5.23538 8.17977e-81 5.02903e-42
2.91821 1.01969e-100 1.57386e-95
4.34225 5.3309e-21 1.82426e-70
4.73169 5.86322e-30 0
5.33173 0 1.47784e-30
7.41477 2.08202e-22 7.79893e-123
4.11687 2.68605e-14 3.76756e-40
4.41462 8.38155e-40 2.54039e-75
