9 0.347188
5932.76 7342.19 9439.57 8855.96 0 7345.06 862.607 611.067
5.96426e-13 9.37258e-13 18142.9 0 3788.89 0 4483.44 0
7126.26 1341.06 1279.31 0 7363.33 6415.82 10944.7 1121.52
1018.24 1900.72 2462.72 3273.3 8289.13 9200.92 7629.67 8358.04
1172.25 1370.22 0 0 2711.25 3256.16 4566.76 14423.1
774.172 1055.78 2592.99 2904.76 5612.32 12818.1 2293.09 0
1348.14 500.961 3112.74 3428.93 4849.24 6857.87 0 9725.77
3681.69 0 0 3681.69 5206.7 7363.38 0 10413.4
8660.48 4142.25 6500.43 0 374.157 6517.87 0 3290.99
2430.3 7344.54 1700.05 1655.26 8091.9 10865.6 0 6828.05
1315.91 3418.23 49.4972 11676.7 0 5237.2 0 6532.54
2858.98 2858.98 1501.67 4313.07 1160.77 6209.07 8780.95 1981.91
787.83 4613.07 4679.86 5997.04 10552.3 3698.15 479.019 2392.14
2.15053e-13 3512.08 1321.02 18025.1 1123.84 0 153.951 2554.4
5176.6 2324.01 4868.81 816.478 2053.2 7041.39 10901.1 6112.69
1365.34 381.349 1638.46 2166.59 7033.92 12104.7 2906.05 1158.69
7858.94 7858.94 1419.73 2357.4 7528.02 6883.18 1390.32 0
2544.39 524.007 4574.66 6090.17 0 0 0 13359.7
12347 249.918 1565.48 3709.83 4694.25 7484.44 0 0
3402.1 153.993 5194.11 10423.6 3990.71 64.6832 3926.53 13192.8
1611.4 8311.25 0 9192.71 12168.6 4181.14 1755.24 4299.37
123.842 2791.53 17160.2 11430.8 215.494 0 0 1412.26
1.44767e-30 1.44767e-30 4.6873e-30 8.35329e-14 4.31791e-14 6.13239e-13 10132 9856.76
4745.99 165.67 0 12956.1 0 0 2487.74 36.8009
5.48746e-30 8.9617e-14 8.9617e-14 1.1456e-14 2078.22 10123.2 10334.3 0
3011.66 2469.56 0 4706.44 4476.6 7573.59 1772.15 13433.7
89.2641 699.42 7560.48 410.97 5704.86 0 0 12947.5
6.2588e-15 5.75818e-14 2.47732e-14 4.18123e-13 6905.54 14497.4 3519.56 11553.9
1.80413e-13 1.80413e-13 2.15811e-13 5457.48 7037.28 8905.47 0 9040.2
1763.92 7013.55 2277.64 14817.6 0 0 0 0
4250.2 0 4250.2 11902.9 5982.33 0 0 7774.63
2954.41 2382.46 107.846 6792.5 7480.86 6651.48 9140.23 8164.37
5.931e-13 7.36379e-13 15441.6 0 317.799 0 736.934 0
949.525 155.337 962.147 150.694 0 1369 1149.89 15312.4
6120.56 13265.2 0 2913.05 1480.96 296.577 0 6695.8
5234.45 2744.33 2005.56 3820.38 0 2291.55 4164.7 15064.3
2415.69 3043.23 2330.61 4530.85 2051.62 8547.9 11691.6 2701.23
3.31749e-13 3.31749e-13 7662.03 0 7662.03 6602.3 0 7912.9
6688.57 6688.57 4451.79 7318.24 8258.65 1971.24 358.638 2098.4
4138.2 3532.97 4168.5 9565.69 2938.35 12509.4 0 0
12507.6 0 4114.91 1038.97 4100.39 0 9553.45 3911.29
4.41105e-13 4.11109e-13 9847.4 3168.7 2553.31 2095.12 0 8491.6
685.019 2152.41 6552.97 2392.92 7332.77 10370.1 1271.15 0
4.54043e-13 5.50537e-14 7469.4 3940.04 3456.13 16479.9 3633.08 1539.7
1.56692e-13 1.44375e-13 3479.61 9174.05 2761.8 9511.46 241.244 12080.9
4.31552e-14 3.0964e-14 1.7687e-13 3.98573e-14 3085.38 13405.8 0 1785.67
6687.72 2383.77 0 0 0 7099.86 11624.8 1866.29
2.39987e-29 3.91928e-13 6.90957e-13 0 12973.1 3468.21 5692.18 5680.56
2.72275e-13 1.77855e-14 4456.07 4456.07 7876.32 10087.1 798.897 642.382
70.5706 28.5703 921.59 296.697 1600.5 11315.2 315.003 7014.47
5946.2 2493.22 7085.03 21.6346 3624.13 4244.56 3759.86 5079.03
4310.16 4852.48 8613.55 0 1361.62 10870.7 0 3089.25
2.90312e-16 4.74115 2381.52 533.215 2106 2332.19 3536.62 16903.4
5342.85 2910.51 767.862 3405.25 942.297 489.226 8321.87 12502.4
2856.95 2302.61 8441.99 3581.83 3918.6 3989.7 5714.12 12707.7
2643.58 2673.96 2552.77 6397.34 7847.37 4077.82 11823.3 0
4467.22 458.069 1260.25 4388.87 6404.4 9057.19 1002.16 0
5106.76 2639.43 4794.42 2045.49 7759.91 5188.7 4953.34 0
1584.42 6890.46 0 8248.44 0 8693.73 11800.1 677.513
2399.77 5590.03 1146.33 6190.43 4397.84 9797.13 4765.3 0
1951.68 4503.76 4207.3 6180.72 6961.63 10174.1 2502.19 33.615
6187.93 1982.12 13692.9 0 0 0 0 1636.69
2558.34 2558.34 3618.04 5116.68 7236.07 3130.15 6488.92 1239.59
8974.73 10289.2 6970.13 0 1348.47 0 0 0
4710.57 0 0 7046.81 14034.1 6628.86 35.7099 1253.97
821.569 821.569 0 7625.71 4003.77 4060.08 9592.49 7327.36
1364.82 961.17 3612.51 674.84 6690.88 2845.9 3832.54 15232.3
1.54596e-13 2524.75 4119.82 1071.68 4949.32 3926.19 8025.36 11349.6
1680.22 1881.51 3783.61 9508.1 5646.67 3589.58 0 12484.1
1.96845e-30 1.89931e-30 4.46718e-14 6.42919e-14 0 1278.54 12285 4262.96
357.921 722.98 2482.85 4158.65 3087.59 3749.56 14999.1 0
6.61293e-15 107.997 1594.04 1772.89 10617.8 3853.91 3455.95 12051.1
2.41159e-13 3938.43 3049.74 7715.15 2148.83 13233.6 3597.32 0
3461.53 2063.27 4657.72 4735.93 8353.88 11408.3 2070.53 6368.33
4000.56 85.1274 1373.53 7124.4 5709.79 10062.7 1699.63 888.951
203.219 179.134 597.91 697.965 9921.9 9968.06 6532.38 0
4348.17 4227.75 10943.4 2789.2 0 7523.11 5042.02 3556.22
3050.01 126.281 5066.17 2732.23 10887.4 3815.92 9335.9 3244
452.043 596.621 1417.51 1176.8 8957.25 14681.7 1324.76 6058.42
1.4924e-13 2437.28 9204.19 3142.28 9159.84 0 4581.69 1401.69
4753.03 0 4019.83 6224.98 7042.17 2434.28 0 11533.4
3669.35 1049.72 0 4430.06 8419.49 10250.8 5109.36 0
11014.7 0 6189.01 7582.43 0 671.175 0 1311.21
7023.38 9684.64 208.711 0 7343.53 0 6166.05 6475.22
2807.44 1168.35 3040.85 8183.88 9244.97 6250.11 0 0
3768.93 0 10013 0 8478.69 9510.03 2235.55 0
3527.42 3527.42 613.814 5026.15 7108.04 10052.3 3242.32 2195.51
286.271 286.271 404.849 3171.29 2882.23 2138.42 4948.71 10917.2
779.623 109.039 4067.29 1718.36 6518.03 0 4332.12 13461.1
8413.18 9119.62 602.158 0 5912.67 7440.75 0 0
3.47367e-13 2.60627e-13 7092.17 7913.63 10626.6 0 2052.17 1159.33
5829.85 1288.25 2702.02 44.8974 224.122 9595.11 12533.8 2148.37
5901.96 7924.51 3602.95 10517.2 8800.26 0 125.286 2000.67
7.83763e-13 12799.8 2571.72 0 895.383 0 8230.69 0
7.70776e-13 12587.7 0 0 0 3246.78 2361.44 8222.57
9039.03 1214.96 2039.98 7792.12 0 10187.7 0 0
12696 0 0 1767.99 3961.13 2083.11 0 979.417
12882.1 4687.07 8672.76 0 0 4393.88 2090.2 0
10397.5 10397.5 5140.55 6597.6 3472.85 0 5114.2 0
2739.65 814.266 912.773 5493.87 0 8636.48 10137.2 0
10973.8 10973.8 4146.15 3011.28 0 0 0 225.308
2.10089e-29 1.82091e-29 4.5404e-13 4.5404e-13 3.05655e-13 4.06063e-13 1.55461e-13 13612.7
1.16434e-13 1.16434e-13 1.21808e-14 5.44713e-13 9295.54 0 9295.54 6114.59
7121.97 5877.35 5415.58 772.851 0 0 10732.7 4233.78
5.56893e-46 9.09475e-30 1.48529e-13 5.83455e-13 9832.44 10246.7 8433.02 0
5496.09 3214.91 4620.64 8801.36 0 12344.8 3732.6 1900.26
382.455 827.585 5083.22 5164.33 7640.8 10569.9 22.7118 1325.15
5246.42 6345.99 6289.26 12474.1 0 1194.04 0 0
3.53843e-13 1.90213e-13 6560.72 8132.82 0 4361.64 11323 148.973
1631.06 1631.06 2306.67 3262.12 0 2211.04 5115.81 11994.7
5389.92 5307.7 1937.73 4957.76 0 4127.08 6601.63 9671.55
9064.83 1988.59 2376.95 0 9579.95 9294.32 1738.05 1447.58
1290.27 863.046 393.254 645.943 3001.44 18467.3 3480.1 1191.03
15952.6 2172.24 2990.88 3109.71 0 7079.38 0 4430.61
1353.46 223.522 10238.8 10330.3 9029.3 2689.93 3554.39 0
2033.16 0 3008.03 2695.26 6594.97 7996.25 1505.88 11408.2
2497.18 10614.3 3945.04 0 0 3761.92 9529.08 0
1355.89 1502.31 9723.46 7312.14 11.538 0.015932 0 12497.1
8083.03 5526.42 0 5180.49 346.232 11083.1 0 0
5393.19 5393.19 1681.8 5913.31 4983.5 9764.94 0 4517.8
326.616 301.294 3406.06 10.4672 0 0 9764.75 10351.3
3991.2 620.398 4732 1347.97 6365.79 1205.32 9082.92 4343.15
3584.97 785.216 5441.11 1569.41 5397.99 5537.99 1376.34 10737.3
828.358 6162.7 0 12790.5 0 0 0 9027.63
5950.23 2175.85 1129.22 6435.43 7179.74 12131.6 0 5463.82
9.10398e-13 9.87765e-14 1.57692e-13 15175.3 8006.2 0 0 0
1677.9 5711.09 2994.4 3752.7 6148.82 0 3607.91 10202.1
819.442 819.442 2552.12 1846.39 5624.26 2633.61 8045.09 10703.1
4468.11 4468.11 3568.19 7389.77 0 8211.17 9454.08 5664.89
4841.25 7089.21 8259.72 3962.75 0 6567.2 0 6761.36
5027.59 0 5055.83 0 239.575 0 3938.06 14562.5
4.07191e-14 2.87758e-13 4746.26 8.87972 4746.27 1156.88 6811.21 9632.5
6492.03 11304.6 10885.1 750.438 0 2831.84 0 306.124
4.17654e-29 6.82081e-13 11139.2 917.31 11032.2 3668.47 989.937 0
4410.47 4410.47 946.417 6811.87 3265.34 9697.1 0 2939.03
8299.53 8299.53 5881.96 0 1731.77 1600.4 3005.6 4121.05
3775.14 0 11678.5 0 1672.06 6167.62 0 5662.59
4384.87 4931.54 2100 2878.15 6405.18 770.994 11605.6 11655.8
7603.75 0 1170.83 8729.86 6301.12 2652.35 5438.34 9862.62
2575.75 102.554 2772.18 189.761 6413.97 7450.17 6439.65 5850.02
1417.5 54.6347 1560.61 1047.16 4232.31 8737.21 9989.77 3722.34
210.177 1636.02 1588.84 333.802 7518.13 7773.83 1529.53 11164.7
1866.48 0 5205.56 1247.07 0 4162.77 2838.89 16558.2
7331.59 2313.23 2192.48 1091.62 8068.57 0 2733.25 10515.7
4.115e-13 6720.31 2079.7 3445.45 4751.96 12144.1 4522.29 0
9787.42 9912.79 0 7508.71 4252 1061.6 8781.76 43.2862
4935.81 7807.55 2975.64 4392.3 7565.57 0 10894.2 9711.62
3.37016e-13 5503.88 10161.7 5048.88 0 4080.49 0 7475.13
1580.11 81.189 497.148 75.7625 3206.93 201.888 11927.2 13869
2768.45 2768.45 2251.25 8017.93 468.162 9214.3 5782.58 0
4157.78 2006.02 0 3568.69 11217.4 0 12101.7 2440.56
4421.94 909.859 2578.56 5199.08 5493.07 3276.5 0 15187.7
2.9862e-13 5.79944e-13 10653 10653 65.1779 1340.68 0 2485.12
8452.74 6808.13 7985.38 0 0 1554.39 1255.48 7422.52
644.555 513.387 62.0593 1200.92 6638.2 1477.79 11229.2 0
1484.07 3223.72 1845.06 6275.07 4482.66 4596.75 0 9828.52
3056.93 6541.1 0 3610.54 0 0 14478 0
1.16066e-13 0 3.07937e-14 1961.08 3600.2 4099.67 1309.03 14377.8
2538.03 5438.87 6001.91 6562.06 0 11006 4042.66 0
496.823 923.858 1090.47 4057.67 4330.61 9088.98 10959.8 5764.51
1209.15 2783.31 3770.73 446.911 4860.76 6874.15 11701.7 6733.09
7890.75 8630.2 8764.48 0 1719.69 0 9632.44 125.325
3401.3 3401.3 947.064 9362.99 0 0 12964.6 0
1536.73 723.828 1793.52 451.023 7934.33 15277.9 0 3139.46
5325.96 2068.12 0 5713.4 8200.74 11512.5 3147.8 6685.13
1.976e-13 3227.06 10128.7 9646.96 4855.98 6930.06 4885.5 4066.87
2.79882e-29 4.57083e-13 7464.73 0 7464.73 0 0 10556.7
11062.2 9416.44 1509.84 0 3165.83 5836.73 0 1706.78
9649.16 2600.28 4264.72 6497.48 590.783 4699.69 7724.24 5978.59
1427.69 6964.15 0 0 7953.85 0 12426.4 5075.86
487.395 988.674 4222.86 4259.12 9197.32 7414.42 11883.7 4486.84
6.98622e-14 1140.94 560.512 1389.93 2304.85 6148.86 12374.7 2605.54
1.81931e-13 1.40143e-13 3750.47 0 3239.23 15640.9 0 0
2479.06 2479.06 2218.01 5075.06 753.581 13212.7 4589.12 0
1131.96 5141.96 8665.41 7508.62 8709.22 2887.05 5656.19 24.2559
8282.2 7453.75 9957.12 5212.94 0 2093.66 4847.86 0
3331.72 437.085 2873.22 3817.06 0 5389.06 5899.99 13141.7
9.87762e-14 0 1613.14 3066.45 971.216 5442.72 4002.79 14737.1
3.95191e-29 2.85947e-29 1.00054e-29 2.27158e-29 8.93832e-13 0 14597.4 10208
2.10296e-13 3434.4 4356.66 3952.19 6811.42 0 11931.6 1196.29
5407.82 0 5614.52 7795.34 3498.41 7352.21 9837.44 4420.62
7943.16 1709.6 11109.4 0 0 0 0 2481.4
578.638 10033.8 3679.63 492.957 0 6551.61 1049.46 5545.08
597.937 597.937 0 6769.75 11705.3 6104.68 7157.6 2647.62
1369.4 3642.41 4898 6138.73 3409.89 7972.19 0 6402.29
9.30262e-14 9.30262e-14 2148.52 4614.79 5090.43 7198.95 4666.23 11521.1
6396.01 9223 3949.18 0 1064.49 0 0 10211.9
1.17941e-13 1.17941e-13 5.20484e-13 8925.94 2233.22 4716.93 18.6837 10339.7
947.168 24.6147 2962.17 3110.02 3969.83 5949.78 6671.25 10028.5
5.12845e-13 8375.4 0 0 0 8375.4 11599.7 3536.4
6392.43 2406.42 1178.06 3373.1 7708.41 9770.11 5782.74 0
229.961 167.597 2753.32 7964.05 12125 0 5812.63 2252.18
94.281 159.891 10005.8 11606.7 9504.72 2182.43 0 0
1193.39 107.139 1521.18 1927.97 1889.33 3647.13 1509.5 14740.8
983.802 0 983.802 227.956 10087.9 0 10185.9 7465.4
2041.49 5039.18 5437 0 0 9049.02 1908.9 12027.1
6925.38 6666.61 4079.88 10442.7 0 0 0 592.065
1115.7 770.291 4528.18 0 2291.07 7884.94 16822.5 0
10.2089 757.104 2915.97 3657.96 15257.5 3644.33 4647.08 4027.13
12045.4 2547.23 0 10763.3 4445.36 3758.4 0 0
8935.28 7684.96 4423.31 5314.28 6035.14 8311.76 4748.04 7919
4733.54 0 4733.54 761.864 0 6737.46 8622.3 7655.41
1.47439e-30 2.40786e-14 7.86727e-13 3.72022e-13 3.63232e-13 4.26282e-13 2.41221e-13 17358.5
2.13309e-13 1.53164e-13 4288.62 0 210.497 4062.84 150.703 13553.4
4657.49 7454.7 6974.14 6137.5 5115.83 2423.84 1758.58 801.072
1757.36 0 3889.27 2934.64 0 5453.31 7521 9886.05
4567.32 4649.63 0 590.683 9996.07 10793.7 0 5511.57
5645.8 1571.93 5860.54 0 0 2749.19 0 13371.3
2.3665e-13 3864.79 3864.79 5465.64 7214.6 4248.08 3076.78 11675.4
4.42527e-13 1.44046e-13 7600.25 7600.25 10748.4 5663.89 3221.46 0
1749.61 790.639 218.469 1932.35 5498.6 5252.37 3121.86 13167.7
1576.87 5332.92 4190.97 11633 9601.59 0 0 4910.89
10573.3 6001.94 5066.8 2606.69 594.027 0 6262.01 0
1030.12 909.979 1734.3 4172.13 4722.68 0 8663.77 10939.3
1872.67 1872.67 771.161 4503.56 4560.65 10265.8 10907.7 5479.62
17717.8 2728.34 4513.81 4860.67 1058.45 0 1389.92 458.514
7740.36 7740.36 0 5007.56 8536.9 1935.67 0 7490.97
1713.49 2201.81 3402.05 10916.2 4197.08 9470.34 0 6120.18
579.427 945.433 2135.25 2515.76 3854.23 1200.35 5925.47 13028.3
2371.97 6655.25 0 6592.56 0 9663.35 8852.47 0
8.77459e-14 6.71111e-13 11053.4 3859.41 11707.8 674.388 4600.21 0
2.47644e-13 4044.34 4167 6490.04 11941.1 12214.2 290.443 430.231
13069.7 0 237.979 0 0 2996.99 0 6957.76
1448.4 1961.64 3985.29 3028.63 8533.23 12266.9 1360.66 8706.63
1814.53 0 2674.73 3633.38 4862.94 5247.15 833.027 8936.59
638.815 3124.49 3189.13 4818.73 5252.21 8434.86 11201 205.325
4656.11 4063.13 15263.8 0 846.192 1234.25 0 4023.82
4793.63 2912.58 5609.1 7534.24 7778.28 5002.95 974.562 5008.59
8.97628e-14 1465.94 763.54 2291.73 10138.4 3907.59 11939.4 4724.04
2.75058e-15 2.09513e-14 345.097 345.097 488.042 14467.3 4555.05 0
1518.57 0 938.562 1093.83 794.774 5057.62 7265.63 8218.68
10002.3 6263.36 398.008 9409.39 506.206 4.08347 0 10985.7
5189.12 0 1040.29 473.655 7804 1950.59 9640.58 10563.3
487.766 124.837 1803.72 3099.55 5298.64 11596.8 0 11382
443.263 469.273 5432.59 2146.72 5876.92 10510 1751.16 2491.89
4.66014e-15 2.64076e-15 1.62444e-13 0 8.10657e-13 13502.5 0 0
1673.16 1673.16 4636.09 4221.54 4689.89 2376.38 8517.98 8664.52
2061.34 3323.65 5372.72 3010.5 0 13061.5 7600.44 0
472.497 3461.75 8061.75 8786.28 12425.7 3541.65 3200.81 0
891.259 0 7711.93 0 2812.8 0 1391.58 14760.3
1.06818e-15 1.06818e-15 1.10748e-15 1.03661e-13 2.60474e-13 4.74091e-13 8994.91 11026.7
319.983 0 490.943 266.362 515.9 824.934 105.534 14511.4
1.22406e-13 1999.05 1427.95 4531.18 11191.8 10060.9 2712.63 3543
1313.4 5011.17 5180.42 1567.8 7224.52 10407.9 0 0
1563.94 2199.42 5896.71 2299.92 0 14185 1153.12 0
7539.55 7539.55 5687.89 8605.7 3751.07 3357.54 0 2451.2
8609.35 1601.06 0 6766.75 11066.8 0 467.29 5216.32
5091.25 0 5091.25 759.401 2947.71 0 253.211 12217.3
1607.81 1549.74 5639.74 6065.76 257.3 8582.13 12137 2621.58
3.59508e-14 8.29941e-14 1477.1 1434.8 0 14298.7 8059.32 0
2.66102e-13 1.53348e-13 5015.74 7795.28 1944.53 8854.37 7155.63 7907.87
2299.76 4629.68 4551.42 4165.22 0 2344.44 2927.26 8879.9
2000.54 2000.54 4073.05 4370.89 1832.78 8842.53 3968.88 14359.8
2502.38 11266.7 11541.2 0 4679.94 0 1263.75 0
99.3221 54.9588 2501.91 2833.05 12106.6 5050.21 977.455 8520.98
7792.07 1245.11 7890.92 0 0 0 10125 6355.44
6801.86 6801.86 7410.53 0 220.234 1674.05 3742.33 12818.1
4152.57 0 6268.61 3467.15 5264.98 9812.26 6143.79 6521.23
4906.61 1036.78 5014.95 0 0 7092.21 1408.58 10128.3
3663.28 1096.71 6936.1 6292.44 6706.68 316.308 11821.9 0
3.18164e-14 519.602 849.77 8855.75 7953.06 10740.7 322.941 1891.91
273.013 150.371 533.678 753.715 946.306 12976.8 910.738 0
4259.21 5972.27 7335.45 5083.84 766.156 0 0 9195.23
4999.24 683.113 10849.1 3353.08 8158.12 1623.04 7950.75 0
4027.61 0 7289.41 0 8328.1 4761.47 4893.94 3679.29
2376.28 1162.15 2707.49 1898.92 1286.01 4022.37 778.166 15301.8
9.67161e-13 1.73134e-13 16046 0 0 0 0 0
3318.26 3318.26 4692.72 0 2248.51 3353.55 6860.78 10364.2
178.846 114.774 783.54 4567.47 5160.23 7010.3 1455.96 10381.5
5503.68 5195.42 0 5798.42 1459.29 2429.41 14385.7 800.83
1726.53 5773.09 2314.82 4882.6 13204.6 0 5932.51 0
10218.1 3810.97 12391.2 0 0 5202.62 6254.76 4337.26
3582.97 0 0 428.246 5063.96 1408.68 16550.5 0
3.68774e-13 6022.53 4999.51 2139.34 0 14396.4 0 7245.91
5370.93 7240.11 8603.86 0 0 2883.88 4178.44 9900.22
162.855 2808.67 1311.26 16768.8 0 0 0 0
3692.81 3692.81 6559.38 8384.46 0 10143.3 0 11.0764
822.532 254.155 2246.28 794.387 5553.96 8426.15 12943.7 9044.7
119.957 6584.41 10756.6 1769.57 1275.29 4261.13 3966.78 4780.67
1222.5 1770.68 2190.17 616.719 7078.98 0 11567.9 13869.3
973.841 0 973.841 4444.35 3966.44 6114.05 8646.57 12228.1
242.854 647.669 2317.1 7187.92 7872.45 10931.1 5099.06 743.672
5516.94 5516.94 3997.83 6219.58 0 8998.39 7905.84 1192.55
500.621 6583.92 565.199 0 3949.36 8769.16 2207.56 11886.4
254.684 110.207 114.217 7565.13 1520.83 2032.77 15025.8 5212.96
1212.88 410.735 377.859 0 34.3926 362.697 15310.2 0
3245.93 5167.99 7663.2 853.261 1321.75 8850.75 0 9406.44
4889.53 6548.11 0 987.351 1949.01 2446.88 8586.27 12954.4
279.829 2379.05 2395.45 4440.81 0 5585.44 0 14032.1
6760.12 0 2155.36 7095.4 19.5948 6784.78 7207.59 571.777
14123.9 0 8437.44 0 0 1650 0 1626.91
2303.7 1768.98 1854.86 3317.62 4783.66 7314.21 0 10406.7
3622.2 6938.02 1690.11 729.11 0 7438.82 10469.8 0
3985.89 0 163.457 3989.24 5641.64 5844.74 13003.1 0
3753.67 2082.49 4292.65 6070.72 6266.68 2415.81 0 8567.48
10083.3 2925.21 3997.83 4252.58 2956.32 9863.19 3766.92 4429.08
816.437 0 1878.09 1309.06 730.184 10444.2 13671.1 8991.76
431.027 8218.37 8229.66 10825.9 4051.58 0 0 4407.12
5914.53 0 1633.03 5711.31 3179.1 6597.26 1488.32 11230
396.384 191.848 4636.58 650.36 9527.25 5804.21 3277.72 12542.6
