8 0.206997
0.010626 0.000380303 0.0536294 0.162048 3000.17
7.13128e-05 0.548848 0.139194 928.828 1799.42
0.0215257 0.00293186 0.00356096 6.33146e-05 2335.14
8.94036 2.25945 2711.93 79.4725 32.4661
49.7966 2347.19 89.6421 373.577 46.6447
9.24853e-05 0.000730682 0.000356468 0.0285311 2470.59
0.0102277 0.000366048 677.009 1445.6 415.229
0.0179376 0.0468121 0.114535 2594.6 18.6473
2306.66 19.6481 81.7645 360.591 7.26924
61.4533 69.6562 1963.12 237.866 3.33213
0.00212021 0.0167507 0.00834766 0.0056758 2735.33
37.9342 0.732664 2325.43 221.154 141.371
0.010626 0.000380303 0.0536294 0.162048 3000.17
6.33799 1.60177 2670.52 95.9929 32.8517
2174.2 43.6524 11.743 43.613 194.493
5.95758 1.50563 2510.24 282.823 136.874
232.298 468.945 1675.8 85.1158 127.842
10.136 0.09716 2477.87 72.6133 27.2689
3.03847 48.8702 822.689 604.563 1209.73
118.986 1818.29 95.8082 376.188 201.625
102.168 1536.08 417.535 153.516 86.8861
325.805 262.054 1582.21 19.5378 476.652
202.732 1986.33 125.794 263.445 303.999
7.76823 2.07909 2257.34 21.8881 277.811
43.1733 2035 77.7191 381.87 43.8201
481.163 546.207 116.962 1151.34 35.8961
1382.54 514.669 450.031 135.624 100.209
5.74875 2163.88 16.4721 215.513 100.36
690.924 1105.92 213.336 67.9918 271.603
85.351 2112.99 108.719 176.566 207.848
0.0882962 0.156553 59.2879 2482.05 7.58783
0.0312463 0.0011183 0.164615 0.00638445 2691.53
84.7295 2211.6 85.8776 164.841 43.9805
17.7772 988.626 64.8973 1310.67 43.5911
0.000509958 0.0203925 0.00558935 0.00371643 2511.96
38.8451 2283.16 224.264 85.5486 166.264
58.1102 75.1504 30.7102 1952.93 92.2036
0.0449105 0.117203 0.00542404 2424.6 11.067
0.192527 18.1851 1251.45 24.2876 1315.58
19.6201 1611.37 506.443 42.8547 215.685
1665.27 175.551 91.7119 718.756 19.6681
11.6999 1.59854 2116.03 40.727 198.548
5.09422 1917.51 138.933 170.389 192.169
43.4418 107.838 811.591 463.542 1166.59
583.345 217.159 187.372 57.0799 1497.72
5.33646 13.9266 2.28713 2308.34 9.34735
37.4366 1764.59 271.584 332.643 62.1748
177.594 197.217 2196.83 9.7987 5.45031
635.437 1037.77 204.504 49.0816 800.146
8.79955 0.407036 0.270923 1826.29 680.173
101.333 166.944 10.3143 345.39 2006.28
5.84682 6.27352 1.25308 1758.8 493.216
18.0841 156.474 5.57006 223.318 2106.62
2120.1 274.275 20.5924 15.8636 197.564
14.5141 115.45 1382.6 746.684 300.793
86.4326 2256.05 133.444 97.6238 44.4382
70.8066 1324.85 373.838 130.135 561.452
0.00226094 0.0178626 0.00890177 0.00217324 2594.31
0.00250592 0.0197981 0.00689446 0.0021862 2609.78
0.107456 0.00647776 0.00824804 0.0494909 2272.1
68.8262 1287.79 363.382 126.495 571.164
748.525 428.914 119.607 54.8632 800.841
253.594 499.813 1333.22 570.47 11.154
28.4621 0.534624 12.5708 4.4487 2224.26
9.52329 34.0393 78.0049 1865.62 249.826
41.3328 1.26202 1.71852 2118.1 225.821
458.353 34.6327 39.2906 260.496 1752.79
566.531 422.969 737.74 438.873 200.028
0.0757258 18.8651 4.69096 2531.3 10.2502
2149.95 18.3132 76.2093 336.092 244.386
25.9507 695.034 26.4441 170.406 1861.82
65.5011 1406.92 457.204 2.28239 254.636
7.37179 1871.65 21.1188 632.007 31.4181
1858.18 610.074 6.06492 189.276 89.4806
990.924 784.411 66.6567 268.34 520.292
1337.26 172.999 13.0068 883.786 105.694
587.959 218.876 191.387 57.6777 1462.42
0.877346 1.55557 589.109 1540.07 721.77
0.1321 15.4084 0.0695913 2055.15 126.125
11.4575 2.8956 1064.04 1185.25 122.724
0.907099 2.42696 0.111552 2376.92 10.2186
116.54 78.49 1297.84 16.9074 1126.03
5.60639 14.6311 0.771877 2250.4 9.11275
445.62 313.931 190.655 1329.42 385.802
1986.43 232.139 5.32056 101.869 368.04
5.25528 1.03026 0.0592674 852.385 1825.87
53.671 575.603 598.621 422.257 651.804
932.171 974.105 195.404 498.764 19.2681
1886.34 43.1047 290.786 356.164 81.3743
344.125 92.9157 782.582 918.965 637.123
19.1905 0.712256 128.518 2156.32 121.299
58.1224 11.3174 11.5376 682.152 1622.6
29.6438 221.831 2.73483 315.162 2045.17
16.7252 849.373 439.771 102.109 1000.21
2.96506 37.5776 17.2698 6.18729 2177.8
653.455 243.258 5.34136 65.5723 1589.64
409.038 450.463 1008.7 518.531 102.455
2076.01 36.4341 17.8771 327.764 104.051
385.666 424.723 951.067 488.902 219.612
38.6377 89.1759 347.17 225.462 1548.66
39.9303 2117.03 24.2425 588.409 38.3437
522.004 563.521 1492.81 19.9364 160.752
1561.12 55.872 160.774 38.7401 982.051
1213.9 283.094 199.126 101.561 465.432
311.64 6.49864 45.9283 583.1 1894.21
905.443 951.712 190.369 568.218 19.3814
618.446 668.056 156.393 111.188 1110.21
504.321 337.665 127.697 1357.74 394.871
925.881 274.184 142.61 289.119 924.746
630.267 712.68 59.6628 976.064 77.449
26.5035 506.751 115.147 78.2314 1425.75
1944.58 18.1422 16.61 622.668 119.375
41.6973 921.41 385.659 659.873 226.29
0.355098 0.250834 2.69345 1906.31 690.035
146.175 1477.43 185.968 329.675 191.909
1827.16 381.332 199.03 24.273 133.384
1053.89 731.74 59.0625 203.451 786.815
142.1 370.841 17.1621 1496.31 736.205
260.798 9.17982 1318.8 124.997 833.257
458.317 1139.13 238.445 85.8484 273.626
955.557 428.551 564.06 149.028 193.664
4.93079 5.39062 0.248281 1390.07 1028.18
4.60978 5.03968 1.0011 1400.7 951.765
1597.4 151.056 432.465 186.287 18.3521
588.172 35.1113 1116.08 619.854 248.846
1542.18 632.856 67.9114 155.205 41.4096
189.142 853.605 986.766 205.65 276.149
1131.02 895.308 76.0804 306.277 52.0804
231.109 17.1545 306.119 98.1719 1711.11
1616.2 530.627 19.5324 161.444 90.0368
9.95122 0.876959 2007.54 67.1906 197.481
599.414 1055.86 538.807 174.028 279.215
358.08 1443.13 1.37614 453.245 213.973
87.4578 27.8322 1827.21 647.931 136.335
176.096 1391.25 228.104 7.74303 715.061
349.127 123.994 248.355 1615.52 5.28819
135.3 1640.21 40.2627 320.102 455.558
661.513 749.813 726.646 242.835 3.40174
543.669 1885.02 80.3329 283.3 20.1092
5.3465 2012.47 43.3013 203.192 194.957
1707.28 160.461 68.5593 37.3224 312.316
109.84 810.109 58.8042 1197.44 229.541
157.291 178.182 1966.27 64.287 4.35676
238.352 256.811 1721.52 218.503 127.826
1305.22 87.1672 191.651 553.264 219.637
773.261 190.508 427.371 1054.61 390.611
237.487 1732.76 124.805 390.252 38.3768
1519.33 49.8462 339.904 288.915 95.6888
1075.87 1162.17 272.066 73.7743 218.891
376.589 302.838 223.629 903.409 433.746
612.896 1076.95 550.06 125.418 278.886
319.075 1455.23 34.0591 193.455 378.506
1448.93 55.7277 226.775 152.115 487.259
1483.08 39.9537 761.524 137.582 43.2528
227.979 68.7426 917.695 171.205 1040.59
1011.8 1.82235 102.967 120.281 732.695
372.491 649.001 971.25 196.428 91.4486
260.853 9.18175 1319.08 125.588 776.454
240.605 392.947 1223.93 54.5929 359.316
21.1159 5.34856 81.8488 2046.68 49.7678
488.679 8.63519 1165.97 400.207 57.682
50.6457 952.701 268.756 93.5555 1260.97
242.834 4.62384 9.5139 319.793 1965.12
12.6532 136.925 1196.2 936.1 242.918
17.9328 0.614199 0.918451 1713.25 641.99
607.892 679.539 146.569 806.516 35.0338
0.339093 32.029 2204.15 42.7773 195.014
439.559 51.7338 248.384 1255.37 425.521
1035.36 618.538 200.336 281.17 93.1589
328.667 249.252 346.69 816.569 699.373
198.181 797.848 313.247 85.8654 969.81
1.12504 0.368668 751.254 1607.3 98.2565
0.000952093 0.0034273 0.00319503 0.174803 2413.78
39.3367 586.324 317.405 963.236 68.88
60.7769 207.085 1515.88 153.2 332.167
2068.19 36.5459 17.8119 321.856 112.145
1092.52 323.53 204.994 7.59691 922.957
421.917 1344.77 213.884 54.6288 298.28
100.851 1746.24 100.614 410.413 556.251
554.778 1372.82 24.6354 539.788 34.5006
152.672 250.745 655.934 459.177 854.147
417.833 520.605 1101.34 312.424 96.9652
1327.96 69.3249 382.622 130.902 581.836
490.169 824.111 367.123 98.2803 697.146
36.9433 49.1029 618.867 1566.28 57.1738
5.07568 1.28275 1539.63 17.1488 1267.96
645.607 119.162 1804.83 42.2597 516.926
1196.31 290.904 176.428 99.6164 456.519
636.454 55.8051 533.927 132.699 873.685
15.9273 896.589 1045.69 300.18 348.146
60.0525 2.80805 1926.28 345.57 201.332
341.429 274.564 166.745 1010.15 398.353
509.601 144.242 410.497 789.36 545.315
161.913 770.184 275.931 834.667 175.917
64.5825 1503.41 17.623 1091.8 35.8155
0.000194627 0.00153765 0.0213607 0.00481551 2320.72
1939.39 264.151 320.832 24.8119 30.3415
1467.68 441.592 276.658 10.2442 339.053
60.2434 78.6045 29.2614 2002.22 94.5307
1246.19 169.735 1026.49 1.37577 29.087
16.4344 652.285 296.14 34.6351 1934.89
0.305026 8.1695 0.26357 877.353 1797.43
1.22501 1.33925 8.23095 1419.73 1050.12
811.816 364.086 479.211 126.61 626.145
2036.34 19.5196 255.169 69.627 25.3515
70.8841 21.1765 1459.05 1070.4 137.971
646.001 1137.29 34.2316 192.877 351.711
3.26453 52.7531 887.812 454.375 1143.52
7.88978 566.086 49.3537 1473.62 158.885
99.4985 819.145 708.533 288.148 9.67285
0.00331268 25.4955 6.46597 884.641 1774.43
67.403 903.572 33.6267 1133.65 130.235
101.506 204.912 844.535 426.265 607.779
24.4809 63.8796 668.972 357.332 1381.32
208.767 150.85 284.003 2002.67 19.6078
290.622 130.339 1467 145.049 184.255
199.599 38.8651 39.6215 2342.58 6.30186
1048.27 135.614 10.7666 777.812 305.795
792.728 858.089 21.3586 1105.83 121.172
82.4545 1239.69 50.681 955.337 75.8043
69.1988 927.646 6.51125 1132.24 130.074
38.407 100.231 5.2878 2194.9 10.4573
67.0472 22.5767 1420.43 1042.07 134.319
3.00342 66.9541 1078.4 477.326 592.405
21.1907 227.263 864.904 382.87 619.088
297.772 737.956 257.637 7.82718 1300.75
1682.17 159.071 455.412 141.522 18.9023
1797.64 15.3123 181.152 298.602 217.126
45.0268 570.044 149.096 1222.92 434.048
271.66 1094.84 429.636 193.287 186.872
535.171 940.374 480.304 222.587 256.851
1169.56 1278.9 31.6491 50.071 236.798
293.852 1253.01 121.623 452.313 72.3922
1722.31 347.456 299.914 11.1054 222.79
99.1538 4.3154 35.7435 1658.05 77.1505
96.2079 765.265 1186 59.1663 165.222
248.772 281.978 266.559 1295.28 3.86372
4.51232 602.465 54.701 1485.17 526.345
825.314 1505.58 284.888 190.75 81.4932
32.7675 1176.1 96.3462 638.773 490.643
1430.74 135.295 387.343 231.683 16.94
52.7766 35.1347 394.52 247.818 1614.55
122.454 150.256 21.1571 1901.11 94.2232
0.00730308 0.0113643 0.00498021 0.00493116 2376.46
1294.71 410.048 41.3508 81.8704 475.144
0.600846 0.967751 379.821 992.945 1356.73
82.0468 109.153 894.101 531.543 909.449
0.0280903 0.000988749 0.142047 0.0133994 2442.21
303.66 49.5108 1214.06 512.864 219.919
170.256 1613.09 423.023 127.485 94.1953
946.16 103.859 1441.25 134.384 231.007
1411.8 147.241 383.659 145.858 129.478
151.734 1198.78 161.483 315.292 724.618
1116.75 152.105 184.743 14.2873 1080.14
4.56593 0.89512 0.202205 760.821 1629.74
881.624 120.08 788.252 188.384 316.86
149.488 211.687 1768.44 192.337 303.195
8.39327 24.0786 10.7321 1583.49 732.481
844.27 638.504 1171 277.264 21.7176
3.02717 13.6617 14.9876 1642.01 594.75
164.286 439.406 717.703 10.1129 810.855
80.661 393.288 541.316 275.23 900.509
160.54 112.414 1846.51 20.9544 205.175
574.389 28.9014 804.706 107.738 1058.17
0.0474128 0.123734 0.00572626 2559.7 10.27
211.33 239.539 226.441 1100.33 170.068
1.17805 354.78 163.034 1520.33 167.26
268.405 872.326 576.721 115.885 391.031
116.282 20.7686 653.723 1209.17 102.723
1259.12 126.339 169.334 160.124 712.157
624.895 257.425 441.165 738.932 28.5108
841.469 636.386 222.728 729.176 18.0034
12.739 3.22674 49.3786 1234.74 976.355
1630.46 35.3337 31.9763 181.625 355.358
1082.2 1183.07 63.7979 59.1632 202.316
632.778 699.075 469.747 41.2536 79.0682
1068.01 338.248 88.1983 65.6752 405.795
12.4435 203.426 1439 1079.7 25.6481
2.05581 0.730131 637.301 1684.32 5.25969
1416.86 664.516 28.0353 161.362 209.692
1498.38 141.692 404.561 114.22 117.898
0.316062 29.8536 2054.45 40.1852 394.737
2001.71 48.5402 93.9454 21.83 112.465
503.525 1061.73 483.357 233.144 269.033
0.421876 0.290113 60.396 1342 1070.83
749.42 209.974 132.053 809.463 559.203
133.418 1341.97 105.414 491.653 220.623
5.22275 84.0016 1414.1 1063.05 127.959
830.574 157.848 368.894 1028.97 409.219
521.218 969.493 473.889 365.952 35.9871
664.123 525.466 325.7 350.715 1049.97
502.265 1248.36 261.309 94.0802 174.017
3.80638 6.99428 2086.69 247.527 222.09
382.749 4.34029 1890.88 62.8342 46.0863
367.882 375.5 1092.58 216.664 194.398
1.31571 315.054 1739.64 204.298 194.612
0.0103244 79.4599 22.2097 2229.74 520.246
125.937 446.311 801.266 10.6204 907.109
2.8492 7.08158 1.44605 18.9808 2182.44
28.3222 1657.99 523.621 45.2634 208.927
