71 1.48689
0.00106101 2.90006 0.808825
1.5605 2.6236 8.16337e-05
0.000602252 2.15399 2.11468
0.00120858 2.92393 0.694199
2.54135 0.862248 0.894852
5.55806e-05 5.80816e-05 3.5705
3.20109e-05 2.30628 2.54977
0.320044 2.97901 1.38668e-06
2.7459 0.00201726 1.13621
1.24779 1.10439 2.09588
1.66208 0.0305485 2.09089
1.20524e-05 3.13095 1.73628
0.00631825 1.60554 2.42601
0.00045895 1.76624 2.65503
0.00342662 2.16072 2.09555
0.00118107 2.85736 1.40173
0.13965 2.81207 0.109354
4.33673e-05 3.12447 0.0079894
3.0625 4.71883e-05 0.0136189
0.00010078 1.0651e-06 3.12261
1.16985 2.85292 6.3037e-05
0.156924 2.88247 5.69684e-06
0.263513 1.71817 2.20953
1.77568 3.79874e-06 2.46974
0.256754 2.39859 1.41466
5.7252e-09 7.99377e-05 3.55038
3.91155e-05 2.81814 1.73899
0.133379 2.86891 0.000125795
7.14036e-05 5.0745e-07 3.17142
0.00107474 2.9376 0.316943
0.000733971 3.09713 0.250579
0.0038944 3.02942 0.00298469
1.27537 2.59801 0.00712055
2.02708 2.2886 7.76977e-06
2.72121 0.11902 0.506931
1.04847 1.98433 1.55995
0.856955 0.973491 2.27363
0.00607996 2.7872 1.2025
0.413619 2.64944 1.0627
2.58805 1.73044 5.30046e-07
8.92039e-05 1.81938e-09 3.96193
0.464344 3.16896 9.52822e-07
3.16666 0.0800723 5.39309e-07
2.08649 1.74498 0.506222
0.0329909 1.78381 2.26459
2.82513 0.00282468 0.243566
9.9183e-07 7.51644e-05 3.33867
0.0831075 3.16093 0.00013692
2.28971 1.08973 1.34182
1.38622 2.58598 0.0105367
2.05799 1.11691 1.62754
1.83151 2.07768 0.0507975
2.19726 0.507401 1.71494
0.818782 2.40897 0.744791
0.000779743 1.88644 2.37161
2.19271 1.11394 1.29035
9.14622e-05 3.26833 9.72316e-07
0.00581767 3.17254 6.26087e-06
8.79207e-05 1.31585e-05 2.75437
1.01902 0.00117132 2.61951
0.00591306 2.74196 1.24304
0.00487304 1.89077 2.30863
0.000451759 2.52223 1.79381
3.05795 0.260863 6.76265e-07
2.9835 0.0173909 0.0097022
0.00493909 1.70081 2.3088
3.22962 0.00147999 1.16365e-06
3.50087 0.0723208 5.96163e-07
1.0001 0.907964 2.3451
2.30287 0.306637 1.34583
2.10003 1.9502 0.337441
1.33017 2.70965 0.00205195
7.26258e-05 4.81535e-07 3.2257
2.9779 6.37068e-06 0.0833043
0.00609725 2.79513 1.18793
0.000179598 3.10708 0.0428636
2.34972 0.0138055 1.75065
3.73037e-05 3.20345 0.000105668
0.0004611 2.57438 1.70777
3.90316e-05 2.38621 2.05228
0.629905 2.11573 1.45011
1.84809 1.71713 1.4391
0.393586 2.12909 1.73826
1.09793 2.07794 1.39888
2.11984 1.2415 1.14248
1.61464 1.46202 1.54907
0.00342662 2.16072 2.09555
2.43271 0.0800801 1.35649
0.000798697 1.93229 2.31228
3.03479 0.000161949 7.47529e-06
2.03263 0.689647 1.66924
0.096793 2.54856 1.39708
1.63178 0.050214 2.07516
1.66179 0.0412576 2.09082
2.04887 1.33769 1.43495
2.92338 0.0308551 0.109915
1.00006 2.35502 0.748963
0.206831 2.53376 1.2686
0.07082 3.23459 9.33581e-07
0.310217 2.82376 0.0430867
5.79759e-07 7.55561e-05 3.35587
2.96826 0.140074 6.07495e-05
1.40065 2.70602 0.00013346
1.99722 0.953125 1.63426
0.176353 1.52308 2.37621
0.00639257 3.26763 9.42891e-07
2.28657e-07 8.99294e-05 2.78627
0.00150161 0.00236556 2.58033
0.883061 1.64636 2.0216
1.89025 4.14205e-06 1.99774
2.23594 0.0464812 1.69806
0.164993 2.75178 0.667386
0.00469403 2.14015 2.07561
0.0044895 2.85239 1.23062
1.76095 1.76498 0.946591
1.56709 2.25985 0.238506
0.394646 2.52791 1.10394
1.48737 2.51562 0.0177684
0.000595116 1.43977 2.66942
0.115721 2.50921 1.63273
1.08385 1.61419 2.11376
2.88503 0.284168 6.38791e-07
0.000371597 1.78676 2.65067
1.64449 2.58891 8.20198e-05
0.0490535 2.64834 1.23393
1.4428 2.29288 0.503059
1.59875 0.0237766 2.41599
1.03668 0.618273 2.34184
1.50895 1.50546 1.56246
1.65723 2.14843 0.909045
2.81916e-05 2.03111 2.62146
1.15822 2.34161 0.45357
0.968753 1.40508 2.12359
2.92421 0.0652556 0.00455215
1.26141 2.55024 0.0755815
0.0824736 2.75473 0.689593
2.65544 0.87334 0.0157666
1.63215 1.73843 1.00602
2.1115 1.95769 0.191929
2.87419 0.059222 0.0859391
0.0475228 2.95638 0.0501423
2.69619 0.0317768 1.05651
2.30523 1.12079 0.445037
0.183754 2.4289 1.45082
1.6642 1.3918 1.56766
1.30936 2.4781 0.269855
3.22463e-05 6.38043e-05 3.17518
1.24297 1.19388 1.87328
3.00453 0.00345357 0.0232133
0.247617 2.31324 1.49159
1.65723 2.14843 0.909045
3.80387e-05 2.74057 1.98173
7.79807e-06 8.83466e-05 2.74787
0.000528689 3.08793 1.33224
0.00381258 2.40487 1.71035
0.00104174 2.52028 1.41486
2.52653e-05 3.22221 0.00512147
0.864704 0.0132082 2.56253
1.44915 0.324946 2.3264
2.52946 0.354619 1.03477
1.86904 1.73659 1.35462
0.246935 2.13267 1.6636
1.77084 2.31095 5.952e-05
2.78229 0.205318 0.14124
2.38546 1.1384 0.00423324
0.0857374 1.38752 2.4135
2.019 0.668807 1.82255
0.18512 1.2477 2.21272
0.0134521 2.34039 1.67111
3.55396 0.00424181 6.05075e-07
0.0178627 2.8443 0.101939
6.39131e-05 9.03705e-06 2.86689
0.00135598 2.35277 1.80783
2.32579 0.0436367 1.41395
1.62753 2.21242 0.139049
8.89733e-05 3.17939 0.000269236
1.93707 1.35719 1.76178
3.38508 7.41761e-06 6.07792e-05
0.00393142 3.05822 0.00276828
2.52993 0.0713461 1.09449
3.07644 6.74129e-06 0.000226952
1.24109 1.93092 1.02249
0.000653502 1.78622 2.58621
0.0233561 1.5558 2.41142
0.0285877 1.54342 2.46762
0.0539956 3.28838 5.59934e-07
1.00075 0.885743 2.3202
2.54344 1.71895 0.000187501
2.61638 0.167509 0.750893
2.43473 0.867097 0.725551
1.37419 2.53718 0.0713744
1.07355 0.91092 2.15514
0.843676 0.0266142 2.50117
2.44328 3.81806e-06 1.45057
0.017219 1.99164 1.79369
2.79553 0.0656997 0.0750539
0.0523993 2.83323 0.00398603
0.166277 2.7732 0.538508
1.68877 0.00119481 2.34948
2.08023e-08 7.9894e-05 3.54844
1.52456 0.203002 2.17064
1.72965 0.00122373 2.1849
1.83151 2.07768 0.0507975
2.81694 0.0442015 0.10592
0.280389 1.87952 2.10073
2.67606 0.301299 5.93395e-07
1.84809 1.71713 1.4391
0.133443 2.54424 1.31439
0.856845 1.64631 2.05448
0.07489 2.7681 1.21775
1.94278 1.08013 1.68216
3.56833 7.27789e-05 1.68825e-05
0.00151533 2.62926 1.24723
2.23492 1.44254 0.0051101
2.13943 1.97366 0.141509
2.24784e-06 6.96629e-05 3.09564
1.43165 2.38146 0.423034
1.66292 2.19749 0.0168502
2.62202 1.5679 0.00241148
1.73493 2.17166 0.0255494
1.84707 0.0184516 1.9522
3.02525 0.265154 3.94658e-07
1.22654 2.28592 1.34663
0.00475897 1.85438 2.32177
2.15868 1.88408 0.242537
0.0360718 2.89001 0.0588897
2.98476 0.031503 0.0046455
0.204695 2.50759 1.34832
1.96268 1.70018 0.623872
1.26473 1.56184 1.6045
2.94889 0.0385208 0.0871763
0.257483 2.77343 0.0832653
0.768798 2.60135 0.0126681
0.0177415 2.83033 0.696906
0.00412162 2.98356 0.0125412
2.44005 0.0110634 1.24315
0.276828 2.75833 0.463819
7.3872e-05 6.06544e-09 3.28097
2.4323 0.20584 1.14258
2.3666 0.0205983 1.39665
5.94678e-05 3.68851e-05 3.10803
1.92291 0.777213 1.78167
2.65484 0.0631036 1.05241
2.36151 0.207318 1.37329
0.0146554 2.31729 1.76228
1.33461 0.484418 2.17331
2.20836 4.75979e-05 1.79229
2.74432 0.00288991 0.242747
0.936799 1.13064 2.23629
0.622749 1.22328 2.41932
1.3104 0.0403244 2.33153
0.863559 2.54071 0.359212
0.000838103 2.99753 0.0401182
2.17814 1.97817 7.72523e-07
0.000542931 1.31351 2.70039
3.02932 0.26551 3.95189e-07
3.65899 7.4628e-05 1.73114e-05
0.00010075 3.60021 1.07105e-06
5.83436e-09 8.14618e-05 3.61807
9.21877e-05 1.88024e-09 4.09446
5.83991e-05 6.12442e-05 3.75854
2.39587e-07 9.4228e-05 2.91946
1.50214 0.329676 2.40837
2.73431 0.431284 0.65587
0.000324853 3.41527 1.01603e-06
0.530737 0.835243 2.62675
1.51479 1.51129 1.63588
2.45392 1.08666 1.21542
2.18006 1.84838 0.556186
1.18476 2.39527 0.472644
9.54493e-06 7.26954e-05 3.25643
0.864274 0.981805 2.29305
1.13202 0.960534 2.27252
3.51478 0.0730545 5.98535e-07
1.34344 1.675 2.08244
2.05617 0.697631 1.68857
6.50274e-05 4.10667e-05 3.41587
3.28964 0.000175549 8.10301e-06
0.415081 2.65881 1.08117
0.155568 2.78578 1.25166
1.33033 1.17745 2.23453
1.28978 2.62738 0.217935
2.00368 0.809858 1.85651
3.45831 7.57808e-06 6.20941e-05
1.96269 1.71266 0.625841
1.6641 1.79519 1.03273
0.711085 0.683383 2.63678
1.06306 2.01195 1.58166
1.63729 0.150483 2.48438
0.229049 3.10809 6.15031e-06
0.632316 2.12383 1.45566
9.82784e-05 1.08429e-05 3.06341
8.85656e-05 1.3255e-05 2.77457
2.78154 0.610009 0.462412
1.39267 1.74003 1.95654
1.76257 1.7666 0.947464
1.62139 1.56416 1.56592
1.46807 0.729272 2.28862
2.76416 0.671424 0.40799
0.0936483 2.557 1.45117
