3 0.0459232
0.699817 0.872043 0.356757 0.16483 25.8364
1 0.272069 0.0843156 0.5 29.7625
0.771451 0.751603 0.193322 0.308967 26.9226
0.68821 0 0.498236 0.757965 28.8217
0.391299 0.747519 0.373329 0.217959 29.6719
0.584108 0.0561344 0.709016 0.299308 29.4206
0.5 0.383443 0.407235 0.219706 28.8245
0.5 0.5 0.231548 0 30.9279
0 0 0 0 32.8422
0.399215 0.36532 0.407637 0.546731 29.9047
0.5 0.0200978 0 0.864257 29.2135
0.432803 0.33775 0.721486 0 29.0182
0.164433 0.476611 0.291196 0.228029 28.9582
0.062795 0.5 0.739099 0.665795 27.2498
0.5 0.564199 0.912923 0.0892778 28.9372
0.430029 0.977378 0.764888 0.568769 25.7482
0.12738 0.204195 0.5 1 27.7051
1 0.57848 0.399297 0.319276 27.8311
0.417625 0.120492 0.539304 0.5 30.3992
0.370274 0.163723 1 0.163598 28.5578
0.499634 0.426637 0.5 0.530626 30.861
0.520662 0.0077079 0.036909 0.441201 33.3083
1 0.924753 0.5 0.197407 27.33
0.870644 0.501786 0.131742 0.666843 26.3084
0.532346 0.379048 0.97312 0 31.5566
0.850731 0.174135 0.642325 0.0795612 27.1284
0.0131394 0.359359 0.388585 0.74088 29.0517
0.573604 0.243685 0.553232 0.846224 28.5166
0.145236 0.751586 1 0.0918894 28.5828
0.663175 0.490925 0 0.810965 28.4083
0.540243 0.875007 0 0.680084 29.8089
0.0666323 0.481593 0.5 0.0869612 31.1383
0.614187 0.755013 0.386089 0.0976867 27.6208
0.179101 0.681098 0.228179 0.344139 27.0405
0.725622 1 0.451522 0.123906 26.689
0.682713 0.37733 0.21727 0.739719 29.3228
0.086869 0.404373 0.137384 0 30.4488
0.23907 0.214641 0 0 31.2933
0 0.996126 0.646178 0.5 32.1071
0.00079159 0.311256 1 0.206528 30.572
0.509769 0.0491022 0.322381 1 31.3056
0.322536 0.953206 0.38645 0.589396 26.8497
0.632292 0.809077 0.441178 0.493166 29.4096
0.210179 0.107631 0 0.919813 28.8671
0.918173 0 0.483255 0.431925 28.7403
0.56623 0.632245 0.019294 0.300806 30.6189
0.818484 0.657319 0.389781 0.0726407 28.6335
0 0.892482 0.5 0.5 31.6591
0.7114 0.227102 0.652528 0.21397 29.9407
0.580178 0.450857 0.328381 0.489119 30.8202
0.189008 0.94774 0.837783 0.722622 25.7312
0 0.437172 0 0.65002 29.3484
0.623506 0.5 0.140343 0.553182 28.2441
0.5 0.619055 0.0127731 0.352768 28.0809
0.834641 0.647947 0.247683 0.5 29.256
0.926344 0.393261 0.251656 0.000996512 29.5519
0.62151 0.739893 0.618685 0.217623 29.5487
0.417275 0.349798 0.941672 0.812329 26.9086
0 0 1 0.5 28.1281
0.463256 0 0.303056 0.169816 29.8536
0.93929 1 0 0.611284 28.013
0.5 0.5 0.559985 0.543205 29.9902
0.0329783 0 1.55364e-05 0.330374 31.4137
0.209047 0.5 0.5 0.819099 29.3374
0.76623 0.388222 0.512313 0.5 30.6313
0.970958 0.677594 0.0325351 0 30.8905
0.0431298 0.290603 0.195703 0.914814 28.6413
0 0.250948 0.434301 0.0401174 30.236
0 0 0.909704 1 27.7367
0.360617 0.110926 0.387474 0.552718 31.7125
0.835706 0.304861 0.634932 0.0289894 27.9876
1 0 0 0 29.3964
0.753631 0.735796 0.0830245 0.331175 29.4404
0.274504 0.124552 0.5 0.488113 30.8706
0.920478 0 0.5 0.995869 28.3983
0.849228 0.0912021 0.428927 0.749162 27.681
1 0.168995 0.0948438 0.289881 27.9418
0.0590552 0.477288 0.370773 0.440703 31.2843
0.62535 0.5 0.5 0 29.7808
0.389653 0.5 0.5 0.5 31.9858
0.495386 0.573539 0 0.576651 30.1085
0.339271 0.5 0.625456 0.19766 29.2036
0.45646 0.795097 0.693563 0.446758 27.8753
0.88625 1 0.614449 0.200867 27.2737
0 0.406361 1 1 27.0908
0.5 0.384155 0.545722 0.0907846 30.1586
0.687021 0.508934 0.196825 0.5 27.8885
0.111086 0.408622 0.701601 0.581745 28.454
0.873451 0.751679 0.879247 0.124737 25.3815
0.480598 1 0.339584 0.193811 30.0536
0.644086 0 0.535689 0.29741 29.0961
0.737709 1 0.689507 0.392167 26.5577
0.340985 0.654099 0.775728 0.0950938 28.0538
0.033395 0.536991 0.5459 0.577106 29.2704
0.198829 0.837955 0.140225 1 28.6167
0.366836 0 0.5 1 28.998
0.269731 0.501251 0.957597 0.29868 29.2444
0.3392 0.127563 0.181699 0.654129 30.5138
0.456651 0 0.405308 1 30.2015
0 0.144554 0.710337 0.236001 28.806
0.740722 0.019263 0.670306 0.0739345 29.7627
0.757913 0.452724 0 0.0876253 30.2102
0.822674 0 0.5 0.0853008 28.0343
0.637383 0.13394 0.524095 0.5 30.4223
0.0889031 0.243269 0.614656 0.937274 28.1595
0.139008 0.501593 0 0.378805 32.398
0 0.824981 0.18672 0.308313 27.7384
0.590774 0.284467 0.229308 0.368822 29.4535
0.136734 0.546284 0.383817 0.316061 30.7231
0.5 0 0.100907 0.116096 28.3196
1 0.774698 0 0.5 29.5616
0.801094 0.5 0.915326 0 26.5873
0.5 0.5 0.717093 0.264181 31.48
0.0771999 0 0.899705 0.5 30.4787
0.425046 1 0.885492 0.383941 26.0226
1 0.524537 0.171247 0.0855596 27.2082
0.392421 1 0 0.875454 29.1657
0.126793 0.36554 0.460741 0.473557 30.3149
0.830262 0.122857 0.942584 0.240663 30.5583
1 0.356702 0 0.803634 29.7835
0.856601 0.877157 0.5 0 27.8386
0.769818 0 0.5 0.5 29.8227
0.184993 0.645386 0.741039 0 29.9259
0.234334 0.078557 0.164618 0.5 28.7263
0.268294 1 0 0.390927 28.1258
0.411008 0.38169 0.596033 0.833526 29.2103
0.324031 0.566081 0 1 29.3883
0.5 0.28992 0.60254 0.906617 28.085
0.425603 0.0426867 0.0784328 0.62741 28.7908
0.5 0.993637 0.391376 0.5 29.6588
0.868734 0.528377 0.201401 0.474112 30.8578
0.261664 1 0.399976 0.759045 27.2277
0 0.391168 0.239363 0.348321 30.747
0.846603 0.753519 0.138243 0.00915503 27.4825
0.400584 0.464816 0 0.664143 29.0528
1 0.52292 0.515984 0 29.6774
0.760039 0.886183 0.172787 0.5 27.5465
0.5 0.446377 0.0319599 0.879433 28.0212
1 0.596855 0.00975916 0.295482 29.2047
0.769183 0.5 0.21426 0 30.5153
0.814774 0.532005 0 0.756298 28.5664
0.383466 0.335499 0.24863 0.266754 28.156
0.344708 0.309165 0.5 0.894902 29.1596
0 0.708545 1 0.935381 27.5251
0.5 0.686873 0.491786 0.279838 29.103
0.677492 0.5 0.356068 0 30.8539
0.0127705 0.5 0.486953 0.865584 31.6936
0.99579 0.547575 0.768429 0 28.5566
0.0435303 0.337834 0.5 0.916284 29.5275
0.530126 0.422841 0.0160888 0.300894 30.0466
0.538687 0.20945 0.617077 0 32.1593
0.5 0.5 0.323054 0.193599 29.6518
1 0.305269 0.5 1 26.9464
0.584149 0.971964 0.939185 0.234524 27.3292
0.494513 0.495376 1 0.5 30.2939
0.989502 0 1 0.499811 30.4262
0.00972822 0.5 1 0.5 30.8571
0 0.991018 0.620982 0 28.5154
0.377182 0.174426 0.873203 0.152417 27.7688
0.35157 0.548817 0.5 0 32.0313
0.222443 0 0.5 0 30.6756
0.00715772 0.00404093 0.592978 0.304302 31.7421
0.0688859 0.626156 0.3795 0 33.4369
0.622657 0.221284 0.5 1 28.0627
0.762033 0.76405 0.369703 0.544268 27.4256
0.878731 0.0292336 0.0962956 0.528094 28.6142
0.263401 0.736214 0.432484 0.771143 26.0291
0.416439 0.523557 1 0.0210597 30.2397
0 0 0 0.182883 30.3096
0.5 0.0857574 0.243034 0.433938 31.0251
0.639158 0 0 1 31.8706
1 0.71565 0.5 0 30.0568
0.98544 0.725824 0.347878 0.5 27.833
0.505356 1 0.242364 0 30.9226
0.421819 0.604544 0.5 0.798754 29.9195
0.507193 0.0862156 0.961837 0.781192 28.9762
0.0302524 0.613853 0.813172 0.0811086 30.2923
0.619228 0.624068 0.902723 0.269953 27.0447
1 0.670917 0.886587 0.37897 27.3618
0.208885 0.178319 0.716874 0.600157 29.6478
0.333361 0 0.5 0.5 30.5383
0.272683 0.410143 0.5 0.763478 27.2308
0.50778 0 0.5 0.0720807 30.6415
1 0.667489 0.150688 0.586905 29.9426
0.825391 0.5 0.380237 0 27.711
0.950168 0.761851 0.804278 0.728219 26.2472
1 0 0.706252 0.459779 27.8403
0.82075 0.892153 0.0150105 0.83457 26.0952
0.229055 0.911187 0.613435 0.0987947 28.1688
0.546204 0.153039 0.191038 0.0794306 29.1671
0.496409 0.675617 0.5 0.367739 30.4991
0.221562 0 0.170538 0.532762 30.4437
0.838407 0.733915 0.74263 0 26.4147
0.737381 0.0487285 0 0.910611 26.7643
0.357609 0.651413 1 0 28.913
0.5 0.0697745 0.220193 0.50308 28.6068
0.5 0.738741 0.475278 0 28.4422
0.173252 0.959284 0.060845 0 29.1755
1 0.282063 0.536529 0 26.2817
0.933465 0.496365 0.0618054 0.571818 30.1119
0.752851 0.495063 0.0810612 0.436774 28.7234
0.832781 0.168944 0.365814 0.443258 29.7332
0.609799 0.536256 0.23299 0.691667 29.639
0.509298 0.609818 0 0.214096 30.9766
0.705051 0.509773 0.630462 0 28.3367
0.545093 0.27368 0.5 0.392033 30.8231
0.566733 0.5 0.627774 0.216699 31.1848
0.608457 0.800591 0.143046 0 28.9201
1 0.873313 0 0.471869 27.1915
0.954478 0.398862 0.0287403 0.297639 30.6296
0.5 0.971038 0.615108 0.444077 28.6966
0.814777 0.52674 0.501721 0.44424 27.9448
0 0.792879 1 0.170085 29.0782
0.5 0.351663 0.0426385 0.743081 29.3081
0.858306 0.599338 0 0 28.3086
0 0.300069 0.386106 0.639932 29.594
0.267379 0.5 0.373661 0.644833 29.5391
1 0.230014 0.750387 0 27.5492
0.484171 0.436663 0.21417 0 28.0184
0 0.5 1 1 28.0966
0.5 0.256775 0.298183 0.564936 29.1631
0.5 0.0682467 0.899731 0 27.7767
0.746731 0.577315 0 1 28.8606
0 0 0.448691 1 29.891
0.5 1 0.5 0.228502 29.9069
0.544849 0.615203 0.122051 0.859976 30.1881
0.834012 0.951359 0.299463 0.618672 26.4655
0.319528 1 0.218562 0.0504122 27.2212
0.983792 0 0 0.5 29.7535
0.0519796 0.432194 0.0918018 0.702749 30.4761
0 0.631607 0.0961952 1 29.6426
0.503216 0.276044 0.5 0.146088 29.4531
0.441498 0.5 0.294058 0.5 28.3065
0 0.558393 0.5 0.0502838 29.1402
0.54045 0.5 0 1 29.5453
0.470523 0 0.601254 0 32.4229
0.820125 0.469732 0.255366 0.285538 28.7942
0.308548 0.411376 0.749877 0.0524589 29.6803
0.303386 0.0638017 0 0 32.2747
0.906231 0.894296 0 0.5 26.7813
1 0.0199723 0 0.213481 29.8452
0.264821 0.27397 0.818912 0.12002 28.7359
0.81312 1 0.487402 0 26.6757
0.912879 0.0759123 0.170655 0.0879752 30.4122
0.35367 0.381787 0 0.747585 27.7519
0.161941 0.541748 0.207 0.0429542 29.3641
0.703323 0.768811 0 0.563252 27.5758
0.456541 1 0.413939 0.700324 28.0211
0.718933 0.66386 0.000274794 0.686932 28.4393
1 0 0.830054 0.698554 28.6098
0.6338 0.56459 0.5 0.478329 29.8662
0 0.5 0.227827 0.687253 30.6448
0.915517 0 0.843716 0.291257 29.2911
0.561173 0.0167509 0.654875 0.145733 28.8672
0.914127 0.465532 0 0.634268 29.623
0 0.835303 1 0.0788695 28.0741
0.789976 0.38175 0.41809 0.5 29.6452
0.195628 0.113869 0.32893 1 30.522
0.802801 0.5 0.526404 0.390989 29.7487
0.696027 0.5 0.293162 0.0725281 31.1594
0.422073 0.607082 0.368962 0.808347 29.6912
0.490682 0.0018669 0.611462 0.199647 29.6139
0.720618 0 0.5 0.5 32.1567
0.319542 0.537838 0.296786 0.330197 30.7618
0.170656 0 0.359537 0.238027 31.1499
0.643477 0.934884 0.229133 1 27.6492
0.796047 0.769876 0.5 0.434043 27.7755
0.0630525 0.286833 1 0.171565 31.4189
0.680906 0.379421 0.941535 1 28.1908
1 0.830372 0.30977 0.512021 27.5112
0.374724 0.482903 0.556638 0.160028 29.9372
0.225451 0 0.0914763 0.242841 30.5455
0.504499 0.821725 0.413753 0 29.0051
0.617508 0.892652 0.680981 0.205832 28.6198
0.71061 0.787868 0.45972 0.326652 30.8291
0.198985 0.5 0.5 1 29.2768
0.848123 0.632695 0.5 0.341174 28.9297
0.269457 1 1 0 27.2719
0.464404 0.0452209 0 0 30.1953
0.409006 0.3704 0.575509 0.496356 31.526
0.463686 0.45068 0.418369 0.0751254 31.1834
0.980753 0.795269 0.00478594 0.906405 26.3138
0.388144 0.457063 0 0.280956 30.5798
1 0.260493 0.727439 0.5 28.2152
0.429937 0.443882 0.945918 0 29.295
0.555462 0.842697 1 0.277959 27.6849
0.136622 0.5 0.747645 0.308886 30.6123
0.155221 0.938121 0.45607 0.574995 27.6751
0 0.0372513 0.968382 0 29.471
0.988549 0.78311 0.5 0.507965 30.9455
0 0.251436 0.372109 0.65461 30.1449
0.656844 0.674253 0.670604 0.369164 27.3463
1 0.26396 0.286761 0.120662 29.2574
0.423268 1 0.679966 0.5 29.6422
0.578047 0.0489978 0.342631 0.5 29.9109
0 0 0.210548 0.110335 31.3659
0.117105 0.739405 0.943214 0.336015 30.0293
0.904558 0.219609 0.527655 0.548563 29.738
0.814714 0.390585 0.162673 0.702111 28.1409
0.443123 0.276169 0.0636031 0.586127 31.8183
