1691 28.7231
0.277933 0.393285 1.41542 0.456094 2.40935
0.21102 0.416184 0.734719 3.25319 0.283949
0.171892 0.245306 0.514753 0.211895 2.77327
0.519032 1.62997 3.1674 0.800142 0.384471
0.276529 0.31832 0.48315 2.78341 2.08513
0.484541 0.844953 1.81379 1.35769 1.81865
0.417194 0.5616 0.76366 2.85905 1.46654
0.281696 0.914222 1.62371 3.19599 0.00400914
0.423669 0.83149 0.184079 3.92951 0.468518
0.356967 1.18747 2.98078 1.73268 0.150192
0.25302 0.75013 0.1521 4.29407 0.490054
0.13059 0.0186995 0.859745 5.72988 0.182137
0.18377 0.0488327 0.878778 4.91563 0.00451648
0.330966 0.96378 2.15354 2.92789 0.100392
0.216538 0.778135 2.86996 0.726332 1.26387
0.255992 1.0051 0.402141 3.67054 0.189591
0.437394 0.16765 1.7566 1.53256 2.22805
0.206229 0.764541 3.93915 0.808459 0.167945
0.327601 0.895245 3.13361 1.43275 0.206978
0.368949 0.690784 0.106562 6.12749 0.0212693
0.0709087 0.182228 0.264724 0.116624 2.97009
0.2208 0.58512 2.17888 0.963395 1.86663
0.105978 0.417917 0.646339 1.98815 2.54423
0.317109 0.579994 1.00289 0.532812 2.60405
0.400781 1.10639 2.69829 0.949417 1.03442
0.119222 0.151004 0.438393 0.134794 2.88971
0.471235 0.941428 1.56518 2.97558 0.765258
0.0245478 0.0392517 0.0747891 0.0374826 3.08002
0.0917237 0.212694 0.986742 3.28198 0.868333
0.383315 0.84762 2.56944 0.668061 1.93515
0.395657 1.40898 2.33833 1.61108 1.17763
0.285841 0.770386 0.112798 5.82125 0.0497825
0.461757 0.526948 2.6434 0.940834 1.31812
0.130767 0.719009 0.333045 4.57512 0.358966
0.357534 0.455069 2.39105 1.81262 1.3098
0.0683812 0.230768 0.845153 3.63776 0.0888391
0.0330873 0.164931 0.749921 4.01998 0.971539
0.181619 1.07522 0.478813 5.05797 0.000246438
0.406428 0.636526 3.85598 2.35624 0.00946907
0.0277319 0.136555 0.901068 5.31384 0.0414254
0.00548866 0.0115124 0.0235341 0.0110575 3.11277
0.151868 0.0312267 0.963087 4.61197 1.42436
0.250612 0.385192 0.66989 3.2319 0.994978
4.81761e-05 8.98686e-05 0.000332822 0.000174001 3.31134
0.283153 0.486016 0.646441 3.87874 0.00881322
0.0597299 0.167294 0.862056 3.98755 0.0149358
0.282063 0.800826 0.424153 3.87559 0.0374488
0.172903 0.13603 1.04013 3.73287 0.817309
0.000635301 0.00231163 0.00325483 0.00160868 3.17514
0.111975 0.415194 1.57093 2.22242 2.16611
0.173144 0.561397 2.53091 3.11262 0.162148
0.0430138 0.186136 0.864966 3.69332 0.322323
0.150069 0.167356 0.969745 3.07776 1.91517
0.32061 1.36906 2.4348 1.9869 1.06076
0.245416 0.693494 2.85296 1.28103 1.12632
0.227152 0.723778 3.33653 1.37841 0.917125
0.132035 0.726966 4.0665 1.84618 1.00288
7.14529 4.85695 1.10148 1.90537 0.46457
0.253874 2.40848 2.58792 7.35543 2.83459e-05
5.07167e-07 7.35055e-07 1.98109e-06 1.68968e-06 4.23572
5.07167e-07 7.35055e-07 1.98109e-06 1.68968e-06 4.23572
5.07167e-07 7.35055e-07 1.98109e-06 1.68968e-06 4.23572
5.07167e-07 7.35055e-07 1.98109e-06 1.68968e-06 4.23572
0.964696 4.12138 6.84402 1.15335 1.46489
2.00264 2.8701 1.50449 4.95349 4.80318
0.222659 0.949862 4.49068 2.06597 5.48218
0.318117 0.246259 0.889286 0.92068 7.98548
0.0517347 0.168915 0.345692 0.0727609 7.21265
1.19758 3.50919 4.34777 3.88681 0.00770856
4.00253 2.09939 1.83141 1.26338 6.1914
0.659226 0.953357 6.17257 1.87748 3.74612
0.351896 0.308521 3.02526 6.7306 1.91395
1.41631 3.2931 2.04954 0.53701 5.07789
0.928603 1.78974 3.34947 4.22457 1.14808
0.681741 0.172034 0.899934 0.128299 7.04141
1.00218 3.97833 5.58552 2.63494 2.63802
0.211187 0.227052 0.481441 2.31477 6.77642
0.509327 0.869849 3.12877 5.12614 3.11591
1.58533 1.18498 0.419105 8.49409 3.64643
2.96296 0.948124 5.90503 1.22083 3.73922
1.38125 3.75727 2.13618 4.66793 2.85413
1.69896 1.05454 4.76356 1.15843 4.6201
0.306119 0.644184 1.9406 0.444783 7.14581
0.13816 0.222398 1.19437 0.86781 7.14382
2.78614 1.22528 3.13249 5.25105 2.86467
0.649036 3.76765 6.05367 1.60495 3.35678
1.04903 3.73934 2.50763 1.16221 5.56235
2.99637 2.29204 2.59627 5.5034 2.67101
0.102463 0.836251 0.523646 6.4275 3.36183
2.438 2.83693 3.81521 5.42171 1.04641
2.6267 3.52528 3.45092 2.80734 3.69587
0.850981 1.59609 3.19976 2.08045 6.11444
0.728911 4.31364 3.64797 3.54696 3.01157
2.80177 0.391451 0.634018 6.38465 2.37909
0.309381 0.147489 0.901126 2.54813 6.65196
2.20154 3.5547 4.18691 1.34927 3.31225
0.0892725 0.190317 0.0965803 0.293771 6.93085
0.110664 0.0247047 0.965245 7.19684 0.845929
1.19864 1.39124 2.92943 0.831255 5.13539
2.34636 0.800984 2.89463 0.591293 5.90836
0.0872069 0.158267 1.21369 5.90513 2.92176
0.601609 1.48451 2.43117 2.48138 5.31084
1.26396 0.733937 3.55914 1.48781 6.22023
0.0170879 0.0267623 0.00952031 0.0212147 7.08478
0.202455 0.261828 2.58643 3.7845 5.95832
0.85268 0.262602 3.88047 3.46572 5.16164
1.35299 1.33846 1.69646 6.88169 3.132
2.96315 0.477265 6.10545 1.70996 4.66847
0.490936 0.840062 0.657718 0.666407 8.52045
0.337423 2.30604 2.02678 2.76594 6.67221
0.3929 1.51564 1.7492 1.18928 7.72583
0.948336 0.662984 1.8225 4.42832 5.50039
0.480428 0.784117 3.40977 4.10531 4.65475
1.01261 1.06095 2.19109 6.303 1.03057
1.96944 1.20131 3.15482 4.91984 3.45437
0.976794 1.0722 2.22249 1.54297 7.68615
0.616415 0.891572 3.24666 4.69921 5.52046
0.283777 0.733576 4.52494 3.52287 1.87988
0.353105 0.24525 2.68388 1.42838 6.7878
2.08859 3.9761 1.06987 4.75868 1.5307
0.925613 0.300895 5.69834 1.38818 4.96939
2.18989 0.834176 4.19303 1.51793 5.02424
0.115731 0.858634 5.34129 2.45069 4.80488
0.930572 1.20291 1.84915 3.50411 6.17597
0.477231 0.457139 0.221417 1.24111 7.42174
0.321812 0.728836 2.15332 2.34552 5.38373
3.11132 1.16604 3.17237 2.73977 4.71577
0.00302538 0.0138827 0.0945898 0.312225 7.15084
1.21965 2.55087 0.814137 6.35512 1.01348
3.15514 1.92156 3.25664 3.77494 4.7411
5.41624 1.41735 3.38028 2.32582 2.58118
0.334466 1.68595 1.91686 2.98297 6.24149
2.44597 4.20336 5.3097 1.09378 3.59121
0.438947 0.285329 0.63767 0.699213 7.62401
2.84595 2.00851 0.428149 1.68925 7.03524
0.764887 1.57823 1.58737 6.49765 0.563871
0.682399 0.308293 1.77207 1.49211 6.74446
3.1806 4.43087 3.25352 2.84454 0.427163
2.69726 3.35915 2.7515 3.0697 3.6637
0.992321 4.38659 3.63068 1.41953 6.21866
0.403751 0.913551 5.7781 0.644805 4.48775
0.115987 0.312035 0.498131 0.827353 6.96663
6.38705 2.51412 1.15642 1.89387 0.993289
0.00374881 0.011838 0.0694728 0.0858384 7.34797
0.227485 1.13115 3.91048 4.28857 3.33865
0.795889 0.441495 0.689885 6.22651 3.22299
0.206473 0.69958 0.589311 2.54441 7.48845
2.77256 1.09513 4.07247 1.50573 5.87035
0.33357 2.21697 2.38944 2.7135 6.08453
4.3542 1.9472 3.93589 3.45868 1.08772
0.470875 0.793647 1.96886 3.29095 5.13613
0.0428043 0.372362 0.198736 0.157913 7.93589
0.783666 0.392512 6.60341 1.06774 2.23595
0.167299 0.364654 2.53248 4.79525 4.39568
1.44855 0.897643 1.94508 0.571721 5.29957
1.803 0.934902 4.21508 4.79574 2.76277
3.80708 2.66233 3.3372 1.94006 3.14193
1.75557 2.00178 6.58978 1.406 4.68722
1.73699 2.68259 6.79059 1.48399 0.736995
0.721491 0.0824024 2.84579 4.21978 5.63928
2.8361 1.96118 2.18588 4.46817 2.92211
0.80381 0.736004 2.62257 0.333799 7.31336
2.61559 1.09184 2.77056 3.57762 5.51217
0.0803713 0.236525 0.381309 0.775488 7.94534
0.628291 0.506222 0.592149 4.67756 6.97205
0.321457 0.76479 2.97086 0.727736 6.97328
0.845645 0.477176 1.08807 1.095 7.08687
0.259204 1.14503 1.47516 1.48543 6.33011
0.261082 1.42362 0.97428 5.01422 5.47448
1.33347 1.39826 2.99547 1.95883 4.34759
0.124121 0.591743 1.23121 0.50788 7.35003
4.17654 2.49007 3.28717 0.885781 3.73073
3.47551 1.03215 1.68653 4.6879 0.987069
3.75757 1.54338 1.41753 1.20393 4.40894
4.8004 2.77716 1.01688 1.08387 4.17465
0.936138 1.65172 3.89018 4.48543 4.30446
0.185921 0.26534 1.32279 0.35386 7.05103
0.251962 0.497314 2.94497 2.45979 8.47814
0.606756 0.131177 1.44092 2.15407 6.7956
0.721891 4.33882 5.665 1.89904 0.557504
0.644577 1.63808 7.49175 1.07829 2.36792
1.95589 0.905275 3.01353 2.79488 6.13393
0.986178 4.31195 1.65097 1.30845 4.40015
1.35045 0.392011 7.26583 1.71512 2.4069
2.75643 3.41345 3.52295 5.73425 3.21744
0.476567 2.70315 3.59261 2.08581 4.31437
0.872484 1.49715 3.06676 0.541461 5.62654
0.937726 6.50449 2.11236 1.91231 1.85631
1.91909 1.19134 4.10446 0.767732 4.58193
3.08666 1.56355 2.57415 6.21972 0.479585
0.388707 0.380694 1.04726 1.3711 7.68175
1.86783 0.699793 1.1549 1.22309 7.00501
0.525189 3.34712 4.90314 1.55321 2.2873
0.99489 0.621192 3.72898 6.93164 0.948386
0.808952 0.618896 2.54399 6.45654 0.67149
0.273535 0.0490695 0.662623 0.5387 7.24457
1.62419 0.56924 2.78497 3.00178 5.27556
0.048895 0.340025 1.81398 3.09355 6.99318
4.13043 3.09603 2.57313 4.44689 0.0743353
2.08115 0.849034 2.21217 2.89667 5.83591
0.464591 2.37192 4.18284 2.53685 4.38371
0.00407438 0.0116377 0.0874257 0.0359141 7.58371
1.65882 1.8461 5.26824 0.890822 2.77679
0.176964 0.512477 0.975071 0.741289 7.45547
0.284589 1.95815 2.2152 1.51527 7.17797
1.72942 0.404183 2.77954 6.7786 4.27357
1.02384 3.76937 2.70046 3.16633 4.539
2.59855 1.80397 1.84024 1.82268 6.95172
0.342076 0.452866 2.05718 5.2217 4.70757
2.2596 5.12844 2.01605 2.69768 0.729039
1.74273 1.4355 3.96005 5.186 1.52615
1.06546 2.68301 6.10654 1.87823 0.0402918
2.9001 5.34869 4.73391 1.88048 3.28155
0.864017 1.21789 1.38048 4.29001 6.65583
0.0999936 0.138403 0.764097 3.68651 6.26364
0.00895322 0.0199666 0.0283676 0.0457082 8.19611
1.45102 3.89794 1.82907 3.08562 6.15167
0.523813 0.515007 0.640939 1.13909 6.96221
1.08283 5.49783 1.8016 1.27193 1.33131
3.84845 2.85603 4.03923 2.80918 3.23588
1.69619 0.630648 5.09196 3.88281 1.63318
0.770896 1.12072 2.06116 4.19621 5.96761
0.651792 1.3922 5.71878 2.57069 2.41384
1.70938 2.5373 2.0644 4.16909 4.6417
0.952679 0.142951 3.59052 3.91011 5.88352
0.978561 1.20438 2.57548 3.72418 5.6379
1.5871 5.01009 4.20393 4.50616 4.48146
0.705363 0.667022 2.26749 2.78438 5.76998
1.13983 0.517597 5.77217 4.65311 3.12663
1.85396 4.08448 1.83655 3.12919 2.44958
0.205077 1.18861 4.07648 2.07324 5.02294
0.153074 0.533038 0.632046 7.48503 0.753181
1.75157 0.897661 1.95254 6.31154 1.50927
0.471524 3.51927 2.51255 3.74735 4.27216
3.29745 1.34189 1.5637 1.72257 5.05263
0.222038 0.214568 2.46655 7.72351 0.94066
0.954226 1.40573 1.18177 4.97193 3.74892
1.24928 0.578515 2.67083 4.79977 3.04185
0.483788 3.05607 2.53798 7.1239 0.628839
1.01366 0.388371 3.51724 6.55667 2.95247
0.92158 2.19136 4.30686 2.30863 4.5178
0.218952 0.386515 2.06876 3.64415 5.50121
3.76314 3.08751 1.71189 4.7462 0.671414
2.67242 0.907962 4.62298 3.60174 3.52059
5.8684 1.55509 3.14836 2.59423 1.9246
0.154516 0.520144 1.03816 1.27692 6.90325
0.280209 1.71302 3.62691 6.34965 2.95995
0.709968 0.564962 5.50348 3.15101 4.1971
0.522087 0.356394 1.92579 1.81708 7.81424
1.08171 3.24769 2.37562 0.933938 5.38566
1.92917 3.70989 1.52528 6.23298 2.17224
1.60341 2.75687 4.72238 3.90777 3.10907
0.0240523 0.141136 0.0552483 0.0849394 6.56537
0.84401 2.78369 4.39764 4.02361 2.63519
0.797733 1.73711 6.43277 1.23016 1.6996
1.44826 3.21559 5.12547 4.41536 1.2317
0.328065 0.490233 4.74257 1.02076 4.20007
1.65523 2.1902 1.16116 2.12389 6.30889
0.496164 0.39933 2.34793 1.30297 6.42534
1.49575 2.39467 2.41905 1.78073 5.25548
0.902181 0.113552 2.25741 4.05431 4.44388
1.36524 3.69807 3.59749 0.680163 4.67125
0.547142 0.266796 0.793046 1.31429 7.9433
1.69836 2.58641 3.14725 3.80703 3.26502
4.93516 2.56104 1.26066 5.29 1.46231
0.246914 1.1653 3.26374 7.16627 0.0314284
3.15604 1.55062 1.80415 3.15966 0.23587
1.08321 0.887936 0.40183 0.916029 6.37721
0.4622 3.36247 3.051 1.32398 5.39505
0.177483 0.276011 0.259083 0.238488 6.38191
0.0483764 0.119549 1.0514 0.286055 7.17072
2.40724 0.481772 2.33274 1.11529 5.41158
3.44513 1.7942 1.03165 6.36735 0.956327
0.952892 2.59453 3.71226 3.18118 2.38865
4.713 3.34316 2.72294 2.60024 2.39866
0.269617 0.986094 2.41335 4.77795 4.22501
0.0500071 0.353054 2.05238 0.8442 6.44218
1.46773 0.712169 1.36478 0.864697 7.23381
0.738672 1.39502 1.19412 1.43883 7.74979
0.20197 0.239069 1.15824 1.96339 6.9973
0.509682 0.592788 1.51591 5.64592 4.45152
0.61729 1.25628 1.16894 0.293484 7.12103
1.49171 0.495181 6.78217 1.45076 0.688403
0.0543605 0.247071 0.897888 4.31952 7.94317
0.75024 0.48654 0.938068 0.822634 7.39353
1.07494 0.493215 1.04147 6.48298 4.06256
1.32626 0.576507 1.26361 0.324047 7.36921
0.710396 0.753202 4.8301 0.828333 6.28869
0.475804 0.667873 1.36875 2.01415 7.00629
0.577286 3.00246 2.82268 2.07615 6.47388
0.725704 3.07798 1.43644 4.57771 5.1567
0.222808 0.447028 0.581669 1.42197 7.75406
0.0530518 0.235382 0.581839 0.0945742 7.17862
0.405453 0.240214 1.38264 1.94646 6.89418
0.0416168 0.306813 0.251586 0.162323 6.4622
3.30997 0.465135 5.59854 2.24386 3.07914
5.36542 2.72944 3.81946 1.26854 1.97244
2.31763 4.43214 3.15738 0.850558 6.38233
0.126022 0.406746 0.929451 0.528655 7.22549
0.358463 0.191608 0.854897 1.50505 6.08472
