355 39.3412
174.44 17.4635 7.57872 6.69948 8.15713 1.94614 2.09185 6.24384
12.8046 178.576 4.51535 2.06579 1.54754 6.56262 7.63907 0.0022396
9.11267 17.964 177.486 1.97041 1.7916 15.5192 2.30878 10.96
7.68477 107.017 60.7538 91.9413 26.9371 1.11917 78.6051 0.00218248
0.71829 0.361898 0.469425 0.00977437 3.38608 180.713 2.32232 3.18153
0.526537 0.308638 0.261078 0.234755 1.35943 1.81092 181.192 6.43532
0.2871 4.00608 2.09176 0.05205 180.739 6.61725 7.70386 2.14105
0.191906 2.67616 9.24082 178.671 3.89092 1.26345 7.62932 0.00456881
0.0119536 0.0117357 0.00865502 0.0286538 0.00158964 0.0955543 0.0025186 180.546
0.00316786 0.016795 0.0234593 0.0108514 0.00999418 0.0149482 0.000425753 176.526
0.000242132 0.00014195 0.000144407 0.000140763 0.000667144 8.36568e-06 0.0565717 173.437
3.25602e-06 9.33176e-07 6.32098e-07 6.40088e-05 1.3922e-06 0.00410646 0.864738 180.262
1.1106e-06 6.51041e-07 5.56094e-08 9.37742e-09 9.93339e-05 0.00131124 0.0997396 177.312
8.79602e-07 5.15649e-07 4.40916e-08 7.8028e-07 9.86593e-05 0.00130156 0.0986374 175.352
5.18158e-07 3.03761e-07 8.24412e-07 7.79861e-07 9.85395e-05 0.00129984 0.0984415 175.004
7.69086e-08 5.95963e-07 8.2479e-07 7.80216e-07 9.86412e-05 0.0013013 0.0986077 175.299
4.30234 4.21695 98.8037 29.1549 61.0354 91.9587 82.9057 29.2967
62.025 119.267 17.1511 84.4144 33.2374 50.4478 12.8433 35.2286
0.0794794 1.10841 0.57417 2.20907 0.758683 169.448 13.4944 57.0195
81.5524 47.8058 17.6451 35.9496 21.3652 22.7949 91.5254 108.974
0.0466797 0.439249 6.21672 4.40492 35.1524 16.004 55.1619 164.484
12.3741 7.25353 19.6882 18.6233 59.1976 78.8581 88.0706 117.179
71.8386 141.616 14.9959 37.7859 28.6927 48.9646 42.0627 18.4798
20.8622 66.565 49.2395 65.2818 22.3717 7.64935 50.4243 128.245
5.06421 2.55176 4.00277 18.0824 67.7758 4.91042 108.367 120.696
20.6921 92.935 67.203 52.3703 25.0248 84.5855 37.6462 83.1837
0.523785 2.4423 1.37516 52.9804 41.4667 79.6531 48.506 139.408
5.41732 75.4993 7.15186 0.881042 59.4272 3.54089 4.12084 148.542
52.3585 30.0512 42.6112 7.40371 143.375 47.5099 31.8978 54.0852
47.3732 34.33 14.3691 9.29457 50.3343 7.18178 27.6508 154.326
87.1224 50.0088 9.49693 10.1208 32.1767 31.3136 8.84237 134.834
86.9258 25.9199 46.8704 78.0623 33.5467 60.7097 6.23406 99.2364
4.527 63.1689 141.138 69.515 35.2851 29.4471 42.603 11.0499
23.0516 6.87295 53.6026 107.447 95.7109 71.0334 13.611 49.2306
34.4177 33.7903 4.55967 2.05937 15.0796 141.279 36.4168 82.1543
7.36596 1.69316 3.90534 157.827 27.6744 73.3372 10.7979 10.8025
8.9839 17.7092 1.87612 1.99943 3.92735 13.2719 159.415 74.1679
5.01268 69.8646 36.1924 137.637 31.0763 11.258 30.7137 65.4511
3.12115 1.82961 0.341762 67.4467 52.7905 35.5036 124.812 86.8103
10.2913 5.18519 103.575 10.4407 20.5142 96.1618 78.3277 75.2524
126.321 74.0488 13.8304 58.9119 32.9708 73.9601 10.8839 10.8946
78.8533 46.2233 47.2271 1.18852 80.4145 38.4258 57.6595 100.357
43.4573 21.8971 4.59771 86.3216 20.6459 89.1963 96.8355 62.0282
52.9756 30.4075 5.77277 108.351 37.2192 4.77175 93.2897 73.6078
41.5671 25.6452 34.4744 109.333 97.39 46.5363 69.8304 6.35824
7.08198 13.9605 2.06378 0.18246 55.2599 159.917 10.3947 53.7509
12.3418 3.6793 6.65396 11.0825 14.261 3.937 153.793 91.7874
5.86036 81.7124 7.73769 0.909621 24.5943 14.6043 117.19 103.017
73.4296 36.9972 58.0364 10.0838 31.4462 125.291 31.093 66.2741
1.08317 15.0955 133.29 53.7353 43.1926 10.5059 20.71 90.0328
29.8027 57.3242 45.6028 144.63 51.2462 50.7901 2.31408 10.9979
13.3934 60.1543 137.337 40.2338 30.5186 11.049 72.9166 42.5223
39.1351 22.9405 4.28422 18.2509 171.78 6.54706 2.30413 10.9268
154.563 77.8783 22.8184 17.4962 1.52054 29.8351 2.29726 10.8777
108.903 67.1918 90.3248 15.7045 1.37147 5.77889 29.864 73.7394
24.1381 5.54826 2.33998 43.43 162.127 49.932 10.8234 10.8298
5.92138 82.5713 15.4509 148.727 41.013 6.44161 33.3351 1.45495
98.5976 22.6588 13.3347 27.2744 0.91129 17.9584 144.126 10.9756
0.276333 0.13923 2.72629 5.01796 18.5276 17.069 169.095 54.0064
49.0613 28.7589 126.731 13.9178 41.7202 60.3391 66.7984 54.0722
58.6057 34.3551 151.377 16.6328 49.8407 29.5985 10.8039 13.0024
10.516 47.2189 107.796 31.5864 29.3524 57.4845 99.201 48.8745
37.761 169.571 16.4103 17.4891 1.52022 29.8226 2.29662 10.8731
76.6462 44.9283 45.9034 26.7286 32.181 142.586 14.2594 10.9811
58.5126 29.4837 145.998 1.85749 47.836 28.4097 7.23326 48.7011
96.5307 22.1844 69.9113 12.1473 36.4128 37.4177 95.0869 75.0276
1.98517 27.6771 14.3374 54.526 121.314 88.7648 30.8811 65.8143
114.562 57.7208 23.9396 1.50235 40.5723 114.883 24.4443 6.39966
104.083 102.185 19.231 39.328 36.5459 64.8602 10.3708 53.6182
94.0772 28.0527 12.9469 75.7068 32.8177 113.465 2.22459 40.4261
14.4945 65.0927 6.29848 116.939 105.327 29.0831 42.0726 10.9106
8.70569 2.00111 1.66756 168.583 29.5602 11.939 41.6695 10.8047
84.199 48.3281 18.1227 9.89978 77.5745 81.8472 28.4768 90.2098
37.2131 11.095 86.5337 72.5144 31.4293 108.68 69.671 6.34366
88.1256 26.2743 64.9087 11.2797 88.4125 42.2471 63.3939 74.7511
8.00124 111.55 10.5641 1.24282 87.8017 24.2455 103.747 10.878
118.858 73.3306 18.4112 1.62662 24.6612 24.3181 6.18488 104.472
0.570945 7.96267 70.3383 129.464 44.0971 10.7193 7.39826 91.1828
46.6785 27.3627 120.572 1.52736 39.5004 57.1275 63.2433 74.5726
61.8298 60.7026 44.7689 26.0685 30.17 124.632 2.10135 75.0648
7.16994 99.9622 70.7394 12.2942 36.8463 58.8065 59.9271 90.6466
3.64921 50.8803 113.673 1.43954 37.2398 114.481 42.0156 10.8956
1.71521 0.864234 16.9181 31.1385 114.964 105.914 21.9538 74.4092
163.1 37.4869 31.2374 1.96804 50.8845 6.51516 8.52616 10.8797
5.94595 82.9389 58.6915 10.197 79.9437 59.3292 60.4588 91.4551
68.0733 20.2954 158.296 2.00224 30.3739 29.9512 7.61657 10.9301
3.20685 37.7924 84.5172 9.28575 72.7653 76.7731 59.6914 90.2883
78.6807 39.6446 11.6165 8.90724 18.587 6.3528 123.007 90.4296
60.8947 18.1552 32.8321 54.6829 70.3661 102.958 12.2481 91.0329
3.52537 41.5559 5.49825 16.8497 35.4166 160.033 23.2889 49.2913
8.29981 16.3605 40.8788 0.519519 156.799 67.5402 10.8036 6.28017
3.30206 46.0383 4.35979 80.9371 72.9004 76.915 101.27 40.8986
46.5108 45.6629 12.1667 17.7247 20.5132 64.5434 129.7 74.3284
12.2173 7.16185 31.5573 26.4451 152.365 46.6315 2.13456 65.5641
3.04582 42.4769 94.9009 27.8034 32.1778 132.924 8.34215 42.3263
3.76138 52.4754 117.243 51.4698 28.8024 91.8629 40.8841 49.8255
26.0298 7.76156 19.1728 58.0402 52.2781 55.1579 136.179 49.9186
0.627727 2.81879 0.380768 54.0555 0.469821 150.63 21.9231 74.3021
16.9357 8.53324 167.057 16.8503 50.5011 5.05607 24.1627 10.8832
7.39633 103.102 9.76505 1.14983 81.1527 118.741 2.29163 13.0415
2.9217 34.4431 77.0296 22.5683 68.3039 131.202 7.32452 49.3832
25.3114 12.7533 14.4038 24.3069 129.645 39.9247 101.455 40.9731
40.5524 23.2767 33.0048 5.73874 111.041 81.2519 28.2732 89.5529
17.2648 55.092 128.652 63.3724 46.2061 73.7441 10.8541 10.8627
62.1602 35.6795 6.77383 7.2189 139.675 71.8959 32.7899 1.43072
2.77365 5.46749 13.6615 0.173343 52.4036 151.646 9.86025 74.2498
71.0379 41.6421 45.3355 9.4206 28.2342 29.0136 138.251 46.592
34.6021 17.4344 86.343 25.2969 29.2769 90.0027 97.7097 62.53
28.0051 55.2059 11.5539 115.165 1.13567 54.3602 34.4523 103.133
67.3545 33.937 38.9694 0.980392 66.3541 97.088 104.042 10.909
9.7937 43.9786 100.401 11.0303 86.44 9.77536 100.937 40.7639
14.9565 9.22772 3.28038 13.6682 3.93979 3.885 151.668 90.5201
8.94479 124.699 64.5973 37.6169 30.3137 10.3603 36.169 90.5427
132.499 66.7615 14.0151 66.9744 28.6038 48.8099 41.9308 10.8733
15.0609 67.6287 51.0017 22.9989 26.6171 109.942 103.273 10.8282
2.03135 0.605637 4.72363 96.1274 75.2383 110.087 69.6626 10.9156
133.57 30.7007 18.0704 36.9538 42.7676 61.8521 74.0619 6.31456
1.60136 3.15675 7.888 160.532 38.5695 68.4674 2.30653 6.35543
29.8854 18.4389 78.2469 65.5725 84.3794 40.3257 102.462 12.9225
47.1474 92.94 73.5597 12.784 39.8594 112.856 33.2426 1.45084
55.7346 32.6712 143.966 63.2057 35.3736 6.36453 8.32948 40.9458
24.029 14.8247 14.5879 0.350243 111.233 136.839 14.2651 10.9857
123.004 75.8888 26.9759 1.69757 25.7395 25.3813 28.6977 90.9224
125.549 63.2569 13.2749 56.5592 45.4594 46.7138 70.0977 6.3827
12.1291 54.4674 7.35699 102.933 36.476 103.276 21.981 74.5038
67.7104 133.475 14.1371 15.0665 45.1554 26.8141 67.7546 40.8915
24.8442 12.5186 14.1388 0.362022 101.089 93.1327 76.8566 73.835
76.465 17.5737 14.6437 7.99798 23.9726 24.6343 117.388 103.191
4.87453 2.45596 2.82014 114.14 20.0064 137.263 10.9873 11.0055
163.1 37.4869 31.2374 1.96804 50.8845 6.51516 8.52616 10.8797
42.8621 26.4439 35.5481 112.74 100.424 27.7266 70.0676 6.37995
4.99067 69.6081 49.2582 0.942166 66.7645 97.6886 104.685 6.37831
33.6093 19.2911 20.0237 4.37294 153.401 11.1136 38.7878 65.3136
50.9866 100.508 79.5498 36.8746 42.676 10.3763 63.2812 74.6176
146.125 73.6268 21.5727 16.5411 49.5737 12.0543 2.24012 40.8538
152.23 89.2358 23.2626 2.05566 1.42248 12.3924 2.3012 10.9058
32.4115 16.3304 18.7519 18.3579 86.4666 2.7887 131.041 75.0963
50.1225 30.9234 3.26771 23.6258 122.673 23.4891 100.522 49.5264
2.76938 38.6234 7.22694 0.45429 137.869 24.379 104.331 13.1585
65.2521 136.803 28.2907 5.38592 47.9683 27.473 69.4195 13.084
2.97411 41.4704 29.3469 88.844 0.886047 17.4101 139.707 40.979
9.83768 137.186 75.7227 41.9673 28.449 48.5478 7.33135 49.4343
5.94436 1.3662 3.15147 127.459 99.7616 27.5466 69.6075 10.9069
41.7959 9.60739 22.1597 12.905 96.4638 128.501 13.4075 53.2945
74.2838 146.434 30.647 16.7389 52.1928 29.8918 2.2996 13.1101
11.2067 156.234 14.7961 15.7688 32.9062 73.8138 10.8637 10.873
31.0783 7.14294 5.95211 8.67132 108.775 102.572 12.2044 90.6911
11.5995 161.686 30.2591 1.9087 1.43153 6.04902 7.91539 65.5733
5.43715 3.12073 55.2258 101.646 30.4975 35.2513 89.5773 90.6692
47.8509 14.2666 25.7996 102.787 35.0118 110.167 69.7134 6.34754
107.586 54.2076 66.3262 51.4092 45.6467 10.7034 1.987 90.9365
117.292 59.1007 17.3195 101.285 32.6723 28.9002 2.23015 40.5791
9.86974 19.456 2.87608 40.2431 9.54469 130.36 99.3669 53.8231
59.1785 13.6031 135.306 39.6477 47.7343 51.3166 2.18387 53.2845
21.4422 12.569 2.34705 6.6729 90.4399 111.259 104.508 10.9578
6.41947 3.23449 5.07382 163.353 1.41571 67.751 24.2487 6.34706
0.00804846 0.00471796 0.0207895 0.000263354 1.76055 0.72918 144.857 104.232
10.3811 6.4049 107.436 28.905 21.9275 134.905 14.0736 10.8305
91.8784 21.1163 66.5425 46.2202 25.8672 82.4917 28.6973 90.921
55.9065 32.7723 144.408 15.864 47.5436 11.561 13.2564 62.3362
143.358 72.231 15.1602 16.157 48.4294 11.7731 41.112 41.0659
0.33607 4.68618 41.3912 76.1833 25.9499 15.4091 123.651 90.9024
7.56506 105.487 74.6484 34.602 40.046 63.9139 9.40459 90.8869
115.799 71.4439 96.0409 5.81637 39.9899 29.1406 8.33366 40.9683
11.6803 6.70398 118.66 11.966 35.8686 8.71911 90.0735 91.1721
28.8882 129.741 12.5518 13.3771 40.0994 23.81 101.897 41.1521
91.2777 53.505 9.99032 1.17143 83.0641 55.8605 104.728 10.981
51.1219 100.773 62.2139 98.621 50.4872 50.039 2.29111 10.8337
13.1928 3.93336 30.6779 58.7021 52.873 55.7845 137.731 50.4874
135.761 31.2009 98.3238 17.0851 51.212 6.55346 8.57754 6.36308
123.213 28.3205 89.2379 41.3674 33.3364 67.761 10.8359 10.8432
98.3921 57.6761 62.7912 48.6688 41.5389 10.0978 104.312 10.9373
2.26872 31.6319 22.3847 0.429226 125.755 115.856 33.2334 6.33777
50.0763 25.2309 124.958 4.78113 40.9568 5.24066 78.0417 74.9768
104.686 52.7454 11.069 11.7968 92.4845 10.4524 36.5056 91.3963
40.4708 129.141 74.5111 69.4296 52.663 12.3521 2.29677 6.31491
69.9551 35.2473 55.2911 25.6294 29.6616 7.21152 139.674 40.9692
75.995 38.2909 60.0652 10.4388 21.7845 126.476 10.1309 65.8538
40.9807 23.5213 4.46293 4.75634 166.928 4.97598 42.1177 1.4525
23.4548 13.7491 60.5846 121.442 41.3676 10.0588 103.878 6.32907
138.37 85.3693 30.3463 1.91025 28.9554 28.5526 7.26216 53.8257
35.3111 17.7915 3.73415 69.3356 154.266 12.0933 10.6501 41.0717
77.5606 17.8261 56.1732 9.76218 29.2588 30.0664 143.269 6.33996
0.183857 0.0422569 1.66189 0.44709 133.77 55.4043 103.87 10.8909
39.66 24.4692 24.0791 92.6362 83.2028 39.7605 59.661 90.2422
1.00913 0.990736 0.263958 0.384549 115.072 136.125 2.29966 10.8948
29.8877 17.1542 17.8053 3.88668 136.43 9.87654 60.2468 91.1327
16.3051 8.21517 160.889 64.8543 34.1641 12.3687 24.3946 10.9905
89.4935 26.6815 48.2513 42.103 22.1804 136.485 8.56588 10.9352
0.738565 0.432966 1.9076 0.0243117 0.476885 0.888316 175.522 6.23395
141.968 87.5898 31.1367 1.96149 44.2906 29.8242 7.58684 10.8828
0.573895 0.336425 1.48233 0.018843 1.26995 0.942553 171.83 41.7396
16.9357 8.53324 167.057 16.8503 50.5011 5.05607 24.1627 10.8832
92.4239 27.5616 12.7219 74.3778 36.6057 112.513 2.21098 41.3627
0.100459 0.198029 0.0292779 4.15654 165.621 28.1736 23.0171 53.5529
91.0722 27.1542 49.1043 28.5952 21.6921 101.664 20.8013 90.4411
108.431 32.3304 14.9191 87.2558 37.8209 67.8953 69.1894 10.841
87.7673 44.2212 50.7785 3.86096 86.5093 58.178 28.8167 91.3062
3.70881 51.6958 36.5835 116.017 31.7332 114.311 2.29591 1.44395
3.32746 14.9442 10.8065 34.2725 126.545 116.582 33.438 6.3775
21.4098 10.7876 16.922 0.339247 102.699 126.34 10.1207 65.783
76.4535 150.71 22.2795 17.0828 1.48376 29.1308 2.24216 40.9097
7.84631 109.443 77.4471 4.68694 40.1606 23.8459 102.054 41.2154
11.9156 53.5143 38.6975 122.727 1.20803 41.1588 104.594 6.37273
149.628 34.3921 84.5294 6.12501 1.52223 12.2136 24.0787 10.8444
83.0629 81.5485 15.3449 11.7653 92.2223 97.3004 2.30194 13.1302
5.4037 10.6521 6.17159 0.155401 47.0527 136.165 6.17029 104.199
24.0707 108.088 78.1632 13.5864 106.467 4.95963 2.23521 40.7186
91.6241 53.7098 58.4736 48.5632 27.1796 117.432 2.29452 13.0663
37.3904 18.839 29.5522 13.6979 41.4587 79.6367 140.275 41.1454
13.1644 25.9504 64.8431 124.076 42.7357 96.9627 2.29663 13.0845
6.60766 29.6754 21.4591 14.9052 140.293 94.7963 42.1927 10.9421
5.52623 24.8171 17.9461 23.793 126.903 39.0807 99.309 53.7917
42.5283 24.4101 2.72274 86.7324 20.7435 3.73441 137.036 49.0369
4.33587 8.54711 4.95202 8.24768 10.6132 15.5289 151.833 90.6186
0.13055 0.0657789 1.28781 24.06 6.2883 10.3129 176.409 6.33761
7.77931 4.46513 0.847436 167.175 29.3121 50.0166 2.29042 10.8288
68.4008 134.833 14.2838 1.68277 39.6385 71.7364 10.5602 40.7003
152.641 76.9085 31.901 2.0069 1.50376 6.37265 2.24287 42.2685
27.4368 123.22 11.9214 1.39949 37.8971 60.4849 104.382 10.9446
72.8208 143.549 21.2208 16.271 1.41303 67.5777 24.1874 10.8947
13.067 58.6772 135.001 5.16425 30.7741 62.553 69.2498 10.8505
140.158 70.6193 20.6894 1.8274 31.0113 11.2303 39.2144 66.0412
11.9374 166.409 15.7606 5.85556 50.1166 29.761 2.29279 13.0515
0.708981 0.162972 1.62101 0.474997 141.659 58.675 70.2576 53.2525
73.8153 72.4696 73.0159 12.6913 39.566 55.1901 103.467 10.8486
27.5526 54.3148 135.722 14.9051 31.1093 63.2403 70.0101 6.37469
16.3051 8.21517 160.889 64.8543 34.1641 12.3687 24.3946 10.9905
54.0493 53.0639 7.15236 58.1662 28.6203 118.231 1.99297 91.3487
34.438 17.3517 19.9248 19.5063 166.539 12.0576 42.1031 10.9186
104.129 59.768 11.3446 12.0902 25.2259 4.543 88.8667 89.949
11.7077 163.259 15.4586 1.89789 1.42214 6.02596 69.6938 10.9205
36.7739 10.9643 85.5117 9.39337 28.1527 40.7159 143.138 6.33414
14.2898 8.20173 11.6296 35.2077 141.999 95.9495 33.378 1.45686
137.321 80.4984 15.0389 1.8519 33.278 67.641 10.8179 10.8239
39.1072 11.6598 3.99547 74.9878 25.5431 57.9549 143.089 10.8967
18.1167 9.1282 10.4818 41.7598 166.564 12.0602 42.1101 6.34566
88.1289 51.662 19.0704 10.418 81.628 116.688 2.28488 12.9835
14.3625 4.28208 7.74373 1.69046 13.2506 8.91128 152.445 90.9836
96.7721 56.7295 61.7619 97.9036 50.1228 49.6784 2.27944 12.9368
77.212 152.205 31.8562 17.4001 34.1817 6.51881 2.2962 13.0808
105.687 61.9532 86.4712 15.0287 45.0408 71.8848 41.9387 10.8754
140.293 86.557 30.771 1.94048 50.1238 29.7655 10.8633 1.44572
11.5368 135.97 70.5086 41.0597 27.8354 73.7692 7.56992 10.8559
50.9163 31.4138 133.318 58.5322 32.7592 5.89603 39.0187 65.7074
106.253 60.9887 86.4779 40.0926 48.2695 11.3283 39.5248 52.9393
106.253 60.9887 86.4779 40.0926 48.2695 11.3283 39.5248 52.9393
0.905502 12.6289 28.2154 0.356622 108.241 133.158 42.2815 6.37182
39.66 24.4692 24.0791 92.6362 83.2028 39.7605 59.661 90.2422
91.239 45.9722 13.4703 10.3287 21.5534 7.3665 142.64 10.8626
90.2292 45.4631 9.53257 3.54513 30.3494 7.37952 142.909 10.883
32.2897 16.2696 18.6822 4.07896 143.137 10.3657 36.1889 90.5932
3.53925 15.8961 8.41419 1.8364 14.398 1.62705 153.436 91.5744
13.9542 8.1802 36.0421 0.458726 138.241 93.4155 38.7962 12.9232
73.6641 145.212 15.3798 16.3909 1.4235 68.0755 10.8831 10.8937
150.023 82.3614 22.5609 46.1421 1.54493 6.54826 2.30445 10.929
37.2271 167.177 22.5801 17.3133 1.50391 6.36528 2.24188 40.902
0.749102 0.439121 1.93495 0.0245194 0.441393 0.897219 178.186 6.32857
137.808 80.7827 21.0603 5.62861 33.5509 68.1991 2.3005 6.3304
96.7721 56.7295 61.7619 97.9036 50.1228 49.6784 2.27944 12.9368
87.3625 44.02 9.24325 7.16302 29.4478 2.95121 138.375 40.5884
11.0268 153.654 14.5569 41.3671 47.8749 28.4322 10.3798 48.7883
5.09366 22.8763 16.5424 11.4901 108.151 133.047 42.2461 10.9562
92.1315 54.0079 19.9353 10.8898 33.9486 135.246 8.49492 10.8361
2.08881 29.1088 65.0298 7.14584 138.293 26.488 29.9484 73.9516
50.0763 25.2309 124.958 4.78113 40.9568 5.24066 78.0417 74.9768
0.0353057 0.492174 0.348294 1.06666 0.294164 0.81902 169.787 53.6073
11.0181 153.557 14.546 15.502 40.5634 73.4093 10.8079 10.8131
0.268345 3.7396 0.494406 1.01097 155.622 64.4733 10.3128 53.2967
10.7382 6.16335 6.39735 10.6549 13.7108 6.55175 151.902 90.6594
3.1242 1.57418 0.330479 6.42629 23.7259 10.2836 175.893 6.31906
8.16216 26.0471 60.8278 121.931 41.5319 10.0962 104.295 10.9355
28.3577 17.4956 23.5191 74.5883 66.441 97.2152 104.179 6.34741
91.0722 27.1542 49.1043 28.5952 21.6921 101.664 20.8013 90.4411
13.4963 7.74631 8.04036 1.75522 13.7582 6.57417 152.44 90.9802
27.4368 123.22 11.9214 1.39949 37.8971 60.4849 104.382 10.9446
0.287706 0.144964 2.83797 5.22342 19.2852 17.7671 175.987 10.8803
150.023 82.3614 22.5609 46.1421 1.54493 6.54826 2.30445 10.929
0.874403 1.72369 0.254807 0.521116 155.967 64.5973 23.1204 53.7997
28.0321 16.4324 17.8899 13.8667 138.579 10.0361 103.637 10.8664
1.82702 1.12721 18.9114 34.8075 138.831 10.0533 103.825 10.8862
1.84667 8.29293 3.13111 168.087 50.3088 29.8741 2.2993 10.8922
2.08881 29.1088 65.0298 7.14584 138.293 26.488 29.9484 73.9516
5.46172 24.5295 17.7379 3.08194 108.192 133.097 42.2618 10.9603
13.3397 6.72114 10.5433 1.83186 14.361 1.62311 153.032 91.3333
24.029 14.8247 14.5879 0.350243 111.233 136.839 14.2651 10.9857
17.612 10.8657 10.6922 2.33361 0.201857 0.857367 153.358 91.5283
0.519413 0.304486 1.34161 0.0170511 0.324602 1.78138 176.801 6.27935
1.68032 0.985002 0.256804 0.78694 0.440435 0.89526 177.712 10.8618
1.78508 1.04642 0.272833 0.0241632 0.549494 0.893888 177.301 10.8367
0.276333 0.13923 2.72629 5.01796 18.5276 17.069 169.095 54.0064
17.612 10.8657 10.6922 2.33361 0.201857 0.857367 153.358 91.5283
70.3999 35.4705 55.6416 25.7902 29.8479 7.25457 140.56 41.2291
17.9044 5.33823 9.65354 2.1076 16.5185 1.86768 175.992 13.088
6.91698 4.05472 17.8668 0.113208 15.3059 10.2937 176.071 6.32547
6.62026 29.7328 21.5005 14.9338 140.567 94.9807 42.2738 10.9634
0.940071 0.473653 9.27488 17.0712 5.81468 17.8759 177.091 10.9486
0.866822 3.89247 8.88631 17.8125 15.8671 7.58232 175.779 6.315
0.807658 2.57739 23.7969 9.5929 7.7104 1.87439 176.681 13.1391
6.6398 29.8219 21.5647 14.9782 140.992 95.2669 42.3997 10.9965
