6 0.197444
0.666309 0.387521 0.260333 1.98447 0.454771 1.00359 1.15965 2.64021
0.14635 0.0662812 0.837804 1.07843 2.05602 1.57294 2.93123 0
0.0411623 0.235475 0.338597 0.19089 1.04776 4.20879 3.17112 0.644899
1.67585 0.638319 0.394597 1.8362 0.436625 0.951222 1.87133 3.29976
0.231101 0.212822 0.410803 0.585062 0.689274 3.63692 1.84513 3.12774
0.0112535 0.0848272 0.0415001 0.103742 0.0186707 1.07016 2.80796 5.13904
0.00791095 0.0439823 0.329986 0.103537 1.27933 0.981222 5.03672 4.72176
0.231276 0.666493 1.14056 2.99199 3.2788 2.84491 0.779799 0.478353
2.0232 0.341047 0.916205 0.378776 1.57426 1.41682 1.17517 3.32554
0.766401 0.583809 1.60721 0.335786 0.826752 1.40742 3.65122 0
0.283957 0.121103 0.0420656 0.0424543 1.85582 5.42909 0.782999 0
2.59061 0.654482 3.9742 2.07621 0.728645 0.735711 1.93587 0
1.28209 0.421892 2.47893 1.40538 1.78146 1.15762 2.75012 0
0.34863 0.428302 0.874593 2.19612 4.97988 0.765728 1.18949 0.0793596
0.830774 0.276671 0.800084 2.42639 2.70078 2.31126 1.23929 0.0722016
0.491947 0.083345 2.38323 1.92596 0.525964 3.14876 1.43935 0
0.645221 0.895029 1.4502 2.12185 0.54192 2.84871 0.780612 0
0.984878 0.885308 1.54508 0.910717 2.22945 1.42758 2.76023 0.677675
0.658544 0.949204 1.02126 4.0873 4.36849 0.777223 0.78335 0
0.161977 0.400637 0.331749 0.731204 2.00454 2.98311 1.79147 1.50861
0.903146 1.47335 0.337731 1.65155 1.21436 0.528128 0.835742 2.87753
0.175104 0.25822 0.0433672 0.797141 3.00667 3.39616 2.96294 1.4996
0.0994256 0.375453 1.12443 4.64435 0.710503 0.718262 2.07134 0.447665
0.147509 0.498887 1.09741 1.31139 1.78737 2.02422 3.23834 0
1.25227 0.951484 0.320573 1.2151 2.01314 1.63019 2.1198 0
0.101263 0.627021 0.143163 4.03151 0.659516 2.51743 0.782047 0
3.50313 2.37536 1.31885 0.53123 0.974407 0.76535 4.63369 0.654074
1.48859 0.560916 1.20738 0.790693 0.502767 2.20596 0.960067 1.00655
0.295713 0.453588 1.34728 0.360261 1.20575 1.92145 3.54261 1.17606
0.382844 0.0491278 0.0495307 1.82863 0.239911 1.23216 4.37621 3.69435
3.34314 0.505566 0.661872 3.56388 0.749617 0.75814 0.841571 0.983398
0.251343 1.44915 0.687359 0.685777 0.525405 0.537272 4.15271 0
1.42384 1.51558 1.91321 2.59879 0.751695 0.765969 0.780513 0
0.93422 0.252034 0.161937 1.7959 4.12802 0.77108 0.781804 0
0.415559 0.331704 0.269566 1.63866 4.75123 1.26432 1.21493 1.89308
0.0566566 0.0239698 0.0376671 0.0103989 0.505546 0.510773 0.15255 5.43571
0.170477 0.0679799 0.273471 0.548534 4.31907 1.10524 3.251 0
0.888863 0.888863 0.702919 1.44023 0.671683 0.464544 2.20851 1.96574
0.0592602 0.0592602 0.365213 0.374705 0.529913 4.52402 1.36432 0
0.299111 0.467637 0.576179 1.48958 1.69085 2.39122 1.89076 0.448453
0.0714852 0.389649 0.966072 0.191559 3.3713 2.01847 0.746729 1.26986
0.10345 0.347352 0.326033 3.13327 3.17097 0.697719 2.17406 0.754183
0.106196 0.532991 2.29383 1.05213 1.9407 3.2296 0.776657 0.528294
2.13364 0.402571 1.24585 2.7272 0.698473 1.71332 0.780854 0
0.0162919 0.0599637 0.139058 0.628072 2.19318 1.50541 1.00422 1.54782
2.05729 1.1518 1.19574 2.64364 0.582003 0.861354 3.88051 0.108514
0.837003 1.68935 0.368637 1.75128 0.584551 2.89398 1.01004 0.223431
0.907249 0.692319 0.938006 0.480075 1.5533 2.19669 3.10659 0
0.744232 1.31161 1.82414 2.36678 0.977773 0.703876 1.81674 0.911874
2.42314 2.42314 0.501677 0.507024 1.55997 3.01098 0.774425 2.20024
0.316045 0.141119 0.34612 0.211922 0.557865 0.12566 4.80317 0
0.334897 1.75729 1.16811 2.13651 2.38565 1.39643 0.780449 0.118554
0.786221 0.921739 1.21151 1.37144 1.81233 1.20156 3.08944 2.81151
0.756606 0.184983 0.404416 0.877624 0.719266 0.26674 1.45909 3.74063
0.103295 0.119044 0.0938502 0.734719 2.53432 1.41154 0.821045 2.00841
0.197671 0.108121 0.443073 0.580559 0.117527 5.02857 0.782354 0
0.636311 0.636311 0.171758 1.83323 2.04112 0.552074 2.94465 0
0.711658 1.06135 0.199751 0.393635 2.10376 2.87179 3.33933 0.052669
1.05774 1.05774 1.01583 1.1636 2.15023 1.75785 0.87963 1.81052
1.54584e-16 2.37878e-17 2.40678e-17 1.14803e-16 2.0071e-16 1.35676e-16 4.79051e-17 5.14391
1.12113 0.576811 0.274692 2.0334 0.524691 2.59228 0.779322 0.0477887
0.414856 0.694298 1.50973 0.830042 1.07871 0.292363 5.38841 1.02121
0.367598 0.382402 0.414905 0.673428 0.952372 3.42243 0.668113 2.26488
3.10853 0.439782 0.428733 0.782875 3.67053 2.95775 0.782989 0
1.39184 0.730257 0.796942 0.375124 4.91732 0.744314 3.30017 1.63631
0.0816093 0.150382 0.0912427 0.0311945 1.22084 3.20744 0.553008 3.48174
0.240222 1.15422 0.501422 2.46025 2.33819 1.25076 0.770127 1.11335
0.00372659 0.0290238 0.071748 0.603481 2.45376 2.22558 5.14614 0
0.0376946 0.0737212 0.0842575 0.36471 0.971978 1.04556 1.97766 4.03531
2.4365 2.4365 0.451488 3.60242 3.14425 0.774517 0.894044 0
0.741911 0.650363 1.57255 0.464447 1.75099 2.59383 1.20837 0.235015
1.41828 0.259342 0.263642 1.98584 0.751606 3.33937 1.01394 0.148336
1.06887 1.22377 1.05591 0.468071 0.760827 2.19265 0.739025 1.03651
0.723443 1.96318 0.376473 0.382519 1.22992 2.4856 1.82166 1.94595
1.25223 0.597889 0.458323 1.53215 2.28336 2.99393 4.94307 0.646336
0.502486 0.612536 0.79227 2.43881 4.12479 4.0468 0.781578 0.444492
0.325042 0.583339 0.667785 0.944391 1.33557 0.328408 4.10649 0.524852
1.85445 0.271291 1.16557 1.76547 0.399974 4.09618 2.03898 1.45832
0.432947 0.518479 0.523023 1.99247 2.16789 0.579211 2.65618 0.94987
0.496189 0.69164 0.258397 0.175106 0.522032 2.7814 0.524677 4.18303
0.28588 0.0645459 0.163643 0.208813 0.446192 4.11043 2.94707 1.94992
0.222822 0.157382 0.0488934 0.166986 1.11295 1.46906 2.19414 3.36107
0.367581 0.132603 0.141764 0.628341 7.62933 1.90707 0.780134 0.80459
0.755942 1.02189 1.24952 1.78242 2.52072 0.96172 0.741991 1.22506
0.418775 0.844527 3.05812 2.27127 0.729752 0.523652 4.47704 0
0.227307 0.166634 0.302833 0.093614 1.8744 0.434879 0.810204 2.81367
1.53515 1.53515 1.30049 1.82559 2.98498 1.34165 0.781569 0
1.81604 1.41236 0.39533 2.49691 1.72571 1.94352 1.62869 0.456802
0.0575632 0.371551 0.992402 0.887186 2.64785 4.04282 0.89667 0.192298
1.06421 0.646872 0.1878 0.690826 0.549142 0.942143 2.47703 4.58026
0.249374 0.391182 0.648218 2.11843 0.465822 2.31087 2.07199 0
0.0825729 0.558201 0.742139 1.48814 1.33607 4.09165 2.64374 0
0.730611 0.822663 1.10026 0.840057 3.83678 0.750845 0.957625 0.780773
0.115761 0.0322314 0.101883 1.26038 4.24008 4.42624 0.782433 0.309824
1.25036 0.744821 0.250188 0.649065 1.04114 1.9199 3.52683 1.21381
0.517606 0.379844 0.151616 1.41756 1.00362 2.85053 0.778788 0
0.818296 0.818296 0.683829 1.92259 2.1166 1.74914 0.620719 3.57512
0.203641 0.14634 1.25564 1.71999 1.86027 1.63808 1.91237 1.2149
1.37586 1.47945 0.415058 2.62723 0.686194 1.59246 0.773154 0.513733
0.336029 0.895964 0.41225 1.08082 1.17931 1.4207 2.14977 2.26255
0.312901 0.267225 0.421049 3.81525 2.50568 2.09148 0.780068 0.390146
0.0306861 0.221732 0.223846 2.28745 0.322267 2.77324 1.78368 4.03842
0.543894 2.31586 0.373233 0.443167 1.93121 3.15062 2.41212 0
0.0339032 0.198853 0.632273 2.31429 2.50251 2.99347 0.781671 0
0.0370753 0.00767541 0.182886 0.898594 0.760164 0.246713 2.8 2.34121
0.438277 0.404295 0.0944336 3.81191 0.611229 1.69059 2.62234 0
0.449541 0.449541 0.244224 1.48555 2.79975 2.58658 1.81817 0
0.789747 0.789747 0.452661 3.00654 1.99223 0.553407 3.84276 0.0483818
0.404541 0.447261 0.603072 0.558563 2.77898 4.7888 0.782791 0.0957619
0.18002 0.217201 0.146116 0.302704 0.37232 0.401608 0.186488 2.93533
0.922744 0.865513 1.64189 2.71533 1.2513 2.73609 0.781618 0
0.11041 0.733694 0.111653 3.41701 3.49842 1.59973 0.782481 0
0.160571 0.114394 0.397731 0.443913 1.94379 2.47739 2.47402 4.20052
0.497075 0.902399 1.03025 1.01443 3.74039 1.48334 0.666128 2.74104
0.190982 0.190982 0.216352 1.59335 2.6937 1.99561 3.72787 0.492483
0.787388 0.752226 0.272471 1.37291 0.443727 1.33751 2.26512 0
0.677923 0.950568 0.264613 2.11712 0.620283 2.34761 0.778912 0
1.30293 1.87548 0.871214 1.66883 1.14562 3.17357 0.749273 1.35568
0.86599 0.875262 0.80797 1.03901 0.819153 0.921903 4.33796 0
0.240362 0.0422431 0.073633 0.254912 0.658051 0.750328 1.06112 4.25782
0.55869 0.454863 0.204775 0.4121 0.185559 0.608043 0.231245 3.509
0.186675 0.186675 0.124605 0.270369 1.92373 3.36604 0.90908 0.189454
0.461244 0.07087 0.38902 1.90937 0.714616 3.65979 2.93587 0
0.431655 0.431655 0.102643 0.560509 0.140413 1.64931 1.854 3.91839
0.278178 0.106614 0.419539 1.71803 2.32302 0.552165 2.98625 0
0.0402786 0.17632 1.57055 0.641643 4.77406 4.53923 0.783646 0.0623848
0.514236 0.604345 0.686649 0.227391 1.70892 0.380731 3.47786 1.19563
0.358242 0.137987 0.289651 3.31728 0.485938 4.20434 0.782688 0
0.516623 0.29608 0.0785678 2.39069 1.76057 0.391618 3.05436 4.31952
0.0543411 0.021429 0.348453 0.0592287 2.13703 4.07647 1.02348 0
0.47339 0.0774433 0.395136 3.91848 2.63117 0.75504 1.29174 0.175149
0.169706 0.872978 1.76127 0.888756 2.99669 1.37139 0.766426 0.775482
0.581541 0.178852 0.656651 0.551972 0.742515 2.19487 0.668724 1.55491
0.31438 0.542131 0.62669 1.26938 0.285426 1.55486 2.89505 2.29795
0.471067 0.932658 0.375936 0.240614 2.3046 1.89606 1.83036 0
0.670244 0.299468 1.36179 2.90162 3.13173 0.770683 0.781704 0
0.318984 0.497158 0.725594 0.180111 2.25809 1.34545 1.91962 2.35661
0.492989 0.651623 1.52715 0.832755 2.10609 2.85112 1.17316 0.249996
0.354644 0.354644 0.386278 0.306088 0.332226 6.37353 0.78347 0
0.902208 0.902208 0.612733 0.781925 1.97563 2.55302 0.779493 0
0.20279 0.278106 0.34419 1.07888 0.765953 3.11194 0.764923 0.676273
0.578877 0.901114 0.759563 0.174437 2.42491 1.48808 1.06066 4.93827
0.3192 0.3192 0.451416 3.26738 0.611716 2.57153 0.781083 0
0.621707 1.08613 0.806576 2.3568 2.78929 1.67713 1.38779 0.115504
0.0251537 0.16236 0.621029 0.332344 2.64368 4.0979 1.34367 0
0.232727 0.564463 0.0925103 0.644115 0.135201 3.33223 3.91595 0.16287
0.0345677 0.0975105 0.334478 1.09884 3.83884 3.51933 0.78259 0.0499405
1.38465 1.76946 0.653999 2.47679 0.583296 2.98301 0.781641 0
0.551971 0.535939 1.39022 1.5889 0.699518 0.392458 4.11084 0
0.104558 0.425076 0.483098 4.76408 1.97114 2.19866 1.2292 0
0.18157 0.0332605 1.00769 0.359912 0.698684 1.2912 3.9317 0
0.145667 0.145667 0.429981 0.457976 0.410137 3.68811 3.76927 0
0.0591122 0.202706 0.315682 0.272604 0.179433 3.09497 3.76097 0
0.0668303 0.388024 0.500087 1.02896 4.30541 0.770255 0.781596 0
0.0720801 0.114407 1.03222 1.04104 3.30965 2.45412 4.14873 0
0.519963 0.757094 0.387987 1.06409 1.65624 4.0449 2.61243 0.769275
0.149561 0.265284 1.74515 0.536938 0.323029 3.60267 2.03866 0
0.329635 0.220714 0.739144 0.695076 2.13019 1.975 0.742988 0.993521
2.31915 1.79182 0.545508 1.70897 0.663188 1.87413 2.17901 1.85376
0.0790646 0.474278 0.733897 0.839441 4.07777 1.97293 0.781831 0
1.43891 0.242757 1.04682 0.623082 1.90091 2.68829 2.08687 1.80929
0.0290407 0.154817 0.241892 1.21311 1.24698 4.17194 0.781582 0
0.662176 0.41444 1.09773 1.04275 1.69013 0.512143 1.02687 2.88773
0.0301799 0.0246959 0.29708 0.923804 1.16663 3.97484 4.25483 0.0558778
0.0888079 0.177165 0.498161 0.536133 1.35341 0.414871 1.18675 2.64008
0.0866852 0.102588 0.134308 0.445049 0.483887 4.00376 2.2421 0
0.0561195 0.0778738 0.57778 3.37497 3.07146 0.764344 0.77482 0.638555
1.04005 0.657484 0.585228 0.199922 0.483982 4.62012 2.09656 1.09098
0.383574 0.403325 0.296893 0.157692 0.396544 4.05851 0.935083 0.00959148
0.310933 0.416182 0.519506 1.1053 2.69051 2.02157 2.22313 0
0.274659 0.20052 0.697783 1.04129 1.06554 2.58191 0.777422 0
1.17399 0.339819 0.207552 3.10757 0.568171 3.03427 0.930169 0.459182
0.233184 0.682258 0.417769 1.29615 1.21786 1.96407 1.49298 3.15343
0.307427 0.582753 0.0889574 2.50534 2.59206 3.08839 0.647166 3.29469
1.22882 1.22882 2.92711 1.72714 1.78223 1.02076 2.63348 0.138824
0.466899 0.111324 0.599316 0.249067 1.65962 1.84552 0.521428 2.96319
0.66854 0.808026 1.53214 0.801253 1.6667 2.62054 1.00149 2.71943
0.210997 0.365886 0.0597881 0.932442 0.603407 5.25595 1.46765 0
0.0961396 0.0841068 0.274585 0.245343 2.41647 2.66989 3.317 0
0.296825 0.214352 1.66576 1.70552 1.93662 3.09324 2.16732 0
0.0990966 0.712737 1.1492 1.47604 2.00429 4.53382 1.93136 0
0.325326 0.376566 0.384761 0.651194 1.26014 5.88515 0.778387 0.689223
0.0183491 0.0360952 0.305203 2.32061 3.6225 3.94229 0.775234 0.843074
0.0387694 0.0783231 0.573613 2.40489 3.54656 2.77023 0.782409 0
0.113584 0.287275 1.62511 1.28203 1.56871 0.923154 3.12859 0
0.606481 1.15504 0.393763 2.41838 0.821906 3.67841 0.871732 0.22167
1.35457 0.385194 1.40827 1.36817 0.72864 2.17128 3.01845 0
0.224436 0.208678 0.271104 0.108761 3.3411 2.54665 4.22228 1.78086
8.26911e-18 4.06213e-17 4.75339e-17 6.30709e-17 1.36169e-16 1.62782e-16 6.59736e-17 3.91092
2.25609 0.373348 2.28677 3.23399 0.694581 2.24492 0.780901 0.325406
0.0959212 0.0959212 0.124044 0.195743 0.472954 3.04486 0.552473 3.142
2.03613 2.82286 0.493518 3.51538 0.704922 0.711973 2.31776 0
0.0882322 0.233987 0.563245 0.843188 2.21454 1.67544 2.96683 4.19573
0.498839 0.359734 0.715958 2.4326 2.63522 0.724324 1.51726 0
1.17476 1.17476 1.66137 0.821873 2.48913 3.43249 0.754522 1.36379
0.145559 1.01713 0.42245 1.11094 1.547 2.45458 4.28515 1.1319
0.117684 0.107282 0.180655 0.322548 0.657134 4.5309 0.781688 0
0.26955 1.42848 1.06945 3.05585 1.31055 1.6577 2.19778 0.168739
2.44722 0.8385 0.380137 0.384219 1.95776 0.483298 3.32423 2.62214
0.196595 0.550048 0.584125 0.87555 1.77789 0.494885 1.06113 2.45745
0.33496 0.39061 0.0885555 0.522127 0.738399 1.04425 1.4768 4.10793
0.0798974 0.171401 0.0563337 1.23874 1.51296 0.313058 4.55635 0
0.0293319 0.100106 0.175541 1.43028 0.915394 4.31227 3.0149 0.252373
0.411082 0.411082 0.175659 0.781912 0.748253 2.77236 1.98922 0.152673
0.254397 0.913609 2.12554 1.20724 1.46718 2.93881 0.765881 0.857369
0.135345 0.31761 1.35502 1.09021 1.15079 1.68125 1.35796 0.878529
0.577477 0.420532 0.714372 1.01027 2.60277 2.96913 0.780979 0
0.333428 0.270252 1.1354 1.21381 1.71659 1.96864 1.11182 2.75364
0.395701 0.112301 0.0630355 0.0637714 1.54075 0.819753 3.18037 3.65211
0.053148 0.441774 0.190772 0.234292 0.537844 2.36728 6.07021 0
0.203099 0.207273 0.290192 2.84318 1.8368 3.96254 1.63988 0
0.190105 0.453182 0.230252 0.826435 1.15643 2.80975 0.774467 0.520245
0.297063 0.659895 0.372856 2.56013 1.51005 2.31854 2.45944 0.205265
0.232433 0.190739 0.580159 0.145815 0.775094 2.1074 2.29811 1.42321
0.827426 0.551393 0.909145 1.77904 0.947109 4.87313 0.769096 1.04311
0.509272 1.14093 1.6443 1.40379 2.49708 2.53131 0.773206 0.641997
1.27728 0.61702 0.907545 0.277289 1.6963 2.40627 3.40298 0
0.824841 0.190238 1.34835 1.67533 1.46949 3.36565 0.623506 3.32693
0.210945 0.0344943 0.548309 0.0962326 3.64669 1.97986 2.43007 0
0.198474 0.505631 0.587427 0.622097 0.84105 3.28077 1.57314 0.485199
0.220555 0.112597 0.247634 0.350207 0.434863 0.317314 5.29863 2.04097
0.0479336 0.0476845 0.0676125 0.439254 0.571699 2.66617 0.93512 2.91751
0.14707 0.490056 0.396867 0.549493 1.66971 1.92983 0.756861 1.06833
0.315517 0.852413 0.129191 1.16471 0.784035 3.93797 3.55272 0.0259226
0.532794 0.750627 1.65884 1.89712 1.45821 5.89044 0.768475 1.33431
0.182343 0.15044 0.371844 0.632677 0.852479 2.19013 1.4761 0.653989
0.0109179 0.083658 0.148825 0.215075 0.081085 0.473919 4.24351 4.27949
0.213782 0.268685 0.383206 2.63057 0.52428 1.09371 1.00102 2.6221
2.33146 1.29757 0.71107 3.4516 0.652101 2.50503 1.03798 1.19863
0.31478 1.57694 1.12577 1.29616 1.53836 0.561047 2.76315 0.202503
0.181437 0.334853 0.318378 3.01119 3.05183 0.797637 1.96088 0
0.0801108 0.0682625 0.123941 0.133471 1.83921 6.59707 0.783702 0
0.494262 0.339914 0.599864 0.68438 1.08998 2.07833 0.975597 2.76147
0.299349 0.650509 0.716081 0.922931 1.37016 1.3242 0.550461 2.41065
0.953421 0.953421 0.222813 1.72701 0.363933 2.23219 3.1568 1.75173
0.0163048 0.077006 0.0574265 0.61563 3.93819 2.86875 0.777413 0.551411
0.0744853 0.231968 0.243633 0.256677 1.54735 3.63481 0.777934 0.330118
1.52472 0.937094 1.78967 2.30945 1.80591 0.716881 1.69814 0.129213
0.595422 0.9827 1.10371 2.19004 0.526994 1.79386 2.4229 0
0.545014 0.256909 0.587928 0.420167 0.940873 5.00287 0.782456 0
0.0132209 0.0501921 0.270847 2.2555 4.38915 1.45981 1.9268 3.3766
1.148 1.72661 0.442314 1.52342 2.61066 1.57439 0.780578 0
0.488647 0.6994 1.2282 0.997601 1.15856 2.13866 2.21835 0.912633
0.561002 0.417668 1.18331 0.202595 4.14144 0.643843 3.05055 0.0557554
0.0168631 0.0372948 0.156522 0.0508735 0.496831 3.8758 4.32835 0
0.0887184 0.211854 0.299087 0.282814 0.510905 2.96992 2.08615 1.67621
1.60716 1.1683 0.504537 2.04999 0.512913 0.520879 2.98987 1.49619
0.842796 0.659976 0.591293 1.52388 1.06132 1.0412 0.773269 0
0.0834552 0.0783198 0.11445 0.771078 0.702534 2.38766 4.73568 0
0.224678 0.141874 0.265722 0.375788 0.104249 2.76085 0.551894 2.86708
0.470165 0.284962 1.28196 0.793385 2.42239 3.06783 0.781033 0
0.436213 0.436213 0.498949 1.2408 0.689285 2.3877 1.1157 0
0.419839 0.430802 0.601544 2.92907 3.52713 2.22267 0.768837 0.990537
0.401832 0.434698 0.591972 1.00737 3.52931 2.08623 2.59577 0
0.0452428 0.262348 0.198172 1.92448 0.336781 1.27144 2.35452 3.17237
0.252551 0.252551 0.886479 0.992849 0.962518 5.4633 1.82913 2.1636
0.385443 1.1059 0.884233 1.31799 1.24183 0.458494 2.37548 2.25062
1.35573 2.01758 0.416177 0.97491 2.65184 2.58561 1.01379 0
0.369129 0.637856 1.38289 2.87509 3.2744 1.46137 0.782038 0.0406576
0.916027 1.26137 0.722629 1.71824 0.292438 5.49655 2.60742 0
0.0852606 0.024649 0.0672352 0.413344 1.85878 1.30721 4.54643 0.0615625
0.310161 1.64141 1.1366 0.306691 1.84914 4.35597 0.782431 0
1.34975 0.563706 0.65813 1.88823 3.49441 2.61221 2.87956 0.0415258
0.0834091 0.479609 0.486808 1.22772 1.7878 0.395717 0.401656 3.91278
0.257897 0.0463334 0.0470752 0.344902 0.325294 3.02649 0.55244 3.12418
0.107097 0.123641 0.44211 0.4714 4.20501 0.674986 2.52384 0
0.130763 0.186109 1.09053 1.114 1.49505 2.18328 2.00294 1.04566
0.111128 0.151273 0.135202 0.117657 1.43058 0.185897 1.89466 5.69257
0.0692196 0.170635 1.12934 1.25062 3.35794 2.97522 0.781983 0
0.0167299 0.00651074 0.0535252 0.0564556 0.501843 0.508154 4.51706 1.96489
0.202868 0.223403 0.0828245 0.287646 0.0687796 2.66089 2.17215 3.46179
0.0956211 0.225558 0.241011 0.579924 0.242201 4.86168 2.16279 0
1.41038 1.20048 0.293211 1.52488 2.61366 3.39913 0.853472 0.259601
0.561182 0.383107 0.52883 0.861021 0.986522 1.62263 0.651717 2.121
0.210737 0.0342705 0.192028 0.0471671 1.59126 2.85493 3.28137 1.48333
0.528699 0.174579 0.169226 4.08221 2.23497 1.80379 2.34816 0
0.0741281 0.556456 0.074783 0.102027 0.239055 4.67761 3.5919 0
0.0963896 0.453402 0.311995 0.558753 0.37172 3.29821 1.26414 0.905049
0.64719 1.14191 0.516524 0.650411 2.05792 2.67367 0.853622 1.57456
0.450828 0.222816 0.475599 1.95535 1.18779 2.15391 3.21755 0.747768
0.303591 0.0688391 0.407182 0.96241 1.83842 2.68908 0.778906 0
0.247774 0.474074 0.501243 2.59442 2.696 2.49699 0.915222 1.1113
0.378363 0.333553 0.635926 0.754968 0.800354 0.962144 1.78776 0.244538
0.00836732 0.0216098 0.158491 1.09551 4.87977 0.731612 1.2649 1.44633
0.161173 0.0621896 0.306874 0.0920579 0.363993 3.4731 1.38486 3.77429
0.7775 1.58375 0.504104 1.83491 0.468134 0.475691 2.6794 2.23726
0.403378 0.182659 0.35711 2.1981 2.27052 1.50544 1.18399 0.858689
0.100184 0.18838 0.331803 0.641188 5.23487 1.2861 0.78273 0
0.633107 0.564283 0.335417 0.912 2.21324 1.19778 0.978634 2.12467
0.421722 0.378577 0.300997 0.515896 1.53959 1.42441 1.59914 1.77851
0.348383 0.709421 0.152322 1.2472 0.93298 0.811471 2.74304 2.40003
0.0193766 0.0305779 0.174176 0.452045 0.87899 0.686136 2.3852 2.74245
0.309089 0.219801 0.0771703 1.08438 0.768881 2.21769 2.74599 0.966455
0.73597 1.59487 2.53297 3.0824 0.638087 2.44741 1.94939 0
0.914417 0.94061 1.31183 1.85521 2.62367 1.30354 2.91285 1.86196
1.03394 0.489233 0.909054 2.04537 2.52822 2.5986 1.45117 0.59598
0.766779 2.1859 0.739524 2.43167 1.24686 1.40488 3.91847 0
0.000277148 0.00258613 0.00977639 0.0943988 0.427242 0.0469031 4.10731 6.08745
0.0837116 0.0391522 0.572917 0.727943 2.37702 3.5718 2.20059 0
0.0852307 0.0442921 0.146442 0.281291 0.780039 1.89034 1.35202 2.47378
