242 3.15499
1.1769e-08 1.01902e-05 0.000229387 0.12908 4.02695
4.66581 1.98401e-136 3.62793e-217 0.513673 0
0.0522506 7.76561e-163 0.042935 5.71667 9.16297e-118
2.88559 4.53095 0.0057381 0 0.00559202
0.00447208 0.182522 5.97333e-183 0.0129506 5.43048
0.115579 0 2.12525 2.33887 3.7337
0.319991 5.34464 3.78527e-182 0.589461 0
0.262036 2.84248e-155 5.62545 9.62386e-168 3.88835e-06
6.10026 2.75007e-144 0.0199645 1.04249e-167 1.76218e-149
4.56885 1.99884 0 5.09317e-141 9.79921e-311
5.55521 1.78457e-163 3.92738e-182 0.61159 0
0.917922 3.97624e-208 0.000335063 0.17023 5.1373
3.43441 1.54827e-144 5.09471 8.58749e-167 2.18626e-106
0.333015 3.46055e-73 3.95665e-09 1.01461e-137 4.81058
0.508731 2.87048e-144 9.25669e-61 8.04278e-213 4.63753
0.103913 4.13384e-169 4.85201 1.03534e-184 1.07723
1.68334 2.67188 4.09192 1.99894e-193 7.70411e-91
5.39828 1.28021e-207 2.07906e-61 0.137588 0.514004
0.109391 4.73859e-209 2.18515e-220 0.404232 5.0096
0.0424695 3.02839e-05 5.28227 1.75629e-193 4.64577e-186
0.752015 0.405958 0.210417 8.75701e-196 4.15211
5.19716 0.174079 1.72973e-227 0.000139135 0.572911
0.0662814 9.85092e-163 2.55272e-63 5.60285 8.98053e-118
3.09087 1.33848 2.26022 0.0803843 0.826533
0.0711368 2.82994e-169 3.32158 3.45732 1.0643
1.89265 2.58783 1.53949 0.0402725 1.25707
2.58048 0.594533 7.27229e-174 3.28911 0.345043
0.384525 5.17697 0.00302791 2.07198e-119 2.83351e-145
0.0266454 0.012327 2.25246 4.32009 1.72646e-79
0.256136 6.07433e-209 9.86465e-63 5.4549 3.49908e-119
0.106329 0.0292362 4.30101 0.0509075 1.14618e-149
1.57501 3.09522e-115 1.01246e-105 4.74669 4.45616e-240
1.74776 0.349709 2.64938e-161 3.82382 0.769069
1.99902 0 0.00141725 2.53259 3.80943
0.603437 2.47214 1.27469e-105 0.636225 3.29711
0.0343319 0.0276652 5.48398 1.28946e-145 0.0208721
1.69915 2.26444 1.90723 1.34131 0.383964
0.121138 2.63445 7.7953e-75 4.18714 4.80731e-96
3.78756 1.70748e-144 0.0123178 4.11089 1.61469e-149
0.257062 4.29357 0.0248677 2.21748 0
0.318087 5.31283 5.82564e-178 0.585952 8.67787e-203
0.51087 0.633914 2.50432 1.83549 0.585738
0.216708 3.57815e-128 0.0144995 4.62552 4.62677e-78
0.0417582 3.55646e-127 5.19379 2.01576e-135 3.72305e-148
2.87954 1.15194 1.71127 1.16718 1.07122e-211
0.374685 1.44769 3.78811 5.07344e-114 2.13299e-277
0.529272 1.83299 0.0881045 5.00074 1.89067e-146
0.833872 9.64471e-126 1.72754e-212 3.97849e-217 3.93395
0.0400683 2.97427 0.804942 1.24133 0.704311
0.100875 2.19378 3.90057e-94 4.02408 3.21922e-77
4.76 0.441965 3.73663e-151 0.366165 2.53554
0.822484 2.37036 0.57782 0.855026 3.20312
0.677138 3.98053 2.52848e-98 1.06388 1.43316
0.389378 0.118801 7.40742e-61 0.222958 4.23118
0.00589423 0.0390765 3.03195 2.56329 1.61993
0.023407 0.167651 2.84206 2.96277 0.152877
0.997436 1.36976 0.368606 2.09982 2.59497
2.35613 2.7962 1.50161e-108 1.06391 1.13798
0.623683 0.947763 1.37042 1.5179 3.2653
1.78483 0.741666 2.31954 2.51044 4.62124e-106
0.643293 2.53114 3.7454e-232 1.12128 3.07236
0.193141 3.10957 0.361019 0.829294 0
4.88047 1.24915e-05 1.42802 4.66223e-215 2.04752e-89
0.73158 0.442444 2.65863 1.84853 1.03134
0.133101 0.0543228 1.647 1.41457 2.99757
2.25662 1.51286e-125 2.37444 1.86992 1.98939
1.18316 4.74282 1.62598e-227 0.000250744 0.0731716
0.0518736 2.64039 0.419399 2.28794 2.48141
1.9703 2.83929 0.0220022 0.654668 2.20729
3.20176 4.90335 0.00349058 0 0.189246
4.1415 1.57404e-161 2.46112 1.43539e-119 8.78434e-117
0.20446 1.09508 2.76968 2.41462 1.42398
0.0387475 0.0105784 3.08159 2.60526 1.64646
0.105756 2.29994 5.11232e-73 3.60093 3.00134e-77
1.149 0.118142 2.30729e-219 4.27113 0.0825538
0.561068 0.784358 0.00613962 3.78269 0.29749
3.35697 0.736041 1.97284e-157 0.688215 1.81179
1.16656 5.10059 3.45933e-225 0.140718 1.41648e-160
3.21075 5.04152 0.00280246 0 0.193156
1.65155 3.54872e-115 0.951669 0.0527252 3.13972
3.70182 1.24611 1.61122 0.0425313 0.497275
1.01247 1.29251 0.160692 2.00193 2.38256
3.61056 0.418763 0.00179755 0.86642 1.64095
0.449733 1.63208 2.08915 0.34594 1.74539
0.364335 1.00649 3.12988 2.38731 1.14032e-131
0.713317 1.41951 2.69006 2.4609 0.314371
2.37155 0.772921 0.0177082 1.05291 2.89433
2.29116 0.0698882 0.0337271 1.91961 2.9719
0.123048 3.35934 1.48784 0.000712678 2.48341e-104
0.84651 1.87414 3.67898 3.07041 5.36288e-283
1.28349 1.64156 0.261002 2.79645 0.12795
1.34987 2.00621e-161 5.8958e-63 5.37358 8.88002e-118
0.940348 4.97509 0.000712811 5.63091e-197 4.45294e-186
0.306008 0.185067 1.11974 2.88783 0.902262
0.539658 1.56707 0.915481 1.53264 2.01931
0.0244578 1.74829 0.29943 1.30348e-207 3.44184
0.983562 1.52203 2.17478 2.35377 4.33284e-106
1.53677 0.240125 9.99867e-106 4.68764 7.13753e-06
0.0502045 3.5887 0.614639 2.67564e-207 1.32944
2.93737 2.23371 0.0811008 2.69707 0.569582
0.144028 0.0490084 3.49009e-05 3.9721 2.16635
0.825413 2.06352e-138 1.90251e-102 0.0802535 4.5141
1.62616 2.07422 0.330132 1.76041 0.116589
2.07301 1.37402e-121 1.46556e-182 4.40759 0.0279914
4.05701 7.9715e-242 5.19955e-05 0.758505 0.00114399
0.469584 1.4606 0.330183 2.07226 2.44451
3.3288 0.392359 0.120063 0.799493 1.50684
2.2292 0.726527 0.0368488 0.989809 2.72087
2.59609 0.800263 0.156071 1.55333 1.57259
0.0134932 0.0361014 4.7936 1.59382e-193 4.21598e-186
2.01156 1.20582 0.00240057 0.432705 2.24061
2.62755 2.09708 4.35608 2.12798e-193 8.20147e-91
0.091225 1.89659 2.34321 0.388009 1.95764
1.52766 0.335133 3.57279 0.827759 0.230488
0.00774442 0.211646 4.56477 0.000226695 6.50425e-104
2.45883 3.96696e-98 1.05801 1.81332 2.82054
0.423592 5.42927e-05 1.38224e-225 0.0116459 5.06918
1.54199 2.10837 1.25426 2.04451 1.25336
0.0433209 0.0118269 3.44531 2.91276 0.727863
0.434207 3.19982 4.01032 1.81551e-115 4.52823e-186
0.0343319 0.0276652 5.48398 1.28946e-145 0.0208721
0.305006 1.04789 5.27686e-148 3.93309 1.14532
2.11169 3.79207 0.699573 1.84034e-134 1.59964e-145
4.28683 0.216645 0.187738 0.000233773 0.103572
2.73798 2.25234 1.46249 0.0386052 0.451371
0.245183 5.81456e-209 9.44278e-63 5.22162 3.73543e-71
3.52278 0.00461479 2.60772 1.08224e-157 4.41148e-81
0.0339697 2.72487 0.800074 2.24728 1.49974
0.196876 3.0166 0.000336284 2.54853 1.7804
0.681831 2.76828 3.91189 6.37944e-228 8.22071e-90
0.000144835 0.131656 0.299219 4.83224 5.35116e-236
2.26261 2.8927 1.76344 0.0115693 0.290216
4.45639 2.03443e-126 2.79066e-98 1.14552 1.53111e-121
1.53409 1.73388 2.11351e-05 0.919357 2.28787
1.40846 5.2639e-11 1.95558 0.305409 3.32722
3.66863 2.36039e-118 0.754296 0.697771 1.17123
0.957885 1.51838 4.00198 2.78702e-145 1.39055e-118
0.143452 2.54328 4.95046e-08 2.07675 2.07356
1.20321 1.6636 0.446633 1.35054 3.05403
0.384613 0.798341 0 5.12635 1.02225e-310
1.03042 4.05436 5.99936e-232 1.79606 0.0416961
0.114575 2.03131 1.24599 1.94503 1.92173
3.01576 0.611548 1.47757 0.0609334 1.20662
1.44165 0.853218 0.0017147 1.36186 2.02834
2.64678 0.79356 0.158744 1.57994 1.68089
2.26032 0.314108 0.230786 0.149532 2.92511
1.06202 1.40266 0.110732 2.13924 2.54597
2.01261 0.699138 0.648078 2.88839 0.0617413
0.478326 0.157246 1.01078 3.04159 0.917225
0.149624 0.153909 3.94699 3.17424 1.13952e-05
0.0208433 3.73762 1.46796 0.957203 0.00940128
0.883159 3.43649 7.36654e-119 1.52339 1.34617
0.419782 2.53447e-224 3.71245 2.96342 1.07189e-05
3.88383 0.777116 5.88738e-161 0.470921 1.85658
0.0557294 0.0257822 4.71108 0.0933678 1.00677
0.250709 2.60127 1.8538 0.602885 0.0478567
0.674191 0.272332 0.0634704 1.45451 3.55095
2.74135 0.900254 0.847139 2.37948 2.36754e-06
1.33746 1.71553 0.632872 2.74918 0.0529115
1.95664 1.25211 2.99683 8.14297e-05 0.711462
0.469428 1.27515 3.283 1.43129 5.47821e-121
0.0137055 0.170648 3.85374 2.58241e-171 2.87512
2.54656 6.57185e-120 1.33289 2.15207 0.293404
0.0729347 0.463458 4.42947 5.8703e-228 3.5497e-78
0.0678356 3.45286 0.535884 0.253327 2.4707
1.06426 3.06714 2.27144e-08 2.31599 2.62845
1.52199 0.304535 2.30714e-161 3.32987 1.71277
1.74094 0.241932 0.181903 1.31064 2.79978
0.000936289 1.60081 2.14143 2.76275 2.09529
1.47722 0.274079 9.65806e-106 4.52796 6.23726e-06
1.21681 3.29071 9.37836e-123 0.4929 0.646508
2.92207 2.45487 1.58497 8.87465e-05 0.0187943
1.1106 1.6877 2.56131 1.99607 7.43999e-215
3.05338 1.22148 1.81459 1.00905 1.11708e-211
2.15507 0.431209 3.26681e-161 0.0653911 3.45782
0.54418 2.9146 1.66693 1.37019 0.249144
1.83794 2.41379 0.193582 3.57335 1.94516e-133
0.147128 2.05164 2.40152 2.8361 1.57527
2.4809 0.424373 1.88324 1.21734 1.08166
0.00207963 0.0235334 1.81257 3.39361 0.68731
1.10178 4.25232 0.0900074 0.0573476 5.18057e-159
0.399793 0.0467958 3.59438e-89 4.88453 0.360176
1.26208 1.73319 0.128018 1.25556 2.37068
2.76762 0 6.53133e-82 3.04131 0.0526386
4.76523 1.52971 0.00282133 7.8614e-238 3.00147e-101
0.0410017 0.571754 2.73597 2.46244 1.38158
3.1497 0.644451 1.68281 1.20547 8.7302e-07
0.0327089 0.019718 2.93021 2.47728 1.56558
1.25155 0.411435 2.70534 2.05948 0.261731
1.35488 1.83055e-154 3.36856 1.4626 5.59805e-121
5.00177 1.4695e-06 1.40321e-108 4.8958e-10 5.2575e-05
3.96828 0.00355477 2.35819 2.38971e-308 1.00429
2.31487 4.80497 0 5.44711e-141 1.04802e-310
2.57073 2.75427 0.232446 5.64959e-194 1.54007
3.39363 0.135301 1.41051 7.89781e-05 0.690042
2.68072 0.280765 0.789063 2.45579 0.205187
0.25609 3.21523 1.54877 8.86441e-202 1.10812
0.0071822 0.00331128 1.5456e-05 4.44602 6.55283e-81
4.40841 5.30111e-172 6.24486e-87 2.04039e-231 0.464105
1.71807 2.07947 2.42036e-05 0.721699 2.5646
0.109697 4.47712 8.78885e-271 0.317669 2.67993
1.91605 1.13398 0.000999955 1.81 2.18652
2.39042 3.30317 0.0259584 0.271198 0.0571133
1.4116 0.375367 2.05639 0.00393909 2.753
1.45398 0.386638 2.11814 0.00405737 2.74236
0.0992893 2.15293 0.871441 2.42144 0.0902847
0.181868 2.92808 1.36186 0.549438 0
3.85427 1.23816e-163 1.50527e-07 0.283602 3.37498
0.975333 3.8376 5.67862e-232 1.70004 0.126757
1.31939 0.531471 2.00256 2.65972 0.0443533
0.332454 0.479079 0.00371248 2.97131 1.90012
1.98641 0.000132646 3.51613 0.391135 2.2486e-194
2.34103 0 0.497611 1.92192 3.6241
2.09176 4.34185 9.21841e-102 0.585276 1.10904e-139
1.76463 0.473188 7.50277e-109 3.54093 1.19067
2.59196 4.1786 2.2061e-75 1.15615e-145 0.0197575
2.70183 0.547798 0.58282 1.11337 0.957261
0.651281 1.55985 8.56171e-155 3.65604 6.8697e-118
1.8029 0.00868883 2.01341 1.84525 1.97176
0.0948659 2.21934 3.25205 1.69089 0.126075
3.21607 0.128222 1.27581 1.48298 0.706726
3.82197 2.36096 0.0016922 5.57756e-153 0.860235
0.290404 4.85047 3.43528e-182 0.548342 9.65206e-198
0.00218937 1.99016 4.49355 0.706472 0.00104005
1.92535 1.17263 3.01566 4.67463e-153 2.04521
2.06889 3.27947 2.47299e-109 7.70963e-11 1.94514
2.55611 1.32217e-230 3.41936 5.30041e-153 2.31899
2.08893 1.74585 3.20376 2.12589e-05 0.75524
0.0252063 2.43316 2.61618 1.84073 0.870672
1.80531 0.524284 7.72009e-109 3.70385 0.29673
0.386947 0.302115 4.63488 6.14253e-228 7.91541e-90
1.03833 2.17532 1.47619 0.966041 1.86486
0.238957 5.66692e-209 8.72354e-78 5.08904 0.9802
0.286101 3.54843 0.532714 1.82294e-207 2.68286
1.85538 7.56757e-134 9.48179e-160 0.622197 3.97819
0.934502 3.67694 6.28459e-127 1.62887 3.52439e-232
4.20628 1.01696 1.26685 1.83808e-194 0.247994
0.0488125 3.8468 0.66234 2.02628e-212 0.0955025
0.149774 0.502077 8.38901e-107 0.641974 4.50977
4.57364 1.38789e-111 0 0.503526 0
0.249322 5.91273e-209 9.60221e-63 5.30978 5.31122e-78
0.445251 1.63345 2.08932 1.28146 1.91778
5.50394 4.4138e-05 8.67679e-137 4.95866e-05 1.08639e-197
0.768769 2.21556 2.23326e-08 1.67296 3.39017
0.109768 1.83513 0.895567 2.8366 0.00773672
0.28043 4.68386 1.75088e-119 0.516584 0
0.171925 2.14465e-86 2.36793e-08 0.769589 3.67604
3.20115 0.701877 6.65352e-141 0.65627 1.72769
0.742992 1.45988e-242 0.983665 3.49552 0.00102736
2.92884 0.674794 0.120453 2.63057 0.326522
0.195557 0.65555 1.36357e-106 0.838211 4.41676
1.21793 2.3643 1.38419 2.4056 0.282659
0.154172 4.20906 0.376349 0.168957 2.77524e-105
2.21388 0.685548 2.74954 6.49594e-289 1.58974
1.49699 1.5337 1.46197 0.841904 2.53858
3.56748 1.10476 1.13879 0.083551 0.724629
1.65004 0.673433 0.0155733 1.40263 3.12452
1.1673 1.68213 0.0130351 0.377525 3.10585
1.11367 4.10214 0.0422192 0.00947299 1.42076e-147
3.28907 0.861624 0.256166 1.987 0.0815148
0.175813 4.12507e-99 3.95764 1.02437e-172 2.95264
2.33125 0.971062 1.0838e-104 0.8509 3.33613
0.0948097 0.142123 3.88049 1.52626 0.457872
0.492577 0.180347 1.30357 2.07 2.39782
0.0193954 3.47798 1.36598 0.890711 0.0118775
1.09344 7.61794e-151 3.40019 3.20121e-197 1.09989
2.31181 3.08093 2.4193e-106 1.60526 0.384096
0.116442 3.53615e-80 4.08557 0.369623 1.95518
0.365196 0.368171 3.94561 0.0306285 0.664955
0.784166 1.03568 0.0817614 1.61515 3.42924
1.96498 1.17095 0.0632461 0.544325 2.21552
1.94921 0.640785 1.95519 1.92594 0.309482
2.52471 0.0185548 0.438646 0.337258 1.55734
0.283436 1.98122 1.22778 3.7279 1.2623e-88
3.45183 0.927738 1.71631 1.30408e-118 1.23891
3.30759 0.0026766 2.44891 0.107575 4.00294e-102
0.866798 1.21176 0.00900194 3.7364 0.306544
0.809367 4.41193e-113 1.11474e-07 0.0282916 3.77535
3.47288 0.411372 0.00467691 0.646557 1.55128
1.26308 1.61244 0.200466 3.02555 0.08821
0.537006 3.02416 1.21059 0.520435 0
0.467174 0.875933 1.77135 0.162479 2.62528
0.475805 3.42011e-149 1.19407 2.66196 2.83311
0.871138 4.60893 0.0332725 5.21661e-197 4.12531e-186
1.86107 0.891493 1.3579 1.75207 0.51378
0.724072 1.68183e-100 3.18011 2.65612 1.08216
3.27771 0.125421 1.39161 6.08963e-158 1.93547
1.68305 0.447076 0.964021 0.00243513 3.06765
0.490647 1.28001 2.42649 0.000378879 0.556023
0.158022 0 3.02209 0.435096 3.60974
0.472227 0.155241 0.997893 3.00281 0.925357
0.00731614 0.00337303 1.57442e-05 4.52893 7.44318e-146
0.0159066 0.00649198 0.196828 0.169052 3.51805
3.24416 0.685162 0.686722 0.901652 1.10714
0.00457848 0.0475306 3.66354 0.00737415 1.48116
0.164181 0.0463813 4.01743 1.01614e-09 5.25897e-125
1.29505 7.77338e-155 2.58135e-106 0.238541 4.3286
0.756569 1.84699 0.00109811 3.12115 2.12365
1.36912 2.94185e-115 0.788923 2.7128 1.49823
0.97044 3.54322 2.30054e-98 0.967971 2.40422
