26 0.813825
18.1565 1.913e-16 1.98026e-90 3.35348e-177 6.76488e-302
0.236547 1.97718 8.95467e-187 3.58507e-124 18.0537
14.0682 0 0.0189034 0 0.362789
0.000225229 1.83356 10.6137 0.509125 7.83392
10.1772 10.5233 0 1.82548e-81 2.92894e-90
1.80202 1.21685e-104 3.10154e-208 17.8207 0
14.5004 0 0.0194841 0 5.12896e-16
4.44175 4.67992e-17 17.6502 4.58081e-266 7.41803e-130
5.80803 17.877 5.48195e-158 5.15119e-134 1.23046e-175
1.578 1.55465e-20 17.0068 4.29874e-266 4.92973
1.2979 3.87717 16.2471 4.59128e-134 2.3281e-232
1.22027 17.2018 3.14869e-129 3.10476e-123 2.50002
15.7388 5.72363 2.23854e-110 1.98752e-202 2.21549e-219
15.2542 3.45383 8.29746e-104 0.0458301 7.60356e-143
2.26285 1.08091 1.719e-163 1.33826 14.9721
8.96322 9.58101e-151 4.79174 12.5603 0.18827
5.74726 0.499431 0.774709 12.9237 5.24258
16.1017 5.93677e-122 5.60831e-180 7.53181e-122 1.69509e-196
7.85529 10.0892 1.66303 7.06348 4.54952
14.8794 0.085263 2.58147e-109 4.26579e-202 2.88933
4.52485 0.834536 12.6948 7.19859 2.30348e-117
9.79607 2.22802 12.9627 1.13343e-60 1.46593
16.5245 0.998287 0.288254 4.16719e-266 4.91374e-109
1.51779 17.7665 7.59355e-204 1.7432e-192 3.14738e-97
3.23101 8.44624 10.7705 4.624 6.32548e-103
1.22595 0.766361 15.9237 3.69604 5.50804e-124
1.54725 0.128355 2.83476e-130 2.43075e-96 17.632
9.59897 3.17431 3.73813 4.63355e-136 11.9796
7.32891 0.351266 8.88248 8.55012 1.65739
4.81562 3.77489e-152 2.61481 17.1745 0.135077
4.67854 8.20425 8.93347 1.22613 1.08372
5.86635 10.3202 6.42998 0.186384 6.56346
2.73178 0.183402 10.8975 3.96521 8.05003
4.42524 7.98591 8.63604 5.38929 1.13487
9.79951 6.30034 5.51217 6.87093 2.87842
9.97271 5.53304 6.21682 5.48067 6.87095
17.7153 1.693e-08 1.09413e-228 5.45856e-205 2.34355e-219
8.48761 2.03365e-179 0.307992 2.51996 13.4715
8.04163 1.98153e-115 3.17632e-188 11.1439 8.39263
1.17173 6.38903e-17 13.8827 3.50036 3.57225
4.97805 1.22663e-115 1.96625e-188 16.8895 0.131933
0.294398 1.04478 4.2874e-189 1.56598 18.0047
3.15147 16.0418 1.25289 7.66962e-122 1.72611e-196
11.8778 7.63271 5.23946 3.5986 0.120543
3.23528 2.25 15.6594 5.09278 1.04575e-65
1.93667 3.45124 2.15145 4.81212 12.437
3.26148 0.00673595 9.18562e-170 9.24839e-113 15.6178
2.26848 13.1435 1.05685 2.36361 3.19667
7.19059 1.09973 1.03382e-136 10.9633 9.50612
1.78875 4.41578 8.75651 10.7796 3.95846
0.000307366 2.50223 14.4844 0.682272 0.764413
3.16941 9.52237 3.20405e-61 9.15172 4.22761
5.54578 9.75625 6.64297 2.18508e-92 6.36305
3.99959 0.487711 0.717945 9.44953 8.77791
17.5231 1.85988e-16 1.91118e-90 3.2365e-177 1.24291e-222
12.32 3.71476 0.239439 3.23354 3.29995
2.05309 11.8771 0.460706 2.13084 7.53726
1.2291 2.14643 0.970133 12.3254 9.70891
1.43168 0.779624 14.0821 1.9491e-277 2.80493
5.95144 5.99973 3.47728 3.74225 9.87333
0.999203 0.0317198 5.8491e-14 1.37433e-177 15.9543
13.1546 8.95582e-75 1.03095 3.0727 3.39787
12.6159 8.05596 2.10689 0.747455 0.179894
7.62459 8.27635 0.917412 8.05628 2.79992e-14
0.919707 3.52399 12.4373 0.486242 3.61725
2.97783 5.22189 5.68604 8.48699 6.03781
4.40371 3.08587e-115 2.41593 0.0646714 14.2365
2.86851 3.13778e-17 7.97207 14.688 0.402066
0.253483 0.219631 15.0737 1.65093e-70 5.85804
2.09546 14.4052 2.16165 0.67328 1.70356e-67
3.84062 1.33969 4.90414 7.57723 8.91607
3.29615 2.53538 13.6204 0.557032 4.00762
5.21573 5.66086 8.01631 9.79872 0.465621
2.89811 0.0920008 1.53688e-104 2.047 14.8201
4.46813 6.11538 11.2478 6.49953e-206 7.43663
7.50898 4.86163 11.5401 0.0414988 0.932347
3.93343 16.2035 0.013376 3.00198e-123 0.255472
1.32974 0.238945 5.33637e-189 0.91251 15.4055
17.1534 1.64506e-08 1.53735e-205 2.03572e-202 2.26922e-219
3.34367 1.8208 1.46764 0.0492421 13.2048
6.19546 5.11442 7.19293 9.46756 3.7102
0.776029 2.97048 10.4845 0.409896 8.28382
4.89912 3.13328 3.17001 10.8343 6.18881
1.77875 4.99438 10.2672 10.0613 4.13078
6.10828 6.24784 1.29752 0.404134 11.7812
8.02346 10.8542 0.00855018 2.56782 1.26194
7.00896 7.60712 4.61111 8.30442 2.06262
6.06381 6.39104 6.09917e-126 4.15595 10.3143
14.5273 6.74977e-10 1.64537e-90 3.16729 1.95702e-89
4.71427 5.06155 3.25367 12.19 1.99476
10.0597 1.53853 1.44633e-136 7.87476 9.29699
3.54303 0.00280613 6.87151e-128 15.0293 1.28689
8.33788 8.67461e-75 9.2331 4.98921 5.65886
6.8421 7.42603 3.50238 9.04736 0.826789
11.258 0.206473 6.15989 5.62037 0.565608
6.33713 9.97193 7.4921 1.08979e-113 3.64574
3.99054 11.487 6.81719 4.4258 1.7891
0.00151837 12.3609 1.74235 7.5172 2.32347
1.56926 1.5027e-189 2.45425 2.04256e-137 16.659
0.726002 4.49111e-149 0.280922 1.08702 14.3832
2.0254 14.3362 1.90739 0.547928 2.42215
4.01012 7.08185e-17 3.68448e-290 16.0445 4.38883e-96
2.30334 8.81673 5.1256 3.56886 8.28173
8.68238 8.4184e-112 0.309239 14.442 0.196276
5.83367 2.12819 7.15164 2.2748 10.4893
1.14641 15.7398 6.72064e-204 4.42644e-88 3.64841e-28
10.641 2.38234 1.18578 2.45017e-87 11.2481
5.01385 10.0212 8.15352e-139 8.90209 0.624378
8.7863 2.63577 10.158 4.85417 0.00763328
6.747 7.74109 0.845897 7.00816 7.83539
6.57861 2.71212 8.19506 2.47465 7.52069
0.818665 3.60652 7.33952 6.52921 7.95204
9.93426 8.62923e-151 9.93779 0.18672 5.67309
9.19847 2.11349e-17 4.42964 9.49935 7.28522
0.15728 0.139055 9.43512 10.6308 5.52315
0.613787 1.94987 0.878304 16.5991 2.4401e-100
3.06798 6.89519 8.72745e-113 4.11661 12.1309
2.65877 6.51384 13.1608 1.80924 4.19033e-188
1.55693 4.61382 6.71461e-152 15.2959 0.668898
5.79375 3.79152 0.000540626 5.171 11.8819
3.2412 10.9909 6.95419 8.57249e-137 0.526495
0.0673085 0.0120949 1.51476e-65 0.0461854 15.3898
12.6833 3.90269 2.70257 6.62098 3.07597e-95
2.14722 14.761 2.21504 9.54484e-170 1.74382e-67
4.39198 0.273389 4.61447e-140 11.3893 9.1104
4.7804 6.54774e-18 9.14145 10.4888 3.80378
6.62446 11.6539 2.92968 2.29909e-92 6.67023
11.8339 10.6808 5.23332e-139 2.95854 0
4.76587 2.26069e-221 8.30219 10.3516 7.34468
8.48682 4.14739 7.86617 2.61346 3.06406
3.06872 3.3307 8.31169 6.94094 6.93759
1.84719 16.852 7.21952e-204 5.75042e-142 1.38665
13.2807 5.46427 7.06765e-84 0.431382 2.51824
12.1331 1.42449 1.65399 8.33138 3.78014e-118
6.57649 4.26963 12.053 3.40698 4.82535
5.51563 6.03339e-17 15.3289 1.96855 1.61264e-193
12.4591 0.426797 8.10765e-104 6.11191 1.74156
0.27714 1.10084 0.0237191 13.3865 6.32105
1.80987 16.5116 7.07368e-204 1.96295e-125 1.35863
3.92578 2.11118 4.11163 14.1163 8.58672e-158
6.83772 4.94555 4.80222e-111 6.21074 8.59789
3.9299 1.67809 0.763118 10.0576 7.91187
8.65089 1.98767e-17 4.68579 9.31894 6.20489
2.2752 4.50727 10.0201 6.34161 4.81942
4.91942 6.48346 7.6982 7.95235 3.35296
10.7302 12.0005 6.46371 6.1783e-99 7.44219e-224
10.4205 3.48454 1.44988 2.69344 7.70563
0.948222 0.0742003 7.09222e-175 1.46119 16.4747
2.7258 16.4403 3.78755e-188 5.6738 7.80691e-137
13.7715 2.24846e-14 0.516855 5.8654 2.63613e-90
2.2399 13.8339 4.16842e-181 0.985897 4.12228
1.43368 9.85576 1.47896 0.460646 10.923
14.1616 1.77766 2.12959 6.02525 3.67238e-116
3.9521 0.276196 14.3074 0.00231515 3.15343
3.52188 0.788487 0.392459 9.88465 10.7984
11.1596 4.63059 6.62995 6.09297 1.61997
4.67001 1.42822e-15 8.88105e-127 13.1933 8.49558
3.57394 2.29777 11.7228 6.64741 4.31116
6.4879 7.0416 6.12011 10.0193 1.71169e-16
4.8166 1.18685e-115 5.23527e-119 16.3417 2.78378
1.88715 16.817 1.29689 2.38902e-142 1.78672e-196
6.69043 2.2103 3.07334 12.0535 0.00665574
2.16699 0.517176 3.69869 9.96936 9.26079
0.651185 2.89537 5.88965 5.23941 11.7089
2.63899 9.3654 3.84324e-188 14.0375 0.040934
1.60164 2.92875 13.8353 0.137963 4.62948
1.25566 8.87777 0.00103708 6.46801 9.95478
1.01897 4.55195 9.52195 8.42355 4.5483
3.45472 12.4072 4.46722 1.50363 0.818772
9.07891 5.80651 5.83736 1.50184 6.00254
2.81651 5.57963 12.162 0.655592 5.3103
2.38285 1.83287 9.84646 8.71833 7.02756
1.93367 13.2929 1.97644 0.621172 4.30007
3.30806 11.084 6.32796 5.77562 0.581072
4.22347 5.49863 4.27311 12.2537 7.22163e-16
7.12872 0.0388668 3.81107 13.4374 0.182725
3.8648 2.53417e-160 1.34052 3.46285 12.4809
3.42787 4.46281 5.59502 11.9392 1.092
1.2013 4.37237 5.01186 8.84967 9.99939
7.95878 12.4331 3.34059 3.71089e-107 0.315729
8.99984 2.71556e-126 9.67974 7.24035 5.44753
2.22054 0.0127243 14.8171 0.604668 2.9117
11.976 6.13044 3.2893 1.07484e-137 0.0952305
3.40169 13.021 1.77294 0.509306 2.24727
11.7058 1.93136 1.60629 8.09108 5.00239e-218
4.19306 0.443179 5.00049 12.2149 5.12494
2.35853 4.60154 12.232 4.36638 1.31819
10.99 4.56019 6.52916 7.24276 1.88172
13.4738 4.68724 1.44762 2.23332e-123 1.02282
0.000310911 2.53109 14.6514 0.0315332 0.190193
1.25918 0.000387334 7.56068 6.75802 11.6159
2.47996 9.21432 2.33581 13.7973 3.99648e-173
16.7662 1.03062e-236 4.72202e-169 4.75429e-112 1.95563
4.84611 5.10762 3.54983 3.59583 11.424
1.99461 9.11126 10.2516 3.18927e-144 4.41475
0.742056 3.05685 5.74347e-130 5.66333e-124 16.5804
3.69689 5.99971 8.5313 8.22242 4.46311
4.01124 11.5466 6.8332 4.38599 0.380484
2.1833 15.2389 5.56112 6.98747e-196 4.78323e-25
1.9584 0.118686 0.263476 4.3953 14.0205
2.39501 0.34197 2.88637 15.7018 1.11221e-201
12.8797 2.37545 0.242086 6.98331 2.23459e-117
7.4358 4.78066 4.18259 5.21361 9.67434
5.59164 3.89058 11.8665 1.24009e-51 7.1276
8.08078 0.620701 3.44743e-129 4.02693 12.7704
0.0110265 0.00827752 0.168816 17.5249 4.92181e-96
1.35041 13.3298 1.06971 0.337144 6.08934
8.09999 2.09624e-83 5.87918e-152 2.4033 12.8479
6.92875 12.1892 0.254226 2.07384e-89 6.81687
8.66552 3.10053e-107 2.095 12.4489 1.43533
10.2469 1.75498 2.16592 7.75803 2.74339
0.0238402 0.0210777 1.43016 15.0862 4.96991e-145
0.0806143 0.684324 2.72166e-189 1.58814 16.3585
4.59114 5.40436e-106 4.64832e-126 15.5768 2.65347
6.14355 2.17806e-21 3.34889 11.4457 6.53804
0.467364 0.031966 0.0105196 7.06254e-39 16.1323
10.4011 12.6177 5.69552e-180 7.64893e-122 3.95439e-283
7.73859 2.75127 8.55345 10.4553 0.49682
6.51171 2.3299e-107 5.15591 11.598 1.33721
0.557691 1.78617 0.00030816 3.42774e-125 16.965
6.67503 7.16675 10.1365 1.03383 2.07574
5.69678 9.95047 4.01855 3.38122e-91 8.305
11.6191 3.28009e-118 4.74035 11.8863 1.38429
9.3648 2.30218 11.3836 6.22922 3.7967e-116
4.08987 7.17196 7.63059 6.69283 4.48164
6.71085 7.28358 3.55684 7.71644 6.94198
3.69406 7.31661 9.76188 4.19098 0.868199
0.00167273 13.6175 1.91948 0.650042 2.19523
6.88203 2.51065 8.43685 2.64873 7.75805
8.60215 9.40965e-17 2.66713 14.6512 0.0063794
0.622681 2.79045 0.565263 15.4596 6.55916e-95
12.0368 0.38231 3.03455 9.70054 2.53133e-139
3.40847 4.19686e-93 3.67165e-127 11.5642 10.6283
3.68531 12.7775 0.640579 2.47635 5.04907
2.76626 0.892516 5.06347 3.46834 12.6834
4.18674 2.31012e-06 0.209621 13.7247 4.21086
0.448716 2.86662 15.4786 3.89518e-184 4.38982e-188
7.80774 0.009867 1.0975 13.1065 0.176402
0.466631 2.07479 4.22045 7.42579 12.2359
9.15034 2.81559 9.05572 6.88366 8.25826e-120
7.06514 7.66811 3.67027 9.50377 0.43945
6.45507 6.67497 10.1878 0.472623 2.39784
8.16327 2.65906 2.78628 3.88004e-136 12.1875
13.4994 4.68283 1.28971 5.08814 0.0080012
2.42333 4.09968 0.018935 5.08761 13.149
8.21399 0.00324521 3.37984 3.63738 9.59664
6.08996 2.01391 2.01219 2.88976e-136 13.7228
13.0526 1.01375e-194 7.0239 0.005813 5.56197
8.5172 1.37137 5.72774 1.93555e-152 9.03319
2.9684 5.20537 5.66804 8.76727 6.1317
5.62771 12.9825 7.6028 2.11057 1.12323e-214
4.79198 2.1325e-112 1.89276e-188 16.2582 0.0858938
11.0477 7.23538 0.312612 3.07618 3.38629
3.47784 12.0628 0.587064 4.42668 4.96958
0.92096 12.7277 5.24958e-112 6.25633 1.78272
1.96131 8.95915 10.0804 5.45905e-127 4.34105
1.66932 14.8757 1.14719 0.0902234 2.53658e-246
7.8451 2.80699e-107 2.98932 11.723 1.35163
1.9242 7.00069 6.93123e-103 9.50653 10.7416
1.12851 0.00158991 11.9579 1.832e-29 7.2121
0.95548 1.74719 8.25366 4.73945e-135 14.5498
7.95836 4.16345 5.87892 2.43025e-143 9.36414
10.6146 8.98597 1.91913 0.00311033 3.62994
0.488453 0.0334084 3.93966e-78 7.37936e-39 16.856
2.80709 4.9383 13.3073 2.13977e-89 7.0336
5.65477 7.56518 7.72148 1.09275e-05 7.72653
1.03067 15.4026 8.05733e-79 1.79315 1.1777e-201
8.17393 0.259821 1.12876 10.9242 3.13851
9.57068 9.32224 2.34339 5.36277 2.80922e-108
5.27787 9.25522 5.79212 6.511 4.27303e-107
10.8428 3.87958e-107 3.91708 10.7968 1.48061
13.0153 1.40499e-106 2.63017 7.49543 2.52463
5.71871 0.0045293 11.4354 7.61158 1.2401
4.65823 1.14783e-115 0.0358802 15.8049 0.278366
0.861934 0.546277 0.0319272 3.84234 14.683
10.1469 2.29745 13.4241 1.17376e-60 8.39285e-150
14.3948 8.47285e-08 1.62814e-170 6.11204e-120 5.73981
3.39377 2.18194 11.1318 3.8744 6.20992
13.3494 1.88121 7.79422e-149 9.72517 9.25102e-80
5.88436 5.22186 1.08586 10.509 5.49078
5.1899 8.72586 9.60329 3.37022e-129 0.000232587
2.43586 4.2715 2.6732 3.22134 11.8767
6.88304 11.8341 1.08477 2.37131e-88 3.27756
5.45124 4.74968 2.23142 1.37653e-118 11.0835
12.6703 1.48505 0.596553 4.49823 1.74779
2.30857 2.43315 7.97034 0.424582 11.589
10.2218 6.57182 5.8952 5.95965e-262 2.46701
4.6291 6.10914 4.72389 13.5463 4.83653e-17
5.70001 11.4008 0.366856 5.00496e-05 8.50228
13.8199 0 0.0185697 1.11644e-115 0.356385
9.92455 7.33659e-16 4.07379 10.1617 1.18344
7.46238 5.00106 8.49714 5.30261 1.11662
1.44412 2.5133 1.58016e-105 4.53822e-96 17.3578
0.47789 2.2425 4.18559 3.79144 12.9811
8.4503 2.88745e-95 9.3576 5.05649 3.15099
5.12845 2.0131 10.939 7.28176 1.18754
8.21007 8.65312 6.01398 5.89307 2.95928e-17
0.0667587 0.874292 0.474879 13.9329 1.53464
0.400078 1.23143 15.3504 7.53989e-256 2.55812e-06
4.35367 8.70794 4.90854 4.37866e-05 11.5447
