18 0.0724758
0.00929471 0.0112188 2.45495
0.808156 2.12298 0.0384929
1.01848 1.46564 0.888276
0.162978 0.236707 2.17561
2.59099 1.28946 0.105106
2.52828 1.00971 0.531804
3.08737 0.858155 0.0322475
0.4048 0.640402 1.89833
1.07118 1.9979 0.0209685
1.40013 1.89696 0.125664
0.580702 1.33134 1.44844
1.22827 1.12807 1.50891
2.2107 0.723814 1.49447
2.40033 0.781939 1.16605
0.0996993 0.122627 2.34558
2.81714 0.767458 0.871254
0.0034311 0.00523709 2.86942
0.761729 1.39045 1.30649
2.46163 1.68581 0.130556
0.903992 0.796534 1.84992
0.881962 1.77027 0.773228
0.359857 0.504844 2.14988
0.610336 1.6366 1.34118
0.0448822 0.105891 2.40994
0.140417 0.224066 2.25499
0.488013 0.679009 1.88331
0.793446 1.94232 0.655227
0.00168979 0.00173902 3.73285
1.7141 1.36811 1.24321
2.35496 1.54831 0.695339
1.48039 2.44507 0.00493979
0.766728 1.76031 0.950797
3.12621 0.797564 0.543222
1.39079 1.85982 0.636499
0.727178 1.08785 1.81121
0.874144 1.27968 1.57638
1.38119 2.74694 9.81047e-05
0.700387 1.99911 1.06447
2.04236 1.75716 0.685892
2.41735 0.611889 2.04152
0.75365 2.278 0.709457
0.388469 0.885711 2.07169
0.00353649 0.00322794 3.31726
0.696788 1.76339 1.14719
1.06452 1.92678 0.585164
3.15745 1.95073 0.00386673
0.743828 1.6467 1.17263
0.734707 2.29775 0.857283
0.764315 1.16449 1.78751
1.39443 1.32461 1.43252
2.82371 0.745676 1.37713
0.859974 1.65722 1.12686
2.40743 0.762521 1.40961
0.742597 2.48849 0.777105
2.57895 2.37796 0.00711802
0.683134 1.66048 1.29144
1.14082 1.76083 0.837956
0.676607 1.86059 1.30028
2.0689 1.70536 0.867899
0.750735 2.16372 0.950243
3.36175 2.69922 9.69837e-05
0.000494734 0.000744715 4.35408
0.000494734 0.000744715 4.35408
0.928614 1.72827 4.47243
3.6633 1.18167 2.24891
0.648152 0.121583 5.00989
3.63299 2.21641 1.41524
3.10806 1.52085 3.15652
3.6923 2.89092 1.39175
0.892249 4.04495 2.30888
2.53508 4.07474 2.01411
2.12573 3.0822 3.14177
3.34955 2.2412 0.320975
2.68297 2.73188 2.8534
4.18301 1.80671 0.593043
0.326838 0.128766 4.94702
4.71424 2.09173 1.00755
0.355172 1.37769 4.31908
2.07386 1.3527 3.40902
1.23491 1.14999 4.40045
1.82245 1.4227 3.70242
1.31065 1.64747 4.19784
1.18518 0.661698 4.11813
1.88804 3.35094 4.22672
0.763515 3.71183 2.66351
0.174524 0.556377 4.88257
0.643503 0.378195 3.75591
0.64805 2.40467 4.12677
2.90718 3.7029 1.46527
1.0953 3.95581 1.63449
0.755284 0.306873 4.121
0.685292 1.23115 5.38772
0.733148 0.919183 5.58825
3.21823 1.66018 2.60273
4.28272 2.05197 1.21709
2.65307 1.25998 2.77245
2.49312 1.02532 4.56241
2.73871 3.67009 0.413618
4.12647 0.930948 1.24953
1.37176 0.780873 5.45629
0.303001 1.86762 4.59415
3.53154 1.27772 1.27812
1.26615 0.404349 4.43733
2.88514 2.63329 0.377545
1.66301 4.16183 0.410888
2.62874 2.2947 3.63803
2.4743 1.62122 2.92539
1.65589 1.25867 4.57963
2.93907 1.38622 1.84585
1.16447 2.15375 4.36617
0.378919 0.234541 4.06505
2.92013 1.4357 3.00375
4.00917 1.35666 2.52174
2.43137 0.642966 3.499
1.16888 1.2415 4.81772
2.35938 0.792558 4.20746
2.65913 0.961914 2.21827
1.07769 2.74704 3.83627
0.606831 1.53338 4.04929
2.84714 3.8093 0.609289
1.95479 1.08615 3.79431
1.81032 0.636634 4.37068
3.21773 2.74905 3.33051
2.8483 1.95918 4.37061
3.00378 2.4396 2.90278
0.206627 0.18449 5.32412
0.488642 0.739846 4.66119
2.41295 2.29303 2.72097
1.45479 2.43436 2.72387
0.873766 3.58815 0.402764
2.56993 4.63732 0.80929
2.75236 3.24693 1.32907
2.19414 2.20965 4.18443
0.369938 0.666405 4.20653
0.930254 3.46332 2.13385
3.79588 1.46765 3.7255
1.80794 1.36401 4.48834
3.82522 1.89973 1.76369
0.310654 1.73057 5.3445
2.04012 0.953066 4.12668
0.516439 0.264888 5.05883
2.74043 3.45875 1.49242
0.972205 0.905113 4.75575
3.34752 2.6233 3.50083
2.41986 2.92058 3.78251
0.988075 3.67544 0.069437
2.39602 0.94046 4.13238
0.456314 1.50728 4.98499
2.84646 2.92296 2.47614
3.26404 3.46852 1.60733
2.98127 1.85684 3.55111
2.0087 3.87244 0.462046
3.37613 3.29804 0.94961
2.03983 4.86961 1.1031
1.98599 1.48985 4.06843
2.83687 2.50998 4.07346
2.96531 1.09063 1.75945
0.0282811 0.0382573 4.73039
0.180041 0.729298 4.60117
3.09525 1.6117 1.12502
1.59681 1.17287 4.75726
0.319276 0.116747 4.50592
0.359896 0.330838 5.92059
2.17622 0.844891 3.7755
1.23957 0.80803 4.66672
0.434609 0.538385 5.15757
2.07701 3.63662 1.31325
0.379485 0.615242 4.61546
0.36257 0.273996 3.78689
1.37414 3.58451 2.69397
1.06501 1.958 4.36984
4.24548 1.61275 0.646111
2.92438 1.29492 3.57866
2.57023 1.10532 2.34895
3.11257 1.02418 4.22342
0.228702 0.0550978 5.20067
3.47065 0.993551 2.99736
2.44055 1.88916 4.3823
4.5682 2.01692 0.0558205
3.61504 2.13487 1.60788
0.723379 3.8746 3.93725
3.95125 0.976832 2.80695
3.70264 2.28865 3.87463
4.37779 2.00358 0.25816
2.93406 1.70417 4.05277
1.90708 4.11592 1.42164
3.55504 2.82086 2.13755
2.10326 2.40089 3.72859
4.09908 1.46366 0.0775981
1.03659 0.88941 4.37578
2.2144 1.5617 4.07364
2.54105 3.82104 2.76075
1.57903 0.944913 4.27585
3.28251 2.82978 1.08562
3.58518 3.09152 0.516615
0.506588 0.433515 5.34917
2.1467 3.36913 3.16459
2.46931 2.29452 3.76121
0.268962 0.694187 5.16915
1.0721 0.519109 4.90845
3.06985 1.91679 4.21887
0.506698 0.228428 4.77456
2.19353 2.94761 2.31084
1.09774 0.964126 4.44073
3.15015 3.10222 2.1969
2.0294 2.07625 4.12771
1.87728 3.92037 3.31447
0.152664 0.750258 4.80509
1.19599 4.3198 1.75462
2.92641 2.1872 2.8829
3.12879 2.14 2.33599
3.25517 3.39817 1.58975
3.95591 1.13865 1.35723
4.529 1.08041 0.353416
3.26132 3.05773 2.10814
1.71318 0.893406 4.27642
1.78524 0.845769 4.22087
3.89878 1.53999 3.31247
1.79126 3.13766 1.88652
2.81646 1.90486 4.73884
2.39884 3.29754 0.939175
0.856061 1.34843 4.53608
1.9106 1.31189 3.97823
0.917963 2.08763 3.73942
1.95822 2.01391 3.79217
3.70717 1.47946 3.20805
0.570341 3.65662 3.53787
1.74063 1.14509 3.84478
0.471028 2.21383 4.00603
2.2845 2.2299 3.453
1.90425 4.17487 1.56793
1.73121 1.12388 4.64711
2.93292 3.2938 1.44296
1.37066 3.8123 1.3198
3.04796 2.63084 1.20936
4.40402 3.06387 1.38955
4.12688 2.04093 1.04809
0.754105 1.76765 4.4572
1.69761 3.72427 2.36691
2.0574 0.528948 4.8618
2.55126 1.43454 3.89092
1.28193 1.60265 3.23606
3.04543 0.998479 3.71368
3.03565 2.70715 3.03542
0.58182 2.26782 3.2604
2.32165 1.41619 3.47366
0.333091 0.604041 5.57043
2.81927 0.559815 3.5686
3.8612 1.10944 1.36455
1.70935 2.73521 2.38394
1.29849 2.63676 4.92953
3.6853 0.825455 3.51795
0.845532 0.875122 4.91391
1.08023 4.58158 1.51524
2.56731 2.93979 2.88566
2.67304 0.463112 3.92663
0.473981 0.867903 4.58947
1.1804 0.289587 4.53622
0.887986 1.26542 4.66206
1.57843 2.00096 3.2471
2.10774 3.68336 1.25718
0.103281 0.0355926 3.75849
0.990747 1.41339 5.07507
0.89197 0.932558 4.10966
1.06991 4.63087 0.556614
2.56799 3.83553 1.23689
0.365779 1.20916 4.20814
1.07838 2.8887 3.81506
2.42773 2.97878 2.13783
2.30803 2.45991 2.93935
2.44913 4.02832 0.0511638
2.25581 2.96513 1.53296
3.75071 0.770936 3.35824
3.69494 1.14125 2.92885
0.153993 0.296325 4.58879
0.245209 0.937845 5.62782
1.09057 4.02732 2.58049
5.05741 1.5615 0.215639
1.49863 0.766768 4.67846
1.61033 2.41704 2.51295
1.71714 3.65753 2.52816
3.94822 2.5908 2.82598
1.66686 3.57831 2.72024
1.07375 2.51363 4.93384
2.06093 3.99802 2.37346
1.26943 1.98639 3.41853
1.2174 4.8679 0.728218
0.131238 0.295585 4.41045
0.228743 0.0783586 4.05803
0.0701806 0.240213 4.57168
1.40534 2.80786 3.56558
0.166869 0.17793 4.04151
2.48299 1.07563 4.37068
0.726459 2.09121 3.68015
0.27468 1.12708 3.82352
0.0669805 0.218624 5.04502
1.13549 2.39128 4.03303
0.463949 0.498964 4.27854
3.52812 2.3967 2.38049
4.58493 0.945918 1.67527
