113 1.14939
1.77469 1559.46 6.25968e-09
812.767 8.81719 1025.59
1510.76 0.0187905 3.10901
0.113029 1114.05 344.906
812.767 8.81719 1025.59
0.000267646 1333.69 1014.59
790.654 768.947 56.79
652.074 0.288091 1189.94
74.1307 1495.37 4.64276e-08
1258.79 0.0156565 971.914
0.00136463 551.311 1188.59
1571.85 31.023 3.83288e-09
0.00725612 1695.32 3.34748e-05
0.113029 1114.05 344.906
1814.83 0.0318201 1.90711e-05
1295.12 39.3286 29.7375
7.88743e-05 54.3353 1499.44
861.714 0.440111 1100.81
0.0019538 1825.5 2.66192e-09
796.567 1130.97 0.000346573
0.00676096 3.84742e-08 1518.56
74.1307 1495.37 4.64276e-08
2.46812e-05 1836.18 6.28946e-06
1552.76 7.71281 0.0267735
1090.19 70.9753 552.174
1341.9 40.7491 0.0160769
848.43 9.22417 804.65
790.654 768.947 56.79
0.000244994 168.773 1373.57
1510.76 0.0187905 3.10901
1583.04 0.0196895 0.403938
1090.19 70.9753 552.174
1662.21 6.67607 4.78892e-10
0.113029 1114.05 344.906
1308.87 0.0856524 0.0284899
0.00373587 1476.54 0.0113063
71.1688 1448.2 5.52197e-07
0.00136463 551.311 1188.59
1569.9 884.159 7.80259e-11
1552.26 28.1151 0.000388959
1163.05 0.0122254 1362.43
1090.19 70.9753 552.174
391.13 284.789 1193.61
1156.66 11.622 556.943
1.12948e-06 0.000245362 1614.25
0.00394028 1557.33 0.00839723
5.30611e-09 0.00911053 1913.75
7.99295e-06 1434.13 1115.45
2023.4 1.92021 8.76244e-11
0.00269618 1774.3 7.68369e-11
930.747 1007.82 5.88852e-05
0.00882464 2447.9 6.24958e-11
7.88743e-05 54.3353 1499.44
1636.26 7.49191 4.71418e-10
1.51143e-06 2017.32 36.3247
3.37632e-08 0.000263295 1732.21
2.73455 1344.52 4.60539e-06
1197.21 1040.88 4.49163e-10
915.76 0.00521127 1488.88
1.94765e-05 641.366 1275.74
511.637 15.5367 1051.74
2.91894e-11 0.000288284 2226.57
1704.88 1371.23 1.98252e-11
0.00269618 1774.3 7.68369e-11
848.43 9.22417 804.65
35.1014 1175.17 4.02711e-06
0.113029 1114.05 344.906
2.61211e-10 0.000448496 1968.58
1.52953e-05 1586.23 0.416292
900.663 0.337042 1141.71
1.99964e-05 709.521 1257.17
0.00882464 2447.9 6.24958e-11
0.324359 1612.75 4.9048e-08
8.15199e-06 2025.84 0.00620901
652.074 0.288091 1189.94
1308.87 0.0856524 0.0284899
1.08441e-05 2107.94 8.66891e-09
1985.92 0.00122722 1.18432e-05
1800.72 0.000406521 1.4183
2.05842e-05 677.845 1159.53
899.844 0.350794 852.537
1466.55 0.01893 13.6344
4.33011e-06 865.437 1480.43
1216.07 6.47269 59.6326
1.8957e-05 0.000105082 1827.73
1624.23 0.168056 8.84974e-10
1903.79 357.511 4.94542e-11
1959.91 0.0123782 5.17515e-10
0.0002027 1.87482e-07 1760.59
860.463 1.16117 820.208
1.19067e-06 2658.47 3.81511
1138.84 0.0250295 689.753
860.463 1.16117 820.208
1.39267e-10 0.00023912 2248.23
1844.48 8.4453 5.00814e-11
0.142268 1402.24 0.198025
773.969 48.5922 734.723
20.6425 0.533882 1406.96
0.0389786 2035.55 5.19684e-11
994.665 715.268 7.10896e-08
61.8045 2774.03 5.05432e-11
2262.75 0.000891717 2.18063e-08
839.077 0.313996 1160.94
1099.53 1454.3 7.89534e-11
2065.36 57.8032 3.47428e-11
570.294 6.6085 1161.88
2.28121 607.436 1031.1
1000.29 0.0124413 1353.07
1197.21 1040.88 4.49163e-10
74.6206 1270.81 2.31674e-09
1.49893e-06 2978.8 0.0313363
1.93409e-06 1409.56 1456.21
105.633 2593.01 2.35157e-11
1597.04 0.000370301 1075.39
1361.86 966.461 7.23179e-11
2.68533e-06 1640.01 283.76
7.48071e-07 0.000162507 2316.37
951.253 27.874 790.807
2829.16 30.9781 2.56376e-11
1001.17 1431.41 1.81501e-10
37.0286 0.0144352 1194.22
2927.52 0.00136362 1.47296e-10
7.55035e-07 0.000114603 1961.7
4.45088e-05 1465.69 0.68901
900.663 0.337042 1141.71
1705.7 0.0179295 4.02534e-05
696.408 8.65603 1160.45
909.542 1041.12 6.02246e-07
7.37312e-06 1650.26 127.748
2.90302e-05 2392.64 1.03889e-10
1.51143e-06 2017.32 36.3247
0.000248118 553.362 1229.69
1377.9 34.1297 2.16979e-10
3.99336e-08 0.000143818 2556.1
6.85732e-06 2447.58 1.93939e-07
899.844 0.350794 852.537
2.08983e-06 1759.69 1.44951
1099.53 1454.3 7.89534e-11
2.05842e-05 677.845 1159.53
0.000229465 5.42752e-08 1510.22
1.57623e-05 3063.97 1.20313e-10
1.19651e-06 2671.52 3.53201
1889.8 0.0331346 3.3285e-06
3.23272 0.0351462 1432.3
0.00269618 1774.3 7.68369e-11
1.72567e-11 0.00110819 2319.95
1350.86 45.3412 4.6297e-06
1789.68 0.0116129 0.00519062
1571.85 31.023 3.83288e-09
1569.9 884.159 7.80259e-11
0.000282295 2.155e-09 2367.98
1.92749e-06 1421.7 1468.74
986.001 884.77 4.58359e-06
1731.52 1392.65 1.96638e-11
1.4043e-06 1874.33 38.4911
1470.59 0.000419745 3.17507
0.124653 998.573 684.644
0.000266817 4.03094e-09 2238.15
0.0480969 1726.87 5.40502e-08
6.95052e-06 2480.85 1.90811e-07
2307.32 46.6432 4.20377e-11
2055.28 0.000476553 4.68027e-08
860.463 1.16117 820.208
215.55 2505.98 2.27914e-11
2412.1 2.28909 3.71525e-11
0.000243938 1714.32 5.48346e-07
973.502 0.323994 922.322
3879.27 1.48242 3.51514e-11
2442.55 1.49901 1.10689e-10
0.000164395 7.56849e-06 2924.92
491.647 544.767 695.238
2643.8 1.62252 4.44558e-11
1.53112e-06 3042.78 0.0312546
127.204 1832.79 2.94881e-11
42.9059 778.096 973.611
0.00140109 2087.67 9.04079e-11
1.67037e-06 3319.5 0.0369075
0.000267707 4.04437e-09 2245.61
1.87555e-11 0.00120445 2521.46
1713.22 1377.93 1.99222e-11
4.57692e-08 0.000164834 2929.62
3567 33.627 3.23233e-11
3085.09 0.00143701 1.75486e-09
3427.4 0.00159646 1.68839e-10
1133.55 73.798 574.135
1288.42 91.9592 399.903
419.056 305.123 1278.83
3.14345e-05 2590.81 1.12494e-10
0.00136819 552.75 1191.69
0.0457848 2390.98 6.10427e-11
2.71371e-06 1657.35 286.759
304.86 1431.3 74.6514
778.142 48.8542 738.685
2693.38 2.55602 4.14849e-11
14.3273 3006.46 5.4765e-11
111.566 3122.42 2.83114e-11
1923.54 361.221 4.99672e-11
2878.08 1.7663 4.83953e-11
1.50518e-10 0.000258438 2429.86
1927.67 301.803 8.44958e-11
7.49108e-06 2673.79 2.23803e-07
526.435 15.9861 1072.58
2.28686 608.942 1033.65
2867.49 34.6434 2.59852e-11
0.000247539 170.526 1387.85
176.124 1250.96 222.232
0.000210543 709.637 1436.53
661.315 0.292174 1206.8
1278.9 12.8502 615.802
2.13186e-05 0.000121905 2118.31
628.751 939.351 774.998
2161.96 350.481 3.68283e-11
1.13566e-06 0.000246706 1623.09
0.117779 1160.87 359.399
629.294 678.411 876.692
1040.52 0.412612 891.876
1381.09 1.86021 698.034
867.948 844.119 57.5761
1768.61 251 4.71682e-10
1.16585e-05 2266.25 9.31996e-09
0.000266759 1.39521e-07 2316.98
1174.07 1502.33 8.25696e-11
8.48149e-07 0.000128736 2203.63
2632.5 1.61558 1.17721e-10
579.293 13.966 1252.7
3.4065e-08 0.000265649 1747.7
2.51447e-05 0.000236115 1993.63
2264.93 0.000525165 6.4874e-05
817.21 1160.28 21.4465
21.5317 0.0162249 1519.36
987.037 0.00561688 1604.76
2366.46 0.244852 1.28938e-09
2071.43 0.0130826 3.96889e-09
5.58803e-06 1763.13 156.658
1372.74 1193.48 3.52424e-09
904.868 0.338616 1147.04
1250.93 0.825678 857.663
1088.7 782.891 7.78106e-08
94.3999 1008.54 972.425
79.8655 2108.49 9.13746e-11
9.44896e-06 2348.14 0.00719686
120.415 0.0477016 1294.57
64.7147 2904.66 5.29231e-11
1.41501e-06 2812.03 118.777
1.39966e-06 2781.52 211.542
1496.09 0.0328812 85.4126
0.000219853 2.03347e-07 1909.58
1033.15 0.402763 978.836
67.4592 0.029804 1384.33
1.57021e-06 3120.45 0.150871
2539.79 2.34713 4.62639e-11
1429.71 1060.04 5.12773e-10
1.76065e-06 1874.46 231.76
202.486 1976.65 3.34116e-11
881.468 1.18951 835.128
1395.4 1003.44 5.03448e-08
51.4746 1083.71 974.208
0.000216684 2.89831e-07 1817.62
0.000181153 0.000124336 1889.05
2459.7 0.000570325 3.6567e-06
8.02978e-07 0.000174435 2486.38
1850.49 36.5224 4.51234e-09
2.20074e-05 724.711 1239.7
4.49798e-06 898.989 1537.83
1729.26 893.245 5.60746e-10
2312.14 10.5865 6.27791e-11
1.28199e-06 2862.37 773.624
909.689 1319.1 3.90651e-09
952.915 1031.83 6.02877e-05
5.71116e-09 0.009806 2059.84
3.01022e-06 2193.85 1.47985
2.0815e-06 1516.99 1567.19
1335.92 136.864 15.7225
1614.62 0.000374379 1087.23
1.39966e-06 2781.52 211.542
216.051 1431.89 6.37931e-07
18.1743 2037.6 8.37997e-09
1101.77 1520.59 1.95113e-10
0.00145853 2173.26 9.41144e-11
899.211 1276.7 0.000391231
130.939 1837.23 7.97639e-11
872.649 801.758 61.0192
3.00974e-11 0.000297252 2295.83
1587.76 39.3279 7.16014
816.545 1470.77 4.10124e-09
1525.55 124.663 2.78559e-09
0.00799574 4.5501e-08 1795.9
1304.6 23.4443 126.707
0.0002429 1.50978e-07 2034.93
0.00373318 1475.48 783.844
0.000905619 578.438 1285.41
0.0022025 2057.87 3.00075e-09
1550.98 16.8623 41.7937
8.80213e-06 1579.31 1228.38
1920.48 0.198708 1.6798e-07
0.000278005 1385.31 1053.85
939.098 1077.17 6.29541e-07
1669.38 1313.66 9.19929e-11
211.059 1398.81 83.6793
2510.42 5.51584 4.22132e-11
