14 0.266923
9.62255 9.62255 7.46615
4.99817 2.22941 11.0859
0.717905 16.3026 7.2262
10.9184 14.7513 0
0.796978 13.7235 0
8.47431 8.84229 2.65413
19.0724 6.50006 7.76755
5.48854 5.48854 7.76197
0.784947 13.3495 0
12.7081 12.7081 0
0.500239 9.80407 11.8735
7.28134 7.28134 10.2974
5.77524 8.12405 9.20571
11.2218 11.2218 0
13.2161 0.699872 6.72448
17.3424 0.741434 6.04872
19.6991 0.78519 0
16.7268 3.16487 0
13.4315 13.4315 0
8.77167 0.429288 13.4471
4.53447 7.20955 0.624029
11.9684 4.44177 12.7661
10.7335 12.819 9.37154
8.19045 8.19045 11.5831
6.6802 2.87581 11.0112
0.785128 17.255 0
9.77082 5.74248 11.6684
7.08715 7.08715 10.0227
9.57149 9.57149 2.327
0.641951 10.4845 7.39017
13.9639 2.2244 1.34843
6.40014 9.70029 11.6214
9.05159 6.74851 7.34335
1.92381 3.4171 15.9796
0.785167 18.6524 0
9.70915 10.1856 0
0.555122 10.9244 10.9385
6.93619 5.31162 5.54394
3.78689 4.03228 3.00064
6.47686 6.06433 8.87276
0.836457 10.7729 3.62373
10.0368 10.0368 0
10.1411 10.1411 0
14.7264 12.9341 0
5.64499 7.34248 5.52445
1.37656 13.2168 13.2883
0.76783 17.5319 3.74801
13.1699 13.1699 0
0.661249 10.8395 9.4259
5.10189 11.0117 1.24877
8.67765 13.6174 7.16948
4.68252 4.68252 11.8252
9.5275 9.5275 0.452681
7.40854 2.84617 2.21509
8.81691 11.8122 11.9732
14.7163 7.95124 0
9.03913 3.13596 9.56766
5.67154 6.27057 3.31153
9.67572 9.67572 2.13959
0.78358 19.7929 1.27168
18.4732 0.767752 3.96095
11.938 8.60676 7.31172
10.6152 0.717812 4.70257
7.20204 13.4729 2.65682
5.71038 10.5599 6.89588
0.554823 7.26539 7.28655
3.11707 7.31123 7.94797
6.9718 6.07439 7.5484
5.4451 1.6052 5.67678
1.02007e-15 3.2777e-16 17.4978
9.38139 7.11525 15.4752
7.60353e-16 7.60353e-16 17.561
5.10603 12.1773 13.8781
8.44147 3.13368 9.00435
21.0897 0.785217 0
5.49233 8.78649 10.447
11.0094 3.12729 12.8009
0.114605 2.42946 16.4832
8.45928 9.31751 0
10.9162 10.9162 2.83679
19.2529 0.762742 4.70922
0.555144 11.465 11.4784
6.3186 6.3186 9.8829
8.75033 12.2048 4.32972
0.663745 11.7402 7.42464
1.7793 11.7151 11.8495
20.8452 0.775639 3.28819
7.32225 5.3896 9.09193
5.62441 0.488906 12.6675
5.98124 5.98124 4.02116
13.7745 0.711715 6.42064
0.555235 15.0739 15.0841
1.39106 5.01149 12.8703
7.4911 1.95594 7.74224
12.6666 12.6666 0
11.9041 3.24815 8.2968
12.8816 10.6264 16.699
6.29216 6.29216 14.7797
9.31574 1.08113 15.8934
17.4865 0.785135 0
15.929 13.0578 0
8.17225 0.362522 15.715
5.86291 7.59529 4.55235
0.358441 2.94498 11.2124
19.4208 0.784665 0.707837
4.59595 4.59595 13.5571
10.5533 10.5533 0
3.35921 15.5451 0.440023
3.32845 17.4341 3.88401
8.67494 16.958 7.61685
13.3409 0.771606 2.49707
0.785063 15.4961 0
2.88166 8.4941 9.26703
3.69524 12.8794 0
0.733859 1.97242 13.4844
6.50272 11.4052 3.68745
0.547202 11.2023 11.5388
2.68503 13.5114 7.05339
5.00733 8.3038 8.06299
8.25056 5.93255 10.162
0.967179 12.6243 13.2914
14.6351 6.72885 0
3.3599 3.3599 12.801
11.6144 15.936 0
2.95747e-16 9.6258e-16 16.4454
0.750459 11.7717 3.61267
0.776365 0.0713755 8.5314
7.40472 14.4551 0
12.2435 9.20895 0
7.21411 9.91007 9.45455
9.15819 3.27657 9.72669
13.4484 12.5391 0
2.13759 14.1578 0
6.81199 5.99677 9.07549
14.8452 14.8452 2.57709
10.3119 10.3119 0
0.75592 13.1611 3.68951
0.731695 14.6632 5.70927
1.37532 8.6802 3.26763
16.678 16.678 0
10.9887 10.3676 0
5.82634 5.82634 8.23969
4.82095 11.6273 12.5872
12.2314 0.596903 10.4624
5.40015 4.71799 17.7095
3.60208 9.62707 10.2789
14.735 0.781246 1.45415
2.14316 6.60064 3.9522
8.80432 8.80432 14.597
6.08786 6.08786 7.52708
2.84389 9.61253 12.016
4.05801 11.162 0
14.406 0.780867 1.48891
4.50915 1.59433 4.78271
13.7029 0.555209 13.7141
15.7483 0.724782 6.56538
0.812571 0.320691 18.0176
10.1335 10.1335 0.762419
12.1303 0.555167 12.143
7.41246e-16 6.44186e-16 16.0381
8.86086 12.4052 0
4.75193 6.57112 7.7061
13.7734 7.66988 0
1.17309 9.49177 3.18906
1.80452 10.09 10.2501
1.1687 8.42466 12.9776
10.7302 4.31821 3.6693
5.16844 5.16844 9.68862
10.8961 5.84316 3.97653
20.0875 3.59252 0
4.29489 18.6227 0
11.9476 6.45036 4.13376
0.701418 15.1192 7.61141
0.75038 16.391 5.05067
14.6341 8.02051 0
10.7809 15.7502 0
9.26899 0.555029 9.28559
10.1027 0.555082 10.1179
7.39025 12.3729 0.977831
4.01272 6.25041 6.15644
4.47129 5.66774 16.4955
8.63851 0.554979 8.65632
17.9122 0.855565 8.91836
3.35767 2.39427 14.1552
3.30167 6.08593 11.1881
10.9093 8.32137 0
20.9976 0.785215 0
0.616372 0.959679 19.3652
4.99607 0.304932 11.8721
2.03565 20.1798 4.54254
8.41345e-16 4.82057e-16 15.8358
18.887 0.783999 1.03465
10.9744 3.09679 1.94051
0.784752 20.0188 0.674705
15.0472 6.92835 11.5171
3.19414 7.94661 11.4425
12.3809 12.3809 1.35302
9.86431 2.10875 10.0872
3.90075 6.99913 1.05949
7.04253 5.43089 11.2042
9.00455 14.9557 0
6.94467 2.22658 7.29288
12.9231 5.66985 4.70603
0.345938 5.18941 10.5911
12.3893 0.823284 5.706
11.8239 20.9911 0
0.784997 14.1641 0
0.759203 13.773 3.6264
9.17706 1.73162 9.339
17.3626 0.618086 13.6134
10.7584 10.7584 1.69389
9.10608 1.63281 12.2224
0.738162 14.354 5.20378
0.179109 3.70792 15.8428
8.09956 8.09956 4.88888
17.9614 0.780751 1.91131
9.0849 13.5584 7.76839
10.2345 4.21411 11.6758
4.55939 4.55939 9.94552
6.65412 2.71205 7.18558
1.07827 12.2627 12.31
4.52545 4.52545 9.49013
0.5552 13.3386 13.3502
6.42712 11.889 0
6.60182 7.60078 0
9.6819e-16 7.74665e-16 20.2501
0.78503 14.7879 0
8.25492 11.3 6.71694
7.78493 27.0552 7.21111
17.7427 0.74932 5.55824
7.95289 3.14585 8.55247
7.28268 10.4479 3.52559
6.04955 8.33187 3.97472
8.05579 8.05579 2.7271
9.05369 6.40358 1.2507
2.51406 10.2308 6.59505
8.1252 8.23999 1.70368
15.3266 9.69788 0
15.1762 7.00015 0
3.57971 9.2074 9.87879
19.938 0.785195 0
8.29815 8.29815 9.03049
8.49939 8.09582 19.12
0.692623 15.2678 8.15852
0.785083 15.9943 0
4.70134 18.7181 0
24.5841 0.782656 2.01044
0.634383 13.0583 9.53187
0.555237 15.1985 15.2086
0.264898 3.0761 16.4315
7.71847 0.554884 7.73839
0.784065 15.8519 0.80738
11.9805 5.19065 18.3729
10.642 0.557377 10.5696
5.15216 8.15068 9.64253
8.14867 10.2038 13.0583
7.50813 6.94305 10.2263
15.9708 2.96324 8.03374
8.25075 8.25075 2.2436
12.7398 6.75983 4.64864
1.55035 8.71607 4.5929
11.0277 11.0277 7.63095
6.86665 13.5483 3.51184
4.3262 2.33335 6.63202
7.12185 18.9193 0
8.7896 8.7896 12.4304
7.02437 6.02671 3.03844
3.33381 2.56431 4.64345
0.785178 19.1392 0
19.1202 5.06149 0
10.9582 0.647206 7.53308
1.25005 14.5057 7.94432
29.3233 3.41866 0.237782
4.58964 0.28622 11.7421
15.7915 0.862082 0
1.56375 6.83156 7.00825
5.21962 4.14009 16.2032
22.2246 13.952 7.61104
14.0853 10.3307 6.03474
4.69499 5.14187 5.39898
2.86387 3.02539 7.25723
10.2136 0.769245 2.06066
14.6937 0.78129 1.44117
12.3928 4.56842 13.208
0.526153 9.05608 10.043
14.4589 0.785013 0
14.026 15.4046 0
1.37467 1.31597 14.3315
14.9085 11.4989 1.95191
9.44518 9.44518 13.3575
10.5734 13.504 2.01992
7.82076 7.82076 11.0602
5.32358 10.725 0
0.776136 15.0072 2.28388
7.13552 9.20021 10.9569
9.97234 16.7121 0
0.49421 19.4536 24.0313
7.02135 5.79069 6.19248
11.2874 3.70861 1.92796
4.77068 10.8321 13.7006
