800 51.8913
0.74241 0.347948 0.611945 0.99217 8.30038
0.248544 7.0341e-09 0.551623 0.507954 10.6682
0.114015 0.788971 0.0518641 1.47173e-08 9.47025
0.89823 0.0724447 0.99254 0.544267 8.35103
0.03468 0.00420042 0.000229072 0.0155445 11.3695
0.847501 0.853226 0.848953 0.874282 4.41347
0.99774 0.043489 0.0605587 0.182331 9.80311
1.7405e-08 0.912447 0.654792 0.846473 7.50665
0.813835 0.999809 0.262753 0.33139 7.83905
0.432713 0.18402 2.67687e-07 0.612037 10.6974
0.000500543 0.534914 0.277829 0.485702 11.0072
0.945323 0.311288 0.238391 0.737243 8.01077
0.252892 0.378464 0.270971 0.277893 9.93243
0.0308318 0.44221 0.703134 0.46603 10.2244
0.303205 0.357662 0.141799 0.0227092 10.2572
0.588062 0.0459239 0.15701 0.628079 10.3279
0.996501 0.0647813 0.703365 0.176982 8.87194
0.222565 0.854441 0.828338 0.536186 7.54287
0.0885265 0.0390638 0.0498068 0.515124 10.9349
0.536891 0.715294 0.223806 0.145063 9.50126
0.0308318 0.499996 0.150252 0.46603 10.9064
0.185299 0.150993 0.0459012 0.547206 10.4927
0.0293628 0.229402 0.478279 0.207649 10.481
0.438255 0.111153 0.124663 0.928621 9.12073
0.967439 0.761062 0.750236 0.654921 6.93667
0.761867 0.868143 0.853164 0.778856 5.13829
0.796149 0.890405 0.766552 0.43924 6.66557
0.0816769 0.288471 0.77933 0.201513 8.85353
0.949475 0.828853 0.716103 0.813944 5.60297
0.0441288 0.522254 0.0367438 0.155108 10.8986
0.329946 0.80951 0.934905 0.264185 7.58131
0.0162606 0.534191 0.0149181 0.149509 10.8576
0.792069 0.490793 0.670235 0.689399 8.2294
0.684241 0.851088 0.848855 0.934445 5.52798
0.148453 0.253383 0.107987 0.321317 10.0749
0.226257 0.175973 0.566464 0.0840603 10.2464
0.937412 0.965829 0.00624965 0.0428505 8.61436
0.0518196 0.363322 0.0149181 0.415515 10.8049
0.162392 0.631703 0.827803 0.817833 7.3012
0.426292 0.00295894 0.620871 0.379092 10.6421
0.772047 0.758177 0.423305 0.071375 8.17633
0.911497 0.851392 0.230338 0.970972 6.4478
0.0967782 0.740587 0.0113498 0.396409 9.78451
0.907758 0.770757 0.888303 0.252348 6.17153
0.061657 0.203664 0.458872 0.0862799 10.6111
0.807147 0.844258 0.885449 0.815979 4.70198
0.722659 0.429131 0.112899 0.946665 8.60851
0.356042 0.0950971 0.77511 0.941319 7.99744
0.131572 0.412104 0.587483 0.894852 9.00217
0.862234 0.834671 0.740229 0.958851 5.46276
0.803976 0.00210972 0.534939 0.662836 8.99345
0.84987 0.926785 0.0138954 0.452484 7.96774
0.826966 0.476588 0.792755 0.502386 8.15962
0.257919 7.0341e-09 0.551623 0.508073 10.6612
0.0482108 0.445385 0.120478 0.0150534 11.1008
0.550216 0.998152 0.817419 0.0760708 8.41697
0.575938 0.00421756 0.522167 0.719201 10.1443
0.38514 0.167443 0.843973 0.851006 7.26861
0.800082 0.844258 0.880524 0.816056 4.8356
0.956249 0.181743 0.703732 0.741779 7.51615
0.77809 0.744098 0.722215 0.985535 6.39455
0.584428 0.0150964 0.161366 0.628079 10.3961
0.437362 0.618767 0.0966806 0.730913 9.51455
0.762549 0.415958 0.0696609 0.935887 8.23192
0.881022 0.545439 0.00353844 0.498397 9.68437
0.466248 0.0321985 0.687743 0.255569 10.0713
0.216415 0.699896 0.0411431 0.480666 9.94352
0.417821 0.779742 0.37558 0.840043 7.92357
0.49592 0.129544 0.682082 0.220672 9.88351
0.378233 0.908492 0.253754 0.768346 7.66861
0.842367 0.955005 0.726528 0.127085 6.9499
0.847501 0.634259 0.892454 0.879792 5.76122
0.858308 0.837622 0.85119 0.845711 4.4656
0.783841 0.259198 0.385914 0.309887 8.86954
0.741232 0.36805 0.635131 0.967638 8.16568
0.296207 0.618767 0.200375 0.564245 10.0128
0.0747167 0.022665 0.57639 0.77199 9.5109
0.634744 0.602395 0.17087 0.599478 10.0361
0.19424 0.688291 0.302068 0.913235 8.033
0.218236 0.589686 0.868595 0.293287 8.58219
0.838182 0.796528 0.871691 0.867933 4.63494
0.00698304 0.659189 0.176278 0.876484 8.65721
0.728624 0.613367 0.0533891 0.407365 9.70185
0.81864 0.189466 0.687218 0.364643 8.23799
0.376129 0.736848 0.178318 0.168483 9.24811
0.0125026 0.820125 0.323585 0.887711 7.56492
0.683215 0.763289 0.510221 0.765443 7.81856
0.117524 0.999809 0.262753 0.785655 8.1102
0.443414 0.111968 0.0969421 0.729729 9.74243
0.846092 0.813611 0.403991 0.111464 7.69699
0.773002 0.267284 0.438706 0.825726 7.79542
0.513117 0.567 0.166473 0.795118 9.35829
0.621019 0.802498 0.777789 0.978473 6.77969
0.0125026 0.820125 0.749289 0.424296 8.16857
0.0708185 0.187541 0.44081 0.206065 10.2992
0.369318 0.918144 0.0723558 0.115901 9.26641
0.889833 0.247128 0.592188 0.325981 8.71129
0.740542 0.455462 0.0831318 0.795396 8.51226
0.342864 0.790574 0.76385 0.702774 7.13277
0.167466 0.572465 0.0194238 0.284323 10.4785
0.336843 0.130942 0.711178 0.65221 9.30543
0.310869 0.851132 0.122446 0.305897 8.61588
0.0257396 0.061017 0.154244 0.119918 10.7328
0.797249 0.664393 0.409736 0.856816 7.26122
0.798987 0.903317 0.721958 0.88815 5.46539
0.403266 0.820125 0.0241299 0.329846 9.2108
0.0490236 0.0379076 0.447047 0.0120873 11.1494
0.409893 0.680217 0.639331 0.348804 9.55982
0.275599 0.726984 0.972951 0.620954 8.38608
0.0572957 0.647154 0.016422 0.247461 10.2883
0.643804 0.035717 0.12836 0.119918 10.3407
0.348407 0.574541 0.77511 0.865595 7.66601
0.826738 0.00210972 0.545216 0.618428 9.21186
0.458861 0.682763 1.46158e-05 0.61081 10.3244
0.942428 0.828853 0.711178 0.814022 5.68036
0.288708 0.693047 0.8558 0.262548 7.89324
0.3657 0.87196 0.0723558 0.269581 8.88223
0.138448 0.219029 0.393572 0.00109266 10.3724
0.792069 0.490793 0.676723 0.841075 7.39708
0.16871 0.286498 0.427158 0.693252 9.51369
0.807147 0.843869 0.491242 0.583474 7.85883
0.508864 0.757668 0.860337 0.145063 8.0231
0.690808 0.718843 0.293901 0.552071 8.88713
0.508864 0.757668 0.103274 0.145063 9.50881
0.596394 0.0457721 0.0786166 0.700843 9.83294
0.694238 0.594265 0.898125 0.806676 6.98903
0.667936 0.823126 0.748858 0.812607 6.11409
0.675288 0.873349 0.213942 0.686658 7.74
0.881022 0.542175 0.0338004 0.636434 9.16726
0.796149 0.890405 0.340845 0.902276 6.22892
0.00405508 0.197312 0.90825 0.342726 9.10408
0.391461 0.775112 0.646974 0.309502 8.81434
0.799244 0.894061 0.841709 0.100684 6.34178
0.881645 0.022435 0.61139 0.693638 8.27629
0.607683 0.975051 0.771296 0.346082 8.17005
0.139824 0.221373 0.0579776 0.327192 10.1166
0.202877 0.868631 0.83936 0.86043 5.84096
0.390754 0.820125 0.662742 0.329846 8.4739
0.180778 0.299069 0.626875 0.193301 9.85026
0.910141 0.0390638 0.185312 0.0512923 9.21182
0.270922 0.299241 0.927965 0.760094 7.57653
0.0302026 0.54813 0.0624633 0.0150534 11.1939
0.146293 0.966811 0.965214 0.821241 6.74647
0.765809 0.100944 0.802153 0.829388 6.5555
0.376989 0.736848 0.183303 0.0666341 9.44987
0.00749475 0.949905 0.313906 0.118556 9.21534
0.0218696 0.406097 0.28537 0.903573 8.98404
0.0560309 0.0108251 0.840385 0.404724 9.38079
0.811878 0.90461 0.797938 0.721508 5.41139
0.605148 0.975051 0.208775 0.816205 7.85233
0.806747 0.255287 0.687218 0.364643 8.31995
0.69101 0.423508 0.957176 0.712614 8.08005
0.101917 0.5969 0.137094 0.647802 10.0931
0.883951 0.261466 0.816742 0.353506 7.34531
0.848104 0.702497 0.90458 0.769892 5.73029
0.172889 0.991605 0.0191056 0.33139 9.45266
0.620883 0.788837 0.788631 0.953399 6.62321
0.652987 0.394579 0.0370733 0.112253 10.26
0.679205 0.828178 0.78548 0.799515 5.89489
0.476394 0.411006 0.738232 0.952987 8.56183
0.649529 0.0268881 0.986747 0.0830669 9.44901
0.466248 0.0843536 0.134695 0.255569 10.4853
0.285374 0.810674 0.643197 0.990396 7.65908
0.911497 0.074092 0.757356 0.970972 7.10337
0.696667 0.142234 0.611945 0.573707 9.61437
0.0351496 0.00420042 0.000229072 0.380726 11.2937
0.522157 0.853454 0.871691 0.00718775 7.86474
0.0162139 0.979231 0.0311103 0.654884 9.5989
0.234583 0.885498 0.350156 0.804579 7.30915
0.396729 0.164852 0.424257 0.700736 9.69827
0.246845 0.0322569 0.136558 0.600309 10.393
0.421995 0.712099 0.641481 0.821796 8.11599
0.206187 0.884018 0.855598 0.778686 6.07732
0.87065 0.173255 0.109335 0.896018 7.3669
0.71106 0.642914 0.365146 0.383299 9.28275
0.335729 0.520034 0.676373 0.67262 9.64786
0.0350791 0.237271 0.502072 0.185726 10.5498
0.110052 0.890405 0.766552 0.504341 8.12825
0.211633 0.87196 0.602184 0.132337 8.68838
0.764287 0.54085 0.00150872 0.475003 10.1006
0.211805 0.237549 0.586823 0.134743 10.0482
0.452811 0.846699 0.838698 0.727913 6.81051
0.061657 0.848806 0.469597 0.0986426 9.36407
0.74439 0.243601 0.970613 0.570981 8.20766
0.172886 0.286498 0.625306 0.675177 9.40184
0.66032 0.76587 0.867378 0.2105 7.23684
0.0851065 0.515572 0.212142 0.23669 10.2511
0.826966 0.473324 0.827029 0.840043 6.30044
0.174317 0.281074 0.515919 0.717029 9.56112
0.0119575 0.308344 0.228717 0.643644 10.0036
0.634366 0.875832 0.910186 0.252581 7.21946
0.869057 0.274909 0.570001 0.868071 7.38505
0.194935 0.946726 0.276761 0.204644 8.62434
0.885536 0.567 0.181161 0.709821 8.15215
0.692533 0.640959 0.269692 0.383984 9.33423
0.903073 0.927374 0.581399 0.0272623 8.04259
0.139824 0.229581 0.734277 0.960204 8.11592
0.322737 0.922863 0.832004 0.0313698 7.86264
0.49295 0.129544 0.685276 0.191497 9.90313
0.237085 0.868765 0.817625 0.540661 7.48939
0.720267 0.366781 0.257602 0.29635 9.08593
0.190205 0.178428 0.0142949 0.745699 9.40292
0.314437 0.011374 0.336363 0.821241 8.86518
0.641185 0.565541 0.016422 0.949156 9.34337
0.896367 0.856234 0.494889 0.755163 6.69734
0.15817 0.235336 0.720434 0.380101 9.32655
0.814413 0.938568 0.797938 0.703301 5.92127
0.740542 0.455462 0.0761982 0.795396 8.56614
0.0351496 0.00257274 0.0115721 0.380726 11.2351
0.234583 0.846037 0.338241 0.786384 7.43591
0.869187 0.269259 0.132501 0.232973 8.52822
0.87674 0.934524 0.816633 0.815944 4.89424
0.0477761 0.465462 0.862111 0.0116105 9.64812
0.768249 0.876494 0.848953 0.845079 4.80259
0.967439 0.761062 0.750236 0.6583 6.87429
0.928501 0.318697 0.848953 0.615099 7.33774
0.293654 0.740769 0.843973 0.855312 6.20268
0.108261 0.558259 0.339484 0.899411 8.98189
0.00903683 0.770757 0.958794 0.713819 7.55792
0.923036 0.819263 0.867378 0.2105 6.05603
0.667247 0.54085 0.658085 0.66282 9.59598
0.0349406 0.404516 0.164933 0.0329256 10.9328
0.239688 0.519152 0.227543 0.100889 10.2564
0.807147 0.843869 0.491242 0.560632 7.86665
0.268971 0.111968 0.200637 0.556546 10.2849
0.0482108 0.466405 0.124101 0.681924 10.3325
0.48045 0.337376 0.738847 0.879485 8.14731
0.572701 0.017267 0.183312 0.324936 10.4907
0.234583 0.830048 0.191317 0.827148 7.19922
0.367272 0.213215 0.102714 0.0226728 10.3977
0.899625 0.835468 0.73206 0.84496 5.27563
0.103112 0.918356 0.77933 0.287703 7.62407
0.0518196 0.363322 0.38348 0.804256 9.16262
0.74439 0.679978 0.970613 0.82536 6.31365
0.229233 0.60891 0.0246235 0.940947 9.13661
0.718282 0.737533 0.722215 0.985535 6.84219
0.670196 0.705932 0.306012 0.575585 9.03159
0.829454 0.0274472 0.331049 0.594355 8.98396
0.430492 0.190341 0.194907 0.612037 10.2088
0.269257 0.782303 0.925062 0.283636 7.4679
0.0851065 0.536032 0.268122 0.23669 10.1792
0.885991 0.669855 0.408958 0.857273 7.08674
0.675288 0.873349 0.915059 0.686658 6.59266
0.174317 0.281074 0.515919 0.802326 9.0127
0.629077 0.786105 0.369513 0.785259 7.72113
0.845263 0.876494 0.900285 0.845079 4.57257
0.869057 0.268841 0.38959 0.89011 7.35327
0.826011 0.851299 0.811618 0.0880034 6.05591
0.72502 0.878141 0.943008 0.846234 5.32794
0.858308 0.835022 0.89578 0.695441 5.41928
0.83447 0.828157 0.896484 0.881991 4.61543
0.6894 0.852457 0.822043 0.735534 6.00903
0.674555 0.395994 0.587483 0.894852 8.57972
0.380194 0.120398 0.8558 0.258056 8.7065
0.53149 0.636852 0.811089 0.177921 8.82993
0.691283 0.718843 0.310994 0.575711 8.83938
0.81141 0.0893685 0.114605 0.227083 8.90198
0.955695 0.445385 0.0996889 0.0137059 9.85402
0.348407 0.995876 0.77511 0.86594 6.77306
0.0616963 0.207673 0.907965 0.172329 8.96423
0.749892 0.747878 0.395339 0.126674 8.43425
0.622639 0.721067 0.788939 0.920165 6.89492
0.137943 0.966447 0.616018 0.132337 9.10771
0.65269 0.0268881 0.713363 0.0930587 9.46756
0.0912184 0.564294 0.860451 0.815153 7.81058
0.212681 0.87196 0.602184 0.132337 8.68418
0.339687 0.684181 0.746959 0.575711 8.74495
0.0244655 0.0303705 0.154244 0.273599 10.5524
0.061657 0.848806 0.469597 0.0478201 9.44846
0.950684 0.327366 0.75118 0.727264 7.18669
0.790111 0.256987 0.114605 0.227083 8.79439
0.796852 0.890405 0.769143 0.761706 5.31072
0.178075 0.113513 0.327735 0.73332 9.17619
0.896367 0.856234 0.778619 0.755163 5.1879
0.811878 0.938568 0.797938 0.693129 5.92879
0.276886 0.000156455 0.612289 0.508073 10.506
0.881212 0.693047 0.8558 0.247158 6.59963
0.778626 0.211556 0.390796 0.163018 8.98652
0.432795 0.0796872 0.137691 0.591269 10.7422
0.395186 0.810824 0.0624633 0.0150534 9.42269
0.667862 0.296401 0.0473069 0.126264 10.0223
0.317958 0.641511 0.450755 0.688078 9.63532
0.726285 0.123569 0.943008 0.846234 6.79851
0.929474 0.789103 0.0431012 0.015826 8.22274
0.703665 0.190605 0.703732 0.741779 7.76056
0.194935 0.00455937 0.285813 0.139495 10.2341
0.48045 0.0759853 0.738847 0.2214 9.57215
0.511765 0.127908 0.661199 0.191497 10.1203
0.0400807 0.197312 0.498921 0.719529 9.98069
0.178075 0.119664 0.327735 0.723903 9.26892
0.252892 0.726984 0.976846 0.665362 8.0889
0.818 0.49762 0.836775 0.922504 6.41844
0.578654 0.0294402 0.308 0.695128 9.88812
0.74897 0.868143 0.855598 0.778686 5.25693
0.00950983 0.0184041 0.380702 0.774429 9.67272
0.753595 0.406078 0.20652 0.161007 9.3193
0.0228979 0.934799 0.274868 0.213236 8.88681
0.826011 0.851299 0.811618 0.86765 4.53507
0.432795 0.18402 2.67687e-07 0.591269 10.7714
0.841058 0.589824 0.868595 0.868668 5.96664
