606 19.2724
0.5 0.228235 0.63003 0.934398 0.790366 0.362352 0.930939 39.7259
0.601011 0.5 0.5 0.577576 0.401404 0.5 0.71268 40.7507
0.181368 1 0 0.389081 0.197512 0.284585 0 51.1374
0.557934 0.246737 0.123685 0.587601 0.70849 0.634349 0 44.4099
0.320381 0.498811 0.0702291 0.129085 0.136082 0.229987 0.5 53.4572
1 0.229609 0.853661 0.0840446 0.547933 0 1 34.4132
0.883196 0.696349 0.247202 0.746812 0.150161 1 0.59449 39.3473
0.416474 0.952848 0.5 0.137766 0.227243 0.357842 0 47.5659
0.903923 0.597336 0.5 0.5526 0.5 0.65078 0.27975 43.6612
0.461059 0.5 0.213054 0.316415 0.669157 0.5 0.48251 45.1349
0.23317 0.346569 0.706075 0.00270423 0.397546 0.97565 0.797852 35.3892
0.5 0.456138 0.125131 0.240283 0.154938 0.00113232 0.0859787 48.5235
0.84341 0.616113 0.587959 1 0.944485 1 0.440894 30.3845
0.833861 0.103288 0 0 0 1 0 50.2647
0.806511 0.289615 0.0690732 0.686757 0.43381 0.370116 0 49.0683
0.522484 0.741744 0.156191 0.313357 0.607101 0.5 0 45.2574
1 0.519315 0.696568 0.5 0.924024 0.993008 0.798198 29.5799
0 0.217996 0.401161 0.432723 0.379579 0.145904 0.690408 49.5045
0.721762 0.596844 0.0528144 0 0 0 0.531307 54.1417
0.422682 0.314774 0.457378 0.409072 0 0 0.28583 53.3821
0.470145 0.285317 0.144105 0 0 0 0.709679 47.6992
1 0.64878 0.645366 1 0.557969 1 0.519678 36.2444
1 0.291665 0.280245 0.5 0.406629 0.831209 0.271786 44.2207
1 0.621284 0.747876 0.709003 1 0.714576 0.774242 29.274
0.366667 0.533267 0.584735 0.0378899 0.242572 0.629805 0.0717143 50.8215
0.751924 0.829801 0.780349 0.725203 0.331975 0.897533 0.457581 38.0578
0.883271 0 0.233571 0 0.699454 0.83793 0.541128 38.6323
0.199608 0.680036 0.616273 0.217479 0.680668 0.717881 0.665123 39.1407
0.5 0.5 0.70012 0.466327 0.302118 0.5 1 44.8629
0.20073 0.759799 0.323935 0.154403 0.212727 0.631495 0.324278 47.0385
0.340874 0.39461 0.291667 0.5 0.5 1 0 51.2512
0.514496 0 0.326394 0.5 0.12237 0.206576 0.0844522 51.2405
0.914407 0 0.5 0.723613 0.399969 0.627906 0.816717 37.3263
0.648238 0.294073 0.0479047 0.632579 0.42622 0.304733 0.20305 46.8726
0.544155 0.68059 1 0.764953 0.633903 0.180696 1 29.669
0.146513 0.186543 0.864007 0.178147 0.590416 0.0485345 0.12222 46.2192
0.538795 0.5 0.263378 0.714278 0.451504 0.5 0.5 49.7611
1 0.720071 0.966594 0.389891 0.5 0.519532 0 42.7823
0.693692 1 0.833093 0.401785 0.737053 0.789989 1 28.6648
1 0.5 1 0.886293 0.537483 0.5 0 33.7142
0.839876 0.165483 0.215005 0.429693 0.438371 0.524541 0.209877 46.2493
0.967507 1 0.387064 0.34729 0.340787 0.470724 0.923874 36.3805
0.892274 1 1 1 1 0.867137 1 22.7415
0.168132 0.747507 0.631947 0.7629 0.881941 0.42333 0.72289 37.0201
0.541338 0.5 0.354956 0.129894 0.273316 0 0 49.0893
0.8718 1 0.5 0 0.363966 0.45549 0.5 45.9944
0.5 1 0.5 0.444725 0.677963 0.639177 0.427885 35.7553
0.5 0 0 0.598363 0.0764893 0.5 0 54.8713
0.114151 0.384111 0.372153 0.0440385 0.144128 0.154324 0.841249 49.8146
0 0.0669595 0.750119 0.0193674 0.463531 0.757703 0.922437 51.6163
0.267971 0.390927 0.5 0.478535 0.5 0.720643 0.5 49.3988
0.924683 0.528978 0.896498 1 1 0.660654 0.865653 24.2468
0.702653 1 0.77162 0.750821 0.491195 0.74682 0.625598 27.8141
0.5 0.292739 0.309369 0.5 0.0936909 1 0.432953 46.7683
0.896299 0.866659 0.810595 0.985334 0.590041 0.506601 0.745435 23.7383
0.873188 0.133486 0.267539 0 0.539277 0.5 0 48.4971
0.684841 0.5 0.333175 0.816434 0.0028754 0.674063 0.571121 48.9984
0.825138 0.499249 0.704865 0.826052 0.995865 0.906045 0.285399 29.8042
0.930307 1 0.257576 0.120629 0.916815 0.815248 0.585367 33.9216
0.880792 0.164956 0.420017 0.4878 0.829141 0.5 0.433116 41.9211
0.927213 0.717708 0.5 0.5 0.5 0.634474 0.5 35.0047
1 0.413205 0.352448 0.520499 0.455694 0.796142 1 31.9878
0.0300974 0.5 0.5 0.5 0.0592653 0.349862 0.732849 44.4678
0.5 0.510825 0.666141 0.5 1 0.684932 0.490111 37.8812
0 0.545737 0 0.432225 0.42681 0.508318 0.5 50.2023
0.5 0.752969 0.633066 0.5 0.220737 0.855185 1 41.6794
0.53325 0.619181 0.598403 0.666763 0.621675 0.536156 0.5 42.1171
0 1 0.405471 0.0300927 0 0.323024 0.712867 44.6131
0.403446 0.0882456 0 0.691564 0.616254 0.232172 0.261232 44.2972
0.275769 0.385831 0.5 0.847802 0.362714 1 0.88923 35.812
1 0.128136 0.421397 0.598781 0.699055 0.5 0.797289 40.8412
0.418154 0.402492 0.111792 0.191438 0.0792608 0.146262 0.349751 48.3114
1 0 0.423112 0.0721866 0.819545 0.881715 0.244073 44.6986
0.596752 0.381673 1 0.348826 0.687441 0.476375 0.7902 43.1166
0.589029 0.246857 0.691243 0.686197 0.742518 0.270098 0.170884 37.3011
0.70912 0.0740307 0.199344 0.214567 0.344429 0.514143 0.461631 46.6386
0.298379 0.265982 1 0.0812333 0.679406 0.592019 0.795207 36.6687
0.5 0.931232 1 0.727218 0.304805 1 0.369935 39.8113
0.501523 0.824641 0.511929 1 0.757011 0.99535 0.680803 33.4865
0.999836 0.678045 0.464626 0.998928 0.767248 0.574519 0.905665 32.5088
0.622608 0.648673 0.567402 0.359648 0.0730164 0.657888 0.925321 45.3963
0.591052 1 0.680481 1 0.0867443 0.275123 0.888766 30.5732
0.289189 0 0.540697 0.00623195 0.0319716 0.5 0.225967 51.8879
0.865939 0.933795 1 0.643531 0.630611 0.097824 0.250761 36.3177
0.695427 0.655204 0.721576 0.496782 0.371869 0.678313 0.639705 40.82
1 0.426496 0.773432 0.601877 0.302405 0.197096 0.502229 39.2606
0.709075 0.953531 0 1 0.578624 1 0.574116 38.3564
1 0.535011 0.741284 0.414438 0 0.865094 0.578839 35.6666
0.675749 1 0.665155 0.403542 1 0.604653 1 32.3341
0.583081 0.442884 0.748084 0.121951 0.5 0.969079 0.296288 40.3581
0.5 0.5 0.737934 0.736222 0.825814 0.5 1 36.4306
0.724515 0.645887 0.635456 0.650944 0.923641 1 0.555087 43.5391
0.386345 1 1 0.575818 0.912114 0.639416 0.862407 32.4364
0.141393 0 0.5 0.5 0.495584 0.5 0 52.9273
0.381908 0.5 0.731813 0.679926 0.467136 0.445842 0.826218 42.3588
0.722376 0.58653 0.5 0.275306 0.833895 0.298891 0.986693 34.079
0.421357 0.53091 1 1 1 0.264818 0.606202 38.788
1 0.331209 0.349054 0.602046 0.660586 1 0.459566 37.2395
0.5 0.719382 0.542631 0.435285 0.797831 0.621322 0.5 35.6762
0 0.698556 0.101247 0 0 0 0.911564 50.7899
0.510846 0.84591 0.724132 0.430663 0.374479 0.867765 0.349038 38.1582
0.590789 0.317202 0.608408 0.203577 0.881777 0.673534 0.0580594 39.9379
1 0.5 0.888663 0.867338 1 0.5 0.738878 30.3117
1 0.0860497 1 0.240249 1 1 0.987296 33.4791
0.459793 1 0.964738 1 1 0.837023 1 25.8148
0.427386 0.322185 0.5 0.23195 0.00751922 0.346977 0.231693 53.9446
0.154667 0.29259 0 0.5 0.5 0.578229 0.219464 46.1759
0.744001 0.5 0.405054 0.32707 0.5 0.700748 1 39.3475
0.356055 1 0.145658 0.5 1 0 0.394217 38.512
0.390811 0.5 0.390905 0.825468 0.619984 1 0 37.5624
0.5 0.731044 0.69828 0.901326 0.833034 0.5 0.597206 37.695
0 0.00854019 0.343538 0.0744137 0 0 0.929907 56.9797
0.527232 0.259963 0.233993 0.033103 0.092385 0.105552 0.774623 45.9864
1 0.957969 0.662097 0.544846 0.829671 1 1 26.6387
0.886227 0.5 0.439783 0.583617 0.864862 0.983699 1 34.8471
0.930271 1 0.67516 0.88399 0.618833 0.280319 0.842202 36.1119
0.770728 0.603897 0.184615 0.544434 0.7486 0.637651 0.57106 44.8384
0.46958 0.425192 0.66585 0.726954 0.286506 0.379522 0.196395 43.6925
0.5 0.385758 0.518138 0.729317 0.5 0.5 0.652779 38.4194
1 0.759167 0.892116 1 1 1 1 28.7355
0.5 0.797696 0.332442 0.160148 0.401107 0.5 1 36.9312
0.343988 0.486339 0.284874 0 0 0.5 0.5 43.2685
0.6315 0.891924 0.989753 0.697932 0.988559 0.770314 0.5 27.8112
0.101696 0 0.132247 0 0 0.181563 0.209231 62.5601
1 0.508976 0.467419 1 0.648794 1 0 31.71
0.417118 0.481521 0.409892 0.442562 0.787523 1 0.430858 42.4008
0 0.735738 0 0.114433 0.68485 0.235693 0.254991 50.0168
0.498111 0.715778 0.693935 0.0332401 0.55204 0.027145 0.193786 40.9519
0.331058 0.120772 0.14387 0.366961 0 0.5 0.576283 52.9982
0.801188 0.754616 0 0.598493 0.1524 0.490901 0.920195 36.3313
0.819191 0.923334 0.375608 0.259489 0.422163 0.334612 0.500246 38.6673
0 0 0 0 0.357045 0.249451 0 55.9884
0.807545 0.498619 0.805867 0.585189 0.304093 0.590355 0.456725 36.4771
0.5 0.345208 0.295589 0.816683 0.661259 0.456638 0.0777851 42.2813
0.822381 0.308426 0.46562 0.5 0.0514056 0.979709 0.225895 44.4052
0.21259 0.427178 0.5 0.0444902 0 0.842457 0.562204 48.1454
0.262084 0.172511 0.125848 0.430448 0.5 0.490144 0 51.5602
0.5 0.16264 1 1 0.781689 1 0.693337 32.3419
0.335123 0.5 0.5 0.59276 0 0.831198 0 47.3553
1 1 0.886099 1 1 0.327616 0.705075 27.4041
0.199067 0.358497 0.121456 0.145408 0.360715 0.200202 0.132824 51.7182
0.327106 0.241189 0.5 0.848718 0.193142 0.849403 0.593706 38.7481
0.365389 0.0298603 0.0830542 0.414321 0.0920445 0.949522 0.0309837 53.133
0.629834 0.46749 0.36853 0.0947226 0.534501 0.428853 0.270604 49.5395
0.5 0.636627 0.394694 0.262857 0 0.5 0.00534893 52.2619
0.556582 0.587102 0.756941 0.35195 0.598766 0.60143 0.772869 41.3826
0.68812 0.316132 0.0549063 0.283443 0 0.165642 0.390501 47.6269
0.5 0.314714 0.944506 1 1 1 0.5 36.1921
0.0459627 0.130458 0.54761 0.729595 0.621994 0.550464 0.299387 52.2785
0.885249 0.198813 0 0 0.702627 0.30325 0.306622 49.4824
0.853404 0.491354 0.761741 0.923435 0.866136 0.526973 0.5 40.8093
0.702197 0.755599 0.789991 0.475005 0.632752 0.5 0.199454 44.712
0.802168 0.362191 0.345963 0.361587 0.356672 0.635926 0.659057 44.1197
0.402583 0.78003 0.847786 1 0.687648 1 0.985669 26.6622
0.5 0.54165 0.99631 0.650709 0.5 0.5 0.829801 41.9742
0.427063 0.456894 0.566589 0.5 0.519802 0.729447 0.999858 35.5829
0.0358682 1 0.664076 0.5 1 0.292825 0.941988 38.0318
0.682796 0.5 0.394381 0.5 0 0.5 0.202706 51.7748
0.5 0.393337 0.131156 0.643304 0.387385 0.74532 0.0904344 42.5705
0.560878 0.467949 0.479178 0.563008 0.316991 0.625923 0.337519 45.5165
0.677296 0.243557 0.3061 0.167114 0.368447 0.657015 0.5 40.3783
0.5 0.82444 0.5 0.849482 1 0.512759 0.803334 33.4476
0.5 0.163623 0.5 0.292353 1 0.5 0.121691 53.6332
0.0813952 0.304312 0.300166 0.13704 0.5 0.675875 0.386398 48.8541
1 0.105341 0.802659 0 0.34544 0.295615 0.385439 48.5465
0.5 0.903713 0.146375 0.648443 1 0.677595 0.529228 36.8604
0 0.581542 0.298351 0.376221 0.622943 0.573381 0 48.2994
0.707827 0.51835 0.11606 0.138667 0.170946 0.371685 0.760262 47.5985
0.993077 0.282523 0.873332 0 0.912281 0.890465 1 35.0637
0.483315 0.184086 0.0699754 0.549002 0.677558 0.355359 0.655828 41.0825
0.720291 0.834959 0.939233 0.0106382 0.63521 1 0.882034 41.9692
0.49874 0.964258 0.694042 0.621854 0.192438 0.689867 0.292327 37.8599
0.707975 0.402184 0.599986 0.159916 0.131825 0 0.361202 50.022
0.419053 0.219084 0.258009 0.5 0.5 0.5 0.434752 50.5389
0.845514 0.64942 0 0.0526156 1 0.884276 0.438331 36.8037
0.661585 0.960451 0.377957 0 0.00890042 0 1 45.6557
0.134285 0.433065 0.5 0.464745 0.564652 0 0.675028 49.0897
0.204648 0.646775 0.422473 0.0999398 0.491699 1 0.847211 44.905
1 0.757943 1 0.45243 1 0.607235 0.692765 31.5223
0.675536 0.978794 0.876038 1 0.902943 1 0.716843 26.2009
0.983946 0.266696 0.554172 0.43856 0.120841 0.425318 0.5 45.5541
0.669917 0.5 0.64241 0 0.323709 0.513289 0.427266 48.3687
0.484952 0.251476 0.772318 0.475072 0.859724 0.894377 0.593599 38.69
0.387681 0.337461 0 0 0.209144 0.824277 0.00762247 54.4421
0.78671 0.0437615 0.731164 0.291747 0.516701 0.665647 0.744016 41.3648
0.894166 0 0.133817 0.197855 1 0.705587 0.543336 38.7607
0.5 0.5 1 0.761297 0.827855 0.794093 0.684619 31.6579
0.7633 0.5 0.651079 0.854029 0.5 0.5 0.948745 30.5056
0.794588 0.5 0.248548 0.5 0.178519 0.793444 0.539267 38.7821
1 0.87065 0.61974 1 0.5 0.558605 0.793902 29.5875
0.567025 0.50808 0.600885 0.5 0.461295 0.585378 0.724372 37.5504
0.575948 0.941702 0.5 0.167805 0.5 0.261879 0.901778 38.2974
1 0.661774 0.885902 1 0.604925 1 0.5 25.6782
0.74499 0.83912 1 0.637507 0.280631 1 0.78052 28.6699
0.5 0.309876 0.5 0.5 0.645446 0.390412 0.780513 44.9792
0.822367 0.131504 0.823821 0.641482 0.583341 1 0.5 42.0202
0.260957 0.511578 0.5 0.520355 0.312662 0.5 0.710752 38.4155
0.727676 0.625895 0.816889 0.463009 0 0.642897 0.810401 37.7387
0.490779 1 0.237474 1 1 0.130169 1 35.9047
0.579034 0.307381 0.25469 0.4554 0.274945 0.557225 0.49507 47.7251
0.737608 0.491928 1 0.760266 0.919397 0.828427 0.717689 31.0066
0.522559 0.203934 0.0937752 0.270709 0.0475613 0.935482 0.202622 49.471
0.5 0.843447 0.477003 0.5 0.892493 0.191517 0.761937 45.9516
0.099635 0.55537 0.308102 0.510859 0.45483 0 0.819361 52.3663
0.5 0.284735 0 0.5 0.535176 0.884605 0.295908 42.5132
0.212886 0 0.773075 0.759854 0.557042 0.180716 0.809014 48.7876
0.0967939 0.425413 0.110926 0.5 0.796468 0.497723 0.230513 47.3615
1 1 0.73003 0.676564 0.421928 0.576641 1 32.0887
0.73261 0.838841 1 0.533908 0.23594 0.444011 0.694954 33.099
0.5 0.566893 0.5 0.524095 0.5 0.556547 0.635498 38.1278
1 0.5 0.566996 0.24508 0.913799 1 0.339779 37.0123
0.759256 0.583652 0.300466 0.568159 0.758452 0.810152 0.834331 38.3618
0.721107 0.616486 0.108248 0.0110836 0.922935 0.262205 1 39.0739
0.443026 0.263277 0.415626 0.157648 0.0420602 0.390326 0.0472979 50.9477
0.5 0.828688 0.2388 0.934611 0.735342 0.412263 0.815376 36.0818
0.0574983 0.321972 0.131191 0.8633 0.666329 0.679685 0.740821 39.313
0.664701 0.247358 0.152705 0 0.405776 0.725557 0.377174 49.3081
0.836745 1 0.710147 0.738454 1 0.446186 0.5 31.7187
0.718378 0.5 0.241048 0.145661 0 0.945353 0.371213 41.4157
0.5 0.5 1 0.814797 0.991482 0.5 0.454793 40.5968
0.400168 0.695213 0.5 0.318722 0.481463 0.322609 0 42.5558
0.361229 0.553694 0.353364 0 0.5 1 0 51.4195
0.5 0.866307 0.989292 0.163197 0.125093 0.626586 0.845419 35.9996
0.242986 0.579652 0 0.553259 0.473823 0.5 0 49.5509
1 0.730787 0.226391 1 0.604117 0.804908 0.650804 36.0792
0.737756 0.552331 0.234774 0 0.494466 0.0938751 0.838307 41.3839
0.1991 0.626037 0 0.455354 0.389631 0.499677 0.0418014 50.7851
0.732732 0.5 0.744185 1 0.0607017 0.788762 0.869068 29.3546
0.0687192 0.577118 0.904605 0.419002 0 0.4147 1 44.3447
0 0.308971 0 0 0.5 0.286362 0.549213 50.8731
0.659741 0.29036 0.5 0.5 0 0.0174063 0.540131 50.6602
0.535629 0.854575 0.139721 0.396153 0.165582 0.42703 0.0514856 45.8403
0.5 0.43795 0.391395 0.0970931 0.770716 0.894297 1 33.8292
0.445509 0.202104 0.597 0 0 0 0.622195 43.5996
0.470395 0.207167 0.579172 0.401582 0.539433 0.677676 0.0517546 45.0923
0.369023 0 0.392298 1 1 0.703778 0.23856 41.7741
0.364695 0.201983 0.209257 0.2028 0.296826 0.0865061 0.574571 50.9524
0.54827 0.80914 0.664581 0.925834 0.580095 0.772348 0.5 32.0982
0.615767 0.535936 0.80643 0.739092 0.940695 0.5 0.433986 40.191
0.534776 0.575731 0.120398 0.937603 0.177975 0.133364 0.773412 44.4863
0.5 0.46038 0.5 0.347188 0.602067 0.225539 0.656347 40.6248
0.325324 0.235154 0.183093 0.35826 0.295964 0.147986 0 54.9281
0.251631 0.233568 0 0 0.179497 0.427622 0.373859 56.0993
0.5 0.000138974 0.20855 0.5 0.158084 0.144144 0.317418 52.6282
0.274856 0.145618 0.135383 0.345478 0.315877 0.5 0.5 49.1928
0.631872 0.749649 0.5 0.807183 0.607696 0.996747 0.638685 31.5453
0.599807 0.504487 0.754494 0.552264 0.516785 0.315574 0.776927 38.7756
0.222728 0.152292 0.446473 0.580132 0.251674 0.199375 0.222734 50.7419
0.359254 0.5 0.5 0.811516 0.777376 0.903833 0.339749 41.4837
1 0.762082 0.516994 0.898805 0.822228 1 0.674444 30.9921
0.362739 0.606741 0 0 0.64483 0.509272 0.404586 49.9219
1 0.692035 1 0.54262 0.486539 0.696349 0.97869 31.635
1 0.5 0.717083 0.841397 0 0.368591 1 37.4132
0.219462 0.775218 0.00532998 0.506619 0.376526 1 0.929988 40.6187
0.837639 0.616524 0.453785 0.714228 0.472526 0.172003 0 38.424
0.5 0.542385 0.705195 0.5 0.576799 0.5 0.600872 31.7104
0.5 0.649743 0.549446 0.126341 0.756121 0.5 0.5 39.4521
0.938342 0.5 0.0466865 0.161298 1 0.837249 0.344921 39.6531
0.5 0.228922 0.119938 0.5 0.280747 0.610024 0.237355 46.7649
0.427173 0.302637 0.246048 0.202959 0 0.97733 0.552592 45.7369
0.25252 0 0.598247 0 0.625766 0.118093 0 54.1631
0.252315 0 0.358806 0 0.279031 0.178457 0.423673 49.5888
0.5 0.849009 0.0502039 0 0.857871 0.5 0.428521 42.466
0.369217 0.5 0.644359 0.472096 0.410421 0.624004 0.583269 46.1594
0.756534 0.40249 1 0.312375 0.318359 0.107006 0.588037 41.5041
0.520215 0.5 0.130999 0.269926 0.264403 0.310509 0.5 50.6059
0.910264 0.398625 0.74615 0 0.253562 0.911945 0.606206 38.8415
0.697492 0.80743 0.414451 0.682856 0.754168 0.660627 0.939952 38.4044
0.395078 0.213078 0.644114 0.559022 0.159841 0.33357 0.506461 41.712
1 0.5 0.311163 0.182714 0.957488 0.794 0.344116 39.2482
0.5 0.5 0.318097 0.417174 0.479477 0.5 0.5 43.7234
0.0250672 0.66722 0.214084 0.706006 0.949171 0.538402 0 45.466
0.192161 0.210084 0.476454 0.45945 0 0.248632 0.706448 53.2933
0.916609 0.0847251 0 0.566959 0.759179 0.5 0.298458 40.4141
0.36668 0.719764 0 0.573656 0.665882 0.50643 0 47.7247
0.752066 0.5 0.5 0.761622 0.304247 0.114819 0.5 43.2469
0.383183 0.527564 0.489886 0.5 0.186551 0.5 0.542641 49.4741
0.5 0.923644 0.5 0.530222 0.666308 0.622703 0.5 38.1455
0.601715 0.34306 0.233443 0 0.525304 0.483556 0.475953 49.8451
1 0.12411 0.851236 1 0.971451 1 0.489875 34.3322
1 0.295043 0.224108 0.677833 0.492277 0.389007 0.622363 44.4075
0.749875 0.333003 0.672682 0.14061 0.510989 0 1 43.5356
0.68442 0.282317 0 1 0.0413079 0.534403 0.0985179 50.3644
1 0.5 0.0771756 0.5 0.297576 0.762068 0.779637 38.6387
0.5 0.21947 0.672663 0.473243 0.348983 0.360767 0 48.6551
0.0259611 0.379609 0.791066 0.32369 0.0563363 0.5 0.0182892 45.2834
0.400173 0.579351 0.869623 0.641009 0.429938 0.685963 0.898088 38.6994
0.5 0.459405 0.680582 0.603725 0.939572 0.837022 1 35.4122
0.5 0.745851 0.60884 0.936562 1 0.5 0.5 36.5373
0.5912 1 0.275427 0.410024 0.244852 0.960359 0.5 45.0695
0.550505 0.585251 0.117439 0.327342 0.17232 0.5 0.996149 42.0133
0.68124 0.5 0.280681 0.0110732 0.839747 0.597166 0.569324 41.9634
0.214103 0.101646 0.781307 0.307606 0.619707 0.88324 0.0736017 45.3008
0.535052 0 0.376677 0.0021851 0.242773 0.81792 0.352369 45.155
0.768001 0.5 0.493177 0.927476 0.593025 0.481906 0.381876 41.2778
0.715984 0.0684722 0.0322668 0.350102 0 0.27653 0.5 51.5092
0.143164 0.272513 0.5 0.531524 0 0.0248938 0.5 53.5689
0.884468 1 0.886202 0.997141 0.890173 0.800176 0.882112 21.0448
0.949964 0.498294 0.768113 1 1 1 0.841095 26.2943
0.5 0.737253 0 0.107683 0.457718 0.45311 0.565082 47.2352
