1058 25.4232
0.00249056 1.65233 9.55359e-14 8.1532e-13 1.02155
0.378235 1.65378 1.53785e-11 7.01986e-13 4.26642e-10
1.60093 0.000162038 8.75557e-18 1.59952e-08 4.05996e-06
0.0628883 7.52235e-12 5.93478e-10 8.03355e-29 1.88017
0.996841 9.83567e-08 0.00315046 1.43751 7.00697e-11
0.0533132 3.13497e-06 6.53304e-08 1.95274 9.36052e-29
0.647792 8.02428e-09 3.55287e-05 1.64831 2.23805e-08
0.361283 3.29692e-05 6.64034e-07 1.79821 6.35225e-23
0.939007 3.58904e-12 1.49122 1.25133e-10 1.31221e-35
0.00917573 5.2533e-10 1.81193 1.04876e-13 1.34701
0.213752 1.24837 1.55361 1.67779e-24 1.52696e-18
0.0163195 1.63743e-07 2.07976 1.1319e-09 6.37348e-10
0.577653 0.800236 1.58225 6.6833e-15 4.57378e-55
0.338683 0.54031 2.79101e-17 1.67578e-08 1.78659
0.224404 1.39474 0.794578 2.07084e-40 1.44711
0.226076 1.24167e-16 1.6353 1.51233 0.000133489
1.36985 6.5725e-11 1.62896e-14 1.05431 3.51687e-50
0.19416 1.79008 1.59074e-09 1.01361e-35 3.87273e-11
0.00945867 6.29602e-08 1.04562e-31 5.27682e-05 2.23874
1.33602 7.32238e-08 1.02248 0.00989002 3.44296e-05
0.0329334 3.17484e-05 2.78299e-06 1.77594e-41 2.02429
1.44184 7.88006e-08 9.30699e-12 1.35257e-09 1.12019
1.12025 3.63011e-05 1.87637e-24 7.78918e-16 1.48576
0.00269314 2.07655 5.68634e-08 0.573571 7.74006e-29
0.00915006 1.55754 1.74466 2.58854e-19 0.0206563
0.814184 3.12122e-05 2.66741e-30 1.66135e-24 1.70059
1.04914 1.52481 4.0048e-12 7.82626e-11 0.000445278
1.30443 1.10921e-07 1.15318 7.06812e-15 1.63186e-14
0.853068 3.15562e-05 1.63368 1.11413e-22 7.33397e-72
1.20241 1.30539 2.3805e-14 0.00128216 0.896998
0.161534 0.558444 4.18965e-12 1.90426 7.65625e-21
1.24273 4.37348e-19 8.61255e-10 1.10355e-16 1.41507
0.0811839 1.90776 4.656e-13 2.30431e-56 3.12359e-25
0.366066 6.5019e-09 9.24617e-16 6.74753e-21 1.84821
0.288871 1.4614 1.44505e-30 1.70943 7.0709e-29
0.00305804 6.015e-23 1.22702e-29 3.67979e-08 2.55202
0.371305 5.23113e-10 1.88802 3.06456e-29 1.20091e-22
0.032458 2.04837 4.87907e-07 3.79358e-19 0.0106155
0.0747619 1.315 1.88602 3.98455e-26 2.38724e-34
1.17297 0.249773 6.59374e-17 1.17361 1.24344
0.895556 2.13192e-15 3.00193e-13 3.69028e-37 1.6784
0.0495271 1.89003 0.768722 1.8705e-14 1.92917e-09
1.56056 6.72741e-05 0.686344 2.06106e-08 4.86719e-19
0.7799 0.000848659 1.78532 8.91115e-36 4.73076e-17
1.06362 0.807626 3.45357e-06 9.04303e-11 1.52483
0.237069 2.15297e-12 1.92983 8.12457e-39 3.79674e-52
1.49991 7.27268e-05 1.67064e-05 0.957929 6.34216e-14
1.27055 1.4353 3.00522e-24 0.00176566 4.59587e-23
1.37453 1.18614 1.66945e-11 7.53974e-24 1.53727e-16
1.12415 1.49842 9.27976e-09 5.92624e-12 0.000131403
0.930917 3.90106e-05 3.34511e-05 1.61315 7.07388e-11
0.0906376 1.1486e-07 1.98544 1.50747 6.15626e-60
1.40742 1.14687 6.13782e-22 2.05788e-07 7.50306e-17
0.109411 1.18935e-12 7.47639e-09 1.94127 3.78537e-16
0.000880654 2.40106e-45 2.26898e-31 1.80509e-20 2.93333
0.246192 1.22348e-22 1.90508 6.48802e-08 0.198504
1.57115 9.8844e-05 1.03001e-07 4.44458e-15 0.82802
0.731085 1.48902 0.165574 1.01411e-15 1.59372
3.02933 1.01117e-16 3.21592e-28 1.21906e-21 0
3.06589 2.64228e-31 3.99759e-145 0 1.14872e-190
4.51688 5.99526e-70 0 1.37376e-60 7.87154e-47
5.13529 0 1.12724e-87 1.09541e-149 1.63213e-89
0.00018923 8.6414e-08 2.82652e-27 4.86987e-24 3.20537
2.20973 0.00227012 0.000363161 0.00873024 1.62916e-13
2.068 0.690263 3.52565e-18 4.32578e-08 4.20361e-07
2.44691 6.03764e-17 0.166652 4.19946e-15 4.39222e-09
2.39836 8.42242e-17 1.17004e-27 1.64544e-19 1.33724e-08
2.38354 0.680475 4.16148e-16 1.11691e-05 0.280998
2.22534 0.00353164 8.72444e-13 7.26055e-08 0.0589657
1.98011 2.2879e-19 5.18229e-05 4.72381e-05 1.36355e-13
1.4712 2.01523 2.89762e-09 3.27516e-15 0.0149069
0.810222 2.31683 1.4909e-17 2.96962e-26 0.00195689
2.76781 1.73279e-12 7.25085e-09 6.19221e-12 1.04366e-05
2.61683 5.99059e-07 3.08684e-09 5.11421e-05 0.0468912
0.489114 2.16783 1.27369e-14 1.46584e-18 0.000511312
2.16869 5.69616e-05 2.44576e-16 1.04047e-16 2.01747e-05
2.39154 0.154182 2.80501e-40 1.38393e-14 0.242486
2.15747 0.1697 2.23178e-05 1.01205e-20 3.1304e-33
2.29728 9.43892e-13 1.75618e-11 0.0150961 0.000103019
2.36779 0.00150094 3.62249e-14 0.0210662 0.156898
2.23709 2.63315e-08 6.26742e-25 2.4207e-07 0.0127811
2.20491 0.00222684 1.25836e-10 4.39649e-08 0.00160498
2.37694 0.0576251 2.50658e-16 0.0172323 4.31198e-13
2.29386 0.0761176 2.67315e-06 1.2184e-06 0.0007385
2.4483 4.54796e-10 8.33364e-26 5.70525e-19 0.000286123
2.52957 2.08809e-07 0.111309 7.19121e-18 0.527769
2.278 2.43185e-08 3.22624e-17 2.92595e-10 7.17248e-05
2.33401 7.3216e-11 2.52954e-06 7.4562e-06 3.18771e-05
2.81003 0.000142794 9.02109e-06 0.193326 1.811e-27
2.33281 0.024944 6.5152e-34 1.86461e-29 1.5065e-11
2.24933 0.000124267 2.45613e-09 0.00290534 0.00765121
2.89525 0.0090765 1.01892e-05 3.98221e-07 0.0213149
2.50568 0.176207 1.24341e-10 5.36304e-09 1.10363e-08
2.36953 0.68235 2.10452e-07 6.77632e-16 2.6539e-05
2.34683 0.35644 9.96649e-14 7.21348e-46 1.77123e-07
2.05002 8.49357e-09 6.84332e-14 1.27507e-32 3.34998e-19
1.80633 0.000581056 1.80768e-43 3.52097e-17 1.37256
1.87619 2.22112e-10 1.32998e-23 1.55141e-11 4.19722e-12
1.73435 1.56784e-08 1.43722e-13 2.47982e-08 1.61457
2.79539 2.82612e-14 9.59111e-20 2.40158e-06 0.122886
2.37909 0.00557477 4.93094e-13 4.16931e-33 0.0350443
2.17644 0.813395 7.64227e-12 4.20573e-40 0.00986826
2.41951 1.11461e-09 3.341e-10 3.6694e-17 2.73547e-09
2.18343 1.61691e-06 7.18455e-07 6.12841e-10 5.87894e-08
2.33827 0.724116 7.44969e-17 1.44257e-11 1.46927e-07
2.09066 0.00486098 2.39098e-14 1.05616e-07 0.0168124
2.38831 1.03459e-06 2.81241e-16 3.33982e-33 0.00445454
2.15621 0.00265814 1.83211e-14 1.91694e-06 2.46348e-16
2.10555 0.0485971 3.47057e-25 1.75972e-12 0.0115723
2.18891 0.0084883 2.30836e-20 4.19861e-18 6.99918e-09
2.17237 9.0976e-05 3.66437e-06 7.68711e-05 5.60654e-05
2.29064 2.35394e-05 0.302799 6.50829e-36 1.55624e-16
2.25372 0.362596 4.18379e-12 1.14712e-15 3.06753e-06
2.42227 2.3914e-07 0.0483892 5.70906e-14 0.00436048
2.27504 0.00675724 1.32221e-09 2.72785e-44 0.285187
2.59244 5.62079e-05 5.7812e-09 1.85646e-27 0.000551029
2.24034 1.14086e-06 0.000193711 0.0249166 9.20926e-27
2.49762 0.000169345 1.10018e-25 1.65326e-06 2.4427e-07
2.42087 2.39159e-05 2.29103e-11 2.28999e-11 0.00817391
2.30391 2.14635e-09 1.68166e-15 1.65549e-05 0.217059
0.263017 0.0270142 2.44193e-11 2.37617e-21 2.26418
2.24225 6.86159e-06 7.2484e-08 1.05678e-06 0.00891573
2.3904 0.490515 4.58079e-15 2.57136e-11 0.00634734
2.28723 0.000569945 2.84127e-09 1.54701e-13 0.582139
2.34576 0.0012574 1.88207e-06 3.04051e-16 3.52743e-05
2.47711 7.29437e-07 4.61097e-16 6.79853e-09 1.55262e-14
2.22005 0.501531 7.27473e-25 3.25606e-15 0.0415655
2.01069 0.102866 0.00113464 0.156931 2.86738e-11
2.74404 0.20747 1.81687e-11 2.40062e-11 1.10427e-06
1.26178 8.59694e-08 1.92252 8.58651e-05 1.4122e-13
2.77878 0.0118305 2.05042e-16 3.16937e-13 0.00159481
2.11978 0.0655566 1.25171e-09 1.99711e-12 3.40356e-08
2.29665 0.0988593 5.84357e-31 6.28932e-13 0.0332106
1.9494 0.00123582 1.4314 3.14437e-21 0.000260691
2.04123 0.00161557 4.30366e-10 2.5461e-22 1.53971e-09
2.15132 3.56995e-09 1.91608e-18 1.84526e-07 0.183356
2.27534 0.0373961 6.73896e-24 4.2264e-11 0.212267
2.31418 1.10941e-09 1.99796e-20 4.56279e-10 0.359512
2.26784 3.54389e-05 7.76764e-16 1.83663e-07 6.07216e-06
2.29497 0.0290362 1.16436e-09 1.51864e-21 0.0187293
2.37659 0.000287761 3.67239e-16 1.02865e-24 4.04326e-06
2.64344 3.34875e-08 2.32108e-06 1.50028e-05 1.84929e-08
2.65122 0.0141788 6.52693e-24 1.89278e-15 4.13126e-10
2.34266 5.60859e-10 1.38955e-12 0.0572243 0.00347154
1.70176 1.33504 1.26739e-12 2.15919e-09 1.09257e-09
2.66997 7.90158e-05 6.48323e-20 2.8151e-10 0.00154153
2.39607 0.000785473 2.69376e-08 6.15095e-08 0.25152
2.1904 0.00458155 1.76574e-31 8.76907e-17 0.784986
2.27594 3.44857e-11 1.01029e-11 3.07707e-12 1.92707e-05
1.56641 1.4734 4.17841e-25 5.43773e-10 4.57789e-13
2.19914 0.0717723 7.6767e-29 1.10806e-07 0.00106292
2.45703 0.455445 2.21681e-08 3.37453e-17 0.00209779
2.43934 0.892918 1.8517e-18 8.44577e-08 0.0101102
2.3538 2.35213e-13 2.15893e-29 9.03088e-15 2.72004e-10
2.46502 2.49141e-11 2.69618e-06 6.24398e-10 0.00150627
2.29249 1.28757e-07 1.52017e-07 2.01707e-27 1.43757e-08
2.29279 0.000204484 1.34509e-08 5.27802e-06 0.0802803
2.31699 1.12459e-08 1.05341e-21 0.0136338 5.86812e-11
2.02921 1.60636 5.33763e-08 3.78603e-20 3.22279e-07
2.21774 8.66238e-15 1.59775e-08 6.76404e-09 5.05258e-11
2.3639 1.45103e-05 3.55104e-08 1.84802e-07 0.446548
2.28164 2.5764e-07 3.51545e-15 5.98275e-09 0.000100237
2.22536 0.0153564 2.83644e-16 1.32933e-12 5.6097e-08
2.01565 0.00212656 2.16169e-12 1.97241e-14 1.37011e-07
2.28761 0.0198256 1.35695e-10 1.12247e-17 0.139021
3.03316 0.000138825 1.78406e-17 7.58336e-18 1.63502e-06
2.27482 0.307243 0.276578 0.000205403 4.30643e-08
2.56184 1.58741e-07 1.8688e-29 2.77197e-17 8.04898e-05
1.29444 1.58537 2.65751e-27 2.96463e-09 7.34749e-13
2.6039 2.90782e-11 1.33315e-11 3.34102e-09 0.000218363
2.43894 0.0602374 4.33348e-28 1.92007e-05 4.58736e-08
2.37866 8.50609e-15 1.13862e-11 5.85591e-16 0.140653
1.69138 0.108762 1.55638 5.6383e-11 3.32063e-11
1.69443 1.72165 4.38301e-07 1.23031e-13 2.19611e-06
2.19032 0.737622 0.000423363 3.55871e-20 2.89907e-12
2.32604 4.03667e-05 3.9916e-05 5.37352e-29 1.19351
2.04 5.84894e-07 1.51935e-18 4.977e-08 2.63925e-05
2.18957 1.16973e-07 8.30413e-10 0.000364331 8.28869e-10
2.39572 1.19713e-08 8.69007e-32 6.89318e-13 1.19722e-06
2.07133 0.000626853 2.95702e-16 1.69563e-09 1.64823e-05
2.38968 9.57306e-11 6.06075e-09 1.4706e-09 6.57455e-21
2.10945 0.00620745 4.88196e-17 0.00425697 1.46549e-06
1.55977 4.30534e-10 3.81582e-08 0.000734831 1.17172
2.23966 4.01199e-12 2.08736e-08 5.44083e-18 0.000229964
2.16155 0.00903528 2.73797e-68 1.43038e-16 3.54801e-11
1.98227 6.68219e-15 9.22402e-09 5.68254e-15 4.36971e-15
2.07197 1.55251 7.00969e-23 0.0275433 2.50571e-07
2.02809 1.28673 2.6671e-14 2.44425e-08 0.0250219
2.85964 5.4338e-15 8.40927e-21 4.6619e-17 0.000178383
2.39245 0.167731 2.04558e-26 2.9565e-08 4.04791e-06
2.03667 2.79748e-09 3.86789e-05 1.83334e-17 4.46676e-07
2.15645 0.0152449 8.78112e-07 4.7533e-15 0.00239623
2.64431 7.34535e-13 6.77687e-07 0.0216088 1.71718e-05
2.02444 0.921179 4.83311e-10 1.2569e-16 2.54874e-06
2.15425 0.0028739 4.3231e-07 8.19629e-16 4.23601e-15
2.06627 2.10472e-05 6.00186e-10 4.10505e-09 1.03681e-11
2.32761 0.037577 7.62087e-11 7.09107e-18 0.111219
2.45222 0.000745013 2.66458e-16 1.04011e-16 0.000590525
0.81528 0.000305545 4.55555e-19 2.53743e-08 2.54085
2.54911 3.36903e-05 2.71393e-39 1.56843e-17 2.34432e-09
2.4344 0.322245 5.30279e-21 1.71038e-11 4.04902e-10
2.22308 9.61747e-15 1.12153e-13 0.000127197 5.84224e-12
2.30484 6.16371e-12 0.00087507 1.24394e-10 8.09965e-12
2.85017 0.0204223 3.09866e-16 4.24894e-17 1.44969e-08
2.30535 0.00183649 9.38673e-08 4.15263e-14 8.99246e-11
2.43625 0.00478376 1.19394e-05 1.57614e-10 4.66384e-07
1.68061 0.0112826 2.0763e-16 1.17114e-10 1.45453
2.26049 0.000495818 1.79265e-33 9.83498e-10 2.68996e-05
0.848584 2.00774 9.98767e-08 0.00145048 9.27011e-06
2.02641 4.83141e-14 2.82762e-17 2.7674e-25 3.15366e-07
2.3533 1.11842e-06 1.10911e-09 0.596537 0.144562
2.12398 0.0138043 2.43792e-05 2.49479e-20 2.21307e-08
2.47377 1.9608e-13 3.93733e-06 1.30865e-06 4.74386e-06
2.016 2.36127e-10 2.6815e-19 1.97822e-22 1.08659e-06
1.05403 8.28733e-13 5.03441e-14 9.71692e-07 1.80214
2.38727 0.369757 1.55723e-28 1.07681e-28 6.30266e-10
2.74013 2.78005e-05 0.00374595 3.67243e-16 1.98867e-07
2.50887 0.269759 8.20886e-14 2.55622e-15 4.06692e-16
2.17578 0.522502 1.21985e-19 1.35251e-23 0.27588
2.24135 5.44504e-05 5.12913e-23 5.16517e-17 1.99346e-19
0.608533 2.09219 7.23883e-10 0.00496906 0.0704882
2.12272 0.00253636 6.48811e-10 8.66804e-06 1.26744e-07
2.73863 0.246928 0.106769 1.7389e-08 0.30076
2.2353 1.3055e-07 1.23928e-07 1.14512e-17 4.57765e-05
2.11686 0.0509114 1.09715e-23 1.68732e-16 0.136286
1.38645 2.01179 3.21029e-16 2.15294e-14 0.0389704
2.25785 5.99078e-09 5.06855e-15 2.04918e-27 4.39111e-09
0.280532 1.15668e-09 3.44035e-13 1.65437e-17 2.1055
2.46321 0.95027 3.11113e-22 1.3561e-23 0.0286389
2.30853 1.6675e-08 7.83326e-18 1.87994e-16 7.1696e-07
2.43393 0.00369802 9.21604e-27 1.86629e-32 0.0386417
2.15211 0.000544229 1.13352e-12 2.76885e-15 0.000104139
1.97931 1.55769e-14 5.9826e-20 1.31e-15 0.832564
2.28707 0.0329834 3.18082e-16 2.01845e-14 2.93116e-07
2.5207 2.89895e-06 2.64288e-21 1.60925e-05 0.000113904
2.26638 0.0431983 4.43065e-16 0.00679374 2.42578e-05
2.45539 3.43976e-07 1.36334e-14 7.07884e-29 1.17881e-08
2.56523 0.00288836 9.49995e-20 6.73787e-14 0.00109741
2.30303 5.77299e-11 8.60601e-05 5.35998e-16 0.00997737
2.08078 8.89201e-07 7.60234e-16 5.06755e-12 4.47686e-17
1.9714 0.652804 1.65888e-07 7.70918e-31 0.0659049
2.01272 0.000362946 2.68148e-21 3.20674e-12 2.03418e-14
2.30489 0.00492265 2.37742e-08 4.88651e-05 0.0308527
2.17296 0.451687 1.95945e-19 5.04348e-11 0.0182022
2.36285 2.51179e-06 1.19457e-16 3.50968e-18 0.0239503
2.28541 7.42878e-07 3.96336e-09 3.81439e-18 0.00571858
2.56693 6.90871e-09 1.12999e-15 2.14199e-07 0.00203004
2.22882 0.002094 2.11052e-25 2.11865e-09 0.00228359
2.46343 4.67018e-11 1.09468e-17 1.7326e-12 0.0740602
2.65926 1.68058e-08 3.22849e-05 3.39139e-06 0.265827
2.49622 1.47249e-10 9.25192e-13 2.78392e-21 0.171546
2.26235 0.120568 5.19928e-16 7.16022e-12 1.77903e-07
2.67382 0.013554 3.06251e-14 4.89908e-14 1.14974e-16
2.31932 0.0262478 3.56568e-11 1.5815e-28 6.69365e-08
2.45867 0.00719511 7.83391e-08 2.48356e-17 3.58367e-12
2.70055 3.1648e-11 3.8532e-24 3.84766e-11 3.88123e-09
2.59212 2.37888e-07 8.78712e-35 0.000125562 8.52169e-12
2.16244 0.000129447 0.443022 1.4393e-14 6.78534e-14
2.14234 0.00130268 6.03429e-12 6.41078e-16 8.27235e-07
2.07622 0.631862 2.24095e-34 3.4009e-09 1.75778e-12
2.15489 0.000225135 1.86709e-11 2.53512e-10 0.292368
2.43634 0.000228971 6.36689e-20 2.51374e-15 1.36531e-08
2.68992 4.28114e-08 2.03117e-09 2.43045e-09 9.97018e-05
2.72867 1.53047e-05 7.37989e-13 1.52116e-13 6.96055e-14
2.1445 0.00313227 4.93084e-12 0.0136759 0.00018183
2.4472 4.92348e-09 4.42466e-11 4.13452e-13 0.191777
2.27495 2.41817e-05 2.90839e-10 2.99694e-10 3.57427e-07
2.28077 0.00536319 2.5764e-08 9.47326e-24 1.02452e-14
2.36036 0.128949 6.77049e-14 0.504363 1.16265
2.10971 9.27286e-12 2.52804e-05 0.000495238 0.00180136
1.13383 1.87414 1.25109e-16 2.59753e-10 1.63799e-07
2.03973 0.000159115 5.02082e-28 6.45773e-10 1.90217e-05
1.23246 8.52354e-08 4.05268e-11 1.58798e-21 1.76931
2.44424 1.07262 7.24726e-11 2.40781e-15 1.62387e-19
1.83953 2.58633e-05 2.39407e-12 9.72403e-33 1.43307
2.14427 2.27111e-11 1.64219e-09 1.31568e-20 0.00186185
1.11175 1.84722 1.97177e-11 6.20693e-15 7.16307e-06
2.39946 1.46075e-21 1.66234e-14 6.60661e-30 9.569e-06
2.26146 0.0907244 8.19804e-11 1.17822e-27 1.31435e-05
2.676 2.29338e-13 4.49405e-13 4.33336e-06 2.20006e-10
2.29035 1.78426e-05 2.3156e-22 4.32027e-09 0.000149483
0.00989972 2.62223 2.79183e-20 2.21326e-05 0.0173623
2.44004 9.9521e-05 1.47328e-08 0.00172097 0.0639729
2.41431 2.15399e-05 4.251e-19 3.97086e-12 0.00598605
2.35112 6.21663e-08 2.1236e-33 0.00051014 0.0477861
2.01531 0.658661 0.00010792 5.04472e-26 1.51557e-31
2.66594 2.41308e-07 9.39487e-25 1.44972e-07 1.20191e-05
2.45326 2.68505e-09 7.91262e-32 1.67048e-22 0.000159223
2.12957 2.69689e-18 1.13125e-12 9.57108e-20 2.85876e-07
2.42929 1.9386e-05 9.54803e-13 8.06273e-13 0.0513244
2.21895 9.34129e-11 3.06547e-36 1.17004e-06 1.02148
2.19715 0.133866 9.39856e-05 1.06817e-30 1.72704e-11
2.80964 0.0105632 5.2204e-15 4.02414e-10 1.39844e-12
1.90118 0.000249018 4.00016e-05 3.50821e-19 1.1574e-05
2.21107 0.00021752 6.76743e-22 1.35655e-10 3.26435e-09
2.6272 0.177665 4.42163e-12 6.06293e-14 0.135118
2.40988 0.265418 1.4743e-11 8.66718e-05 0.0389985
2.13788 0.59155 9.78066e-18 2.38083e-16 0.0100019
2.16499 0.609764 8.60408e-10 1.06934e-08 0.000287163
2.62405 0.0575922 1.51051e-31 1.06459e-14 9.74342e-06
