27 0.311418
0.000225697 0.727097 18.5508
0.722301 2.32049e-05 16.7892
0.870087 0.904498 13.8626
0.923768 0.251925 14.4183
0.835311 0.127824 14.6203
0.814144 0.122406 14.2261
0.802032 0.0648995 14.8159
0.997801 0.102217 14.5307
0.994048 0.19769 14.6515
0.782899 0.0358486 14.6149
0.896431 0.153357 14.4375
0.7467 0.277296 15.1726
0.420365 0.846002 17.1004
0.81252 0.158766 14.2072
0.736485 0.21438 15.8208
0.0415209 0.85249 17.2116
0.87607 0.0300053 14.343
0.804006 0.0871794 14.8964
0.836997 0.0987505 14.4835
0.880551 0.0683349 14.2359
0.83017 0.35776 14.9
0.657537 0.00206759 16.3123
0.793633 0.00481091 15.1911
0.835337 0.00994654 14.6032
0.714757 0.0992859 17.2047
0.50381 0.353044 17.1981
0.666688 0.290854 16.3236
0.757425 0.224538 15.2781
0.855768 0.135502 13.7876
0.875636 0.0145613 14.0896
0.0878363 0.54376 18.5489
0.83279 0.00458796 14.1432
0.646913 0.442788 16.7046
0.714757 0.0992859 17.2047
0.835311 0.127824 14.6203
0.31498 0.722455 17.672
0.905143 0.769051 14.5491
0.844096 0.135986 14.0581
0.927734 0.143667 14.6389
0.890771 0.0345339 14.5653
0.756334 0.178709 14.4879
0.912419 0.0733005 14.8987
0.793538 0.0948566 14.319
0.80073 0.0037905 14.2854
0.959486 0.212774 14.5323
0.89475 0.840107 13.9441
0.830083 0.0751085 14.5116
0.928153 0.340502 14.7156
0.730698 0.076518 15.7114
0.918532 0.105695 14.6761
0.93106 0.00760852 14.2744
0.885217 0.0168864 14.0753
0.798467 0.149618 15.0464
0.780352 0.0297339 14.982
0.909505 0.00542695 13.9971
0.912201 0.0381505 14.3575
0.872513 0.00588971 14.7634
0.899341 0.000118348 15.0514
0.887284 0.883953 14.4016
0.802285 0.893345 14.3715
0.803875 0.000796905 14.6907
0.836116 0.0623102 14.3643
0.731784 0.219941 14.7271
0.673199 0.00474383 15.9796
0.924129 0.286143 14.6398
0.829488 0.0625629 14.5387
0.735691 0.282081 15.7138
0.725263 0.265427 15.3002
0.864413 0.154579 14.4307
0.808495 0.0477032 14.0324
0.793538 0.0948566 14.319
0.942383 0.00201029 13.8992
0.738385 0.0453491 14.8082
0.916741 0.0128818 14.492
0.994048 0.19769 14.6515
0.860417 0.11519 13.3432
0.0878363 0.54376 18.5489
0.929651 0.0402018 14.3326
0.807515 0.0258071 14.5568
0.830083 0.0751085 14.5116
0.787828 0.0695444 15.616
0.830473 0.160566 14.3344
0.54319 0.37333 17.7546
0.908082 0.0395624 14.4045
0.993678 0.0326205 14.2292
0.736485 0.21438 15.8208
0.738385 0.0453491 14.8082
0.942898 0.224899 14.4832
0.782899 0.0358486 14.6149
0.730698 0.076518 15.7114
0.863166 0.112107 14.1936
0.725263 0.265427 15.3002
0.911255 0.646002 14.6004
0.912556 0.194037 14.2378
0.923375 0.0903006 14.8418
0.85119 0.175184 14.4193
0.727759 0.368208 15.8948
0.787474 0.225101 14.0277
0.89666 0.0828836 14.3326
0.887284 0.883953 14.4016
0.748425 0.00229485 14.792
0.892256 0.00888216 14.7403
0.828034 0.15004 14.7825
0.757425 0.224538 15.2781
0.0698326 0.405277 17.8939
0.93106 0.00760852 14.2744
0.844475 0.147432 14.6659
0.81252 0.158766 14.2072
0.83988 0.00628731 14.4198
0.877055 0.143857 14.2156
0.60312 0.110719 16.4811
0.979852 0.142741 14.3105
0.723116 0.218785 14.8497
0.733848 0.39559 16.1334
0.923768 0.251925 14.4183
0.878496 0.172241 14.408
0.802032 0.0648995 14.8159
0.461703 0.505606 17.6074
0.840688 0.0963439 14.8869
0.814992 0.0168623 14.6422
0.922414 0.034362 14.1184
0.875636 0.0145613 14.0896
0.746006 0.0936887 14.8407
0.883456 0.119727 14.496
0.50381 0.353044 17.1981
0.175703 0.876523 16.7689
0.898095 0.0219206 14.5076
0.682567 0.00275035 16.122
0.784158 0.0299848 14.4421
0.647182 0.256241 16.2724
0.671384 0.26244 15.4001
0.916206 0.124389 14.7508
0.929651 0.0402018 14.3326
0.361745 0.766298 17.4708
0.0270742 0.865159 18.4387
0.923375 0.0903006 14.8418
0.864413 0.154579 14.4307
0.754539 0.105265 14.8406
0.573302 0.369143 17.7926
0.830473 0.160566 14.3344
0.729903 0.141689 15.3973
0.918984 0.066569 14.4413
0.838304 0.00084081 14.9591
0.671384 0.26244 15.4001
0.849754 0.135811 14.3883
0.54319 0.37333 17.7546
0.89475 0.840107 13.9441
0.849754 0.135811 14.3883
0.627132 0.30377 16.7721
0.80389 0.118655 15.2743
0.793633 0.00481091 15.1911
0.772733 0.195834 14.7423
0.361745 0.766298 17.4708
0.700534 0.226948 15.2037
0.927102 0.00762486 14.1268
0.889022 0.192914 14.4543
0.728499 0.160043 15.6913
0.840688 0.0963439 14.8869
0.701694 0.0308021 14.8553
0.977899 0.280026 14.4943
0.765187 0.0726216 15.5197
0.890771 0.0345339 14.5653
0.727759 0.368208 15.8948
0.831947 0.171579 14.5933
0.885217 0.0168864 14.0753
0.848495 0.180307 14.501
0.905143 0.769051 14.5491
0.942898 0.224899 14.4832
0.369217 0.76433 17.5628
0.874596 0.0545198 14.1133
0.814698 0.0201631 14.5926
0.924959 0.113917 14.1222
0.825271 0.120353 14.5161
0.0235893 0.534639 19.3006
0.762238 0.0474193 14.3968
0.833493 0.225152 14.4004
0.872513 0.00588971 14.7634
0.523245 0.319164 17.1343
0.647182 0.256241 16.2724
0.691964 0.140076 15.6557
0.777869 0.149579 14.0351
0.844128 0.0802832 14.2936
0.828494 0.0230531 14.5404
0.896431 0.153357 14.4375
0.691964 0.140076 15.6557
0.756334 0.178709 14.4879
0.922414 0.034362 14.1184
0.880199 0.0566559 14.4379
0.892971 0.0489423 14.6824
0.83017 0.35776 14.9
0.860482 0.0650115 14.6918
0.831686 0.299304 14.2523
0.858679 0.123797 14.3694
0.839749 0.633948 15.347
0.860417 0.11519 13.3432
0.891382 0.285819 14.4888
0.978592 0.231146 14.7959
0.0698326 0.405277 17.8939
0.523245 0.319164 17.1343
0.815662 0.884498 14.033
0.919993 0.175478 14.6029
0.666688 0.290854 16.3236
0.825271 0.120353 14.5161
0.881097 0.861652 14.3269
0.828494 0.0230531 14.5404
0.853792 0.0930701 14.3621
0.940033 0.168268 13.4572
0.596462 0.570781 17.6923
0.175703 0.876523 16.7689
0.863526 0.105287 14.4642
0.844475 0.147432 14.6659
0.755454 0.215186 15.5998
0.809181 0.0292879 14.418
0.882139 0.188191 14.4637
0.822706 0.00714932 13.9768
0.948007 0.164433 14.0306
0.921721 0.0076944 14.799
0.84713 0.201011 14.5146
0.853714 0.225887 14.5541
0.897263 0.0198862 14.4347
0.797575 0.0235153 14.3507
0.771871 0.0768756 15.0772
0.854926 0.153811 14.469
0.863166 0.112107 14.1936
0.811243 0.251439 14.957
0.54332 0.318504 16.4218
0.737672 0.060139 16.1071
0.750624 0.0925904 16.0032
0.521926 0.497232 17.7426
0.924959 0.113917 14.1222
0.814144 0.122406 14.2261
0.838304 0.00084081 14.9591
0.762238 0.0474193 14.3968
0.754748 0.0276626 15.4152
0.853792 0.0930701 14.3621
0.845485 0.202882 14.0847
0.631719 0.402913 16.485
0.815662 0.884498 14.033
0.940033 0.168268 13.4572
0.674011 0.158354 16.3323
0.941319 0.0159571 14.4122
0.940985 0.0105925 14.6197
0.802285 0.893345 14.3715
0.977899 0.280026 14.4943
0.780352 0.0297339 14.982
0.881097 0.861652 14.3269
0.808495 0.0477032 14.0324
0.858463 0.0345808 14.1645
0.797153 0.113814 14.2345
0.868833 0.141819 14.3979
0.883456 0.119727 14.496
0.675657 0.260778 16.7164
0.750624 0.0925904 16.0032
0.979852 0.142741 14.3105
0.893576 0.0176814 14.2812
0.81855 0.23273 15.7067
0.723116 0.218785 14.8497
0.844096 0.135986 14.0581
0.899198 0.0133779 14.3951
0.675657 0.260778 16.7164
0.858463 0.0345808 14.1645
0.817644 0.830369 14.1649
0.976786 0.238103 14.4987
0.737674 0.00516201 15.5205
0.748425 0.00229485 14.792
0.817234 0.148496 14.6823
0.787828 0.0695444 15.616
0.823559 0.261362 14.4641
0.918532 0.105695 14.6761
0.912556 0.194037 14.2378
0.751765 0.0574023 14.6423
0.806353 0.187027 14.042
0.810451 0.943236 14.5942
0.856853 0.147031 14.8333
0.854453 0.051979 14.1002
0.863526 0.105287 14.4642
0.0235893 0.534639 19.3006
0.80389 0.118655 15.2743
0.949613 0.200103 13.9159
0.908769 0.0771154 14.04
0.733848 0.39559 16.1334
0.854453 0.051979 14.1002
0.835337 0.00994654 14.6032
0.834816 0.0915343 14.3889
0.824742 0.192317 14.2957
0.469172 0.498825 17.2535
0.777869 0.149579 14.0351
0.737672 0.060139 16.1071
0.571463 0.0846315 16.5146
0.631719 0.402913 16.485
0.662653 0.510372 16.7736
0.833111 0.158281 14.1445
0.752165 0.386166 15.6588
0.682567 0.00275035 16.122
0.573302 0.369143 17.7926
0.571463 0.0846315 16.5146
0.834816 0.0915343 14.3889
0.461703 0.505606 17.6074
0.731725 0.0141379 15.8176
0.646913 0.442788 16.7046
