3 0.108519
8.20547 1257.33 973.788 14043 14080.2
0.00352916 1.30204 85.1215 14040.7 13820.3
3231.72 1022.21 198.479 168.581 19880.2
10.111 14.6124 29.6216 13.8194 20285.4
988.894 19496.9 6672.98 7275.25 4010.53
1421.42 434.95 21632 4406.64 225.864
2.0245 28.751 565.871 171.816 19190.1
17390 964.469 1344.29 6405.34 5028.13
1739.25 1521.45 21443.9 3947.3 2055.22
11.2828 0.0120104 69.3883 21067.5 409.508
7724.02 4601.45 12217 465.44 12057.2
180.049 125.191 311.867 577.3 19942.6
873.891 12927.4 12147.5 1037.78 2849.01
16476.2 8754.95 381.394 1675.79 6059.91
10463.2 59.3078 8910.64 12453.7 7381.95
15402.4 5949.18 5463.27 6867.52 7916.04
564.002 912.186 3173.73 108.538 20785.5
184.052 198.217 1358.92 16535.2 13910.8
15.3115 71.0126 12608.9 16510.9 55.7022
1353.47 4.25665 813.007 21533.3 418.159
0.504048 0.000112859 1.19196 18579.8 53.098
1245.81 16065.3 6626.07 11391.2 3554.14
989.936 507.749 579.219 12652.9 15464.6
9.0201 7.69133 4566.05 326.978 19702.9
0.25655 0.029149 5.03331 1.37567 21740
8.20547 1257.33 973.788 14043 14080.2
3.43677 3.2299 10051.7 12978.7 12182
6410.91 19705.9 3711.4 24.3897 5100.96
4508.23 2431.35 6755.08 5558.76 17073.3
1248.72 12991.3 998.998 141.323 15528.1
236.428 216.868 5152.96 18437.9 0.971051
3196.99 2295.34 5269.02 774.539 17078.1
26.5335 3.25705 20.7115 18.0559 21199
3015.53 102.76 1248.66 15104.1 14838.3
242.341 241.789 161.012 131.113 20850
196.192 5.90199 194.762 189.805 19102.2
474.871 1139.96 7990.2 17631.1 109.899
3653.2 3183.47 8424.13 3664.49 15693.2
364.169 453.323 904.94 2891.98 16163.5
184.052 198.217 1358.92 16535.2 13910.8
5989.21 9677.34 937.541 879.821 17878.3
412.441 40.5332 709.463 825.679 19574.4
7749.16 7238.07 9465.76 6229.29 11957.8
305.504 11464 11473.3 5839.41 11956.6
72.8797 2002.64 516.403 0.942607 18763.5
1393.24 5878.09 136.271 6.2494 18226.1
101.014 457.377 235.258 20202.8 573.603
474.871 1139.96 7990.2 17631.1 109.899
7693.13 18331.9 2167.33 4.25529 8017.34
156.661 2.43994 19999.2 676.746 22.0278
8301.06 2699.28 7533.47 14768.7 8565.59
12007.2 9331.72 11148 8022.88 4072.2
4089.58 4720.96 3157.18 16319.6 9934.49
62.2945 173.139 3018.15 18655.5 9446.52
729.411 3334.42 3337.27 9356.43 17798.1
7478 307.058 4177.85 12274.5 15190.3
0.0545042 0.0246277 2.54396 2.29723 19414.7
286.901 4469.68 14406.6 8.6281 13914.5
17584.8 8780.88 2324.08 9914.24 1239.1
158.358 2892.66 3307.88 8789.14 18283.6
49.806 1201.66 88.4848 36.8356 21534.9
242.907 468.866 664.666 12720.5 13945.7
1731.82 6219.52 9273.07 17410.7 114.866
3643.45 13527.7 392.944 13189.3 2777.01
81.842 13.2456 2601.99 19711.5 5168.21
10.4986 19.326 329.371 19651.4 2574.37
117.6 2045.75 1222.18 1150.87 19640.3
2026.79 4232.68 6455.28 8396.21 15838.1
14.2141 0.000307967 105.242 19224.4 10448.1
989.936 507.749 579.219 12652.9 15464.6
2444.48 174.118 5580.71 19508.1 2060.67
602.031 979.59 21000.4 9482.38 5.95178
22.4342 426.55 543.104 20.7891 20967.7
285.716 248.945 1949.24 3058.82 17719.6
297.527 353.572 1943.29 10668.3 20155
1186.29 4400.03 13783.8 16165.3 1524.27
47.4384 25.1009 71.8179 3003.25 20132.8
4288.61 6388.2 12515.8 13847.2 7452.84
17304.5 2291.52 1549.95 33.4633 4163.7
8814.26 6381.44 12110.3 9990.14 3298.35
1946.38 2922.95 10889.2 15285.7 19.245
110.809 144.856 237.493 19176.8 2662.17
103.107 757.944 3050.31 3217.83 19992.7
4766.18 222.575 7336.18 3062.27 21623
364.169 453.323 904.94 2891.98 16163.5
196.192 5.90199 194.762 189.805 19102.2
438.524 599.584 439.656 2845.78 20582
4084.84 11366.2 6967.24 3419.23 11918.7
92.3007 48.643 402.924 387.606 21170.3
2552.41 10390 4724.16 17801.3 3494.2
4337.38 8894.78 9544.24 1649.99 13324.2
3969.97 3497.64 8827.88 16526.9 3827.2
8723.34 12781 13750.1 5028.14 1251.44
127.867 884.824 4784.65 16818.8 7721.47
7478 307.058 4177.85 12274.5 15190.3
4067.45 8255.27 4962.59 5624.82 17388.4
1336.03 3113.39 6348.29 17515 222.621
1446.6 7180.43 3785.28 12.0657 19838.7
15447.4 6952.19 7877.56 5993.35 3269.46
4015.85 4063.79 4881.29 17477.3 7020.1
10.111 14.6124 29.6216 13.8194 20285.4
18.9471 40.8369 201.903 287.118 20782.3
0.0653251 0.0841472 0.792528 0.563259 20255.5
107.023 12281 4348.76 2495.64 14975.6
13349 1546.13 3274.02 12123.3 10336.2
5714.32 1849.27 3706.68 5184.68 18899.7
156.661 2.43994 19999.2 676.746 22.0278
2467.4 6075.84 2032.58 17236.4 6420.1
42.3639 0.184271 373.11 19545.8 2860.58
2485.65 6898.45 586.482 0.0984445 17171.2
269.802 661.706 7564.49 17115.8 7659.16
8679.05 5876.66 1645.38 5452.87 14389.6
210.503 844.221 2195.4 19660.4 182.529
96.2693 224.577 13148.5 9860.78 11158.4
295.964 1097.73 6111.7 16787.2 134.823
4371.54 8085.14 3491.48 11248.2 12364.3
7.04337 15.624 27.5801 11.6302 20627.8
3445.89 1652.07 1.0166 317.314 19135.9
2808.23 11081.6 16330.7 1080.96 6483.78
79.1676 4315.91 344.135 21192.9 166.999
11.2828 0.0120104 69.3883 21067.5 409.508
1056.18 3376.41 226.226 33.5229 19196.6
0.103623 0.133181 0.0384171 3159.23 20281.6
3295.9 18906.8 2465.07 1822.46 6327.74
2083.75 1977.29 2169.06 18827 1194.12
4936.95 7573.04 13436.4 11922.4 3681.51
13077.5 4872.65 10029.7 61.7517 11275.5
4371.54 8085.14 3491.48 11248.2 12364.3
5989.21 9677.34 937.541 879.821 17878.3
16476.2 8754.95 381.394 1675.79 6059.91
0.103623 0.133181 0.0384171 3159.23 20281.6
17389.5 1989.06 565.001 11904.7 96.0546
24.8057 0.103276 18.5984 8129.2 17670.5
13.181 14203.7 10796.6 6547.23 4958.09
16071 8084.36 4325.67 4242.93 5065.53
3445.89 1652.07 1.0166 317.314 19135.9
258.188 77.1359 0.316403 29.0186 21181.6
873.702 190.27 211.697 735.338 19124.8
0.0653251 0.0841472 0.792528 0.563259 20255.5
864.781 1942.55 1069.44 1510.44 20610.6
15447.4 6952.19 7877.56 5993.35 3269.46
2552.41 10390 4724.16 17801.3 3494.2
1566.4 160.805 0.595987 11.5735 19555.4
26.5335 3.25705 20.7115 18.0559 21199
103.851 175.63 492.992 17672.4 8485.25
1879.11 1614.79 6026.32 536.735 17674
4862.66 4307.48 8929.27 16174.2 352.988
864.781 1942.55 1069.44 1510.44 20610.6
13349 1546.13 3274.02 12123.3 10336.2
1042.38 101.579 5808.99 18853.3 7005.22
13825 142.031 9613.26 13.2433 8117.87
242.907 468.866 664.666 12720.5 13945.7
4062.59 9432.73 2068.14 15730.3 713.638
142.771 3033.66 524.243 5039.03 19002.7
0.518341 0.19477 2.59608 0.136362 19587.4
17304.5 2291.52 1549.95 33.4633 4163.7
2603.39 2178.38 12235.7 5017 13955.3
1248.72 12991.3 998.998 141.323 15528.1
6135.35 6807.13 14055 4937.61 13444.2
7.04337 15.624 27.5801 11.6302 20627.8
975.758 1198.44 19692.6 3858.77 1256.25
2028.67 1157.66 10311.9 17576.5 7810.66
7644.62 18501.1 306.585 45.9918 6817.74
54.3381 1039.23 740.742 2835.06 18254.3
29.8452 5.65899e-05 9961.61 12861.3 12328.3
7379.03 18460.1 1126 4328.35 3561.1
12360.3 1244.95 3207.83 14444.8 3067.36
5066.38 14167.8 6214.59 5.34485 12571.3
2132.87 15430.6 11065.3 1487.27 11113.4
5.85707 1.27773 37.12 0.198038 19953.3
7644.62 18501.1 306.585 45.9918 6817.74
1732.45 545.454 1127.83 4956.27 20863.5
6254.78 7122.4 10435.9 16206 886.408
282.19 1909.78 2379.42 1907.14 19093.9
203.892 58.6516 766.005 21631.4 20.0739
76.1597 527.14 383.631 19556.9 13.3838
8828.97 5880.22 823.2 15193.9 1747.06
3643.45 13527.7 392.944 13189.3 2777.01
20441.8 2150.13 1446.68 5134.9 4549.78
1887.99 17997.7 3276.61 11.8189 11461.3
3430.51 11194.3 1993.05 16.8209 16011.7
854.955 3833.62 18640.5 5247.17 4025.86
1532.04 1616.94 6150.62 6880.61 17619.5
2551.99 3770.91 2770.15 11213.8 19471.6
0.0545042 0.0246277 2.54396 2.29723 19414.7
49.806 1201.66 88.4848 36.8356 21534.9
1115.05 2019.48 15794.2 14.313 8606.11
5852.32 1343.67 6005.06 16.6276 20469.5
94.8038 199.001 706.613 444.838 20860.7
805.77 1349.2 1051.73 17427.4 7275.67
10398.9 27.1659 11951.9 11806.5 332.63
210.503 844.221 2195.4 19660.4 182.529
96.2693 224.577 13148.5 9860.78 11158.4
7.14298 2.77588 26.7908 4.6824 23069.1
9.0201 7.69133 4566.05 326.978 19702.9
21307.6 280.322 4089.58 8503.41 510.934
1732.45 545.454 1127.83 4956.27 20863.5
992.211 714.486 1146.04 19475.2 2244.12
370.442 10761 10830.2 12207.7 6172.04
4904.41 2157.6 9195.1 265.024 17473.7
1353.47 4.25665 813.007 21533.3 418.159
14.1078 9.19224 28.0993 20.2685 21555.7
5287.47 6222.23 11139.9 14405 4816.72
42.3639 0.184271 373.11 19545.8 2860.58
78.213 36.9132 78.2751 5876.95 21597.1
1242.87 689.982 17072 7344.61 3020.89
1393.24 5878.09 136.271 6.2494 18226.1
236.428 216.868 5152.96 18437.9 0.971051
10.4986 19.326 329.371 19651.4 2574.37
82.2045 94.9027 16533.9 14540.9 441.576
18.6808 19.8614 19646.9 3951.6 474.652
4490.05 4821.87 11470.1 12272.5 6549.5
1242.87 689.982 17072 7344.61 3020.89
173.956 433.377 9595.28 11866 15363.4
1377.32 814.698 19663.6 4868.4 5184.91
3430.51 11194.3 1993.05 16.8209 16011.7
1013.15 4260.84 7307.92 16806.5 9024.53
2097.15 11097.9 6642.63 14948 4943.52
1094.48 1978.92 124.885 14235.8 13117.7
0.41547 1939.98 158.741 20684.6 4351.95
2603.39 2178.38 12235.7 5017 13955.3
41.6434 79.3457 414.748 20705.7 844.484
1186.29 4400.03 13783.8 16165.3 1524.27
1336.03 3113.39 6348.29 17515 222.621
805.77 1349.2 1051.73 17427.4 7275.67
6698.2 2663.97 1960.76 17396.8 4180.55
2753.91 5925.49 12738.4 1689.82 14167.3
17389.5 1989.06 565.001 11904.7 96.0546
17061.6 3555.76 405.023 174.811 9723.54
3880.74 155.462 8555.19 12451.1 14729.9
12360.3 1244.95 3207.83 14444.8 3067.36
3690.46 9486.12 15786 6672.7 3661.02
2467.4 6075.84 2032.58 17236.4 6420.1
8828.97 5880.22 823.2 15193.9 1747.06
282.19 1909.78 2379.42 1907.14 19093.9
2485.65 6898.45 586.482 0.0984445 17171.2
12007.2 9331.72 11148 8022.88 4072.2
269.802 661.706 7564.49 17115.8 7659.16
5586.07 4092.02 1636.66 28.412 18643.3
103.851 175.63 492.992 17672.4 8485.25
4904.41 2157.6 9195.1 265.024 17473.7
50.0249 74.4525 231.983 340.089 21962
7795.75 11145.4 1147.65 39.3161 15121.5
4766.18 222.575 7336.18 3062.27 21623
295.964 1097.73 6111.7 16787.2 134.823
101.014 457.377 235.258 20202.8 573.603
415.185 15.2127 408.861 623.339 20145.5
78.213 36.9132 78.2751 5876.95 21597.1
21307.6 280.322 4089.58 8503.41 510.934
2.7816 2.03006 43.0784 12.4124 19801.2
285.716 248.945 1949.24 3058.82 17719.6
975.758 1198.44 19692.6 3858.77 1256.25
24.2259 3545.6 1276.41 155.741 19827
9238.85 1176.11 7941.06 15892.5 2289.4
873.702 190.27 211.697 735.338 19124.8
7724.02 4601.45 12217 465.44 12057.2
439.014 961.502 1464.85 6918.5 17582
4.23706 1.17963 5829.83 18310.9 7453.72
3969.97 3497.64 8827.88 16526.9 3827.2
1478.81 8474.44 2860.21 13010.2 13620.2
103.107 757.944 3050.31 3217.83 19992.7
5328.81 3774.1 13084.3 4136.9 12869.7
1154.15 457.861 3245.78 12875.7 15384.2
4062.59 9432.73 2068.14 15730.3 713.638
0.18333 0.000561647 131.303 19663.4 986.315
5714.32 1849.27 3706.68 5184.68 18899.7
988.894 19496.9 6672.98 7275.25 4010.53
940.116 11658.3 4119.16 7721.17 15203.9
17390 964.469 1344.29 6405.34 5028.13
4084.84 11366.2 6967.24 3419.23 11918.7
3.86617 14.0287 748.316 15421.2 7732.52
104.326 29.4655 2283.55 206.067 19694.2
4862.66 4307.48 8929.27 16174.2 352.988
238.306 815.194 3288.32 4003.12 21067.2
2083.75 1977.29 2169.06 18827 1194.12
164.896 46.2902 1846.63 18357.8 20.3384
1766.74 5804.66 3608.6 2185.18 18998.1
13.9502 0.21584 5514.77 19097.2 2127.7
11084.8 515.858 7880.3 12059.5 9836.68
8723.34 12781 13750.1 5028.14 1251.44
88.7777 391.782 2467.97 16273.1 12151.7
9238.85 1176.11 7941.06 15892.5 2289.4
18.6808 19.8614 19646.9 3951.6 474.652
158.358 2892.66 3307.88 8789.14 18283.6
4490.05 4821.87 11470.1 12272.5 6549.5
127.867 884.824 4784.65 16818.8 7721.47
2808.23 11081.6 16330.7 1080.96 6483.78
352.366 1838.18 14576.8 10998.7 2348.4
3.38837 303.294 112.914 5.27791 20298.6
297.527 353.572 1943.29 10668.3 20155
115.285 401.469 1735.5 4990.47 20568.4
15648.1 10969 1371.61 8605.15 2335.04
62.2945 173.139 3018.15 18655.5 9446.52
834.686 8124.41 4704.4 16951.8 885.638
5287.47 6222.23 11139.9 14405 4816.72
10574 12736.1 305.377 257.422 9083.23
6698.2 2663.97 1960.76 17396.8 4180.55
0.518341 0.19477 2.59608 0.136362 19587.4
123.321 593.271 1202.32 197.228 18542.6
1400.41 177.602 7150.1 6800.92 16850
