575 6.27063
0.00915604 19.6682 216.704
9.37996 0.0480039 91.5641
854.321 856.872 1.49686e-11
0.717227 1.14408 2.53119
1.86047 1.25891 4.96408
0.868091 0.970752 1.95465
1.90238 1.44477 2.36595
1.39381 2.49018 2.73113
0.480993 0.466354 3.28494
0.434934 0.460749 2.20222
1.24035 1.19531 2.11919
0.723391 0.928294 2.18484
0.544504 0.668522 3.45057
0.515502 0.640883 1.99661
0.634139 0.776164 2.50574
0.440782 0.380333 2.95821
1.07906 0.336317 2.37524
1.13091 0.616165 1.87082
1.05661 0.72992 2.24316
0.0535743 0.116655 7.25697
0.499479 0.570671 2.24262
1.20635 1.28138 2.0865
2.06646 1.27905 2.90287
0.371936 0.299852 4.05921
0.88925 0.772658 2.31467
1.06733 0.735679 2.72208
1.25128 0.619613 2.95977
2.99158 0.0655597 2.32878
0.635895 0.979665 2.1442
0.407944 0.581957 2.43329
0.346675 0.427359 3.41123
1.98273 0.76298 3.2892
0.725307 0.856529 2.48736
0.573975 0.563607 2.39585
0.440782 0.380333 2.95821
2.99158 0.0655597 2.32878
1.47617 0.991814 2.89769
0.917848 1.96263 2.70102
1.72397 0.825773 2.96941
0.341454 0.431126 2.06498
0.784063 0.929407 3.44126
0.484948 0.751177 2.06746
0.574701 0.796382 2.09824
0.52031 0.686748 1.84994
0.992169 1.07805 2.3749
1.32758 1.6555 3.24459
0.245515 0.199865 4.41836
0.337058 0.520077 3.405
0.507429 0.70332 3.18002
1.49636 0.814097 2.17144
0.724317 0.64429 2.17786
0.457609 0.596927 2.0869
1.03079 0.797406 1.92265
0.679668 0.613013 2.05549
0.688752 0.559932 1.92684
0.66898 0.832959 2.23702
0.631267 0.315517 3.27006
0.687415 1.09781 3.41156
2.36061 1.36779 2.39127
1.44413 0.963582 2.16361
0.484948 0.751177 2.06746
1.04938 0.728666 3.9788
2.44867 0.481435 2.13846
1.88128 1.01801 2.32668
1.05661 0.72992 2.24316
2.44867 0.481435 2.13846
1.08487 1.08555 2.44086
0.684224 0.821408 2.09545
0.696991 0.997743 2.46921
1.09331 1.0645 2.3008
0.745813 0.660166 3.95123
0.775513 0.826574 2.43319
0.410945 0.548575 2.70905
0.295673 1.15252 2.33016
0.421936 0.870197 2.51264
0.824794 0.89021 1.63099
0.0763924 0.116615 3.10859
2.78827 0.31895 2.37312
1.53426 1.84145 2.13228
0.247867 0.295757 2.70926
0.51597 0.682013 2.36639
0.980629 0.999629 2.04716
1.08174 0.830789 2.4433
1.22067 0.945673 2.31521
1.47617 0.991814 2.89769
0.848458 1.1274 2.2733
1.32808 1.12229 2.06558
2.07043 0.461302 4.03174
1.04856 1.04833 3.8371
0.732919 0.919802 2.15976
0.688471 0.597825 2.45042
1.4415 0.755931 2.0449
1.43773 1.18129 2.44321
0.980422 1.09852 2.1827
0.32255 0.662178 3.16983
1.57165 0.579107 1.9263
1.02919 1.33411 2.43432
0.713554 1.1798 3.82983
0.754306 0.663405 2.10781
0.0763924 0.116615 3.10859
0.487709 1.28813 2.00986
0.286955 0.262494 2.84802
1.2286 1.39633 2.70276
0.819194 1.12614 2.6238
1.02297 1.24754 1.98607
1.21025 0.779489 2.28
0.980422 1.09852 2.1827
0.338269 1.16487 2.27196
0.499848 0.644137 1.92974
1.74311 0.812831 1.74232
1.1504 1.25456 3.18851
0.754306 0.663405 2.10781
0.428853 1.17484 4.86277
0.713506 1.55736 2.35497
0.284392 0.149626 4.78261
0.190781 0.271688 3.60967
0.736499 0.866424 2.45887
0.865438 0.866603 2.8094
0.605333 0.453085 2.52001
0.652656 0.55289 2.55171
0.460809 0.784109 3.14538
0.279685 0.285943 2.78025
0.914377 0.604264 2.35307
0.820738 0.961257 2.09905
0.486748 0.600884 1.76458
0.403809 0.760724 2.30507
0.274745 0.939598 3.32909
2.36061 1.36779 2.39127
0.341454 0.431126 2.06498
1.12673 1.85834 3.25554
1.55548 1.70886 2.42169
1.10916 0.606667 3.9542
1.88128 1.01801 2.32668
1.05618 0.379069 2.84932
1.0308 0.721653 2.30129
0.401402 0.794446 2.18601
0.365367 0.360373 3.16429
0.353624 0.494799 2.38102
0.507429 0.70332 3.18002
0.480617 0.661778 2.77155
2.00416 0.575507 2.21926
0.152484 0.355158 3.10481
1.29198 0.882581 2.74074
2.41297 0.358879 2.34197
0.486748 0.600884 1.76458
0.713506 1.55736 2.35497
1.02236 0.926812 2.03245
0.440512 0.52254 2.96782
1.06733 0.735679 2.72208
0.948808 0.510164 2.93265
1.13115 0.987632 2.17083
1.00412 1.11244 2.31938
0.439529 0.615672 2.09709
1.08264 1.32991 2.34133
0.0849584 0.119628 5.00264
1.07993 0.817742 2.74886
0.47482 0.493106 3.13548
0.588299 1.30344 3.40037
0.121887 0.104992 2.72466
1.35232 1.5217 3.00976
0.550847 0.536705 2.03183
0.220934 0.234644 2.92443
1.44413 0.963582 2.16361
0.567752 0.860561 1.92383
0.284392 0.149626 4.78261
0.713554 1.1798 3.82983
1.76216 0.558675 3.03823
0.719077 1.13856 2.15498
0.914691 0.863828 2.52045
1.23797 1.53399 2.92566
0.463072 0.513913 2.26075
1.14011 1.2652 3.47448
1.21025 0.779489 2.28
0.948808 0.510164 2.93265
0.229379 0.555188 2.72671
0.47482 0.493106 3.13548
0.870857 0.96748 2.55237
1.1504 1.25456 3.18851
0.531866 0.815407 2.16115
0.337058 0.520077 3.405
0.440039 0.973214 2.00951
0.857441 0.485165 2.49997
1.70536 1.24148 2.2814
1.10538 0.575841 2.62384
0.372263 0.429769 3.6165
1.04856 1.04833 3.8371
1.14011 1.2652 3.47448
0.872873 0.691082 2.85338
0.126779 0.168758 3.12372
0.479885 1.59663 2.66761
0.96758 0.615049 2.73232
2.34795 0.167697 6.30971
1.07906 0.336317 2.37524
0.422358 0.560293 2.62873
1.49636 0.814097 2.17144
1.70007 1.33449 2.67194
1.03079 0.797406 1.92265
2.1089 1.17021 2.33728
0.549113 1.33797 2.50118
0.459183 0.49818 2.40586
0.373891 1.79592 2.40772
0.496085 0.970902 3.66531
0.391318 0.780692 5.44032
0.495641 0.613243 2.46521
1.30496 1.30498 2.22359
0.630089 0.432123 2.43661
1.29198 0.882581 2.74074
0.794834 0.672968 1.80094
0.54075 0.83264 2.2606
0.33649 0.468199 2.56777
0.990353 1.11533 2.2343
0.0849584 0.119628 5.00264
1.08487 1.08555 2.44086
0.644609 0.323015 2.93464
2.00416 0.575507 2.21926
0.232829 0.381741 4.04132
0.47482 0.493106 3.13548
0.372263 0.429769 3.6165
1.53426 1.84145 2.13228
0.440416 0.440501 3.01234
0.698462 1.29927 2.47992
1.81554 0.438818 2.6209
0.371936 0.299852 4.05921
0.480993 0.466354 3.28494
0.732919 0.919802 2.15976
0.410945 0.548575 2.70905
0.276513 1.67858 3.63685
0.47482 0.493106 3.13548
0.488989 0.312613 3.02674
0.870857 0.96748 2.55237
0.465524 0.643504 2.17874
0.540525 0.437446 2.58628
0.538803 0.925974 2.60114
0.573975 0.563607 2.39585
0.957355 1.14177 3.1731
1.82333 1.69321 3.12594
0.895453 0.880449 2.03426
0.90936 0.678098 1.85797
0.540525 0.437446 2.58628
0.865438 0.866603 2.8094
0.365367 0.360373 3.16429
0.279685 0.285943 2.78025
1.04938 0.728666 3.9788
0.824794 0.89021 1.63099
2.61384 0.0736616 5.82812
1.16564 1.99923 2.64923
0.403446 1.15335 2.46909
0.658937 0.745526 2.0592
0.487709 1.28813 2.00986
1.86047 1.25891 4.96408
0.92794 0.816772 1.85877
0.630089 0.432123 2.43661
0.661193 0.460879 2.6335
0.719678 0.648849 2.34018
0.627343 0.785301 1.7822
0.994228 0.795507 2.25233
0.495641 0.613243 2.46521
0.627343 0.785301 1.7822
0.571252 1.40449 3.24735
0.521113 0.522692 2.36655
0.652656 0.55289 2.55171
0.59136 0.614371 2.9143
0.574701 0.796382 2.09824
0.457609 0.596927 2.0869
1.24035 1.19531 2.11919
0.824046 0.823311 2.16976
0.698462 1.29927 2.47992
0.64125 0.811579 2.51729
1.90238 1.44477 2.36595
0.672429 0.390814 2.67391
0.353624 0.494799 2.38102
0.466137 0.597358 2.54386
0.809585 0.571945 2.48151
0.784063 0.929407 3.44126
0.533548 1.45831 4.59018
0.116533 0.154277 3.30519
0.190781 0.271688 3.60967
0.601317 0.40169 2.63317
1.57165 0.579107 1.9263
1.05618 0.379069 2.84932
0.614564 0.794275 7.22153
0.719077 1.13856 2.15498
0.617191 1.34355 3.07787
0.533182 0.506003 2.17009
0.990353 1.11533 2.2343
0.736499 0.866424 2.45887
0.998108 0.816035 2.54968
0.340591 1.1353 2.28789
0.463072 0.513913 2.26075
0.634139 0.776164 2.50574
0.276513 1.67858 3.63685
0.218803 0.583833 2.5575
0.857441 0.485165 2.49997
0.110167 1.31395 2.85846
0.0535743 0.116655 7.25697
1.79552 1.5875 2.43303
0.440039 0.973214 2.00951
1.45003 0.590772 2.72023
0.966132 1.36697 2.49725
0.59136 0.614371 2.9143
