28 0.592345
3.06703e-07 2.73641e-06 1.15201e-07 2.29862e-05 0.00124461 0.0109533 3.86052 2333.32
239.931 2474.81 104.443 24.5487 110.371 24.7956 17.9617 247.656
0.0868396 1.51253 4.79128 0.294951 0.938207 1.71541 2949.46 109.185
0.733654 0.188479 0.335409 0.0369853 63.3824 2761.57 16.874 21.5279
0.794231 1.19826 0.887827 0.22178 0.0412387 0.664392 0.0828342 3104.93
6.35272e-09 1.66495e-07 2.33166e-06 2.58879e-07 8.24294e-05 0.0221914 8.39416 2597.97
5.55661e-06 1.17673e-06 0.000125518 0.000292134 6.0553e-07 0.023811 7.65408 2370.13
2.00092 10.9601 0.991773 2544.27 57.5141 162.584 136.024 12.6363
86.2778 36.9275 7.93224 1.27956 2910.85 26.905 18.0967 22.4718
4.85939 45.4618 2554.04 203.002 25.8359 88.7728 26.3783 15.0161
2.70459e-08 5.72753e-09 6.10939e-07 3.15756e-06 0.000113389 0.0233636 7.41557 2296.28
39.3677 2.39737 10.5575 167.903 1552.05 139.079 3.23044 0.0788306
0.00039059 2.63062e-05 0.0145186 0.0327789 0.0102493 1.83109 0.000240202 2189.68
0.000393881 0.000298062 0.000288645 0.00574317 0.00568975 7.55822e-05 2.78647 2233.76
2368.67 202.267 98.9102 26.1887 55.4057 23.0946 204.279 56.0346
361.649 14.4504 17.2482 1643.35 20.2074 303.176 40.6282 62.7116
2173.06 88.5722 39.8081 82.1853 41.5421 144.415 134.288 11.7238
807.979 8.05232 80.6528 53.0191 2.38095 1844.55 39.359 148.768
0.00334607 0.00265505 0.000673178 0.554683 0.4771 0.122527 934.144 1666.13
196.878 2020.85 204.374 203.293 37.2241 224.019 4.67138 5.8976
404.2 46.1637 116.797 1821.66 177.546 207.507 16.5613 20.2756
29.5666 12.6547 2.7183 0.527401 999.475 1687.18 16.1041 291.529
161.567 2403.2 67.8416 36.8621 55.4748 234.136 17.6174 27.1153
220.746 2276.93 96.0917 67.7333 28.8781 22.582 16.9699 227.428
176.468 2087.51 113.55 22.1228 10.9157 162.766 185.994 5.62338
3.25147 43.821 600.63 5.34052 233.307 964.933 595.655 170.116
0.028665 0.0346709 2.2057 3.92865 0.579165 214.083 0.0280833 1955.96
67.5305 37.478 1332.89 738.316 45.4456 169.523 22.2887 197.465
285.918 111.847 66.1546 1591.28 337.315 136.884 3.25443 17.0634
31.8833 3.03155 2457.9 82.4818 132.392 64.9013 14.8717 22.2116
2126.86 280.13 6.00718 21.3331 99.7653 334.569 2.99959 94.9366
1778.23 112.477 247.857 124.746 164.238 71.5396 20.5728 100.286
73.8463 48.1636 969.744 110.257 19.942 76.4011 1340.37 354.947
9.20914 0.878921 0.203947 35.7302 454.487 534.114 1300.92 57.0334
2.06668 28.2537 2.53721 662.973 187.212 79.7054 1219.94 21.1243
336.767 404.055 97.635 62.8411 106.203 39.4008 1478.82 48.9645
357.827 151.564 247.515 6.69173 31.2942 104.947 44.3976 1782.4
33.9862 13.3873 2404.43 188.104 24.2948 83.4776 21.9581 14.1059
27.9506 24.1752 21.7505 421.156 343.316 30.8814 1175.41 616.762
316.984 380.319 91.8994 59.1495 99.9638 179.256 1592.77 89.1139
763.777 155.211 19.851 15.9566 160.516 1206.55 40.6968 127.123
12.9469 2.13559 1191.26 12.0575 713.295 132.037 295.196 429.614
9.57025 0.511728 0.841099 36.4474 2699.6 215.22 3.04895 41.2915
3.54112 30.8464 1745.33 138.724 564.492 434.446 8.64714 50.369
122.697 1906.62 2.11549 1.98214 83.5833 194.603 110.96 80.0893
36.1151 1.34684 1.91367 2290.55 386.727 167.071 126.351 137.42
0.835325 0.10642 56.8267 2180.57 34.3133 50.2588 140.722 45.533
15.6097 1235.09 27.8476 561.971 106.52 122.549 77.6914 444.207
0.0179902 0.00187951 0.0796807 0.488319 0.0658089 130.321 2.38165 2094.89
51.5091 148.961 10.4653 2004.6 285.504 218.993 30.4155 80.8954
11.9953 133.573 5.60035 1.48282 3.1371 5.83467 2696.38 52.3116
1.39586 2.26973 27.4159 4.6558 0.192885 7.52143 2772.72 55.7828
20.0952 1.05442 2.1613 11.2615 3.80323 1048.17 80.1042 1574.88
11.3225 0.169378 0.879356 2255.88 301.747 157.873 128.366 46.5667
0.43933 0.0648439 9.53118 1.21789 432.692 1984.62 148.337 75.7453
72.3507 14.5458 1108.77 9.95987 2.47554 1312.85 35.4581 196.694
1968.03 0.334927 114.084 66.3166 276.25 212.794 91.7606 85.8088
5.03134 67.0833 182.305 19.4346 1696.84 372.761 72.9395 27.7864
1.93708 17.3672 7.23937 3.36068 1464.17 1290.2 16.6234 18.216
50.672 4.32687 1446.24 43.1926 209.492 83.8279 6.67742 1020.49
0.0681313 0.752532 0.286282 0.14015 61.0601 2660.39 16.2557 20.6847
1707.89 218.313 161.586 19.6832 115.959 404.061 72.1647 16.9884
21.4374 10.8432 1947.88 170.619 32.971 48.2928 243.722 38.5581
20.7666 0.214209 14.5133 1.59638 1097.23 110.539 3.73783 1383.2
0.0063923 0.110977 1.44555 43.8326 31.2976 30.791 1983.06 202.168
73.3031 1576.63 173.218 84.1448 334.457 533.318 10.506 110.173
737.42 92.3502 428.502 203.151 96.5301 115.463 365.128 777.76
1230.71 608.297 245.551 216.514 21.1569 51.3553 259.178 19.154
29.529 828.021 399.306 111.492 163.553 617.498 75.4203 850.856
711.13 1135.76 29.5144 66.773 233.14 181.149 177.629 62.8916
0.506404 0.0727902 10.9494 1.39911 497.075 1944.25 147.565 76.4775
189.977 18.4746 86.8874 2487.09 48.4925 112.096 161.65 13.4616
20.0987 1.05461 2.16167 11.2635 3.03169 1027.26 78.5061 1543.47
84.6188 1724.77 147.242 197.068 45.5179 418.339 12.1848 197.118
0.345882 7.65636 1003.62 200.669 151.016 562.462 62.0961 634.282
253.648 143.701 46.6143 1502.32 205.169 143.635 2.05268 25.1672
278.3 435.365 23.579 26.3967 5.19433 63.9953 58.6202 1284.12
31.9842 896.867 435.459 217.522 58.8303 90.9697 1103.55 55.4809
3.147 29.4416 1654.03 131.467 587.06 420.835 8.37624 14.4355
28.6372 15.0961 5.70174 76.1234 13.9714 1591.3 91.7201 1069.35
2041.35 20.3441 218.163 133.64 6.27927 75.205 63.7457 141.578
0.0859608 0.0599395 1.04453 0.00388988 58.4762 2547.81 62.0759 81.3678
302.336 183.232 1862.39 297.317 67.1943 68.8319 87.4654 39.0456
41.5482 437.343 53.4734 115.371 205.132 6.15781 1941.29 229.116
655.612 103.724 37.3816 28.6407 32.7634 154.739 62.4983 1871.76
13.4214 0.118011 7.89026 2.72478 1182.65 2.55501 7.22042 1379.14
900.598 1080.54 182.974 347.622 83.2427 112.156 76.3202 30.4506
6.25521e-07 1.02391e-07 1.7181e-05 1.85116e-06 0.000589426 0.158684 7.81424 2461.26
0.029059 0.0230578 0.00584622 1.21872 1.0054 0.296684 2074.91 692.456
16.9544 0.162559 8.66543 794.937 1201.63 91.7507 455.059 86.1409
214.858 267.281 63.6207 1232.46 315.116 267.507 83.4941 41.1888
934.82 621.933 124.605 916.68 43.1029 165.134 93.7349 67.7449
0.0112239 0.0694529 0.0331064 8.77189 0.651313 0.584465 2258.22 313.473
1529.33 628.041 37.9729 79.8792 39.6528 136.826 128.127 11.4791
36.1167 5.12219 1.46339 2393.83 89.2706 159.502 169.936 52.8285
112.018 1310.84 144.735 216.877 540.889 209.161 273.001 8.91757
1462.75 142.248 675.603 169.717 54.6254 168.81 203.728 54.7106
2.03629 1.35561 25.3688 4.30816 0.375575 7.00108 2580.89 51.9236
4.46752 125.273 1821.42 315.191 84.2883 75.9413 68.7322 216.687
1830.1 392.308 5.54651 43.2648 93.0805 312.151 208.156 47.021
0.473479 0.381879 0.298385 2.40654 53.4419 2433.87 8.4709 10.1784
10.9948 0.541993 6.70925 38.1047 11.5875 2146.2 0.281537 175.244
3.42851 1.28102 0.671916 3.1903 88.1723 1869.23 308.958 54.7655
1893.2 6.47277 156.327 65.4741 105.294 195.397 17.3811 104.133
0.355596 0.286802 0.224096 2.98514 57.8153 2633.05 9.16412 11.0113
0.768541 6.77116 595.508 5.97631 274.609 913.132 558.845 407.965
145.57 2165.27 88.9034 72.6618 51.3794 106.852 15.6619 218.686
814.543 977.293 165.491 387.151 227.983 113.598 19.6438 29.6
396.308 189.044 754.758 132.496 532.431 755.403 18.6899 40.1442
49.2805 61.3043 14.5923 1946.72 367.159 163.052 92.0268 45.3981
90.8403 721.43 64.29 8.07065 151.71 1616.07 201.144 39.406
3.65777 20.0355 1.80766 2371.15 53.8817 220.327 190.991 12.4087
473.087 227.165 873.095 155.573 13.8553 908.648 34.705 33.031
566.11 920.518 515.597 299.92 12.4254 484.52 209.395 59.5922
10.48 15.6202 10.7987 2.72911 681.879 1170.26 512.116 265.191
124.961 1260.32 2.56651 333.462 38.0394 27.1674 692.533 30.034
9.52043 1.06101 2.80764 43.0043 2761.12 133.905 17.6213 30.9538
958.265 457.636 60.253 328.836 89.2911 41.1787 897.707 9.96549
3.93974 28.4476 720.922 168.032 1005.81 207.6 382.083 6.30946
41.0958 48.9552 7.21026 7.83884 1117.08 1502.91 23.6607 110.291
9.70788 177.131 501.023 141.774 746.321 262.618 36.2361 580.832
115.851 1439.47 78.0646 290.125 131.579 28.0187 228.541 29.3654
1439.74 235.836 833.349 38.0855 131.108 149.016 7.45714 56.5708
70.783 14.9898 1598.92 95.3116 20.2527 42.2799 23.1614 513.413
276.427 2227.5 96.3323 25.5061 53.9616 22.4926 198.955 55.0843
20.3738 1365.42 56.5183 609.681 47.2484 192.127 178.603 152.866
0.0637152 0.625478 48.0896 5.59917 34.613 2057.83 282.749 233.497
9.74628 1.08618 2.80928 43.8158 2813.23 101.559 17.7457 21.7255
143.538 172.218 42.0666 631.171 89.9936 58.9433 1828.88 24.8891
45.4841 206.8 19.9679 629.864 8.12106 27.1695 55.8038 1908.67
228.201 752.302 47.7389 15.2827 30.2982 1092.36 23.4138 414.277
0.718555 116.463 700.009 328.525 235.159 314.848 780.099 164.811
29.2179 212.922 2120.05 175.789 56.5796 174.849 16.1676 10.2211
1026.31 456.616 234.039 451.706 352.165 144.225 29.0737 18.1513
113.564 1153.62 480.68 37.4936 103.327 118.876 76.1176 481.235
16.0746 25.5988 3.23446 827.338 52.6957 84.3369 457.13 1169.14
0.0108967 0.2463 2.6987 0.0707013 0.250212 0.230094 0.0762901 2859.63
0.376742 0.0153348 6.7202 20.3443 0.0531193 3.94211 2507.14 16.6677
1418.55 137.949 649.188 492.85 47.0304 120.427 157.419 18.0104
5.11921 52.5459 5.01177 209.136 2613.26 242.735 3.21942 43.6002
119.161 56.8412 1500.49 165.895 29.2346 705.141 20.8006 31.7416
0.715203 12.2261 30.9765 1143.61 818.73 330.109 34.5789 229.283
98.0076 0.185608 1246.38 664.969 41.9651 179.103 77.564 191.957
6.67839 3.76895 1.17939 2.7535 0.0374135 1.77294 2219.36 184.934
117.788 1184.35 146 347.949 37.8954 28.5284 844.916 32.8009
2000.05 20.4185 206.912 67.713 5.97123 282.963 68.1421 143.11
4.46114 5.15386 35.1962 68.461 1768.47 519.623 48.3366 55.0985
0.956561 1.44316 0.100873 0.192543 0.0358022 0.576177 0.0719004 2695.09
0.00828552 0.0259655 0.00128758 2.95351 0.203707 0.376711 2872.05 1.98409
581.231 36.4037 314.363 150.473 54.6397 396.237 334.566 953.76
8.41614 3.3388 697.791 152.587 54.597 1381.3 181.58 32.9315
62.5889 40.5807 819.999 91.0049 49.5128 66.5056 1126.18 303.515
120.495 1215.27 149.77 356.934 38.874 29.0512 740.554 32.1166
2.8766 1.50681 0.486689 9.16421 0.851757 253.697 1420.7 996.428
14.1555 167.163 46.6799 3.12956 2174.42 202.698 4.40827 0.107572
13.9273 2.20343 822.582 30.1504 35.6707 187.984 67.4135 1333.16
1177.23 601.303 207.531 27.8925 26.8018 436.896 9.33817 12.0276
466.219 645.73 106.824 54.0073 22.0265 120.056 42.051 1130.11
130.405 5.30799 2326.13 203.333 27.7504 48.2529 9.13565 18.0578
205.908 1379.23 174.545 36.8483 95.5748 119.206 5.57335 367.2
301.601 1017.92 445.698 278.393 178.472 127.117 31.5216 105.929
1566.61 546.557 35.4223 71.0925 114.11 49.982 339.756 21.7022
127.463 931.523 9.96728 81.879 932.514 396.43 130.357 69.795
922.774 151.154 532.176 24.3807 80.7637 95.2177 969.648 121.898
184.809 95.0085 30.8438 10.3031 1373.73 296.68 177.639 82.1418
91.0756 7.77692 133.615 957.111 165.511 34.9752 313.357 1005.79
34.8153 363.545 19.944 83.2331 62.4767 1.97312 1459.11 638.989
533.315 261.652 370.165 63.615 146.868 76.6121 544.596 831.247
7.33826 0.626612 209.442 1123.08 181.829 58.8975 8.90765 938.891
685.417 420.372 458.79 154.689 623.924 239.955 11.9956 83.9473
22.6895 636.235 308.913 154.31 41.734 463.357 1037.02 242.328
485.087 240.837 880.86 158.862 638.381 7.65559 156.853 37.1022
6.94472 3.71873 2.76804 45.2367 2872.5 187.941 18.6225 22.7991
19.4065 2.06964 254.331 708.023 201.663 1449.3 27.9925 34.4608
333.285 414.768 43.8795 109.877 159.809 70.9696 1689.05 37.2831
32.6385 1.91398 9.38464 1.31786 2328.4 10.1553 4.02895 177.546
0.611521 10.66 2.86355 1195.56 808.711 151.738 246.036 193.29
0.00323828 0.0375748 0.017495 0.00446445 0.00727848 2.933 0.812952 3045.43
40.9097 26.5513 532.726 125.957 2.17492 573.686 725.177 525.566
118.63 672.25 330.237 85.8747 978.021 399.022 256.611 34.2286
21.0832 30.5428 7.24039 34.5184 2088.14 62.1195 422.522 279.251
4.54554 21.246 2189.04 216.652 50.2317 153.246 20.7357 43.3464
2.89536 15.8593 1.4351 1210.41 27.6664 1511.93 135.627 1.74877
1022.43 261.276 177.166 316.593 174.297 104.924 814.304 30.2671
0.000818005 0.00675849 0.00285089 0.00048126 0.000353655 0.000400145 3.68317 2948.72
0.000836209 5.63186e-05 4.47742 1.46367 0.949148 0.885699 0.000988859 2541.23
5.15536 835.577 368.422 486.101 347.953 14.7854 262.418 154.466
9.52504 81.7415 12.8734 2067.4 103.056 205.31 14.2558 23.2557
4.38792 59.1374 810.564 13.6526 339.389 1338.19 44.9794 181.473
59.2676 36.852 558.431 1345.05 417.141 130.478 53.6235 117.167
5.08351 991.203 467.073 43.8041 28.0955 139.442 1067.27 249.397
114.261 1759.05 1.95286 1.82976 102.52 19.6814 55.2892 5.09817
89.8568 1062.95 478.27 15.1771 667.426 156.224 178.518 34.2139
609.929 43.2228 337.295 410.065 95.4704 109.618 350.331 746.241
51.2525 1659.67 81.9034 288.128 17.5188 239.787 80.3856 13.45
51.7971 26.5665 1227.12 344.014 267.859 796.631 29.6076 18.4846
149.223 505.776 350.489 14.7333 29.9733 1068.32 32.3545 549.692
109.656 72.9539 1700.23 4.98946 426.956 144.729 57.6279 338.592
19.9817 204.056 24.6188 430.88 212.409 36.3496 1765.43 21.0071
2.30276 1.07523 16.8591 41.5857 1100.09 1420.48 3.10743 33.4606
0.0359649 0.618391 1.56627 57.8244 41.3976 7.65629 2152.93 218.751
79.0904 29.4983 1053.63 275.772 16.2944 19.2747 668.469 25.951
5.38634 63.0314 1428.49 158.264 499.149 193.777 252.921 8.39314
28.3529 783.275 393.452 170.874 51.1734 201.776 1046.97 243.385
1.52705 18.9478 1.7795 2.53982 1295.51 520.728 720.608 35.9
133.387 63.6271 1679.63 41.8538 44.0522 739.396 65.9756 31.0731
153.438 2449.89 100.198 70.5995 57.2795 39.7264 17.0938 21.9642
2.32563e-05 1.27177e-05 0.000300933 3.53735e-05 0.0168734 0.00302369 11.5225 2659.31
24.7843 12.6399 2263.23 76.0925 52.5267 52.0267 6.3679 38.7435
478.393 59.9112 277.986 160.578 112.269 478.619 342.953 728.988
283.251 183.837 60.0941 116.536 1.92804 508.565 642.861 532.786
201.34 13.3303 28.5995 534.374 168.721 51.6984 1604.08 302.09
446.514 572.103 227.243 515.706 96.3941 39.8655 377.72 17.5934
0.945715 1.4268 0.97496 0.257751 0.0569978 0.0173761 0.08084 3001.08
444.812 351.378 33.8815 187.392 17.5001 24.4392 502.094 1191.25
821.83 8.39008 87.8519 176.016 92.8774 1452.89 3.30753 146.25
38.2489 509.977 1385.91 277.702 15.2642 421.262 82.4297 67.8601
324.441 379.096 253.86 1453.6 32.0317 55.8084 677.558 26.6474
32.184 49.303 5.7342 6.26234 2090.35 118.897 256.437 28.6856
691.707 1043.58 143.227 266.217 26.6237 455.429 162.846 72.0075
12.354 197.722 3.09865 16.3046 1643.06 354.196 16.1402 25.7911
16.8649 48.7722 37.7431 982.461 88.0594 76.5247 13.9823 1422.18
440.505 664.59 74.5048 160.982 14.8616 123.551 1628.95 88.1479
15.3607 264.117 668.959 20.5636 855.322 300.174 68.9293 210.382
0.558692 5.00903 2.21033 36.9496 1317.6 1121.79 62.2545 16.5607
246.998 139.933 53.1639 1489.23 246.044 146.1 47.3995 101.117
1361.4 173.547 908.494 190.459 24.2395 83.2876 220.534 60.7017
1128.05 700.71 105.993 80.9154 259.139 174.573 22.867 74.7031
885.826 40.8365 68.0941 1422.62 53.6562 140.327 18.7388 22.4838
148.348 2177.21 116.638 73.328 13.4411 170.76 194.404 5.89812
27.014 757.497 335.893 99.3874 145.797 641.756 71.1331 794.889
150.174 1525.52 36.2088 36.7222 101.201 116.43 71.7015 446.347
4.81397 22.5007 2318.31 240.257 52.5325 162.922 12.9226 45.9345
34.2524 41.0962 10.0383 1327.91 1249.93 145.488 99.334 49.0028
15.8263 7.96848 3.21407 5.90031 773.058 32.7716 1895.45 202.012
8.02878 139.957 2007.71 285.772 35.331 203.665 78.3704 20.9297
72.3968 11.3436 1561.03 93.0532 19.7728 96.811 10.5757 513.218
287.248 197.425 27.112 239.278 6.11503 54.2946 43.9547 1506.97
0.304911 5.37569 14.4063 638.007 557.577 110.846 533.392 525.689
0.10683 0.633278 0.375071 0.141193 57.5585 2511.27 57.6032 19.8444
0.000663128 0.000484058 0.000513841 0.00972841 0.00963793 0.00864516 0.461769 2407.43
216.441 1848.1 79.3716 55.9858 24.3903 207.182 50.1418 162.671
986.489 211.105 298.281 150.662 34.7992 319.827 9.61069 150.722
4.73701 2.94542 38.3422 93.7503 2249.69 85.9484 2.9787 32.0745
17.7648 156.074 1357.29 200.71 26.4678 667.858 19.3575 51.2097
1112.2 419.646 169.648 404.852 20.9326 28.4184 8.53722 432.763
0.769491 7.62826 0.54195 853.675 616.306 87.7989 819.409 80.579
0.958246 3.03647 2.29707 55.4713 533.203 472.271 1.37461 1228.17
0.0159316 0.0026279 1.46588 0.0148371 0.0363837 41.9792 2409.94 446.829
636.81 387.403 434.557 144.228 536.666 806.124 48.8607 42.5905
1298.54 620.141 81.6486 521.191 129.633 57.6321 3.34218 17.2974
1.00656 0.0556822 99.1314 252.111 18.1894 2054.68 6.15505 63.6675
2.43224 22.774 9.45272 4.38817 2452.02 89.7406 15.4086 51.6142
3.59559 27.6667 2200.76 79.5169 399.903 64.9915 16.2204 22.253
0.000342421 0.00596414 0.00237304 0.000400594 0.000260182 0.00212216 3.62003 2898.18
0.417814 0.0532291 28.4236 1090.68 13.1002 1250.78 147.322 47.2347
28.8879 34.6461 8.49096 2129.88 214.119 131.983 119.98 45.3048
46.3257 23.9784 1100.55 600.502 50.1113 786.835 28.4546 17.7648
50.0314 591.84 266.296 46.0037 386.841 90.5476 103.469 899.527
21.5688 4.27 1.30736 3.43069 1432.7 2.05276 50.2622 1203.34
0.00748491 0.0884139 6.69151 0.624322 95.1925 2372.62 80.7112 245.642
11.8835 0.56194 7.23772 41.1061 12.5002 2315.24 0.832981 115.341
86.6193 46.2234 1037.21 96.1149 169.136 545.171 15.6846 608.078
1077.66 691.325 425.266 274.425 64.1977 64.2743 19.6163 35.6156
53.2885 11.3534 1205.01 71.1867 231.157 54.3301 20.4436 453.168
4.74358 48.6902 4.64402 193.79 2421.51 224.924 2.95368 46.7451
1290.14 329.688 223.555 399.489 219.934 182.034 115.288 228.387
462.625 52.8364 71.3075 1884.64 184.329 214.734 17.138 20.9816
25.984 501.607 69.2125 1014.1 188.759 689.021 89.8276 113.402
108.574 1891.25 210.857 293.288 54.6466 210.392 80.9589 21.621
1074.64 517.446 788.943 33.3569 117.669 20.2269 33.5044 121.117
204.743 136.947 1300.66 870.214 41.6849 159.701 90.6512 65.5162
0.463404 8.07803 2.16997 905.984 654.945 86.4011 867.171 20.1931
853.026 130.977 260.695 300.365 262.419 35.2969 468.146 71.1013
0.021294 0.0329526 3.10239 0.243057 0.0537483 0.0163855 0.0124006 2779.05
105.524 335.994 49.3003 106.368 191.978 5.69786 1796.29 218.555
264.327 314.733 217.437 365.682 176.945 48.242 1461.84 21.4341
7.53693 88.1977 1378.66 203.983 508.731 196.726 256.77 8.52087
15.2067 17.568 119.973 29.8997 1788.22 544.234 50.6259 194.418
1.4503 2.16164 28.5679 2.38009 706.882 1202.59 521.184 234.004
0.000102141 6.87921e-06 0.546908 1.20054 0.373612 0.272628 0.000304382 2774.74
79.7036 55.4597 0.589405 2501.16 55.3473 47.7734 16.2073 232.637
1337.06 857.185 132.605 294.89 68.193 68.26 20.8328 37.8242
272.819 6.33499 93.0458 80.6611 143.417 4.3052 1357.24 673.728
13.4458 0.132046 357.04 1047.35 192.34 71.0756 9.26624 998.253
32.0921 5.07726 3.57082 1.80531 1224.48 117.241 42.8589 1107
102.855 40.6251 2241.68 64.8452 32.2581 65.3501 20.3593 29.8142
1257.87 321.772 538.817 59.6829 251.97 3.82197 16.0593 174.271
8.48474 3.96178 62.1192 176.818 2000.95 276.45 67.2221 33.5966
12.0011 1.90294 1098.19 11.1154 27.2573 1186.74 5.94715 426.739
1277.13 105.069 688.032 58.2693 290.939 3.80519 191.946 186.021
209.143 180.893 7.70084 7.40099 280.973 40.7637 982.911 515.754
1344.98 220.313 775.665 35.5357 122.331 139.04 6.95789 123.882
7.99501 3.42191 0.890455 996.911 10.9661 1647.2 15.7225 263.416
75.4147 6.43984 2071.6 123.144 46.786 77.135 179.667 48.536
126.527 1467.48 89.1665 196.171 15.3013 177.774 112.256 15.5065
0.243202 4.23948 60.8162 8.6564 1597.86 100.825 927.107 20.4814
136.734 58.8384 4.22455 103.644 807.335 1127.48 39.2314 422.636
1148.14 523.632 79.6643 102.164 14.9452 115.526 836.143 13.8278
10.1897 71.8216 1976.16 201.328 46.6786 88.9937 18.5794 10.511
