1248 90.041
50.0156 7.2245 50.5347 71.8953 142.887
125.217 80.2327 63.5737 42.8063 30.4635
70.7667 23.2087 93.1808 110.305 54.8586
133.514 49.2952 99.2103 34.2989 0
13.2758 13.2758 26.3838 32.3821 152.943
0.334075 0.334075 25.2297 32.5845 173.26
14.5467 0.0659722 9.1326 171.365 18.1682
53.5275 117.94 58.7888 0.680638 81.8959
96.3057 96.3057 90.3801 5.13048 72.1492
0.511635 0.511635 166.826 41.5974 56.8313
54.9852 0.24973 88.0657 64.5999 122.279
33.5661 45.1448 56.256 39.6235 145.298
0.777055 0.00364403 165.701 22.6247 8.94953
1.45557e-15 7.53842e-15 4.53946e-17 2.68557e-15 132.837
89.8497 89.8497 0.570745 0.570751 120.118
22.9497 35.425 19.8828 170.185 0
0.139731 31.6673 60.5978 85.1236 140.576
35.5475 35.5475 32.8992 60.08 139.478
98.5561 0.472848 77.0968 105.551 0
0.373794 73.9697 35.6122 22.0187 130.121
0.0867798 0.0779732 0.116664 37.9556 176.65
43.1129 43.1129 78.3035 144.998 0
27.081 52.0501 58.6736 91.9126 123.827
123.324 123.324 0.785388 0.785396 0
32.6524 83.797 45.311 61.2395 118.751
38.9632 66.858 10.381 87.3588 117.164
19.0939 116.749 115.05 0.731707 64.3651
101.306 84.0374 0.624012 100.584 1.78912
153.517 0.704637 0.704644 75.5732 0
8.64155 6.43725 24.481 41.591 165.693
133.677 11.5848 0.60243 105.163 39.2117
42.0497 42.0497 81.6749 111.732 85.5768
2.89133 119.03 0.548589 119.067 26.534
6.69496 8.03764 0.0484413 100.552 136.182
11.5931 32.4024 56.8639 77.358 141.066
122.41 122.41 13.2816 0.785356 1.73886
42.686 64.4075 84.0999 8.35812 114.512
26.8932 0.123434 10.3593 157.225 61.0873
43.7625 62.1342 79.9502 87.8207 80.7131
0.769409 168.492 0.769417 34.5168 0
56.6273 1.12274 42.6048 38.9294 150.412
30.822 16.0567 24.7057 165.715 0
43.0911 48.4066 46.3425 85.1525 116.613
28.4816 42.6097 73.5431 145.194 0
0.215619 3.43836 104.427 65.2502 123.184
69.6646 38.9237 79.8011 112.856 40.0659
106.786 56.0299 120.593 28.3211 0
87.3112 54.4077 102.876 97.9927 0
29.0918 64.4338 0.335221 76.1584 128.988
131.126 62.2264 91.1388 31.879 0
11.6591 23.6298 47.6203 173.977 0
39.9822 39.9822 61.0507 83.2127 120.606
63.0461 49.7458 32.718 148.632 53.5847
60.7329 134.111 40.376 26.6771 57.3068
60.2235 27.3044 0.299365 97.7622 127.144
0.768419 158.065 27.88 0.78029 18.3909
108.511 70.194 37.8406 81.4591 0
11.1248 84.7386 6.68051 85.7264 121.235
56.396 56.396 107.783 0.624836 102.112
101.442 32.1246 43.3712 114.907 5.92478
58.2784 13.2759 154.577 0.752026 49.9163
0.75836 165.196 0.758368 42.1109 14.3725
63.0101 0.310705 63.0108 132.018 0
114.184 119.772 0.719448 64.7035 32.6165
0.415321 0.573446 147.512 70.8088 0
60.0856 85.6853 66.8635 0.555359 124.191
57.9148 92.1686 18.1141 87.6129 101.581
66.0669 66.0669 35.4264 141.199 23.8156
103.006 103.006 84.8337 39.2755 0
171.104 45.3052 24.4659 5.35043 6.26378
113.669 15.8311 0.548578 18.0995 116.186
62.357 80.4692 32.9198 86.8538 107.865
131.184 57.8423 0.699981 72.9559 0
9.64967 14.8526 112.097 113.488 0
96.4992 135.018 0.773953 23.6588 16.1456
108.55 18.4139 0.499761 133.48 0
7.57971 42.6507 0.205022 159.259 17.2776
41.7206 35.3783 147.012 70.1567 20.6078
169.542 0.756217 47.5443 0.785396 0
118.016 37.9532 85.396 84.8971 6.36607
14.5678 83.0572 84.3251 111.489 50.8887
48.4044 0.21743 37.2404 61.0728 152.025
33.7985 144.796 23.247 0.756551 41.9515
0.652351 0.38987 152.79 34.6478 19.6833
24.3139 15.0841 87.1981 114.17 69.4495
0.635032 130.95 61.4627 0.701508 72.8289
115.679 61.8582 37.8091 75.4135 60.8544
0.324495 0.367933 107.799 48.5107 125.739
40.2447 8.72654 12.6665 156.961 48.9959
0.670655 148.678 28.6159 85.9775 0
0.74861 165.934 48.9915 0.780564 19.281
84.3093 74.2643 9.55586 37.449 122.921
102.764 102.764 69.6865 54.4531 0
4.53752e-15 2.90419e-15 2.1581e-15 9.2267e-15 178.013
62.8426 97.3851 13.0893 0.521897 131.17
57.4259 138.774 43.4611 54.478 0
48.4583 56.3577 71.823 46.7622 120.774
0.604367 128.474 38.7384 99.0493 7.60135
18.3573 30.4868 73.4492 34.8921 143.838
7.59219 46.2041 145.919 64.344 74.4718
0.701156 0.238977 144.675 9.36326 50.1057
36.8269 87.7346 3.08431 83.3809 99.2048
151.401 33.9818 74.4297 31.0674 21.582
7.15744 43.3431 85.8495 70.6477 123.044
17.5843 137.742 0.646706 0.646713 95.6915
66.3647 154.422 0.777972 16.7616 16.1474
0.165778 33.9996 0.16578 157.451 0
0.0340678 6.94691 1.6305 159.996 0
0.250349 57.5904 49.0854 142.101 82.0035
106.371 38.0316 112.965 0.727682 64.8773
137.732 57.6973 17.3727 2.15033 88.7781
1.30279 43.6669 0.220806 10.1779 148.777
39.4853 90.4847 27.1154 89.0865 100.681
56.8352 56.8352 80.3771 113.67 0
17.501 95.8232 97.4083 93.3442 35.584
30.8677 0.14619 32.4165 60.2879 147.863
29.8964 14.789 33.3543 161.253 0
52.6848 40.0654 15.6957 153.007 53.9922
68.7896 94.2894 116.715 0.756718 45.8718
26.1956 115.182 118.123 0.755974 47.058
32.8644 55.6053 64.5912 14.7952 139.578
0.325391 71.745 42.3624 125.868 84.8759
68.9922 36.5816 8.80036 100.953 114.531
50.8206 20.4194 89.8046 66.4261 124.407
56.4107 81.532 140.23 37.0456 0
0.674299 142.635 0.674307 56.8852 63.4033
172.482 22.0168 0.776504 26.3896 0
37.3195 48.9974 29.9646 7.17863 161.447
39.0217 108.388 9.19552 127.191 0
34.419 0.153141 167.391 44.223 0
49.9967 49.9967 0.319977 154.888 33.6232
0.682792 1.71432 51.2914 4.76173 152.805
0.392698 83.6001 83.601 118.23 0
112.83 42.0231 0.541988 126.273 0
117.653 40.0697 42.4014 0.601496 110.262
53.2968 0.773867 126.127 104.923 0
47.3166 0.238428 36.39 143.982 0
28.2514 8.49574 136.238 95.247 4.64349
0.315239 0.23417 84.924 84.9249 120.102
101.026 93.1551 78.8923 74.1745 0
0.55509 121.33 121.332 0.785024 5.28098
159.543 0.748364 42.7693 27.4278 0
108.576 108.576 57.3984 62.1431 9.69148
51.1148 51.1148 19.4635 149.072 22.7756
4.52631e-15 4.52631e-15 8.10912e-15 4.80916e-17 168.722
88.0787 64.4824 0.509079 109.161 67.3059
56.4202 56.4202 156.147 0.784611 7.84211
53.6121 53.6121 99.262 89.6554 79.1422
22.8414 77.1494 76.0456 62.2282 122.459
106.011 25.2196 108.969 57.6134 43.4817
101.089 101.089 22.1856 80.7136 19.9467
44.6309 75.6284 88.9277 18.8497 93.7185
84.2134 84.2134 0.536349 31.9885 123.318
83.8963 89.6505 122.784 0.764595 40.778
21.4127 91.686 0.444191 137.255 3.32687
58.1045 29.4085 67.4245 36.7701 137.829
57.7984 78.3828 1.58655 110.036 88.9936
64.8042 64.8042 34.9093 0.445943 142.181
1.14623 131.176 0.593973 113.486 0
0.00357721 0.780153 170.145 16.7287 10.4842
97.5788 97.5788 17.9928 31.501 78.1826
36.4143 50.7346 55.5932 98.739 91.3188
87.0012 135.084 63.9773 0.785395 0
92.17 34.7523 70.4814 73.4501 103.059
92.8846 118.124 0.697689 39.0699 67.1399
93.5041 33.8751 74.5236 0.564005 120.436
89.5965 0.425026 70.4233 45.386 111.197
0.265828 53.7798 90.1867 45.8037 110.108
24.3156 145.563 59.1104 0.771402 30.4186
41.7346 99.9221 0.533008 31.6868 112.83
92.1114 79.0232 94.1038 67.708 46.8311
107.421 78.7832 70.7266 75.331 0
84.912 50.867 68.5005 105.895 65.375
0.371484 76.3804 0.371489 50.6315 132.966
22.8603 13.701 59.8748 106.49 125.041
114.098 118.858 13.3747 30.9662 52.2783
65.6448 79.3654 39.7314 87.3895 88.2333
0.0626137 13.623 137.619 88.1263 48.064
142.889 35.8901 43.0819 75.8343 17.7704
98.0261 122.563 28.2665 31.7534 64.9548
0.00269387 0.555352 114.489 114.491 0
9.83959 82.4448 0.380569 0.380573 149.893
28.4329 14.0974 54.1531 0.309116 146.608
41.5497 41.7187 152.153 12.0383 30.3558
0.00254312 0.555353 121.276 121.277 0
154.139 0.737478 0.737486 0.737495 56.4513
107.102 92.1782 0.670294 3.1393 86.2359
0.23941 0.677222 151.236 63.8267 19.9792
0.276527 61.7009 161.8 26.9222 0
5.68356 0.511007 17.3812 18.294 151.456
15.6407 18.5234 0.215816 108.003 131.923
41.9714 11.9123 93.3492 123.674 41.2269
0.390658 77.2354 47.9757 90.9237 87.0481
0.584397 135.134 57.5023 53.9577 92.2181
8.2657 56.0677 77.0924 144.477 12.8635
0.557447 119.539 114.138 0.77075 32.3737
9.54823 24.7211 42.1114 130.218 102.081
0.399904 88.85 54.9608 65.65 123.39
35.1377 62.4972 46.0182 38.0316 127.778
62.8069 91.498 0.542251 114.451 20.5707
6.67236 0.032402 57.1117 85.2468 124.838
64.982 146.358 0.755233 45.7083 0
13.0838 4.64928 116.367 130.047 27.5998
0.69096 139.324 66.7845 0.766249 34.7549
8.28045 13.8015 0.0781342 9.73624 160.689
83.3498 11.6292 84.1572 119.016 0
90.8262 49.0619 142.393 0.785263 3.23364
59.6538 30.718 85.4967 114.482 21.4584
52.5651 100.966 125.867 0.759097 45.0564
42.8861 112.895 102.106 48.6917 12.423
44.2505 11.9243 61.4443 54.5564 141.178
102.583 0.473355 84.7965 102.171 28.6035
63.0862 10.2596 143.171 72.7855 25.1201
33.8943 70.2585 158.609 0.772703 32.1686
0.759158 0.200161 167.105 0.785111 4.49597
17.6867 82.4439 100.327 73.5167 84.2185
15.1241 0.0737562 6.4207 159.87 10.46
122.021 30.9725 28.3705 61.3495 100.937
58.0877 35.4941 23.119 98.6191 122.042
84.0513 0.383234 84.0521 118.868 37.5893
42.4674 25.9182 82.8792 96.6654 76.5388
84.0756 77.9989 29.2066 108.563 0
69.2989 62.3449 81.6119 0.555359 123.895
27.2272 5.71672 16.5784 158.015 0
29.4718 33.7512 161.354 55.4898 2.01701
0.758951 7.8496 5.41907 140.432 102.178
22.0518 48.0064 160.543 36.9042 0
50.0066 49.3429 57.6853 99.0675 111.359
19.6147 39.897 44.4579 142.19 73.3853
5.68165 76.5375 90.9553 87.9524 88.3812
153.623 0.73673 47.9416 0.77178 30.3621
63.2841 57.9181 125.793 93.008 0
58.1703 58.1703 104.012 6.60255 100.702
0.661961 121.034 22.9962 19.2021 124.689
63.9828 38.9656 109.382 84.8015 62.6672
2.95945 1.74236 171.441 18.0262 26.6368
21.548 31.7413 16.8234 113.756 127.993
53.7875 60.0487 91.9079 122.254 0
15.2205 37.028 55.2276 95.7007 117.522
72.5919 67.8087 28.0442 126.726 60.307
1.77549 1.71377 9.2909 121.133 116.722
127.187 28.5819 95.978 4.9625 0
171.857 39.6692 13.5144 0.78282 14.3621
23.9926 63.5832 0.33041 106.633 100.534
123.173 98.4799 55.3278 51.3738 8.56519
100.557 60.4999 0.580486 106.954 0
86.1328 86.1328 6.77467 121.998 0
92.1866 52.6183 98.1532 105.17 0
78.5449 71.318 6.10651 105.375 79.713
99.3467 63.0593 91.4073 87.4563 1.63741
84.4727 55.0216 100.812 98.1276 13.2862
19.8373 53.7875 8.15369 48.1429 158.343
0.741371 162.852 0.741378 50.8203 25.6925
1.32146 52.3921 32.1154 81.3124 147.873
60.1611 3.48187 114.123 118.469 0
66.8247 40.1407 24.8493 130.782 0
25.9784 25.9784 113.416 119.218 21.7728
0.28091 0.402827 70.9254 116.893 92.9832
89.6071 89.6071 0.585411 95.6472 60.8096
29.5073 107.716 0.523802 111.686 55.6458
14.7955 19.8827 41.5472 109.273 123.165
8.1863 38.2178 31.3452 51.0314 131.395
114.84 0.555352 0.555358 114.843 0
81.8287 0.377891 23.1304 85.0358 120.259
80.612 40.5025 69.1706 27.4497 128.703
53.0984 69.4721 30.6609 79.9201 122.365
96.8525 38.0526 133.837 28.2192 0.0486988
152.133 24.9154 0.7238 3.44359 64.8472
53.4108 156.4 0.752028 3.24633 49.67
65.1031 65.1031 92.0697 36.3311 110.634
28.1335 99.586 12.3834 133.212 0
6.20152 4.20679 3.20193 54.953 171.669
55.7975 55.7975 101.514 94.045 22.4931
157.007 79.4619 0.785388 0.785396 0
0.62973 0.00299783 132.284 29.8566 93.9615
0.360697 77.3847 26.3396 68.7658 130.315
147.198 0.676088 0.676095 55.7517 66.8128
89.7295 53.7652 133.906 14.2541 17.2647
84.9622 48.8075 48.015 131.045 0.294545
103.468 62.8003 94.3681 46.9327 73.0036
31.0393 52.9347 84.3868 144.218 8.37589
0.376712 80.6929 125.431 77.8395 0
28.6654 29.4286 0.184467 164.005 44.8329
91.0516 6.4925 5.30787 45.6194 126.828
4.31966 3.36981 60.0354 158.194 4.14797
68.7167 68.7167 55.1943 115.321 0
39.05 64.34 102.554 3.75875 116.538
82.3575 33.8711 72.3449 29.5016 129.138
0.521565 112.618 41.1918 119.916 0
47.4469 55.6332 143.765 46.9374 54.9949
105.997 51.1995 35.1315 118.952 49.6745
134.135 30.6344 65.9891 0.721434 65.6658
16.5931 19.0858 108.18 111.097 79.2272
28.2567 73.7543 78.9819 29.8408 115.615
0.719473 0.311155 170.334 10.6159 0
22.6173 12.9728 165.339 0.785395 0
16.624 116.497 46.3066 0.591235 110.582
55.17 32.7729 51.3808 142.925 65.5247
11.0282 16.7208 117.838 119.528 0
28.7542 28.7542 103.509 131.032 0
