114 3.18236
0.391501 5.77615 5.7894 0.554937 8.20624
0.00792567 0.00309672 0.108324 1.38324 9.92233
2.99268 6.14255 8.32983 0.642098 7.58877
0.0236818 0.0039637 0.529632 0.0240358 17.3278
0.00812429 0.13148 2.13189 4.43353 11.7368
1.48699 4.27623 2.94952 5.40342 7.64159
3.17788 0.982367 3.32626 4.70404 6.65252
7.16123 0.392503 7.17198 10.1427 0
4.75102 0.262668 8.29602 2.2244 10.2862
0.561578 0.116963 0.987959 2.0658 6.50621
2.41665 1.77749 0.266458 8.33844 0
1.15757 2.61728 0.355644 5.659 6.35145
0.503525 0.0339635 7.48195 3.42948 8.24594
9.20844 8.06567 0.770053 2.41861 0
2.0728 0.556479 1.42143 5.60255 0.699757
3.07082 1.45903 2.767 4.38349 6.19919
5.55304 3.75149 1.62879 2.90946 0
2.315 1.46136 10.2993 1.78627 0
0.8211 8.58563 0.741147 3.0016 0
2.92395 2.92395 0.409351 6.72966 0.894769
3.1869 1.17377 2.90299 0.4026 7.50027
2.80112 2.80112 4.22761 4.54926 7.47998
0.422218 3.78612 0.335142 5.04302 6.32909
0.172325 0.393711 0.350096 5.20916 5.23857
9.39343 3.58683 0.771183 0.773448 1.72612
5.76533 1.77016 2.82558 7.48338 10.0179
1.01778 0.884571 11.5358 5.78277 2.71587
4.31138 4.31138 0.77657 0.782843 0.211431
0.426903 5.01356 2.57437 5.65203 4.64728
4.67591 2.06383 3.35367 5.26654 0.171848
3.62316 2.9671 0.819483 4.75421 3.41092
1.4623 0.121337 6.30576 6.62059 2.06237
0.294692 0.0175464 4.95812 7.90782 9.33829
3.80959 0.281317 2.42543 0.334139 9.64087
4.97527 4.97527 0.749169 0.753403 2.04595
7.76367 5.77267 10.4146 0.785 0
0.629007 0.629007 1.6795 8.33182 0.845046
3.35006 3.35006 4.02697 6.21791 1.11108
1.7795 2.07948 1.72384 0.899562 4.38019
12.3627 0.768009 0.769489 0.770973 2.37362
2.1727 1.36838 0.438355 9.39887 0.655066
0.859779 9.40093 0.781828 0.784505 0
3.03029 4.98375 8.67026 0.784657 0.0402513
3.42765 4.40648 5.93693 1.28754 0
5.79061 0.290787 0.291153 14.537 0
3.97573 0.574821 12.2978 0.784918 0
1.89608 1.09209 3.78008 1.0333 4.48826
10.9924 2.36311 11.2436 0.777138 2.28264
1.08972 1.64742 3.55263 2.43998 6.71575
0.618825 0.0608429 3.08125 0.309056 7.36516
4.43088 3.01968 5.36201 7.58303 0.0139496
9.91222 4.02159 10.697 0.763741 3.60423
0.705924 0.71097 1.43821 2.62805 3.15893
1.03066 0.842434 1.74634 6.02617 4.50671
4.07499 3.89139 1.69443 3.56865 0
1.58321 2.02276 10.7709 0.707516 5.3282
0.45632 1.22853 1.31054 2.62355 4.83485
0.842831 5.4532 5.51795 0.614404 6.21657
2.40427 3.72075 4.42996 1.52666 6.44823
2.05132 3.23254 7.72124 8.61828 0
12.2135 0.779837 0.781425 1.15206 0
3.08208 0.183363 12.307 3.01004 2.15258
0.37181 0.0876739 0.382007 8.46313 8.93727
0.699156 0.341453 0.104591 15.8726 0
5.14852 6.52277 0.728422 0.731215 3.25126
0.456111 4.56937 2.64196 0.528827 5.8286
1.48483 1.66554 3.17213 9.99994 2.31732
2.06937 1.03644 3.60581 1.94424 9.08959
2.22918 2.11285 3.08369 3.05155 10.7127
2.71924 4.51324 3.03184 2.57402 3.00382
5.01151 2.21776 8.88549 1.06884 4.5067
5.38214 1.72209 14.4539 0.785064 0
1.12467 3.12094 1.18614 3.52307 4.98238
3.4693 5.19746 6.24897 0.837078 0
2.41285 1.11352 2.09696 1.83897 3.85238
4.22341 4.22341 5.9728 0.784277 0
1.59517e-17 1.59517e-17 4.22999e-17 3.45465e-16 5.69593
2.28996 0.427164 0.179387 9.93348 0.543812
1.98811 2.63757 2.93575 6.24629 1.48745
0.369542 0.0262305 0.373307 7.40948 8.22589
3.91989 3.91989 3.18135 6.39157 0
4.27082 2.64051 0.446947 7.26998 0
0.163088 0.0673451 2.83177 4.23906 11.5444
0.435687 0.596856 14.1047 0.739972 5.0108
2.38011 0.148099 8.61269 8.93673 0
4.58407 1.92255 4.41304 6.64717 2.36126
2.9524 0.510766 4.76789 4.00587 0
0.405337 0.370807 4.85038 0.648335 4.92425
0.473833 0.780577 2.73973 9.32318 0
0.418865 0.960592 8.0117 0.784173 0
0.726478 2.49768 3.96722 3.73691 3.46344
2.83476 1.03027 3.01617 2.42111 9.36064
0.192094 2.87265 3.9402 3.27126 10.1904
0.458435 7.4375 10.3261 0.784902 0
7.22114 0.579543 5.36533 3.86152 0
4.56654 3.72945 0.39241 5.90898 8.35657
3.54832 3.54832 2.15137 5.45981 0
0.608948 0.0713967 5.22933 2.88479 3.03968
4.43408 4.43408 1.24478 0.593022 7.02088
1.0411 5.72085 5.81481 0.689 4.49249
2.43849 0.841332 2.57955 8.20579 0.396683
2.88195 2.93558 4.11379 0.783049 0.026231
3.83047 7.76036 3.7081 4.98492 0
0.749162 0.821149 0.485626 5.34468 5.4806
0.408203 0.482584 0.212379 8.15672 5.07329
2.63289 2.63289 3.24038 4.43603 6.76465
2.38939 2.38939 0.554668 3.65312 5.00713
3.04962 1.15306 0.279688 8.55997 0.501087
4.06318 4.66386 0.55462 6.21037 0
0.29441 0.0497109 3.78036 9.2136 0.160842
3.89395 0.379065 4.1398 0.554489 5.72293
1.92476 2.31548 2.30211 1.96783 4.27062
0.413028 2.78308 2.27 4.27913 0.746237
1.08471 4.89502 5.01376 0.577159 6.54993
2.92704 2.92704 5.10048 1.87306 0
3.83522 2.02729 4.14177 6.6225 0.816121
6.86397 0.63186 0.634532 5.02869 0
3.92121 0.226287 12.9439 1.63219 0
2.69185 2.69185 0.899197 5.60166 7.20429
1.36917 0.451262 15.3165 0.778273 2.03936
0.279259 3.11963 3.1321 5.36909 5.37982
1.33675 1.05768 7.64238 2.01863 1.36014
2.94766 1.54871 1.47212 9.71614 1.54092
6.33347 6.33347 0.700869 2.44584 3.8021
1.39552 1.58736 1.24042 7.8916 0
6.00871 0.749484 2.38374 2.06118 0
0.502953 0.0510082 3.56342 3.5991 5.87168
10.0525 2.28227 9.43238 3.83083 0
4.76248 4.98403 0.677033 4.04753 0
3.98945 0.497535 1.94661 4.91746 0
0.00877356 0.00695947 0.136455 0.497459 11.0677
8.47016 0.513635 8.48572 4.91354 0
2.63488 0.481416 5.35556 5.98802 0.305944
7.19854 4.83843 4.85668 1.26099 1.10376
3.1566 2.30845 4.24096 0.483307 7.40141
1.53008 3.07132 3.43135 5.5352 7.36117
1.14846 1.50763 1.89523 5.41583 2.54685
0.204711 0.434928 4.523 4.54847 6.43251
3.61439 0.314022 3.09332 7.69936 0.346449
5.25682 7.66498 9.5391 0.784945 0
0.517886 0.517886 7.51217 7.54779 0.809308
5.7348 1.52857 4.50579 0.716435 7.48598
4.53931 7.49678 0.768788 0.77174 1.60597
0.23647 3.59284 8.97299 4.46873 5.41854
7.58947 4.41883 0.781282 0.784368 0
1.87965 1.87965 2.50136 3.65007 5.16198
6.77046 3.60119 0.780029 0.784054 0
0.831915 0.779371 2.96265 7.82438 0
0.298534 3.18359 7.43105 0.758603 2.13081
3.93932 2.21546 4.77869 1.17147 2.30929
3.96 3.86449 6.33 2.93824 0
4.89441 0.452918 6.78548 0.77535 1.28109
2.1927 3.26746 1.23631 4.12464 1.17643
2.77135 2.4136 1.09213 6.29457 0
3.8622 0.392003 3.88204 5.49003 0.0912173
4.5107 0.335533 2.07658 9.33381 0
2.74473 1.42629 7.60935 2.14104 0
2.87398 1.56942 3.27457 3.43238 1.68888
3.37485e-17 5.1298e-16 5.18945e-16 4.80572e-17 11.9553
2.67517 4.35929 1.83144 2.11279 0
4.7265 1.28823 2.29426 5.40952 2.47557
1.80513 1.80513 1.18106 8.43567 1.8409
3.88968 1.87194 4.31669 6.38852 5.60114
0.706462 6.70635 0.710371 3.1653 0
8.34644 0.588504 7.69953 0.784777 0
0.754133 2.85242 2.34373 3.76803 3.82932
1.94281 0.180302 1.95116 10.4644 0.390206
1.40008 1.24331 1.71256 4.3128 2.0447
3.01705 1.64741 3.43752 4.86139 0.15746
2.48985 8.18028 0.617261 6.7296 0
3.0928 4.47736 0.433895 7.3106 3.76695
1.9886 0.121745 4.6936 7.51629 9.08261
0.963605 0.963605 5.5475 5.71243 0
3.86222 0.826872 3.94975 6.45893 0.861986
6.97874 0.500566 7.79898 0.808648 3.14285
0.73296 0.165566 0.227372 15.8678 0.0521556
3.18556 0.396281 1.68094 5.20969 0
2.06954 0.124472 5.46311 1.61215 11.5841
3.88667 4.69336 0.570596 5.53524 1.63307
8.00704 0.913769 11.957 1.55236 0
0.987428 0.560869 1.13979 6.46372 10.3334
0.179026 0.101759 2.54614 4.12781 8.43505
1.29711 1.28239 11.5456 0.706207 5.68084
1.62761 1.62761 3.02507 8.33435 0
0.2365 0.669571 11.512 4.51832 3.01375
2.66625 2.66625 0.513956 4.37381 0
4.26883 1.29387 6.14112 5.23008 4.1189
0.643716 13.4617 2.10751 9.17092 0
0.914107 1.59572 3.90321 10.4069 0.0627132
1.22898 1.22898 2.10926 1.36446 5.22187
0.0442611 0.78213 13.843 0.784635 0.412013
2.17136 1.23991 5.79483 4.41144 0
1.68404 1.28847 3.05423 5.36488 1.98308
5.74738 0.739917 5.79481 0.784207 0
0.919928 0.0716175 0.922712 6.26585 7.82459
3.85009 5.67328 0.625597 5.20604 0
5.6701 0.904194 0.550246 5.76805 1.01814
1.90318 2.90404 4.00931 3.31089 1.35
6.3291 2.02194 12.0458 2.71083 0.229523
1.27518 0.57927 0.0999676 5.99867 9.13988
0.699335 0.170351 0.122201 12.0905 4.78201
3.60802 1.60466 3.94877 3.00068 2.03392
4.36002 0.302409 2.92534 6.0546 8.01979
7.98235 3.75687 0.780366 0.899439 0
6.09255 2.92478 4.23053 7.97313 0
0.129245 0.0546734 3.03928 4.24556 16.2007
5.13355 5.95737 3.79507 6.95955 4.35253
0.729369 9.67914 3.76961 0.784658 0
8.75432 0.531313 8.77043 3.74631 0
0.773809 6.57167 5.87427 0.769002 1.78708
2.22893 3.24646 2.33285 11.4384 0
6.40196 3.36613 0.563734 4.84921 5.08026
1.74172 4.57867 4.92733 3.75141 1.4879
6.5576 4.65812 0.554921 8.06277 0
0.19796 2.18512 2.97825 6.11113 4.95364
3.14909 3.14909 4.45349 1.09997 0
0.461623 0.160559 5.69846 5.71938 4.34077
2.9254 0.628075 0.784693 7.00276 0
4.31031 1.68704 2.52938 5.27472 4.20625
1.99689 3.1585 1.62225 7.04363 2.24902
0.119279 1.3097 5.87033 1.09546 6.11476
9.5398 4.76908 0.645434 0.646615 7.36617
3.39522e-17 6.96097e-16 6.96924e-16 4.80727e-17 16.1152
1.54545 0.83729 0.519599 1.83288 5.96839
5.5524 6.14476 8.28174 0.784812 0
5.08097 5.08097 0.866099 1.36956 0.532022
0.261501 3.55183 10.0454 0.784691 0
3.56138 3.56138 2.94789 4.55883 1.14123
0.473124 0.0358649 0.624531 10.3467 0.296695
2.162 5.13408 1.23826 0.639765 5.74244
0.346371 0.181722 5.16818 4.14808 8.00195
2.91608 2.91608 4.82367 0.783425 0
0.64241 0.64241 0.681498 4.92594 5.05516
1.16661 0.147557 1.17591 1.90917 5.70598
1.42033 5.20438 9.94678 0.784358 0.368289
8.35509 0.519413 8.37122 2.09751 3.93259
3.71702 1.76957 1.96087 4.55989 0.281375
4.69852 8.0468 1.2599 1.56436 3.50328
1.43462 1.27104 1.91669 4.97864 5.66871
7.76498 7.76498 0.78275 0.784735 0
2.92013 0.527756 1.26025 3.43621 4.71184
1.40312 1.13288 0.50563 8.03298 2.30166
5.12354 5.12354 7.24577 0.774067 1.70541
0.390312 0.394657 0.555066 13.8956 0
3.81729 10.3498 2.38951 0.784768 0
0.502577 5.17629 5.20063 2.87099 1.8736
0.270249 0.333745 5.08235 5.10046 5.89737
1.4738 7.03858 3.28701 1.60103 8.06731
4.53607 4.53607 6.41497 0.555015 9.0891
3.34458 0.881475 4.31722 1.60136 1.4736
0.974178 0.511909 1.39378 6.01287 8.99813
7.82447 0.68386 0.686467 4.35914 0
0.750046 0.0459988 0.0460852 12.2761 3.62621
1.17902 4.39192 4.54742 10.5048 0
6.44513 3.30678 9.11417 0.784805 0
2.26205 2.58645 9.07301 0.784546 0
2.3322 6.77682 6.01272 0.784482 0
8.89955 0.773071 0.775982 0.778904 1.07261
3.42372 1.45317 3.3004 3.30155 7.52575
0.469732 0.613893 11.1059 0.77486 1.79018
5.15469 0.401612 0.402829 4.91123 7.14245
0.327522 0.704766 8.92837 0.780091 0.948091
2.56123 6.23897 0.550687 6.86607 0
2.23553 10.6819 0.728118 4.39965 0
5.00281 2.75009 0.357248 9.26014 6.282
6.55082 2.76846 0.71411 2.76131 1.69653
1.68737 1.68737 0.254819 3.63358 5.96194
9.75525 0.704409 2.24266 2.70357 3.27369
7.26459 1.6585 7.66432 5.06317 0
5.24315 4.31009 1.61992 6.63503 0
0.393527 7.12972 0.83966 2.32816 12.0737
0.0802477 0.0102494 0.294313 0.10234 11.6744
0.693479 0.693479 0.980727 4.79138 9.3035
7.43875 1.42494 7.48325 0.78469 0
0.705597 0.12336 0.851949 13.9683 5.20481
1.47176 0.483353 0.557987 9.05552 0
3.45378 3.21692 9.56254 2.0872 2.11627
1.72415 1.72415 0.989303 6.83096 5.62972
4.32892 2.98052 1.94603 1.48077 3.45066
0.44257 0.629509 11.8803 0.771126 2.26089
1.96753 5.09252 5.45939 4.45641 0
0.757584 0.208769 0.785823 4.32194 4.46253
0.65855 0.76533 0.083109 9.49983 0.422874
1.35892 0.666831 3.52171 3.83324 2.8532
0.764738 0.576972 1.99178 5.31645 0.0282744
0.751857 0.0428015 0.0428708 13.25 3.82359
7.08655 7.08655 0.782225 0.784604 0
4.22087 8.94681 0.65543 6.52995 0
6.41239 0.310475 13.8926 5.41474 0
4.82229 0.846749 4.88673 5.93297 1.96081
2.40287 2.79866 0.679426 0.444016 13.3347
5.52026 5.52026 2.05788 1.62695 0
3.41646 3.41646 8.2513 0.784521 0
0.774548 0.0461674 13.0176 1.99331 0
2.28276 2.28276 4.5176 5.55254 0.550875
7.19277 1.5993 7.36843 0.552189 10.5449
0.0225301 0.0353534 0.065647 0.67171 9.39263
0.749481 9.11348 2.62078 0.782288 0.721075
1.63727 0.593095 7.3654 0.554865 7.58877
2.51826 5.40835 5.96589 1.86363 2.22227
