43 0.41727
7.05946e-06 1.7338e-139 1.0154e-156 0.00300031 4.18934
0.491573 2.77746 2.62586 0.386306 0
1.23028 0.105569 1.70507e-158 8.86112e-250 5.2904
0.0922205 0.431472 5.1991 6.80502e-223 2.96314e-116
1.39841 4.27732e-149 5.99768e-171 4.90379 2.07361e-302
1.24838 1.26462e-139 0 4.37769 1.85114e-302
0.9595 0 0.00491302 3.25682 0.961711
0.455908 5.11253 5.28346e-199 7.50688e-73 2.09769e-285
0.208102 0.731777 1.52513e-207 0 3.97071
5.49509 1.15344e-200 3.77375e-94 4.56306e-149 2.27809e-156
1.96049 1.62761e-185 2.37715e-176 3.04971e-86 5.05539
0.0162518 5.85115e-294 0.886856 1.75444e-164 4.78778
0.0636721 0.247193 7.60053e-263 4.56871 0.335697
0.0112895 5.63043e-166 3.6791e-291 4.79812 6.49401e-87
1.36402 0 4.25399 4.01849e-162 0.433789
1.24381 4.95665 0 2.33405e-106 0
1.3459 2.65525e-153 4.78585 0.374711 0
0.44783 1.79295 2.08196 0.776644 1.73965
0.182017 1.73593 0.262667 2.65721 0.303706
0.29954 4.08542 3.80334e-119 0.337739 7.38896e-06
0.0432723 4.48572e-73 0.435931 4.02949e-212 3.642
0.43207 0.042613 5.11602 6.69627e-223 3.12157e-116
0.264538 6.27001e-191 2.68098 1.55114e-168 3.46374
1.46916 0.0101501 1.98794e-232 3.43585 2.41802
1.29114 2.6645e-163 0.0105261 4.48255 6.31356e-87
0.325131 4.29562 3.53097e-111 2.338e-106 4.31057e-154
0.24347 2.41389 0.166661 2.47033e-323 3.21747
5.33779 0.458031 7.39776e-158 3.84456e-249 2.17857e-302
0.0049373 3.55136e-69 4.07612 2.35105e-166 0.0111756
0.143648 1.21099 1.72238 0.608719 2.65189
0.0433727 0.64973 2.21139 2.36291 4.40875e-287
0.058345 0.226511 1.43164e-115 3.78418 2.08005
3.71098 0.0170956 1.87193 2.80299e-263 0.354203
5.1166 1.10891e-125 2.93609e-93 4.24877e-149 2.12118e-156
2.35969 6.36473e-193 3.66565 1.22153 6.12758e-87
0.485619 3.52919 4.23884e-216 0.293716 1.59628
1.14577 9.96073e-47 1.4382 2.76818 0.130882
1.17051 3.71592 0.14113 1.21166e-259 0.332221
1.51203 2.94743 2.11392e-88 2.08233 2.39096e-129
1.35059 3.72936e-54 0.000662999 3.13335 1.80514
0.985534 1.92112 3.10931 1.63372 3.95253e-323
0.10171 0.00908367 2.35756 3.92604 3.99814e-161
1.62622 2.75409 0 0.890608 0.897123
3.84527 1.53053e-208 3.47406e-158 0.125603 0.00837346
0.48993 1.65446e-238 4.96524 1.49659e-174 0.210766
2.20422 9.10783e-148 3.42414 1.14105 5.72387e-87
0.435614 0.880021 3.49163 1.61318 0
0.421103 4.72222 1.88887e-189 1.19184 0
2.45709 1.3939e-108 1.33005 0.809215 0.565003
0.0784608 0.783379 2.96842 3.21693e-150 2.38253
4.58796 2.11622 4.14128e-111 1.32082e-162 5.05563e-154
0.212978 1.74486 1.17268 2.195 0.626725
2.01375 3.41039 0 0.000466395 1.07019
0.912206 0.997299 7.08702e-140 1.46729 1.9398
0.0577094 0.581271 1.98369 2.16323e-81 2.49673
0.0613268 0.227491 2.93064e-264 4.21702 1.2195
0.00423175 0 7.42166e-08 0.163755 3.35125
1.94952 0.0406171 2.14745 1.72796 0.823068
0.741239 1.05067 0.00225819 3.05006 2.62536e-05
0.583694 4.42313 4.59242e-199 2.13281e-160 1.06e-189
0.469721 2.41692 2.07958e-192 2.06139 1.43775
3.61945 8.56271e-208 1.31868 2.03256e-66 0.270152
0.150578 2.09195 1.95295 1.14205 1.90551e-201
1.7438 0.877121 1.6321 0.20978 1.1401
2.31794 3.49241e-05 2.28199 4.0463e-94 1.40443
0.869292 0.568839 0.766795 1.40177 2.30908
3.96761 2.18127 6.33912e-245 0.451362 2.87437e-150
2.04255 3.45916 0 1.12609 1.40608e-84
0.32879 1.41982 3.08849e-122 6.47226e-322 3.81978
3.94159 1.26393 0 1.08944 2.14707e-216
1.05413 1.66206e-172 0.00539756 3.57802 0.0614836
0.106324 0.414392 4.98093e-153 4.03216 0
3.09069 1.47731 1.82765 6.60699e-238 0.180219
2.28072 1.74563e-123 0.530655 2.17144 1.09126
0.188823 0.815399 3.15573 1.45255e-321 2.32553
1.01148 0.69892 1.68772 0.582716 2.61739
0.0560825 0.727718 2.10176 0.660227 2.8009
1.49259 0.705211 2.88714 0.142956 0.135783
0.554505 2.00086 1.53251 1.29246 1.42323
0.215562 0.00539087 4.92407 8.0111e-141 1.40238e-239
0.382772 3.83862 2.16033e-203 2.0451e-05 0.012157
2.17966 3.0694e-192 1.10643 3.22201 2.5904e-192
1.18758 0.557761 3.54294 1.15886e-222 1.15159e-87
2.68808 2.84583 9.49105e-118 2.19913e-81 1.91983e-123
1.1631 0 3.62737 0.699191 0.296929
0.663567 4.30378 4.3535e-217 1.541e-148 2.90717e-179
0.642155 0.301596 1.91576 4.48e-76 2.98239
0.00642017 0.931242 0.506112 1.10614 2.6802
1.54236 0.819703 1.29256 1.74337 0.502373
1.22702 1.68251 1.32453e-197 2.26087 2.20961
2.13735 4.55354 1.50938e-220 2.36545e-149 9.33002e-179
4.95835 1.40718 0 2.16565e-117 5.96749e-161
0.230533 0.180712 1.47472 1.57072 1.89358
1.56352 2.3542 1.70166e-214 0.68088 2.03761
1.19625 0 0.00120313 4.06035 0.069772
0.00511817 0.742387 0.611763 1.00336 2.43185
0.176267 5.95242e-239 0.870448 7.8412e-172 4.67265
2.26091 0.0156201 1.7528 1.02297e-129 1.85119
0.565639 3.23046 2.88359e-107 0.571608 2.81901e-100
1.06688 1.08076e-139 0.496881 4.12706 0
4.38288 0.000295837 0 1.27298 2.28941e-216
0.7793 0.0162362 0.858421 2.59784 0.693506
0.764714 1.80912e-208 1.41387e-214 1.26314e-71 4.41716
0.191859 3.61536 0.00358817 1.34687 1.50557e-07
1.05244 0.000124639 0.0908514 1.70559e-89 3.13598
1.87716 0.870231 2.1776 0.247659 1.34597
0.794496 2.14284e-70 9.00742e-124 1.21673e-251 4.27354
1.72192 2.5927 2.52689e-231 0.749859 2.24404
3.01508 0.00033573 0.361285 1.52086 1.93151
0.509168 4.44568 4.60607e-199 3.30905e-81 1.06315e-189
0.532932 4.65317 4.82105e-199 3.46349e-81 6.69452e-190
0.699428 0.000642688 3.03052 0.256428 0.25132
0.460356 1.2935e-107 4.66551 1.40624e-174 0.409768
0.430763 4.83055 4.99206e-199 1.77502e-72 7.82381e-286
1.1794 2.04299 3.24973e-228 1.53051e-55 3.69064
2.95469 1.54149 1.55395 3.43246e-106 0.707349
3.34905 1.8621 0.674438 4.47552e-139 5.43113e-05
1.3815 0.734211 1.37371 1.36974 0.473732
2.46717 1.58173 0.0295952 0.24164 1.31326
1.58194 1.91579e-05 0.472186 1.22612 1.53492
0.072778 0 0.23102 0.0438082 4.06891
0.669945 1.84009 0.0292442 4.7845e-76 2.85913
0.918034 2.21506 3.30315e-228 1.55567e-55 3.75131
2.78014 1.32124 1.56251 1.94115e-200 2.83918e-189
0.561907 2.31595 0.0875157 2.91744e-06 2.88934
2.08477 1.14069 0.401529 1.59737 0.549625
3.14793 0.180264 1.78087 0.34246 0.010943
0.939052 1.45855 0.00371926 3.33923 2.49134e-05
0.0509946 0.763907 2.59999 0.59208 2.23616
4.86803 1.36781e-106 0 1.46019e-174 0.0682922
0.295423 0.0062022 4.32462 4.40118e-89 5.43567e-210
1.47789 0.766702 1.10918 1.83336 4.22304e-64
1.93235 0.26363 0.98729 2.02487 1.33063
0.880214 1.38385e-186 2.74514 1.85198 0.59836
0.860335 2.37564e-54 0.000422336 1.99597 3.3039
0.729937 1.14757 2.85479 9.50961e-06 0.124156
4.29441 6.20809e-235 1.06433e-06 0.0892193 0
1.76314 5.16743e-52 2.13785e-176 3.47385e-86 4.54648
3.47381 0.206277 0.119163 0.201905 7.78522e-128
0.221012 0.0197384 2.31713 3.87273 3.94385e-161
0.151093 1.25092 0.72934 2.47283 1.57876
2.06825 0.0691519 1.07528 2.47033e-323 3.08549
2.61897 1.48573e-108 1.41768 0.862528 5.95818e-08
0.0414236 0.620533 2.11201 2.43876 4.38793e-287
0.902404 0.699305 0.956827 1.55616 1.78851
2.56865 0.103944 9.89649e-244 1.31114 2.73725
2.67502 1.27129 1.50344 9.02901e-48 2.73183e-189
0.0391372 0.0259005 0.761461 1.77741 2.16309
1.09043 0 0.00558344 3.70123 0.0501269
1.00207 0.0263951 0.0999344 2.80566 1.30048
0.431835 1.11716 3.07836 3.26404e-116 0.203372
0.911744 0 0.00466849 3.09472 1.16919
2.51454 2.60601e-107 1.40383 0.555662 0.000203583
1.2564 1.98962 1.41686e-214 1.76337 2.06112
0.839394 2.83006 2.95114e-217 3.28394 2.8316e-175
0.356431 2.24051 1.00051 5.65029e-74 3.03735
2.1022 2.45642 3.84702e-216 0.27823 1.84142
1.12046 0 3.76607 8.86039e-07 0.301245
0.255348 1.79496 3.20491 0 0.00160587
0.890546 0.0223493 5.36387e-215 2.84601 1.99888
3.30657 1.23705 4.69547e-192 0.354723 0.000257248
0.0222944 2.6317 1.33358e-112 1.68791 2.25688
0.378596 1.12634 0.178487 1.67675 2.54964
0.875574 2.75497e-263 3.70163e-231 1.31309e-71 4.60826
0.414138 2.14026 7.52945e-204 1.93018 1.66049
0.917135 1.8189 3.24525e-260 1.03894 2.34179
3.00803 1.74663e-118 0.629998 0.27338 2.08491
0.173876 0.657853 0.29527 2.23422 1.04689
2.78636 1.36429 7.70294e-05 0.255789 0.862125
0.535477 1.20791e-188 2.69588 0.359838 2.41407
0.0167515 0.136192 3.30648 0.48163 0.985195
2.37983 0.00780425 1.26971 0.95306 1.57135
0.264764 3.01259 1.57368e-181 0.840661 0.848163
0.288978 9.89531e-306 4.56405 1.02347e-130 1.60048e-193
0.321178 2.66643e-186 4.54877 2.60222e-142 3.2065e-06
0.450098 0.228629 2.50455 0.210648 1.18928
0.0310054 0.0532109 0.410226 7.53914e-251 3.4487
1.1309 5.83988e-194 1.61532e-260 0.51105 4.011
0.636801 2.48191 2.38537 0.976655 0
3.75636 3.5011e-155 0.796229 0.401033 1.56994e-302
0.269009 0 3.83906 5.68859e-73 0.460008
0.193146 0.000838184 4.67883 6.64848e-177 1.95318e-182
1.10873 1.57385 2.53633 0.0543963 0.908637
1.70002 0.0573949 3.40047e-05 5.07963e-283 4.31321
3.26658 0.0143672 0.205432 0.517272 1.02608e-152
1.43124 0.936561 1.26248 2.30793 0.898998
0.254781 3.68474 0.000187335 9.75317e-75 0.972301
0.0531854 1.48654 1.67999 2.25362e-219 3.06042
1.8565 3.14409 0 0.000773212 0.986623
0.147861 4.02764 9.98886e-07 0.111484 0.00961325
5.18191 9.43892e-117 3.55868e-94 4.303e-149 1.33082e-156
0.18832 0.627472 0.539466 0.885149 2.513
4.02584 0.199643 5.45454e-245 7.53179e-101 0.150724
3.20299 0.138447 0.117286 3.4905e-07 0.659906
2.73826 0.0798941 1.05458e-243 1.39717 2.91685
4.68174 0.182796 3.21849e-197 0.000246959 2.14416e-226
1.09126 0.0609625 0.80571 0.700518 2.86043
0.464033 2.36578 1.45164e-214 1.80665 2.11171
2.16253 1.08517 1.17794 2.41331e-125 2.72742
2.2163 0.314181 5.33543e-101 1.57557 0.671429
0.771213 0.00159194 5.91926e-169 3.24463e-73 4.38857
0.553405 3.16059 2.82122e-107 0.559245 0.00376584
1.06875 0 0.00547241 3.62763 0.0623363
5.26449 0.452149 1.95246e-183 1.6367e-158 2.14867e-302
0.190493 2.02775 2.93293 1.54104 3.95253e-323
0.0132294 0.050053 0.839998 2.53496 1.25155
0.0909351 1.56299 1.19768 2.04775 0.0151984
2.71429 0.946527 3.338e-149 1.90246 0.522281
2.40098 2.5058 0.529017 0.186334 4.53626e-214
0.343132 3.95019 1.57974e-189 2.97701 8.26918e-211
0.153088 0.164181 0.0200826 1.24682 2.94514
2.56583 3.27666 1.16301e-165 0.134906 1.17893e-92
0.376608 1.9463 8.78811e-143 2.14178 1.57489
0.404897 1.01193e-151 6.1259e-09 1.61165e-06 3.90657
0.487093 1.75762 0.909976 1.95885 1.37123
0.0848189 0.0596653 2.29647 2.40526 3.36096e-10
1.76094 3.04395 0 0.97922 0.251167
0.00438991 0 3.98018 0.730561 8.02256e-150
0.0652452 0.0972853 2.82262 0.41115 1.95838
0.542054 3.07411 3.62764e-262 5.83279e-101 0.122998
1.60452 0.852737 0.973507 1.88911 6.93955e-78
0.395217 2.4483 1.23598 0.278635 1.15248e-146
2.32222 1.53683 0.201159 1.27827 1.68939
4.76158 0.408587 6.59918e-158 4.24849e-190 1.94339e-302
0.0136929 0.205122 0.69814 2.92478 0.00330336
2.83125 0.401354 1.61097e-93 0.334771 0.687355
1.12894 3.32777 0.00700463 0 0.612384
1.03079 0.0823004 1.29799 2.49831 0.789541
1.84083 3.58837 2.57361e-88 2.56942e-118 0.141412
0.338981 3.28008 1.46414e-144 2.31681e-154 1.00533
3.04376 5.59012e-297 8.96569e-235 3.38612 2.9197e-175
0.327977 0.466937 2.88952e-159 0.371317 3.71337
4.11078 1.89612 3.71056e-111 1.09594e-132 4.52981e-154
0.334062 1.89454 0.437558 1.77264 0.104508
1.41822 5.86009e-148 2.29984 2.98744 5.45179e-87
0.475865 2.68871 2.54195 1.04076 0
3.36392 3.38822e-227 0.592069 6.83615e-151 0.781601
0.51633 2.23471 3.90767e-119 2.94824e-06 2.77888
1.96928 2.55972 0.568425 6.56316e-151 0.750389
1.8046 5.51972e-149 3.87885 4.02873e-187 1.73967e-302
2.90114 2.27304 2.35189e-88 0.556311 2.27764e-129
1.25104 0.14136 2.6427 1.87742 0.912567
2.0262 2.63594 1.72994 2.42844e-198 2.99222e-133
2.40281 0 2.44901 0.428872 7.9012e-231
0.193406 7.98873e-171 4.46522 0.785567 1.29117e-239
1.03982 1.65347 8.65886e-143 2.11028 1.55173
0.0723614 1.03153 1.29799 2.49831 0.789541
1.13544 1.70965 1.23577e-214 2.2539 2.13668
1.6711 0.0652471 3.01261 4.06092e-185 0.0041479
0.153854 2.57581 1.92659 0.525025 2.26788e-71
4.80349 2.47739e-212 0 1.15518e-95 1.57324e-83
0.603042 1.47236 3.33998 1.87347e-133 0.318184
0.356071 1.05932 0.920907 0.149644 2.54777
1.08682 0.5776 1.08069 1.07757 2.23278
1.15566 0.39685 5.24064e-171 4.28482 1.81187e-302
1.24618 0.815464 1.09924 0.85488 2.46249
0.096762 1.37937 1.24944e-78 0.445512 2.72079
0.497612 2.97408 0.0599425 4.10808e-273 1.34267
0.482472 1.83894e-117 0.0812631 2.88825 8.58682e-257
0.146536 1.5262 3.12488e-182 3.58558 2.5234
0.171338 1.40371 0.943404 2.78344 4.59591e-126
0.243648 0.492214 3.84515 0.313572 0
0.196727 2.50856 1.1483e-96 0.699464 1.13605
0.1964 0.84812 3.28237 1.51184e-321 1.9172
0.182476 1.49496 1.00473 1.9224 1.25654
0.721298 1.53763 1.4913 1.48699 0.514285
1.19464 0.0580675 0.107002 0.120751 2.80533
3.75477 0.281526 3.98199e-147 0.907158 5.86945e-123
2.50245 0.0844862 9.29451e-06 7.4773e-283 3.30785
2.86142 1.89366 0.000636313 1.53746 0.27651
0.857353 2.02828e-208 3.6246e-231 1.41615e-71 4.51236
1.31191 1.92104 9.30044e-150 1.99179 0.057721
0.210783 2.6878 7.4608e-235 0.749443 1.28361
1.81184 2.4867e-128 0.00309145 2.56722 1.36151
3.21227 0.0078595 2.16492e-94 0.376064 0.772139
1.26915 0.830494 2.5009 1.04588e-129 1.97342
2.99146 1.42988 1.76897 2.63922e-229 0.174432
0.938917 0.052452 0.468668 1.05023 2.68241
1.43124 0.936561 1.26248 2.30793 0.898998
1.38575 1.51501 1.73416e-192 1.8257 1.5634
1.0443 0.669314 3.76741 2.84327e-224 0.34001
2.02418 1.60535 1.9289 0.498494 2.18426e-139
0.463817 2.397 8.43266e-204 1.1195 1.67949
0.391702 3.86756 0.387655 1.00162 1.13088e-210
2.77828 4.71136e-158 0.924989 1.94075 0.667777
2.42441 2.78887e-91 1.78947 1.50916 1.66186
0.193406 7.98873e-171 4.46522 0.785567 1.29117e-239
0.00474701 0.688551 0.567399 0.930598 2.64203
0.182979 0.356685 2.79007 1.7324 0
2.65349 0.0964378 0.00919408 1.38159 2.31509e-126
0.461181 1.126 2.55428 9.22642e-191 2.36112
0.0642366 0.000207389 0.413088 1.19922e-218 4.11733
0.629318 0.367313 2.74737 0.00447499 2.20511
0.610239 0.00197017 3.92429 0.00616339 2.9795e-117
0.856568 4.0796 1.28505e-221 3.7006e-224 0.28293
1.85221 0.173717 2.41595 5.86291e-164 0.000175584
1.17003 3.88722 6.85278e-180 2.971e-301 3.54864e-216
0.00345499 0.0517564 1.03138 2.56301 3.69035e-287
0.2418 1.69972 3.24947 5.23428e-246 0.00160279
1.29011 4.7441 1.02879e-242 2.41689e-226 3.5551e-116
