882 25.7677
0.0832583 0.0359955 3.30514e-72 6.76179e-08 7.99064
0.133587 6.05562 0 1.15446 1.17015
0.269262 0.80451 7.77408 7.37205e-277 1.70054e-69
0.177603 7.53663 4.3851e-55 0.0539674 2.14664e-88
0.588854 0.0246044 9.52277e-07 8.83135 9.28117e-13
8.1663 1.1765e-167 0.00144412 1.40794e-192 5.48964e-89
5.8214 0 0.709398 0.425612 0.253028
1.50337 1.44692 6.61653 0 0.365724
3.50678 1.69509 2.36323e-104 4.31049 0
8.03785e-12 3.08422e-08 1.14901e-05 0.021218 6.0014
0.492324 0.212849 9.1115e-07 8.03713 8.4465e-13
0.017032 4.7917e-166 0.0647912 7.69966 5.53179e-10
0.000596118 0.0127537 0.0868638 4.99616e-141 7.73437
7.57185 0.00204846 2.02168e-09 0.000190353 0.000675078
0.155943 7.06902 0.0861307 6.16107e-230 0.358647
6.71088 0.000201417 0.234616 2.37834 2.63769e-72
7.85814 2.21077e-163 0.274725 7.4123e-277 1.70983e-69
0.0772295 0.0333891 3.06581e-72 0.00663184 7.43503
0.381703 2.00351e-122 9.8751e-05 7.39226 4.1582e-106
1.32441e-07 2.97141e-06 9.44672e-06 0.0182888 6.48776
6.9266 1.19739e-125 0.301989 3.95898e-246 1.50765e-69
7.31947 0.181679 0.255972 6.90632e-277 1.59311e-69
3.19129 0.818948 4.1857 1.03653 0.706394
2.95814 1.83649 3.08959 1.65129 2.87769
0.764942 1.91586 2.29471 1.60006 4.9202
0.140688 6.37751 0 1.21582 0.889327
0.0691576 0.000889124 0.0411481 2.4371e-269 7.08962
0.272778 5.83595 3.5084 1.09689e-168 0.00117225
0.00975183 0.00475411 0.0701206 0 6.25068
7.07637 1.05941 0.043068 5.42376e-127 1.50223e-115
0.00421442 0.0739678 0.025731 4.46305e-141 6.90908
0.575985 6.19509 1.49756e-59 0.362257 0.0110398
0.0801422 0.173657 6.03227 1.12613 2.0316
5.63333 0.0850961 0.0480749 0.00147229 1.358
0.443918 4.204 3.74954e-199 5.64418 0.475426
3.43574 2.07363 1.78995 2.71807 1.16695
1.30824 4.68357 1.29246 1.29532 1.47604
7.22733 4.74748e-140 0.252671 2.56137 2.84068e-72
3.59038 2.53792 1.88084 0.104274 4.8446
5.21572 0.255779 1.22881 2.80621 1.46027
0.720667 7.06796e-134 0.438353 7.15404 7.17995e-216
0.294275 1.04629e-179 0.393491 1.48797e-268 5.9153
2.0433 1.30796 0.644888 4.39338 2.29518
4.12273 3.21093 3.74191 6.02238e-212 0.565169
2.27119 2.34989e-200 2.75178 0.303466 5.47012
4.73672 2.67062e-140 1.25582 0.406483 0.726026
7.997 3.45739 1.48002e-05 0.000131628 9.13582e-13
2.10569 1.7026e-92 2.55021 0.281284 5.07028
0.00132883 0.00582229 0.077208 9.00578e-145 7.22873
0.235878 0.31598 3.34262 4.852 1.7679
2.32957 0.000477352 2.89619 1.57084e-106 5.43074
1.91401 4.16776e-206 6.56479 1.25092 4.66106e-12
2.69646 1.95101 4.33485 1.34448e-100 3.88305
1.33112 0.39421 3.85815 3.08553 2.0325
1.74549 3.80082e-206 6.93843 1.28831 9.16057e-09
0.941783 4.3428 0.959116 3.60394 0.489129
0.509955 6.65383 0.382291 3.59751e-194 2.79909e-08
4.54863 2.5984 1.22529 1.90789 0.439062
1.10537 0.581915 6.7305 1.09042e-116 1.36267e-152
1.18297 9.21624e-212 3.15851e-10 7.26431 0.000378941
1.44212 4.0572e-164 7.4215 1.30346e-192 0.0387794
0.0284316 6.78352 0.917015 3.72948e-237 6.77944e-200
1.40841 4.96194 0.608766 0.658562 2.42698
2.3956 1.1533 0.745355 4.7206 0.18769
3.29507 3.12234 3.44182 0.830475 0.0474736
0.0352871 0.21191 1.95943 2.41405 4.59003
4.13606 2.41573 1.01378 0.0127586 1.88249
5.30159 3.08389 2.42796e-141 0.8707 0.125839
1.45024 3.30562 1.64227 3.58831 0.83772
3.86988 3.66701 1.16456 0.76103 0.752551
1.03879 0.576887 3.61502 0.0356761 5.27755
1.5769 0.000311216 2.25988 2.43488 5.66131
1.80107 2.71554 0.859752 3.30389 2.57428
2.77707 1.72408 2.89449 1.5488 4.14969
3.022 2.65934 4.47778 0.153638 1.97872
1.01214 1.19323 1.70393 2.64946 3.76484
0.0438804 0.9388 6.16628 0.213145 3.5699
1.84997 5.15414 1.60444 3.11872e-154 1.51087
5.75965 2.4901 1.97169e-73 0.467449 0.0852687
0.445707 0.000217847 0.97315 6.32863 0.057423
2.9077 1.69138 3.72928 0.827899 2.68956
1.15092 8.96657e-212 6.86295 0.000174941 4.34992
0.675803 0.332952 5.70943 1.12803 5.0468e-230
1.19491 1.53483 8.15392e-226 1.41699e-170 6.7209
3.1777 3.01112 3.31922 1.46161 1.07593
2.31577 0.0250303 0.0789741 3.34673 5.17057
0.952567 0.290975 0.54737 4.50538 3.69066
3.62923 0.967185 1.78608 4.0271 3.62257
3.17625 2.47338 0.0390336 4.54174 1.23504
0.307076 6.53317e-83 7.26782 5.0415e-148 0.0129136
4.86635 1.63472 4.64192e-93 0.224135 3.64623
0.725689 5.11468e-116 0.390139 6.98781 7.01312e-216
0.458434 1.98837 5.9247 4.61773e-130 0.17169
0.126117 3.73515 6.74152e-160 6.11611 0.257569
0.779908 1.95335 2.33961 1.57114 4.9778
0.0600067 6.90666 2.84198e-147 3.71734e-194 2.56555e-08
0.388819 5.52475 1.70638 3.0057e-115 1.40531
0.0755946 0.0347988 4.84069e-57 5.58262e-08 7.33112
1.53685 2.55424 3.95807 0.703431 2.64447
3.97085 1.99592 1.59748e-82 3.18744 0
1.98711 3.48893e-132 2.81481 0.114806 5.27985
4.34429 9.51223e-05 3.023 1.8764 1.62333
3.71965 3.52466 3.8853 1.73229 6.47532e-05
2.24365 1.74743 2.04063 5.08097 0.539657
0.866381 4.04553e-130 7.50179 0.113314 2.04377
1.2844 5.73744 1.07463 4.66059e-225 0.883692
0.963716 1.76062 8.4138e-226 1.46215e-170 6.63166
0.937404 5.34736 1.32444 1.33839 0.1445
2.22264 1.02982e-11 4.73547 3.72069 2.52071
1.55915 3.75345 1.19083 2.61146 2.83061
0.918413 2.82428 1.574 3.23508 2.74028
0.880753 0.278066 4.97631 3.73409 1.25204e-152
0.936481 5.42265 0.579301 2.30491 8.84555e-14
1.06014 0.763231 2.93806 4.08965 3.93006
0.955305 0.542154 4.62861 0.924857 1.6003
2.94813 1.88716 0.930462 3.98997 2.4443
4.63702 0.00427051 2.12418 1.98504 3.42478
6.53275 1.1293e-125 2.32458e-06 0.0153486 1.42057e-69
5.09342 3.64241 1.50408 3.95965e-99 0.191982
2.52842 0.674204 0.772482 4.25368 2.01493
5.54139 2.92323 3.75597 2.23852e-136 9.03761e-108
3.74485 1.01947 2.69598 2.0225 0.779905
0.640902 0.707186 5.10724 0.241086 3.9916
3.04504 0.872864 1.80961 3.53809 2.7319
2.17168 6.26219e-187 2.63122 0.000555944 5.21164
0.965745 3.4024 3.73135 1.75439 2.1419
2.83854 0.00815874 2.00941 5.42203 1.51358e-05
1.76497 0.883555 4.89413 2.13386 0.116119
1.15158 5.66024 3.02707 1.49026e-102 3.56341e-61
1.86681 1.94538 1.90863 5.1501 0.180386
3.35979 3.82258 3.61336 0.560682 0.520373
1.05107 5.21904 0.0360438 1.41578 1.54742
1.57892 0.8937 5.51978 0.0544738 0.292392
2.08728 2.29874 3.98206 3.41371 0.000115572
4.49559 1.4566 2.65554 0.93598 1.04894e-05
4.27346 2.2721 2.07039 8.95284e-112 4.03989
2.64116 3.09178 0.695369 4.0711 5.26618e-230
1.69428 4.4778 0.307088 4.11573 0.193601
0.844546 4.81766 2.49428 1.31498 0.140334
0.0413178 0.227775 5.13154 0.976369 1.69691
2.46686 1.57895 2.82632 3.83172 2.58828
5.84713 1.58641 6.96328e-103 0.196477 2.4009
0.816107 2.87521 3.15319 1.47994 3.05427
0.0520202 0.0320214 5.37555 3.96629 0.0695024
0.114559 0.253259 0.952541 6.45073 0.33161
3.54951 1.00161 1.75386 3.95443 3.5572
5.6919 1.5651 1.41793 5.26078e-98 0.180987
0.323324 6.87886e-83 7.65239 5.30827e-148 0.00726042
3.00872 1.16207 4.09758 1.01471 1.05878
1.74878 1.13095 0.0251707 2.34965 4.68
0.449341 1.3961e-99 0.00153678 0.00548264 6.10835
0.155943 7.06902 0.0861307 6.16107e-230 0.358647
0.80141 1.23685e-160 0.583665 6.06835 3.73097e-148
0.863207 3.28556 1.71738 3.81545 2.11116
0.11145 6.12843 1.47203 3.39889e-211 0.502791
1.96493 6.46308e-229 5.82164 4.01313e-05 3.67556
0.303215 0.227525 1.55132 5.13453 3.54367
3.47537 3.5958e-200 1.50262 0.326521 5.80538
1.09958 0.692375 5.05104 1.01836 1.31213
2.42222 1.4806 0.803943 1.17043 4.43642
3.47687 2.03072 2.91716 0.364731 1.91691
1.96516 1.12605e-178 1.50215e-190 0.373736 6.79982
0.700315 0.409029 4.94985 0.013071 1.76346
0.0464478 0.122242 4.12729 3.04705 3.39456
5.40743 1.38712 1.38791 1.11496e-117 0.703777
2.29656 3.10913 2.79965 1.77191 2.92433
2.12804 0.52944 6.37053 0.218493 0.192029
3.80262 1.78973 2.16644 2.5677 0.172121
0.62422 3.34986 4.52447 0.82569 1.10387
1.28191 3.38625 3.26737 4.23187 0.249053
4.21994 3.85839 1.17329 3.66168e-92 2.11482
0.627096 3.57279 4.79742 0.86143 3.9176e-85
2.87385 1.66939 0.141344 2.13222 3.0805
2.45251 5.96569 8.91502e-144 0.499224 6.10141e-13
6.38195 2.60249e-175 2.4193 0.854009 1.59832e-78
6.05601 0.004255 9.34573e-166 2.34263 5.67328e-81
2.92735 2.80306 3.12692 0.621107 1.94663
3.67294 1.04414 0.062865 3.69438 3.04133
0.0523793 1.17899 7.19212 0.249053 0.290993
1.73082 0.668235 3.55264 4.46245 1.19665
4.65126 1.3421 3.60993 0.195837 1.0475
4.01438 1.34238 2.36272 0.961414 0.720893
0.600816 0.452456 6.85999 3.94072e-193 2.31157e-68
2.90221 0.74246 0.000644059 4.67037 2.21231
3.32098 2.45709 0.992293 3.4112 0.211623
4.24398 9.98558e-111 2.19934 1.69564 2.95497
0.359789 3.43404 0.50188 3.44326 4.44662
0.0982037 2.18588 6.3531 1.11375e-138 0.184105
3.16057 1.03958e-228 4.56567 7.42715e-239 3.29843
0.854547 1.74684 6.66405 2.05743e-176 1.27941
2.48355 4.57045e-142 5.27543 2.60334 2.50744
4.99659 2.12544 2.44341 0.0104161 1.02781
1.64386 0.939054 4.75036 1.80908 2.23893e-65
1.7151 1.21234 3.91426 0.0968599 4.50012
0.102904 0.576114 2.39492 4.59852 2.09789
1.26068 3.29734 1.69317 2.889 3.21849
0.993093 3.77994 1.97579 2.00486 1.86629
1.74148 0.782122 0.969934 5.36958 0.870495
0.585506 4.02704 4.07691e-147 0.345072 5.62302
2.31812 1.48388 0.731625 4.21172 2.30617
1.49732 1.35935 6.4777 0.0577215 6.59813e-05
0.811522 0.232623 4.41389 4.2787 3.33558
1.11328 1.18555e-107 0.31378 5.50334 0.495123
0.229556 3.03766 2.19787 3.50241 3.24888
5.96285 0.892702 3.91819 5.45048e-127 1.50963e-115
3.1065 1.37374e-93 0.302807 0.104985 4.78292
2.19796 3.08387 2.37256 3.48416 1.49485
0.903931 5.47658 1.6055 0.196141 0.272005
4.39036 2.39209 2.17143 3.8637e-150 3.13104
1.88946 1.22193 0.0230228 2.53861 4.24547
1.23133 4.40516 0.0216666 1.20548 3.3701
1.02704 4.58781 1.31884 2.04999 0.782986
2.286 2.33289 6.24443e-06 5.72994 1.81898
2.58039 5.60595 1.36982 2.02951e-228 0.317611
3.65859 2.34194 1.23016 1.79094 2.78991
0.500879 6.46211 0 0.53656 0.890666
2.44488 1.7282 3.56689 0.100134 4.71764
1.23037 0.467945 4.36134 2.60731 3.84876
0.843781 4.8133 2.49202 1.42084 0.140851
4.29989 4.09607 1.20845e-95 2.15968 0.143084
4.64662 4.47864 1.90565 1.22315e-256 0.381541
0.12571 4.2954 5.15567 0.53046 0.146076
4.13392 3.90343 0.911156 3.00203 0.000158277
6.1059 9.55831e-229 0.180786 0.20874 3.49612
1.45518 0.446774 5.12045e-153 5.87117 4.41457e-10
2.98218 3.24077 0.271684 0.0124307 2.53456
0.256346 0.00435382 5.60268 1.06089 0.252129
4.31915 2.88085 2.67019 2.066 0.0597911
0.824118 0.00110768 1.92158e-154 7.08075 6.72303e-13
1.2604 0.385007 0.724258 5.96134 0.117629
4.44329 2.75852 6.3122e-207 2.72664 0.667918
0.0880094 0.4723 0.935679 6.21896 0.0369819
0.946767 1.75522e-204 7.62078 0.00259601 4.70008e-10
1.69995 1.06755 2.21526 1.21412 4.46229
3.94135 1.26697 3.83657e-133 5.83692 8.17737e-11
1.28605 4.75503 1.30921 1.31267 1.48783
3.36618 3.22111 3.30575 1.51984 0.643914
1.19275 4.6308 1.42123 2.03956 0.167819
0.407567 0.317427 0.131966 5.45401 2.76212
2.47361 1.75262e-116 1.10869 1.40956 4.98895
3.05721 1.37535 3.5292 1.72221 1.94916
1.82582 1.23245 0.0392618 2.48551 4.41267
0.450465 0.327978 1.3162 4.41104 4.74676
3.24111 3.05034 1.99068 0.00390813 3.04714
1.73761 3.4278 1.97393e-158 1.20453 5.78193
0.211277 0.602007 6.72862e-08 6.64752 3.27188e-296
2.07041 5.50995 6.95708e-76 0.0102968 0.934215
3.75945 4.06456 0.000172215 0.328968 1.63968
5.02752 1.40175e-112 3.47484 0.00484224 0.607087
1.8804 0.948403 5.22206 2.27684 1.08067e-170
1.50245 2.76494e-142 3.19143 1.57492 5.02615
0.0125346 0.0549204 0.0344853 2.01938e-253 6.1834
3.40435 1.67724 3.21105 0.973748 0.0687061
1.48439 4.97059 1.13037 2.21635 0.226926
4.81915 2.24567 1.46548 1.08024 0.0739291
0.614399 4.54065 1.96007 2.64108e-207 3.82462
0.0793068 1.04945 4.04513 3.89716 0.602941
1.04494 9.2543e-142 7.1333 3.88723e-211 4.65342e-11
1.42441 4.76976 1.13066 2.13097 5.97629e-05
0.746788 0.364066 5.36978 0 3.28315
1.16931 4.41433 0.0238031 1.10812 3.34795
2.1174 2.16083 6.55812e-06 5.30734 2.21334
1.41744 0.809714 4.05764 1.54454 3.02123
2.3555 2.22457 4.76185e-77 5.02443 0.651219
6.28282 4.83675e-138 1.84761 0.78837 4.7388e-10
0.385806 5.96815 1.44746 1.28056e-174 3.00179
4.91206 3.67751 0.00178431 7.1745e-92 2.44969
1.82724 5.09082 0.00108972 2.95613e-154 2.11417
3.78302 3.58471 2.02764e-06 0.726812 0.995904
6.25813 2.75027 0.924074 4.53753e-265 1.58175e-05
6.10111 1.69728 0.862104 4.04061e-134 1.59772
0.0349979 0.901143 6.19208 2.6685e-118 0.314878
0.455658 0.0315432 2.99908 4.87411 1.17157
0.804584 8.88708e-149 6.45135 1.67009 2.58682e-137
6.48731 2.21607e-201 0.99016 0.00203469 4.55519
0.0913084 5.0209 0.217261 3.89433 6.0071e-05
0.193026 0.130295 2.11717 2.40286 4.28644
0.61112 0.434805 4.49482 5.38452e-160 4.09011
1.58813 3.95253e-323 3.36877 1.66285 4.87566
3.67932 1.99068 0.902908 3.39273 0.460464
2.23215 1.12581 6.27928 6.42412e-126 3.34151e-176
0.203602 5.57959 6.95432e-10 3.89394e-69 3.13768
2.38733 2.59434 0.937047 1.89407 2.36105
0.520305 2.12255 0.571556 3.95336 2.0653
4.44357 1.77707e-118 5.67237 3.02039e-237 0.071504
5.43576 2.13832 0.000533632 0.124459 0.661634
1.48727 1.68861 0.631849 2.58226 3.76069
1.36806 4.89772 1.09402e-91 1.3091 1.49174
4.79793 2.94409 3.80279e-102 2.89492 0.0946803
0.156704 0.863868 2.96017 0.943984 4.06185
3.25563 1.18522e-58 4.15776 4.66602 0.250848
3.99186 1.29338 2.35799 0.942673 0.729861
0.0557854 0.000515339 0.012011 6.5588 2.79848
2.35461 2.40291 7.29283e-06 5.25839 2.2617
0.250097 0.164753 2.92509 0.993481 4.14322
1.61506 2.68423 4.1595 0.0144713 2.75148
1.0223 4.56664 2.60483 2.24855 0.858824
5.80757 1.98238e-103 1.40558 0.000273797 2.91494
1.08404 4.12612 1.97171 2.15159 2.00287
0.35549 1.86817e-05 4.34101e-05 6.88461 3.87264e-106
