633 29.0054
0.000272451 0.00122888 0.00392277 0.00437661 0.000428342 6.33055 5.86393 4.127
2.81372e-06 3.57778e-06 3.76391 6.6996 6.19777 6.98498 3.54348 5.59836
0.000258762 0.000151296 0.000252178 0.000313803 7.06635 5.70195 7.47974 4.58347
2.75289 6.44442 7.01123 9.3733e-06 4.33146 4.98725 3.3268 6.6625
1.93295 1.59217 7.40802 3.60343 3.19915e-06 1.98846 5.74666 7.00102
0.390966 6.38931 6.76222 7.49655 7.23929 2.47241e-07 2.38231 7.41582
3.05507 5.4539 6.16916 3.1953 1.15171 6.60899 8.41145e-08 2.44527
3.29504 6.00372 6.7056 6.5544 5.95404 4.93346 5.08217 4.88992e-10
0.133277 0.199453 0.141384 0.313008 0.768433 2.12513 14.4351 0.190354
0.127896 0.374133 0.273186 9.35905 0.176576 17.1008 11.1425 9.36225
0.877591 0.393624 0.605716 0.558149 0.0596309 15.1418 7.95609 0.0916673
0.0546544 0.189143 0.662108 5.93974 3.97708 5.92867 11.5365 6.49981
0.713289 0.176317 0.640786 3.39634 8.54184 0.143125 14.427 12.3556
0.292573 0.191624 0.0829783 0.00161886 0.680525 0.037919 1.10512 22.2101
0.377321 0.425153 0.623006 2.09715 2.514 1.54626 15.0245 15.5668
0.963077 1.08965 2.40706 1.28791 0.623085 4.1966 16.4654 3.65857
0.237773 0.650114 0.523981 0.00245834 1.41617 0.238113 0.406853 23.3089
0.419808 1.39001 7.43322 13.9531 13.0384 0.650459 3.32362 3.00565
0.696204 2.91512 0.0631528 1.74981 10.0471 3.23123 8.17253 5.05745
0.00624193 0.13422 0.115872 17.5121 4.29365 2.74602 10.94 1.40042
0.917873 1.41339 3.30296 8.40976 2.31061 1.35239 9.48391 7.30538
0.0682228 5.95229 14.8837 8.27212 7.92394 1.04287e-07 0.964992 8.34589
0.197479 0.422237 0.175135 0.63637 14.2244 0.330701 13.7734 1.76371
0.000738096 7.71296e-05 0.00154699 0.0292589 0.00967478 0.0180368 0.673872 17.9514
0.0162524 0.0222508 0.0104381 0.00068247 0.0535788 2.36973 17.2207 7.02407
0.0117099 2.46906 4.82785 0.00581919 0.440227 5.42362 3.52462 20.7253
0.00063018 0.00117832 0.00437124 0.00761259 0.00213714 23.3562 0.605071 0.409759
2.21862 0.132175 0.0840028 3.06072 5.25821 11.5347 6.542 9.54984
0.071931 0.0587972 0.0474806 0.0531643 3.90629 0.927895 10.1404 12.6795
0.765383 0.332656 0.407661 0.437397 2.37337 2.36785 9.59874 7.45374
0.00753176 0.00992156 0.0371739 0.216906 0.196987 0.159751 3.4678 25.6879
0.00658013 0.319901 0.249037 19.0253 2.74751 0.929756 4.51102 13.1574
0.0795193 0.447002 0.575591 3.18842 2.02375 10.3562 13.9614 5.39995
0.0698482 0.116398 0.566546 0.330895 0.00292544 10.7055 6.30964 13.3191
3.18735 10.8212 12.407 3.65529 3.97544 0.64981 1.22611e-07 0.151814
0.806251 0.219023 0.0519249 0.000813335 1.92776 0.0344727 3.17178 24.8087
0.276951 0.3616 0.307766 0.0572362 0.00185703 6.10872 0.894879 17.5982
2.45023e-05 4.48463e-05 3.59616e-05 2.57717e-05 5.28397 0.542461 9.65659 12.1331
0.917873 1.41339 3.30296 8.40976 2.31061 1.35239 9.48391 7.30538
0.0382521 0.0207931 1.65229 0.870948 0.631159 1.3634 5.38226 10.816
0.943609 1.80661 2.62126 3.11649 1.41703 5.11445 4.17878 6.84618
0.000262206 0.0174791 0.00943888 1.42349 0.179112 0.026381 17.7762 15.29
0.39522 0.35203 0.818815 0.31989 0.256153 0.45521 0.273344 19.4814
0.0369165 0.0504729 0.0736523 0.568996 0.0759921 0.458841 1.25181 19.6759
0.0546544 0.189143 0.662108 5.93974 3.97708 5.92867 11.5365 6.49981
0.0308038 8.45588 10.8932 5.28067 1.86416 7.44541 2.16603 7.55712
3.29241e-06 2.94587e-05 3.15682e-05 5.31273e-05 0.00478976 0.0310069 23.0818 3.4704
0.0522 1.22853 2.4121 0.0156817 17.832 4.26447 2.18524 3.24146
0.0382521 0.0207931 1.65229 0.870948 0.631159 1.3634 5.38226 10.816
0.0472548 0.061563 7.67187 1.97119 3.5007 20.07 0.0661517 2.06004
0.599312 2.11064 4.95896 7.64805 0.834226 3.69176 8.51963 4.79954
0.626402 2.49241 0.405425 2.1691 11.3273 2.22486 8.58253 6.24849
0.0538172 0.186383 0.538019 0.430982 0.016758 0.393899 2.00824 15.4083
0.0220298 0.0204264 0.058206 0.0757805 0.00583195 0.218832 19.1843 4.0993
0.762238 1.85357 8.62794 0.224469 30.1522 0.000305836 0.000519972 3.7475
0.419808 1.39001 7.43322 13.9531 13.0384 0.650459 3.32362 3.00565
0.0547654 0.0514525 0.225977 0.763915 0.483166 20.3666 9.68343 3.819
1.5573 9.11977 11.4396 0.955704 1.13574 1.10803 7.45721e-08 2.95002
0.0049733 0.00677 0.00149089 0.873666 0.986076 0.51861 22.8401 0.0168888
1.75948 10.3382 4.77345 0.240212 12.7349 1.96156 5.78015 5.59997
0.106558 0.345868 0.134771 0.371658 11.3034 11.3604 8.55888 0.543378
0.500037 0.810885 1.15412 1.50967 0.36259 5.01719 9.57957 7.89929
0.702989 1.03704 5.793 0.923646 5.26034 20.6339 0.327721 3.06098
0.0270251 0.0355649 0.0892463 9.98092 8.11463 4.79803 6.50442 2.75486
0.661482 1.12869 2.4904 2.65029 1.52488 3.33324 9.96539 6.20444
0.113164 1.02271 1.12118 0.656589 13.2393 3.54826 4.02313 14.2603
0.154868 5.41593 4.91235 0.229641 0.989001 7.28384 3.37505 11.4803
0.00655629 0.00169692 0.515063 0.0727716 22.6341 12.3174 4.23676 1.18786
0.000226185 0.00036871 0.000331153 0.00296061 0.0091605 0.0105557 1.40366 22.1483
0.0718211 0.0564295 0.167526 0.0180844 0.165808 8.23772 15.4094 0.313345
0.00139718 0.00271595 0.00827479 0.00850889 0.0112115 1.57477 3.60964 19.3651
0.000387747 0.101153 0.298001 0.06013 0.0358988 0.00313877 0.514102 23.4756
0.173004 1.8429 2.36158 2.59913 1.77439 7.14146 3.62338 4.92386
0.0104416 9.21112e-06 0.0445859 0.612279 0.228063 0.188817 1.27286 18.8044
1.5573 9.11977 11.4396 0.955704 1.13574 1.10803 7.45721e-08 2.95002
0.00888081 1.7761 2.15533 0.015365 0.113652 2.70128 1.74993 18.2684
0.946276 10.8568 0.832363 0.639317 11.0754 3.99421 0.441072 10.7094
2.42027 2.81323 4.17347 2.7999 7.14291 6.88242 4.25701 7.33049
0.0547654 0.0514525 0.225977 0.763915 0.483166 20.3666 9.68343 3.819
0.26487 0.22325 0.362416 0.26428 0.277057 0.619269 19.4575 0.431089
0.0029774 0.0027317 0.000124399 0.000262002 0.00299429 0.0119415 0.442797 16.4607
6.57713 9.6275 3.2674 1.9539 1.35913 2.54049 1.75819 13.1572
3.49096 1.49749 0.148568 3.68474 7.74088 3.83534 5.9604 9.23202
0.626402 2.49241 0.405425 2.1691 11.3273 2.22486 8.58253 6.24849
0.0239695 0.0739205 0.0429557 0.0659559 0.0305988 0.343932 2.2475 23.1257
0.377321 0.425153 0.623006 2.09715 2.514 1.54626 15.0245 15.5668
5.46544 1.65068 10.577 12.0764 9.09951 5.24431 0.905419 0.110403
0.00770195 1.06953 5.35839 0.600074 0.266208 5.03383 4.98136 11.1644
0.00107101 0.00966027 18.2252 3.89221 4.35202 0.34073 0.0774049 0.189729
0.306396 0.0539964 0.0986265 0.888033 0.867609 20.6549 0.115329 9.20168
0.695019 6.36379 6.20649 1.84729 8.22714 4.40667 2.66879 11.2523
0.793316 0.343005 1.57616 2.28624 3.48441 6.94231 9.02883 4.24105
0.230789 0.10785 0.0410233 0.140203 0.000962237 6.39034 0.197482 18.0631
1.1482 1.43705 1.8784 2.60112 0.413357 0.283383 9.40369 14.232
0.806251 0.219023 0.0519249 0.000813335 1.92776 0.0344727 3.17178 24.8087
0.00314612 0.135047 0.954914 2.92576 0.785275 20.2649 10.8329 1.90322
0.0239695 0.0739205 0.0429557 0.0659559 0.0305988 0.343932 2.2475 23.1257
8.59689e-06 0.00020361 0.000725991 0.000893983 0.000573439 0.00201083 1.74012 20.5586
0.0126876 0.0189914 0.0133999 0.0490492 0.00295895 0.578536 0.987813 20.8776
1.75948 10.3382 4.77345 0.240212 12.7349 1.96156 5.78015 5.59997
0.0220298 0.0204264 0.058206 0.0757805 0.00583195 0.218832 19.1843 4.0993
0.809962 2.19674 2.22591 0.684939 21.7749 3.26377 0.466786 3.50882
0.808726 3.36415 0.695719 0.0595349 0.423837 13.4908 3.53061 9.1904
0.168422 0.133198 0.649884 0.773574 15.9647 4.4714 1.55657 10.8559
0.0246674 12.0002 4.47126 1.6381 1.57444 5.39044 0.0533964 11.363
0.985553 2.59559 3.60511 3.32995 14.8362 2.60963 10.9631 0.272118
0.0371578 0.111376 12.8176 1.20398 0.569803 9.4991 3.47834 8.94467
0.50269 0.0815639 1.37635 3.58847 0.290748 24.0247 0.0356457 5.42498
1.68921 1.26721 2.79618 0.418978 0.0280643 11.7023 4.07275 9.84507
2.26276 2.32992 3.89823 4.41992 9.12536 12.6567 0.430212 4.3631
7.28946e-05 0.000116649 0.00012065 0.00116354 0.00338828 0.614351 3.41798 20.6709
0.788054 4.58853 3.10932 0.127448 0.0784513 13.3263 10.0232 2.90963
1.60718 4.03957 3.01837 4.0914 0.837232 8.27897 0.407452 14.6182
0.487466 0.102158 0.145141 0.41584 0.294593 6.22215 6.21926 13.6542
2.76421e-06 2.45433e-06 9.73029e-06 8.94327e-05 1.28891 2.4347 18.7592 5.48888
1.95902 4.58169 4.18623 3.23429 24.0016 0.798187 0.386387 0.148888
0.00684281 0.00658953 0.000539452 0.0330776 0.0812618 0.187343 2.82401 19.8637
0.0369165 0.0504729 0.0736523 0.568996 0.0759921 0.458841 1.25181 19.6759
4.89474e-05 4.66372e-05 0.000139603 0.132496 0.0667285 0.101261 21.1656 7.4917
0.217364 0.10885 0.892389 0.282125 0.756784 7.79208 13.2929 3.61697
0.0451022 0.0161386 0.492778 18.5913 7.41185 9.50987 2.06841 0.0281087
0.0636309 0.180553 5.18244 2.06015 0.396941 2.05646 8.55036 15.4979
0.0310254 0.227376 0.0668261 0.285286 1.25151 0.865595 2.12247 13.674
0.438056 0.665437 2.48057 1.52016 6.70019 2.23904 2.51485 2.16061
0.212249 0.0950411 0.353687 0.310496 0.760007 4.53284 15.8358 6.41604
0.216945 0.0543032 0.234054 1.33537 0.0416231 1.12765 2.24137 16.4749
0.599312 2.11064 4.95896 7.64805 0.834226 3.69176 8.51963 4.79954
0.217364 0.10885 0.892389 0.282125 0.756784 7.79208 13.2929 3.61697
0.292573 0.191624 0.0829783 0.00161886 0.680525 0.037919 1.10512 22.2101
0.0314555 0.0118837 0.103594 0.0304149 0.253019 0.850772 18.7619 0.138885
1.54216 4.39376 3.59039 2.9305 17.5328 2.82881 2.80951 0.174706
3.20389 20.4108 8.22303 1.53678 7.13325 3.54203 0.131626 6.75361
0.142137 0.110076 0.560214 0.173288 0.202285 0.0676744 0.21732 24.2723
0.788054 4.58853 3.10932 0.127448 0.0784513 13.3263 10.0232 2.90963
0.106558 0.345868 0.134771 0.371658 11.3034 11.3604 8.55888 0.543378
0.155627 0.336071 0.13858 0.402951 4.36974 1.67376 12.8339 3.16286
0.0371578 0.111376 12.8176 1.20398 0.569803 9.4991 3.47834 8.94467
0.0124029 0.344587 1.32837 4.29447 3.13062 13.3906 12.3302 0.655827
1.92901 2.22778 0.175406 1.26236 3.44273 3.29325 9.13401 13.2636
0.00684281 0.00658953 0.000539452 0.0330776 0.0812618 0.187343 2.82401 19.8637
0.168928 0.252275 0.20761 1.34681 0.528134 9.31562 8.32267 3.17931
1.1482 1.43705 1.8784 2.60112 0.413357 0.283383 9.40369 14.232
0.00063018 0.00117832 0.00437124 0.00761259 0.00213714 23.3562 0.605071 0.409759
0.00211804 3.49165 1.25295 0.255789 1.20783 20.6304 1.02441 0.210293
0.0016437 0.0116658 0.0170121 0.0223503 0.0248049 0.0695356 5.56848 14.4582
0.221032 0.388361 1.12007 1.11622 2.98252 5.80195 5.84442 6.16203
0.0310254 0.227376 0.0668261 0.285286 1.25151 0.865595 2.12247 13.674
5.46544 1.65068 10.577 12.0764 9.09951 5.24431 0.905419 0.110403
0.000387747 0.101153 0.298001 0.06013 0.0358988 0.00313877 0.514102 23.4756
3.18735 10.8212 12.407 3.65529 3.97544 0.64981 1.22611e-07 0.151814
0.0192189 0.091222 6.75152 2.51962 0.227214 0.793684 9.17767 15.6643
0.247728 0.0526176 0.178541 0.13184 0.690931 2.51727 15.018 6.40679
0.000120254 7.36028 2.13865 2.61753 21.7359 0.109061 0.713043 3.18257
0.00673675 0.00821765 0.193454 0.268093 0.254608 0.341835 17.2776 3.81833
0.0049733 0.00677 0.00149089 0.873666 0.986076 0.51861 22.8401 0.0168888
0.00107559 0.0601153 0.446204 4.06366 0.0435571 28.7435 1.77678 3.46916
0.247728 0.0526176 0.178541 0.13184 0.690931 2.51727 15.018 6.40679
0.00139718 0.00271595 0.00827479 0.00850889 0.0112115 1.57477 3.60964 19.3651
0.0182999 0.0112941 0.126571 0.511911 0.325589 2.14608 6.77127 12.6424
2.5567 9.39865 1.27402 7.72657 2.66935 12.6224 7.06007 3.04056
0.808726 3.36415 0.695719 0.0595349 0.423837 13.4908 3.53061 9.1904
0.0029774 0.0027317 0.000124399 0.000262002 0.00299429 0.0119415 0.442797 16.4607
4.11742 0.827772 0.923046 6.02661 4.78036 19.4765 5.51999 1.72657
1.40073 3.02088 1.28496 0.312203 0.480804 11.5084 8.19686 8.05571
0.000541904 0.000534166 0.000656726 0.00193214 0.922447 3.45136 17.731 4.12246
0.0782728 0.0749733 0.0666532 11.7171 9.04731 6.70688 0.321945 0.513951
1.47757 0.0687798 1.49163 1.85035 0.929562 17.9791 5.91535 0.507678
3.29193e-06 2.94544e-05 3.15635e-05 5.31196e-05 0.00478906 0.0310024 23.0784 3.46989
2.83562 3.71439 4.75616 5.9303 11.2637 0.603789 4.98239 0.00947481
1.71481 0.242359 0.225068 4.86394 8.3128 15.9466 7.78833 2.66004
0.0921496 0.642618 0.269246 0.418476 11.9774 12.7803 5.45349 1.47962
0.0938058 0.0311044 0.0374869 0.0595524 0.115806 0.116703 0.35328 14.7904
0.000226185 0.00036871 0.000331153 0.00296061 0.0091605 0.0105557 1.40366 22.1483
0.0246674 12.0002 4.47126 1.6381 1.57444 5.39044 0.0533964 11.363
0.267141 0.0113263 0.00200723 0.256787 0.635493 4.7828 3.45245 22.3355
0.263558 0.692102 0.364655 0.806174 0.945812 4.54102 6.1167 9.6935
0.00322179 0.00652674 0.0235446 0.0173161 0.0344034 2.3955 4.0777 16.4107
0.00193221 0.0117596 3.06526 2.06239 2.16584 0.418094 4.83654 18.0012
0.0268817 0.00189664 0.0472685 4.84712 2.59324 3.56499 19.1908 5.50008
8.29427e-08 8.60089e-06 1.18205e-05 8.44027e-06 2.56994e-05 0.000145828 0.116749 21.6466
0.0997121 0.189015 0.129063 0.418311 0.525553 5.3453 4.72864 5.13784
1.48283 0.639968 0.802698 3.68008 2.49793 0.255583 8.85077 14.0801
0.304792 0.864186 0.355937 0.215619 2.8725 1.76584 7.01197 12.0801
1.60718 4.03957 3.01837 4.0914 0.837232 8.27897 0.407452 14.6182
2.76421e-06 2.45433e-06 9.73029e-06 8.94327e-05 1.28891 2.4347 18.7592 5.48888
3.22059 13.141 18.7579 1.34045 6.64119 0.422448 1.42143e-08 0.0204015
0.0969665 0.191444 0.0113639 0.0309962 1.4848 2.21832 13.6897 6.91263
0.214583 0.218037 2.79562 15.2228 7.45857 4.18828 0.0900927 2.07182
5.35523 6.51615 6.08188 8.33477 3.23171 2.0074 12.9564 4.50214
3.41127e-07 6.86635e-07 4.69403 3.52705 4.94631 8.43811 2.46951 8.9494
0.877591 0.393624 0.605716 0.558149 0.0596309 15.1418 7.95609 0.0916673
0.216945 0.0543032 0.234054 1.33537 0.0416231 1.12765 2.24137 16.4749
1.75907 10.3358 4.77234 0.240156 12.7319 1.96111 5.77881 5.59868
0.0253803 0.0827642 0.0528683 0.0430264 0.00179339 1.3483 2.48018 21.6537
0.862276 1.15355 1.38019 1.29202 0.970723 5.34724 0.134747 11.8546
0.367905 1.54048 1.78165 2.65096 2.84863 3.31047 10.9953 8.5521
0.155627 0.336071 0.13858 0.402951 4.36974 1.67376 12.8339 3.16286
0.0938058 0.0311044 0.0374869 0.0595524 0.115806 0.116703 0.35328 14.7904
0.886899 0.551076 1.1487 1.28655 0.6938 6.37457 6.2593 11.1623
0.0538172 0.186383 0.538019 0.430982 0.016758 0.393899 2.00824 15.4083
0.0106878 0.446353 2.16389 14.2118 0.423635 4.95675 6.06429 1.4966
0.462973 0.856454 1.737 0.819846 1.4003 2.87052 3.08873 17.2139
0.146422 0.131478 0.236891 0.263336 2.97261 12.5418 1.44103 7.1822
7.18352 7.1952 0.34844 5.04507 4.13507 7.15515 7.66684 3.26944
2.52024 2.66032 6.78806 2.18926 16.7512 7.98711 0.303441 6.6258
0.0253803 0.0827642 0.0528683 0.0430264 0.00179339 1.3483 2.48018 21.6537
0.000740515 7.73823e-05 0.00155206 0.0293548 0.00970647 0.0180959 0.67608 18.0102
0.00158387 0.287374 2.38852 2.51875 0.257824 6.60077 17.5895 1.60429
0.21428 0.477156 1.30643 0.7512 0.322624 0.344558 1.26437 14.275
0.000738096 7.71296e-05 0.00154699 0.0292589 0.00967478 0.0180368 0.673872 17.9514
0.304792 0.864186 0.355937 0.215619 2.8725 1.76584 7.01197 12.0801
6.57713 9.6275 3.2674 1.9539 1.35913 2.54049 1.75819 13.1572
0.197479 0.422237 0.175135 0.63637 14.2244 0.330701 13.7734 1.76371
0.214583 0.218037 2.79562 15.2228 7.45857 4.18828 0.0900927 2.07182
0.695019 6.36379 6.20649 1.84729 8.22714 4.40667 2.66879 11.2523
0.00134497 0.00150249 0.000592785 0.00166371 0.546039 0.606203 20.4668 4.62989
8.6497 5.43214 3.73821 1.66986 0.0189584 14.1957 0.0261679 4.60551
0.273208 0.81438 1.47753 1.45595 1.38333 19.5429 0.660135 1.86136
1.95902 4.58169 4.18623 3.23429 24.0016 0.798187 0.386387 0.148888
1.5615e-05 5.16251e-05 3.53188e-05 0.00109006 0.248152 0.745321 17.2187 0.707869
0.0106878 0.446353 2.16389 14.2118 0.423635 4.95675 6.06429 1.4966
0.00309446 6.55577e-07 0.00609169 0.00389328 0.0136668 0.0276718 4.02911 21.5621
0.00642262 0.00394651 0.0324934 0.112365 2.20555 3.56642 21.2504 5.68745
0.550397 5.26629 6.93621 0.192727 10.4856 2.284 4.27884 0.55183
0.823239 0.138787 0.595867 2.58931 1.13933 16.8265 0.141464 11.6906
0.711695 0.204424 0.33899 1.71577 3.65117 6.73672 20.8472 7.78704
2.10339 9.74718 3.65097 7.05731 5.02169 17.511 0.186196 0.459391
1.07033 0.750625 1.45084 1.32019 1.33468 2.77185 6.04171 14.3212
0.00232879 0.00107057 0.00103524 0.00345335 0.0464323 0.250124 16.2393 8.15195
0.0184545 5.04063e-05 0.0366693 0.0166425 0.111288 0.318188 4.31089 22.4826
1.07033 0.750625 1.45084 1.32019 1.33468 2.77185 6.04171 14.3212
0.15943 1.10783 5.9264 3.0905 0.176823 5.65018 14.5733 1.74361
0.00107101 0.00966027 18.2252 3.89221 4.35202 0.34073 0.0774049 0.189729
0.00160962 3.03727 2.20624 0.805193 18.8902 0.541408 0.730911 5.15266
2.42027 2.81323 4.17347 2.7999 7.14291 6.88242 4.25701 7.33049
3.20389 20.4108 8.22303 1.53678 7.13325 3.54203 0.131626 6.75361
4.36993 3.75984 2.98792 16.97 10.4775 1.72903 0.34789 1.15963
6.64101 5.93174 14.3364 4.49556 11.2646 0.780986 0.273077 10.5686
0.276951 0.3616 0.307766 0.0572362 0.00185703 6.10872 0.894879 17.5982
0.178156 0.185591 0.256589 1.57873 0.106958 15.998 11.6463 5.33342
0.187077 0.0617472 0.130838 0.147755 1.00438 2.11615 6.94234 9.0535
0.201777 0.3138 0.340527 0.272139 0.142742 7.3929 1.80114 21.3266
0.0774582 0.048582 0.156551 0.0990115 0.391482 4.05514 11.8375 13.6729
1.63824 3.28677 8.60622 0.757112 9.62897 5.44453 6.76295 0.0416386
0.00658013 0.319901 0.249037 19.0253 2.74751 0.929756 4.51102 13.1574
0.010459 0.142802 0.251244 0.000742114 0.209293 0.106535 0.114247 26.0955
3.31767 1.59087 5.32771 3.38809 7.16716 2.85568 16.4715 3.65868
0.230789 0.10785 0.0410233 0.140203 0.000962237 6.39034 0.197482 18.0631
0.500037 0.810885 1.15412 1.50967 0.36259 5.01719 9.57957 7.89929
0.240933 0.509207 1.07067 0.0292526 11.766 6.86254 4.31955 3.29712
0.692654 2.30225 8.79896 0.42927 1.35561 8.44485 6.98778 4.17969
0.0279827 0.749 0.535331 14.9265 0.554466 2.50477 5.51357 1.30406
0.196196 0.37768 0.644038 2.23293 2.28532 0.271847 3.40705 19.3024
0.00158387 0.287374 2.38852 2.51875 0.257824 6.60077 17.5895 1.60429
0.318042 0.887343 0.868545 1.88304 1.99663 23.074 7.14291 1.91231
4.36993 3.75984 2.98792 16.97 10.4775 1.72903 0.34789 1.15963
0.384119 1.64468 0.0722762 0.167652 3.88269 2.20059 8.94742 11.5166
0.0139252 0.0219732 4.9104 5.03852 5.67927 3.2828 3.49366 1.61064
0.0194555 2.28583 2.96677 2.53796 0.944389 4.19364 13.8936 1.94021
0.762238 1.85357 8.62794 0.224469 30.1522 0.000305836 0.000519972 3.7475
0.307169 0.416575 0.489145 7.11384 2.66822 13.6354 16.309 1.34198
2.50643 5.18493 6.09394 1.41493 4.81131 1.57078 3.79364 15.6992
7.18352 7.1952 0.34844 5.04507 4.13507 7.15515 7.66684 3.26944
0.00160962 3.03727 2.20624 0.805193 18.8902 0.541408 0.730911 5.15266
0.0117099 2.46906 4.82785 0.00581919 0.440227 5.42362 3.52462 20.7253
0.363705 0.0330927 0.0431372 0.780913 0.959656 5.5097 4.75835 13.745
4.32114 15.5959 4.14815 7.28279e-07 1.95637 6.98106 2.96559 1.58124
0.48691 0.286854 1.12095 2.06828 1.06759 4.40191 4.51009 10.1768
2.5567 9.39865 1.27402 7.72657 2.66935 12.6224 7.06007 3.04056
0.0170321 0.0751435 0.0514471 0.413479 0.226644 0.0146041 17.893 12.0849
6.33061e-05 5.63088e-05 0.000287393 0.158041 0.0313992 0.442997 22.2873 2.54413
2.04806 1.54344 1.52716 0.132618 5.69748 7.74917 3.71386 8.63405
2.00876 2.48063 4.08632 0.0701328 0.217197 6.52735 8.17652 9.86144
0.0522 1.22853 2.4121 0.0156817 17.832 4.26447 2.18524 3.24146
0.0669655 0.119042 0.200629 0.588257 1.81688 16.5287 3.72434 7.418
0.419695 2.22678 7.33071 3.25584 8.61255 4.062 7.24547 9.24783
0.704301 1.91675 4.11872 9.89719 10.8244 0.568081 5.32262 3.24732
3.85157 1.14489 0.917318 3.13568 9.67242 12.8895 3.578 3.33545e-05
1.10799 20.0719 5.68376 0.978983 1.42517 2.32889 0.275569 2.77221
2.99752 4.28387 5.93772 0.780373 1.46501 6.58417 7.94511 15.386
0.0182999 0.0112941 0.126571 0.511911 0.325589 2.14608 6.77127 12.6424
2.83562 3.71439 4.75616 5.9303 11.2637 0.603789 4.98239 0.00947481
3.68443 6.3362 10.8761 2.91708 3.27411 19.1831 3.43913 0.0789992
0.122082 0.364162 0.0959553 0.239253 0.134443 20.9263 1.75146 2.98434
0.113164 1.02271 1.12118 0.656589 13.2393 3.54826 4.02313 14.2603
0.0128615 0.00619991 0.00091174 1.31449 2.45304 7.9572 9.4483 10.3051
0.00107559 0.0601153 0.446204 4.06366 0.0435571 28.7435 1.77678 3.46916
0.20321 5.43313 3.86605 1.40861 2.55305 19.1397 3.7063 0.164013
0.221032 0.388361 1.12007 1.11622 2.98252 5.80195 5.84442 6.16203
0.0974622 0.0844403 3.52845 23.5762 0.987052 1.23899 0.0982138 4.52072
0.502944 4.42734 4.27103 0.506507 10.5104 5.72355 2.01564 8.91808
0.00134497 0.00150249 0.000592785 0.00166371 0.546039 0.606203 20.4668 4.62989
10.0681 10.7981 4.7394 0.744431 19.771 0.00789975 0.0339044 4.7791
2.00876 2.48063 4.08632 0.0701328 0.217197 6.52735 8.17652 9.86144
0.142137 0.110076 0.560214 0.173288 0.202285 0.0676744 0.21732 24.2723
3.22059 13.141 18.7579 1.34045 6.64119 0.422448 1.42143e-08 0.0204015
0.0268817 0.00189664 0.0472685 4.84712 2.59324 3.56499 19.1908 5.50008
0.382215 0.509204 0.323482 0.145122 25.3085 2.79338 0.551234 3.90363
0.000740515 7.73823e-05 0.00155206 0.0293548 0.00970647 0.0180959 0.67608 18.0102
3.29241e-06 2.94587e-05 3.15682e-05 5.31273e-05 0.00478976 0.0310069 23.0818 3.4704
