0 0.134373 253 247 238
1 0.374347 290 292 280
2 0.583328 292 293 286
3 0.806029 292 291 287
5 1.26137 286 287 286
7 1.71369 292 290 296
9 2.16917 279 291 289
12 2.84115 289 295 295
16 3.81985 293 286 294
20 4.79663 293 293 295
26 6.18088 289 292 295
33 7.86435 291 290 293
41 9.91394 294 295 292
51 12.3724 286 292 294
65 15.6257 294 292 284
81 19.5772 288 284 287
101 24.4398 288 285 291
125 30.4878 286 287 291
155 38.0608 286 287 289
191 47.5308 286 285 292
239 59.2007 295 295 292
317 73.688 296 295 293
422 91.6315 292 291 292
561 113.957 291 281 293
734 141.781 295 296 288
965 176.275 296 298 295
1242 219.185 282 261 296
1597 272.318 291 292 289
1946 338.273 294 296 287
2294 420.134 290 290 297
