0 0.01693 13 15 11
1 0.0431032 12 17 9
2 0.069756 15 26 17
3 0.0977871 26 45 23
5 0.154415 64 81 27
7 0.215412 75 122 41
10 0.311302 93 130 64
14 0.443951 98 133 119
19 0.634181 142 128 137
25 0.88874 127 152 146
33 1.22051 148 155 165
44 1.69082 156 164 139
55 2.35942 163 180 169
67 3.24109 162 181 180
82 4.41687 171 192 172
101 6.04804 183 209 204
125 8.23133 215 207 193
158 11.2318 216 196 207
206 15.2622 203 205 200
273 20.6394 184 182 187
365 27.9127 179 189 184
492 37.7304 193 178 184
665 51.044 179 212 193
895 69.0085 216 188 184
1204 93.2757 223 225 214
1624 126.066 236 203 195
2143 170.359 208 214 216
2896 230.16 217 212 203
3905 310.933 223 190 200
5251 420.025 221 223 208
