0 0.765043 30 43 37
1 1.55722 80 90 80
2 2.84013 115 136 132
3 4.82028 170 178 183
4 7.91565 214 210 200
5 11.3603 233 241 236
6 14.5645 236 261 264
7 17.8646 244 271 261
8 21.0438 267 277 267
9 24.3694 253 279 265
11 31.0323 277 269 269
13 37.8093 280 278 274
15 44.5472 286 285 276
17 51.501 277 280 281
20 61.717 288 275 287
23 72.1488 278 281 288
26 82.7154 279 284 277
30 96.6696 280 288 273
34 110.439 286 282 277
39 126.755 282 287 286
44 143.604 293 289 288
50 163.55 286 282 286
57 187.061 286 287 291
64 210.716 289 275 284
72 237.659 287 276 285
81 267.253 288 286 284
91 299.885 291 283 284
102 336.187 287 269 287
115 379.121 289 281 286
128 421.735 286 278 283
