0 0.823627 296 292 287
1 1.88544 285 287 279
2 2.91277 284 280 279
3 4.08302 285 277 284
4 5.23087 282 279 291
5 6.3496 288 288 286
7 8.47629 286 291 289
9 10.63 280 290 289
11 12.9465 276 283 280
14 16.2562 277 281 282
17 19.6574 278 286 285
21 24.1526 275 282 272
25 28.7118 281 284 286
30 34.2339 276 282 282
35 40.2112 285 283 286
41 47.3038 276 279 279
48 55.5515 279 284 280
56 65.0739 279 293 279
66 77.1053 285 275 280
77 90.4877 277 274 272
90 106.787 269 286 277
104 124.526 283 278 279
121 145.976 280 287 277
141 171.064 270 278 289
174 199.42 280 277 281
226 231.727 285 288 281
282 269.143 280 281 270
341 312.814 284 289 284
394 363.039 281 283 272
450 420.745 277 286 283
