0 0.0212949 35 40 37
1 0.0547518 64 66 90
2 0.089878 92 86 95
3 0.139569 155 142 171
4 0.210186 232 168 200
5 0.312884 238 223 228
7 0.529545 257 243 256
9 0.756098 247 249 248
12 1.09361 267 267 256
16 1.55628 263 269 268
21 2.13565 275 260 238
28 2.89791 271 269 261
37 3.87524 270 271 270
49 5.19172 265 280 279
65 6.88219 287 270 267
86 9.07328 289 260 263
111 11.9428 272 266 273
145 15.7646 273 277 283
191 20.7955 284 248 286
250 27.3391 262 274 278
332 36.0089 264 269 281
433 47.4203 252 267 271
575 62.399 255 269 270
758 81.9603 254 275 279
986 107.639 271 267 280
1504 141.384 266 282 276
2174 185.651 269 266 264
3057 243.767 253 248 260
4207 320.067 268 277 265
5760 420.001 260 268 279
