0 0.151205 225 235 231
1 0.440106 275 275 270
2 0.715719 272 277 280
3 0.979682 274 273 281
4 1.24107 268 283 273
6 1.79947 276 279 269
8 2.38369 280 275 279
11 3.25101 279 277 282
14 4.09474 279 275 285
18 5.25395 282 278 269
23 6.73747 280 270 280
29 8.5144 283 271 277
37 10.6955 277 274 280
48 13.5002 275 274 276
61 16.8707 262 278 271
76 20.9228 259 265 273
95 25.9837 270 271 279
119 32.3306 261 268 265
150 40.2082 265 265 270
187 49.9437 271 270 272
230 61.8698 269 280 278
282 76.6281 264 275 281
348 95.0327 265 274 279
429 117.623 276 280 271
568 145.554 252 262 276
785 180.058 279 252 269
1057 222.61 280 277 273
1390 275.154 266 273 283
1794 340.023 280 278 271
2308 420.145 275 274 274
