0 0.0661119 75 79 71
1 0.143102 78 72 79
2 0.223576 52 56 72
3 0.305779 46 53 53
4 0.407409 48 39 48
6 0.640742 44 36 43
8 0.872921 48 39 37
11 1.21354 47 33 35
15 1.67486 35 33 26
20 2.25095 31 34 31
26 2.9455 38 32 36
34 3.86755 39 26 34
45 5.12305 31 34 33
59 6.69572 37 36 29
77 8.73901 40 33 30
100 11.3298 41 40 33
130 14.6934 57 43 40
170 19.1123 49 62 55
223 24.7706 46 55 47
294 32.1194 78 93 79
394 41.6199 80 92 97
522 53.8828 80 91 92
689 69.6881 89 61 92
909 90.092 91 91 82
1196 116.529 91 92 91
1573 150.628 90 90 90
2062 194.72 91 90 80
2695 251.63 90 90 90
3509 325.165 90 90 90
4556 420.054 90 90 90
