0 0.313555 39 44 38
1 0.693641 38 42 39
2 1.08616 35 39 32
3 1.47008 32 31 31
4 1.86865 30 28 33
6 2.63806 29 22 28
8 3.39249 28 21 21
11 4.51618 26 21 21
14 5.64756 23 17 21
18 7.14146 24 23 21
23 8.96535 22 20 19
29 11.1332 25 18 28
36 13.7853 22 19 23
45 17.2293 25 21 25
56 21.3191 25 23 22
69 26.3243 28 27 25
85 32.3878 32 21 28
104 39.5905 28 26 34
127 48.2374 34 34 42
156 59.021 37 45 51
191 71.9929 65 63 53
232 87.614 35 34 31
284 106.916 40 45 36
343 130.087 64 59 69
413 158.498 58 57 85
496 192.734 88 84 94
603 234.234 99 86 95
740 284.765 95 96 91
903 346.151 90 99 96
1076 420.131 96 97 98
