0 5.01678 248 259 257
1 11.6139 224 228 221
2 18.1368 216 235 217
3 24.8896 232 211 222
4 31.5449 213 195 208
5 38.1065 211 208 216
6 44.698 202 223 209
7 51.1446 208 212 201
8 57.5588 204 205 194
9 64.161 196 197 214
11 76.8642 198 213 186
13 89.1494 196 180 198
15 99.7348 181 194 186
18 111.339 177 195 190
21 122.951 174 170 192
24 134.458 183 165 194
28 149.121 178 174 180
32 163.647 166 177 175
36 178.129 171 166 183
41 196.329 162 181 175
46 214.692 172 174 178
51 232.753 157 164 169
56 250.95 190 169 182
62 272.851 171 172 176
68 294.797 161 162 170
75 320.094 165 175 175
82 345.251 166 175 166
89 370.151 164 168 168
97 398.576 157 167 168
104 423.273 161 166 162
