0 0.150222 90 90 90
1 0.428291 90 90 90
2 0.67199 90 90 90
3 0.923361 90 90 90
5 1.41342 90 90 90
7 1.92909 90 90 90
9 2.46603 90 90 90
12 3.28038 90 90 90
16 4.38281 90 90 90
20 5.48005 90 90 90
25 6.81797 90 90 90
32 8.69703 90 90 90
40 10.8568 90 90 90
50 13.6434 90 90 90
62 17.0735 90 90 90
77 21.4432 90 90 90
95 26.7945 90 90 90
117 33.141 90 90 90
144 41.0163 90 90 90
177 50.733 90 90 90
217 62.786 90 90 90
266 77.7245 90 90 90
326 96.0659 90 90 90
400 118.628 90 90 90
490 146.477 90 90 90
664 180.981 90 90 90
829 223.56 90 90 90
1025 275.991 90 90 90
1258 340.721 90 90 90
1592 420.218 90 90 90
