0 0.00909044 90 85 61
1 0.0261199 87 89 79
2 0.0429977 89 90 65
4 0.0766182 75 88 71
6 0.110892 90 90 90
9 0.161332 75 90 90
13 0.228567 90 90 90
19 0.329083 80 90 90
27 0.464349 90 78 72
38 0.653377 56 77 46
52 0.910631 34 56 49
71 1.26383 56 86 35
98 1.75625 57 70 86
136 2.4423 43 63 58
192 3.37921 87 88 90
266 4.67285 90 90 90
347 6.45031 90 90 90
434 8.89935 90 90 90
541 12.2958 90 90 90
695 16.9589 90 90 90
1009 23.3952 90 90 90
1467 32.2503 90 90 90
2196 44.454 90 90 90
3321 61.2782 90 90 90
5110 84.4634 90 90 90
7358 116.423 90 90 90
9951 160.46 90 90 90
13217 221.151 90 90 90
17629 304.786 90 90 90
23939 420.019 90 90 90
