0 0.0118245 69 80 89
1 0.0307602 89 89 64
2 0.0496157 89 72 89
4 0.0873776 88 90 88
6 0.124363 90 90 90
9 0.181631 89 73 90
13 0.255449 79 90 63
19 0.368486 90 90 89
27 0.516829 89 89 88
38 0.716418 89 90 90
53 0.99098 81 86 88
73 1.36567 75 85 90
100 1.88767 30 62 74
137 2.60395 40 71 86
191 3.59092 85 77 72
263 4.93671 89 58 90
370 6.79422 90 90 90
517 9.33762 90 57 53
725 12.8389 90 90 65
1012 17.6425 34 66 53
1408 24.2274 82 90 83
1960 33.2781 90 90 90
2706 45.6938 90 90 90
3770 62.7477 90 90 90
5185 86.1542 90 90 90
7148 118.286 90 90 90
9918 162.386 90 90 90
13717 222.923 90 90 90
18753 306.013 90 90 90
25596 420.016 90 90 90
