0 0.911026 90 90 90
1 2.41421 90 90 90
2 3.74079 90 90 90
3 4.93166 90 90 90
4 6.28479 90 90 90
5 7.67389 90 90 90
7 10.5286 90 90 90
9 13.3916 90 90 90
11 16.3547 90 90 90
13 19.2191 90 90 90
16 23.5039 90 90 90
19 27.7517 90 90 90
23 33.2141 90 90 90
28 39.8204 90 90 90
33 46.5437 90 90 90
39 54.633 90 90 90
46 64.5661 90 90 90
54 75.8423 90 90 90
63 88.2303 90 90 90
73 101.923 90 90 90
85 117.725 90 90 90
99 136.274 90 90 90
115 157.494 90 90 90
133 181.436 90 90 90
160 209.082 90 90 90
196 241.253 90 90 90
236 277.455 90 90 90
277 319.341 90 90 90
314 367.72 90 90 90
354 421.27 90 90 90
