0 0.0164953 90 90 90
1 0.042492 90 50 86
2 0.0694813 89 90 76
4 0.121893 78 90 90
6 0.175929 87 90 90
9 0.257424 87 89 88
13 0.366811 90 86 86
18 0.504831 90 89 84
25 0.697883 90 72 71
35 0.973564 53 66 85
49 1.34702 69 90 90
68 1.84148 90 90 90
91 2.50916 90 90 90
117 3.39988 90 90 90
146 4.60751 90 90 90
190 6.23797 90 90 90
225 8.43917 90 90 90
270 11.444 90 90 90
328 15.4787 90 90 90
407 20.9362 90 90 90
513 28.324 90 90 90
656 38.2344 90 90 90
848 51.6261 90 90 90
1105 69.7185 90 90 90
1444 94.07 90 90 90
1875 126.964 90 90 90
2454 171.31 90 90 90
3219 231.064 90 90 90
4257 311.599 90 90 90
6203 420.005 90 90 90
