0 0.0385219 90 84 86
1 0.0894377 90 90 86
2 0.141884 90 84 89
3 0.19669 90 89 85
5 0.306066 90 90 86
7 0.412029 89 90 82
10 0.575351 80 88 89
14 0.793528 88 90 88
19 1.06641 89 86 90
26 1.45454 89 88 89
35 1.95595 90 87 83
48 2.64679 90 90 90
65 3.5536 90 90 90
85 4.73863 90 90 90
107 6.34545 90 90 90
129 8.42979 90 90 90
149 11.1657 90 90 90
173 14.7693 90 90 90
206 19.5419 90 90 90
257 25.9631 90 90 90
308 34.4106 90 90 90
376 45.4717 90 90 90
465 60.1897 90 90 90
577 79.4879 90 90 90
724 105.05 90 90 90
915 138.667 90 90 90
1169 183.01 90 90 90
1519 241.493 90 90 90
1982 318.592 90 90 90
2601 420.07 90 90 90
