0 1.0159 90 90 90
1 2.67489 90 90 90
2 4.11089 90 90 90
3 5.53366 90 90 90
4 6.84508 90 90 90
5 8.24791 90 90 90
7 10.9836 90 90 90
9 13.9655 90 90 90
11 17.0436 90 90 90
13 20.1579 90 90 90
16 24.7537 90 90 90
19 29.3178 90 90 90
23 35.4734 90 90 90
27 41.564 90 90 90
32 49.1861 90 90 90
38 58.2853 90 90 90
44 67.3984 90 90 90
51 77.9571 90 90 90
59 89.9803 90 90 90
68 103.727 90 90 90
79 120.835 90 90 90
91 139.133 90 90 90
105 160.976 90 90 90
121 185.902 90 90 90
139 213.718 90 90 90
159 245.147 90 90 90
182 281.43 90 90 90
208 322.699 90 90 90
239 369.032 90 90 90
277 420.318 90 90 90
