0 0.0880128 90 90 90
1 0.210719 90 90 90
2 0.32161 90 90 90
3 0.42928 90 90 90
5 0.651117 90 90 90
7 0.878594 90 90 90
10 1.2253 90 90 90
14 1.66916 90 90 90
19 2.20653 90 90 90
26 2.94232 90 90 90
34 3.80123 90 90 90
45 4.9629 90 90 90
59 6.36632 90 90 90
77 8.23834 90 90 90
100 10.6426 90 90 90
129 13.6094 90 90 90
165 17.4036 90 90 90
212 22.3075 90 90 90
268 28.5952 90 90 90
340 36.5635 90 90 90
430 46.7206 90 90 90
553 59.7432 90 90 90
711 76.3117 90 90 90
893 97.396 90 90 90
1140 124.284 90 90 90
1460 158.648 90 90 90
1884 202.433 90 90 90
2426 258.291 90 90 90
3065 329.468 90 90 90
3887 420.029 90 90 90
