0 0.00591509 90 90 89
1 0.0171589 80 90 90
2 0.0285788 90 90 90
4 0.0510458 90 90 90
6 0.0735832 90 86 90
9 0.10753 90 89 89
13 0.152657 90 88 88
19 0.220362 90 89 90
28 0.322201 90 90 90
40 0.461559 40 75 86
56 0.660116 33 30 30
77 0.928979 46 40 42
108 1.30941 87 90 89
156 1.8411 90 90 90
219 2.59388 90 90 90
299 3.64923 90 90 90
398 5.1314 90 90 90
520 7.20483 90 90 90
678 10.1107 90 90 90
886 14.1952 90 90 90
1179 19.9232 90 90 90
1646 27.9663 90 90 90
2235 39.2488 90 90 90
2976 55.0758 90 90 90
3854 77.2893 90 90 90
5455 108.44 90 90 90
8212 152.131 90 90 90
10835 213.428 90 90 90
15168 299.437 90 90 90
21875 420.009 90 90 90
