0 0.0203198 90 90 90
1 0.0495443 90 90 90
2 0.0818588 90 90 90
3 0.113336 90 90 90
5 0.180429 90 90 90
7 0.249713 90 90 90
10 0.355566 90 90 90
14 0.493585 90 90 90
20 0.694936 90 90 90
28 0.95106 90 90 90
38 1.29401 90 90 90
52 1.78006 90 90 90
70 2.42889 90 90 90
93 3.29052 90 90 90
123 4.46185 90 90 90
163 6.04876 90 90 90
217 8.22709 90 90 90
289 11.1516 90 90 90
385 15.1237 90 90 90
517 20.4813 90 90 90
700 27.7202 90 90 90
953 37.5243 90 90 90
1285 50.7557 90 90 90
1741 68.6584 90 90 90
2383 92.8839 90 90 90
3273 125.635 90 90 90
4480 169.92 90 90 90
6130 229.797 90 90 90
7917 310.738 90 90 90
9864 420.028 90 90 90
