0 0.0417825 90 90 90
1 0.106004 90 90 90
2 0.172131 90 90 90
3 0.23638 90 90 90
5 0.365622 90 90 90
7 0.49854 90 90 90
10 0.697182 90 90 90
14 0.962661 90 90 90
19 1.29706 90 90 90
26 1.76949 90 90 90
35 2.37329 90 90 90
47 3.16513 90 90 90
62 4.15805 90 90 90
82 5.46847 90 90 90
109 7.23003 90 90 90
145 9.52422 90 90 90
192 12.5382 90 90 90
252 16.4829 90 90 90
330 21.604 90 90 90
433 28.3163 90 90 90
569 37.1096 90 90 90
748 48.6071 90 90 90
983 63.6781 90 90 90
1291 83.3808 90 90 90
1709 109.216 90 90 90
2261 143.002 90 90 90
2964 187.221 90 90 90
3895 245.106 90 90 90
5118 320.91 90 90 90
6707 420.013 90 90 90
