0 0.132784 90 90 90
1 0.308828 90 90 90
2 0.4906 90 90 90
3 0.673996 90 90 90
5 1.04292 90 90 90
7 1.4197 90 90 90
10 1.97016 90 90 90
14 2.66452 90 90 90
18 3.40117 90 90 90
24 4.40927 90 90 90
32 5.62623 90 90 90
42 7.20532 90 90 90
55 9.10533 90 90 90
75 11.4301 90 90 90
104 14.324 90 90 90
143 18.0295 90 90 90
184 22.6187 90 90 90
242 28.3503 90 90 90
339 35.5043 90 90 90
455 44.4613 90 90 90
555 55.6611 90 90 90
697 69.706 90 90 90
954 87.2753 90 90 90
1252 109.263 90 90 90
1742 136.768 90 90 90
2354 171.196 90 90 90
3170 214.313 90 90 90
4060 268.222 90 90 90
5315 335.662 90 90 90
6858 420.047 90 90 90
