0 0.11138 90 90 90
1 0.300867 90 90 90
2 0.497272 90 90 90
3 0.707995 90 90 90
4 0.926177 90 90 90
6 1.3731 90 90 90
8 1.85152 90 90 90
11 2.56717 90 90 90
14 3.29651 90 90 90
18 4.2731 90 90 90
23 5.45153 90 90 90
30 7.04364 90 90 90
39 9.06203 90 90 90
49 11.4704 90 90 90
62 14.3851 90 90 90
77 18.0183 90 90 90
97 22.7572 90 90 90
123 28.605 90 90 90
156 35.8151 90 90 90
196 44.828 90 90 90
245 56.1298 90 90 90
307 70.3797 90 90 90
381 88.0175 90 90 90
475 110.274 90 90 90
598 138.095 90 90 90
747 172.738 90 90 90
934 215.794 90 90 90
1163 269.622 90 90 90
1478 336.809 90 90 90
1841 420.128 90 90 90
