0 0.789505 90 90 90
1 1.88352 90 90 90
2 2.97529 90 90 90
3 4.04367 90 90 90
4 5.17942 90 90 90
5 6.27722 90 90 90
7 8.5192 90 90 90
9 10.7708 90 90 90
11 13.0448 90 90 90
14 16.4411 90 90 90
17 19.5856 90 90 90
21 23.7784 90 90 90
25 28.01 90 90 90
31 33.6927 90 90 90
38 40.1759 90 90 90
46 47.9135 90 90 90
56 56.7213 90 90 90
67 67.0225 90 90 90
80 78.789 90 90 90
96 92.3832 90 90 90
115 108.256 90 90 90
138 126.091 90 90 90
165 147.039 90 90 90
194 170.953 90 90 90
225 198.757 90 90 90
268 231.281 90 90 90
330 268.892 90 90 90
414 312.877 90 90 90
483 363.29 90 90 90
643 420.353 90 90 90
