0 2.95743 90 90 90
1 6.5462 90 90 90
2 10.1654 90 90 90
3 13.8754 90 90 90
4 17.5576 90 90 90
5 21.2701 90 90 90
6 24.9042 90 90 90
7 28.6181 90 90 90
9 35.9255 90 90 90
11 43.3148 90 90 90
13 50.7423 90 90 90
15 58.2354 90 90 90
17 65.597 90 90 90
19 73.2201 90 90 90
22 84.7868 90 90 90
25 96.4747 90 90 90
28 108.261 90 90 90
32 123.682 90 90 90
36 139.355 90 90 90
40 154.963 90 90 90
45 174.322 90 90 90
50 193.878 90 90 90
56 217.523 90 90 90
62 241.11 90 90 90
69 268.106 90 90 90
76 295.227 90 90 90
84 326.728 90 90 90
92 358.225 90 90 90
101 393.417 90 90 90
108 421.064 90 90 90
