0 5.33137 90 90 90
1 12.7497 90 90 90
2 19.5232 90 90 90
3 26.1404 90 90 90
4 32.9439 90 90 90
5 37.5668 90 90 90
6 41.8092 90 90 90
8 50.4967 90 90 90
10 59.1565 90 90 90
12 67.7984 90 90 90
14 76.339 90 90 90
16 85.0081 90 90 90
18 93.558 90 90 90
21 106.437 90 90 90
24 119.212 90 90 90
27 131.618 90 90 90
30 144.078 90 90 90
33 156.562 90 90 90
37 173.026 90 90 90
41 189.642 90 90 90
46 209.434 90 90 90
51 228.834 90 90 90
56 248.167 90 90 90
62 271.263 90 90 90
68 295.11 90 90 90
74 319.254 90 90 90
80 343.505 90 90 90
87 371.454 90 90 90
94 398.969 90 90 90
100 422.71 90 90 90
