0 0.014625 90 90 90
1 0.0346822 90 90 90
2 0.0563756 87 87 90
4 0.0987959 79 78 71
6 0.143157 74 90 90
9 0.208588 90 90 90
13 0.296914 89 66 82
18 0.408232 86 89 78
25 0.566042 83 82 78
35 0.790526 90 89 83
48 1.0844 88 89 44
66 1.48928 89 54 52
91 2.04428 59 67 83
125 2.8112 58 75 63
171 3.8637 72 81 61
232 5.28887 33 34 34
310 7.23051 47 53 83
390 9.89885 61 62 52
496 13.5387 58 59 59
641 18.5274 77 63 44
838 25.3459 39 30 32
1147 34.6424 90 90 90
1672 47.3327 90 90 90
2366 64.6574 90 90 90
3297 88.3289 90 90 90
4539 120.656 90 90 90
6258 164.827 90 90 90
8468 225.162 90 90 90
11580 307.551 90 90 90
15670 420.012 90 90 90
