27 1.28251
9776.63 0 439.534 174.782 0 3.46004 149.367 0
0 8942.66 0 0 0 0 0 0
0 0 6862.91 0 0 0 0 0
0 0 0 7441.64 0 0 0 0
0 0 0 0 6715.56 0 0 0
0 0 0 0 0 6984.46 0 0
0 0 0 0 0 0 5176.55 0
0 0 0 0 0 0 0 6377.9
8109.03 114.866 0 0 0 829.598 0 0
0 5930.69 2631.96 508.798 234.673 0 1028.58 0
0 7460.49 0 1745.72 0 0 0 0
0 8071.59 0 0 0 29.1137 73.1994 145.389
7573.55 0 562.281 0 115.146 0 0 0
126.488 462.978 509.085 7167.68 0 0 0 0
159.704 775.843 0 6679.88 0 0 0 432.621
568.894 7575.31 0 0 277.14 0 128.908 0
7035.16 0 0 583.455 0 372.866 0 0
6550.85 0 0 0 0 264.004 920.259 383.648
481.714 322.603 13.1665 1315.77 6481.72 772.847 0 0
0 2243.43 276.343 0 6246.43 0 0 0
117.03 21.7555 37.5452 610.911 14.0184 225.943 3085.46 4112.66
1701.67 201.627 6440.45 0 0 89.3201 8.24349 10.3243
6909.52 657.922 1368.45 136.221 0 0 0 115.897
6010.35 0 393.433 1538.78 0 0 0 0
1655.03 378.367 60.2942 5766.48 0 0 159.974 192.718
0 574.142 0 83.3732 4873.67 1885.61 975.259 0
871.859 5032.66 537.276 804.303 432.136 65.4116 0 0
705.307 707.196 1204.25 5976.34 469.567 0 0 0
366.839 171.616 294.042 98.3776 5937.42 1576.3 721.241 223.877
19.8516 335.925 2.29899 7267.02 0 0 0 238.681
1784.74 4765.78 0 883.766 1091.84 0 0 0
5745.98 172.02 0 801.467 1870.57 182.686 266.985 422.675
741.21 1498.31 509.776 240.189 5041.33 0 0 0
341.701 1701.36 159.179 0 5381.18 1732.4 0 0
6303.71 506.509 547.023 0 0 112.704 0 0
2426.87 575.223 3002.1 0 1620.21 318.328 0 0
0 0 6521.09 630.149 0 361.185 81.8716 78.2834
127.868 127.868 21.0323 397.324 319.469 5496.82 25.6031 1720.11
0 0 0 5478.87 0 158.23 2082.84 0
0 0 2447.1 0 609.551 243.303 331.162 3631.12
3172.16 1608.98 2035.11 395.536 0 0 0 1332.25
67.5697 4447.91 0 1181.31 1372.7 2149.65 0 0
596.919 316.445 115.656 4563.3 3095 288.369 112.062 0
1739.37 1554.37 1440.23 2963.09 1185.94 496.486 0 392.113
227.148 106.351 779.254 256.928 1090.32 1273.9 4302.13 128.544
0.910717 11.0992 32.9019 35.932 747.271 997.471 5100.1 1793.82
188.928 504.335 3338.13 42.2558 1050.25 163.763 1274.52 2066.85
285.476 96.0954 798.493 78.2867 108.065 357.336 1785.54 5411.33
402.805 129.17 529.696 1439.93 0 636.341 1313.73 3976.84
36.0603 358.861 1903.7 5289.39 0 703.561 0 327.617
247.404 29.9306 6259.69 0 1590.14 0 0 0
0 5094.33 0 2163.49 981.874 1474.8 0 5.07631
0 5600.86 0 0 575.487 0 0 1506.21
11.5407 0.904003 38.5419 190.05 327.477 426.66 2316.29 5841.28
781.084 5.32719 233.068 739.997 0.22615 566.76 973.674 5998.36
2413.91 0 2361.31 119.398 0 0 2836.1 0
59.8861 691.293 591.955 2470.59 3813.72 1028.99 0 779.499
242.387 23.7028 266.09 4859.3 1090.7 0.424862 244.218 838.529
3010.98 139.37 3394.39 0 0 0 2576.98 309.517
0 0 2549.66 410.418 602.362 0 0 3562.44
1216.07 655.146 2286.34 308.094 0 1227.49 3814.28 0
43.9141 150.862 4278.5 0 838.286 175.991 3190.29 0
1103.28 415.207 444.256 1962.74 2466.17 843.332 645.998 1140.02
17.9362 7.11285 367.773 845.183 775.729 5934.63 251.499 0
3.17676 131.908 218.502 1336.06 2488.56 548.718 1116.75 3819.48
0 0 0 4447.91 1178.46 0 0 1250.7
462.619 0 2470.7 0 813.417 0 5059.91 464.86
5944.27 0 0 1264.29 0 212.619 370.934 825.962
4027.52 4285.41 0 0 0 68.437 0 0
0 0 5465.55 989.867 0 827.213 306.768 0
593.629 1310.63 80.7496 4013.13 1123.39 813.416 736.739 648.339
588.33 30.6727 0 104.358 582.644 6837.11 0 0
41.1284 49.9888 18.1243 86.3258 2931.76 6070.87 264.199 0
794.468 115.621 660.885 3955.77 163.666 549.821 168.813 3489.32
1133.85 329.901 1463.76 552.185 3950.15 133.031 1291.09 0
467.317 12.9895 510.106 481.114 525.343 4856.34 511.735 1231.68
0 0 6673.12 0 296.273 0 1497.12 505.553
0 0 4354.16 524.05 2598.76 0 0 732.999
231.105 231.105 0 132.379 3278.66 4974.32 0 0
312.489 1066.75 3660.83 0 0 0 3733.63 33.5264
817.584 5789.82 83.6993 0 213.557 0 559.313 1406.71
784.045 0 265.237 175.886 2232.41 5146.45 481.425 96.1398
180.485 159.402 339.888 1615.78 126.335 191.728 2617.93 3179.34
337.228 474.766 262.118 0 82.2335 900.839 1035.94 5167.25
1057.41 2467.47 830.427 168.597 1094.48 22.1237 19.7292 2561.59
0 0 5886.78 69.4516 0 2464.88 123.095 0
46.6436 57.098 168.882 218.436 498.831 5352.7 37.0235 1009.2
3613.53 2403.62 0 0 644.467 1003.09 89.9787 1925.39
84.1678 84.1678 122.558 2582.13 5600.67 0 80.3532 220.79
475.272 805.203 0 468.136 6162.8 119.824 0 327.35
2671.18 3239.12 0 898.596 288.882 0 0 0
1206.88 0 888.293 2171.67 0 4527.28 0 663.487
339.434 3363.31 3702.74 0 0 133.142 0 1456.95
0 0 0 5579.67 891.018 0 932.038 0
573.851 442.13 281.988 691.977 5.00552 1050.51 1086.41 5272.46
23.694 51.5478 116.182 114.011 2155.1 1953.6 4414.14 0
0 0 6692.23 54.4799 0 81.5076 0 12.6178
1663.66 0 1749.99 5206.97 0 0 0 0
0 0 0 0 0 6378.24 664.985 1185.97
162.706 522.835 4615.84 3161.54 0 388.17 0 678.431
184.894 61.5183 4.29367 4622.11 4743.45 0 0 0
41.0238 528.194 4746.59 0 0 1568.17 0 747.591
103.701 146.001 310.63 260.699 366.299 6470.25 0 1894.51
4354.63 520.434 0 211.426 1546.53 39.3058 1282.56 0
482.901 1223.35 0 6264.58 608.446 0 7.29626 1085.64
146.283 5.37349 0 487.855 639.511 6313.27 0 1548.65
611.167 3999.59 3574.86 0 0 293.876 0 0
293.756 293.756 1709.83 0 0 3028.09 2854.39 969.103
628.027 2966.94 0 3358.95 800.597 0 0 580.853
32.3276 83.5167 239.917 1185.1 4812.5 1804.54 26.3518 0
4537.92 0 1313.51 1878.23 0 12.549 0 0
4627.24 0 0 0 2772.39 0 48.1262 67.7971
3399.52 1435.15 0 185.796 431.19 434.044 824.03 1203.37
4826.04 1737.83 0 948.456 265.367 0 0 0
2835.59 2835.59 243.895 0 1295.16 0 0 920.166
47.8963 47.8963 22.8571 118.65 53.3702 406.38 1498.72 5887.73
0 1359.01 646.617 1194.04 1331.93 4930.04 209.189 0
3704.9 1660.05 845.392 0 17.1063 0 519.808 1499.31
0 3692.77 2513.07 2022.38 606.666 118.273 538.877 18.6453
4249.63 0 0 1842.03 782.651 0 836.301 981.156
0 0 5725.08 0 2809.38 0 0 223.562
1887.78 1887.78 3775.56 0 0 0 234.622 381.321
283.246 413.995 426.045 0 2379.67 0 4502.21 0
0 3657.27 0 3657.27 0 0 636.105 0
722.84 298.558 3969.43 3403.04 0 0 123.528 0
0 5277.04 0 0 1743.79 13.2924 0 116.884
349.407 246.802 5788.58 0 1148.59 0 342.61 0
25.0905 40.5789 2101.47 3071.66 979.942 0 355.314 1195.83
5321.38 1476.73 0 534.516 0 92.3003 461.899 1273.86
1566.83 1566.83 3883.57 1730.44 0 333.914 339.764 0
2217.72 2618.64 21.3305 0 1952.26 189.736 904.727 792.097
3.06169 10.1527 322.582 6618.1 15.2745 1660.4 64.6908 56.8048
87.3204 51.695 49.3328 302.174 1431.94 1017.65 4804.84 1482.48
8.78943 7.28559 13.1725 1555.93 3334.47 926.74 0 1630.48
0 262.196 30.5502 7.3197 1392.3 4286.32 2837.28 0
832.944 1210.89 4671.83 625.8 0 34.1392 30.4634 513.905
108.244 216.643 4546.84 0 1178.59 0 1012.41 0
47.7255 248.931 506.934 3714.1 148.583 570.257 4779.5 286.212
3881.49 0 0 3881.49 0 0 0 0
3.30168 0.957497 10.4555 191.451 1.28724 1779.08 1557.24 5726.87
2017.18 571.528 3864.74 0 161.317 1834.91 11.0818 0
3493.46 3493.46 0 276.973 0 0 450.571 701.318
25.585 0 23.7646 11.7753 61.1249 5218.61 1399.93 0
0 0 0 4739.92 0 886.37 0 1658.75
263.425 27.2001 3252.71 1195.61 346.218 605.279 1130.4 2404.67
136.243 170.689 4436.59 2713.95 183.038 165.217 353.083 623.081
2155.31 4551.18 0 0 150.492 0 597.091 938.503
3368.45 0 0 0 88.9016 3948.93 406.887 0
5.35626 934.326 0 1110.83 6665.23 847.137 255.711 93.3625
0 2712.16 946.425 5379.19 0 0 0 0
73.0443 218.334 388.567 5339.39 638.231 2563.17 270.17 37.2411
664.641 239.518 422.007 5671.77 719.036 0 0 0
1027.13 2322.89 3123.89 720.405 1015.82 76.6197 547.322 697.074
125.312 0 6218.18 75.4081 0 0 288.392 1197.17
294.383 275.516 706.02 79.4265 5113.53 845.862 491.295 818.304
371.522 2.35659 304.1 1907.95 3376.8 265.601 149.255 2099.17
557 183.832 1866.66 0 0 0 3874.33 954.331
0 3211.04 0 675.604 4481.86 0 0 0
6403.52 0 0 279.552 1758.57 0 0 0
639.456 2506.4 738.044 632.491 766.062 815.252 936.365 2202.85
0 0 5265.21 1254.26 0 68.1238 0 67.5114
35.1359 8.32005 14.3917 136.858 1307.82 6115.75 750.494 524.96
0 0 108.676 6040.43 493.108 0 999.938 1269.97
4460.27 1209.8 1346.4 1633.64 0 0 0 0
0 4659.8 671.768 3125.4 0 171.384 805.27 27.8902
0 0 0 0 187.895 1653.13 4885.08 2437.88
0 4327.07 2086.24 0 0 804.184 138.472 0
2541.26 2055.83 2568.49 277.981 0 1193.35 538.716 29.1209
1.5299 2.70679 0.576603 4.81329 5832.99 0 910.379 751.88
0 1802.63 674.91 295.589 439.291 1283.72 2713.75 558.067
179.645 53.4203 438.837 671.902 545.231 1438.3 1350.02 3048.58
937.446 313.164 555.237 0 1805.85 0 1977.34 2925.77
162.614 63.1089 0 0 25.6693 1014.35 2206.98 6325.85
445.236 2076.85 1217.34 4167.38 330.798 208.927 0 0
0 102.997 45.6936 0.79789 161.431 3067.35 4563.98 1079.09
404.564 308.015 1244.61 125.086 0 2669.28 2404.82 419.295
274.817 274.817 442.144 991.778 0 1284.52 663.641 3931.72
0 0 4084.99 4084.99 0 0 0 0
4943.55 135.273 663.826 0 0 1342.06 1074.4 0
2288.44 1896.26 0 0 4184.69 0 0 0
950.803 2157.85 2925.92 553.846 0 382.67 0 1429.32
1721.26 176.323 6014.48 0 0 0 0 0
2887.11 543.682 0 5082.48 0 0 0 0
0 1835.86 4461.36 0 930.42 212.562 1678.05 265.414
88.6842 1547.04 1635.73 3271.46 0 179.734 198.08 0
353.321 1152.51 0 3390.45 3465.7 56.5739 140.358 1603.35
290.185 265.453 766.4 1322.04 6019.45 0 0 0
1598.59 62.9811 163.423 5420.49 54.8676 169.755 0 321.404
5.28458 75.1378 80.9619 150.49 311.874 5550.21 887.055 1420.79
10.2025 342.163 339.117 6180.25 1032.34 1301.21 20.142 0
48.3869 676.628 1124.62 0 750.56 1918.88 4623.03 660.569
44.1022 44.1022 108.285 1586.65 1783.14 436.413 5.99949 3344.42
489.752 73.0594 30.5484 291.694 885.054 2045.34 1110.58 2017.7
542.703 1741.67 5180.23 2111.36 239.14 0 0 162.542
1345.96 457.1 4973.58 1376.5 406.342 182.434 879.233 880.895
157.568 471.406 102.98 465.165 2189.62 2412.82 1998.91 2151.81
0 0 0 0 5656.39 420.254 482.247 1321.83
302.964 252.783 448.708 231.015 977.689 5723.55 0 901.492
90.2208 55.7868 887.183 280.081 293.111 2617.59 4223.97 573.444
826.658 332.997 4962.39 0 167.649 20.287 1729.15 0
262.179 94.0325 2911.14 2646.42 0 229.401 499.026 1852.23
1280.34 0 1565.78 1020.13 2047.24 48.5825 2471.52 373.989
0 0 0 348.514 21.1215 184.812 3428.74 4936.36
340.956 388.262 4835.79 0 0 131.541 0 2181.13
1.53755 0.163061 7.04643 1780.8 499.832 6717.68 0 59.4387
8.77629 3.66912 8.24948 35.5106 5297.94 229.292 3043.86 560.088
1118.62 1121.61 0 5116.4 402.001 0 0 0
685.412 5443.32 0 0 346.368 0 613.399 1589.1
373.35 186.131 3159.54 854.411 1898.75 81.1019 2012.7 0
60.6778 15.0237 5594.39 0 0 0 0 1865.08
3540.54 3417.42 0 0 0 0 1880.32 0
214.658 37.4166 18.8374 50.7655 265.481 6584.87 940.937 0
560.632 188.499 1195.29 3141.88 4296.86 909.855 0 0
101.774 401.716 2318.95 2822.44 2153.85 445.683 368.462 0
1524.36 3877.64 0 0 394.591 2893.15 0 618.239
0 4172.42 2718.9 2015.99 0 54.0275 2.93612 382.154
62.4796 54.3289 1853.87 341.824 0 3754.98 3367.12 0
0 0 0 0 6543.4 783.897 1022.54 142.348
977.472 958.912 1521.8 2236.28 1500.12 403.856 1411.44 550.925
96.8025 91.4823 280.754 288.321 0 416.667 651.657 5802.14
62.8162 263.923 2778.81 0 0 978.092 56.136 5620.74
144.005 100.248 83.2879 219.57 209.669 741.923 1187.34 5470.01
55.522 55.522 104.662 624.749 547.183 653.053 1476.39 5042.82
4723.03 838.152 0 0 1914.54 5.74474 0 0
371.355 871.735 97.3947 0 190.669 6653.51 0 434.257
5655.32 882.59 286.911 942.862 0 133.212 907.507 73.8957
420.667 79.7184 231.469 228.567 1999.81 3720.99 1684.17 0
96.1537 271.309 397.045 1766.11 5274.24 630.411 64.4806 1018.41
2743.58 55.3601 157.714 1590.65 1861.7 688.477 780.112 214.848
0 0 0 6520.41 447.871 0 0 0
68.537 236.895 364.427 1074.53 4387.79 0 0 2615.89
0 0 5063.35 11.867 357.831 2356.24 0 292.304
160.334 48.1247 208.459 980.871 3642.49 528.686 0 2747.98
529.98 2554.23 1049.19 0 4539.16 0 433.159 0
302.071 766.453 185.787 1013.49 290.832 182.032 4994.94 461.934
266.941 227.628 225.411 73.4909 68.5671 0 862.038 6162.58
483.278 640.073 0 1403.18 2277.08 3437.49 127.431 0
59.2104 16.1407 176.501 266.434 445.826 964.113 2251.43 2449.4
270.119 100.243 1.41445 21.0318 3977.58 2024.79 382.499 2970.22
1436.71 1559.73 4873.34 0 0 0 536.823 0
1177.6 95.6794 627.17 1900.45 321.375 45.1308 2685.48 1761.72
0 780.211 780.211 941.089 4094.11 0 1122.75 0
205.301 1494.33 5965.6 0 0 0 154.162 0
1737.64 2799.08 0 66.8552 1120.1 0 3117.54 0
0 2377.18 0 6451.39 0 0 593.781 0
2057.87 2096.56 0 0 4405.73 40.9437 0 1156.52
694.986 1732.94 1016.35 2065.75 383.054 3057.82 675.093 0
111.726 364.731 54.4721 759.359 77.5541 86.771 3017.52 4472.13
1316.42 181.913 51.4035 80.1098 2590.94 244.973 4642.12 0
0 1273.91 1066.72 6356.29 0 0 0 0
4138.51 0 1561.96 0 1159.22 540.466 325.592 606.411
3081.09 0 1356.38 1056.46 571.024 0 2209.46 437.064
0 1004.98 131.148 576.636 2806.12 681.588 3157.78 202.518
0 49.93 425.558 4944.37 735.827 963.634 218.158 838.992
250.068 559.621 5137.25 0 0 378.131 7.73013 1822.86
23.5316 28.7015 3732.42 240.233 216.835 64.1444 2442.46 869.675
0 1501.68 163.932 213.066 5455.1 0 839.255 0
429.739 1276.54 469.776 862.175 870.763 3909 846.737 0
0 0 0 3711.99 0 0 3711.99 419.413
651.652 1400.4 0 1038.54 3696.68 307.044 0 1042.77
0 1974.94 590.219 745.01 250.546 5740.66 0 312.153
30.2901 31.7785 62.0686 310.603 846.737 1599.46 2880.94 2335.83
16.3123 26.3584 50.2295 117.512 432.681 5005.84 3980.7 232.403
698.998 376.071 85.8121 460.618 0 0 2373.97 5336.91
1254.16 1103.18 0 3810.3 2098.82 54.8672 0 0
0 0 0 0 6067.34 1343.57 0 0
275.867 3564.92 0 0 2305.14 0 2879.86 389.397
71.6888 18.1492 37.0601 126.898 3564.22 1849.86 2385.16 0
89.7009 1576.34 910.471 1262.84 939.78 4779.13 198.742 0
4149.45 291.369 459.531 0 101.21 1952.02 0 355.062
916.927 228.8 1145.73 2324.3 0 0 1224.4 2465.11
539.733 0 158.015 549.434 1483.92 833.035 4699.17 534.078
172.939 456.902 31.9161 327.802 3199.54 2006.69 836.596 2635.78
28.5219 71.4085 1386.41 3482.22 0 1167.81 0 30.3345
215.907 1340.33 95.9192 0 4591.16 1559.43 2341.87 0
1380.72 0 119.889 165.786 1666.39 3332.79 760.038 0
0 0 0 0 6595.7 882.571 0 952.648
3276.18 91.0641 2064.06 0 175.716 0 2058.1 0
82.065 144.611 391.686 1515.08 0 732.441 983.899 4988.1
330.297 143.659 110.274 896.618 1078.81 1015.12 4934.36 0
447.853 189.924 5616.7 0 1544.88 0 784.082 0
191.324 109.881 301.205 232.614 594.958 1215.71 0 5679.36
2931.44 1403.89 0 1465.58 924.669 460.523 151.47 1294.29
3447.01 2767.58 0 0 507.805 0 0 542.983
508.329 185.272 1352.13 4340.36 2713.6 0 0 0
61.399 420.086 3073.65 1919.45 135.085 288.408 1363.6 155.78
110.08 119.213 0 241.986 1662.54 2133.82 1625.36 2637.93
5260.62 0 97.7192 891.656 1073.31 0 0 665.936
1454.39 2641.26 640.952 2125.54 59.2684 0 0 3168.97
0 0 0 0 4035.85 0 1342.3 2625.09
2.56843 2.51515 29.2304 88.2579 1472.94 1595.51 1047.62 4701.2
558.345 74.6466 560.651 112.782 2508.83 1784.73 2799.73 0
3822.36 527.799 1926.64 0 0 0 0 1941.59
37.9427 13.7864 286.552 80.0907 1115.36 1126.75 2660.48 2175.91
2132.28 1681.34 70.8533 1840.92 0 2261.67 153.219 366.746
1182.31 0 3039.93 45.6931 988.946 0 385.81 1790.15
186.413 186.413 268.935 641.761 225.812 2492.28 4001.62 0
65.9949 0 128.018 587.654 3068.59 0 764.898 4615.16
1878.34 1074.25 0 0 0 618.59 4711.67 0
0 0 0 6124.31 207.204 582.414 0 767.402
545.147 961.218 1506.36 4691.02 0 0 114.953 0
836.425 836.425 6.49726 0 165.465 1775.36 3620.17 0
1902.64 0 560.419 0 1644.51 2777.96 1200.96 31.5688
217.846 518.561 736.407 252.743 1665.3 3390.85 487.508 2512.06
45.6611 117.242 94.2628 248.903 1531.13 2648.51 456.229 3483.74
274.557 145.22 3536.64 429.542 641.824 0 1850.8 1530.52
534.506 265.622 800.128 980.07 597.193 3248.18 965.878 0
102.075 763.298 1999.5 2566.81 0 1068.1 1164.93 389.649
34.4694 183.841 555.367 908.124 17.1272 1498.61 791.372 4304.98
1579.78 2422.65 0 4240.87 1320.93 0 0 0
388.512 75.8491 607.717 2395.95 2532.91 426.688 0 2521.12
0 0 738.089 275.994 1014.08 100.872 2130.03 4259.07
2.5395 97.1855 72.4652 266.002 24.2784 6215.89 0 875.324
206.839 150.174 3981.81 0 62.5677 2390.79 1410.8 808.085
65.4624 595.221 0 660.683 1321.37 5299.65 0 0
432.487 210.654 536.08 3.50742 0 115.748 1298.48 5574.42
5142.06 448.761 0 0 0 184.051 1631.2 0
148.877 49.4443 15.2645 134.864 513.761 3021.25 4352.34 0
5092.38 292.384 0 1448.73 969.265 504.636 85.3958 600.827
40.1305 400.507 142.788 2746.57 0 1059.15 872.696 4451.59
95.8758 0 41.373 232.127 15.9776 40.779 300.052 6069.43
5.21479 336.892 899.152 1222.42 5207.16 1238.34 213.27 0
5448.64 26.0779 0 2487.74 0 0 0 147.769
68.4395 275.713 64.7322 549.703 958.588 2219.21 4136.39 196.449
1560.3 895.422 0 0 1584.67 1237.4 3318.21 0
318.538 2924.12 2181.25 329.296 565.329 1471.1 125.065 443.138
544.242 121.061 665.303 0 33.4927 1098.14 505.629 5513.34
51.5672 36.9711 88.5383 0 30.5985 6506.48 575.773 6.43326
542.964 1039.43 403.987 48.559 2034.94 459.809 4529.69 0
620.067 1876.42 323.534 376.246 0 1649.55 0 4845.81
28.8191 33.4598 692.021 1669.09 4.6546 1266.8 1753.39 2740.79
32.951 148.604 1781.43 0 629.03 1168.41 0 3766.04
0 0 1252.31 1775.82 0 791.827 187.143 2971.05
527.451 104.71 940.304 664.494 0 4613.95 1177.19 0
117.346 164.787 48.1125 238.321 1920.78 2803.63 1341.29 3035.76
524.223 72.7572 1507.29 1136.65 455.306 3674.12 1445.16 308.173
856.106 1066.43 0 1159.34 841.869 1413.41 4077.61 0
217.815 217.815 197.27 628.496 1261.4 4622.57 521.051 0
2057.64 996.211 214.68 3614.75 0 717.05 0 1382.4
110.2 110.2 48.6757 295.674 471.111 1304.33 2651.41 3686.36
64.8536 0 580.554 0 645.408 1989.57 3505.81 1693.02
433.967 374.712 1084.39 2381.38 1699.41 0 1450.64 273.343
0 0 0 0 5542.55 0 1277.03 0
75.8654 54.9996 507.846 647.58 1735.18 453.937 3475.41 250.867
315.077 355.982 2157.76 0 93.4106 3124.81 2146.5 990.319
59.6081 69.9862 47.5494 177.144 1742.24 0 1823.21 4637.38
175.799 1959.97 2701.07 496.501 0 2833.43 505.36 245.208
4.73976 0 243.324 286.944 91.7917 229.872 4162.13 2800.25
0 0 6118.95 873.477 0 876.545 0 0
1372.24 3747.47 1202.45 0 1186.26 0 0 0
697.348 805.133 1018.23 520.898 3041.61 0 2034.35 67.481
96.2713 114.404 760.173 0 970.848 2102.04 4043.73 1098.01
3285.15 0 3292.2 2109.57 0 0 4.74092 19.6187
0 1614.34 380.92 1801.23 3796.49 175.949 9.72291 0
1705.33 0 1267.69 1248.45 3439.07 0 1883.44 23.3442
1189.52 298.343 4250.3 0 6.6584 3843.82 0 5.45254
997.084 2295.48 643.21 0 1129.64 416.028 1435.23 0
0 3952.75 69.7315 1090.71 0 0 0 2354.47
0 0 0 0 0 5633.72 2131.72 0
173.485 887.758 4207.24 1438.32 1284.63 766.108 28.2949 0
132.371 3824.56 1235.96 0 2801.35 0 0 0
0 951.512 951.512 40.8712 1943.89 2302.52 339.408 486.266
1019.91 0 1496.3 2516.2 0 2733.96 213.025 0
791.089 422.979 494.817 798.64 2387.1 1082.17 694.815 2142.5
3953.94 2436.77 0 0 784.36 639.365 0 0
5536.84 817.602 1721.12 0 0 0 119.189 0
700.93 336.251 1596.54 2633.72 3.24441 186.79 0 2250.66
45.6951 134.955 566.862 1274.28 614.72 717.082 3353.6 1775.21
0 39.742 22.6894 48.8557 75.0086 1541.52 1378.91 6188.81
0 4581.54 61.1368 794.33 3071.65 0 0 0
368.975 11.151 468.59 848.715 46.6704 6191.03 0 0
1829.82 1292.24 23.4441 0 631.506 0 3777 0
2.31746 1.01185 2.03481 30.3817 387.601 1706.13 995.082 6066.47
0 3894.95 5.10509 0 3608.66 0 564.383 0
5570.74 2208.51 0 0 0 0 0 262.408
0 3127.86 0 0 665.572 3820.79 0 494.154
167.433 104.137 324.235 93.6978 2663.28 3731.92 1033.46 286.928
931.335 315.24 1283.91 476.264 3006.75 696.543 590.633 8.43375
0 519.533 2740.3 672.94 2580.81 0 169.96 2879.73
0 131.252 246.44 972.689 692.177 4401.63 1253.51 1331.6
74.7889 87.2627 3187.44 0 33.5892 2521.98 2622.23 0
599.868 427.069 1006.05 2032.98 1052.94 322.116 439.422 2722.46
0 4149.41 0 814.582 1095.74 1856.65 1532.51 192.317
0 4752.05 786.352 87.4201 0 0 1390.46 958.4
2023.64 1068.28 154.162 0 4699.32 0 0 0
1468.41 767.627 1943.36 1016.07 52.4605 1535 1582.93 773.901
1801.13 3066.98 0 1639.38 790.482 118.227 0 193.347
0 3155.04 17.3996 548.57 2120.68 1332.38 2928.61 60.2862
122.06 54.1826 474.309 3730.16 0 0 20.3383 4512.93
308.493 1837.97 1100.44 742.527 72.3386 4766.37 0 66.0128
195.398 195.398 787.223 2400.99 0 0 2544.3 3367.26
23.6187 34.8261 58.4449 75.3827 22.8543 1359.51 1574.64 4786.22
2560 587.89 0 3938.32 1852.2 0 0 0
559.634 856.932 3086.29 0 452.36 4118.74 0 376.384
325.124 125.697 192.726 365.976 1237.63 4703.76 0 0
2.81507 0 0 5.80619 687.563 5862.76 412.85 1557.49
150.566 45.1844 2.86944 0 0 6797.58 0 0
1411.65 0 0 138.578 218.36 447.237 737.44 6258
10.3613 15.0132 93.5742 0.812618 2782.27 277.569 4221.01 997.3
0 5823 0 0 372.312 0 0 0
901.993 269.445 574.434 1694.1 1577.4 2986.43 0 742.137
532.154 1238.84 382.053 1393.17 0 4213.65 0 540.903
2082.58 0 370.173 857.136 597.468 1.98155 3909.34 0
529.514 55.9435 585.458 2078.07 0 522.632 3233.01 1124.93
60.7359 986.65 970.551 2933 0 0 782.446 1165.28
5384.39 0 1221.04 0 1415.27 505.022 0 0
1173.72 3187.28 0 1102.07 1564.98 1760.86 0 0
0 54.6318 2.54753 133.528 627.618 3149.16 3967.48 214.49
844.764 607.007 136.05 23.3006 2840.86 3175.24 1221.52 74.7784
315.024 315.024 188.868 416.726 517.598 2364.73 3286.66 634.875
11.3041 1388.67 891.281 3820.78 863.524 0 1423.43 1389.72
1809.51 1771.52 1064.16 2517.75 1345.74 783.996 0 58.6848
1752.2 1026.61 2205.31 1129.47 1717.33 0 0 0
3043.72 3030.49 27.7659 0 1257.58 0 0 0
0 0 2821.8 3242.87 135.759 154.997 0 743.352
1167.93 1904.72 1330.03 827.524 2883.81 0 0 876.525
72.5988 177.523 104.779 0 540.131 1865.44 0 6251.86
0 0 231.095 602.697 58.0238 1971.8 4906.31 1438.23
23.8921 25.8602 61.6356 455.61 67.9951 940.684 2353.98 4370.38
729.096 846.256 287.317 91.0956 1028.65 0 2982.41 2293.84
677.689 2878.33 3556.02 864.252 0 863.214 0 1.56356
0 0 5415.21 249.439 0 0 630.323 267.434
411.945 815.832 1495.97 0 2723.75 0 2220.66 0
0 2255.02 0 167.672 68.3024 1554.41 313.122 4158.24
717.793 24.5644 5108.17 0 0 663.514 38.7711 1306.34
2268.93 5311.72 441.368 0 0 0 0 0
65.2848 211.92 1088.74 2271.82 4141.82 0 0 0
0 0 0 0 3493.02 3544.65 549.317 1218.32
378.515 0 2663.62 0 757.768 302.464 315.345 4497.17
246.621 246.621 493.241 541.1 256.859 1784.44 3568.88 1485.06
0 1201.81 2116.25 0 171.115 3489.17 321.383 1115.45
1441.35 1256.49 38.9015 213.684 5479.9 0 0 0
212.804 1941.24 0 719.698 2073.39 2335.84 968.529 722.362
1334.68 378.94 1240.17 1146.57 5746.93 0 0 0
315.278 0 710.496 343.564 608.106 178.984 4181.16 1875.6
139.644 1921.64 1800.65 1367.12 2324.23 497.279 135.107 1034.65
83.9968 72.1089 230.963 837.404 0 1260.2 1605.81 3242.41
915.184 915.184 1087.12 3197.4 1833.78 67.5916 0 101.611
2714.2 0 2132.02 372.443 0 1522.46 0 2341.85
1400.95 654.755 1413.9 629.544 457.822 4084.66 70.0762 3.25376
235.1 54.8164 3420.72 2776.94 100.124 166.175 0 1033.95
2110.11 890.683 145.46 0 1712.62 154.401 3609.94 683.828
0 415.059 415.059 1467.16 4644.96 624.164 0 0
3291.77 0 2776.85 412.338 0 337.592 268.561 76.7465
0 5406.33 1591.52 0 554.129 0 0 0
450.57 265.65 126.833 1554.19 1175.28 3572.52 533.477 0
138.357 138.357 276.714 140.975 0 931.964 1925.77 4762.39
171.16 171.16 745.506 672.042 1705.44 454.222 3919.53 859.052
2.55123 340.93 14.8237 0 393.239 866.038 5013.84 1254.88
145.656 278.694 635.807 1911.23 3186.87 0 2055.32 0
1083.14 5531.87 0 0 29.4608 211.165 1037.14 100.161
3.66254 62.7237 1107.17 2710.02 1146.27 1796.13 0 822.355
0 0 0 3277.98 888.018 4166 0 0
223.681 223.681 629.45 2875.37 0 2550.02 0 1292.17
602.939 802.335 3438.02 3839.54 0 0 0 0
820.129 144.007 103.004 710.982 1269.1 3487.4 598.941 1777.4
545.576 595.232 1140.81 634.124 460.662 4343.83 1367.34 0
2.70052 3.99055 131.116 204.514 2207.27 2942.62 747.518 0
904.619 1675.32 20.6145 877.619 1435.72 3199.53 438.031 1451.61
69.2806 1116.95 210.882 2244.81 2562.95 161.905 222.952 1369.84
74.4712 381.085 0 567.81 1023.37 2046.73 4093.47 0
279.408 367.012 82.2243 728.645 729.955 4402.34 709.079 1406.67
20.5598 12.5367 349.393 798.572 436.281 863.167 2631.04 2226.77
121.642 28.3822 167.844 469.035 6.54178 1216.97 2182.98 4193.4
0 95.0949 95.0949 118.319 291.447 599.956 573.291 5078.15
0 0 1950.19 5010.91 0 0 0 0
873.503 873.503 0 0 5180.9 1002.1 31.9457 0
1137.66 490.212 0 692.869 1285.88 1930 2244.02 846.284
575.978 710.902 2753.69 0 0 1008.51 48.4173 4228.09
0 0 3107.52 2080.9 1009.11 2141.62 15.9421 920.667
852.596 4053.43 352.586 135.662 2040.53 508.345 200.024 0
1969.8 4079.65 0 195.463 556.654 1235.16 337.379 0
5016.58 0 3499.58 0 0 0 0 0
389.467 389.467 18.3536 797.287 1594.57 422.906 0 3714.13
0 571.479 571.479 122.428 0 217.951 1950.04 3433.38
577.152 44.0312 50.4237 460.086 2122.78 5331.85 47.7087 358.346
60.5345 179.191 101.074 324.859 1404.69 650.521 3719.52 1732.48
323.057 153.687 2681.96 1790.33 253.069 117.956 0 2474.3
2051.83 2051.83 4103.66 0 0 0 0 0
33.43 32.5937 3714.45 403.583 0 4341.72 1148.72 0
722.751 375.835 305.946 58.4782 1523.22 4468.1 0 144.794
2167.68 413.467 421.483 528.637 3671.98 840.663 0 765.333
603.628 1254.02 0 52.6452 5803.1 267.121 334.639 0
1122.77 229.507 907.611 603.27 754.306 3617.47 810.091 0
1354 0 754.073 365.532 1070.57 3544.17 829.162 0
246.997 72.3382 744.839 0 1037.43 2101.6 0 4203.2
1245.59 599.547 1845.14 7.17696 0 201.814 3251.69 1462.8
2618.15 15.1825 266.962 1393.61 272.242 2592.84 0 1648.27
47.5445 248.746 927.505 6408.07 0 0 0 602.827
108.809 448.675 3238.14 204.708 608.606 3816.7 0 0
0 0 0 0 1057.09 1266.6 2425.62 4735.84
121.051 3937.78 0 3558.2 322.095 1099.12 0 0
390.829 435.581 826.41 1021.16 0 289.954 1910.06 1957
398.388 398.388 796.776 0 1593.55 209.333 3396.44 0
189.199 189.199 663.545 2371.52 79.6143 1003.15 355.717 3934.83
0 0 1619.1 150.37 0 1769.47 3538.95 84.8637
1252.59 2131.06 4160.45 0 0 282.286 40.6139 0
1843.53 2034.02 1793.25 1673.79 0 0 553.213 1073.52
305.174 305.174 518.234 1128.58 4525.13 0 0 410.574
191.221 44.9309 229.875 421.176 299.438 1356.92 2543.56 3415.41
