133 3.23424
13.6137 0 0 0 0
1.16555e-15 0 0 19.0348 0
8.59613e-16 14.0385 0 0 0
1.39853e-16 0 7.75556e-16 12.8701 0
8.64566e-32 1.41194e-15 23.0588 0 0
6.78289e-32 1.10773e-15 7.63479e-17 0 18.1335
5.07942e-32 8.29532e-16 0 13.5473 13.5473
3.76887e-32 6.15502e-16 10.0519 10.0519 0
2.61215e-32 5.42827e-32 9.83806e-16 0 16.0668
6.14168e-33 1.00301e-16 8.02843e-16 4.19054e-16 14.8805
3.29159e-16 1.00106e-15 17.2097 0 0
6.8233e-32 1.11433e-15 0 18.1984 0
6.03998e-32 9.86404e-16 0 16.1092 6.4581
1.15471e-16 1.88579 0 17.3967 0
1.57413e-16 1.02462e-15 0 16.9297 3.54987
4.60014e-16 9.20319e-16 2.49974e-16 0 17.2917
12.434 0 12.434 0.362364 0
13.1258 0 3.49022 0 0.212897
8.11499e-16 0 4.81343e-16 15.4088 0
5.11888 12.2608 0 0 7.28561
1.99333 9.81949 0.734209 8.50526 1.1022
3.77774 11.9452 3.13514 1.27887 1.48073
3.1465 12.6914 0 0.341746 0
1.1988e-17 0.19578 0 0 16.8811
4.64826e-16 4.64826e-16 1.20852e-17 6.57474e-16 15.1849
10.0397 4.58407 4.27291 0.874877 1.77051
13.3549 0 0 2.16497 0
11.1585 0 0 3.13624 6.87
3.99971 13.7347 0 0 1.81031
2.47271 13.0709 6.37811 0 0
9.60285 1.69507 0 0.199986 11.5333
3.99231e-32 6.51994e-16 6.82292e-16 1.21269e-16 15.5389
12.2718 0 5.92174 1.53961 0
12.1258 0.968779 0 4.54444 4.6857
3.06146 10.1981 3.71332 0.549863 2.47698
9.45328 6.07181 5.25641 0 0.1252
4.45501e-16 7.15127e-16 2.373e-16 14.2951 0
1.7583e-16 1.7583e-16 9.85342e-17 9.70924e-16 16.4471
2.92241 2.72457 0 2.49447 12.4661
0.10926 12.1938 5.19683 0 3.4126
11.3754 0 3.53638 7.11052 3.52558
6.3199e-32 1.03212e-15 16.8558 0 2.28959
5.39206 11.6679 0 0 0
7.18005 2.35375 0 13.3514 0
5.54224e-32 9.05117e-16 14.7817 3.04377 0
5.27113e-16 8.60841 0 14.5339 0
2.4084 6.88319 3.71012 8.3906 0.579302
13.594 3.85317 0.00991576 0 0.161155
8.77396 0 4.94547 1.39597 2.78437
6.65731e-16 10.8722 0.555592 0 10.8864
3.54304e-16 5.78622 5.08606 0 13.8257
10.7877 2.12697 0 5.90654 0
3.99134e-16 6.51836 4.9914 0 12.1484
6.89455 1.78357 0 2.65193 10.182
7.82816e-16 12.7844 0 8.45584 0
1.01192e-15 3.34387e-17 16.5348 0 0
11.8684 0 0 0 11.8684
8.57659 0.720102 1.69132 8.3223 3.08649
13.1544 0 0 3.08468 1.65706
6.31677 9.50828 0 0 0
2.59345 0.018281 2.59351 9.17366 0.706958
2.82872 2.77174 8.6055 9.47306 0
9.29741e-17 8.78728e-16 14.4308 3.51531 0.334822
3.92014 2.56767 4.68619 0 5.409
0.562359 11.3803 0.548518 0 5.97023
4.02723 0 0 4.49583 14.2702
11.048 4.93877 0 0 2.17808
1.45231 6.32236 10.3295 1.00611 0
8.36473 2.99473 0 5.7531 3.33232
6.93397 1.31106 10.4092 3.31633 0
1.54544e-16 2.52389 1.52776 3.63945 14.6943
8.17238e-16 2.6388e-16 4.82647e-17 0 14.0471
2.95451 8.46417 0 0.654307 8.98885
4.3203e-17 0.705559 0 0 15.7651
9.34345 0 0.306243 9.3477 2.9428
10.6146 0 0 2.23792 7.80004
5.01371 0 13.4337 3.50102 0
11.9464 0.238387 0.306098 0 0
7.18923e-16 0 7.18923e-16 0 16.6041
10.318 6.43485 2.04885 0 2.06013
8.19416e-16 2.42501e-16 0 13.9558 0
3.1715 2.09804 3.80265 1.73468 4.28096
4.79127 2.33242 0.113566 3.21301 5.50435
9.16319e-18 0.149646 13.8242 0 11.3568
1.59574 7.04564 7.88787 0 2.00388
4.81128e-17 0.785742 1.72467 2.63242 9.1535
0.153906 4.88792 7.50709 1.35782 5.88655
3.63485e-16 5.93617 8.51101 11.5235 0
2.64005 9.37037 0.295166 4.33356 0
9.04492 1.3501 0 8.79891 0
8.1138 8.20494 0 6.56311 0.175668
7.28107 3.12734 0 6.71511 2.04896
6.59868 0 13.6314 0 0
1.69441 2.01779 7.36302 10.9244 1.07301
4.92618 0 0 14.9067 0
10.2584 0 0.483785 7.62974 7.58362
5.50228 0 0 4.59755 11.0736
9.97443 5.334 7.6983 0 0
0.780981 6.6975 3.10849 0 11.1663
10.9686 0 0 6.99028 5.44858
4.68538e-16 7.6518 3.61504 8.46278 3.56481
8.55863 0 0 0 13.7685
7.15416 1.76138 7.3678 1.65546 0.256803
4.33625 11.2503 2.90681 0 1.18051
1.20433 13.4151 0 3.96556 2.85093
3.42801 0 3.42801 0 14.3834
6.25779 10.6142 0 4.15346 0
6.18634 4.49837 0.458766 1.21286 9.86042
4.90171 0 9.70599 9.99473 0
2.53936e-16 4.14708 0 14.7124 0
3.46085e-16 2.59149e-16 7.06094 7.06094 9.98568
5.97026 5.97026 0 5.56792 2.63745
4.72325 0.212704 6.78864 8.27285 0.233492
4.14761 11.0059 3.43397 0 1.31539
2.82336 2.63011 1.87356 10.252 0.853544
7.81239 8.75055 2.27707 0 0
9.64367 0.997089 0 12.409 0
10.1461 1.24918 0 0 5.77543
3.35494e-16 3.9668e-16 5.1953e-16 11.999 11.999
4.77792e-16 7.80294 4.7897 0 11.6658
1.5752 0 11.2774 2.07763 2.21809
0.817257 13.3812 2.70018 4.11648 1.01545
5.18384 4.99464 7.19851 2.03143 0.030728
1.42868 4.71291 1.37246 7.1898 4.51799
4.69987 0 0.950515 9.64913 8.22683
7.02464e-17 1.14721 12.7183 0.269507 12.526
0.379246 5.61914 1.92589 3.72568 6.82868
1.38348 0 0.982351 11.603 10.7615
6.72022e-16 10.975 6.90696 0 3.35126
3.24422 3.24422 0 0 12.9338
8.62269 5.18361 0 0.943209 2.71671
5.70358 0.751887 5.00182 0.261777 5.66489
0.495111 8.18096 2.4451 0 6.12259
9.69289e-16 0 15.8297 0 0.315787
8.87175 0 3.86479 0 9.67702
6.15325e-16 10.049 7.68815 0 6.24035
4.38588 2.65337 1.9965 0 7.13195
4.52147 0 9.84721 10.8356 0
2.53915e-16 4.14675 10.5845 5.38012 1.58119
9.28177 4.3529 4.7495 0.729781 0.946572
8.44226 4.27906 3.01087 2.33965 2.74371
4.15525e-16 4.15525e-16 9.59691 5.5732 4.82449
5.39812 8.68057 0.577559 3.35962 1.60287
8.32082 2.77392 2.23181 0.318308 4.81759
1.32009 6.99923 6.21853 1.5771 0.931185
1.66756 10.7835 0 2.17616 0
3.67186 11.1561 0 0 11.7448
4.84491 0 12.1383 0 9.55484
4.75765 4.82623 0.833261 6.82803 0
6.34407e-16 10.3607 5.05201 3.38408 1.06844
4.39045e-16 7.17015 0.880044 0 12.6358
1.10769 0 13.3878 2.83996 9.39674
6.55245 8.5155 7.48527 0 0
5.90373 2.19133 0 6.2973 7.69439
7.04419 4.7964 11.2307 1.0898 0
2.53517 0.928154 11.6947 0 0.982122
1.31253 0.652236 3.60287 6.38345 7.02442
2.5701 6.98589 2.34149 0.289071 2.56168
4.28565 3.67815 0.0452734 2.71412 6.678
5.16259 3.82761 3.25366 0.247447 4.19913
0.318127 9.15229 9.9741 0 0.994684
1.51726e-16 2.47787 10.8935 3.57017 1.44971
7.23713 3.28657 9.76796 0 0
0.324692 9.18872 4.83144 4.84821 0.818546
3.7844e-16 6.1804 7.34824 0.88781 9.30394
9.20656 1.13311 4.64484 0 3.30339
8.99783e-16 3.25201e-16 15.6249 0 3.83527
11.6408 4.65434 0 0 1.80309
8.18986 3.20794 1.80422 0.0255599 6.59211
8.30411e-16 13.5616 0 0.636218 0
5.56933 5.25284 9.17452 0 1.435
1.27509 2.41753 2.95282 2.67697 8.06135
1.61531 1.37774 2.12306 5.2751 2.44537
4.40638 1.59336 2.52799 5.32407 1.22197
3.78463 0.789381 2.37606 1.90602 4.9219
8.53936e-16 13.9458 3.46812 0 0
2.44682 0.510823 3.93372 8.15899 3.48972
8.02613 8.02613 0 0.348564 5.09726
4.86571e-16 7.94632 1.12777 7.2882 10.8413
0.225143 0 16.2518 0 0
2.12265 4.22626 0.154276 4.89549 6.37409
4.64087 3.78697 2.65329 2.62155 2.03137
3.70952 3.70952 0.853801 6.91889 1.93753
7.93619 3.75734 8.7807 0 0
3.71952 3.71952 0 9.01635 1.32868
3.23519 2.93105 2.98604 0.151215 8.82726
6.3057 1.09278 1.56512 7.97608 4.08646
10.7891 2.90031 3.97672 0.922102 0.393576
1.02842 1.16836 2.14466 4.36669 3.58841
1.68043 10.4556 8.09967 0.806618 0.662961
9.76708 5.86699 4.58132 0 0
3.79348 4.69464 3.82624 3.04609 0.342633
0.966576 0.966576 7.84175 6.64736 0.893807
0.642717 10.5412 2.46489 5.6024 4.62118
2.50924e-16 4.09789 3.40981 0.575101 13.1305
1.37714e-16 2.24905 3.35489 11.7603 5.94219
9.1215 0 9.1215 3.72341 0
8.08305e-16 5.70298e-16 16.1555 0 0
4.93792 0 0 13.8408 0
3.14537e-16 5.13678 0 5.6807 13.5974
2.15717 0.59851 1.29245 9.24531 1.04541
2.74578 11.4751 0 0.211614 8.34399
3.13526e-16 5.12026 7.60137 9.33483 1.70627
9.95446 5.45516 5.99174 0.352629 0
3.47544e-16 5.67583 3.72019 7.47229 4.04453
3.12337 3.12337 0 4.41712 9.27864
0.859922 0.859922 9.39014 1.11466 0.0092594
6.42395 7.73581 0 8.13235 1.47677
1.86008 4.03282 4.59904 0.75472 9.7911
6.04439e-16 9.87125 7.99434 0 7.32975
0.00277873 5.17421 10.9624 0 11.7217
4.20728 1.86131 4.57296 0.0654943 6.48706
5.03382e-17 9.40443e-16 15.3806 2.49336 0
6.07063e-17 1.37765e-16 2.45862 11.1605 13.2987
5.07055e-16 8.28083 8.28083 0.258788 11.324
3.77903 11.5798 0.120403 0 2.08594
3.54092 2.33918 11.3914 1.10154 0.92696
7.48785 0 0 11.9092 7.45841
0.9035 5.49334 0 8.01035 4.98816
1.16226 0 12.3412 7.43374 0.488285
3.34721e-16 1.36157e-16 7.1205e-17 6.01484 13.4867
6.49793 0.428418 0 8.38957 7.97723
5.1052 0 8.25304 0 9.70442
3.62882 3.62882 0 5.13193 5.35299
0.471572 5.47548 9.14585 10.465 0
3.51503 0 11.1253 11.6674 0
7.08728 0 4.80078 8.5602 2.53336
1.35894 11.5391 0.162865 4.93727 0
0.428743 3.33425 4.19062 5.37237 6.10822
2.28321 0.577618 1.84801 2.99363 5.30522
0.510675 2.45955 4.4631 9.83949 0.0988159
0.616685 0.407475 1.05203 0.213867 13.0083
1.18821e-16 1.94049 10.2183 8.10051 0
6.32423 0.0832192 11.9244 1.80873 0.671626
12.424 2.17323 0 5.07544 0
3.47341 3.47341 0.329159 2.54623 5.72279
0.715725 0.534786 3.89241 12.1366 1.29582
7.78587 0 5.13832 2.56852 4.25426
3.75009 2.28816 4.39305 3.8064 0
4.60257e-16 7.51656 0 4.48372 11.8239
5.40978e-16 8.83483 0 8.83483 6.08087
6.13899 0.975867 0.480986 11.2096 1.1633
4.14602e-16 7.23036e-16 1.10208e-16 13.7301 0.205966
4.42297e-17 0.722326 15.0322 0 0
10.5622 1.62911 5.64808 2.28451 0.65475
3.99321 3.99321 3.60116 0 3.95567
2.99197 2.38792 0 5.99067 13.218
2.34182 1.40238 7.43481 7.92005 1.4641
3.05708 0.323865 2.16365 10.7861 3.50518
3.57229 3.57229 3.31787 0 7.4848
0.983273 8.37647 0.397746 4.09004 9.38183
4.55463e-16 7.43828 13.0439 0 0
0.856026 4.36089 7.88735 0 12.7613
3.38058 1.04277 3.1259 2.87732 5.13973
6.63895 6.63895 0.868414 2.86854 1.51079
2.12764 0.898214 12.8127 0.422278 2.74572
1.77244 0 0 0 14.5468
6.5454e-16 0 10.6894 10.6894 1.099
6.21647 1.51882 0 12.9188 7.40752
1.8298 9.47328 2.61563 1.97789 4.04495
0.606808 0.539301 4.53199 9.36065 4.69244
2.37122e-16 7.71099e-16 13.175 5.03936 0
2.8023 7.25305 0.288297 0.0501461 10.8481
2.50337e-17 2.16632e-16 5.5014e-16 7.73011e-16 15.8989
1.1189 1.1189 11.5868 2.94775 0
10.8743 2.73083 0 0.102123 0
4.44715 1.52678 0 11.0277 10.8032
9.84896 0.49862 0 9.86157 0.0566729
7.45986 5.06152 5.34829 0.470943 1.13238
9.41606 0 0 12.2996 4.65293
0.35055 7.48252 2.81198 4.47558 2.06283
1.50972 1.50972 1.69359 2.72521 1.89212
6.75368 0.887759 9.29557 5.72104 0
7.35989 0.919544 7.41711 10.4894 0
2.71279 3.43446 0 13.4698 0
4.37126 0 6.48231 7.81846 3.80234
5.4344 9.33218 0 0.189795 2.18621
5.27826 5.27826 2.26341 0.394259 0
5.22037e-32 8.52552e-16 3.67945e-16 15.1646 0
5.23358 4.00859 0 11.3463 0
5.9105 0 3.02864 1.14833 6.73983
0.36822 3.40697 3.92634 5.06384 5.19394
3.66737 4.78176 1.46662 1.53441 4.16118
6.71615 0 6.71615 0.0681831 9.49831
5.79757 8.27451 0 1.42111 4.35507
7.6782 0 0 3.7174 8.53076
1.4499 2.48951 0.272586 5.20321 4.71322
11.722 3.37582 2.79047 0 0
5.78176 1.16591 1.51483 7.33224 9.53124
0.54666 2.69126 3.66394 7.72493 4.65217
5.35107 4.51514 0 0.372463 6.24747
4.01687e-17 0.656004 12.9392 0.228604 6.92689
7.4258e-16 3.01874e-16 0 13.091 1.12919
1.7223 0 2.87853 3.43833 4.56584
8.21907 9.30048 0.494561 0 2.71857
5.6695e-32 9.259e-16 15.1211 0 3.75494
2.16188 1.22734 0.0278333 2.79538 7.22204
0.28816 1.49959 0.921009 7.62669 7.8324
1.36446 6.29549 0 7.19342 2.29212
0.375311 10.0008 2.77247 0.703127 2.31841
1.49961 8.71829 0 10.7045 1.26063
0.507181 3.55799 4.12085 3.32283 7.85126
6.63735 0.354652 6.64681 11.1438 0
9.46047e-17 1.54501 13.8722 0 7.35593
5.62742 5.89786 0.183571 0 3.16702
2.0461 5.75243 8.19922 0 0
2.98996 2.28899 5.78354 2.01554 4.41848
2.24509 4.50235 0 5.44736 6.02932
3.11295 8.98636 1.41926 6.49122 1.43787
9.15942e-16 1.61426e-17 1.2529e-16 15.1001 0.824033
2.17848 0 6.01227 9.30454 0.446881
6.80231 6.80231 0 2.56961 4.21628
11.4279 0 2.12576 0 8.41768
2.23638 6.74723 7.1082 0.117794 0
4.13112 2.23312 8.9768 1.91255 0
3.32492 2.84587 0 3.48806 8.73663
2.07079 7.32474 4.10797 0 8.64959
1.05878 2.73624 1.57362 7.34484 8.06418
9.32232e-17 1.52245 0.880367 11.9376 12.0664
11.4811 1.06132 6.1011 0 1.12132
1.87488 2.27996 0.938751 1.254 5.78505
11.5708 1.62436 6.73213 0 0
3e-32 4.89937e-16 8.00127 12.8142 0.018201
0.49713 10.6863 6.43695 0 0
9.78595 9.03414 0 0.22587 6.55941
0.861401 1.64632 0 10.1893 10.3573
8.74822e-16 0 14.2869 0 4.30818
2.86552 0 7.29056 0 12.7192
0.698472 0 1.0868 10.5554 5.0908
1.62737 0.956762 9.31061 5.98868 0
1.94788 4.96375 5.33227 0 7.54096
0.303991 0.4946 5.15315 2.11864 7.51663
0.0518524 0.0590977 8.45117 0 8.88155
7.60667 0 5.48387 0.497175 9.3905
0.685562 8.05507 5.77748 0 3.40634
6.11369 1.64084 0 6.33005 8.95204
6.1785 10.6457 0 3.37338 0.55121
5.46219e-16 8.92043 6.60618 11.1003 0
0.172141 0.128313 7.96467 0 5.34685
2.2047 3.91398 4.49221 1.20042 8.74729
2.68397 0 5.52747 1.18116 7.05747
0.198308 13.1277 5.37653 0 0
1.86885 3.16864 0.646722 12.1557 0
1.98909e-16 3.24843 11.9914 0.423101 2.4504
8.62116 0.438974 8.63233 1.9577 0.797416
5.98714 0.0496351 12.5506 0 0
4.46319e-16 7.28894 0 7.28894 10.3081
8.07975 0 5.57007 1.31195 2.6804
3.93886 3.93886 2.5533 6.12769 1.06866
5.84638 10.3779 1.87635 0 1.51307
2.0916 0.831061 1.65053 5.24764 4.31416
0.78528 2.87584 11.7942 0 4.39084
2.04531e-16 3.1395e-16 6.11926 2.73386 14.5824
0.754567 3.04905 3.47548 7.00557 8.92374
2.25215 2.25215 0 10.0959 10.5864
0.446189 7.90279 12.6274 0.720446 0
0.248707 4.06873 4.09083 12.4438 0
0.233069 1.25846 5.4037 0.58861 10.4544
0.439501 0.288535 0.480727 11.381 8.28121
0.478427 1.80137 6.62928 2.77429 6.73316
8.82686 0 1.49398 12.5329 0
0.0821013 0.145654 11.4932 7.08452 3.66393
11.6993 2.6923 5.79043 0 0
4.83602 7.38991 0.100805 8.83221 0
0.0244981 0.190059 11.1785 0.695203 6.64679
3.08272 1.96012 3.65311 2.22255 3.88415
3.65893 5.70251 1.32212 6.23425 1.73409
0.138811 5.52754 4.59495 0.228765 9.62757
6.12194e-16 9.99788 8.36541 0 0
0.683664 11.4977 1.83528 1.70835 2.84007
4.54871 4.26813 7.80764 2.64592 1.68532
10.4697 0 0 7.37075 2.81654
10.4003 0.176468 0 5.58668 5.30034
6.98582 6.52098 6.35111 0 2.55883
2.66952 5.57855 1.62278 2.31904 0
5.24053e-17 0.855844 2.91949 7.89922 8.46484
5.60722 3.59764 2.59643 1.47017 3.91801
6.42989e-16 10.5008 3.51168 0 5.29226
6.05899 5.55427 0 8.21957 2.31328
0.894619 13.9798 1.18474 0 2.67161
5.70425 3.23862 8.82155 0 3.9154
7.48477e-16 0 12.2236 2.94432 6.90274
4.83734 2.96497 0 3.59672 8.55726
0.94199 1.63275 12.4912 3.27665 0
6.85224 1.65869 7.05014 0 0.657596
5.15447e-16 8.41789 2.31125 0 8.72942
2.74719e-16 4.57375e-16 8.71333 8.71333 4.66256
1.25094 4.85685 5.73522 8.23889 0
0.407652 1.23106 1.45083 8.04736 6.99261
1.71432 1.33358 0.378047 4.66965 6.37389
3.96519 6.47345 4.96733 0 2.64917
1.89936 3.10419 11.491 0 4.33609
4.58367 6.5374 0.193525 0 7.98656
7.96923 0 4.03897 10.0249 3.27458
6.85153e-16 11.1894 5.66752 2.91094 0
1.22655 0.767784 5.64779 3.21926 4.13172
0.90815 0.90815 4.08923 10.4918 8.14649
1.14074 3.0232 9.92764 7.413 0
2.5491 2.90803 8.96579 4.63727 0.0720299
5.20587 0 5.42828 7.52112 1.53236
7.51681 3.44779 0 8.90293 0
8.11606e-16 13.2545 0 4.80747 0
7.52089 1.20432 5.9759 3.92725 0
5.86907 0.179357 12.4088 3.87985 0
2.16216 1.41955 2.58651 12.6759 0
2.57431 2.83001 1.22258 1.3642 4.54237
8.07676e-16 13.1904 6.57697 1.36857 0
0.733943 1.04911 8.86559 5.09646 0.36271
5.78304e-32 9.44442e-16 15.4239 0.772127 0
11.5103 4.31673 0 0.0112008 3.21503
1.80077 1.80077 1.91425 12.6703 0
1.46594 4.39292 2.03322 2.4049 5.96028
6.77791 7.88844 0 6.89233 0
6.504 4.37986 3.16426 0 3.71086
2.07469 0 0.245304 12.1576 6.28539
2.90196 1.4709 3.11165 4.02424 2.5492
5.48767 0 0 11.0488 11.7937
9.06309 6.00156 0 3.32644 0
4.35756 4.35756 0 9.68325 0
10.5022 0 6.98822 4.63064 1.05073
4.00779e-16 6.54521 6.54521 9.25633 2.47561
4.9996e-17 0.816496 14.0569 5.02977 0
6.72147 0 1.33491 10.2044 1.41947
2.77235 4.56948 1.12136 1.62698 3.92231
7.45811 4.98579 5.14668 2.60359 1.20287
4.7981 2.52771 0 3.76216 12.6338
4.1234 3.33546 2.18267 0.704025 8.50674
0.0766916 0.169529 2.52377 12.1814 8.64097
3.50986 1.44242 6.52653 7.54952 0
1.07191 2.18876 0.417532 6.87073 8.3014
3.02477 1.9697 4.62607 0 6.52185
2.70256 4.4028 6.1907 0.714478 0.333817
4.29183 4.29183 0 12.2065 0
6.66514 3.36879 3.8756 4.6945 0
3.6044e-16 5.88643 3.90785 12.5413 1.49932
0.685799 4.09225 8.7622 6.48708 0.089871
0.40631 0.30228 5.63578 5.65849 7.56292
1.14066 0.444182 7.28319 0 5.72386
4.20169 5.68581 0.78177 0 3.92548
6.05019 0 0 2.88573 10.4103
6.44532 3.64267 0 0.90977 10.5984
8.27234e-16 13.5098 4.06563 0 0
5.21858 5.21858 0.308737 2.65444 2.24649
0.84123 3.53719 0 10.5656 8.54978
7.63563 0 5.60559 7.15683 0
1.30249e-16 2.12712 11.8526 6.09402 0
3.01364 8.94236 0 5.43401 1.68428
8.62079 0.0844289 2.18174 11.7394 0
9.81335 0 4.44618 10.0663 0.455834
8.33112 8.33112 0 0.664294 0
0.979943 0.569077 7.06596 6.21354 4.40141
0.660248 4.45329 8.08295 9.25212 2.28287
0.580499 4.39306 0 8.58307 9.64254
0.909057 4.32165 4.4615 1.86503 6.54876
5.65941 3.65281 0 10.2376 0.0501242
4.19372e-16 6.84886 8.42754 11.1557 0.182995
8.16404e-16 13.3329 0 0 5.1624
2.03078 0 10.2665 0 10.4655
3.52301 3.10024 0 4.73011 8.33207
3.77055 1.33303 0.338996 8.67708 0
5.29578e-32 8.64866e-16 14.1243 5.09869 0
1.48979 2.45235 0 6.23769 3.38191
0.08586 4.69666 4.7617 0 13.0404
2.58923 6.7108 0 1.14702 6.20337
0.0266264 12.2063 6.50013 2.37002 1.47635
5.53002e-16 9.03121 0 9.03121 0
1.1626 2.25785 1.3644 4.7864 8.19116
2.57524 9.41573 0 1.14099 8.75563
4.61465 2.88675 3.68175 0.145338 3.80416
4.46138 4.46138 1.39773 0 6.46232
0.948044 3.84644 1.90643 0.810197 8.77372
0.951183 6.77223 7.41325 1.82636 2.46179
6.97453 5.15923 0 3.42224 3.72319
2.05615e-16 1.38138e-16 4.0454 4.0454 11.5631
9.89555 0 0 8.84496 0
2.33406 0.895977 2.50013 3.93607 4.64434
1.84673 3.37137 0.0796594 6.06498 8.21894
6.21796 6.21796 0 8.57373 0
0.663043 5.4752 2.77881 2.5956 9.41694
10.5181 2.60596 5.96891 0 0
6.34778 8.61249 0 0.248878 10.7019
3.94065 1.87709 0 10.5976 4.40486
4.04351 6.19698 1.18492 4.76642 0.654872
1.18737 1.18737 1.90938 0 11.1118
2.80865 2.53138 0.841583 12.3567 0
0.294583 0.294583 15.7732 0 0
3.18838 7.29084 1.40073 8.07986 0
4.07702 4.07702 0 4.07921 8.53553
4.54893 4.54893 0 0.481574 8.25761
0.435765 12.7545 2.07888 0 2.29113
3.09371 4.19526 0 5.18469 7.35202
6.39047 3.92174 7.49787 1.32376 0
0.652755 9.24017 0 3.7443 7.39682
0.744871 0.973221 5.18687 7.67423 3.7493
3.98891e-32 6.51438e-16 10.6388 0.450751 10.6483
6.48055e-16 10.5835 0 0.508747 3.69084
5.21293 4.17922 1.02119 3.48044 1.20502
1.46273 1.46273 3.0082 3.65858 3.76069
0.0797951 5.29556 5.29616 7.41879 1.07725
8.27906 0.755464 8.31346 3.74987 0
