790 51.1474
12700.2 72.4542 129.713 65.8574 124.094 216.527 115.484 144.314
281.335 18.8413 18.2444 13381.3 71.9324 169.194 118.9 117.505
56.1164 203.262 0.167206 40.9256 57.2904 7731.43 937.259 1.17468e-06
54.9036 13566.9 82.5964 9.66495 10.1865 163.366 15.3903 108.296
33.8545 4.22275 13773 90.3395 50.143 66.5257 4.29496 49.8664
0.326115 0.0202378 26.1363 0.0833534 13760.5 23.3949 17.6402 107.98
0.00185346 0.141377 13.0935 45.6109 14.188 14338.3 270.519 17.3835
0.00134801 3.03437e-05 0.000618567 9.06111e-05 0.000127815 2.33882e-05 0.000195489 14670.2
0.000220561 2.14298e-05 3.22998e-07 0.00063724 0.000261002 8.22873e-06 3.59772e-10 10188.9
3.44824e-07 9.84325e-09 8.07377e-07 1.72854e-08 0.000126518 2.03846e-06 13931.4 126.562
4.98405e-14 4.30734e-14 2.59029e-15 2.35214e-17 4.56345e-18 3.64994e-08 0.612532 10973.3
1.35493e-14 2.26683e-13 3.23943e-14 2.08406e-11 6.56332e-10 3.65035e-15 0.0424468 9730.57
6.31367e-22 4.02453e-24 2.0086e-18 1.4122e-14 2.41232e-10 1.26277e-07 0.110175 10282.6
2.02724e-23 2.16041e-22 1.71442e-24 1.67298e-18 2.85051e-14 1.69669e-09 0.118042 10595.9
6.33055e-10 3.31796e-09 2.18635e-11 2.46562e-11 6.93355e-05 0.676558 0.00256341 11381.8
16.8475 75.3875 6646.29 32.2092 579.218 6659.57 147.635 69.339
2.43333e-09 3.33322e-10 2.00717e-11 1.5111e-10 5.00492e-05 4.91127e-06 3823.84 8119.98
167.026 10.3651 13386.2 42.691 195.699 23.4202 17.6593 108.096
16.201 706.948 10914.7 281.579 268.685 139.621 297.546 628.126
1925.05 242.082 1079.69 207.33 8705.34 24.7738 67.5213 165.657
11278.2 476.574 53.6 453.862 136.538 197.602 326.81 13.0203
645.2 292.707 53.3232 106.9 5977.47 534.77 6063.14 109.338
5576.96 5940.3 309.6 61.1329 102.615 476.546 1050.2 403.193
3.48513e-17 2.22153e-19 1.53129e-15 1.10092e-11 1.92828e-07 1.90501e-08 0.184833 9281.06
62.2846 0.309862 12924.3 61.4971 74.6568 87.0986 135.029 703.801
10279.3 637.768 597.299 904.144 840.138 474.011 8.49174 102.726
11541.5 1103.25 76.6724 116.88 1.77767 52.5514 109.604 101.28
1036.13 3345.75 29.4288 573.186 390.577 6476.55 11.9696 1195.62
8096.57 778.701 40.6226 1088.15 88.3246 108.197 2420.34 97.0059
3101.66 124.101 155.065 251.184 832.609 90.4182 112.123 8367.45
1020.57 39.8226 147.619 1.44433 6.84007 11378.7 131.015 11.0849
408.17 51.5921 38.1458 10912.6 155.22 576.039 103.953 102.389
3.39917 122.916 8.40362 9.30964 8942.3 1014.88 1384.63 1639.51
4.906 174.357 2.01038 0.981007 12329.8 69.9731 13.9435 467.478
425.602 171.698 40.0099 35.0814 3461.76 128.255 160.812 9026.56
109.956 3.44515 12659.9 5.34247 158.464 144.936 102.903 15.6069
17.3234 5.09657 16.0947 0.0917238 13443 45.9315 50.2691 462.859
15.885 177.774 3.59298 6916.76 1086.62 1867.44 3307.27 266.793
109.96 26.1104 6143.59 79.9046 573.742 5747.28 95.1452 0.286609
1398.45 2590.27 118.2 862.723 1588.31 740.761 3561.63 1817.26
111.074 6.91385 16.4767 2184.2 1.6519 248.824 10115.3 61.3825
149.511 323.276 25.2489 90.2356 11066.2 27.0773 89.3226 615.033
12328.1 765.049 80.8684 41.4649 190.079 47.0123 17.1831 105.182
2.02993 0.0381925 20.0559 0.0811052 7.21751 13264.1 32.2046 129.933
4078.18 1375.31 490.185 4809.48 879.651 532.187 238.755 765.3
3.58014e-05 0.00115086 6.37518e-06 6.4564e-06 2.6955 11967.4 13.2654 444.742
40.8059 972.531 6.14443 11152.3 28.6815 68.2306 13.5963 95.6719
45.1968 14.512 912.521 6.19282 7496.94 75.518 5345.6 12.8996
5.88539e-05 0.000338391 0.00369263 0.000782291 1.81829e-05 4.28704e-05 4.10054e-09 11659.7
45.2566 11183.1 68.0836 7.96674 8.39665 134.661 18.4005 2166.59
303.863 104.992 6.28158 10677.3 476.724 339.073 125.654 684.053
43.2251 439.333 25.7708 92.1006 11294.9 146.661 92.0788 599.712
22.0024 125.859 2417.42 2918.33 372.54 4828.9 82.411 3059.91
1.63741 0.557223 29.883 2046.18 11.347 8917.86 2005.43 108.756
42.2764 2177.78 92.9699 2823.67 111.852 2734.31 4902.79 56.1996
20.8113 1.25985 15.8443 0.0902969 13233.9 45.2169 7.93518 454.242
185.814 10684.2 65.9108 7.7125 20.9127 130.516 17.8341 2099.89
305.923 2235.35 189.236 141.917 6885.15 799.056 156.509 2867.97
4.25659e-07 1.53548e-08 9.5677e-07 3.07984e-07 0.000174379 9.88371e-06 12938 50.2963
168.618 6.07335 13182.5 42.0413 192.721 23.0638 17.3905 106.451
0.0154604 0.551543 11.0201 11.1957 364.329 6834.98 3501.08 2606.87
327.819 3.57243 75.944 149.297 63.7814 12522.6 81.2896 111.069
38.5503 2.40629 611.355 11547.8 800.078 171.002 619.112 134.765
330.313 194.224 264.69 130.033 5644.14 741.375 3720.98 1959.67
106.716 6.62105 1002.45 11368.6 816.069 489.29 8.52703 103.153
28.9605 13015.6 79.0968 12.813 186.861 74.5104 14.8477 104.477
123.455 1071.96 760.547 1.99958 9919.18 27.432 78.1187 788.712
133.74 6889.33 294.107 504.566 209.529 107.982 4998.84 54.9528
3977.99 569.31 799.687 6196.11 251.587 1701.97 84.1803 43.764
2388.13 963.427 224.503 196.848 902.524 145.047 111.392 8842.02
882.691 7585.19 122.681 608.812 794.511 991.673 1454.54 243.365
72.8572 144.011 2.99504 1.42002 2.89813 1.46728 11808.1 59.9237
8.19683 46.771 0.522952 5189.37 379.648 61.4798 5.53379 6078.29
6646.57 2660.92 1417.01 1067.19 332.633 1227.57 11.59 20.4252
55.0603 1964.25 1051.09 3437.53 549.444 1498.99 4526.83 563.004
60.8112 2.95971 351.366 448.585 13.9909 7415.07 4286.84 390.191
451.529 64.6206 8361.86 2381.43 393.989 1634.4 84.8417 43.0932
0.118055 60.8035 4.08118 0.160707 9561.84 1075.27 1409.7 506.496
0.00035795 1.52119e-05 6.30768e-06 0.00170519 1.96686e-05 2.22161e-05 0.000179506 13897.7
986.168 24.4048 36.5422 6.82148 27.7113 12290.3 80.5872 170.53
274.626 9655.11 1182.17 491.739 163.044 123.012 116.194 1631.67
231.924 2820.74 8707.43 835.416 118.355 270.543 15.4504 117.874
775.503 4225.21 84.5288 190.498 246.946 58.305 8352.5 105.801
6550.92 264.027 4892.27 49.6627 949.507 43.5465 72.4196 774.015
1602.11 3.69195 4851.75 44.0015 973.203 2021.77 3412.97 269.557
9040.48 864.178 148.623 85.6468 1.40389 2937.02 96.8057 26.6626
306.721 844.328 8675.99 409.299 577.158 124.476 1667.55 312.936
0.00196537 4.31685e-05 3.39511e-05 9.45115e-05 2.01626e-05 2.2774e-05 0.000184014 14246.7
4919.81 397.259 32.9076 161.537 37.4606 103.253 419.883 6487.76
10.1998 26.2096 0.84895 0.0133138 12978.3 44.3436 7.78193 445.469
68.4184 9.11986 0.235479 13162 78.7039 11.3576 113.689 104.801
602.774 9.7707 1897.54 9.52617 7339.68 2583.43 633.525 146.879
149.905 14.9428 94.3775 15.9422 9274.97 32.227 2545.08 364.562
3.14085 1.02536 30.8414 2233.08 12.3834 9732.4 1750.82 115.031
2013 664.687 372.968 3851.69 4826.36 704.438 13.7785 100.755
6.6982 0.243875 1.58528 0.90879 21.55 13968.9 69.5061 50.8049
6785.63 971.126 1364.1 2446.57 235.565 1703.17 84.2396 43.7949
1549.25 10187.9 145.573 542.594 84.4523 136.506 219.038 74.2092
4204.66 1839.6 21.8376 218.852 4015.11 2460.58 241.304 20.3994
1.62187 562.422 19.6017 633.015 3056.16 856.245 2853.6 4883.36
270.373 3220.19 2118.44 385.661 3688.54 203.604 1009.06 2998.04
29.3682 1688.65 8948.89 71.1323 20.5199 128.064 17.4991 2078
12568.4 148.19 558.769 56.5209 3.39201 140.668 96.1562 23.7665
75.6836 1034.94 19.0956 30.2957 9135.11 2067.45 239.835 305.531
69.5101 611.059 10562.6 796.974 251.362 163.512 34.704 621.38
319.266 3.62486 11080.2 76.1769 1410.37 378.823 22.3812 150.426
215.56 12012.4 160.228 208.303 106.375 114.976 135.747 262
0.0591051 30.4417 2.04327 0.080459 11511.2 154.497 192.08 508.445
10485 629.661 258.916 1316.3 24.8442 132.423 185.369 491.195
413.268 2.4951 2771.14 216.787 8454.19 879.895 534.366 134.403
14.3714 506.133 116.884 12060 71.1924 396.734 181.345 268.281
11.2375 103.379 2388.89 68.3378 248.437 42.7306 9828.28 193.829
4669.84 84.2865 203.189 6294.49 102.083 127.162 967.132 1483.95
3665.22 1735.43 3588.72 842.065 277.555 3129.28 83.4206 90.2062
1071.46 52.1485 6973.75 374.66 137.233 34.7025 4455.13 406.303
593.572 438.617 7222.69 21.0661 2707.36 1938.62 33.4487 124.355
10035.1 1122.82 1041.9 13.2275 425.083 338.543 49.6896 30.9881
1507.77 80.4203 1069.52 6060.71 1228.41 38.0158 3100.25 26.706
756.31 2693.55 18.3861 10.1311 4.36247 2945.79 7.12415 7580.17
154.477 8608.42 8.07068 1745.94 78.1786 358.265 2340.39 398.323
203.807 24.4308 11293.9 287.452 449.845 137.034 1165.06 167.067
949.671 189.108 60.3197 9671.49 799.479 1439.89 37.9044 249.464
1885.75 3897 257.402 6757.47 176.36 135.562 131.387 42.0056
332.105 11409.6 185.051 622.889 7.22582 143.739 77.2164 853.115
9440.21 2753.56 73.9377 5.53908 263.561 70.1116 643.181 45.8869
1048.61 2107.86 133.911 3681.14 151.805 3711 912.915 1488.04
82.3672 19.5584 4601.95 59.8538 429.77 4305.09 77.5654 3216.72
1419.91 824.385 964.141 3589.46 148.025 3618.58 825.252 1442.76
16.6139 7.3134 382.194 10.902 3195.35 4167.86 3672.33 2019.16
41.1399 13.2093 830.611 54.6476 7199.53 72.5222 5133.53 290.357
21.0813 304.656 1460.66 1769.16 980.644 427.966 5469.61 2536.52
8586.69 2966.92 64.4084 157.452 125.463 350.849 16.9943 615.619
254.015 3074.55 1790.54 464.083 179.79 124.688 502.251 7042.86
247.828 3973.14 46.0904 334.12 154.012 2.78325 5.17859 7910.58
464.797 1709.96 1132 3349.86 561.997 1533.24 4630.25 575.867
0.491441 97.399 2.28595 450.305 25.5501 7115.17 57.7094 4740.37
135.564 4293.17 1967.78 174.656 86.7362 29.3839 5535.61 502.431
1.04399 0.891967 31.6514 0.0283272 2.20697 29.5389 8992.76 3514.97
1448.62 2896.13 184.323 519.101 104.032 2843.34 1916.67 3583.22
19.6348 2.653 1.12136 12.4478 284.105 5621.36 35.8059 7235.65
11071.6 835.564 183.504 54.8543 25.2893 672.948 5.61008 227.965
1183.92 716.301 962.464 150.85 7697.2 20.615 1649.16 804.542
442.975 90.9529 3.29774 11774.4 91.1261 617.724 117.002 109.845
2839.87 1.10996 90.559 6.89772 6558.18 748.678 61.9626 2741.84
1.74052 6.51107 0.307117 9233.12 715.586 1522.39 8.56297 1157.46
2.13511 0.256812 329.692 7539.5 296.235 91.2984 5245.47 147.901
160.621 672.875 5977.6 74.6951 381.203 1600.27 4691.31 455.005
2268.85 3645.26 171.99 7154.73 9.83501 191.836 77.6257 193.796
19.9632 2.59942 7547.71 17.7169 761.013 1204.76 120.856 3992.78
5.62609 0.205068 1.33159 0.76336 22.1456 13556.7 434.384 50.6307
737.015 31.4595 3995.52 5397.13 9.77217 1353.55 66.5496 1039.64
2998.54 5123.76 64.4527 369.578 1059.01 2184.07 325.057 910.26
0.030578 1.64237 68.7401 1483.99 10144 159.287 43.2809 787.175
9.60835 67.7087 1028.42 5238.78 221.921 5955.49 139.571 215.008
9700.25 1216.34 2049.72 418.874 38.2882 50.7584 103.054 196.473
0.000912919 5.90228e-05 0.000138534 4.06572e-05 0.00015306 4.04029e-05 0.000702677 12338.2
0.000136874 8.1223e-05 4.25124e-06 0.00210881 3.0766e-06 2.46434e-05 2.4312e-05 14362.6
6376 833.086 1267.79 2273.83 1079.94 1707.16 84.437 43.8975
5749.15 1886.28 129.064 343.604 130.29 3885.94 1546.87 3.6308
273.834 3800.7 1730.38 354.938 53.0224 12.2135 7175.56 326.11
179.487 2172.48 1486.67 356.46 2896.44 2898.91 224.113 2810.58
126.289 1810.46 236.208 9842.19 95.5163 131.291 1409.1 197.54
493.868 912.791 141.291 39.35 328.634 8346.33 1022.88 1400.89
662.547 9060.02 204.61 266.218 144.547 1694.06 5.07947 221.748
0.266088 92.7584 40.3683 3275.03 7080.35 2217.92 187.583 230.22
33.0005 1277.03 7999.84 1230.88 4.10346 93.9772 2412.71 330.806
484.838 64.4652 361.63 7977.53 2357.54 46.1486 70.1323 2301.68
515.308 311.775 418.919 65.6584 8178.78 1817.86 1737.83 316.037
20.6964 1.35462 1.85526 0.613465 919.654 11789.9 30.8493 206.361
9367.6 1169.35 711.869 497.797 165.053 124.723 117.628 1700.34
697.492 205.204 668.151 68.8778 12072 46.7155 51.1272 157.874
9978.23 1072.15 275.149 1016.62 119.879 241.227 55.8187 139.092
0.018706 0.00705072 5.44448e-05 0.00259709 7.6016e-05 10882.8 402.742 455.378
3740.38 1235.07 1582.77 30.9147 4372.54 673.627 91.0794 718.378
487.813 14.0958 2744.58 3519.58 109.599 6152.69 254.328 48.3845
4527.21 1564.27 93.5885 84.0673 5233.54 337.123 124.931 680.119
25.6444 8.36222 3428.44 506.131 470.089 5212.65 2188.76 876.309
387.651 9455.62 1830.87 15.773 1027.46 146.165 5.9758 100.246
0.293652 2.85399 0.0308438 246.28 1295.18 2051.4 8790.39 753.108
1894.41 80.5073 127.695 9448.31 108.982 123.098 994.63 1014.75
612.495 4027.77 57.5524 209.901 33.3568 1097.89 148.491 6792.97
7234.58 1256.69 7.82051 1525.82 74.5212 341.505 2230.9 379.689
412.855 2.08413 284.776 4.55832 26.5883 12840.4 81.7883 173.071
94.5208 0.977084 2057.74 2372.63 262.207 4683.16 4.39989 2986.33
55.1657 22.0437 5705.67 46.2535 130.72 266.934 3150.63 4359.88
434.511 10.7459 3532.76 4334.78 134.654 39.3898 4374.15 466.221
5166.12 334.865 163.757 103.006 1783.67 74.2367 3905.56 946.366
1.67078 0.0710631 0.397763 0.228025 6.61516 4049.54 9338.9 48.3785
3494.28 424.314 222.377 209.832 52.2427 22.8696 8252.47 709.378
44.305 1.79779 4.86774 3628.32 0.866813 38.4946 7790.11 719.379
1223.19 5805.84 4375.05 54.9321 964.775 144.004 134.084 33.5521
799.785 792.505 743.314 22.4643 149.767 12.1005 6336.16 4313.52
359.791 12786.8 82.5805 71.593 253.967 75.8043 15.1055 106.189
638.248 10919.1 458.83 8.47437 8.93167 143.242 1543.45 139.235
5.24311 705.528 99.1374 19.6839 11.8468 10723.8 178.81 1032.27
1149.24 419.889 713.253 98.7772 151.233 22.431 6423.87 4373.24
6842.46 162.532 1417 2208.46 1984.31 5.58692 585.107 326.879
724.362 3431.58 326.036 167.9 351.136 403.429 7921.81 101.19
105.733 6578.26 2668.66 266.666 2973.73 157.236 9.4379 204.492
375.822 7.77481 6.01448 3987.39 41.7472 50.6191 658.568 8467.99
292.041 160.269 5249.61 125.416 5852.09 77.8581 139.273 1326.21
10.6361 0.256255 538.989 12484.3 195.667 68.6781 70.5613 164.696
15.8045 571.503 39.0729 50.3522 8009.1 1266.79 1364.26 1579.68
2585.22 947.336 155.221 17.2198 213.977 34.717 9592.42 23.4432
3031.06 1326.13 766.739 138.011 3361.58 2061.29 202.05 2319.93
51.2407 12661.7 77.086 378.565 9.78139 156.869 14.7783 103.989
7724.87 639.972 51.7704 254.132 1139.01 374.718 756.568 1327.5
1763.36 13.0988 5772.61 35.9775 661.049 4137.72 29.9487 769.245
736.646 292.553 2566.24 197.915 757.167 141.172 108.416 8605.81
0.000125544 0.000640256 0.000514507 0.000105448 0.000306201 5.05035e-05 0.000333261 12509.6
2307.44 205.98 6814.53 79.4676 378.027 2672.67 92.2219 25.4001
6175.16 360.628 4485.56 71.7991 418.798 325.858 179.842 965.518
92.4035 38.2044 312.058 4373.51 1681.98 1605.2 4798.66 257.122
957.811 7735.89 155.94 371.925 1623.84 2228.55 17.0499 260.281
10919.7 655.769 274.934 887.108 24.9376 20.8282 184.448 510.135
520.389 4340.52 387.515 232.26 5152.58 120.592 2496.77 33.3183
2143.42 7449.76 116.541 1571.5 76.6762 122.404 206.612 280.076
352.476 11.0438 12423.5 5.34823 120.269 144.662 93.6579 13.4744
4.26734 0.0670996 146.806 121.624 12569.5 200.979 93.6444 200.028
4.46768 26.7678 0.660211 43.2913 63.3977 1.53198 11552.1 229.709
10623.6 1256.77 1200.29 5.86934 226.992 22.5914 17.0343 40.1563
1254.29 22.3559 40.3928 8105.48 154.51 162.847 131.56 3819.36
179.642 23.0218 2602.42 363.928 239.033 4717.98 1875.43 3066
0.000341943 1.45316e-05 6.07985e-06 0.00162918 1.87919e-05 2.14767e-05 0.000210138 13512.6
231.198 13233.5 209.418 5.77655 169.64 216.27 102.423 18.5384
3.21175e-20 3.42273e-19 2.71615e-21 4.59741e-15 8.03093e-11 7.07891e-09 0.195626 9617.44
279.063 12.4841 36.0732 5248.27 13.0671 7269.55 113.108 445.203
6985.53 492.131 1634.34 656.429 382.61 410.309 889.913 1385.96
110.863 10477.3 383.741 392.739 676.292 1316.19 242.348 11.759
4418.47 1452.49 4724.13 1016.11 1017.27 141.037 239.809 163.86
0.0100824 1.99824 0.0468986 2.26589 360.905 4511.29 2654.26 4606.92
173.948 0.00406459 635.3 31.1041 31.7259 10554 1268.77 63.8542
25.0173 7.30619 11582.6 13.7355 952.45 8.74122 46.7848 784.298
2084.6 4190.34 2926.05 272.011 1158.66 1923.98 256.931 969.712
795.499 4.69544 25.318 4705.85 8.38647 4227.8 131.933 3879.29
1123.59 42.5881 153.213 6941.25 2119.19 163.962 65.9549 2115.53
8.37382 138.444 18.3456 8292.99 4581.6 38.3637 253.502 7.40161
1372.92 103.613 22.7553 10481.6 166.013 671.627 727.023 105.512
176.577 59.121 16.5865 238.683 10832 50.4585 1291.13 138.496
442.847 170.246 4086.39 10.7339 8379.24 87.1357 601.609 139.528
214.853 14.6586 1767.62 10243.6 444.784 182.732 382.088 356.6
725.174 4768.75 68.1401 253.977 39.5305 64.3078 106.535 6616.16
9752.32 503.419 338.701 337.471 176.381 52.5116 1133.61 949.508
8.2039e-05 2.46332e-05 0.00207003 4.76632e-05 2.09868e-05 2.3705e-05 1.70612e-05 13777.6
26.0102 928.514 114.702 7844.45 2014.97 1309.81 189.112 51.8618
537.167 9279.97 30.4457 36.1249 35.7714 2752.24 454.546 182.189
4808.94 1543.19 338.941 489.251 2632.6 74.2793 1128.71 1337.29
339.239 9.72862 567.866 15.4973 11781.1 204.19 32.8816 117.187
30.0217 270.945 2817.84 22.7357 264.504 2835.98 108.758 6970.64
10779.6 1206.12 180.073 15.6398 423.984 337.667 96.0075 99.4143
698.119 119.599 6537.13 32.7469 431.506 3873.3 67.4567 1252.86
828.344 5273.93 93.7544 136.373 5339.49 129.027 124.521 677.886
9.62724 66.3356 1010.41 5147.02 218.034 5851.18 137.126 211.242
43.2172 2.91021 485.286 1.52426 173.225 9156.61 23.8933 2683.85
5.54751 75.8596 6424.66 175.698 96.7061 6205.89 22.8065 101.746
2369.24 153.622 356.814 372.344 56.7863 122.192 9509.11 220.845
4579.38 330.82 919.735 6046.06 164.56 665.747 720.658 37.2737
5.03506e-13 2.67946e-12 1.76134e-14 1.35011e-13 5.78543e-08 0.000564528 12002.9 42.8167
10.9278 0.000255346 700.419 4.77254 27.0356 13056.4 83.1641 175.983
0.000218721 2.8547e-05 7.06161e-06 0.00066884 0.00029241 8.77e-06 3.83437e-10 10859.1
9.56656 1.15067 530.323 12283.6 580.111 149.836 30.5837 167.358
1292.43 2.97831 6275.93 50.7972 4756.61 357.277 651.838 169.919
109.66 542.89 2462.27 3189.29 163.425 1149.43 527.611 4672.55
6040.63 36.5205 20.2028 452.528 1834.94 4431.28 93.346 550.796
452.244 27.1589 7.13005 4957.21 355.842 6941.61 694.348 518.835
17.0979 5099.65 31.0257 306.849 3769.02 66.9457 830.143 2598.34
285.243 9922.82 55.047 300.646 387.816 156.896 17.8557 2102.43
751.673 1510.97 95.991 2638.74 108.818 2660.15 1861.73 3489.84
1093.53 1049.12 7330.98 111.724 2136.04 356.731 664.901 780.67
2690.99 175.477 8176.35 784.462 96.9133 266.016 112.459 686.958
3.03816 0.122449 2.26892 101.681 8.65048 9646.76 16.0142 2392.36
4309.15 1380.61 3893.65 62.3697 94.449 129.746 2942.01 15.6643
4371.12 198.996 304.044 5796.56 8.11922 599.083 207.572 1557.47
60.1557 100.61 16.148 1620.86 372.21 9453.04 78.5035 1452.58
4155.75 35.6851 4268.85 1518.46 279.087 3293.34 142.98 25.5226
44.2285 117.734 2.37136 25.9124 168.397 7614.67 1776.09 0.286337
3455.96 3269.18 2762.34 440.944 1913.37 1373.73 29.4971 27.1798
23.4401 4411.18 3157.55 894.922 1169.72 311.143 2952.45 128.699
8284.26 90.453 997.623 103.707 2077.79 911.598 176.883 247.256
223.918 4.01498 13.6851 4592.18 94.1156 8056.25 80.7941 67.7045
2111.35 623.387 1837.35 4202.27 1886.08 290.521 1541.87 330.28
0.000202813 0.000818853 2.91773e-05 5.48284e-05 0.000794984 0.000179663 6.51507e-10 11893.3
23.9126 198.516 874.307 2862.69 2.92121 65.4863 540.838 7790.95
3.51438 58.4791 947.437 6.42978 7783.8 78.4076 4692.74 12.5973
7707.5 838.545 1291.79 264.24 1946.84 19.846 1021.16 125.646
3.83925 1.23638 81.7671 1912.62 69.9648 9224.07 2057.77 43.0242
313.07 22.0558 73.2462 9135.2 380.611 478.837 869.725 1476.94
1327.35 74.6439 7692.35 2623.14 218.667 57.3279 1492.04 30.4476
474.657 29.6137 21.1049 11896.5 104.962 33.7249 301.814 127.095
49.6802 12276.1 73.4798 8.10443 737.875 138.765 100.435 104.257
0.00233737 0.0202953 0.0143994 2.40462e-06 0.18762 0.000518871 0.0086254 12740.8
7130.5 287.386 5325.1 30.369 893.682 46.558 77.8932 471.765
26.9568 6661.12 124.809 36.7879 1029.67 906.315 4767.11 106.677
54.087 13365.1 81.3679 6.00952 30.0379 163.552 15.1826 106.834
533.469 12423.7 78.5663 7.41351 83.9599 70.5973 14.6258 102.916
7502.03 3003.41 1599.39 1204.55 375.445 157.571 123.048 21.3453
53.8252 2469.03 1128.93 4106.88 4947.32 37.3817 247.013 1.7443
373.269 2376.54 58.1215 3811.14 5581.21 134.868 111.339 244.526
44.1803 117.605 23.1693 28.9032 189.222 8558.15 1996.15 14.0819
0.223565 0.0302074 0.0110794 0.121503 281.993 4961.08 31.6002 7684.72
6279.34 123.962 3243.29 508.33 271.631 20.068 1605.41 783.195
0.0713772 0.00347396 0.412416 954.924 15.4761 6979.63 4109.91 380.299
8793.24 578.522 295.69 1870.48 1651.57 116.775 3.7013 252.159
124.036 254.434 15.3508 4902.57 5088.41 2261.62 1200.26 276.847
5418.7 1594.2 5034.37 51.1053 977.088 44.8114 74.5232 796.498
529.357 978.383 2.93316 38.4024 320.72 8145.34 1143.32 1381.69
11712.9 457.034 344.219 15.6537 211.081 276.922 135.412 140.56
343.729 53.879 5440.3 1710.45 2094.33 1277.94 86.1897 2222.29
8.39339e-05 1.73037e-05 1.19573e-05 3.59454e-06 9.41256e-06 1.08554e-06 13668.6 235.57
151.423 3694.18 2031.06 238.692 72.73 5129.4 1587.58 220.384
16.783 70.3074 10082.4 111.525 569.164 2389.32 150.812 449.358
742.01 8090.24 206.901 1991.28 210.258 532.629 12.3031 1069.74
112.798 3259.39 203.867 419.626 866.159 561.746 6751.47 523.548
132.611 3831.91 239.677 479.533 78.8974 550.283 6613.7 495.874
125.693 885.743 154.665 5524.75 136.168 6270.07 144.028 224.85
91.6368 10142.1 616.509 238.656 500.208 1047.13 160.326 188.619
19.1143 5461.68 2378.41 708.658 3263.69 103.297 1056.02 7.55414
405.311 4682.7 3481.86 502.226 316.518 124.355 2808.04 178.274
857.44 11547.7 75.2191 5.63508 268.129 71.3267 14.2132 44.4653
5.80623 142.137 5.14132 3492.69 1555.45 214.045 3012.83 4982.58
5302.53 94.7827 2453.37 339.764 144.841 87.9167 249.677 4224.29
1711.06 7836.27 135.408 1031.92 3147.68 23.714 77.9778 78.711
51.1401 2345.86 1072.62 3902.01 4700.53 35.5169 97.8038 97.1794
4.10419e-07 1.17157e-08 7.11004e-07 4.07727e-10 0.000121606 1.95932e-06 13390.6 121.649
5912.46 227.13 3842.46 176.98 1776.9 19.2726 131.173 721.436
191.858 3171.98 1461.72 4467.01 2264.03 104.372 1361.54 1.74862
1547.76 58.3442 6866.26 600.435 2406.43 1017.57 162.348 70.4463
193.166 6985.03 452.289 560.262 853.889 1010.22 1341.3 1626.71
4993.95 2080.21 4125.75 1040.04 345.278 272.295 1110.69 21.3495
5.61557 3.39757 128.404 1372.49 9414.96 376.26 1944.46 320.869
1206.42 7933.43 113.36 422.524 65.764 106.299 177.223 3324.38
644.458 11025.4 463.295 14.2758 9.02283 142.993 1576.12 141.998
2740.77 5509.35 67.3652 32.1121 1033.42 2131.3 174.456 877.55
2052.87 248.768 10231.2 554.618 195.541 149.563 48.5216 32.2731
893.588 1633.68 9825.07 145.673 142.68 315.869 255.565 80.8936
35.4117 190.411 1155.13 4053.17 106.438 655.7 57.0065 5737.7
1.3615 46.9569 10.207 1107.36 11704.9 111.776 103.385 174.764
302.22 38.2002 28.2442 8802.57 2322.56 572.455 103.307 169.137
3.01076 106.77 1794.84 2166.74 2935.88 5550.54 188.555 485.619
6.57221e-06 1.35492e-06 5.51691e-06 1.23383e-06 1.18564e-06 0.000102401 12699.6 218.871
23.56 0.857798 5.57602 0.275598 0.0135564 13651.9 67.9289 49.6521
6.93145e-11 7.71728e-09 9.2838e-08 3.4961e-05 0.597313 1103.18 10760.8 692.686
269.321 3504.66 2511.38 583.666 231.399 2406.26 110.746 3155.61
8.69906e-13 9.68529e-11 1.16513e-09 4.38766e-07 0.00749635 13.845 10929.3 1287.25
198.064 6272.48 4422.42 1332.32 161.368 54.667 602.972 536.194
1582.69 3139.92 66.9926 72.4971 63.6786 32.2396 7636.25 62.7151
303.752 1193.13 67.0399 4622.42 192.45 16.0228 6573.58 257.68
12138.3 753.271 77.3169 40.8193 207.792 249.577 17.2016 105.295
11.5325 282.317 160.96 3932.54 1871.84 257.583 2078.03 5157.84
85.1651 802.416 7775.67 400.458 1465.74 1383.1 61.8502 1214.02
400.762 15.3135 6.00889 18.8667 167.985 5455.5 14.7046 7255.67
39.9109 388.107 9423.68 1738.46 65.9906 552.315 30.8837 356.309
20.5412 117.501 2256.89 2724.53 246.097 4424.36 120.15 3909.6
17.0908 0.374475 368.208 8676.09 536.107 3943.81 7.11193 415.507
124.952 898.424 5531.91 163.749 5315.5 181.168 606.05 183.046
10.3659 2561.45 162.047 1.23439 225.206 9998.69 16.6637 101.073
179.345 623.336 9526.92 1671.83 81.5713 130.218 219.802 297.957
65.0255 0.496566 29.7833 1796.09 112.213 58.8396 6180.83 4015.04
3192.68 63.545 2338.23 28.8189 3345.66 1069.08 61.8468 2994.78
0.658843 0.132298 15.3764 16.0116 8.8752 819.727 9245.62 2456.93
51.9241 20.7484 5370.39 551.233 134.424 274.498 3239.9 4483.42
0.28054 1.72761 32.723 4.69342 13727.9 139.759 87.1444 17.772
5859.66 734.127 5305.75 1141.21 184.436 147.829 121.522 168.258
179.23 2362.88 1606.86 385.278 4261.24 3042.46 108.715 1300.28
8906.79 763.995 319.383 318.223 154.824 49.4622 1067.78 894.368
9.46987 4.71966 0.232953 0.0282044 86.8667 1.41809 6220.2 6693.22
839.328 2417.5 94.8095 3749.47 154.627 3779.98 918.204 1514.22
391.689 6475.75 150.367 692.829 5009.71 87.3416 243.111 47.1267
355.178 7.78229 19.1191 8595.24 337.848 3827.65 114.182 194.984
119.584 14.5876 17.3404 2461.91 1.87284 1429.12 8543.97 64.5311
81.7871 5.61997 60.5732 7430.21 62.824 37.7291 1953.98 3734.33
116.198 35.9944 9974.54 24.3667 623.553 2507.41 19.3553 489.513
1.40908e-10 1.50454e-09 1.27345e-08 1.10431e-06 0.000120013 1.53007e-06 13171.8 110.312
18.2557 60.7269 18.0363 1.71934 325.825 3533.27 9107.19 40.3751
2545.28 8944.12 327.818 378.348 485.701 70.9194 301.588 102.629
0.000325252 1.38224e-05 1.56958e-05 0.0015942 2.11877e-05 3.58637e-07 0.000166204 12877.2
18.668 5567.97 33.8749 81.289 4450.18 137.812 5.77838 2643.23
3535.84 6091.57 358.245 85.2406 1206.04 457.545 992.881 82.3971
4266.3 3045.45 91.0055 821.957 3438.93 463.643 773.67 391.55
1676.24 67.5588 1251.82 10164.6 92.1582 45.597 75.5325 457.467
3589.88 1556.44 3070.77 763.049 302.314 50.1136 796.119 2786.95
2.01799e-10 2.24678e-08 4.29216e-07 3.38792e-05 0.584866 1080.19 10536.5 666.862
3622.76 1188.62 68.4112 215.947 1511.16 3190.45 1418.94 2347.08
831.481 12.0863 4012.12 902.812 67.6168 101.265 38.6549 6264.42
17.01 1378.27 726.274 2068.86 353.116 934.997 2898.47 5245.83
2844.22 121.861 139.028 20.0548 40.93 62.5476 7355.65 1202.94
2686.49 1917.72 2142.15 749.075 3134 1918.83 800.527 392.487
56.1522 0.544863 2.81669 31.6465 5440.28 59.0652 31.2225 6976.56
0.509311 145.529 63.374 8455.5 3526.79 107.981 1088.3 1.67513
660.657 34.1554 45.6407 1929.16 18.1241 7900.39 164.962 2094.22
4901.23 208.289 330.373 5687.7 104.988 118.587 958.179 977.559
259.841 3755.09 281.591 4255.08 727.739 875.455 2666.63 189.991
1747.95 3455.04 24.8881 5074.98 134.936 68.316 1526.89 401.37
491.565 11715.5 74.0183 5.54512 174.772 69.6899 13.8871 97.7181
382.654 2466.27 5.24429 62.8194 2431.88 59.1289 6857.82 518
411.589 4981.81 3114.81 790.083 313.024 207.951 837.637 2932.29
76.8382 8.93581 992.517 98.1182 6244.46 103.554 4984 133.929
22.4298 2907.59 1705.33 5940.67 831.579 13.8604 488.059 1157.31
1712.67 479.406 84.3388 98.519 153.469 21.3056 5904.04 4432.53
2499.75 313.071 10399.2 218.486 200.667 153.484 49.7935 33.1191
19.3809 110.864 2129.4 2570.63 328.154 4253.57 72.5923 3680.46
1829.01 77.7279 66.9101 1924.96 7137.83 116.516 941.447 960.488
10.8426 262.741 184.41 5581.28 203.447 2115.59 97.3685 5006.42
484.677 2735.9 86.0919 4.36153 6.78251 527.271 21.6574 8725.25
2298.84 839.91 1425.75 197.543 302.45 44.8594 4231.76 4232.99
57.9623 2269.1 306.139 308.989 2055.84 576.479 6921.6 537.354
5.95252 26.1981 0.319632 3.46046 7.59652 13895.1 78.314 50.6154
6322.29 44.7146 4682.47 516.796 1017.19 636.088 14.2458 140.661
22.636 298.422 3726.27 89.0226 3887.3 3505.1 175.609 1304.79
2470.99 322.761 489.24 349.88 8092.19 2050.21 69.1074 45.0928
1.89225e-14 3.54471e-14 2.60042e-16 1.13001e-15 9.67128e-10 8.48769e-05 7047.12 4409.36
61.6115 442.997 4225.64 104.044 4543.22 3415.33 164.071 184.975
7.94462e-06 3.32017e-07 6.22371e-08 1.97247e-06 0.000156614 1.12652e-05 12396.9 48.1927
66.7006 27.0188 4833.56 618.182 124.358 376.876 3265.95 4076.91
671.579 6175.53 1569.13 2257.56 1150.97 1925.58 85.0458 49.4805
2292.64 890.732 112.176 3115.68 3816.02 2346.69 137.814 595.599
3.92391 0.0537811 29.4458 2132.03 9.27287 9394.89 1686.22 110.786
5.85993 209.05 26.2501 246.668 10762.7 49.9541 1282.85 517.247
60.8642 7.65443 682.419 5897.34 1862.65 873.591 198.42 3393.47
11.0514 5691.98 3761.15 23.3984 2532.2 51.7061 198.207 524.664
158.752 9.88162 21.2817 3085.92 2.33383 351.542 8679.87 29.5882
3191.12 70.0915 232.746 412.814 496.829 28.2284 2304.31 5866.18
4.50696e-05 9.89931e-07 7.78559e-07 2.16732e-06 4.62364e-07 8.06916e-06 0.00216282 13381.3
20.6266 0.34627 229.229 0.340347 12015.9 121.539 54.1998 12.4578
883.746 25.5366 4972.22 6355.39 198.217 399.299 250.542 405.865
5105.93 279.033 339.3 422.331 775.213 773.118 3929.61 1659.31
3831.61 3435.39 2992.48 755.476 51.1373 124.638 610.739 1056.88
293.372 5.6318 1529.47 2152.46 294.112 570.328 2311.76 5596.1
346.964 23.672 165.286 7.78074 6462.36 94.2632 5656.79 344.169
7919.9 1031.31 1479.42 287.814 2012.61 20.9696 98.8256 117.32
105.373 35.8592 1923.08 14.8853 352.435 10403.7 139.363 107.333
1.7521 0.571987 17.2046 1284.26 7.11851 98.6905 11276.7 106.026
403.363 5588.53 174.252 7292.45 9.99676 194.99 78.9024 196.983
12.022 974.108 29.6562 3225.94 357.439 501.247 2698.42 4853.13
1730.01 7964.17 59.9504 212.781 606.83 2302.77 16.7924 256.35
1.74898e-09 4.26688e-08 9.56474e-07 2.13935e-07 0.000198626 1.12171e-05 12609 25.5556
628.497 3939.74 871.583 6460.72 944.628 21.8611 69.8666 119.867
6140.63 226.185 5109.77 46.7634 930.647 42.6815 70.9811 758.641
17.558 3.80057 15.3327 0.0873814 12806.6 71.2327 47.9914 442.811
931.971 80.1672 6.26417 4914.62 197.167 114.068 463.864 5892.61
3.78033 156.794 20.7527 2327.44 643.088 1722.31 61.8656 7407.54
4.70187 1630.49 56.8262 1979.81 1566.57 122.19 2982.4 5103.79
7539.76 478.196 3449.2 93.7872 1182.92 142.449 77.9352 255.319
218.447 2606.36 7121.46 1550.94 122.173 116.676 1075.74 372.974
7382.81 3571.59 43.9594 350.144 170.446 49.185 172.074 911.901
2788.32 2065.98 2172.22 229.344 2733.64 1803.83 813.182 385.448
168.657 55.8349 1.15254 12705.1 109.198 113.459 274.859 197.082
864.021 42.4522 26.9844 2496.57 1060.73 44.1068 2198.63 5350.07
7942.2 513.485 1205.22 356.472 1331.95 351.593 77.294 253.796
171.835 1794.62 6238.35 161.611 2532.08 1006.44 78.5549 997.543
28.4725 7035.66 557.247 41.1535 108.996 893.913 4577.41 103.699
1.99457 77.1844 483.516 85.3186 3948.43 5397.94 2266.56 911.386
40.8553 2104.58 89.8447 2728.75 108.092 2642.4 4737.98 562.389
297.087 146.018 5142.77 122.864 5733 76.2736 136.438 1299.23
968.631 4.50442 2211.65 101.12 6302.94 2329.9 651.262 141.193
4.8299e-08 1.517e-05 5.20591e-06 0.00156131 0.0419418 2.34523e-07 0.00134482 10285.8
0.0185336 0.00718851 0.000717092 0.00266028 1.39011e-06 11118.4 411.46 428.4
0.000387713 0.00150268 0.000198215 7.79628e-06 0.000170686 1.02769e-05 1.06277e-05 13080.6
10.2456 59.2799 12058.7 293.399 193.646 15.4653 394.848 686.992
14.6279 65.4553 4756.91 23.1201 415.769 7969.56 146.896 243.279
3515.56 1687.53 3559.61 820.832 270.556 3339.44 139.206 65.6596
4761.8 1562.33 89.9205 283.843 105.296 3285.25 1287.13 2431.4
63.9624 8.40358 5214.56 143.05 462.998 5339.44 1522.22 854.904
1033.77 8765.92 56.8365 698.531 2044.75 19.8692 7.1803 196.898
6.73914 1.10765 565.426 3026.01 64.4766 8643.13 156.27 726.174
3300.17 6633.83 81.1147 296.079 1261.18 445.963 245.936 790.35
1341.98 4860.85 3.99861 978.704 1370.06 609.763 1061.95 10.7975
15.9884 3.87278 285.153 341.94 7408.48 409.624 4103.64 450.036
39.7965 9833.84 1836.52 15.8217 965.508 145.868 5.96364 100.042
228.941 14.5237 14.7975 12967.5 109.643 33.3796 114.021 112.684
0.00435076 0.0241146 0.000460536 3.53813e-06 0.681597 0.00737907 0.00329335 12085.8
1935.39 8863.68 185.407 1170.65 887.023 866.681 79.0023 50.5105
456.945 2909.29 51.7183 3916.6 4146.84 127.695 122.497 666.866
8713.84 3491.86 434.887 81.6412 97.9065 119.801 164.137 33.5338
50.1243 5.82915 1046.2 100.29 6382.67 105.846 5094.31 136.893
8447.3 523.851 635.42 754.337 106.108 376.261 33.0092 2883.76
11927 465.391 311.162 15.1887 71.9308 278.006 135.942 141.11
26.5556 228.199 9070.56 660.884 1934.54 18.6789 201.147 249.927
3.04115 5.62079 84.808 1441.12 365.853 8278.87 984.338 1385.81
14.7743 520.322 9278.73 1168.16 61.5742 320.415 1462.17 257.817
2203.86 5.07865 9280.91 78.2914 436.731 22.6516 615.577 467.312
3.91191e-08 4.35541e-06 8.3204e-05 0.00205167 36.4446 8760.91 1476.28 438.327
1.10676 0.37664 20.1987 1383.06 389.754 7658.42 1722.21 2256.28
31.917 15.2686 1.94676 0.269421 6716.22 646.871 3634.46 1785.9
92.8642 806.337 614.121 40.1095 10570.8 28.4281 16.4739 800.983
5057.05 53.609 348.295 2894.98 2477.39 33.0658 78.6549 2289.9
604.387 16.4899 6.20216 29.3556 27.1899 12374.3 363.877 89.6721
0.814106 0.263889 8.39724 1312.84 7.21965 100.093 11436.9 107.533
3469.07 194.511 160.979 17.8585 136.763 35.2503 9739.79 23.8034
2898.71 1916.22 2442.78 147.2 2787.05 1811.34 298.021 86.7475
3351.18 135.306 52.6022 17.9549 2.34679 195.676 7437.52 731.914
15.6427 636.88 5894.89 144.013 1349.09 2781.3 168.197 1104.59
388.294 4486.1 3335.68 462.309 1196.57 130.717 2901.25 186.664
0.000856931 1.88221e-05 0.000550416 6.63104e-05 0.0001898 1.07839e-05 0.000495445 13189.4
124.809 4606.84 754.246 643.733 4333.04 1206.77 190.046 683.533
34.0242 1213.8 649.517 2124.2 338.885 897.317 2781.66 5395.2
5786.2 143.192 214.567 6604.45 335.196 296.244 80.6348 168.458
9269.65 265.235 1434.87 463.447 2203.37 22.4611 28.9171 131.387
262.444 6262.2 794.565 257.734 4531.67 45.687 553.786 765.175
97.4495 31.9241 5841.23 263.921 562.461 6332.03 47.0539 102.161
