103 2.78612
0.862422 0.855675 3.63657
0.801617 0.871602 3.9296
0.0644992 5.93816e-09 7.14076
2.67284e-09 1.18963e-06 7.50405
2.24801e-12 0.624202 6.79724
0.818442 0.253818 5.09378
0.627404 1.45881e-06 6.69752
0.297361 0.768454 5.47831
0.297361 1.25665e-08 6.802
0.22025 0.793815 5.28468
1.19464e-08 1.25665e-08 7.27159
0.801617 0.203826 5.29384
0.139579 0.00864354 6.81407
0.862422 0.822856 3.69662
0.667941 0.768454 5.35494
0.627404 0.792538 5.21548
0.135275 0.853747 5.24005
0.0665844 0.10527 6.9189
0.810822 0.0885312 5.41972
0.0847725 1.25665e-08 7.08472
0.0253021 0.239533 6.73275
3.05348e-12 0.0424165 7.02777
0.193875 0.801095 5.29967
0.763032 0.866883 4.01433
0.22025 0.116322 6.58833
0.848592 0.80182 3.88048
0.16655 1.45881e-06 6.73636
0.139579 0.866883 5.14497
0.862422 0.813277 3.77891
0.857976 0.819684 3.84313
3.05348e-12 0.136011 6.76869
0.0543884 0.692683 6.26244
0.862422 0.0668411 5.2301
0.748533 0.819684 4.38054
0.796437 1.18963e-06 5.92735
0.0170541 5.13681e-06 7.03784
2.5806e-08 0.768454 5.82048
0.862422 0.624202 4.99386
0.102921 1.30833e-07 7.00303
0.0665844 0.116322 6.8911
0.801617 0.782274 4.16745
0.803046 0.855675 3.80957
0.818442 0.752847 4.25692
0.818442 0.116322 5.36358
0.818442 0.183597 5.16823
0.0253021 1.30833e-07 7.18926
0.778447 0.749543 4.42232
0.102921 0.690148 6.24726
0.193875 1.25665e-08 6.87093
0.818442 0.853747 3.85678
0.182876 0.822856 5.023
0.117371 5.13681e-06 6.87467
0.713257 1.25665e-08 6.18959
3.05348e-12 0.0574765 6.9752
0.776657 5.13681e-06 5.64315
0.848592 7.93177e-06 5.40185
2.5806e-08 1.25665e-08 7.20451
2.5806e-08 0.253818 6.74073
0.102921 0.638477 6.59365
0.827741 0.855675 3.72224
0.748533 0.162584 5.67047
5.53716e-11 0.767773 5.83164
0.0737054 0.855675 5.26014
0.848592 0.749543 4.09779
3.05348e-12 0.176958 6.74976
0.862422 0.0424165 5.33504
0.0419316 0.749543 5.77905
0.818442 0.239533 5.13974
0.748533 1.25665e-08 5.94532
0.177917 0.684351 6.09943
0.840512 0.855675 3.70623
0.814205 0.743745 4.39064
0.700415 0.866883 4.41741
0.0253021 0.694569 6.26399
0.16655 0.855675 5.04102
0.0733125 0.239533 6.65531
3.05348e-12 0.708918 6.15118
0.814205 0.855675 3.74941
0.73843 0.855675 4.19442
0.827741 0.724671 4.33431
0.760695 0.136011 5.62368
0.827741 0.150973 5.12839
0.827741 0.150734 5.16661
0.0733125 1.25665e-08 7.11248
0.836408 0.708918 4.40649
0.694102 0.768454 5.07606
3.05348e-12 0.662723 6.4682
0.0410867 1.45881e-06 7.02424
0.818442 0.140056 5.26393
0.670236 0.768454 5.2147
0.690822 0.0595735 6.28806
0.809225 0.160336 5.2844
0.0737054 0.718611 5.9685
0.848592 0.65403 4.86446
0.680681 7.93177e-06 6.34654
0.718239 0.690148 5.42113
0.801617 0.728737 4.56978
0.814205 0.792538 3.97422
0.862422 0.699167 4.43303
0.135275 1.30833e-07 6.96391
3.05348e-12 0.866883 5.36539
0.827741 1.45881e-06 5.43754
0.182876 0.0424165 6.60996
0.682854 0.819684 4.73311
3.05348e-12 0.792538 5.5898
5.87722e-12 0.684351 6.34893
0.713257 0.160336 5.95224
0.0303657 0.855675 5.33375
3.05348e-12 0.646868 6.56062
0.818442 0.768454 4.19382
0.836408 0.662723 4.77548
0.690822 7.93177e-06 6.33381
0.0737054 0.0574765 6.83633
0.818442 0.638477 5.08959
0.731477 0.138476 5.73279
0.725794 0.73716 5.03084
0.713257 0.782274 4.74203
0.748533 0.793815 4.42528
0.725794 0.80182 4.59682
0.0170541 0.822856 5.37616
0.126588 0.819684 5.34216
3.05348e-12 0.0668411 6.95322
0.126588 0.669258 6.34188
0.801617 0.819684 4.03541
0.827741 0.775665 4.05976
0.836408 1.45881e-06 5.42307
0.848592 0.646868 4.91602
0.119951 0.767773 5.65655
0.0665844 0.819684 5.47971
0.731477 0.866883 4.22899
0.700415 1.45881e-06 6.14395
0.713257 0.853747 4.48441
0.0733125 0.183597 6.74804
0.117371 0.724671 5.76029
0.0665844 1.30833e-07 7.11963
0.862422 0.677065 4.61823
0.0303657 0.624202 6.69651
0.763032 0.722514 4.70318
0.22025 0.140056 6.47786
0.0170541 0.65403 6.47705
0.119951 0.670246 6.41977
0.848592 0.732706 4.22157
0.73843 7.93177e-06 5.91032
0.763032 0.822856 4.11578
0.725794 0.138476 5.92981
0.126588 1.60845e-07 6.97875
0.814205 5.13681e-06 5.458
0.627404 0.646868 6.23117
0.801617 0.696286 4.81707
0.731477 7.93177e-06 5.92238
3.05348e-12 0.699167 6.17157
0.669246 7.93177e-06 6.39883
0.799312 1.18963e-06 5.89898
0.0674289 0.0574765 6.94112
0.827741 0.176958 5.09492
3.05348e-12 0.677065 6.43385
1.8522e-11 0.773102 5.78367
0.117371 0.624202 6.50622
0.722015 0.822856 4.31759
0.778447 0.736489 4.46219
0.762692 0.670246 5.27435
0.690822 0.855675 4.60297
0.862422 0.775665 3.90022
0.713257 0.801095 4.62966
0.182876 0.722514 5.71905
0.803046 1.45881e-06 5.54084
0.177917 0.718664 5.83012
0.814205 0.684351 4.72274
0.827741 0.822856 3.76479
0.182876 0.150973 6.52651
0.627404 0.670167 5.98967
0.18213 0.708918 5.88756
0.862422 0.136011 5.06614
0.117371 0.0668411 6.7898
0.700415 0.150973 6.06204
0.0681308 0.80182 5.50928
0.837883 0.819684 3.90134
0.862422 0.670167 4.6862
3.05348e-12 0.724869 6.07682
0.827741 0.749543 4.21
0.73843 0.718664 4.88984
0.731477 0.775665 4.58558
0.762692 0.718664 4.87519
0.776657 0.855675 3.94521
0.627404 0.0668411 6.55019
0.803046 0.688998 4.66223
0.814205 0.775665 4.13302
0.862422 1.45881e-06 5.40856
0.680681 0.138476 6.13952
0.193875 0.162584 6.52113
0.0733125 0.673959 6.38367
0.139579 0.646868 6.36413
0.763032 0.736489 4.53736
0.700415 0.855675 4.49941
0.803046 0.775665 4.14658
0.837883 0.747082 4.28914
0.700415 0.699167 5.18609
0.713257 0.747082 5.03442
0.182876 0.662723 6.04614
0.801617 0.752847 4.38161
0.0665844 1.60845e-07 7.0619
3.05348e-12 0.736489 5.88371
0.669246 0.0668411 6.30535
0.810822 0.819684 3.94842
3.05348e-12 7.93177e-06 7.05118
0.0737054 0.677065 6.28688
0.827741 0.685036 4.65228
3.05348e-12 0.822856 5.43001
0.801617 0.669258 4.98793
0.862422 0.792538 3.894
0.0665844 0.239533 6.71968
0.827741 0.646868 4.96458
0.680681 0.749543 5.11688
0.16655 0.0574765 6.67296
0.862422 0.688998 4.56671
0.0419316 7.93177e-06 7.00117
0.818442 1.25665e-08 5.58058
0.837883 0.673959 4.76614
0.0303657 0.749543 5.79097
3.05348e-12 1.45881e-06 7.07572
0.801617 0.673959 4.92963
0.836408 0.855675 3.71526
0.700415 0.792538 4.65043
0.117371 0.677065 6.21277
0.102921 1.60845e-07 6.98004
0.763032 0.749543 4.4832
0.848592 0.136011 5.097
0.836408 0.646868 4.94462
0.117371 0.855675 5.15767
0.117371 0.150973 6.5709
0.667941 0.801522 5.20675
0.763032 0.855675 4.05568
0.669246 0.699167 5.5231
0.669246 0.646868 5.97108
0.680681 0.822856 4.62067
0.731477 0.792538 4.55171
0.0644992 0.696286 6.20875
0.801617 0.253818 5.20248
0.763032 0.708918 4.80788
3.05348e-12 0.732706 5.90874
0.0737054 0.80182 5.43965
0.760695 0.792538 4.2867
0.0674289 0.866883 5.3178
0.763032 0.677065 4.974
0.682854 0.673959 5.8066
0.778447 0.65403 5.05463
0.827741 0.736489 4.30603
0.0674289 0.646868 6.45104
0.731477 0.855675 4.24248
0.814205 0.708918 4.51974
0.0419316 0.718664 5.99586
0.801617 1.25665e-08 5.67841
0.0170541 0.136011 6.75399
3.05348e-12 0.685036 6.37472
0.725794 0.767773 4.82907
0.713257 0.140056 6.00878
0.731477 0.722514 4.90223
0.827741 0.708918 4.50986
0.814205 0.722514 4.44599
0.722015 0.855675 4.26787
0.827741 0.718664 4.41643
0.627404 7.93177e-06 6.68342
3.05348e-12 0.749543 5.83959
0.627404 0.65403 6.16288
0.748533 0.116322 5.70188
0.760695 0.646868 5.38592
0.862422 0.718611 4.301
0.182876 0.80182 5.17725
0.126588 0.720299 5.90677
0.801617 0.768454 4.32149
5.53716e-11 0.0424165 7.0132
0.22025 0.773717 5.38105
0.801617 0.0585234 5.59297
0.117371 7.93177e-06 6.82732
0.803046 0.718664 4.45087
0.16655 0.692683 6.03018
0.0303657 0.718664 6.03725
0.139579 0.775665 5.39878
0.848592 0.792538 3.91627
0.73843 0.80182 4.4028
0.848592 0.677065 4.75158
5.87722e-12 0.708918 6.12542
0.818442 0.673959 4.84625
0.763032 0.0668411 5.57991
0.827741 0.684351 4.67581
0.763032 7.93177e-06 5.7233
2.5806e-08 1.30833e-07 7.19463
5.87722e-12 0.792538 5.56495
0.139579 0.624202 6.39212
0.725794 0.692683 5.36135
0.135275 0.239533 6.51026
0.801617 0.183597 5.32571
0.669246 0.670246 5.95925
0.0419316 5.13681e-06 7.01966
5.87722e-12 0.662723 6.45558
0.700415 0.0424165 6.07451
0.0674289 7.93177e-06 6.96169
0.627404 0.624202 6.32533
0.177917 0.685036 6.02122
0.0737054 0.736489 5.81085
0.0737054 0.699167 6.09092
0.731477 0.732706 4.78745
0.682854 1.25665e-08 6.43227
0.810822 0.673959 4.91829
0.776657 0.662723 5.04651
0.836408 0.749543 4.1422
0.690822 0.767773 5.08597
0.776657 0.822856 3.96129
0.763032 0.0424165 5.65521
0.763032 0.718664 4.79647
0.803046 0.677065 4.83441
0.803046 0.0668411 5.46959
0.669246 0.866883 4.73787
0.848592 0.775665 3.91724
3.05348e-12 0.775665 5.62035
0.776657 7.93177e-06 5.61561
0.0419316 0.736489 5.86301
0.680681 0.684351 5.66615
0.837883 1.25665e-08 5.54722
0.0170541 0.736489 5.87017
0.669246 0.792538 4.94095
0.16655 0.749543 5.48603
0.778447 0.150973 5.34315
0.713257 0.720299 5.14737
2.5806e-08 0.696286 6.3155
0.0674289 0.749543 5.69406
0.731477 0.646868 5.49248
0.778447 1.45881e-06 5.66968
0.827741 0.80182 3.95413
5.53716e-11 0.0668411 6.95198
0.801617 1.60845e-07 5.60402
0.803046 0.749543 4.27642
0.139579 0.718664 5.85437
0.670236 1.30833e-07 6.55578
0.762415 7.93177e-06 5.85652
0.135275 0.673959 6.19839
0.713257 0.819684 4.61428
0.778447 0.646868 5.13966
0.690822 0.685036 5.49847
0.73843 0.624202 5.55378
0.725794 0.670246 5.56474
0.810822 0.747082 4.4418
0.814205 0.749543 4.26768
3.05348e-12 0.855675 5.3737
0.16655 0.0424165 6.67857
0.117371 0.822856 5.26988
0.0733125 0.696286 6.20117
0.713257 0.669258 5.59841
0.810822 1.25665e-08 5.61904
0.0303657 0.684351 6.31223
0.0737054 0.646868 6.42269
0.627404 0.699167 5.77077
0.748533 0.747082 4.6662
0.803046 0.0574765 5.50783
0.731477 0.699167 5.07245
0.848592 0.699167 4.51808
0.73843 0.0668411 5.84462
0.680681 0.646868 5.87604
0.690822 0.0574765 6.31721
0.814205 0.150973 5.22081
0.690822 0.646868 5.76899
0.16655 0.176958 6.42991
0.0733125 0.819684 5.46495
0.669246 0.855675 4.75783
0.627404 0.0424165 6.60169
0.814205 0.646868 4.968
0.837883 1.60845e-07 5.50383
0.16655 0.775665 5.30868
0.700415 0.775665 4.7703
0.73843 0.0574765 5.89025
0.731477 0.677065 5.22564
0.803046 0.150973 5.28529
0.760695 0.685036 5.15675
0.803046 0.624202 5.16905
0.748533 0.696286 5.14858
0.669246 0.624202 6.10702
0.627404 0.150973 6.47348
0.627404 0.684351 5.9143
0.182876 0.646868 6.25696
0.0419316 0.708918 6.08364
0.73843 0.792538 4.43484
0.725794 0.150973 5.89688
0.810822 0.768454 4.23742
0.713257 0.638477 5.76112
0.669246 0.136011 6.16885
0.700415 0.749543 4.85734
0.827741 7.93177e-06 5.41372
0.0410867 0.792538 5.51598
0.0303657 0.677065 6.3316
0.778447 0.699167 4.76111
0.0737054 0.624202 6.60766
0.117371 0.0574765 6.8201
0.700415 0.822856 4.54543
0.126588 0.116322 6.72132
0.117371 0.699167 5.91916
0.725794 0.718664 5.12199
0.139579 0.792538 5.33269
0.117371 0.136011 6.59823
5.87722e-12 0.718664 6.12224
0.763032 0.80182 4.23375
0.627404 0.775665 5.23831
0.0737054 0.749543 5.68527
0.713257 0.696286 5.36873
0.193875 0.253818 6.37995
0.182876 0.699167 5.88001
0.776657 0.684351 4.90926
0.73843 0.749543 4.67224
0.139579 0.662723 6.25361
0.139579 0.150973 6.56638
0.126588 0.768454 5.63715
0.182876 0.773102 5.42326
0.700415 0.646868 5.70133
0.680681 0.150973 6.08562
0.803046 0.684351 4.79448
0.16655 0.662723 6.11108
0.776657 0.699167 4.85107
0.0170541 0.624202 6.72776
0.803046 0.822856 3.96071
0.763032 0.775665 4.27469
0.682854 0.239533 6.01459
0.680681 0.775665 4.85962
0.776657 0.0668411 5.51962
0.117371 0.736489 5.68884
0.669246 0.822856 4.78919
0.669246 0.80182 4.90852
0.682854 0.253818 5.95363
0.117371 0.749543 5.67911
0.73843 0.822856 4.26926
0.763032 0.624202 5.42768
0.690822 0.136011 6.11572
0.713257 0.116322 6.01592
0.801617 0.239533 5.23185
0.135275 0.768454 5.55344
0.670236 0.673959 5.85699
0.848592 0.0424165 5.35685
0.627404 0.736489 5.54701
0.680681 0.0668411 6.24951
0.836408 7.93177e-06 5.40359
0.748533 0.768454 4.54555
0.814205 0.822856 3.89863
0.763032 0.646868 5.30347
0.193875 1.30833e-07 6.81907
0.801617 0.116322 5.4185
0.763032 0.176958 5.46183
0.748533 0.183597 5.58634
0.139579 0.767773 5.63021
0.725794 0.646868 5.58389
0.713257 0.239533 5.83631
0.0303657 0.646868 6.55323
0.801617 1.30833e-07 5.63246
0.763032 0.732706 4.65734
0.680681 0.718664 5.33868
0.690822 0.792538 4.83287
0.810822 0.239533 5.21586
0.0737054 0.775665 5.60329
0.669246 0.708918 5.40995
0.690822 0.736489 5.12031
0.803046 0.708918 4.65684
0.803046 0.136011 5.30574
0.682854 0.690148 5.62657
0.836408 0.0424165 5.37331
0.700415 0.624202 5.84409
0.117371 0.792538 5.38112
0.778447 0.685036 4.85014
0.776657 0.775665 4.22945
0.182876 0.724671 5.63579
3.05348e-12 0.718664 6.14079
0.0419316 0.699167 6.11559
5.53716e-11 0.662723 6.4534
0.117371 0.176958 6.56806
0.827741 0.624202 5.09374
1.8522e-11 0.718664 6.10839
0.827741 0.688998 4.61544
0.713257 0.690148 5.45904
0.827741 0.136011 5.26117
0.669246 0.0424165 6.38242
0.700415 0.684351 5.51227
0.731477 0.708918 4.94266
0.0737054 0.822856 5.33679
0.776657 0.708918 4.67369
0.627404 0.708918 5.68694
0.0737054 0.136011 6.72967
5.53716e-11 0.775665 5.61728
0.862422 5.13681e-06 5.36558
5.87722e-12 0.749543 5.83723
0.117371 0.685036 6.12374
0.810822 1.30833e-07 5.5914
0.776657 0.792538 4.0567
0.117371 0.775665 5.5097
0.827741 0.0668411 5.30846
0.73843 0.176958 5.62523
0.713257 0.673959 5.5134
0.748533 0.239533 5.51488
0.810822 0.116322 5.37525
0.139579 0.822856 5.23168
0.669246 0.749543 5.23978
5.53716e-11 0.822856 5.40222
0.810822 0.638477 5.16783
0.627404 0.685036 5.90972
0.139579 0.0668411 6.72849
