3 0.0605278
0.0391 0.0692273 0.0432448 0.0576694 3.64564
0.0628639 0.157049 0.852067 4.97177 0.287849
0.0877443 0.174149 0.384665 2.08422 3.33386
0.114244 0.451009 2.0978 2.99861 2.25494
0.115984 0.628374 3.40501 3.41356 1.75243
0.172845 0.200309 1.20223 3.71709 1.20863
0.202868 0.811495 2.36665 2.29549 2.89493
0.297368 0.784015 2.52556 4.20471 0.177709
0.3217 1.59048 0.31722 3.76923 1.45889
0.334426 0.142711 1.09872 3.58816 2.29353
0.348842 0.500139 0.250193 3.0452 2.97452
0.363656 0.537884 2.47619 2.41986 0.862809
0.373061 1.36493 1.94873 3.21526 1.07278
0.39702 1.02701 1.46379 2.9577 2.56936
0.399863 1.30241 3.76038 1.23379 3.15838
0.418912 0.0976425 0.440873 2.99627 3.07326
0.422751 0.345057 0.642629 2.8693 2.78484
0.437224 0.320502 0.331541 2.04102 3.38795
0.45861 0.356988 0.737963 4.80305 0.166498
0.493756 0.575249 4.44003 1.24856 2.99319
0.500311 0.598695 2.68424 3.6738 0.32762
0.518034 1.03022 1.82531 2.46706 2.52661
0.520591 0.605161 3.57914 0.685976 2.45234
0.528628 1.11425 2.88643 1.19229 2.27342
0.575269 0.180494 3.53177 3.12957 1.69391
0.615299 2.37857 0.448725 2.42929 2.99446
0.624099 0.241256 4.11178 2.36123 1.62074
0.648492 2.59569 1.93546 2.12479 1.50524
0.663392 0.709606 1.07164 3.28327 1.40738
0.663598 2.8984 1.75327 0.743012 1.87969
0.71209 0.185454 0.149749 4.43906 1.50305
0.722058 1.97367 1.69781 3.90171 0.528319
0.748848 2.45837 2.23091 2.94619 1.21828
0.789608 0.180761 1.1989 1.80294 3.11342
0.815507 0.734556 4.21119 1.40644 0.42869
0.959945 2.59743 0.638706 1.17668 2.22324
1.00825 0.542729 4.22578 2.20106 0.119082
1.01952 1.23777 0.383689 4.71362 0.102014
1.02403 0.389388 2.45922 1.67662 3.34731
1.02702 0.823999 2.227 2.02524 2.49777
1.03435 0.771099 3.53918 2.94639 0.410307
1.11749 2.86389 0.692476 4.18123 0.00560601
1.12382 0.636349 3.99572 3.03999 0.111735
1.15405 2.10345 1.76329 3.39432 0.574145
1.2098 2.27811 3.76039 0.883007 1.81083
1.26387 1.17311 1.65692 1.54677 3.38328
1.28449 1.59199 1.11298 2.92038 1.49919
1.55269 0.750865 3.13429 2.28063 0.75969
1.76706 0.471972 0.523183 5.42984 0.383781
1.92723 0.758801 0.389606 4.26741 1.02301
1.99903 1.94089 0.842044 0.887971 2.05339
2.16075 1.12944 0.84409 2.14688 2.42244
2.32738 0.580897 1.02842 1.94165 2.47189
2.35293 0.713439 2.64794 2.1095 2.21283
2.36745 1.44022 0.467035 2.74785 2.62049
2.62752 1.10737 1.16563 1.76581 0.367038
3.63297 1.5056 2.24678 1.48812 0.249693
0.0118609 0.0290309 0.0350553 0.0443483 4.39594
0.0523327 0.0945061 0.0568754 0.0320498 3.97183
0.0625645 0.156945 0.860304 5.03107 0.46536
0.0738157 0.183595 0.857996 4.69482 0.248248
0.0905192 0.175391 0.381281 1.90402 3.0584
0.112 0.454967 2.18587 3.13318 2.35269
0.113171 0.635992 3.56793 3.57211 1.83333
0.133267 0.400632 0.465114 2.82224 2.90485
0.147508 0.653379 2.06608 2.6768 2.99995
0.159244 0.710334 3.81245 2.44511 1.75847
0.165567 0.0604947 0.904329 3.55027 3.59326
0.199205 0.349201 1.88491 3.76042 0.434175
0.221692 0.66264 3.27165 2.02778 3.00101
0.259244 0.572094 3.15172 3.16737 1.62581
0.269002 0.580889 3.01781 3.21673 0.66052
0.323719 1.26781 4.08368 3.09883 0.380077
0.331969 1.54092 0.327462 3.59758 1.10336
0.33383 0.971083 1.47469 1.55211 3.19793
0.336573 1.5757 3.13441 2.09715 0.791866
0.338202 0.142055 1.13476 3.78863 2.41624
0.340462 0.917629 2.08555 4.81192 0.120852
0.345624 0.0722612 1.71306 3.87738 2.49842
0.359939 1.3596 1.96534 1.19458 2.3158
0.383311 0.265541 2.12604 3.04174 2.28627
0.478815 0.352444 0.750081 4.41362 1.74786
0.515179 0.597908 3.44146 0.695596 2.36555
0.523204 1.56099 3.21324 1.47274 1.76927
0.531673 0.116928 0.558095 4.40051 0.352573
0.536491 0.290003 0.498699 3.26428 2.84631
0.55747 2.75969 2.02889 2.13912 1.56271
0.605681 0.419842 3.91839 1.18129 2.66293
0.614885 0.584717 1.91036 3.33875 1.20478
0.624226 1.3147 2.88867 1.12783 2.83417
0.626969 0.239813 4.26803 2.43578 1.67872
0.628141 0.239518 4.31552 2.45847 1.69637
0.708697 0.190001 0.155358 4.21925 1.43069
0.735766 1.04724 2.08666 2.44069 2.10694
0.765523 3.60981 2.14157 0.844332 0.227793
0.770003 2.08609 2.49244 0.908834 2.74804
0.783866 1.44385 3.91634 2.71076 0.194671
0.803304 1.26274 1.04977 3.79183 1.24472
0.820559 0.386999 3.06528 2.6122 0.834299
0.859248 0.802856 3.64976 2.03795 1.03144
0.872809 0.540589 1.73557 2.37914 2.83287
0.874261 1.0692 3.32017 1.92465 1.7334
0.88584 1.85585 1.52354 3.24124 0.619713
0.909478 0.501706 1.78406 2.87311 2.68958
0.918616 0.463228 3.86174 2.51654 1.41947
0.932324 1.86339 0.709846 2.51735 2.57718
0.990337 1.95103 2.45467 0.753692 2.74295
1.04199 0.302574 3.76178 2.47157 1.39153
1.10565 2.0181 1.69006 3.54159 0.580427
1.15038 0.430429 5.25914 1.27294 1.48049
1.21001 0.444505 1.94239 2.06446 2.97197
1.21017 2.43296 3.98125 1.03424 0.185047
1.39549 0.211006 3.71217 1.55926 3.13388
1.41603 1.73447 1.20882 3.2197 0.729168
1.56911 1.86982 0.864353 3.38133 0.306352
1.57405 1.32147 2.12773 1.20675 2.30932
1.60283 0.989067 1.67377 2.46526 2.45968
1.82161 0.480049 0.487204 5.60487 0.395759
1.90547 0.843727 0.897211 2.21601 0.327847
1.93592 0.706311 0.678137 2.96283 2.0909
1.95034 3.00407 2.54096 1.29114 0.429617
2.03979 1.6654 0.943024 1.15642 2.31321
2.12438 2.04305 0.839724 0.905722 2.15633
2.18257 0.844758 0.894081 3.16762 1.14615
2.2299 2.63682 2.0639 1.28631 0.791831
2.2586 0.77153 1.73078 2.5936 1.39818
2.35484 3.63492 1.10507 1.30282 0.436983
2.39906 0.600461 2.49216 1.99714 1.02439
2.48218 0.424756 1.15331 3.52353 1.81945
2.58081 1.34338 2.41632 1.13213 1.69549
2.58321 1.99457 0.55788 3.14907 1.84116
2.82964 2.61767 0.859781 2.58315 0.701969
3.37992 2.86319 0.845461 1.4989 0.479213
3.66713 1.1731 1.50347 3.05453 0.0803465
3.71588 0.625355 1.91957 2.92853 0.446866
4.32998 0.787167 1.99246 0.841498 0.893079
0.0107073 0.0190033 0.0873042 0.0604576 3.68278
0.0479473 0.0855692 0.0524586 0.0445421 3.77037
0.0931813 0.449895 0.558552 4.21247 1.7992
0.121355 0.340646 0.73328 5.33592 0.109763
0.12359 0.371802 0.436625 2.83531 2.90894
0.193179 0.0909406 1.14333 4.61575 2.62005
0.195172 1.04375 4.71348 1.06258 0.257073
0.196841 0.226898 1.15018 3.55964 1.47062
0.205447 0.5025 2.36559 1.56953 3.35529
0.218092 0.247911 1.6188 4.42277 0.269267
0.225575 0.639034 2.88249 1.8297 2.56643
0.239959 0.529609 3.43078 3.42853 1.76013
0.241338 0.500958 2.28801 3.3194 1.34724
0.278316 0.882428 1.36994 4.50691 0.2663
0.27941 1.03631 0.758909 2.67654 2.79795
0.337673 0.561403 3.30097 1.66518 2.1543
0.343436 0.817119 0.515552 4.17136 0.225007
0.345122 0.838047 3.90689 1.64914 1.5313
0.384944 1.45434 4.57249 1.12195 0.355074
0.403228 0.511916 1.81321 5.21924 0.090417
0.405369 1.29685 4.46239 1.46485 1.14556
0.42711 1.10369 4.84356 1.04038 1.40237
0.430135 0.617838 0.307163 3.80862 2.00271
0.451854 0.540357 2.66956 3.62493 0.327762
0.459333 2.17835 4.34403 1.84049 0.260582
0.463894 0.601337 3.79808 1.0257 1.18736
0.470323 0.546776 3.22014 1.75691 2.45745
0.471079 0.614236 4.38117 1.00495 1.35164
0.472677 0.435787 0.596339 4.59285 0.320774
0.475205 0.621457 4.57558 1.02223 1.28963
0.498738 2.04071 1.03686 3.10673 2.37842
0.499474 0.3765 0.68254 3.93954 1.56621
0.523233 1.81108 1.06317 1.10751 2.08844
0.534502 1.4451 0.470962 4.29555 1.83334
0.550664 2.8692 2.09173 2.47766 1.65079
0.568519 0.184062 3.27078 2.91172 1.57371
0.569981 1.77356 3.71253 1.64256 1.45459
0.620063 0.257952 2.85403 2.76412 0.986961
0.620594 1.50986 1.80668 2.29654 2.72874
0.626955 0.435886 3.78774 1.16111 2.58367
0.630314 0.195788 2.13789 2.56448 2.52046
0.664152 3.09698 2.29832 0.885238 0.772422
0.671563 0.190272 0.159203 3.67508 1.7324
0.685448 0.831253 2.33622 1.61228 3.20434
0.694508 0.214055 4.18797 0.928137 2.57868
0.697036 0.269899 4.60178 0.973342 1.61197
0.700573 0.191574 1.75753 5.82089 0.119258
0.726644 0.358535 2.59927 3.39459 1.27554
0.747768 1.8357 0.380014 3.8577 0.873174
0.760321 2.01415 0.552593 4.5306 0.114797
0.79414 1.61781 3.64786 1.46646 0.675795
0.797333 2.1484 1.51156 0.977242 2.18435
0.811935 2.09234 0.970935 1.54827 2.8889
0.823509 1.71953 0.370088 2.68788 2.87019
0.826698 3.1603 2.24217 0.894394 1.74961
0.843021 2.10726 2.54226 3.20979 0.268062
0.850171 3.06485 1.89502 0.79257 0.216378
0.868031 0.534832 1.796 2.47489 2.92792
0.901219 3.55511 0.658331 0.777469 2.67191
0.909218 0.481269 3.61498 1.2977 0.341559
0.910552 1.3823 3.8948 3.3698 0.0917748
0.943989 0.482348 3.59543 2.38001 1.30141
0.988163 0.468743 4.09914 1.0551 1.19618
0.991258 2.08395 2.39357 1.54529 1.87125
1.00494 1.48302 2.14412 0.833446 2.45556
1.03472 0.564719 4.17882 1.35455 0.110527
1.05756 0.437894 0.480915 3.42937 0.703211
1.07516 1.60176 3.8151 1.04471 0.849202
1.07961 1.50939 2.83858 3.61901 0.330834
1.09395 0.256101 1.72237 1.34211 3.30721
1.12225 1.37071 3.03699 1.89023 1.6965
1.18287 1.69768 1.46793 3.20736 2.0937
1.19222 0.616404 2.18212 2.15356 2.42117
1.22725 1.22222 1.72399 2.97195 1.63232
1.26243 1.76158 1.64866 1.30569 3.0042
1.26729 2.31943 1.9387 3.21387 0.761647
1.27054 2.58372 4.24228 0.970019 0.195863
1.33746 2.78044 1.73493 1.62395 0.58439
1.34232 0.677367 2.67827 1.94573 1.46498
1.369 0.199307 3.67912 1.52713 3.5281
1.37071 1.33372 1.24891 1.48259 2.45715
1.39678 3.6206 0.769968 1.24362 1.57114
1.45498 3.86831 0.768917 2.11836 0.744164
1.46576 0.655378 3.10413 1.35116 1.70013
1.4922 0.521138 2.42698 3.59413 0.155363
1.52154 3.031 0.675054 0.763795 2.8794
1.60057 0.55513 2.54786 3.56004 0.229382
1.64567 2.14964 3.57211 1.71434 0.334744
1.6616 0.456097 0.455121 5.08544 0.442706
1.79436 0.448751 2.37092 2.86978 0.989854
1.80093 1.13526 1.90117 1.21906 2.16562
1.8033 0.736943 2.26271 0.795953 2.65041
1.83904 0.439217 1.90566 3.37436 1.09674
1.92467 2.88287 1.38962 2.96597 0.0719932
1.95255 1.06917 1.82627 1.43285 2.66374
1.97005 0.347472 0.923314 2.82046 3.02803
2.03351 1.65685 3.55986 1.33101 0.159054
2.12204 2.64209 2.43144 1.03213 0.829627
2.16239 0.823442 1.26434 3.34563 0.756884
2.19026 1.18745 0.449228 2.46221 3.0352
2.19471 2.89622 1.75194 0.942226 1.82836
2.34347 1.43361 0.639275 2.75796 2.63016
2.39611 0.62359 1.22764 2.87127 1.69367
2.43304 3.63206 0.85809 2.80268 0.136182
2.47657 2.22767 2.74716 1.20655 1.96733
2.51783 1.26999 1.70082 1.16488 2.53875
2.54879 0.595637 1.33443 3.0744 0.945473
2.5652 1.07068 1.15171 1.71533 1.16296
2.70204 1.07096 1.06047 2.07513 1.05727
2.70963 1.39579 0.762517 2.60481 1.67572
2.81859 0.834967 1.75142 0.742317 1.86402
2.82884 0.66221 1.45464 3.34613 0.74932
2.87511 0.701779 1.2966 2.41271 1.21036
2.97507 2.48654 0.765366 2.54415 0.181607
3.1285 3.8158 1.62767 1.83812 0.112591
3.32865 4.2463 2.0052 1.11127 0.000695713
3.34804 1.6624 2.23879 1.51414 0.283301
3.37938 2.86256 0.844319 1.52137 0.482813
3.48837 0.643256 1.4183 2.67125 0.31492
3.50347 0.602441 1.84177 2.70696 1.43866
3.55109 2.02206 0.757244 1.81845 0.566125
3.55255 1.92326 1.27765 2.14399 0.115394
3.55538 1.483 2.26066 1.33842 0.276337
3.83954 1.61708 0.866843 0.996477 0.589398
3.96882 1.66061 0.879411 0.940386 0.331149
4.60254 0.692409 1.36719 1.90189 1.07735
0.00184996 0.00304015 0.00143334 0.00910079 4.67976
0.00676297 0.0251433 0.0328593 0.100838 4.22632
0.010675 0.019692 0.0984815 0.066925 4.11581
0.0188576 0.00890766 0.0105 0.00559066 4.1882
0.0512253 0.0926612 0.0557917 0.0430362 4.00198
0.0594775 0.354951 0.737225 5.64604 0.116008
0.0680066 0.166896 0.83671 4.5905 0.872623
0.108147 0.22176 0.355723 2.25609 3.59839
0.133218 0.37108 0.795872 5.19517 0.107167
0.138735 0.331675 0.799747 3.78479 1.65112
0.175144 0.0464904 0.82716 5.09111 0.26777
0.191408 1.0681 4.98084 1.05279 0.27049
0.203597 0.096151 1.19434 4.79215 2.08518
0.239042 0.078517 1.29135 4.24217 1.51816
0.320884 0.977495 2.30972 1.59988 2.87762
0.327784 0.452373 0.247005 2.81245 3.18147
0.331679 1.2406 3.83629 2.85353 0.355649
0.347038 1.63625 3.20157 3.69517 0.340855
0.361 0.431763 1.92579 4.10437 0.324224
0.368669 0.448122 1.57296 4.83497 0.0996618
0.3744 1.20162 3.43374 1.15367 3.30152
0.38947 0.272215 2.03747 2.76593 2.11987
0.404463 0.485005 0.603445 4.48861 0.353951
0.412532 1.05309 4.52268 1.42642 1.38354
0.419486 0.547909 0.91043 4.65563 0.334394
0.446262 0.567641 1.47443 4.93464 0.105744
0.450885 0.507385 1.58324 5.03605 0.027496
0.467779 0.679961 0.156047 4.31541 2.16388
0.468768 0.606782 0.305521 4.10458 2.15303
0.468797 0.209676 2.05571 3.28814 1.31936
0.469366 0.570668 1.50559 4.86419 0.100154
0.469386 0.250102 0.279747 3.12491 3.01623
0.473977 0.740432 0.571668 5.08322 0.484938
0.474432 0.687217 0.336646 4.45461 0.307028
0.487862 0.634773 4.40853 1.01331 0.506988
0.492975 2.19792 1.71794 2.99838 0.794122
0.529043 0.622537 5.34439 1.09429 0.603657
0.529631 0.675232 4.25636 2.31948 0.255838
0.576747 1.738 0.750784 1.6143 3.4397
0.584742 0.261477 2.82059 1.4861 1.86574
0.595312 2.24597 2.59727 0.765794 2.50459
0.602352 0.142488 0.634132 3.97725 0.321469
0.611094 0.574407 3.04797 0.916108 2.23022
0.614059 3.2004 2.91979 3.52238 0.0977158
0.630285 0.25072 3.09694 1.25284 2.60533
0.63359 0.0984734 3.75245 0.821681 3.36262
0.639194 3.13342 2.86369 2.44239 0.599182
0.657808 0.309313 4.14852 1.39992 1.5022
0.668997 3.10017 1.32366 2.14338 0.249564
0.686749 0.404709 1.23526 4.39484 0.231485
0.698333 2.06522 1.94696 1.06549 2.14877
0.699875 1.41379 0.650212 2.33116 2.59072
0.699923 0.268083 4.77967 0.984436 1.67072
0.704275 1.9736 1.71012 3.90766 0.47323
0.707927 0.361881 2.55468 2.66009 1.10592
0.729973 3.27913 0.935288 0.897894 1.71148
0.755496 0.250426 3.67465 3.28146 1.37509
0.755937 3.4814 2.07636 1.00575 0.322969
0.758215 1.08202 2.30111 1.27535 2.54233
0.761619 0.199335 0.522313 4.03714 0.753899
0.809502 4.07695 0.691222 2.66785 0.156245
0.819592 0.348436 3.9475 1.30528 1.04146
0.825886 4.14763 1.49838 2.50537 0.000609846
0.827278 0.652836 4.28002 2.43391 0.471966
0.844099 1.02099 0.551004 4.53151 0.152584
0.849601 0.764493 4.4789 1.05274 0.406923
0.850038 1.18379 2.16892 1.26297 2.9464
0.861842 0.867071 2.03919 2.65569 1.51479
0.895301 1.64455 3.82138 0.869782 1.69337
0.952775 1.74318 2.91379 2.32243 0.0713942
0.963098 4.62319 1.55919 1.86497 0.26531
0.963785 2.64687 0.518503 2.36779 2.71831
1.02494 2.82047 0.7555 2.56689 1.71401
1.02911 2.8319 0.794766 3.57182 0.0787067
1.06087 2.69379 2.09327 2.21344 0.450403
1.10441 4.49611 0.791076 0.940909 1.01708
1.10783 0.67683 2.30621 3.75719 0.284229
1.12844 0.354171 1.86571 2.52975 2.44329
1.13917 2.4896 2.84253 1.78908 1.19302
1.15061 2.28291 3.72125 1.03916 0.173897
1.15472 0.635434 2.2688 3.65634 0.0862934
1.2053 0.3912 3.87787 2.96015 0.108638
1.20601 1.73085 1.49664 3.27003 1.92789
1.22158 0.8628 2.74134 1.54766 2.02195
1.24668 0.578902 4.03168 0.972676 0.893699
1.25427 1.54047 3.33379 1.87797 1.78796
1.32228 1.55822 2.63689 3.26269 0.143136
1.35151 2.40663 1.47978 1.25916 1.60258
1.40728 3.5649 0.804349 1.2697 0.649309
1.42328 0.414174 0.496432 3.97612 1.71831
1.42397 4.26126 0.760862 1.37357 0.894077
1.42709 2.92082 0.595703 1.1248 3.12073
1.43765 3.0248 0.678365 1.75037 1.25612
1.46187 0.746627 2.90324 1.13008 1.41886
1.49278 2.70576 1.23627 1.69274 0.364848
1.51517 2.13734 3.99731 0.831892 0.323599
1.58931 0.510589 1.79332 2.7888 1.97985
1.63439 2.42383 1.75898 2.75035 0.0757421
1.64762 3.54663 1.18391 1.85285 0.150489
1.71353 1.62467 1.21943 3.37367 0.724363
1.73912 0.697235 0.370067 3.8195 1.70746
1.77729 0.694882 3.53087 2.55627 0.093211
1.78397 2.55177 2.57673 1.17413 1.80024
1.78463 1.03378 1.58105 0.970181 2.75949
1.83668 2.52251 1.85971 0.944545 2.74843
1.86704 0.951961 3.21109 2.42784 0.152757
1.95307 1.70611 0.515275 3.67176 0.39311
1.96707 1.37524 3.38671 1.38347 0.894662
1.96861 0.675416 2.51494 2.71217 0.20839
2.0118 3.76162 1.6438 1.06619 0.304546
2.02827 3.50607 0.86933 2.50578 0.901352
2.04253 0.586044 4.07145 1.78876 0.328764
2.07232 2.4029 1.3761 0.694316 2.31885
2.27224 3.30164 2.08888 1.55443 0.0471657
2.37471 0.946445 0.468365 1.62687 3.22334
2.5016 3.78097 1.77277 1.7762 0.0782253
2.5885 1.05462 1.65505 2.9873 0.261539
2.60611 0.588068 0.950782 1.16656 2.34143
2.64905 1.15746 1.15863 0.808717 0.332624
2.67586 1.08915 1.05602 2.06426 1.07585
2.72406 3.44632 1.70483 1.79455 0.000824476
2.75271 1.36892 0.524558 2.55258 2.94753
2.77832 2.70521 0.989186 1.34735 0.628113
2.80332 1.13967 0.775781 3.82902 0.368977
2.92156 0.846382 1.79519 0.740655 1.97607
3.0153 0.708577 1.11859 3.13901 1.08342
3.15661 0.63187 1.69826 2.47858 1.31084
3.2575 4.33123 2.0122 1.0915 0.000698182
3.27253 0.899905 0.743746 2.19198 1.37182
3.27475 0.686608 2.39884 1.2502 0.403839
3.35261 1.12575 1.43949 1.44995 1.42205
3.43645 0.761555 1.48144 2.81832 0.802737
3.43943 0.894595 1.7699 2.10946 1.14018
3.45226 0.575106 1.07528 1.4787 2.74047
3.59169 0.655555 1.65478 2.35248 1.73593
3.66003 1.17556 1.3978 3.02515 0.0795342
3.69945 0.705811 0.761702 2.46762 0.176441
3.73226 1.44793 2.28204 1.45931 0.253161
3.78507 0.578722 0.86656 1.54624 3.09926
3.91524 1.26333 0.81174 1.29846 0.801444
4.02597 1.53603 0.98844 0.934652 0.722498
