7 0.0542452
0.0199275 0.0171115 8.74368
0.816037 9.06818 2.00783
1.1283 9.39118 0.0616149
2.60941 7.90748 0.00742402
2.75073 7.78617 0.380889
7.74116 1.59354 0.155657
8.24463 1.56937 0.0364799
8.24992 1.36506 2.0739
8.40463 0.921788 2.48691
8.50363 0.96164 1.55026
8.64257 0.838763 2.17046
0.730216 10.5589 4.82372
1.48819 3.27502 3.1863
4.70648 8.63079 0.00588532
5.25997 0.900722 2.72391
10.0043 0.763629 2.42644
13.5555 0.760096 3.5253
0.988795 9.26866 0.86891
1.61092 2.25178 3.2956
5.26875 9.8691 0.00102368
8.55458 0.874181 2.49118
9.83139 0.782682 4.3418
0.00073107 0.00215407 9.62536
0.778176 8.77274 2.09047
1.7381 6.74294 0.575948
3.00696 1.13033 4.19303
6.34195 7.64157 0.0300044
7.35021 1.54931 2.12013
8.22501 2.31626 0.0711436
9.05131 6.92834 0.000540677
9.39869 1.0545 0.455002
10.5969 5.10633 0.0001602
0.728073 10.8372 4.4767
0.95872 4.28291 1.44431
1.07237 3.58906 2.73952
1.09869 8.61702 0.680729
1.16924 8.61804 0.267481
1.26607 7.91842 0.602884
1.6132 1.62945 1.24792
5.49793 3.30051 0.126572
6.8586 2.5067 0.00893552
7.60485 1.39226 0.52517
9.8664 0.813504 0.0226521
11.0313 2.55657 5.10681e-05
14.4311 0.825802 0.0160842
0.000336871 0.000840488 9.70551
0.802082 9.40606 0.245407
0.950242 7.42807 0.888449
1.78511 8.80516 0.067611
2.79969 3.48174 0.412761
4.03403 5.82326 0.0948417
4.91419 1.56518 0.229497
5.51664 4.36095 0.0610397
8.1399 2.8691 0.00604002
9.09547 1.28398 0.0476596
0.0238118 0.0397733 4.91106
0.731678 8.23901 4.38274
0.755301 7.82758 2.33612
0.78508 11.4651 0.00501522
0.785134 9.52497 0.00847562
0.800007 6.12083 2.1076
0.861863 9.39004 0.149124
1.556 9.49534 0.0534564
3.07467 5.97201 0.0395783
3.63666 2.61586 0.248807
8.39442 1.25978 0.234828
8.47366 1.19115 1.82723
0.00101686 0.00103191 9.16576
0.763996 6.61616 2.83753
0.776411 11.0647 1.75899
0.82078 8.3401 1.47578
1.30244 3.37592 3.61495
1.31166 2.3196 4.38209
1.8064 1.28017 3.62742
3.95101 0.796754 4.67888
5.77498 7.06312 0.0331159
5.79004 0.800801 4.51091
8.74798 0.792172 0.55358
12.4788 2.14596 0.01059
