600 33.0988
0.999995 0.799134 0.688357 0.958136 0.991436 0.873725 0.710484 27.645
0.998614 0.689979 0.991588 1 0.0918942 0.00012447 0.894914 44.6738
0.923037 0.896462 1 0.574589 0.779946 0.897929 1 26.7631
0.904385 0.861844 0.112159 0.765005 0.963094 0.761825 3.20574e-13 34.1607
0.89226 0.851089 0.861183 0.999004 7.5162e-20 0.768818 0.938163 32.0219
0.868074 0.999947 0.844646 0.828459 0.857658 0.881169 0.753323 23.7033
0.841896 0.856559 0.940213 0.871052 0.88173 0.856409 0.913408 21.5029
0.840343 0.695253 0.864174 0.967972 0.941737 5.47213e-14 0.823024 30.6911
0.81927 1.75789e-23 0.862335 0.905391 0.877187 0.72846 0.84748 33.5586
0.816002 0.762516 0.98832 2.00879e-25 0.965511 0.834297 0.968931 34.4014
0.676647 0.882086 0.735732 0.987336 1 0.777093 0.98503 26.786
0.66077 0.973124 0.83355 0.99561 0.904212 0.999999 0.939906 25.7939
0.0859315 0.0233314 0.00354906 0.0365443 0.448451 0.00305892 0.00505329 56.3344
0.00137325 0.904742 4.93398e-14 0.318132 0.763287 0.840213 0.0598918 43.8415
3.56755e-15 0.999518 0.475746 0.950322 0.831828 0.174648 0.155446 37.3859
0.0866893 0.0175489 0.0221116 0.260732 0.5268 0.0540989 0.0246121 55.0951
0.426965 0.0739838 0.237642 0.539568 0.298006 2.65179e-06 0.00477988 56.2923
0.353108 0.00136828 0.485406 0.550272 0.0747141 0.00829296 0.652512 54.0569
0.149639 0.0277695 0.255918 0.0877935 0.0350994 0.00093658 0.0879912 54.9043
0.379692 0.0616525 0.0811745 0.134986 0.533908 0.129352 0.0975965 52.9667
0.0127667 0.400517 0.245739 0.41149 0.140207 0.76857 0.505851 50.1929
0.509391 0.415106 0.0194378 0.364715 0.61349 0.0826538 0.369467 46.4637
0.0312463 0.19225 0.311171 0.446311 0.491693 0.543159 0.65346 47.9712
0.458109 0.0739184 0.132986 0.115551 0.499691 0.021067 0.0542611 53.573
0.54229 0.393382 0.0912686 0.569304 0.683883 0.0220497 0.274287 49.1875
0.373072 0.07977 0.696205 0.500751 0.758015 0.429499 0.291238 48.0182
0.176651 0.32912 0.0876818 0.200477 0.0881361 0.0695209 0.0762178 53.217
0.0776423 0.202813 0.486524 0.442165 0.295883 0.485384 0.259119 49.3314
0.241116 0.735882 0.236126 0.291682 0.812538 0.765081 0.242241 40.3442
0.553598 0.338276 0.438282 0.0173942 0.145783 0.0168478 0.750626 52.4469
0.0733564 0.369195 0.109456 0.640061 0.247891 0.153879 0.474471 51.9914
0.220657 0.260753 0.424195 0.142424 0.15459 0.0612241 0.32886 52.3062
0.30108 0.480158 0.172097 0.105829 0.102392 0.000416435 0.199672 51.1444
0.320871 0.519163 0.279526 0.427129 0.943702 0.502255 0.0431409 45.3074
0.113827 0.358792 0.69245 0.129366 0.726196 0.0214658 0.233618 47.1112
0.490736 0.139103 0.534951 0.237799 0.0215723 0.121612 0.87261 50.7046
0.336445 0.428479 0.210914 0.273136 0.69355 0.608803 0.220743 44.5298
0.678489 0.581306 0.293292 0.0928188 0.355914 0.94944 0.607214 48.3112
0.368452 0.00582006 0.0946614 0.445884 0.878973 0.00957292 0.332208 49.676
0.140026 0.475325 0.30598 0.0493645 0.990429 0.148941 0.103623 46.8243
0.293548 0.741593 0.208739 0.134897 0.122141 0.243823 0.271784 44.991
0.0448254 0.325377 0.820947 0.571647 0.306105 0.450077 0.880049 43.577
0.588727 0.508668 0.49731 0.462122 0.654628 0.932337 0.624598 39.0083
0.376915 0.686549 0.385332 0.267207 0.0377123 0.153466 0.114837 50.6513
0.17813 0.209088 0.957662 0.294545 0.378136 0.0365668 0.979645 50.5464
0.536696 0.766727 0.472063 0.100913 0.615274 0.355494 0.449838 47.3805
0.0423386 0.13231 0.503009 0.150407 0.334782 0.985795 0.87646 45.1965
0.0510949 0.786128 0.120399 0.0451189 0.953138 0.42619 0.143949 48.9646
0.447744 0.0321865 0.608792 0.889298 0.455411 0.000103565 0.125861 53.165
0.454129 0.633843 0.353802 0.511973 0.59232 0.43169 0.766869 40.9771
0.275715 0.955789 0.321831 0.832102 0.687115 0.206601 0.294821 43.8874
0.391395 0.812568 0.841315 0.604632 0.261592 0.659276 0.258525 46.0335
0.829184 0.248427 0.163396 0.927691 0.0677581 0.310466 0.522275 47.21
0.171993 0.934276 0.224996 0.177357 0.852761 0.889604 0.370988 43.4353
0.101087 0.027383 0.639344 0.517414 0.370233 0.0178119 0.463556 53.4339
0.774773 0.8391 0.902831 0.493935 0.405677 0.519716 0.905862 35.3726
0.282217 0.68899 0.241145 0.422343 0.189278 0.0977903 0.0525384 47.4541
0.11919 0.200228 0.102512 0.502801 0.319107 0.013527 0.283398 53.0695
0.25499 0.500507 0.162217 0.203833 0.682774 0.179192 0.0644917 49.5153
0.41844 0.868104 0.453261 0.486932 0.563051 0.573925 0.266147 44.1322
0.00596687 0.63864 0.0566105 0.483407 0.620655 0.393557 0.12733 42.444
0.2134 0.926798 0.181707 0.165391 0.352369 0.538089 0.068733 47.4829
0.409423 0.721339 0.298868 0.649318 0.160647 0.479143 0.948553 46.6988
0.395055 0.699889 0.00764048 0.357433 0.972068 0.288955 0.218246 47.687
0.437447 0.00965262 0.493191 0.73953 0.199333 0.0153303 0.6119 51.626
0.504437 0.444684 0.587527 0.450047 0.347004 0.914069 0.509412 46.3516
0.534622 0.181194 0.0540515 0.552822 0.255128 0.625243 0.957124 51.5274
0.708537 0.616945 0.624966 0.831031 0.267821 0.819053 0.614299 40.7152
0.531514 0.175251 0.338294 0.796582 0.308585 0.170299 0.441287 49.6317
0.617123 0.843615 0.577441 0.282211 0.000936897 0.381062 0.0107497 49.9147
0.649462 0.487201 0.565275 0.928894 0.0435041 0.141284 0.910569 49.7936
0.462787 0.504384 0.524916 0.585175 0.212605 0.981985 0.498442 45.9274
0.0282646 0.0201627 0.157981 0.277482 0.0935128 0.445577 0.23202 51.1074
0.549257 0.466418 0.997908 0.870558 0.481185 0.184154 0.966368 44.2557
0.86813 0.0897592 0.925718 0.348563 0.456926 0.639329 0.254577 48.7558
0.569738 0.2647 0.102266 0.505968 0.680727 0.254522 0.131371 51.2279
0.545946 0.703887 0.442949 0.667173 0.756411 0.618285 0.627688 39.2172
0.754059 0.197453 0.510655 0.738189 0.0858283 0.137387 0.700795 47.4502
0.432131 0.0991988 0.551388 0.662587 0.452347 1.24582e-05 0.00978913 54.3422
0.327939 0.647948 0.0355469 0.700384 0.689987 0.524974 0.0863281 44.3372
0.332427 0.657236 0.401617 0.40515 0.553951 0.474918 0.456153 46.5224
0.082168 0.824016 0.089764 0.214399 0.75881 0.943418 0.118138 42.2753
0.207725 0.941168 0.114488 0.195225 0.397959 0.339932 0.00547123 46.4601
0.203602 0.998087 0.196574 0.0740615 0.122521 0.19535 0.205393 46.4498
0.148936 0.0390204 0.700924 0.541836 0.106093 0.302703 0.635496 51.2932
0.49546 0.158582 0.450978 0.54468 0.662021 0.212953 0.649508 49.5666
0.229784 0.18438 0.737249 0.466653 0.56473 0.723123 0.89352 42.6777
0.135307 0.230605 0.436372 0.672836 0.126586 0.907768 0.0656207 50.2958
0.697303 0.763728 0.544588 0.3084 0.117214 0.370394 0.017139 46.7886
0.311144 0.564876 0.0958218 0.00668138 0.0528144 0.558176 0.343678 51.2227
0.422101 0.286494 0.247713 0.688878 0.218792 0.225273 0.139163 48.624
0.250659 0.385525 0.183158 0.0481661 0.172599 0.826612 0.326315 50.8076
0.00793712 0.881704 0.0122254 0.708534 0.408922 0.525425 0.0125195 50.5009
0.214147 0.296587 0.424964 0.230121 0.147966 0.0709219 0.350982 51.6981
0.148671 0.372754 0.41558 0.30533 0.676132 0.28538 0.560091 44.9338
0.642056 0.0234259 0.77073 0.246993 0.437128 0.323336 0.34284 47.2194
0.169249 0.911786 0.432291 0.135365 0.242849 0.14522 0.109866 46.0344
0.000712525 0.783609 0.0770608 0.0505633 0.0130832 0.230316 1.99103e-06 52.2078
0.0553636 0.344626 0.778234 0.182708 0.0302121 0.302962 0.583052 47.567
0.492209 0.495903 0.44682 0.328269 0.291369 0.64494 0.550104 48.214
0.0947106 0.910338 0.199139 0.287365 0.284055 0.391524 0.015268 46.1949
0.042456 0.582875 0.0677654 0.884663 0.854072 0.44564 0.0230827 41.6589
0.285595 0.371366 0.33131 0.970606 0.183034 0.89516 0.724186 44.7976
0.482298 0.0424878 0.0831139 0.658488 0.431335 0.180998 0.00154553 44.8968
0.732874 0.470915 0.214855 0.621523 0.195704 0.321259 0.396992 47.2734
0.934478 0.172316 0.746761 0.924757 0.508511 0.373462 0.868116 43.7828
0.484352 0.601872 0.87004 0.28402 0.150473 0.464735 0.32698 45.7806
0.0667947 0.307657 0.0461431 0.0224181 0.663624 0.360374 0.138927 52.5862
0.245095 0.569274 0.5074 0.137569 0.361748 0.400228 0.4195 50.1458
0.299058 0.537693 0.00469937 0.861618 0.3316 0.843233 0.488162 40.516
0.0104457 0.241439 0.289572 0.50908 0.00566859 0.48476 0.0581821 52.8809
0.53463 0.454521 0.41862 0.430024 0.205387 0.0942967 0.852923 45.9149
0.518483 0.915873 0.206852 0.550939 0.643106 0.266186 0.429127 45.4684
0.524828 0.943685 0.297555 0.432921 0.133841 0.592379 0.361109 44.6033
0.611308 0.46934 0.64288 0.691281 0.250055 0.633563 0.445242 44.9972
0.593388 0.6686 0.662778 0.681517 0.289125 0.353742 0.635255 39.886
0.236811 0.0277325 0.371749 0.0644924 0.122148 0.000520076 0.149316 54.4302
0.471406 0.90371 0.124952 0.330123 0.587303 0.935016 0.990075 41.8782
0.23831 0.752797 0.153618 0.216199 0.476983 0.38358 0.0276255 46.4428
0.722418 0.421461 0.804997 0.5763 0.0182089 0.855152 0.355747 48.1358
0.699789 0.416654 0.0504798 0.965207 0.057571 0.27238 0.45325 47.2071
0.16042 0.0926571 0.774247 0.460288 0.00384428 0.456367 0.883077 50.4479
6.90964e-05 0.644916 0.264922 0.994685 0.227015 0.469041 0.47236 50.2335
0.559504 0.117011 0.19297 0.602245 0.605289 0.407131 0.641129 48.6862
0.595054 0.153424 0.630242 0.768451 0.461117 0.0391609 0.697711 48.4856
0.839685 0.31113 0.190461 0.662155 0.274168 0.718866 0.479121 47.9056
0.26446 0.52478 0.703147 0.938143 0.829751 0.495957 0.287799 39.1205
0.350697 0.491992 0.765525 0.474284 0.545304 0.215289 0.464024 47.9571
0.322629 0.235786 0.836793 0.223001 0.703261 0.0607871 0.755093 42.9106
0.382526 0.789986 0.360435 0.362305 0.968487 0.650803 0.554778 42.1244
0.622623 0.590448 0.595186 0.711582 0.568101 0.792605 0.804961 36.127
0.363584 0.633164 0.00198321 0.164238 0.0239967 0.590672 0.153151 51.5733
0.0678979 0.128275 0.171632 0.145966 0.34554 0.855706 0.757885 50.351
0.192768 0.345585 0.219586 0.0352002 0.779405 0.0791223 0.112221 44.0439
0.128406 0.910056 0.167096 0.207952 0.36647 0.427257 1.43558e-05 45.9561
0.647919 0.552127 0.176871 0.0215975 0.99194 0.229786 0.247772 44.2016
0.829515 0.542049 0.979956 0.126891 0.494557 0.34917 0.737359 42.984
0.025095 0.659056 0.0728557 0.941122 0.574666 0.101869 0.00343499 44.4468
0.590334 0.625999 0.528853 0.628238 0.724416 0.982093 0.744847 37.7894
0.613305 0.198873 0.110897 0.00808432 0.301959 0.522789 0.590301 52.8258
0.150341 0.16831 0.665655 0.325967 0.316244 0.112091 0.619237 48.6788
0.307413 0.512983 0.668883 0.0267081 0.536391 0.958206 0.673209 48.0027
0.0652526 0.666343 0.0499122 0.747692 0.904133 0.588392 0.0483904 40.6173
0.0384899 0.0337381 0.615538 0.592414 0.327958 0.647559 0.505457 48.871
0.419254 0.996888 0.965277 0.302343 0.413135 0.481801 0.625508 43.9467
0.467536 0.558123 0.170343 0.05468 0.234219 0.201468 0.859222 49.479
0.480035 0.695659 0.51523 0.438897 0.572807 0.616384 0.647558 38.4853
0.321858 0.581727 0.668753 0.120797 0.155508 0.936405 0.251769 48.3644
0.571685 0.828569 0.405451 0.244765 0.704497 0.694971 0.569139 41.2314
0.58024 0.405341 0.285255 0.114589 0.58456 0.489662 0.217058 46.9064
0.28615 0.33315 0.0282911 0.478961 0.595302 0.160371 0.000742906 51.9052
0.317315 0.252325 0.122283 0.567038 0.999414 0.456845 0.00624438 46.2484
0.586497 0.653461 0.149148 0.111789 0.931046 0.433036 0.0922052 45.4093
0.950007 0.110368 0.752414 0.93373 0.973383 0.620276 0.716658 38.6015
0.52115 0.636913 0.65783 0.354189 0.823201 0.954068 0.439278 40.6781
0.882713 0.281419 0.341217 0.156617 0.539334 0.488676 0.371708 48.9037
0.690017 0.586643 0.604759 0.340463 0.672661 0.725851 0.795164 40.4129
0.140718 0.33426 0.379928 0.0824461 0.960346 0.570773 0.22847 43.6403
0.8118 0.0852909 0.277532 0.931607 0.17887 0.239006 0.0790688 45.9812
0.434417 0.159165 0.343148 0.683727 0.658962 0.18889 0.105547 51.0133
0.111812 0.561537 0.37017 0.897701 0.231377 0.467434 0.742573 47.8575
0.0273868 0.984666 0.843589 0.770849 0.84518 0.260223 0.386476 32.3578
0.105959 0.579057 0.271087 0.0665535 0.0566381 0.594459 0.911391 48.2683
0.457366 0.769324 0.130511 0.387563 0.739908 0.531679 0.392877 47.4478
0.660184 0.908751 0.53231 0.420039 0.255301 0.294109 0.0964287 47.3065
0.249963 0.867899 0.318614 0.00839742 0.388067 0.198804 0.0369289 47.8195
0.641261 0.655595 0.328507 0.299062 0.484997 0.100329 0.0606781 47.3416
0.91402 0.153402 0.785473 0.528916 0.0274037 0.909641 0.845158 44.7423
0.0240404 0.0114093 0.735008 0.0392446 0.320745 0.80723 0.0838314 47.9283
0.222446 0.243381 0.423508 0.221395 0.195947 0.0417758 0.305992 50.7858
0.748809 0.936322 0.390369 0.967428 0.883501 0.315565 0.589795 33.0198
0.52414 0.882951 0.586117 0.948615 0.426896 0.629583 0.342233 39.1088
0.742402 0.51136 0.928063 0.587698 0.00193404 0.326597 0.729525 43.0586
0.155818 0.663427 0.111285 0.189551 0.819665 0.799351 0.185138 41.608
0.305063 0.629957 0.0171834 0.376544 0.958758 0.314682 0.168276 47.631
0.188125 0.908127 0.396311 0.041226 0.870586 0.104639 0.336938 46.4419
0.784662 0.298883 0.562072 0.869336 0.174352 0.336939 0.245091 46.3897
0.429494 0.765951 0.447614 0.252877 0.349632 0.728607 0.249752 45.6222
0.359879 0.363316 0.253702 0.367192 0.421262 0.463746 0.532086 44.6807
0.213452 0.864187 0.276344 0.0580573 0.541914 0.463117 0.196631 45.2363
0.594423 0.37857 0.425772 0.307399 0.62342 0.597116 0.301376 45.5667
0.244368 0.83675 0.0569658 0.775631 0.904677 0.949709 0.181632 33.3548
2.45461e-13 0.702994 0.6458 0.706606 0.581987 0.165035 0.269597 41.3476
0.708622 0.985587 0.413935 0.45635 0.733776 0.221868 0.493977 43.144
0.0250849 0.30505 0.483814 0.554737 0.276303 0.254685 0.597591 51.5639
0.753251 0.545938 0.118298 0.723241 0.343066 0.862975 0.604049 37.8327
0.821103 0.0702034 0.717632 0.622708 0.842602 0.83759 0.665197 36.0601
0.132715 0.145724 0.672246 0.685436 0.521074 0.517443 0.624033 47.7629
0.761729 0.983498 0.778104 0.843229 0.77518 0.35778 0.999292 27.2093
0.235029 0.378137 0.739747 0.87628 0.518938 0.753328 0.685184 43.9783
0.674451 0.216979 0.662018 0.951721 0.60736 0.692893 0.665762 42.1558
0.49395 0.166099 0.599892 0.610758 0.296361 0.748253 0.519609 50.5927
0.283974 0.226374 0.191412 0.189445 0.444291 0.293633 0.806776 46.9968
0.0184001 0.993906 0.988048 0.984137 0.856119 0.24913 0.447602 31.7841
0.793284 0.655927 0.952615 0.343532 0.550177 0.895206 0.715118 37.5604
0.66873 0.440059 0.474088 0.794005 0.470694 0.0380638 0.352371 49.1451
0.63312 0.684671 0.376052 0.598638 0.748708 0.717191 0.409704 35.1679
0.162366 0.907425 0.103963 0.636657 0.69968 0.791808 0.0320694 40.0172
0.821516 0.759054 0.638046 0.597527 0.635889 0.0858927 0.933382 36.6866
0.0417361 0.496909 0.187985 0.337413 0.906359 0.266394 0.595807 52.4955
0.110246 0.86129 0.129621 0.568147 0.517208 0.779452 0.209119 38.3441
0.515941 0.527866 0.324871 0.558155 0.984837 0.918265 0.453679 41.0829
0.456631 0.71518 0.57456 0.311638 0.393991 0.505607 0.408566 46.7694
0.460785 0.214675 0.711304 0.253825 0.447007 0.903325 0.753556 46.3423
0.556792 0.598771 0.341652 0.170551 0.382658 0.392811 0.626892 47.7857
3.62824e-14 0.886203 0.636253 0.3882 0.766584 0.00359869 0.100195 43.162
0.99088 0.531802 0.461716 0.703199 0.976173 0.601256 0.681136 40.4462
0.277651 0.660723 0.0816339 0.00924306 0.979082 0.611886 0.238719 43.133
0.186214 0.737359 0.49448 0.842047 0.896593 0.299066 0.430721 40.8527
0.544378 0.735093 0.897384 0.974363 0.744722 0.529283 0.677137 31.086
0.674597 0.523092 0.618462 0.560218 0.709009 0.962419 0.759377 36.4469
0.79345 0.461548 0.392085 0.939015 0.529488 0.8758 0.557957 35.3146
0.572989 0.248985 0.262035 0.608684 0.0793471 0.791153 0.747321 46.1374
0.764413 0.186986 0.768106 0.0554808 0.32538 0.053445 0.992053 46.962
0.625477 0.407911 0.375115 0.295731 0.58396 0.529649 0.262377 45.1263
0.10839 0.795973 0.0231595 0.152036 0.559279 0.344105 0.165008 50.0546
0.328109 0.591681 0.672136 0.259611 0.503573 0.453487 0.595194 45.4194
0.0457879 0.449595 0.245286 0.552063 0.0427682 0.55117 0.100216 52.851
0.018357 0.273653 0.59091 0.219854 0.325511 0.305249 0.12205 48.5617
0.632502 0.857793 0.733097 0.16749 0.962223 0.0665585 0.682118 39.7781
0.938152 0.221027 0.373496 0.873268 0.476789 0.488172 0.981087 38.2415
0.423109 0.681612 0.17443 0.062155 0.373445 0.442544 0.108279 49.233
0.555802 0.794526 0.439164 0.218461 0.391124 0.544576 0.641878 39.7118
0.836349 0.107243 0.282678 0.891465 0.845458 0.604492 0.815894 38.6883
0.648599 0.810764 0.554615 0.686452 0.385631 0.364887 0.937122 35.7117
0.892364 0.717513 0.948434 0.238388 0.679449 0.920493 0.986681 28.7822
0.288934 0.72502 0.062847 0.727869 0.740095 0.682114 0.216329 36.5474
0.271898 0.745518 0.202219 0.26899 0.602068 0.0245397 0.168478 48.0622
0.0945866 0.258032 0.505856 0.85489 0.160123 0.511536 0.704162 46.893
0.266552 0.600135 0.262225 0.0295368 0.731921 0.951272 0.310523 46.5872
0.610625 0.0151339 0.220016 0.702259 0.232993 0.0187343 0.534402 50.8481
0.579445 0.0350933 0.581035 0.941391 0.946217 0.579969 0.605392 42.5833
0.0973098 0.533376 0.602352 0.672601 0.665891 0.291951 0.583271 41.0479
0.289634 0.143334 0.725365 0.108681 0.433134 0.511676 0.499512 44.8969
0.970243 0.115958 0.937821 0.850837 0.439988 0.585474 0.9617 42.3823
0.151395 0.445452 0.297311 0.4153 0.00508701 0.914759 0.0204551 50.5799
0.21672 0.621091 0.367104 0.701649 0.995896 0.124163 0.382048 41.4872
0.498261 0.997106 0.357512 0.612687 0.746787 0.713464 0.318549 39.9944
0.206427 0.879375 0.390936 0.594413 0.466953 0.905158 0.54584 39.578
0.164693 0.758315 0.150195 0.212523 0.838522 0.000525911 0.0712421 49.2811
0.489024 0.323389 0.122658 0.970778 0.586323 0.764314 0.133518 36.9342
0.922243 0.122797 0.837103 0.561275 0.0328406 0.806616 0.980117 43.9726
0.444293 0.457993 0.660525 0.575989 0.603412 0.390202 0.444295 41.5957
0.431423 0.673111 0.74949 0.228717 0.894455 0.452607 0.492097 38.1608
0.88561 0.918553 0.874239 0.94192 0.794287 0.967118 0.919599 22.1846
0.13422 0.0978427 0.625889 0.778908 0.617665 0.459603 0.25605 47.3296
0.195129 0.849567 0.190008 0.59315 0.949881 0.567897 0.120659 43.2502
0.73645 0.834873 0.698582 0.895125 0.761513 0.281592 0.622081 31.4143
0.273979 0.678772 0.180752 0.0723835 0.540165 0.114457 0.316589 47.8111
0.770874 0.32012 0.975844 0.804376 0.114142 0.646578 0.651831 38.8288
0.596189 0.92364 0.459858 0.547405 0.169933 0.268642 0.0347495 48.4152
0.261477 0.651489 0.0850738 0.320152 0.999732 0.973722 0.111644 42.2407
0.104605 0.673028 0.596993 0.72696 0.659665 0.642646 0.464041 36.3615
0.958235 0.60994 0.558616 0.372799 0.208507 0.10139 0.486251 46.5089
0.918448 0.921397 0.919923 0.952704 0.886582 0.964779 0.878123 21.9536
0.439639 0.517548 0.79234 0.805713 0.467329 0.675913 0.946137 35.62
0.210514 0.9062 0.12534 0.382801 0.909697 0.840194 0.194099 38.0955
0.479234 0.971873 0.779085 0.994745 0.974595 0.40383 0.577477 33.1855
0.790005 0.0475205 0.973071 0.400699 0.887841 0.870926 0.825729 38.1168
0.721719 0.104331 0.646528 0.717377 0.215342 0.0731907 0.637292 49.9647
0.248077 0.905055 0.521235 0.64754 0.129717 0.800961 0.716054 37.209
0.474628 0.856823 0.217014 0.532147 0.695759 0.883772 0.664546 37.5971
0.528166 0.676771 0.380592 0.55264 0.688638 0.739258 0.313091 38.7571
0.546442 0.727106 0.346349 0.379154 0.712204 0.800336 0.585412 38.7212
0.968964 0.594816 0.922093 0.535907 0.161807 0.655442 0.796368 40.973
0.801289 0.612199 0.840077 0.841302 0.63036 0.818959 0.887661 29.0696
0.93931 0.953854 0.544398 0.824605 0.998073 0.726335 0.527429 29.6719
0.809107 0.941702 0.758992 0.803431 0.971052 0.78894 0.670809 27.9718
0.811643 0.351758 0.775963 0.434974 0.598378 0.763077 0.961021 38.8527
0.0645913 0.894342 0.607961 0.971152 0.870151 0.0391127 0.363678 36.8239
0.664657 0.278705 0.429387 0.899344 0.164814 0.869378 0.499615 44.1636
0.862977 0.824531 0.971316 0.881895 0.876969 0.84305 0.923274 21.7896
0.425389 0.0524174 0.535464 0.706378 0.235871 0.0743823 0.592744 52.3868
0.845868 0.847885 0.715396 0.972322 0.791501 0.956746 0.776332 26.2524
0.0340016 0.897803 0.616777 0.321775 0.941533 0.192686 0.264345 40.4054
0.0276905 0.447691 0.35041 0.0327819 0.630147 0.627026 0.0588345 51.7385
0.38903 0.729835 0.338786 0.360635 0.322047 0.506815 0.224641 45.713
0.203956 0.436213 0.126887 0.0029661 0.223632 0.0866572 1.43203e-07 51.1609
0.982941 0.850276 0.96707 0.677802 0.0943165 0.923442 0.748781 34.4552
0.736183 0.828674 0.142127 0.631802 0.988607 0.931714 0.0740068 33.4766
0.346735 0.641806 0.573134 0.520167 0.479634 0.218532 0.457555 45.9092
0.339854 0.858455 0.314941 0.469272 0.625461 0.880516 0.303113 37.581
0.716492 0.922202 0.575593 0.866138 0.910185 0.703423 0.348417 30.5497
0.180599 0.807615 0.63227 0.731393 0.463013 0.0885981 0.305878 41.7684
0.6588 0.740338 0.598844 0.979217 0.193056 0.332534 0.617261 40.8979
0.0179529 0.421897 0.703321 0.562772 0.488402 0.211084 0.551683 52.6345
0.0986016 0.92507 0.0329481 0.403002 0.590519 0.734032 0.0327856 45.3825
0.846397 0.101017 0.843975 0.62053 0.376371 0.313853 0.832025 42.7968
0.320875 0.484787 0.420055 0.0861646 0.461908 0.979207 0.377285 48.7089
0.644967 0.105984 0.585601 0.910562 0.985112 0.0772174 0.702866 43.3107
0.59698 0.875964 0.653793 0.0786051 0.745257 0.888723 0.6584 36.8158
0.696124 0.960144 0.682448 0.951447 0.710802 0.915472 0.694964 29.4019
0.962858 0.425775 0.650143 0.514994 0.0599145 0.414 0.43556 47.2345
0.894317 0.670135 0.864982 0.800547 0.651672 0.700632 0.874173 28.1991
0.535197 0.105743 0.571594 0.936865 0.359607 0.561595 0.596894 48.8216
0.052988 0.496074 0.227598 0.329687 0.987498 0.334855 0.524709 52.7512
0.106493 0.666824 0.0598391 0.00106109 0.0728996 0.0275622 2.57618e-09 49.4069
0.551771 0.778894 0.13514 0.713846 0.797782 0.852267 0.268952 35.2336
0.6395 0.0190671 0.572338 0.14716 0.51482 0.0905869 0.828042 51.3789
0.942892 0.873305 0.213665 0.579811 0.999362 0.986379 0.177751 31.3615
0.879127 0.290978 0.401813 0.74493 0.986797 0.686739 0.599157 31.733
0.386626 0.938325 0.680274 0.49603 0.896941 0.436802 0.516661 41.6428
0.740801 0.691324 0.959378 0.996742 0.768814 0.836123 0.832567 26.6011
0.402695 0.26776 0.807977 0.937711 0.774475 0.849391 0.454795 34.7399
0.745677 0.914806 0.577292 0.630502 0.961329 0.570699 0.214365 37.326
0.520975 0.999501 0.41125 0.664327 0.570224 0.71023 0.419035 40.9724
0.268957 0.612577 0.194369 0.959442 0.72141 0.230531 0.476443 42.0831
0.636824 0.0734263 0.568478 0.521797 0.87257 0.252602 0.0403977 50.1775
0.165858 0.576613 0.401271 0.731155 0.826771 0.306097 0.353356 40.1432
0.269705 0.0527865 0.0147688 0.338147 0.379808 0.676779 0.997252 49.0956
0.205563 0.619238 0.597229 0.697552 0.524747 0.373219 0.420761 39.4358
0.881917 0.711244 0.75451 0.791894 0.507382 0.811428 0.712738 29.5359
0.954076 0.160503 0.956372 0.962052 0.129443 0.0432846 0.999859 46.09
0.637893 0.92586 0.48927 0.864976 0.889968 0.698056 0.277915 34.8812
0.181478 0.212179 0.0448219 0.625187 0.958002 0.981003 0.503513 42.5441
0.0150591 0.99846 0.650503 0.810775 0.828471 0.276323 0.339941 34.8943
0.324173 0.752988 0.73932 0.314959 0.822991 0.108869 0.414977 41.4549
0.058269 0.873814 0.78345 0.992535 0.979827 0.226499 0.707758 34.2478
0.312986 0.6754 0.457665 0.315424 0.866803 0.328707 0.403523 43.4994
0.823988 0.973753 0.431088 0.933305 0.0475902 0.561179 0.236181 43.882
0.016797 0.320179 0.250293 0.823923 0.627997 0.607182 0.230936 44.8346
0.0871458 0.72214 0.0271882 0.662556 0.721435 0.556268 0.146432 38.9572
0.27269 0.639889 0.0408044 0.375214 0.647601 0.884472 0.281258 45.0715
0.771769 0.78259 0.954472 0.977919 0.099937 0.702616 0.374485 39.5353
0.2927 0.321006 0.754622 0.727258 0.339197 0.693945 0.954994 36.6091
0.41678 0.735147 0.526377 0.527666 0.0630542 0.947196 0.691406 46.6223
0.126077 0.730287 0.232286 0.741825 0.626882 0.825551 0.405713 38.6892
0.67904 0.802582 0.657194 0.847841 0.909352 0.978063 0.56646 26.256
0.665593 0.0471565 0.376783 0.78806 0.169181 0.328335 0.17742 48.7332
0.228744 0.915905 0.185185 0.125531 0.0630137 0.0870869 0.164219 46.1917
0.279791 0.514625 0.0866224 0.185413 0.0756427 0.744715 0.501084 49.0706
0.23476 0.502567 0.947623 0.908038 0.910169 0.211009 0.4243 37.4119
0.303314 0.698747 0.243784 0.657193 0.918324 0.983753 0.434817 35.8035
0.400033 0.947001 0.475863 0.705985 0.877165 0.652303 0.663319 34.1099
0.639462 0.196347 0.229768 0.721498 0.924029 0.598971 0.539785 33.4377
0.435843 0.894726 0.28897 0.525861 0.777304 0.454644 0.190827 40.6601
0.492026 0.67985 0.579536 0.185747 0.601448 0.343791 0.47053 47.7149
0.147412 0.34862 0.988842 0.661922 0.831326 0.689308 0.579156 38.265
0.358762 0.563001 0.0973479 0.316527 0.081813 0.000777222 0.148528 50.9219
0.980024 0.68193 0.789538 0.347916 0.553109 0.785751 0.679386 35.0737
0.00420807 0.572787 0.179771 0.841205 0.77347 0.0280433 0.153674 43.6563
0.836207 0.831825 0.634962 0.163868 0.650619 0.993583 0.809734 33.4955
0.650687 0.840837 0.940996 0.669936 0.951467 0.156441 0.815398 28.6539
0.461178 0.837073 0.743847 0.659929 0.20502 0.996339 0.468612 34.0089
3.32399e-13 0.777585 0.537269 0.759724 0.500237 0.179007 0.318991 41.5485
0.0110024 0.550804 0.295851 0.746173 0.78942 0.106988 0.0612021 44.0593
0.117043 0.223167 0.336981 0.36936 0.998696 0.191316 0.407251 47.3414
0.605209 0.409888 0.539058 0.914107 0.821899 0.963606 0.401129 33.6642
0.313868 0.621276 0.118246 0.39587 0.693327 0.489009 0.14846 47.424
0.376466 0.169315 0.159223 0.920888 0.278967 0.0970404 0.406844 48.2162
0.486549 0.790176 0.479676 0.813767 0.392012 0.68442 0.517295 38.2947
0.513925 0.762065 0.435344 0.88621 0.420515 0.966299 0.598529 39.289
0.805528 0.340357 0.719198 0.472071 0.592113 0.746974 0.970991 40.795
0.608563 0.802477 0.74048 0.757003 0.446307 0.671675 0.497234 41.2927
0.702245 0.418396 0.813525 0.850981 0.421501 0.728869 0.676092 35.4385
0.627764 0.746553 0.0860033 0.744181 0.809946 0.827337 0.00913735 35.5469
0.652367 0.739113 0.463699 0.722925 0.518104 0.612093 0.561996 36.7653
0.973511 0.722523 0.558107 0.655482 0.970073 0.700157 0.489902 37.6987
0.537538 0.951047 0.582975 0.15384 0.512286 0.438426 0.859248 42.7679
0.0747211 0.544138 0.242095 0.781504 0.763116 0.0500879 0.0740872 44.6705
0.561744 0.917501 0.979593 0.811776 0.901241 0.707161 0.713823 27.8943
0.40571 0.422348 0.709062 0.863685 0.544514 0.513418 0.639764 41.1386
0.847893 0.424459 0.862018 0.961437 0.799375 0.612622 0.763136 30.8291
0.98467 0.871474 0.827182 0.6041 0.922183 0.996977 0.874409 27.3852
0.337684 0.566276 0.136919 0.982119 0.898733 0.673238 0.472683 40.0881
0.22435 0.809792 0.649872 0.566374 0.667586 0.856802 0.836231 31.1199
0.00366624 0.852013 0.598212 0.522461 0.862847 0.236764 0.227694 38.61
0.345791 0.781218 0.363915 0.663785 0.582182 0.54592 0.33561 42.1278
0.101632 0.870364 0.659899 0.735165 0.524245 0.0269894 0.322427 40.7704
0.647948 0.597508 0.706448 0.662223 0.417256 0.840332 0.782543 42.0403
0.426121 0.953001 0.994725 0.614664 0.834987 0.367065 0.601815 34.8269
0.605831 0.718196 0.934194 0.968934 0.74354 0.583558 0.694053 30.3217
0.159276 0.998914 0.269534 0.660352 0.780335 0.190631 0.161962 41.4525
0.625547 0.920904 0.505429 0.673421 0.801044 0.421931 0.256932 38.4191
0.726358 0.825013 0.42742 0.90664 0.781363 0.532943 0.381179 31.9316
0.704303 0.728931 0.819161 0.9987 0.5224 0.751607 0.780543 30.2953
0.670888 0.805496 0.813092 0.616538 0.649641 0.804872 0.847505 29.1372
0.889865 0.815773 0.713564 0.869218 0.109317 0.938804 0.685894 32.0753
0.851307 0.687971 0.901278 0.533399 0.816465 0.635133 0.941627 29.2652
0.170276 0.977287 0.998447 0.920281 0.906486 0.232484 0.543503 32.0025
0.480377 0.382015 0.679591 0.705011 0.927285 0.733602 0.705884 35.9593
0.730392 0.941142 0.847393 0.883495 0.917546 0.902114 0.843915 22.6923
0.0709905 0.710157 0.659184 0.80158 0.775514 0.467572 0.382583 37.0703
0.421525 0.355997 0.780951 0.52048 0.647069 0.973258 0.645603 39.4986
0.414832 0.905346 0.621315 0.867466 0.501906 0.507385 0.458208 39.5636
0.822473 0.0847198 0.768237 0.971224 0.762204 0.740428 0.866343 34.3522
0.181959 0.0552008 0.589602 0.735269 0.903076 0.290045 0.580763 41.9902
0.375678 0.821175 0.889681 0.899835 0.700792 0.386499 0.538531 35.2782
0.710789 0.548855 0.647074 0.495026 0.327155 0.777693 0.424979 41.7357
0.154122 0.980213 0.575257 0.396663 0.800338 0.0899796 0.139335 43.1643
0.768299 0.772656 0.619976 0.70811 0.95844 0.493993 0.77353 33.9048
0.772625 0.760356 0.752017 0.72044 0.930906 0.884941 0.73534 26.17
0.0903484 0.794715 0.117573 0.979726 0.784359 0.814427 0.158202 31.6455
0.728282 0.490942 0.644909 0.769661 0.426666 0.852683 0.838981 34.5271
0.361954 0.654893 0.241344 0.437661 0.722337 0.492664 0.137455 45.7277
0.861438 0.607883 0.517366 0.824186 0.55293 0.668334 0.687292 33.591
0.13226 0.943201 0.10652 0.815751 0.796161 0.134216 0.156201 43.5006
0.348945 0.799776 0.560436 0.263503 0.759639 0.0883104 0.437517 42.7007
0.928326 0.693765 0.546083 0.810029 0.64413 0.882443 0.329289 33.7465
0.592174 0.708445 0.41735 0.750206 0.754173 0.823767 0.337687 32.6662
0.983751 0.790578 0.801395 0.79043 0.842123 0.665513 0.828896 28.3723
0.414971 0.587934 0.144827 0.782856 0.526009 0.628569 0.631011 45.6109
0.978229 0.239543 0.611627 0.827502 0.722063 0.350457 0.621808 38.0279
0.686912 0.754555 0.273277 0.711099 0.783164 0.872338 0.410932 33.5725
0.705063 0.756461 0.726079 0.867061 0.735216 0.416195 0.738625 32.9907
0.960247 0.860734 0.75792 0.715628 0.621874 0.721649 0.66896 30.4614
0.566127 0.756751 0.567984 0.873372 0.69283 0.875112 0.690152 32.799
0.0483937 0.731151 0.612442 0.783379 0.835816 0.439118 0.360706 36.2644
0.511769 0.578744 0.538826 0.323605 0.851692 0.729417 0.817601 39.9768
0.795122 0.177379 0.773227 0.910311 0.818082 0.770842 0.845647 31.1475
0.144123 0.29388 0.221 0.961364 0.849737 0.712736 0.0807747 46.2138
0.0513514 0.865209 0.259992 0.694234 0.850748 0.219582 0.25285 43.7575
0.406061 0.942842 0.935588 0.799511 0.949346 0.347591 0.772841 30.0342
0.533798 0.98727 0.376895 0.906955 0.997372 0.813002 0.512545 30.7439
0.357548 0.440652 0.997759 0.630677 0.881492 0.775905 0.770443 32.6776
0.342767 0.992871 0.906443 0.854549 0.961823 0.503422 0.747534 27.6851
0.599117 0.908356 0.530498 0.999873 0.146776 0.912321 0.531889 34.73
0.405242 0.484055 0.525566 0.960387 0.736759 0.576907 0.43713 40.8809
0.118205 0.948741 0.304384 0.495558 0.825265 0.658277 0.165866 37.9997
0.114843 0.914614 0.687423 0.927155 0.986337 0.25724 0.267395 35.8968
0.13089 0.5116 0.674699 0.652974 0.957649 0.404861 0.557059 40.9221
0.805373 0.300717 0.724728 0.6497 0.917848 0.8948 0.660923 34.2275
0.710143 0.943252 0.518878 0.748678 0.974257 0.409796 0.699325 33.2276
0.912526 0.921414 0.946715 0.0619821 0.737292 0.459531 0.904155 34.7052
0.143149 0.0576648 0.779756 0.403229 0.361469 0.431846 0.612289 51.1914
0.724906 0.801312 0.813366 0.983991 0.176327 0.420391 0.952116 34.9905
0.832585 0.796423 0.878944 0.989381 0.314309 0.41611 0.867707 33.2726
0.732796 0.911558 0.099524 0.643605 0.956335 0.859629 0.0912333 34.0554
0.904773 0.741801 0.914121 0.926903 0.380962 0.987689 0.973941 29.057
0.98866 0.783311 0.872558 0.864135 0.730586 0.908923 0.858195 23.9411
0.0460303 0.963158 0.0133387 0.0301123 0.0505989 0.333564 0.138613 51.8673
0.905983 0.882063 0.292519 0.784436 0.401781 0.502893 0.400863 35.0563
0.728347 0.539509 0.987551 0.784255 0.991008 0.636688 0.789654 31.208
0.287119 0.820071 0.492099 0.667287 0.575983 0.47256 0.410856 44.6853
0.516205 0.874118 0.547298 0.833858 0.87543 0.998535 0.503523 29.315
0.0136423 0.48948 0.468138 0.883662 0.870763 0.117749 0.0394126 43.1401
0.618344 0.696315 0.699922 0.683559 0.64764 0.33514 0.65898 36.2216
0.514386 0.507536 0.655991 0.547688 0.591359 0.388124 0.476903 42.121
0.570455 0.94213 0.399 0.785873 0.994272 0.868172 0.4625 30.4323
0.898702 0.80101 0.721335 0.746199 0.698217 0.9011 0.80033 27.9509
0.994717 0.893443 0.674396 0.780997 0.530345 0.990347 0.571231 32.2368
0.384285 0.961769 0.792109 0.643479 0.791812 0.283547 0.633475 33.728
0.0900549 0.959176 0.878701 0.996309 0.891237 0.116899 0.481355 33.8466
0.871801 0.821451 0.825012 0.752709 0.921566 0.84805 0.874711 22.5205
0.343914 0.604917 0.685087 0.370954 0.50518 0.292916 0.488622 46.8214
0.530461 0.275361 0.186757 0.612999 0.86469 0.78725 0.528452 34.516
0.826269 0.433452 0.976745 0.99265 0.754439 0.731755 0.980301 29.8156
0.779283 0.744334 0.986784 0.84703 0.36379 0.831674 0.681174 29.8998
0.996907 0.808747 0.539651 0.651287 0.90434 0.552825 0.55984 35.3538
0.121375 0.946024 0.346394 0.528139 0.820227 0.710921 0.105913 37.6235
0.711575 0.576178 0.791563 0.77279 0.597891 0.451691 0.795726 32.4199
0.779985 0.650574 0.429345 0.688039 0.93478 0.814618 0.359062 33.5334
0.948907 0.739995 0.895472 0.839671 0.640173 0.925824 0.885077 26.6628
0.864343 0.972838 0.992852 0.753145 0.236226 0.858365 0.960282 31.5467
0.807286 0.842959 0.848946 0.661807 0.95191 0.87995 0.81211 24.6085
0.279916 0.694249 0.601188 0.524774 0.722746 0.960333 0.168513 40.2343
0.785128 0.869193 0.738597 0.915107 0.721928 0.743713 0.731579 26.6552
0.196848 0.892091 2.54979e-07 0.832445 0.9892 0.848526 0.0598316 31.48
0.726069 0.966538 0.804303 0.858763 0.64597 0.608315 0.832257 28.4799
0.440039 0.913758 0.94798 0.93678 0.866008 0.221151 0.723269 29.8735
0.593939 0.927788 0.913224 0.986306 0.0118722 0.850062 0.969541 32.9184
0.490586 0.858279 0.309153 0.641662 0.923547 0.884448 0.43314 33.9417
0.502043 0.813808 0.341162 0.758307 0.915744 0.890971 0.402209 32.2992
0.257746 0.991645 0.691485 0.753832 0.937595 0.710162 0.83856 27.5737
0.684015 0.783607 0.470666 0.957357 0.940396 0.599377 0.581746 32.5068
0.144746 0.89609 0.321051 0.754641 0.593372 0.695861 0.467156 38.2107
0.761482 0.980473 0.944276 0.82712 0.827744 0.791049 0.820825 23.32
0.506248 0.939518 0.600537 0.729636 0.947106 0.720823 0.551854 35.9458
0.85557 0.934829 0.893552 0.83102 0.895165 0.950103 0.897514 22.8665
0.733563 0.316688 0.811424 0.828866 0.753062 0.732366 0.819863 31.8048
0.394766 0.895332 0.115607 0.903817 0.991938 0.983725 0.223359 30.7247
0.763596 0.557043 0.902534 0.740831 0.623723 0.51468 0.83964 31.5171
0.467692 0.961787 0.606998 0.646706 0.827819 0.771836 0.682407 32.14
0.910354 0.714639 0.891782 0.868201 0.914347 0.110076 0.922922 27.66
0.874309 0.862556 0.879734 0.832735 0.831477 0.745097 0.728503 24.5537
0.575558 0.756651 0.677823 0.962339 0.922644 0.0560279 0.691011 36.9945
0.716425 0.826744 0.200754 0.72729 0.757688 0.998368 0.189048 34.1658
0.948682 0.794929 0.732489 0.735354 0.896964 0.890974 0.643833 26.4978
0.469143 0.894307 0.77577 0.877804 0.896329 0.387399 0.985949 29.7831
0.707584 0.846373 0.809632 0.610383 0.822304 0.897726 0.573476 30.6623
0.12335 0.709083 0.0391806 0.980515 0.44046 0.821025 0.00400406 37.5972
0.169046 0.860102 0.554591 0.95824 0.937013 0.279808 0.333519 36.6269
0.7926 0.841629 0.589279 0.651392 0.936173 0.691837 0.542583 31.6746
0.634457 0.96584 0.862878 0.821809 0.803214 0.837095 0.935045 24.5256
0.58354 0.692698 0.886758 0.684354 0.90172 0.709814 0.763382 30.1874
0.00023697 0.985414 0.949452 0.912134 0.936975 0.119467 0.482454 31.8246
0.899582 0.931802 0.933595 0.930245 0.71665 0.807041 0.92811 24.3475
0.681447 0.989147 0.877493 0.90479 0.664492 0.683005 0.930895 26.9545
0.872614 0.772033 0.998021 0.798121 0.884839 0.84481 0.917432 25.2082
0.442522 0.995965 0.80262 0.810356 0.937548 0.768696 0.971307 27.5702
0.742152 0.913815 0.72882 0.877015 0.794211 0.938325 0.75773 24.8572
0.999216 0.88327 0.922222 0.896072 0.84846 0.989281 0.892049 22.9579
0.721404 0.879721 0.975847 0.979255 0.0505958 0.913746 0.977672 31.135
0.982328 0.915981 0.755062 0.999951 0.772332 0.877104 0.848986 24.5938
0.901324 0.952184 0.14642 0.844127 0.985216 0.829587 0.108868 32.569
0.683593 0.619791 0.93262 0.750875 0.673037 0.475595 0.91949 30.1028
0.993714 0.676647 0.925817 0.965044 0.738085 0.891706 0.85389 25.9752
0.856397 0.924675 0.811011 0.617728 0.999603 0.656118 0.565752 30.4872
0.337869 0.840609 0.147503 0.664087 0.999673 0.938238 0.17229 32.0465
0.782663 0.949061 0.960322 0.850672 0.373199 0.848305 0.928957 28.9734
