12 0.207642
951.334 0 2532.71
382.99 456.424 2315.88
735.474 2527.02 0
1100.92 827.194 2274.43
1617.42 0 2280.37
1715.22 1715.22 1101
1888.95 1779.02 0
200.662 1903.56 1922.65
680.799 1459.2 1610.2
710.356 0 2667.02
1558.34 2087.76 1124.19
1677.31 0 1677.31
1810.01 1810.01 0
1.01503e-29 1.65768e-13 2707.19
496.702 2641.1 0
554.38 2598.4 671.108
1.63412e-13 0 2668.71
1319.1 986.43 1647.14
2492.91 1203.07 0
1.18157e-13 1.01543e-13 2544.32
1.52892e-13 2496.92 1930.41
919.538 919.538 2299.77
1309.14 1309.14 1851.41
1425.66 2126.76 1514.76
1992.6 1007.06 203.98
7.64745e-14 1248.92 2559.84
1.23436e-13 2015.86 2015.86
452.5 1799.41 1855.43
618.87 1602.82 2093.15
622.713 1056.53 2266.39
1322.47 2477.73 356.719
2516.19 102.015 0
8.61071e-14 1.5736e-13 2929.48
1.69407e-13 2766.63 0
626.91 1662.86 1777.11
1701.53 2040.85 1231.97
2124.12 426.428 1193.83
2269.19 1357.24 0
1.49126e-13 5.27407e-14 2583.24
1077.66 969.212 1900.21
2235.05 1770.43 0
2365.77 0 1424.95
1.58431e-13 2587.37 1432.57
29.6959 2229.94 1500.99
314.68 2640.91 859.612
2696.67 0 0
