14 0.169859
0.0360469 9.98545 2.88186e-263 1.46339e-145 8.06164e-103
0.081528 8.66096 1.09397e-08 4.16931e-69 0.364669
7.02061e-05 11.1623 1.00386e-44 9.81803e-50 2.74734e-61
0.00105072 11.1287 1.01321e-226 1.95346e-141 3.16733e-58
0.00587772 4.2889e-05 0.00345446 1.57996 9.40989
0.0144015 11.0901 9.40004e-231 2.81098e-313 2.71412e-36
0.0569892 2.33629e-14 3.57055e-07 5.8332 8.91871
0.207199 8.62317 3.14693e-61 3.06164e-25 6.72603e-24
0.341682 7.9805e-22 9.09074 3.95632e-90 7.11178e-27
0.344971 3.32581e-39 0.000140709 4.74043 7.04508
0.00166656 3.22862e-28 13.2784 1.90133e-72 0.0958871
0.0307206 6.12261e-19 9.5534 2.61979e-52 4.02301
0.0314105 10.7849 1.15503e-98 2.68696e-147 2.41311e-60
0.0596298 8.03246e-21 8.02474 1.45916e-66 6.0031
0.118435 8.9945e-23 8.45374 2.30828e-91 1.35348e-05
0.12853 5.55804e-63 10.1246 2.10824e-210 7.40254e-13
0.986863 8.04971 2.49428e-28 5.43521e-84 6.87055e-13
0.00389768 3.43598e-17 11.4111 1.798e-189 1.23083
0.0120134 8.57401 9.5631e-08 1.87387e-23 8.41398
0.0256523 8.21515 7.63426e-10 7.05219e-36 6.04106
0.0275821 4.70195e-23 7.51364e-14 8.15937 4.00989
0.0295219 8.79307e-36 10.4229 8.08679e-180 3.79341e-05
0.0528842 9.42793 5.98068e-20 2.01283e-172 1.27402e-07
0.643388 9.75543e-65 6.88608 1.6323e-29 0.0523033
5.24505e-06 3.21428e-106 0.00196595 7.02707e-175 9.83879
0.000745867 9.64128e-60 11.6966 2.06077e-106 4.09726
0.0218128 8.97776 1.63863e-10 4.1266e-44 0.752408
0.0897938 7.78354e-28 7.55267 1.99723e-78 3.23853
0.257002 1.49037e-06 9.23258 6.96333e-33 1.13502e-65
0.27089 9.41577e-122 8.35767e-17 7.42793 1.70046e-58
0.533302 2.20644e-37 7.81355 1.07398e-54 0.568482
0.864114 8.33858e-12 1.56801e-12 4.86295e-20 6.78332
1.03775 7.84594e-31 8.25826 1.29569e-29 1.20002e-15
2.35352e-05 1.2011e-31 6.70269 3.24866e-123 9.05637
5.96762e-05 3.0804e-57 0.0158825 1.20799e-95 8.92826
0.000275911 5.79638e-35 13.2788 2.5991e-119 7.20297e-05
0.00182216 3.4772 2.30337e-15 1.76061e-39 8.81484
0.00368525 4.99532e-37 11.5229 5.94615e-50 0.00865265
0.00613904 2.13554e-43 0.0974147 9.00921 6.31388e-24
0.00771617 2.87622e-14 1.36741e-09 1.81157e-11 9.69743
0.00942127 5.51915e-29 9.94848 4.06302e-41 0.0114447
0.0272328 10.5889 3.89048e-14 4.92185e-78 0.083327
0.0302364 1.319e-28 1.7459e-07 8.5723 1.66139e-13
0.118241 8.89563 8.45448e-51 9.01725e-42 4.35931e-16
0.1352 8.40576 3.0824e-51 9.25821e-49 0.0381506
0.917074 8.02423e-14 3.5802e-23 2.4107e-46 6.5676
0.000781937 11.0855 7.54615e-22 2.02597e-28 3.33734e-09
0.00107729 1.6412e-188 12.2233 0 2.23961
0.00191986 1.12051e-40 11.6883 4.37143e-51 8.64884e-19
0.00435597 8.87505e-11 0.00063374 1.09894e-22 9.62823
0.00545438 10.6305 5.59486e-25 9.19763e-38 5.91422
0.00549354 10.6823 9.32726e-26 1.213e-18 7.63507e-08
0.00754319 10.1124 3.1048e-06 9.56952e-53 8.47322e-06
0.0584197 1.19389e-51 1.32235e-58 8.36183 1.59253e-53
0.0739658 9.30959 2.6263e-26 6.95806e-176 4.17952
1.11395 2.77e-52 5.70479e-78 5.55629 3.17063e-112
9.37604e-05 1.34795e-10 1.9612e-30 11.1929 2.396e-60
0.000263385 3.63841e-57 1.78254e-163 15.0793 3.92049e-100
0.000455292 4.89962e-35 10.6136 1.85661e-177 8.24567
0.000792155 4.14655e-16 1.55765e-45 10.4237 1.01672e-164
0.000794399 4.09269e-31 9.39207 8.85501e-74 7.19489
0.00101964 5.14455e-13 1.71827e-295 9.5061 1.92919e-57
0.00186584 4.15802e-15 4.66221e-111 10.0557 1.55727e-56
0.0134557 4.32726e-18 2.39993e-66 10.3671 6.00326e-73
0.143999 9.93114e-63 8.54283 3.83775e-210 8.25139e-11
1.31786 7.24345 1.4223e-28 7.04143e-27 3.3066
0.00027402 5.99091e-08 4.63049e-33 11.0187 2.57747e-188
0.00062515 6.49866e-18 1.14661e-56 11.2957 8.67653e-144
0.00279025 3.66389e-19 2.84034e-155 10.6144 3.95396e-184
0.0327372 2.04091e-22 2.417e-12 9.73561 6.92698e-26
0.128232 9.85399 6.41515e-33 8.4514e-66 1.31636e-26
1.19774 1.68696e-31 3.7367e-32 5.26557 2.88197e-16
0.000789791 2.65196e-14 1.46654e-21 10.4983 9.44334e-73
0.176891 2.72122e-30 5.07321e-40 4.28308e-101 7.45164
0.626311 2.54351e-26 1.38216e-26 5.66673 1.21176e-31
1.02059 3.50152e-15 8.33825 1.80936e-289 2.2332e-28
1.30394 2.54266e-16 6.77216 3.79822e-55 2.50949e-08
0.00702275 3.31402e-24 3.78206e-10 10.5679 1.51346e-22
0.0279788 7.78039e-64 1.71517e-06 3.06266e-114 9.47061
1.13834 7.89629 3.84801e-109 4.14882e-49 1.37653e-27
1.39545 5.12157 1.89838e-42 3.50952e-26 2.24194e-25
1.83663 2.5351e-23 6.42485 1.33082e-130 5.04871e-31
0.000222832 2.26279e-101 3.90161e-16 1.00566e-161 11.3299
0.000692652 1.78254e-273 5.61995e-15 2.56246e-225 11.2511
0.00452369 2.11401e-34 9.35756e-23 1.12538e-91 10.3148
0.00935187 4.30301e-47 0.000166181 2.11485e-125 8.4961
0.026893 1.97049e-34 7.59472e-13 9.76886 8.71525e-16
0.0388936 3.3272e-06 9.95673 4.48376e-62 6.31201e-06
0.0944574 1.35702e-31 1.85945e-07 4.74785e-75 9.18113
0.000515055 5.55293e-95 7.56503e-15 1.29301e-128 9.76611
0.013852 7.38474e-26 11.422 3.92545e-81 2.23148e-10
0.0186033 2.97207e-42 9.06419 6.86978e-226 4.54842
0.0286696 10.3587 3.00243e-127 0.00280606 7.83338e-96
0.0311429 10.311 5.02989e-113 9.77955e-16 1.85746e-47
0.0315519 8.77211 9.93413e-218 4.75081e-07 6.51005e-52
0.12049 4.03155e-61 3.30321e-22 1.03916e-81 7.49669
0.242928 8.18417 2.48252e-36 1.13275e-05 1.93147e-26
0.253025 9.03842e-20 4.11399e-102 7.9782 7.1153e-45
0.278873 5.21062e-28 10.5247 3.82454e-96 5.59915e-28
0.329757 2.5088e-43 1.91183e-20 1.79523e-51 7.15405
1.17833 1.1896e-21 2.07949e-24 2.7903e-40 6.06245
2.15988 5.51369e-33 2.87739e-29 7.36696e-32 1.72657e-21
