10 0.973473
178.905 5.49958 0.493414
134.382 119.337 0.456194
5.21058 181.858 0.817471
0.36292 0.00581497 178.058
0.0983294 0.353885 182.063
0.011022 0.625789 176.765
150.428 98.1198 24.7684
166.567 62.5681 5.55442
174.417 43.1654 21.4618
39.1798 173.175 16.4358
71.6428 160.903 32.1606
177.839 1.20551 32.6784
158.373 89.8237 7.59494
175.197 34.8694 30.6424
1.69118 78.1216 163.246
166.746 25.5618 63.5022
5.54501 179.788 0.792831
33.6498 14.8041 173.135
154.768 81.7129 33.84
165.822 58.9468 26.7385
22.4827 137.795 110.784
100.931 149.982 11.5796
154.408 73.2316 49.2073
165.571 11.1119 68.8281
32.8465 71.0056 161.065
86.7953 30.8515 154.66
121.006 127.495 39.7281
36.6518 141.864 100.728
80.5632 159.492 12.051
1.03009 88.9571 157.747
140.144 112.3 10.1003
165.823 61.3329 8.93144
12.3946 173.788 40.2596
40.768 34.4863 172.615
159.844 7.61322 84.8447
23.8555 153.645 85.0929
158.941 81.8852 24.1118
135.392 104.696 61.6509
76.4856 40.4541 158.137
169.73 58.8643 27.3334
165.071 5.60321 75.7867
12.8822 162.57 74.3356
48.7211 169.589 17.4841
14.0936 155.749 90.5411
16.7984 58.4741 167.101
168.831 49.4225 37.1999
114.805 137.983 14.6538
132.561 126.202 0.822395
160.302 56.9819 55.6174
99.1857 14.195 150.486
34.1419 132.151 114.157
65.3661 101.666 134.68
162.332 79.6926 6.84673
44.386 171.823 28.5987
54.6508 43.7934 164.142
106.366 45.7247 137.508
104.529 125.631 71.3174
123.255 11.6888 130.932
102.127 137.215 45.8155
53.7735 158.332 62.9453
26.7035 163.719 72.3685
111.631 99.1628 99.6747
34.871 102.683 143.992
41.702 93.6574 146.09
140.33 105.895 41.3082
84.4409 16.9903 157.421
134.649 6.42195 116.697
127.251 69.5311 105.007
15.78 175.397 28.3798
105.259 145.493 20.7688
131.753 118.593 34.8131
51.3332 88.1735 148.842
78.8577 9.9655 160.618
36.9549 163.383 69.7488
10.747 177.239 38.5285
119.237 74.9663 115.545
15.5521 172.808 35.3167
139.755 112.25 13.5731
26.6385 61.7723 166.661
111.166 135.346 48.1903
66.2298 117.202 118.654
115.956 41.2169 131.198
7.47566 132.783 120.6
56.3431 75.7032 153.367
69.1528 122.375 111.534
97.505 29.6621 148.68
160.988 56.1034 43.8152
125.284 120.164 53.578
7.14544 46.0267 171.914
116.914 97.1013 96.1805
167.256 26.1886 60.6041
96.4947 140.085 67.5428
170.192 44.2787 40.6358
87.1464 124.12 101.24
16.2476 43.5378 171.518
89.5041 85.4368 130.354
1.45094 47.0486 173.733
110.174 103.677 97.5814
57.6031 129.989 112.818
47.5723 143.688 98.8312
5.67206 65.8324 168.855
66.6055 166.873 22.6505
136.993 74.852 90.1236
120.115 79.8666 108.271
51.8459 171.463 0.789553
142.698 100.066 47.2871
42.0812 149.53 88.6675
150.206 24.1247 98.1266
5.88065 47.0077 174.852
45.0294 41.9964 169.119
52.0759 120.762 123.669
123.512 131.633 4.93664
22.131 135.205 117.28
128.187 110.23 59.8593
67.4368 93.2135 138.814
55.9657 20.6966 170.759
67.6146 151.855 66.0043
55.3713 26.3005 168.367
151.967 55.5351 76.7139
8.53428 140.471 106.455
156.095 57.7314 64.1347
163.519 18.7749 70.5253
114.561 13.578 136.163
120.562 128.119 42.2468
63.4071 111.097 129.616
98.4373 143.956 46.7114
84.1874 144.6 61.3405
38.3573 102.068 142.621
160.725 82.4813 2.25905
45.5484 102.299 140.185
10.0838 177.776 4.19307
136.465 85.8918 77.8424
97.9921 139.564 58.9685
47.3475 170.382 34.1926
87.5882 153.977 35.5246
87.9498 158.764 18.4622
164.166 57.2059 37.7219
100.154 80.4417 128.219
60.0678 37.1963 165.594
141.715 109.954 9.67251
38.9589 100.896 141.469
118.938 19.1066 132.978
30.8773 136.481 111.033
139.705 116.029 1.55278
176.266 2.82683 20.3885
61.0798 105.739 130.184
83.9579 44.4056 154.049
53.3936 157.222 69.1374
153.667 79.1722 44.427
57.0435 112.031 129.051
61.765 133.179 102.738
145.185 76.7874 77.8728
101.449 123.515 82.115
172.921 12.4676 44.5569
28.4104 164.748 69.341
99.5721 1.59905 145.812
10.7794 162.715 74.8256
95.2553 134.786 68.1389
50.4676 113.876 127.861
52.8947 122.656 119.609
72.8591 136.185 92.7338
70.0946 162.92 23.653
35.3099 156.08 80.3514
167.715 19.8784 57.1629
68.2001 158.153 53.1568
80.0979 100.421 125.461
118.446 18.5643 133.381
161.682 31.3888 73.5937
27.7414 24.7774 175.175
143.461 2.29224 108.535
32.289 95.0696 147.01
131.312 116.646 37.9908
148.079 98.4616 23.0942
79.0383 5.30731 159.482
121.468 86.4974 100.936
77.3971 149.423 65.1463
147.498 64.885 80.17
92.4455 6.20136 155.564
21.5393 155.36 86.6611
70.4458 158.96 44.6857
15.1608 92.9358 153.034
18.5063 165.432 71.5452
79.5118 29.4094 154.941
90.4507 42.9647 146.62
8.02273 142.425 106.889
150.836 93.0818 36.0777
90.1365 84.065 132.649
157.656 27.7482 79.643
92.0573 42.4357 150.796
72.1186 120.982 113.164
44.668 87.7271 151.288
33.852 122.288 126.649
162.773 19.2824 77.5018
116.295 103.87 85.3345
149.106 74.4513 66.1759
6.66876 147.714 104.106
81.1881 160.733 2.64054
103.068 35.9097 144.924
43.7528 16.1813 173.035
49.4174 32.8588 169.828
162.983 28.6846 68.6393
43.191 77.742 156.087
117.171 83.2565 107.703
133.985 9.65901 118.992
148.593 47.8794 94.6125
2.48917 86.8048 158.713
108.44 38.5474 136.688
156.959 87.462 16.633
127.43 78.6365 102.94
28.1044 108.797 140.608
19.6211 57.7719 167.578
145.536 96.7689 46.58
60.3121 135.46 102.358
12.9146 77.2502 165.231
73.9202 31.7757 161.986
120.943 133.688 29.7466
42.8499 165.869 52.1436
5.02367 175.118 43.077
164.722 42.5702 57.6367
90.5972 129.029 83.59
29.5598 106.383 144.42
95.0206 141.325 60.9638
112.076 69.1646 121.444
150.257 53.4134 79.3389
24.3656 146.702 99.2726
160.635 44.8667 72.9399
85.7782 2.91749 156.862
20.16 174.548 30.1482
155.104 60.6099 73.7372
25.6526 165.279 66.413
96.1946 147.348 43.2684
2.07018 177.497 7.09832
29.2223 113.131 137.911
64.9009 148.224 84.2666
168.518 26.389 54.2179
113.672 138.396 23.259
100.023 51.5315 140.793
117.954 105.352 78.6841
130.472 15.4631 121.154
105.545 145.887 4.24021
135.959 105.135 58.1709
5.5155 178.686 4.08506
39.834 106.737 135.311
160.544 36.41 78.0531
35.8916 176.683 0.794675
65.8775 129.376 104.168
9.81313 114.398 136.369
146.995 9.86736 101.699
138.095 85.2179 81.4802
137.379 72.659 94.1842
152.862 94.3319 19.3349
40.5134 90.9914 149.595
6.0841 70.6015 166.089
78.2177 131.085 96.6039
175.65 23.3947 17.5605
154.017 43.5396 87.9972
31.4506 121.753 129.084
84.9902 150.404 52.5823
101.643 90.6354 115.903
92.7929 39.8867 151.696
3.71422 154.65 92.076
64.5756 138.8 92.776
20.6968 124.608 126.079
37.676 166.531 51.9685
93.5984 9.14418 154.42
83.1432 129.311 91.3912
17.2076 153.072 93.3514
81.8642 72.7207 143.224
161.656 67.1816 35.6328
68.3315 61.0308 153.826
109.434 129.04 67.1827
25.0572 27.515 175.126
89.928 47.5643 148.411
94.1687 152.613 3.11929
42.6901 175.672 3.14463
70.6254 33.5449 162.567
30.5329 81.2519 158.638
146.441 62.9521 83.2526
117.739 48.928 127.124
61.4368 142.628 92.5446
42.4305 152.697 87.5656
72.9654 151.489 64.788
113.989 13.0139 139.518
50.0549 134.136 107.278
60.565 148.494 79.7878
54.963 161.817 43.9214
74.3383 89.3465 138.043
152.621 63.4315 62.2162
21.1734 151.053 92.7816
83.3462 139.672 70.9765
65.5209 160.654 50.3258
74.5864 124.997 105.405
156.935 40.828 80.6776
130.424 121.639 28.7405
106.905 55.0774 134.003
0.183235 0.314738 180.527
110.922 13.3293 139.858
169.309 20.0685 51.1321
167.424 37.9764 54.594
148.502 96.473 35.7639
168.219 59.7977 0.786916
93.0095 32.409 149.338
9.40325 145.071 99.9389
0.11306 0.0697693 181.214
103.584 86.1337 119.333
157.378 81.0795 36.035
27.3934 176.464 4.08062
76.8623 63.8368 150.063
125.504 66.7433 106.511
31.8284 123.211 126.88
18.8003 121.117 130.669
134.708 107.945 51.2727
75.2961 107.239 123.993
94.3041 144.884 56.5144
134.907 113.664 28.4285
171.913 8.19583 49.729
11.3202 100.683 147.806
49.6411 97.4973 145.273
59.2918 106.722 131.392
120.303 8.66962 134.399
171.584 49.0827 20.09
19.388 118.858 134.192
149.876 48.299 87.004
63.7464 165.103 32.5202
29.8882 104.052 143.749
24.1275 174.013 32.2804
95.9239 50.7371 141.938
105.298 33.9296 144.703
69.9866 157.928 51.8058
107.395 130.756 66.7975
24.5744 150.66 96.7386
113.318 90.8031 108.806
27.0832 119.728 132.11
91.367 133.462 82.4653
0.227606 0.277107 177.754
52.6472 141.079 95.2966
139.151 107.605 38.168
140.964 52.3625 100.383
94.8173 35.0673 147.48
101.27 37.4554 141.231
93.4137 72.2346 139.376
62.9069 168.584 0.793115
3.53999 39.3644 175.737
128.305 7.03843 124.238
172.471 59.2378 1.16156
47.9252 128.429 114.976
159.323 70.3937 51.7358
96.8156 90.2944 122.078
114.046 17.8585 137.102
103.241 96.6938 112.239
0.362038 0.0172556 179.663
154.129 56.9986 75.4032
156.68 68.9229 57.9875
85.1508 76.0536 135.599
144.357 91.6541 49.5989
70.7819 56.7202 152.291
76.7121 21.9443 160.635
137.608 65.3634 92.668
151.373 23.6973 96.9642
30.0861 36.1601 173.617
64.7585 68.2315 155.142
108.782 115.6 86.8712
122.032 129.681 34.9712
92.5726 155.143 7.53614
62.1822 161.06 54.9025
46.3249 37.2075 170.035
28.808 174.929 22.0005
58.6279 157.098 56.8056
88.7224 126.362 93.5713
3.00349 170.314 43.7785
58.0052 130.271 106.851
109.854 91.3461 113.366
82.6909 117.642 107.747
124.441 28.2263 127.363
77.9767 39.5608 159.805
127.868 85.0225 93.0597
20.3837 176.494 17.6066
99.4148 145.387 45.2656
41.1649 92.4515 147.138
130.518 74.0253 103.693
129.68 111.434 55.0313
171.338 54.6396 18.9454
81.9958 110.888 113.818
73.5006 156.19 59.6912
60.1537 118.136 120.171
155.801 22.3019 86.1341
147.615 73.7052 71.9989
39.957 92.6528 147.199
25.9942 167.457 57.4091
114.283 139.141 13.6341
47.0484 63.2149 162.231
176.11 21.169 0.781829
18.0214 160.288 78.3985
48.2359 136.779 105.89
122.994 52.871 121.401
59.7146 154.648 64.1779
54.2242 77.2275 153.051
56.8225 52.9954 159.964
143.186 59.5022 92.1776
158.616 83.8948 9.06447
90.9348 143.273 65.3294
112.98 53.6635 128.393
88.4065 93.9473 125.202
149.263 52.0117 82.5586
144.19 95.8749 50.0316
37.2054 124.701 123.141
11.9527 98.2943 152.17
145.825 45.3151 96.6395
120.873 62.2713 120.443
133.43 84.7136 86.4962
94.3915 114.921 99.2759
2.79984 97.8385 155.176
85.2177 121.371 103.785
93.8459 90.0104 123.047
88.8667 138.211 68.4188
46.7722 87.0229 151.828
173.159 3.83022 47.6552
7.03869 115.947 135.609
127.073 99.3147 84.2345
124.058 95.9323 90.7945
109.021 32.0784 138.952
102.888 51.3747 136.586
138.345 26.8596 111.825
27.9737 179.142 0.460234
55.7022 3.19436 171.017
124.756 25.1012 127.018
115.546 3.55056 137.297
48.3429 50.9353 164.591
51.0669 48.3455 164.819
138.615 0.943268 114.402
130.922 87.5 89.6206
40.5747 157.066 76.7033
172.076 55.4493 14.2815
75.981 108.866 122.514
45.0344 159.552 69.0308
133.426 4.09776 121.05
19.6993 126.919 125.86
125.1 8.39612 128.519
9.04434 153.046 97.0248
48.5066 83.3187 152.848
137.893 90.1011 73.3654
82.8801 143.478 65.7928
129.007 103.377 68.5684
98.1926 46.6381 144.341
85.1817 148.84 50.9369
133.13 47.3285 105.871
37.9683 167.811 44.2184
59.5233 71.541 156.255
107.148 21.558 142.957
62.3081 166.981 27.0789
51.1171 169.038 18.6039
37.1988 123.023 124.736
91.606 111.531 108.334
94.7769 29.2761 149.044
48.8033 37.7392 169.446
108.77 94.8701 109.179
146.902 17.4047 103.463
46.0219 5.53212 171.084
91.8958 123.47 89.1105
142.117 50.519 95.453
36.9852 5.29384 175.96
103.693 99.4548 107.846
63.6719 142.999 85.666
62.4073 50.1246 161.749
141.198 2.25484 112.053
129.486 124.194 22.2652
133.205 110.763 52.7295
101.876 54.1759 137.042
172.595 39.1513 30.0634
138.199 32.9849 107.477
55.8679 136.981 102.12
110.62 73.551 125.703
177.42 1.21737 0.797215
107.978 110.953 93.8277
77.6448 94.534 135.042
98.832 52.5571 140.13
0.167153 0.610991 178.899
94.642 134.644 70.8953
170.676 27.4268 37.391
125.912 112.46 57.1925
74.4248 146.159 68.2942
73.6476 156.491 49.9737
130.08 109.597 57.5711
99.5947 95.5242 113.891
123.668 45.741 118.069
86.0981 129.992 85.7248
146.527 52.0844 89.7775
104.197 125.235 81.0531
150.917 24.2458 92.6339
126.676 39.368 120.292
73.4288 119.005 115.406
104.137 148.318 9.15487
129.044 66.4801 109.808
124.046 62.9365 114.798
13.7298 152.726 97.1761
4.84079 156.834 85.8713
27.3457 176.158 11.848
162.381 49.4 58.6915
111.125 139.089 19.5989
43.5385 112.765 133.437
