40 1.02844
0.646038 120.892 83.5788
0.767879 151.155 32.4692
113.388 22.1464 89.6441
135.24 0.713504 62.2209
0.779165 158.366 20.0661
64.7761 118.166 64.7147
148.503 0.7804 16.8285
159.845 0.784838 6.02544
169.771 0.785375 1.23549
178.467 0.785381 1.08192
0.693103 123.774 65.9673
35.2349 116.113 80.8649
171.437 0.784632 7.56214
0.774009 158.623 27.3083
0.381478 72.0873 129.734
0.785383 150.705 0.819059
155.412 0.784403 7.81634
162.702 0.784694 6.88008
164.511 0.784636 7.23735
0.784602 161.947 7.28559
107.413 70.1374 79.0901
149.908 0.758958 39.911
163.769 0.785067 4.73611
0.781453 160.269 16.1182
73.1025 120.8 56.8408
122.263 0.636344 88.4475
0.781788 154.183 14.8277
0.783833 154.245 9.74127
0.78446 166.733 8.14561
159.415 0.785362 1.46143
166.213 0.783871 10.3722
0.708632 137.41 65.6686
162.4 0.784812 6.25927
164.298 0.785306 2.48119
0.680205 130.766 75.484
119.965 0.628319 89.974
144.34 0.728412 58.2001
150.739 0.77891 19.4919
152.197 0.778384 20.4738
160.799 0.78415 9.06326
162.214 0.785279 2.78514
165.187 0.785391 0.515406
6.44554e-15 5.95679e-15 143.332
0.720035 136.139 59.3091
0.78267 163.068 13.6206
65.2379 104.041 83.3673
163.56 0.785389 0.625996
165.821 0.784691 7.02511
0.782786 157.561 12.8758
0.784581 167.825 7.64799
0.785151 166.249 4.15125
118.442 34.1024 85.2025
154.071 0.777577 21.9024
160.348 0.784722 6.64313
161.176 0.776792 24.0547
0.774167 154.503 26.4098
0.784691 157.195 6.65966
150.027 0.77901 19.2474
157.406 0.781489 15.7573
161.051 0.784813 6.20573
0.643117 121.078 84.877
77.312 106.413 80.8353
86.6321 0.442087 127.211
89.2601 40.1366 107.329
128.757 63.0862 3.40514
155.424 0.778349 20.9603
166.529 0.78456 7.68437
0.61538 110.947 87.9843
0.767344 151.82 33.1244
0.777678 152.592 21.5495
0.781199 158.488 16.4483
0.784903 141.126 4.99183
111.509 87.3951 39.4873
124.846 0.688143 68.6804
152.23 0.77932 19.0443
0.533553 98.1164 105.986
0.782983 144.677 11.3635
79.2674 79.2674 94.4658
113.07 54.368 71.2508
146.12 0.737677 53.4008
148.485 0.749659 46.3914
159.874 0.784346 8.27238
0.495505 92.0055 113.148
0.675709 127.638 75.6211
116.182 37.2736 79.1757
142.937 0.724771 59.6737
146.995 0.769488 30.0432
159.069 0.77587 25.0021
163.061 0.783624 10.9702
165.826 0.784535 7.76656
64.0457 137.211 0
89.558 0.452214 127.174
95.1209 1.74317 108.851
127.384 60.1573 51.4832
0.688024 132.577 72.9874
38.6857 116.972 79.1554
121.533 0.631997 89.6683
122.553 60.0973 56.584
126.768 56.176 54.8748
140.848 0.781944 13.2454
145.602 0.740104 51.7116
156.015 0.78329 11.4452
9.07578e-15 4.80915e-17 148.221
0.759136 141.478 37.533
0.785161 161.29 3.94226
56.6593 123.658 33.5827
100.74 81.8105 84.9821
4.80915e-17 8.55638e-15 139.738
0.774044 158.554 27.2537
0.784669 162.515 6.99338
0.785328 160.816 2.10333
56.6259 127.777 42.744
64.4854 121.789 47.6069
66.5339 109.129 75.6545
91.4902 91.4902 68.7534
112.717 0.604705 93.4205
129.147 0.668926 79.4597
0.783871 155.363 9.69303
0.785035 152.498 4.61949
87.3748 56.3337 103.961
100.391 71.5086 90.7036
104.538 78.83 74.392
106.844 60.2475 87.0811
120.534 26.8152 85.0086
145.988 0.770526 28.8185
161.041 0.777212 23.4308
0.394624 74.5589 128.3
0.737916 142.403 51.8994
0.783878 155.715 9.69027
46.9717 28.2771 135.919
101.019 0.542391 105.795
131.687 63.9646 0
144.755 0.773086 25.9337
160.092 0.784 9.55345
0.610743 112.48 90.9435
0.711543 131.65 61.5188
0.722775 133.45 56.7416
0.757785 147.089 40.0662
0.771342 145.348 27.8707
0.775516 156.614 25.078
0.782257 161.846 14.5116
75.7196 127.108 0
136.068 0.764458 32.0624
163.53 0.784925 5.65791
0.757549 152.721 41.7882
0.785197 162.505 3.64976
49.2111 123.386 45.2776
52.6184 28.1155 129.165
65.0444 66.6399 101.643
105.794 47.7175 90.5677
128.572 0.785096 3.54019
130.091 0.674716 77.5097
145.092 0.760226 37.6435
151.966 0.743841 51.5011
169.909 0.785358 1.66334
0.659318 121.452 78.6184
0.78004 154.634 18.15
0.781066 163.622 17.2512
45.9972 31.3553 120.447
72.2408 124.898 8.50533
106.076 61.652 84.5214
121.747 11.6434 70.9852
139.809 0.719157 61.3723
156.498 0.775516 25.0594
161.408 0.777036 23.7397
169.202 0.785347 1.87121
0.588717 106.759 94.2742
0.760216 143.741 37.3009
0.771035 160.468 31.1143
0.778083 147.377 20.2519
9.917 39.8334 134.59
30.6389 94.1246 111.12
88.6709 54.9064 104.294
90.2583 0.459121 125.273
124.891 0.69442 65.9899
137.624 0.685081 77.1556
148.52 0.754845 42.6806
158.7 0.785283 2.67966
5.55424e-15 6.38897e-15 138.256
7.86383e-15 3.41799e-15 140.033
9.01004e-15 8.33715e-16 147.774
0.331236 60.4835 130.036
0.684877 130.238 73.1058
0.776068 153.055 23.7999
0.785328 165.37 2.16653
2.75838 25.1188 137.29
34.2554 44.1733 134.135
48.7413 26.9196 135.167
58.5691 83.1532 101.709
66.7402 127.877 0
71.3471 45.719 120.348
87.2984 95.0622 77.9842
90.2567 90.2567 75.7407
112.873 27.261 90.4156
160.51 0.783657 10.6963
0.732598 140.808 54.4134
0.752112 139.308 41.9003
0.761947 142.357 35.5876
0.764768 141.713 33.1348
0.769461 153.322 31.3635
0.774055 155.712 26.751
0.781762 155.092 14.9689
0.785213 144.965 3.11898
0.785268 154.356 2.77577
48.1406 109.174 81.3415
64.2019 92.7266 86.8438
76.3209 79.9479 96.1858
101.789 69.2037 92.3185
115.258 48.2633 59.1007
124.727 62.446 47.204
140.918 0.732517 54.5023
0.623908 111.362 85.1518
0.769036 152.479 31.6172
0.780372 153.569 17.4516
0.785381 156.53 0.940305
60.0374 107.804 86.0629
88.5687 90.0646 75.9355
96.4191 0.555357 96.4207
109.505 78.5946 43.137
115.514 84.7198 0
153.58 0.757717 41.8888
157.704 0.777562 22.4419
2.87281e-15 8.3338e-15 143.961
4.67497e-15 7.79552e-15 148.449
0.254543 46.4659 135.634
0.730827 140.872 55.445
0.776535 144.058 21.8227
3.38253 97.8524 106.375
54.327 119.499 65.624
80.1775 0.414874 128.881
85.5647 79.8253 91.1984
123.829 0.653065 82.7274
124.851 66.136 0
145.486 0.736441 53.9216
0.579695 109.175 99.7991
0.743452 129.57 44.1331
0.775459 158.909 25.5196
43.7338 32.2874 135.525
55.0085 18.755 134.557
63.4957 0.33294 135.662
69.4106 85.0706 98.9707
72.2173 0.379474 130.865
110.293 90.2544 11.2943
111.65 30.1595 86.3717
119.243 0.63883 85.2824
136.702 0.71134 63.9815
146.663 0.768737 30.697
156.251 0.785286 2.60198
157.856 0.783011 12.3287
169.766 0.785391 0.58552
0.450345 81.9205 117.05
0.520609 94.4292 106.665
0.719303 138.244 60.6094
0.774202 154.582 26.3806
44.3796 115.101 75.3876
63.7385 123.032 47.2686
68.8698 16.0329 129.292
88.6602 70.2416 95.9382
106.872 75.215 63.3889
116.803 82.2413 15.1096
141.633 0.722188 60.5397
143.812 0.726339 59.1603
145.749 0.76314 35.4548
169.723 0.784684 7.22639
8.94269e-15 1.20766e-15 147.371
0.768102 150.229 32.0568
0.782229 162.052 14.5952
0.784794 145.135 5.67819
0.785393 149.022 0.326642
0.785394 137.289 0
28.5452 102.731 99.082
46.1481 90.8306 107.118
46.8784 110.247 84.7821
57.8603 24.4564 131.321
59.6094 92.3086 96.1502
69.1609 106.967 59.0444
81.2423 65.4639 104.335
81.8348 0.42126 128.771
82.156 113.278 0
85.4305 102.438 62.0006
149.64 0.781939 14.0849
0.784248 151.497 8.197
16.4092 48.2779 132.293
48.6906 103.198 89.7957
68.3511 6.93915 133.291
83.919 83.919 91.9648
88.7001 94.3393 0
93.4701 81.8122 70.478
105.471 71.6198 87.1823
107.343 90.6771 0
112.458 63.7128 23.6016
118.665 18.7663 92.5129
138.518 0.709558 65.7322
143.795 0.729003 57.643
145.889 0.745899 48.1008
149.926 0.779405 18.6227
0.415474 73.7949 118.384
0.757689 148.435 40.5073
0.783055 135.268 10.4636
10.5695 70.5302 112.189
17.0652 64.6064 125.052
73.069 7.82278 124.942
73.5898 23.7758 109.567
94.7112 59.0488 103.515
105.849 88.6075 60.6601
106.137 72.1245 77.7457
126.018 57.1051 55.0846
138.936 0.710372 65.5186
145.913 0.74641 47.7716
147.698 0.762332 36.6052
149.703 0.779041 19.1593
155.546 0.776035 24.2312
157.76 0.784926 5.453
162.72 0.783954 9.87112
0.690008 133.187 72.4121
0.763566 145.674 35.0809
33.0917 91.4694 100.971
34.5718 28.1077 136.469
43.5327 45.6565 132.29
73.9015 108.905 51.4174
78.7835 103.323 84.596
80.9603 0.460621 111.812
81.7392 100.485 72.8788
85.947 85.947 83.5185
133.545 0.785394 0
141.342 0.732865 54.4664
144.918 0.75284 43.0766
147.217 0.7497 45.9668
151.791 0.760207 39.3971
163.149 0.785358 1.58002
0.291365 53.7779 134.62
0.555358 100.278 100.28
0.738073 139.878 50.8863
0.775555 155.713 24.8834
0.775837 154.581 24.339
0.779316 147.577 18.4689
0.784011 152.983 9.09271
0.785364 152.623 1.34967
47.6577 103.977 98.1055
50.872 128.656 5.11952
53.6484 57.1976 112.103
54.5914 122.044 60.4897
66.8284 126.692 17.5481
70.6296 66.1649 96.7798
75.7126 88.7232 90.3546
81.3598 97.2226 79.8428
86.1496 64.856 108.815
124.805 79.7139 16.357
150.992 0.782568 12.8455
156.609 0.784396 7.90617
168.276 0.785378 1.10424
5.11085e-15 7.52338e-15 148.535
0.575692 107.67 99.9208
0.767635 152.33 32.9565
27.9074 64.3372 129.609
49.1384 70.5557 105.792
69.6763 118.625 59.0323
74.8295 65.471 104.112
79.5649 108.835 41.019
92.9388 24.0365 103.558
119.825 0.624993 91.1909
140.559 0.779715 16.9962
144.83 0.727646 58.8358
160.39 0.785387 0.726419
