295 10.9893
7874.47 8.36042 50.8199 10.8317 335.567 5.7658 58.5667 185.307
5587.01 3439.67 15.215 434.723 868.55 1393 32.0109 4.3882e-07
673.416 7803.2 175.569 29.2671 1.25331 5.731 58.2132 1.05059
210.709 58.7459 0.507278 156.908 7852.38 65.1926 1662.17 1.07697
170.84 1167.98 8134.63 30.7079 350.279 6.01858 28.3494 193.427
73.3978 850.497 937.803 8129.31 68.4799 70.4973 143.54 4.61963e-06
40.2899 15.6088 47.4667 0.088762 67.9196 8220.81 105.597 4.76139
0.00215325 0.00141745 0.00147917 0.00259973 0.0106992 0.00205539 2.86321e-06 7342.02
0.00051074 0.000197867 0.000314279 0.00404807 0.00433527 0.524729 8296.73 4.80465
1.74201e-08 2.01855e-07 4.69849e-10 6.73196e-08 9.09789e-09 7.83293e-11 0.0110768 7017.92
2.9097e-09 1.79138e-09 3.75374e-09 4.44e-09 2.8738e-10 8.23665e-07 0.0130229 8250.96
1.36852e-09 8.71559e-10 3.76259e-12 6.06133e-12 5.47022e-09 6.96246e-07 0.0110083 6974.55
4.60983e-10 5.34164e-09 1.24335e-11 9.72272e-10 2.22478e-13 6.64908e-07 0.0105128 6660.63
2.07748e-10 1.27901e-10 5.65758e-13 1.5639e-09 5.30352e-09 6.75368e-07 0.0106782 6765.41
1.78248e-14 6.90553e-15 4.21093e-10 2.69936e-09 7.4025e-09 6.94126e-07 0.0109751 6953.53
7.77145e-16 9.00517e-15 1.99109e-10 1.27636e-09 3.50019e-09 3.2821e-07 0.010919 6917.95
7558.15 12.1449 17.5276 28.2361 322.083 450.3 26.1135 1.72544e-05
7324.4 2837.56 45.5527 166.629 139.428 2.88037 58.3897 339.303
0.348781 0.214729 0.000949831 0.00153013 0.10366 0.178432 7251.17 5.10068e-06
280.362 1024.73 609.585 7851.76 78.7128 681.624 27.4843 0.0531398
468.522 5429 3126.66 84.7297 1307.89 93.6883 3825.2 322.621
735.972 453.105 622.687 6828.46 1785.97 1375.27 1472.94 836.487
2693.57 7176.95 26.904 1257.62 152.837 699.736 100.201 56.5448
97.7038 1132.14 358.354 7638.05 64.3416 2.83372 57.4439 5.70394e-06
1094.78 4001.46 2988.92 338.789 1296.89 2232.37 4449.98 818.916
315.907 841.727 987.676 219.111 3667.23 2011.89 5852.64 2090.98
2928.98 1928.11 8.13202 3067.28 1179.08 6410.49 1694.87 129.402
0.000275813 0.000734897 0.000862322 0.007475 0.000134258 0.00145783 0.00459242 5683.42
540.159 6259.1 1981.17 9.10939 1371.23 1296.37 88.0125 2639.82
2053.02 7503.82 45.1164 104.923 64.7578 2.85205 57.8155 335.967
34.7152 22.8525 45.6585 4.09097 2.63682 7557.45 350.775 853.263
434.703 1158.26 140.809 3188.52 240.097 4922.06 502.27 1878.87
1637.58 4363.3 10.8078 3342.99 3162.77 589.859 1332.49 3019.2
79.6433 25.9884 26.4192 0.682603 1.55894 7728.95 99.2788 4.47651
2607.13 726.871 207.446 391.081 7431.01 538.669 863.272 0.000104152
200.742 733.715 7384.55 27.7334 1918.45 268.429 356.092 866.196
3585.02 2207.14 2415.62 321.605 246.027 2056.99 4100.39 754.582
6713.44 2578.76 551.21 1039.15 60.6529 293.358 793.046 1.49622e-05
804.404 2143.32 2514.95 2439.45 82.3439 376.996 1789.74 5425.1
0.172698 0.106323 0.000470307 0.145472 0.0442364 0.363583 7007.45 2186.65
0.657751 7.62169 4.38947 56.5386 60.5498 7328.79 3382.72 5.95576e-06
1561.6 5707.68 13.7228 392.085 679.762 2520.98 1307.55 650.264
863.015 568.11 1135.06 1342.58 2162.84 4263.91 1053.19 4822.78
6001.1 2324.9 3737.9 2219.54 1616.65 161.675 101.912 4.15012e-06
602.54 370.957 6869.01 541.958 295.167 2927.94 349.294 849.661
483.801 297.855 5515.38 190.987 236.414 2345.13 4674.76 1136.98
688.292 1833.94 6.87484 1405.1 121.925 6969.02 25.4131 173.393
6791.68 2216.19 2252.93 2234 65.0618 2.86543 58.0869 337.544
2737.48 763.21 896.2 3255.86 2433.85 4566.46 303.88 3151.73
374.093 1367.32 1021.33 60.1828 1847.4 3648.34 5920.59 1251.11
1491.76 982.002 1962.01 35.782 7189.46 1476.49 848.611 4.54619
4406.93 2713.15 12.0014 4526.73 292.993 409.63 1458.4 1045.41
230.591 2671.98 2946.26 573.994 4259.3 2337.91 3760.3 2829.42
527.831 1406.39 1650.25 5714.58 430.31 553.853 2629.35 477.506
565.96 4477.66 5022.86 1107.82 984.701 622.615 1855.44 489.314
2332.82 1436.21 3009.51 667.644 4374.02 961.067 2592.37 2064.79
4257.47 2621.13 2868.72 4888.21 998.326 396.467 3250.6 5.83638e-06
0.000578452 0.000356127 0.000746246 0.0064688 0.00165695 0.00968721 0.000548088 7489.86
588.5 6819.24 2158.47 9.92461 1493.94 2.6871 94.1573 2824.13
24.3786 14.0589 30.9159 1.44005 44.3668 7440.78 3168.53 5.68902e-06
1503.5 5495.32 3269.02 9.08336 54.6709 1265.58 3406.38 1439.01
3831.48 1068.22 4369.68 851.306 3292.06 1313.49 754.928 1672.47
0.00345579 0.040044 885.394 264.048 2503.43 3827.69 4818.63 3105.24
667.964 7740.03 2449.93 11.2647 54.2397 69.7966 104.635 6.01101e-06
658.738 405.556 7509.68 260.045 997.809 436.153 23.1925 860.726
653.701 7574.77 582.73 102.839 63.4717 2.7954 97.9523 2.99463e-05
4162.11 2562.43 2804.47 4929.03 988.923 432.27 1600.14 871.937
39.4668 24.298 33.3919 3.78491 14.7093 7212.62 1461.49 5.17685e-06
7241.2 2018.85 8.7816 1233.26 385.288 686.931 26.3892 65.6884
412.577 4780.74 5271.49 2125.88 1803.56 65.5815 98.3157 4.43308
3378.69 2080.11 9.20116 3470.54 5590.89 692.018 377.13 405.922
224.865 599.148 5362.06 714.018 382.071 2909.66 21.32 2383.47
0.000654443 0.000402912 1.78224e-06 0.00492655 0.00528839 0.0104257 0.000589872 8060.87
7105.86 2752.89 2403.15 107.764 31.0329 1539.64 104.529 4.71322
209.092 764.235 7691.72 266.349 329.702 768.628 1576.83 573.294
1848.61 4925.57 5779.63 1282.18 152.609 713.398 51.1494 186.993
498.832 5780.22 1829.6 8.41244 3354.6 1338.45 90.8697 9.22748e-05
2681.09 1764.92 1841.77 1229.63 4136.05 1024.5 2359.67 3278.98
1817.9 4843.77 176.429 849.262 103.21 2795.84 2531.62 2016.41
2314.66 6167.36 15.2764 949.058 3506.46 1202.63 637.718 1611.29
0.000345235 0.000919871 0.00107937 0.00935647 0.00197121 3.54553e-06 0.000124237 6128.79
87.4022 244.461 45.9424 1.1276 7690.47 63.8484 162.504 684.965
6545.67 2135.92 2171.33 2153.08 1568.24 65.9338 836.778 5.71134e-06
1250.27 484.369 778.754 1694.19 6222.85 56.833 721.278 3782.82
272.958 727.292 6759.28 1116.2 483.609 796.77 23.9736 59.6755
6.59997 4.06331 4.44712 57.2812 2.47048 7080.69 3015.19 0.0512732
0.00578271 0.00380667 0.000133624 0.00512836 1.3785e-06 0.00049268 8.68791e-05 5468.51
3155.44 1942.66 4070.75 364.736 728.721 477.283 4331.46 797.105
2122.53 1306.75 2738.22 3238.83 2712.76 505.931 939.909 3337.61
3521.65 2168.12 9.59047 3617.38 1419.88 2396.66 2474.21 2557.26
0.000763583 0.000470104 0.000985079 0.00116517 0.00545583 0.00822732 0.00203217 6483.41
21.4496 248.547 274.061 2375.69 2544.23 5021.32 957.545 3512.44
1942.87 541.675 31.5633 5987.58 3484.13 649.793 24.9625 2790.68
198.756 529.58 535.373 1994.44 5376.58 1115 2509.63 54.9431
6212.79 3824.94 16.9192 251.311 964.293 730.867 22.4868 834.537
450.936 1201.51 1409.84 1367.52 46.1607 6775.28 600.215 61.7148
3444.58 1334.47 2145.52 615.459 2380.02 4465.47 3963.68 4.4836
2010.91 1238.02 5.47628 7009.36 687.448 668.986 25.6998 391.947
380.192 4405.48 2537.2 5570.29 134.003 64.708 1337.2 4.4417
1550.64 954.661 2000.44 6927.24 146.313 1189.12 96.7502 395.875
45.8664 167.643 1687.26 1483.66 6105.98 2748.74 3199.75 625.003
2967.11 1149.49 3495.64 5164.88 1457.43 1377.86 1289.5 2849.18
514.579 316.803 5866.25 203.137 779.447 309.543 4622.26 5.30555e-06
2158.64 1328.98 2784.81 617.796 2104.36 392.464 5824.86 171.276
1245.69 4553.01 5185.62 26.1967 926.274 606.673 1438.46 816.909
23.6817 63.0993 74.0403 240.622 7602.07 68.4887 209.683 74.9393
2894.7 1782.14 3734.37 727.535 100.379 815.8 432.594 4715.84
146.918 391.459 3638.13 2626.83 227.939 6472.81 1314.84 1.0727
2086.65 581.761 5.02357 1894.81 510.102 4192.58 2176.3 5051.47
3094.71 1905.28 3992.41 885.696 5802.57 474.7 370.799 1186.53
340.476 3945.26 1248.78 3631.91 1148.31 2379.68 45.4501 3467.78
437.545 288.03 575.474 4988.47 2784.11 2434.95 996.804 2933.94
3044.05 1874.08 121.901 2565.63 308.75 2351.28 2129.08 4941.87
416.612 4827.49 1528.03 1515.19 2923.61 1166.49 3139.67 2665.36
2112.22 5627.96 21.4455 794.832 306.68 3235.17 23.7051 1450
0.030379 0.352017 7783.27 1121.34 607.462 67.5768 352.409 438.26
1610.1 5884.96 14.149 22.7933 699.347 2593.62 2838.71 817.158
1599.25 4261.18 10.5549 674.897 4880.1 604.039 23.2048 1419.4
1253.05 4579.93 1497.38 5439.95 1535.05 1451.24 98.5275 5.66017e-06
1054.18 649.013 2.87085 7935.73 342.26 5.8808 129.866 0.0535643
44.2605 512.869 298.985 3816.11 195.341 745.079 5242.86 958.937
2826.42 1740.1 7.69716 544.521 1854.77 5509.56 1360.87 2526.94
1308.36 364.771 428.332 1556.12 5715.69 1173.82 674.653 2889.32
686.926 191.516 5975.12 866.952 3352.56 625.255 2968.32 64.9852
1163.66 3100.55 4177.82 5825.03 306.293 1522.51 875.058 349.531
840.033 517.171 710.731 1063.49 1713.25 3377.56 5481.17 773.133
1007.45 3682.24 2750.48 771.915 1232.19 2079.85 2276.4 5283.82
6618.99 2564.28 2238.5 57.8369 132.089 63.7836 55.3182 602.6
4096.5 2522.03 11.156 3450.69 3264.66 3602.49 374.463 65.785
1866.19 722.984 1162.39 2528.81 3627.36 1991.04 584.275 4915.21
1127.71 694.279 1454.83 5037.85 2982.37 556.215 3998.18 610.757
2995.07 1843.93 2534.05 287.231 4607.83 543.179 2706.6 779.129
1670.29 6104.95 14.6779 419.376 837.888 380.85 47.6276 2469.16
4310.32 1760.25 5114.82 93.2812 3814.41 44.936 101.461 4.57488
816.215 502.507 690.579 7572.97 1980.7 678.986 368.77 5.59506e-06
0.0263085 0.30485 0.0964931 0.280637 0.00756444 0.00365275 6740.58 374.167
5819.15 3582.59 241.824 25.5449 1730.56 1358.96 3058.74 5.49189e-06
178.201 474.813 557.141 1929.3 2196.74 1608.79 4554.26 4366.91
151.957 555.404 5589.92 372.343 645.534 1092.17 1169.73 4100.38
1294.27 4730.58 11.3736 4289.93 1674.19 1296.17 1449.36 789.777
1.35726e-10 4.96081e-10 5.65009e-10 4.89776e-09 1.27364e-09 6.24524e-07 0.00987433 6256.09
3490.85 2297.98 1317.97 3833.13 1211.93 50.9533 44.1907 3371.69
588.78 228.1 199.122 4244.13 2368.69 1620.45 2384.29 5174.02
613.015 377.406 518.657 5687.65 1487.6 1248.73 1230.99 4315.11
4488.25 1464.56 2708.93 292.271 5767.94 67.9972 1089.91 4.63913
760.792 212.109 6617.64 988.248 1194.16 1318.32 2967.24 1596.32
1515.82 7337.97 17.3763 1229.25 870.338 655.523 56.9993 5.39606e-06
1110.42 4058.63 3031.63 178.641 5503.8 750.798 1540.25 5.45582e-06
1101.94 2936.1 7.27267 451.82 561.584 4615.71 3627.79 1912.4
1399.49 3728.92 4375.49 970.68 3306.36 1319.2 24.0272 2686.12
0.0046673 0.0124359 0.111295 0.080399 0.425237 0.238213 8008.87 68.6934
1679.91 1105.86 1168.13 335.087 6367.06 2.48774 3455.91 422.765
222.777 593.584 6154.88 1015.08 1111.33 573.483 1295.5 2405.55
0.0813852 0.0501052 0.0688579 0.0193248 0.00508674 0.0102476 7934.39 244.713
0.00445885 0.00293519 0.00586442 6.16232e-05 0.0016753 0.000551217 0.0041369 5776.15
1070.72 2852.92 7.06663 499.916 1702.83 5348.02 4130.25 222.288
1808.53 1190.53 1242.37 2183.54 3517.59 2041.76 1063.37 4869.37
71.9573 29.3859 45.1439 0.698471 18.7111 8076.88 103.748 4.67802
196.426 717.94 7225.78 250.214 833.114 435.468 2603.6 877.144
3.04333e-05 0.000111234 0.00111953 0.00721456 0.000369303 0.00308769 0.00615497 6363.22
1784.9 6523.86 3880.87 516.684 333.027 447.752 36.1202 5.51138e-06
2262.51 1392.92 2918.8 135.956 168.294 5670.06 1400.52 795.359
5889.68 3877.09 24.7473 1156.8 501.203 645.1 13.9391 377.951
2216.25 1364.45 2859.13 3381.84 588.774 2183.54 1187.29 5216.73
800.246 2132.24 5.28151 373.631 45.4071 6664.67 90.5917 370.676
574.026 6651.52 15.4824 1095.28 133.108 3605.74 943.169 703.546
0.000665441 0.000409682 0.000563013 0.00617406 0.000266281 0.0026414 0.00903821 7161.98
3463.81 1341.92 4080.81 4826.88 61.021 1412.58 172.082 9.7403e-05
2144.74 346.323 2386.66 2315.02 4212.58 1734.59 3913.35 2246.83
987.314 3608.65 8.67615 128.872 3970.43 324.816 4239.54 2664.88
7057.27 1967.57 25.7131 1201.95 146.072 81.7638 204.706 31.0806
2582.47 1589.91 7.03281 2652.67 203.779 2149.67 1946.52 4518.13
4563.27 2809.4 3074.77 409.362 263.853 354.749 2493.21 2576.9
650.807 265.776 408.297 5211.32 2853.44 3195.4 3460.05 4.41576
992.986 2645.79 3104.55 688.729 754.033 6197.46 1530.79 638.079
1750.96 1077.99 4.76838 5265.5 396.494 510.329 2422.72 3182.17
398.766 262.502 524.469 774.913 2846.29 4351.92 3161.69 3501.24
548.945 337.961 6258.03 216.703 721.535 2675.9 1393.63 1185.69
3791.68 2334.37 2554.87 4490.33 781.76 2899.25 345.872 2873.74
721.584 475.008 2.0034 2212.27 2518.93 4965.92 2577.73 2426.18
481.533 1283.03 1505.5 1460.31 2657.29 328.908 4881.58 1744.05
613.749 377.858 6996.8 26.2772 1807.27 3067.08 36.3438 889.091
288.397 768.426 7141.58 1179.33 143.323 656.175 357.596 1543.74
2248.23 5990.37 14.838 1049.69 454.794 585.367 2778.96 1495.03
378.072 1381.86 1573.86 2325.41 656.188 1715.73 4857.01 3443.93
7.73658 2.99724 4.81888 61.506 65.8696 7972.69 102.41 4.61768
1928.52 747.131 652.212 2369.47 3398.8 1865.58 547.46 4605.5
855.04 238.386 2.05849 2273.09 7522.85 712.25 101.993 186.703
402.785 4667.27 1494.33 5372.66 368.359 2.67308 1291.16 4.28876
3921.32 1519.17 4619.82 84.2538 3445.26 1240.62 93.0151 5.34349e-06
3772.13 1461.37 4444.06 5256.53 66.4526 1538.31 104.439 4.70917
1.52202e-08 5.52181e-08 0.00126174 0.00808823 0.000145272 0.00436267 0.00100875 5912.38
1160.26 4240.77 1386.5 4032.43 1274.94 2495.76 50.0493 1291.18
3981.66 2621.07 2768.66 74.3471 1147.62 32.0348 3356.16 3716.6
2750.45 1810.58 7.63633 488.282 3530.7 775.771 2092.56 4857.1
4685.09 2884.4 12.7589 902.602 391.067 893.512 2410.15 3590.63
1427.12 878.613 1207.45 1806.75 116.942 3939.95 2045.16 4747.09
1521.9 5562.56 3309.02 24.8392 762.119 2826.41 3093.51 890.504
1993.86 1227.53 5.42987 1679.53 1588.99 4720.06 3709.81 2136.32
802.534 310.911 499.873 6380.16 1344.16 1270.78 86.2753 3808.41
1969.07 1212.27 5.36234 5921.39 445.882 3395.61 24.8807 1521.91
171.149 1983.19 627.732 622.456 2304.68 4548.53 2265.15 3395.69
6113.49 2368.44 2067.54 92.7143 1431.14 1353 1266.23 5.35863e-06
6.1241e-06 2.23837e-05 2.54938e-05 1.2879e-07 9.34101e-05 0.00875899 0.00357845 5995.04
82.8086 959.545 1058.05 1251.48 2011.38 3969.69 526.183 4426.51
596.43 2179.96 13.1069 30.4815 6124.47 3478.62 330.511 1773.25
1329.7 875.321 3.69177 1392.48 2243.23 4422.39 2295.59 4078.9
6904.68 2674.96 2335.12 104.713 64.6286 66.5325 1374.91 4.56694
4230.8 1639.06 1430.83 17.7731 990.325 1938.61 568.889 2983.6
4052.13 2494.72 5227.55 26.4085 1826.8 3083.52 367.855 509.883
559.514 344.468 6378.52 23.9551 1647.57 2796.05 1520.34 691.713
3287.85 2024.18 4241.57 5017.03 1096.56 693.341 26.6354 181.733
1575.4 969.904 1332.91 1994.48 3213.03 1864.98 2041.22 4737.93
927.037 570.735 660.297 3779.26 2199.13 2426.7 17.7812 4692.67
1120.15 689.626 764.772 1330.93 6815.52 1369.66 1911.36 1265.11
2299.49 890.85 1414.97 3106.5 876.596 6169.98 1331.69 4.42338
328.374 3805.04 2218.2 1317.15 2541.5 2804.5 2436.3 3652.25
1536.15 945.742 1299.7 1944.8 3132.98 246.48 5741.65 809.876
0.0520512 0.190248 0.113174 0.19891 0.320435 0.185994 7558.47 852.432
5472.98 3369.47 3687.74 27.682 1875.34 655.588 1554.44 882.775
1708.46 1051.82 1445.49 2162.94 139.997 195.727 4385.19 4987.52
547.699 360.542 720.351 6244.33 1315.55 3439.76 3242.27 896.936
31.1257 82.9337 742.213 1914.14 40.4295 5934.07 21.6391 260.265
4619.94 2844.29 12.5814 4745.53 307.155 429.429 335.437 1073.37
4756.07 2928.1 3204.68 426.658 275.001 2727.9 2985.69 1287.59
4827.64 3177.97 3316.34 2333.02 58.7633 1360.31 92.354 1722.07
203.959 125.568 2084.04 1834.91 2955.97 365.878 1736.96 5265.12
305.517 3540.18 2063.8 55.4193 4348.53 3188.17 3129.02 322.405
1629.28 631.201 1919.5 2270.43 1901.65 1571.03 5644.32 4.08811
1717.11 665.228 2022.98 2988.98 4287.45 2353.36 2931.32 5.161e-06
98.7286 60.7828 971.431 2505.29 6753.74 654.687 3108.05 68.0441
475.124 292.513 4111.88 680.758 2318.82 2558.78 3508.21 2387.3
18.6594 216.216 0.503275 155.669 7790.42 64.6782 1649.06 1.06847
6267.28 3858.49 17.0676 1207.42 1927.37 458.522 1632.47 5.5484e-06
2662.53 1639.2 3434.86 4062.83 888.002 561.473 4035.98 391.402
293.451 781.893 917.467 1085.2 4466.14 2536.71 69.2852 4135.89
519.977 6025.24 3470.04 94.0351 123.746 59.7552 89.5813 4.03924
3683.38 2424.72 2561.25 4460.69 1642.72 2781.19 96.4069 5.53835e-06
422.17 259.911 4153.9 3659.21 3064.86 3382.02 3062.4 67.0449
237.785 92.1208 321.696 2631.5 2818.2 5562.02 737.247 3866.58
4714.17 2902.31 12.8381 908.206 1449.75 2447.08 2526.26 153.789
2855.35 1757.91 11.7682 550.097 238.338 1815.06 5138.19 1354.48
69.287 45.6106 721.776 1860.49 6157.32 582.964 1316.92 2445.32
880.177 245.394 7950.63 1058.17 158.825 727.149 104.126 58.76
177.073 647.205 6513.86 433.885 1686.21 2861.62 341.383 830.416
183.07 487.785 5057.84 672.301 738.042 828.386 2234.48 3328.92
809.171 1.30023 7855.3 272.013 336.713 2.89897 27.2514 185.936
1891.94 1164.78 1274.8 88.2327 6944.62 634.911 344.832 838.807
456.412 176.82 154.356 3289.98 693.128 4878.63 3544.35 3924.99
2135.47 1314.71 1806.77 2703.54 1039.26 1788.91 3565.98 4050.65
1271.04 4645.67 11.1694 17.9933 1237.53 2100.19 4186.49 1154.2
5559.11 2153.67 3420.75 92.6991 57.2135 1324.44 4172.21 4.71948
0.00644699 0.00396913 0.0083171 4.20163e-05 0.00284642 0.00489964 0.000584512 7987.61
1281.79 3415.31 4007.49 889.042 3028.29 564.777 80.875 2322.04
3363.92 2071.01 4335.01 962.173 855.244 540.761 2567.2 1381.1
2540.62 410.248 5.96809 1846.01 1746.49 1927.22 2642.31 4434.24
371.871 4309.06 1363.93 61.1626 4799.18 3518.56 813.572 324.971
579.617 6716.32 2125.9 9.77482 3897.88 69.1617 103.683 5.95633e-06
107.826 1249.43 2.90825 8039.12 346.719 5.95741 131.558 0.0542621
3941.24 2426.45 5084.5 1127.97 1763.35 616.44 1461.62 5.17732e-06
1047.93 689.835 1378.27 4772.74 5434.33 672.639 158.363 2889.42
2026.16 1247.42 2613.9 3091.77 4980.72 391.846 2753.93 833.326
5435.42 3346.35 14.8022 919.599 1143 589.827 2800.13 2230.27
3665.27 1021.88 129.757 548.518 4079.76 1679.9 975.385 4549.44
233.65 622.555 6455.28 934.94 943.471 1058.96 23.1144 157.709
5666.5 915.003 13.311 941.664 407.991 3107.05 322.964 347.622
194.596 711.252 7158.47 247.884 1860.81 738.171 1514.34 550.577
29.3481 78.1973 810.829 2087.35 2376.7 4685.52 3682.66 1941.33
355.107 4114.81 4537.21 47.6769 1277.2 3339.5 1110.89 2768.83
610.972 1627.92 1910.19 383.025 2769.61 342.811 5087.92 1817.77
206.917 756.287 7611.73 263.579 326.273 438.671 356.267 866.623
2074.03 1252.98 2661.98 3148.65 5072.34 2944.2 351.235 854.381
141.07 1634.65 1802.46 351.157 2605.74 5142.71 681.669 3575.09
82.428 219.628 2277.32 5862.61 1115.52 575.642 2732.79 163.991
1211.6 4428.42 2634.35 4630.03 928.934 2995.8 57.2175 868.443
5269.78 3244.37 14.3511 4438.99 1349.85 696.564 26.7592 66.6095
444.318 5148.54 2965.14 80.3526 3285.74 1310.97 89.0042 3928.87
2710.81 1668.92 2293.54 135.149 518.575 762.951 5368.62 2586.55
1848.78 1217.03 1270.02 2788.26 786.795 1540.19 5533.51 1326.66
22.1788 256.997 283.379 2456.46 2630.73 5192.04 688.207 3609.38
1694.88 1043.46 2186.52 2586.26 0.160388 233.822 5238.68 1107.01
1180.84 4315.99 10.3768 16.7164 190.681 1891.48 6472.17 912.917
4872.03 3207.19 13.5267 5102.06 391.943 1240.47 27.0763 412.94
1998.32 7303.91 17.5605 260.836 322.877 434.105 352.559 857.603
1644.46 5867.55 4390.34 999.166 868.457 654.106 1570.94 0.0520571
0.0433588 0.0167977 0.0146637 0.312545 0.334719 0.0887308 7415.27 4.2942
146.089 407.815 475.891 1647.94 4793.56 2722.68 1173.13 2275.61
4648.39 1295.97 11.1909 4221.03 324.262 3420.65 124.848 16.4097
492.56 303.247 4846.5 4269.33 1149.34 1268.84 2855.89 2808.04
2012.47 5362.2 195.312 940.158 293.718 3098.43 2805.62 1509.37
582.547 358.648 751.529 2602.43 7015.62 1207.23 1549.52 66.9254
294.884 785.713 7302.24 1205.86 376.725 671.664 366.038 64.3048
260.251 693.433 6205.86 1025.33 444.24 571.783 81.8781 2350.84
1595.55 982.31 4.34515 1638.93 106.08 3573.97 5799.9 1225.6
98.7743 361.022 269.669 2957.22 143.002 4298.06 2104.38 5134.53
32.6773 378.648 218.07 2808.86 591.766 4165.19 2343.43 5085.35
243.48 2821.33 3110.95 3679.7 5914.03 69.7195 141.956 6.00479e-06
51.9961 454.859 8001.61 11.0244 56.6493 1444.49 28.0623 610.685
2415.66 1487.21 6.57854 2481.33 160.604 1593.13 5451.29 768.918
2472.54 957.892 2912.98 3445.53 5537.68 3039.6 105.364 6.05293e-06
1831.11 1127.33 2362.27 11.9337 808.457 4726.56 2453.48 4359.45
174.007 114.546 2022.38 1778.34 2864.83 1662.87 3314.74 4918.66
5328.07 3507.39 3704.89 99.4876 130.922 150.378 966.397 4.31032
29.3499 340.092 107.648 2294.45 2457.23 4849.6 642.817 2290.73
4502.34 2771.89 68.0529 19.7537 1338.23 2303.53 4591.84 1265.95
1102.3 678.64 1422.06 127.415 2044.03 4029.67 3809.64 4327.42
7.5415e-05 2.92167e-05 8.88487e-05 1.62037e-06 6.62594e-05 0.0120707 0.00213731 7767.12
694.171 2537.21 2889.74 3418.05 5506.33 649.096 352.536 488.651
2779.41 1135.06 1743.72 3793.5 1070.46 913.362 2460.68 5339.77
343.073 225.84 238.557 3044.84 641.482 4515.12 3280.25 3632.54
1570.44 4184.41 4909.96 984.529 965.874 610.711 332.82 1436.78
1894.33 5047.4 12.5023 3867.12 465.372 598.982 23.0105 194.756
857.094 3132.7 2340 137.886 529.077 346.525 5398.18 2600.79
1797.7 6570.63 15.7975 234.649 781.287 1321.85 2975.19 856.445
905.56 350.825 306.255 6527.59 3643.11 3009.73 104.329 4.70422
624.009 173.974 5636.67 930.813 534.386 923.141 75.1095 4483.56
80.7723 935.949 296.253 6314.42 1330.31 2604.15 52.2228 3984.52
4365.66 2687.74 11.889 4347.59 1701.22 2928.36 1592.29 867.657
2881.36 1896.76 3789.65 1528.29 5658.58 1500.03 58.9163 0.000103409
2079.1 1279.88 5.66184 84.0983 2591.01 5108.01 289.004 4339.32
672.605 414.093 867.71 7521.71 1926.65 673.526 1596.98 1.83089e-05
2382.71 6348.69 15.7256 1005.52 134.874 617.494 23.7217 1451.01
3249.8 2000.56 2189.69 151.554 4669.27 2710.25 1411.52 1200.91
6463.55 2504.05 2185.93 98.0231 1513.08 2.72152 95.3635 4.29997
5648.14 3477.31 3805.77 263.408 1010.71 766.048 1571.53 892.479
2128.53 1310.44 5.7966 2186.39 477.873 4812.55 3782.5 1471.23
2422.8 1491.61 6.59798 2040.84 1930.82 5735.48 24.0916 2181.75
1447.73 5244.35 3159.88 906.435 1323.18 1250.94 3940.69 5.67923e-06
3628.46 2233.88 5.43749 3056.42 2891.65 1153.74 3931.94 300.718
5369.7 3305.88 14.6232 217.207 1596.84 2748.69 327.91 2724.49
1508.67 584.475 1777.41 2102.35 664.707 4678.58 620.148 3252.44
3888.25 2393.82 10.5888 3275.27 394.148 3001.63 4115.38 399.101
973.793 3559.23 2658.6 3978.17 692.594 2568.57 2811.3 2764.2
3865.67 2379.92 4987.01 232.292 287.544 1301.24 2928.8 843.092
1664.11 644.695 562.79 2044.6 6875.01 1428.17 96.961 1447.2
173.838 107.024 147.08 1612.89 4423.07 908.361 972.873 4454.97
2967.57 1827 3828.39 3713.47 1129.22 582.714 2766.37 2203.38
149.321 98.2962 1555.51 4009.57 4565.37 3343.47 150.142 2739.42
1458.88 5332.22 4409.58 243.581 301.518 405.389 2849.11 862.127
2491.34 694.588 5.99784 383.514 7084.5 1207.26 1274.34 1634.08
0.338024 0.130954 0.208 0.0056366 0.0870065 0.0822563 6874.19 3897.19
2437.98 1500.95 1642.73 2887.2 1133.27 259.27 6039.59 851.9
2177.45 1433.38 6.04546 2280.26 3673.4 2132.2 254.365 4989.14
6960.37 2271.24 2308.89 103.537 63.9026 65.7852 98.621 4.44685
3979.47 2449.98 5133.81 239.131 1758.01 2881.71 1633.8 890.278
5103.62 3142.07 21.0343 983.237 3349.14 624.616 23.9953 1467.75
141.393 376.738 442.062 522.88 2448.35 3692.07 5991.56 1579.44
437.331 1598.46 962.513 1676.32 2694.18 5317.27 908.722 2521.33
390.162 1039.58 1219.83 270.614 4529.22 2572.54 911.571 4251.79
1206.03 793.915 1040.29 1556.63 2507.67 4943.73 1221.11 4280.49
4023.75 2648.78 1519.17 4418.28 1396.94 1191.93 51.6991 9.07415e-05
761.797 2784.38 3171.26 16.0206 1085.32 1868.2 6392.51 1350.83
259.885 949.886 571.976 7300.44 1538.05 64.6642 820.665 5.60136e-06
1150.78 3066.22 3597.88 721.436 5216.61 1146.2 14.0721 1530.34
207.433 136.55 78.3162 1669.25 4190.62 870.535 6125.65 1468.63
1068.59 3905.73 2351.84 4095.98 3430.68 2834.24 1196.56 1484.09
405.371 157.045 249.441 3212.92 676.894 4764.37 631.518 5312.64
498.196 193.007 674.002 5513.39 1161.55 2273.8 3657.18 4.13689
695.631 428.269 588.556 6454.17 1688.08 2849.36 1483.98 5.25649e-06
1338.45 852.741 1743.45 6037.31 3574.05 666.562 363.257 2743.57
791.997 2110.26 2476.16 2401.83 592.976 374.932 4944.67 2494.17
758.037 499.005 286.197 6100.07 51.3859 1189.53 2901.96 5.10931e-06
632.078 416.088 831.329 1228.3 4511.62 836.226 2252.87 4888.81
1326.31 816.551 1474.15 1538.28 185.117 3794.96 1969.9 4572.4
29.2474 77.9292 724.256 119.6 2277.48 3434.41 5573.41 2685.22
3182.07 1232.77 1076.16 3129.85 2621.48 1045.94 978.864 5105.75
4531.32 2982.9 1710.8 819.528 1196.32 3128.02 49.4261 8.67519e-05
556.827 342.814 1.5164 4191.71 180.784 6090.87 344.612 838.271
883.822 2354.93 2380.69 513.55 3713.41 815.916 1047.26 4795.59
1045.51 291.49 1192.37 4129.02 4701.38 1032.99 2786.39 2219.32
2943.93 1812.45 3797.89 739.909 262.431 2768.39 1146.69 1871.52
4458.32 2744.79 12.1413 4579.52 296.41 414.406 1413.17 1055.73
154.622 1791.69 1975.61 36.0301 556.159 3914.57 6352.63 5.86209e-06
920.986 2453.95 6.07838 1880.12 464.174 293.492 4355.94 4176.75
224.188 819.411 612.066 6711.99 289.481 389.205 1379.96 4.88803e-06
0.0356041 0.0137935 0.0481683 0.394021 0.219907 0.242663 8158.47 4.72459
1114.95 686.423 751.261 1320.39 5434.05 331.562 4499.5 828.03
371.603 990.128 36.0642 2709.78 3085.41 381.899 5668.07 1494.16
124.815 332.566 390.23 1566.31 4150.41 402.328 5971.27 1574.09
2346.43 1444.59 3027.07 3580.48 1405.39 334.343 1190.36 5230.22
1398.46 860.97 1802.17 399.998 48.6115 3544.8 5752.56 2653.04
1272.11 3389.52 12.7062 2596.93 2347.4 453.538 1024.54 3955.3
148.825 91.625 1464.35 1289.96 6040.15 1015.16 2738.28 59.9488
2933.56 1691.76 3720.21 333.328 577.895 2143.19 4272.22 4.90376e-06
799.893 309.888 270.519 5765.91 48.571 1124.37 3026.31 287.97
1364.11 897.975 515.02 1497.86 5643.29 1172.3 2859.93 2628.97
678.426 446.598 256.14 5459.43 1150.18 981.39 3414.08 3.8619
1997.23 1229.61 1345.75 10.1019 7326.82 669.854 363.81 884.972
2199.93 1354.4 2838.07 629.612 2144.61 2366.53 3244.63 2207.95
5190.48 1447.11 12.496 4713.29 1268.86 1400.78 361.93 1562.45
298.919 83.3387 2700.13 1949.56 65.8077 1782.65 5046.44 1969.52
248.512 908.315 1034.52 1223.65 1971.26 3886.21 6306.61 5.54846e-06
1290.26 4715.94 3522.61 988.611 1545.5 540.28 4903.17 0.0533027
219.425 89.6087 260.38 2257.09 2417.22 4770.65 632.351 5319.65
5005.76 3081.82 13.6321 5141.84 332.806 465.291 58.1876 1.78292e-05
1.46503e-05 5.35473e-05 7.00338e-05 7.81705e-05 2.10705e-06 0.0104464 0.000134185 6619.52
2726.44 1678.55 3517.31 4160.35 319.6 1219.03 4997.19 0.0543248
341.848 210.461 3363.58 555.73 1892.95 5622.97 1388.89 2578.95
363.219 223.618 3573.86 590.471 3868.43 2833.06 3884.26 2761.25
405.252 1481.2 3.5612 52.8965 4163.38 1874.23 6413.14 904.591
3502.29 2156.2 4518.21 404.828 309.692 2465.72 2813.92 1213.52
246.827 151.96 2813.85 2474.31 3986.01 2313.65 4612 848.733
2312.79 1423.88 2983.67 3529.15 271.111 2266.73 4518.47 0.0491206
1934.72 7071.43 17.0016 252.534 312.6 1414.62 347.047 844.194
44.6011 118.839 1063.54 768.299 3571.59 5460.89 1348.85 2504.61
1491 917.941 1261.5 1887.63 3040.89 1765.06 3518.46 3996.66
2864.02 1885.34 7.95165 2999.24 4831.66 1279.42 2879.7 1549.22
799.308 492.098 676.274 7416.1 379.62 644.595 56.0491 850.709
4929.1 1608.41 5695.96 103.88 64.1141 1484.18 100.763 4.54345
2515.13 1655.67 949.587 3449.82 973.474 920.327 1987.3 4778.66
1217.35 3243.61 2042.09 659.761 2147.11 887.488 6244.94 66.9928
1383.79 851.939 1785.19 6181.87 335.653 598.437 1351.87 2622.33
1893.98 6922.54 16.6436 6.48015 1854.7 735.748 345.738 0.0496812
90.7138 25.2911 819.417 2112.17 159.047 6562.8 1157.33 1484.04
4193.44 2760.48 17.62 823.641 356.855 2717.63 2460.8 1323.86
1481.31 975.124 1017.58 27.5756 4753.47 2064.34 3320.29 3676.87
2355.01 1449.88 3038.14 2946.94 354.636 2700.73 3702.83 1951.96
3419.93 2251.29 4498 82.0319 1266.24 3310.85 765.542 5.22513e-06
0.000634547 0.000245831 0.0002146 0.00457403 0.000963651 0.415971 6577.1 3728.76
136.645 364.088 3258.4 2870.35 220.502 6261.63 373.116 1.02481
42.1513 112.311 1005.13 726.099 3375.42 5160.94 4056.32 175.988
44.1572 31.3776 0.125623 3.58927 14.0296 6842.26 50.844 6.3107e-07
941.504 3441.22 2047.09 141.685 543.652 5954.89 3091.08 889.807
19.9374 231.024 1942.9 1711.52 6527.91 632.795 148.982 1487.29
263.574 162.271 2593.41 6688.33 503.633 1386.78 25.2581 62.8729
4951.94 3259.79 1869.6 83.8382 51.7446 1197.84 2922.21 4.03826
1902.75 1171.44 1609.87 2408.91 945.533 5420.7 306.695 2548.23
725.8 1933.88 235.101 5323.71 3151.6 1955.35 1380.51 134.417
1431.45 942.302 1882.69 2781.7 31.3854 5409.13 716.983 3760.29
59.0806 215.941 0.519179 1435.14 3935.61 1771.7 3531.68 5240.56
4216.51 2595.92 5439.61 253.375 313.641 438.497 1495.32 849.199
1563.77 1029.41 2361.8 40.6465 627.419 4416.13 69.1452 4895.88
6098.36 3754.49 16.6076 246.682 143.235 711.37 53.518 2774.53
0.264863 0.163065 0.341694 0.00172617 0.119407 0.201551 8190.68 526.364
1041.05 3326.61 8.08346 460.891 246.623 5055.84 1248.8 2318.84
164.373 101.197 1617.33 1424.72 5863.44 3330.36 3015.63 66.0208
394.441 242.84 4496.67 299.521 1164.03 1975.44 2162.12 5018.57
611.01 1628.02 1910.31 6615.12 359.178 640.379 150.767 2750.84
2448.41 1507.37 98.0484 471.969 204.488 1557.28 4408.43 5013.96
1151.24 2282.08 2130.15 3879.17 4570.41 1583.84 551.134 1048.47
146.946 1702.74 980.639 1723.53 46.4571 3755.65 6094.74 1461.22
506.347 196.165 315.388 4025.47 4311.06 3160.7 3334.57 4.34494
3112.27 1916.09 8.47563 2621.62 2480.29 462.576 2196.02 5127.15
0.0716871 0.0441345 0.0924816 0.0205166 0.390686 0.218858 7358.14 1550.87
2287.17 637.664 2608.44 578.669 1971.08 5855.07 150.725 2227.73
293.132 3396.67 3745.35 5533.82 1561.54 2.80869 1356.66 3.54263e-06
2231.51 1468.97 6.19556 2336.87 3764.6 443.778 2016.16 5065.82
1027.18 397.943 1210.15 22.0701 4059.52 843.301 2656.55 4718.79
109.808 72.2849 1101.51 2840.77 3234.56 2368.84 2144.98 4978.77
1132.53 3017.6 11.312 528.773 470.009 297.182 4410.71 4229.26
418.536 275.516 550.472 651.111 2679.64 4097.12 721.134 4588.93
507.967 141.622 4588.46 757.716 2465.9 2818.95 3864.91 2747.5
387.567 4490.93 1421.5 63.7441 2735.28 2178.67 3504.18 3880.51
172.602 106.263 1763.64 1552.81 2501.51 1831.99 5186.12 2498.63
1042.98 642.114 1345.52 1591.51 1476.86 4063.34 3193.64 3439.92
52.8509 193.171 1944.19 129.502 5307.37 336.741 1148.32 4025.34
1368.86 901.103 1800.37 2660.08 750.626 5283.33 47.857 3651.42
1240.33 763.615 1600.12 1892.65 201.639 4133.66 1021.02 4675.46
2258.62 875.017 1406.83 37.7776 2964.25 2173.27 1887.94 4539.74
1966.87 548.365 2243.15 2653.25 203.824 5788.02 3004.47 1616.35
176.582 108.714 2013.05 1770.14 114.572 3860.1 2003.71 4650.88
3055.55 1183.76 1903.21 3314.63 41.9033 2682.78 892.434 5250.94
3415.22 2248.19 1289.42 4684.41 52.8533 1223.5 3293.13 4.20274
3226.94 899.673 3680.22 4353.04 334.403 1058.36 23.1013 352.317
5354.9 3296.77 3608.18 27.0848 1834.88 1440.88 3243.11 933.571
5954.56 1943.03 1975.24 1958.64 1426.62 2956.44 826.283 1465.27
1178.09 384.424 1563.32 1744.95 6574.2 1365.68 92.7187 4.18071
1268.21 834.842 1667.99 1972.93 395.834 4335.76 39.2738 4806.51
1189.23 4346.65 4950.59 443.569 769.02 401.966 2880.68 829.239
1415.85 5174.97 1691.93 43.715 3102.28 2562.93 3192.36 4.41158
253.258 674.8 6039.1 997.778 311.719 986.568 1041.39 2336.26
4930.26 3035.34 13.4265 5064.28 389.041 693.622 1566.9 414.636
1145 4184.99 2489.54 4375.52 1707.59 2897.91 34.3392 840.053
4893.57 3221.37 1847.57 82.85 51.1347 3273.8 3453.9 4.50042
0.00311093 0.00120521 0.00191428 5.31905e-06 0.00407008 0.492631 7789.22 1493.13
1759.21 1083.07 4.79085 5290.32 3131.83 3455.92 25.3226 214.325
4373.29 1694.26 1479.02 66.3233 19.5722 947.567 2311.66 5016.4
1347.45 3590.26 4212.78 4086.32 491.75 1271.1 24.6096 208.291
3188.7 2099.08 4193.88 817.057 47.6897 3053.24 48.2446 3680.99
1770.54 1090.05 1498.01 2241.54 390.248 660.254 4645.98 4045.04
1002.56 659.968 1318.59 118.145 204.829 2580.05 4186.95 4762.05
0.10463 0.278784 0.000690542 0.213594 0.202079 0.0376878 6643.15 349.102
2234.85 1375.9 6.08616 90.401 7115.28 650.514 1099.1 867.399
67.1651 778.276 858.168 7438.99 62.6648 1450.63 133.761 5.65815e-06
2559.65 1575.86 6.97066 2629.23 1032.01 1741.97 3472.42 5152.62
988.027 2632.58 6.52084 7200.66 152.088 1236.05 26.9798 1650.31
1972.1 5104.72 1725.75 1711.25 1246.43 52.4037 3645.2 4.12334
163.879 436.652 3907.81 2822.98 5136.91 635.826 91.049 2614.15
2276.65 882.001 769.948 2797.2 4012.35 1063.63 41.776 5112.74
629.341 414.286 827.729 8.69777 3032.9 4637.24 614.667 3223.69
2800.57 1724.19 2369.49 3545.57 617.278 1044.36 1004.79 5102.44
742.181 456.928 957.468 1132.51 4660.86 2647.31 1140.66 4403.56
0.0376367 0.0231712 0.02536 0.326649 0.35064 0.0478324 7656.77 863.518
5198.38 2013.91 3237.91 86.9478 1342.12 2627.27 52.6865 306.162
115.736 423.019 4257.52 3743.77 651.785 1102.74 4520.48 831.89
504.278 310.461 5748.82 199.07 662.824 2458.16 4073.73 1270.17
16.0164 185.59 204.641 1773.92 4453.4 138.233 2217.07 4811.13
5127.83 3156.97 13.9646 22.4962 1547.23 2625.76 2873.89 827.286
2421.82 6452.88 15.9837 911.332 351.63 626.922 24.0839 15.7657
0.00995848 0.00613099 2.71198e-05 0.000402825 0.00302392 0.0010366 0.0025661 7855.43
