39 1.0748
0.17476 0.682561 9.16191
0.177958 0.000353267 9.9597
0.000111871 0.874367 8.5494
0.17476 0.228214 9.5778
0.199219 0.226151 9.75302
0.660845 0.874367 7.95061
0.689893 0.690892 8.80648
0.734094 0.874367 7.44345
0.762301 0.00138732 8.45166
0.795871 0.226151 8.45027
0.872873 0.810252 7.11879
0.872873 0.874367 6.91427
2.84921e-05 1.82777e-06 10.4542
0.000256794 0.810252 8.29929
0.177571 4.3999e-07 10.0504
0.177571 0.789909 8.72897
0.177958 0.682561 9.00977
0.660845 0.000353267 9.46266
0.670736 4.3999e-07 9.58805
0.670736 0.690892 8.94039
0.67917 3.19392e-08 10.0443
0.67917 0.709389 8.84139
0.689893 0.816832 7.81932
0.690445 0.690892 8.50214
0.699589 3.19392e-08 9.89936
0.706592 3.19392e-08 9.82892
0.721403 0.71765 8.26398
0.73474 0.682561 8.23073
0.73474 0.71765 8.04811
0.762301 0.759064 7.52023
0.762301 0.874367 6.98627
0.791744 0.000526214 8.64433
0.791744 0.810252 7.12496
0.795871 0.246966 8.22519
0.823092 0.226151 8.4433
0.872873 0.71765 7.57212
2.97048e-06 0.000207743 10.4611
2.97048e-06 0.000526214 10.2303
2.97048e-06 0.225021 10.1087
2.97048e-06 0.228214 9.86611
2.97048e-06 0.682561 9.45207
2.97048e-06 0.71765 9.21389
2.97048e-06 0.810252 8.69322
2.97048e-06 0.874367 8.6365
2.83215e-05 0.000207743 10.0765
2.83215e-05 0.228214 9.84917
2.83215e-05 0.694972 9.33902
2.83215e-05 0.759064 9.11001
2.83215e-05 0.810252 8.61064
2.84921e-05 4.3999e-07 10.502
2.84921e-05 0.226151 10.0644
2.84921e-05 0.731619 9.14828
2.84921e-05 0.777338 9.048
2.84921e-05 0.805835 9.00959
0.000368228 0.682561 9.27067
0.00037161 3.19392e-08 10.8372
0.000602775 3.19392e-08 10.622
0.00173946 0.672094 9.7945
0.00173946 0.784216 8.99533
0.032746 0.805835 8.8542
0.1586 3.19392e-08 10.2676
0.1586 0.204915 9.98104
0.1586 0.672094 9.66058
0.17476 0.759064 8.80785
0.177571 1.82777e-06 9.96128
0.177571 0.226151 9.78704
0.177571 0.736129 9.09332
0.177958 0.228214 9.53873
0.177958 0.734514 8.71086
0.177958 0.759064 8.59864
0.199219 0.728833 8.80319
0.199219 0.805835 8.47678
0.660845 0.000207743 9.76085
0.660845 0.00121899 9.32082
0.660845 0.682561 8.987
0.660845 0.71765 8.53399
0.660845 0.734514 8.47773
0.660845 0.759064 8.39017
0.670736 0.188925 9.17519
0.670736 0.805835 8.00258
0.689893 0.266036 9.14335
0.689893 0.752188 8.39795
0.690445 0.188925 9.15171
0.695757 0.226151 8.94947
0.706405 0.784216 8.12108
0.721403 0.682561 8.36809
0.721403 0.759064 7.54018
0.721618 3.19392e-08 9.36249
0.731255 0.000353267 8.96592
0.731255 0.228214 8.84215
0.731255 0.734514 7.85365
0.734094 0.00138732 8.70307
0.734094 0.225021 8.55187
0.734094 0.71765 8.06113
0.734094 0.810252 7.44795
0.744056 0.832499 7.38189
0.75051 0.000207743 9.08981
0.762301 0.000207743 8.84351
0.762301 0.000353267 8.821
0.762301 0.00121899 8.54075
0.762301 0.71765 7.61328
0.77342 3.19392e-08 8.90303
0.77342 0.672094 8.34658
0.791744 0.228214 8.41294
0.791744 0.682561 7.72473
0.791744 0.759064 7.41764
0.795871 2.82464e-06 8.63344
0.800816 4.3999e-07 8.88312
0.800816 0.805835 7.19556
0.800816 0.816832 7.03564
0.806989 0.789909 7.38179
0.823092 0.777338 7.22601
