12 1.61212
84.2133 2.98031 5.63685 20.0755 14.9827
19.1271 29.0775 29.3876 75.4677 0.0220909
3.345 88.6091 14.5838 2.29079 0.262929
2.36244 8.40156 0.302528 88.5512 2.54934
0.795476 13.381 86.1436 2.50117 8.47214
0.600098 2.46439 1.35316 0.0912362 88.9279
0.0129698 0.0609173 0.031028 0.959079 87.2004
0.00916511 0.000116248 0.120652 9.01261 86.8318
0.00345747 0.0193852 0.26703 0.943773 89.1164
2.95222 86.9343 5.54902 1.01264 12.6181
15.6763 85.5398 5.58081 10.173 3.37245
83.6438 16.2073 21.5097 11.7199 4.1812
7.13242 6.85215 86.034 9.07859 15.5316
23.9605 9.62062 83.7237 10.1197 0.383361
12.7093 82.8751 18.2899 18.5454 13.6268
1.78628 20.6666 82.5013 5.96222 22.0065
78.6428 15.4623 21.3649 7.27738 26.3133
82.1533 13.3283 25.5413 3.39411 16.8877
18.6874 77.0936 30.1604 17.9693 14.54
80.2589 11.9031 2.68977 26.1963 21.4065
77.1254 35.9684 6.94897 18.2593 16.2661
21.9598 10.9745 82.0046 22.1124 4.75663
32.5501 34.3311 18.3334 68.9263 19.864
9.58878 78.5883 10.7049 20.042 27.8355
28.9189 18.5013 71.6569 22.3216 30.6505
4.96355 84.3104 8.63226 11.8898 26.619
61.2479 23.417 46.6829 28.9353 20.6554
1.82232 4.77673 83.7236 28.3289 5.86529
18.1219 24.6294 19.9032 14.8623 77.2236
6.9057 15.5996 28.2109 80.9267 11.8941
44.8183 72.9092 17.1459 15.3821 4.51773
66.067 31.2899 44.9584 13.9328 10.7425
14.5268 1.00968 79.5823 6.02955 34.9084
81.1706 4.14584 13.6728 27.2857 13.5009
12.5259 20.96 9.92573 65.1618 54.3293
72.3539 46 21.3339 2.47996 16.0117
58.153 32.6103 18.7342 8.60322 55.1309
37.0071 22.1538 27.1713 22.6312 69.6353
38.0878 38.3408 41.0667 33.7687 44.4673
52.6202 18.2876 30.6131 24.6756 53.9915
60.5667 15.539 27.1435 55.2914 9.01098
41.571 48.8218 60.2199 13.3951 6.89855
32.0162 47.3441 33.047 49.02 35.6847
5.64977 41.1487 77.7105 1.33052 7.46689
15.2701 21.4838 81.3124 17.9274 4.42497
67.6287 3.13229 15.0272 7.89726 52.7144
14.9226 30.1824 79.8718 1.82947 20.2446
34.2031 44.1535 41.5225 53.1814 17.762
51.6934 13.0141 28.4454 15.1886 61.6593
4.31012 1.99521 70.381 34.141 40.1297
64.2697 32.2819 31.8941 3.4701 41.5973
80.3057 22.3732 16.9238 22.0205 15.6333
36.2295 72.6185 27.6704 6.94283 23.1914
31.5832 29.1866 27.5307 14.3546 70.6703
15.1723 62.5035 26.5796 49.9511 19.4072
43.875 57.3382 37.7448 28.6033 22.56
24.6812 83.7567 4.72285 10.5837 5.3901
63.4615 28.4941 38.2685 38.1651 13.2404
46.1327 18.665 23.7836 63.3258 19.5704
50.1113 18.9959 39.8626 3.17975 57.7709
47.1667 36.18 55.456 1.41399 36.8276
44.5223 7.18135 47.1938 33.4691 49.0925
70.4052 23.0863 23.2831 22.2445 38.0379
12.7964 76.536 26.098 17.776 28.9128
31.0756 45.415 65.3289 1.6173 21.3548
3.3505 12.0218 67.3979 31.5027 45.1768
12.7522 31.7546 78.8065 23.2813 9.43073
25.1285 26.5691 16.26 41.9732 67.4692
16.4313 54.3659 9.80808 13.029 64.582
42.7068 75.97 13.4647 5.04423 5.59969
19.6826 57.677 20.6223 35.8785 50.0042
0.291832 2.35001 4.53739 32.6634 81.625
0.465944 17.1649 78.4364 11.3084 35.264
25.0037 67.9402 19.2102 38.8222 25.0515
46.6322 59.3901 5.54507 29.8126 34.0321
28.0719 46.5424 3.6655 67.0545 18.8372
18.3808 15.3497 61.323 57.5907 18.4899
6.10374 9.56431 11.5917 86.1149 9.94791
76.1117 16.0935 30.5408 25.1197 13.254
16.9852 10.6526 11.4131 84.5464 9.84044
32.7633 35.5803 11.5369 19.4904 71.8157
26.9666 62.0353 17.89 6.30305 50.3423
9.93078 10.3234 60.2728 56.7643 24.2962
0.891876 81.6381 12.2924 5.48031 29.6593
32.9566 9.32714 12.6271 81.7576 7.38406
11.8603 46.9071 56.8393 35.3832 31.4397
8.48352 80.9665 32.5665 8.11337 7.42705
45.939 25.0563 62.6249 1.27955 31.9912
6.76544 65.1135 11.7429 1.24698 54.9999
8.92394 31.8949 43.4085 14.2771 69.1376
10.3275 80.3443 13.0821 10.9894 35.1081
26.3809 15.8375 22.8702 47.6984 65.2718
24.241 13.6251 21.9862 39.4651 70.2586
7.24432 2.08079 41.2042 64.9923 46.4559
69.0171 43.4463 31.105 11.0786 1.73283
15.5531 53.2427 39.7135 10.051 55.8864
11.3181 12.1148 77.2186 11.4189 35.9192
50.5779 11.8113 54.7035 3.77515 45.2081
74.0367 37.4027 12.8193 11.0567 28.4746
37.595 59.8383 16.2332 29.1279 41.3063
36.4805 5.95393 23.3422 71.7979 24.817
25.6791 27.1206 63.6796 38.0671 26.5479
10.791 73.5266 5.45083 47.8057 2.69587
66.8834 52.7484 18.0737 15.4339 15.1176
37.1266 33.5018 42.9012 47.9118 33.0289
39.7171 54.8901 21.3115 51.0601 5.71795
8.85065 7.73955 34.6846 74.0615 29.5598
19.8084 42.9045 39.2343 58.6859 23.9782
55.5348 48.1449 48.9893 9.63509 6.24162
5.98135 12.7002 55.2603 51.2617 43.3491
2.67631 10.5474 8.85559 49.3392 72.6042
24.4416 69.9677 33.3512 32.3505 9.76666
2.13906 8.33447 50.7987 71.3301 12.8504
19.3141 67.3652 6.60256 53.2189 9.7492
81.6751 28.9471 2.15232 10.382 12.5751
39.1819 6.55181 46.8108 44.4247 45.7326
12.8016 25.5418 65.9434 34.0725 35.361
34.5466 8.91608 4.1017 44.9215 68.1181
55.214 4.25653 4.56909 56.4893 37.7696
49.4855 44.6151 57.0491 3.36214 10.48
16.7301 6.18862 37.6189 71.5975 28.7328
26.0786 72.1197 5.60495 32.8962 28.1194
23.9887 5.61649 45.3017 8.36117 71.1281
6.08285 40.7341 1.84177 21.8379 75.7303
23.1206 79.5067 14.6209 24.4468 6.04739
68.2799 49.9537 4.56389 5.40552 25.2198
35.5438 64.3269 29.8528 8.78617 38.7574
4.28877 68.8545 26.4856 47.4191 11.3514
35.0982 22.8955 51.2174 40.8195 43.4634
65.804 36.7867 24.2113 17.4284 34.8588
48.3275 51.483 19.6282 48.6733 13.0094
21.1324 59.3215 34.8681 49.5732 12.228
24.4389 36.4735 69.626 22.9773 26.3607
26.3234 30.9067 44.4588 45.4884 49.0117
64.7021 8.85599 8.63653 35.1822 48.6067
12.9445 25.2448 40.483 67.7619 25.3752
2.33255 23.8939 14.7531 7.24667 82.1238
19.4574 44.5214 10.3935 58.0296 45.1075
65.0584 23.7961 3.62898 26.5998 48.137
52.4414 16.8755 37.883 42.3525 40.5333
8.69643 29.1848 19.1491 74.938 29.2366
5.75938 2.39142 24.8111 83.1561 10.3439
57.6707 7.20737 64.377 2.01472 17.8494
13.3176 56.9759 11.0727 51.7179 39.1402
41.3116 29.4852 11.7353 9.49324 72.2407
22.7085 49.7191 11.9865 7.39067 66.5954
57.2155 29.3154 6.98062 58.7945 4.23605
3.40367 5.57119 74.5402 46.6602 3.84414
32.8732 19.7823 70.1175 30.0903 24.4835
63.9631 16.0808 6.00836 59.3087 7.03118
34.887 27.9582 15.6032 39.9032 61.1642
29.7 3.65837 80.4963 2.68157 25.2721
18.4372 15.349 63.4084 52.1283 19.3538
11.0952 12.5648 69.4002 40.4186 28.2438
7.48068 64.8546 58.9186 1.94056 16.6637
20.6825 74.3583 33.8399 7.64271 20.9867
42.0017 69.8173 9.96152 34.3487 2.23739
2.00275 65.441 4.42231 19.236 55.5665
13.9028 66.3945 29.8036 43.7782 18.707
71.9549 12.267 32.8206 9.11253 37.9652
54.8904 9.20291 26.7471 23.1717 59.1462
17.0506 24.2363 1.71894 28.8679 78.1683
71.1036 6.03226 30.1182 8.26724 40.6841
70.6879 4.59881 45.8968 8.52647 21.7641
71.4809 19.6107 47.6096 1.60291 7.57441
56.9432 9.52662 43.7314 48.3652 3.60202
17.5523 3.14874 25.429 69.2121 46.6461
48.7637 9.27764 9.27941 49.111 51.0664
7.95825 4.03729 37.0648 73.24 32.5095
38.4555 28.0728 57.688 30.1153 36.5555
20.1767 44.5144 14.8525 66.7545 28.2345
11.0361 8.90309 52.0155 68.1865 8.06428
40.1141 13.1936 22.4342 26.018 69.7823
8.7428 13.7884 76.862 12.6612 36.7369
12.7177 16.4211 76.5039 37.6432 12.6448
5.41296 56.2633 64.3007 15.3607 18.1177
7.86269 79.2188 15.9236 30.2656 17.0741
18.8766 49.0643 42.7811 46.3854 32.0671
29.8725 49.1648 7.94357 55.4051 33.8133
68.7035 10.276 46.0197 24.3984 19.1293
45.3286 61.4398 7.46896 42.6438 13.2686
4.14983 3.36576 28.8864 82.6388 3.74558
69.6417 45.0425 30.8011 5.21892 5.09049
0.6607 5.50289 5.08754 45.9067 75.3305
38.0169 17.9643 21.1471 73.6155 17.9051
5.56655 38.7733 64.8928 43.3957 7.77344
67.869 37.6966 24.6027 5.88729 36.1362
13.7074 12.8248 14.6703 39.7019 76.6554
62.7415 26.2046 9.97222 6.64003 55.4792
2.34869 7.42271 3.15179 66.2937 56.3418
23.08 1.94434 72.3009 31.6367 33.1748
27.9017 76.414 13.1124 0.835158 30.1786
72.2445 29.7509 35.3462 10.6903 20.6139
33.613 70.4621 33.9952 11.6179 24.0071
17.04 32.1234 68.2821 20.4614 38.989
62.1934 39.7388 6.86705 28.1665 38.4582
50.9505 45.684 49.687 3.14666 24.93
10.4807 1.37665 4.90301 32.2011 81.0539
10.9453 74.0583 8.42131 40.5318 23.7589
13.4306 34.0452 61.4211 17.1728 50.4773
24.9268 14.3086 7.71235 74.5211 36.5122
10.9195 3.17625 2.62181 54.6016 68.5728
1.77059 3.80617 56.5889 64.3873 23.8679
58.4167 9.50555 64.0023 13.6218 8.72672
41.5701 25.8454 21.3292 62.2376 33.7044
19.1939 58.4278 7.10682 19.91 58.6485
35.8446 57.1541 25.7591 52.1238 8.39379
4.19316 4.60955 42.374 51.41 56.7887
17.7608 45.3533 11.8291 61.8877 39.6581
28.1195 13.2482 50.9875 58.4046 24.5829
73.0536 3.92218 16.8252 13.5428 44.6835
23.3022 46.38 43.5084 34.9943 41.7655
6.00101 47.7993 36.8631 27.9593 59.537
7.28617 7.35951 36.5033 78.8144 14.6781
37.9281 17.6894 20.3473 10.2866 75.6385
14.601 60.383 33.6436 48.1697 23.4624
14.1642 36.7207 51.8399 16.3412 56.3489
10.7371 58.2322 19.6121 23.0124 56.1413
59.2582 25.3127 10.2339 12.3923 58.9924
30.2466 14.0744 14.5728 12.8765 78.9694
45.1398 3.68876 13.3543 33.317 67.1151
7.43415 6.23305 6.44402 85.1307 20.508
21.2406 39.9884 6.78845 70.1849 26.9139
3.53946 55.6407 9.28397 4.68532 66.2277
17.6813 41.2921 16.5708 65.6838 32.8644
3.06967 9.56899 54.0886 42.7632 55.1864
71.2556 40.2638 30.7512 6.74332 3.0753
43.9956 26.7973 35.7602 37.5178 49.5182
3.76196 23.6906 22.6873 56.9986 59.4503
56.5772 26.6091 10.6755 57.4076 22.7469
16.1095 12.6363 62.054 59.4874 1.52067
53.8666 69.0362 10.2219 9.85124 8.48566
46.4798 20.3907 62.8021 36.4057 7.14997
8.0802 8.56508 45.7825 60.8198 44.0397
13.3423 35.1378 52.23 59.6771 14.1069
30.7961 23.8817 72.4727 9.29377 33.2776
74.8981 13.679 36.749 24.4571 5.24952
55.9838 22.5682 28.0852 52.6383 23.0202
33.0537 69.5558 20.8722 21.8501 30.9557
24.8763 1.2885 53.3611 65.8521 0.854273
38.3162 15.3504 76.112 17.8526 4.67077
23.8069 60.6183 35.2405 26.7806 41.1569
33.3518 30.7335 15.7438 60.0849 40.5787
15.8287 8.86621 43.2644 72.2838 16.3825
66.4709 17.4425 25.804 43.2261 23.1602
15.5134 34.9856 1.69188 73.0791 28.5992
13.5042 34.2339 63.9457 36.2084 32.4236
13.1102 16.9814 19.2208 82.4472 20.1936
54.5921 62.8359 1.14584 32.1196 5.14652
9.82101 10.7338 71.3045 41.7964 26.5519
13.2339 3.92052 59.859 3.47517 62.8892
43.4311 14.6748 2.34816 16.7426 74.6147
11.795 48.6204 11.0043 20.8234 66.1142
10.3004 8.83895 40.033 38.3878 65.5027
53.5043 7.55703 40.3117 54.7065 19.6081
13.9964 13.1219 4.60364 79.8696 30.1335
23.5845 8.1245 57.525 10.959 61.0232
0.373653 0.893124 2.81557 5.01102 85.8108
51.7944 2.94921 65.0896 25.5452 11.5832
17.5859 7.99419 26.9746 79.3719 15.307
11.0053 39.4205 34.0679 40.0777 57.5403
53.5606 49.416 3.28488 46.5121 13.9551
44.3835 37.1738 56.5372 34.6396 11.9847
61.9673 19.3574 46.4384 11.8372 34.6591
0.458782 0.503056 19.6893 84.1849 7.08559
62.5567 11.1202 36.3043 45.7055 19.4374
7.74153 57.8871 57.2863 35.256 1.97288
47.346 66.998 21.4406 17.4581 10.8573
1.52365 1.34193 68.4777 22.8358 49.6027
1.29118 7.46887 74.1189 44.0458 6.51848
61.5474 40.9546 6.42152 47.7384 4.08767
54.1612 44.7873 30.2458 37.2523 25.4459
45.5779 63.1075 15.676 39.3619 1.73254
20.5351 1.453 46.6448 55.8821 42.7096
10.042 6.40913 49.3774 69.4525 12.126
7.00584 61.9745 26.1782 55.9796 10.2217
21.8074 22.7999 20.7914 76.9323 15.7941
20.3016 3.99189 3.30566 74.1858 42.0042
1.4624 14.2298 15.1163 18.0364 83.017
42.4833 58.6981 50 11.9857 2.88476
26.6166 43.5914 17.8388 59.0166 34.1826
54.7578 18.8703 57.8386 29.9484 6.06921
39.4428 50.6029 53.8773 10.2255 26.7482
29.7739 14.493 22.5258 76.2573 25.4921
1.78623 70.2933 36.5235 25.5998 27.4754
27.8013 4.16556 38.8511 8.09264 73.9139
26.9729 9.06502 19.3877 56.2062 57.3477
21.3492 41.4059 7.34948 74.65 7.88548
33.7427 38.6297 29.6971 50.7905 43.909
31.7155 19.1126 62.3563 50.617 12.9572
50.7223 22.9671 47.9335 0.777252 50.9433
22.4186 83.5956 6.75205 20.5876 2.16474
75.76 8.26889 8.19814 41.3842 13.9899
68.4205 31.7048 21.2634 14.8167 38.12
30.7369 5.0788 66.776 17.4858 45.2259
6.8956 4.2863 16.4125 63.4971 57.2315
11.218 7.93859 51.5943 49.6014 48.0965
3.87791 4.96652 31.6381 72.161 37.5337
16.0905 34.8663 35.946 70.8345 4.02245
43.623 3.91533 18.3211 27.5819 69.4358
2.45811 0.843538 14.1734 85.3535 7.18111
63.8616 56.7176 10.5683 19.8912 8.81966
78.1175 18.843 12.26 26.8344 20.1994
6.62419 1.41303 66.4323 54.8799 17.6349
0.810464 0.39311 3.39192 86.9028 12.5779
6.54758 75.2698 23.0002 35.9908 17.2541
31.2919 59.9683 55.8232 11.4943 8.95775
3.62474 74.8606 47.2961 7.476 5.95074
63.1464 12.3753 14.3806 56.3893 7.62881
16.0288 26.8563 19.1822 16.6174 78.4554
2.6424 22.3309 28.0261 13.8376 79.2395
55.7927 31.2431 31.481 52.5616 11.0143
50.9903 30.3592 64.7413 7.64046 2.91353
9.69936 71.2337 2.00244 51.9193 5.15505
12.2692 16.3601 80.5999 16.4557 29.725
34.0079 68.3782 5.28321 3.52215 43.7876
36.4651 39.0542 2.30821 23.816 66.7926
27.3386 54.6019 7.58914 5.66636 63.6659
74.3921 16.9679 15.497 16.6472 39.7725
46.9557 8.85392 52.5737 4.03523 52.4887
40.3684 9.31161 45.8617 12.4505 61.7205
17.2972 78.8169 31.3195 3.86094 17.0897
40.9595 13.2336 59.3283 21.5548 46.8005
3.13303 2.65474 1.47933 87.5634 3.11179
51.3648 26.3388 27.9359 44.026 41.0371
11.586 6.90276 42.9933 68.4208 31.302
46.0304 30.8424 60.5375 4.2956 37.307
19.421 37.8219 66.555 34.5455 16.9328
30.3691 8.8399 59.4193 10.7358 53.6108
28.735 1.27998 41.9213 0.569974 71.8939
56.634 1.35267 58.251 12.3392 33.9386
59.9422 12.2209 16.8803 44.2262 42.3315
32.2952 26.1752 52.3473 53.7787 22.4616
1.86038 58.8778 18.9547 55.8368 26.2362
66.6883 31.8643 46.2482 5.95571 13.2992
0.543231 5.80253 19.2668 80.3276 31.554
69.4956 12.2354 14.7609 50.5112 9.63301
27.6563 9.12798 11.3499 36.6375 73.6393
43.0491 63.4449 20.5009 33.5843 20.725
46.9982 19.5726 53.871 8.15569 47.7136
1.22685 8.46428 1.5703 88.0796 1.63486
69.8634 18.524 7.95188 49.195 0.0463693
29.4782 10.4698 31.1931 46.9917 59.9896
48.0862 47.09 14.8634 19.5081 51.8357
41.4364 61.1711 39.4584 27.1155 0.374267
38.9627 51.8419 42.5242 31.3122 28.6411
22.1781 65.7423 43.1669 33.461 11.473
6.3146 42.3861 13.9553 75.6372 12.5187
35.4909 72.2601 34.9065 13.5668 8.614
19.8316 26.2668 68.0804 44.5693 3.04025
10.625 41.0769 1.73716 77.2568 1.51126
26.714 30.9188 4.35138 48.4769 60.6614
11.4594 42.5651 72.9236 21.3339 15.5044
47.9578 27.488 8.45269 53.9399 42.7296
53.1674 48.3984 11.5434 2.94193 51.2907
2.32942 62.9224 42.4039 12.1164 46.0325
6.30721 75.5609 19.5059 35.6191 22.5052
8.39266 2.21867 80.7273 17.2683 29.2706
14.8106 43.4639 69.9844 15.6613 26.8093
6.75683 68.4999 30.4441 26.2591 41.0624
49.1434 21.8611 44.9646 10.4109 52.6241
5.8117 8.55964 10.8013 3.71687 86.5059
75.46 4.9395 17.5632 21.2233 37.4654
2.24478 0.631514 73.5657 44.4479 18.233
20.008 16.327 28.6044 28.1984 73.7913
40.6584 66.1908 14.9539 16.2519 34.4093
17.2273 55.3875 2.00749 41.5656 51.3558
59.5203 6.22761 18.9662 10.7593 59.2894
4.48006 13.3539 80.9982 4.62962 32.6691
9.44562 5.64665 51.4627 42.5142 55.7669
4.63278 9.99174 24.7131 53.586 64.3088
4.9478 80.6142 20.8007 19.2573 21.6267
49.8694 52.3589 23.6905 39.6466 22.8641
14.3421 20.2865 53.2352 45.184 48.7153
38.5827 2.52133 24.5772 38.6354 64.9358
22.162 27.6945 53.053 18.6512 58.3317
12.6735 8.19209 34.4677 78.222 2.67098
25.1695 17.2629 65.6836 16.8422 47.6699
36.3334 50.8965 40.3006 4.77387 47.7526
47.7177 24.4337 17.6295 27.4179 62.6042
75.1487 32.9024 1.27139 27.136 11.1306
49.3341 10.712 24.876 36.8629 58.4136
34.462 39.2566 31.7482 26.077 58.0818
24.93 71.7036 33.7908 27.7198 7.8957
0.237603 1.61375 8.6625 62.6385 59.6887
22.8164 37.491 61.7825 45.323 8.74733
17.3598 52.1032 68.7768 11.4609 13.6819
4.42585 18.0566 10.9088 17.0234 82.7227
36.0462 2.57708 48.2969 17.5872 62.2763
3.35504 40.0758 58.5581 53.5052 0.960825
4.56077 27.4105 1.21503 83.7454 6.30979
6.77061 2.37595 0.0661484 50.407 72.9044
9.97766 42.7537 15.4634 51.7834 53.1189
18.6331 43.3793 20.1964 4.40768 69.9911
2.91993 35.5508 23.913 65.8944 40.3814
25.2067 52.5327 12.2145 39.1724 53.316
5.12136 7.02365 51.9874 52.3934 46.9657
63.5306 16.2349 32.759 24.7725 43.0668
1.47467 39.1866 18.5964 76.5362 6.15101
0.772825 1.81327 13.3746 18.9964 85.7303
39.884 30.7641 13.7919 45.4326 52.2538
9.6698 7.69188 37.4935 15.3048 78.8809
21.5116 20.081 1.52493 78.0136 31.251
67.0867 18.1906 12.1953 8.95197 51.425
16.0861 13.1258 73.9281 33.0887 27.3734
43.1314 53.838 51.5566 23.397 5.62639
0.0952793 3.2529 68.8772 46.324 31.3058
26.5111 17.7347 48.6769 30.913 57.9407
25.7384 42.1599 18.103 21.6104 66.7953
18.7842 18.0687 48.1852 19.8081 66.3011
21.5355 30.6379 47.9582 61.6262 16.1757
6.51489 3.83028 36.1986 75.8005 22.2431
20.0629 7.437 32.3015 7.28963 79.571
25.9342 8.02685 30.1723 77.7428 13.5803
51.0761 48.8992 16.7885 9.8541 51.4284
34.0174 19.2388 25.0572 64.311 40.6469
45.4227 8.10207 58.5068 7.04118 44.8722
25.3056 48.2429 14.3192 26.682 62.5184
0.724278 0.292517 8.19356 30.7098 80.7596
5.37824 23.9504 0.559826 2.2016 83.5606
16.3885 56.7807 49.8326 27.8468 34.2827
35.8716 59.0085 3.87198 33.3203 42.7329
68.4794 15.0304 50.8308 19.482 10.1081
75.1967 14.946 38.586 15.0224 13.1733
47.4996 26.3598 46.0774 21.2689 46.8288
49.0559 2.66673 3.85495 48.6941 55.4918
2.8871 2.41419 38.5759 80.6092 0.328259
3.17294 2.87095 43.9725 43.5627 63.2646
16.989 30.4401 72.8098 29.5024 23.525
77.8599 7.82159 3.80546 9.96967 39.6124
0.195233 0.033705 19.3991 86.5597 6.94102
54.3418 2.4731 25.5043 2.47423 64.9925
1.59177 0.339173 48.4533 30.4461 67.8134
21.4523 81.607 13.8478 22.9682 0.0888583
18.6172 22.7483 7.56709 63.782 51.6401
60.3691 5.30231 38.0999 31.4881 41.1559
37.7222 57.8256 10.5982 52.8934 14.1515
74.6418 20.915 7.45946 39.2791 13.4869
17.4709 8.41499 61.1652 54.9224 26.2493
27.463 18.0231 71.0914 11.8799 39.4666
17.2082 45.5512 47.4946 37.8548 44.2224
21.7681 52.0189 8.49776 11.9927 66.9793
47.8496 16.9334 37.9588 11.3938 60.2124
34.8817 16.2982 21.2709 62.4896 47.571
26.3701 66.9066 44.0531 4.48429 30.0825
6.59071 11.3713 12.4729 16.1169 85.2314
25.4892 0.521535 52.5692 45.901 47.2566
48.2728 28.6645 41.6711 49.5857 22.6746
61.9066 5.73497 34.2567 15.7875 49.8522
11.3316 68.9168 5.86338 55.0681 1.23535
40.8125 57.9241 20.8656 41.8584 27.0764
33.1903 63.726 29.1754 44.6878 4.94614
2.5438 12.8446 65.8504 24.1322 51.6429
4.36376 21.4265 22.2764 78.4155 25.792
60.5505 28.7994 15.6471 47.0702 25.6269
22.2072 13.4093 26.3133 64.0924 47.3908
1.33887 34.4929 40.639 58.4476 38.3998
13.9808 31.4632 61.5873 53.0236 3.33356
20.8819 14.7506 62.7299 52.318 19.2644
46.5079 70.81 5.77564 14.0523 15.4805
28.0731 25.6085 15.3803 13.2113 76.82
4.19419 2.15918 24.4216 80.4925 26.0329
23.4222 57.9788 48.5418 0.717861 41.5442
56.0723 45.0265 22.1469 38.765 25.185
11.613 31.2248 8.65582 41.1354 68.4622
0.0322241 1.1092 75.6955 32.2157 31.0604
28.345 60.4958 45.1278 19.5041 33.4908
76.0842 1.65437 32.6127 30.6227 3.39098
6.3173 24.7337 60.7178 49.1499 34.6583
73.2695 5.42035 29.4985 20.7329 35.5465
56.2508 37.0213 13.9874 52.4418 15.2105
8.63291 10.0998 16.3344 77.2403 36.6591
6.40969 9.457 42.6084 26.459 71.0007
73.4323 11.4237 6.31647 2.68117 46.1396
43.1597 17.8079 26.3619 1.68622 69.651
54.0975 23.6984 46.7829 15.9235 42.7786
38.7689 12.973 16.9922 61.8097 44.6061
13.5997 66.1289 21.3268 12.6257 50.5669
59.1944 25.7525 58.1338 3.30211 17.3164
2.41107 0.694119 56.2625 53.251 39.5638
57.4706 1.16983 35.6303 34.8523 45.5637
8.57848 24.7539 8.31422 82.1623 20.8549
24.0819 75.0546 40.286 12.8002 3.0977
3.77927 0.104388 15.2826 72.6608 44.8304
7.04493 42.1488 36.5858 52.8137 42.3802
2.78048 58.7876 5.75908 0.615942 63.3842
20.7711 12.3285 17.9758 46.9322 67.9183
2.11277 4.49806 74.9973 18.6263 43.7799
0.0495146 0.0506261 0.188304 0.16969 87.6121
7.344 27.7879 73.7458 39.5317 9.45856
33.2401 14.5792 68.7977 41.062 1.10257
65.6901 36.9421 16.2258 23.5868 33.8104
66.4705 39.7861 31.6611 8.92084 29.9655
23.2644 33.1245 54.3943 52.9355 25.1415
34.9188 73.6479 4.15086 3.59913 33.4087
46.4469 0.847241 54.6616 40.1414 29.6744
11.7096 69.7776 3.02454 36.7378 35.4578
65.2899 31.8904 26.907 23.586 37.0853
22.8056 48.0425 56.2929 42.7021 3.71352
7.86177 44.7294 2.49259 69.779 30.3825
