450 5.82184
4502.87 67.5932 1096.18 150.029 1199.51 1265.61 610.115 536.081
1290.01 4156.01 2531.44 1255.55 752.921 50.7238 656.582 93.0034
486.538 146.963 150.857 275.377 2100.44 2504.22 3662.85 17.9747
216.995 80.333 272.902 597.126 1786.72 4893.93 647.305 1223.55
205.655 24.1587 140.056 4954.89 1725.77 265.994 647.709 401.203
80.4299 157.932 47.4954 21.9606 37.0485 22.5829 30.9005 5627.22
23.6651 26.8057 4540.55 786.678 923.956 2004.99 2204.59 97.976
19.1835 40.0482 81.7838 398.53 4691.17 848.046 589.235 759.505
10.5662 96.0856 46.3295 178.893 3444.69 621.558 3.53471 2477.93
4.36185 39.6634 113.401 200.619 69.033 29.2189 5017.34 1577.57
2.29526 2.087 6.40093 8.543 0.690015 144.356 3044.56 2168.92
1.56462 0.35881 1.06872 2.56201 2.67332 0.39741 33.058 5253.2
1.44034 1.4613 0.0051528 3.14949 41.0212 17.8256 121.65 3845.04
0.708712 15.3696 3.05483 0.0466223 62.4297 45.2228 3849.09 3942.41
0.454122 0.00682203 0.243454 4.63403 76.9958 196.874 4320.29 2107.96
0.0116147 0.443833 0.839169 0.633779 77.3076 81.1086 1622.31 4476.61
3052.19 1157.72 784.323 1996.04 1152.75 733.473 1785.2 2420.82
398.429 45.2482 298.794 4496.48 324.766 816.811 750.288 2508.24
394.224 3750.72 328.502 968.631 1416.17 1285.95 799.888 1075.46
558.065 1095.87 3826.11 353.789 429.769 1386.52 4.26928 675.624
220.049 397.286 4457.93 2664.05 374.272 149.289 851.254 2581.61
2628.34 821.603 145.024 3100.22 1933.34 2080.93 999.026 928.51
1662.06 3469.9 1843.92 510.609 1111.56 2175.56 825.181 1573.71
547.201 1074.45 1052.71 4063.62 313.522 221.646 4.41283 1498.5
24.0025 14.6787 3572.13 427.509 930.711 3007.21 1688.29 544.482
1207.52 2371.06 639.314 3502.11 1149.76 1060.31 2032.79 1785.8
0.380554 0.0776175 0.684177 291.11 143.555 386.372 4751.35 258.229
1427.79 2980.72 2627.13 731.501 963.76 790.957 576.138 78.85
1055.9 2550.99 736.768 1371.85 1427.79 2315.39 1477.74 475.801
1033.33 3261.87 1834.14 672.548 1370.61 1425.65 1556.84 1627.04
1281.62 3176.34 823.032 2928.53 1185.04 239.586 790.956 756.943
513.093 60.2614 648.712 566.761 4393.23 794.318 1974.44 1357.17
1331.68 2614.9 2378.39 654.437 1333.53 205.539 2325.86 1559.25
2074.08 788.982 533.233 1356.9 532.363 925.542 1010.63 3027.48
578.555 1136.1 341.598 1170.02 396.713 4298.51 1646.77 345.557
660.551 2085.23 350.886 1841.68 577.616 2048.37 2049.89 153.379
258.644 98.393 3107.69 2320.8 1005.93 723.276 1760.74 700.358
583.857 3425.2 2762 531.177 1396.41 843.288 774.713 1514.06
0.810692 26.1765 3325.67 2305 910.002 1417.39 1891.02 84.0408
1716.37 3370.31 2027.35 2551.35 1473.54 263.576 848.533 2836.54
153.113 501.113 280.876 52.3464 922.107 4532.2 993.578 350.494
48.6167 87.7759 3014.19 522.508 613.606 562.159 3896.01 380.411
3.4679 8.59488 4.96819 17.5494 76.3537 201.749 4426.41 1391.72
29.0186 4.77863 3734.94 447.008 1308.51 1698.87 1868.17 357.022
87.215 2816.33 2870.57 103.863 1187.57 755.545 711.617 327.258
424.072 885.388 2848.43 270.174 1052.18 3337.51 1633.53 772.846
0.675469 1.83273 0.037528 8.58777 32.7706 4665.84 1194.27 553.286
2576.9 734.322 937.261 1668.69 660.191 2671.07 554.017 464.617
586.114 663.894 108.464 3820.69 1364.73 1771.89 583.097 1052.04
0.182004 0.328584 1.14056 5.37471 24.4537 87.1343 396.805 5538.9
920.566 1662.01 3227.2 96.7428 969.095 195.965 1671.64 974.835
9.34692 16.8753 2445.15 1694.81 596.524 1451.55 2976.86 1410.55
640.916 2023.28 1863.74 3135.71 302.92 214.279 1827.8 1183.92
1930.95 1259.68 553.97 1763.82 713.086 547.584 3793.45 359.645
548.801 1732.38 1586.49 417.957 175.748 441.996 3802.02 1166.69
860.396 1532.62 1238.07 2936.33 941.431 190.357 3294.77 1665.75
2233.3 1209.1 857.593 1392.18 943.483 160.261 2773.63 1146.7
1398.23 2745.43 1476.59 1454.44 960.546 194.317 1656.9 2038.36
198.177 142.562 1776.41 787.277 882.121 3454.06 2201.22 945.642
68.0386 2196.3 527.986 1395.22 532.516 1295.78 1295.54 2456.05
83.5337 79.7985 101.448 3047.61 3917.49 3307.38 995.961 202.726
1614.57 703.613 1165.64 3524.73 823.779 1432.25 1910.74 1606.18
247.916 447.586 2253.62 2930.26 965.377 694.125 2241.51 2899.78
693.468 1017.95 3227.89 2661.85 668.267 2005.81 1581.91 167.311
95.437 261.074 602.934 1069.85 811.118 2138.43 286.889 3584.52
1011.7 1986.7 938.299 1097.91 924.011 506.476 3510.06 1045.65
2.40177 4.05373 3.12208 248.7 1043.7 3872.75 1486.38 75.4275
489.167 960.576 2227.78 3167.3 805.852 207.531 668.239 1421.42
107.205 12.5912 2553.87 1697.49 3490.25 226.92 1113.15 351.698
1468.46 2651.3 2646 481.511 281.697 1990.93 1951.53 1547.09
353.819 134.599 1750.99 1934.45 729.644 2850.82 2261.18 334.732
748.826 1767.22 919.837 254.713 1728.8 775.364 2470.68 2428.88
0.713458 1.58148 19.8971 8.39608 62.3078 94.9193 604.016 4787.99
958.217 915.348 1053.39 293.271 900.345 4611.58 814.414 757.561
130.724 1355.28 218.454 830.82 204.809 917.121 3755.63 86.0255
1216.64 2309.25 1251.02 501.438 759.897 2370.05 1776.17 1331.61
2415.96 49.5347 2109.71 3237.78 1178.97 847.897 617.585 1514.79
61.3032 325.406 269.21 599.098 1057.04 4073.53 928.62 130.398
911.244 2258.47 1973.98 2172.72 764.656 1329.46 1773.68 1406.08
459.968 1451.94 365.972 187.492 4049.06 2129.99 624.882 85.5106
1573.02 325.44 1033.27 1331 1353.57 1667.68 1064.01 3365.19
326.221 343.184 9.61779 1264.13 349.201 4171.08 145.527 2946.58
1566.45 1496.37 347.558 2782.02 3440.72 889.437 2165.08 401.812
246.701 2243.46 2112.41 2112.66 842.144 1311.6 2321.16 1467.54
954.082 2251.65 1310.85 3080.13 1072.34 216.969 1514.13 396.446
2491.94 37.4129 243.066 1488.71 2349.45 1279.06 660.16 1335.22
67.8223 122.449 122.922 3691.54 3067.72 1153.61 1744.65 1426.64
1428.08 873.32 1572.67 74.3472 1921.62 1468.29 1178.14 1111.1
927.435 1936.31 1706.59 3424.54 1526.16 235.151 572.868 344.571
165.386 155.779 82.4018 227.791 3807.11 864.256 1953.92 1051.81
1312.96 486.077 28.4236 1554.65 3943.98 226.126 577.185 1415.51
409.289 1291.99 563.759 203.875 2642.99 2385.64 872.172 3053.73
285.492 901.243 253.315 1346.95 2137.57 330.81 3673.12 721.027
600.709 17.4684 423.322 2104.28 465.998 3662.16 2779.63 808.389
1435.42 1371.2 1577.9 2815.12 759.657 1648.26 1812.5 1436.85
206.86 1476.6 2015.09 223.607 264.062 1147.77 3571.26 760.155
1462.5 240.851 1201.33 330.558 3718.07 754.866 2437.69 2391.69
1998.58 880.784 928.294 4005.56 110.061 2383.17 1376.45 490.087
1396.57 2915.58 1130.83 409.865 1199.83 657.679 1601.01 2855.84
1153.81 427.151 589.669 945.654 3187.42 1285.58 2184.36 332.986
1522.08 864.491 1279.57 301.179 1505.69 3622.01 2182.66 491.859
686.906 1240.23 340.673 128.384 4258.37 1538.8 2053.12 192.557
2480.27 291.343 669.187 2149.37 1169.49 1212.02 1622.4 503.503
1876.58 694.774 959.008 1319.29 517.609 133.401 3237.53 1427
297.14 2702.44 332.943 612.121 726.052 2576.79 532.098 1362.45
2250.6 756.917 1735.73 75.94 3064.96 215.184 1835.45 350.83
2372.16 878.191 1212.3 246.996 2933.09 732.323 2364.47 585.159
0.923041 1.24411 5.67632 119.516 385.967 153.109 1205.21 4924.44
1017.72 1843.38 1673.8 3410.74 1123.66 227.181 1938.23 1702.8
1185.97 439.058 2148.2 2021.2 643.445 589.496 3042.2 1415.48
321.239 173.915 87.773 1608.86 331.242 4006.49 1875.27 582.025
533.519 1233.56 3275 168.094 254.326 639.895 1621.85 2796.74
112.455 15.6529 2685.44 321.637 2263.58 1505.17 3449.22 459.465
593.791 1075.54 295.24 687.093 2222.19 904.604 2415.74 1286.32
1695.32 1619.58 1651.55 1141.17 913.123 773.078 2133.75 2323.61
408.474 884.361 915.182 2435.83 2240.86 2686.24 3140.37 182.982
135.556 29.0005 64.4539 459.446 34.7243 252.124 12.4773 5084.58
1948.58 721.408 1518.9 1783.89 924.251 1561.76 2071.39 1451.21
925.044 1047.81 3320.09 2224.01 1249.5 1502.93 2265.7 1628.06
134.618 424.975 213.647 1606.76 2597.31 2413.25 638.786 1248.47
229.6 3.44795 2579.06 448.585 188.603 2745.49 619.388 1878.81
57.6058 104.004 1335.57 929.337 1699.32 119.415 383.924 2967.36
2.16268 11.6195 87.6095 3889.63 1628.63 870.158 973.93 1915.29
1800.66 605.562 1125.3 2312.79 641.144 2273.57 647.142 2588.05
865.258 1562.14 478.52 2344.2 513.887 1035.36 1381.2 1859.86
10.7751 10.2931 13.0098 86.9593 1472.82 3766.12 2314.82 1195.74
20.963 3.2205 18.3108 240.865 82.3609 47.6349 30.9696 5225.25
156.571 1423.96 1161.09 2338.26 1455.38 1585.45 2368.31 321.398
1090.67 403.785 23.6128 3923.92 1058.75 1803.25 565.97 155.197
166.935 69.8875 162.015 21.3883 4027.47 1443.33 697.624 1483.88
2290.39 871.216 588.852 301.627 1396.33 2429.14 1631.14 2006.64
218.449 689.588 1022.79 1041.47 3127.29 178.603 1523.32 2065.52
256.744 2334.93 1750.3 257.921 2151.23 184.523 593.912 1801.29
2026.59 750.278 519.232 195.671 776.161 703.227 3605.67 1371.45
180.534 1059.08 1773.94 2854.17 707.422 182.245 1272.36 2700.02
443.573 635.99 624.91 635.224 867.389 4065.63 392.531 992.554
1721.09 188.244 2041.98 463.76 2777.3 1657.19 1897.53 81.5163
674.936 79.2804 960.912 1306.55 2000.16 479.624 4023.81 520.766
1425 527.592 1231.64 1162.94 2861.74 844.449 1618.93 1360.92
277.043 578.379 451.747 3359.03 247.508 913.746 1543.29 1898.44
11.2915 733.83 2085.71 1532.5 2802.33 1327.67 668.254 2027.01
794.913 1659.59 1491.43 1392.36 197.218 941.441 2662.95 2787.86
971.737 122.13 1084.05 2274.96 699.427 1957.31 569.309 2443.17
42.6301 230.064 133.478 140.15 2670.56 180.073 4359.45 873.53
1046.74 352.052 1033.63 338.049 2975.25 169.868 1449.23 1782.84
664.677 1200.01 1197.63 2506.03 222.342 1950.63 3245.83 2080.6
313.57 2851.16 1374.65 2365.98 1170.03 744.39 1811.9 2228.97
1683.86 485.515 3312.12 649.171 762.421 411.132 2232.15 1411.27
1189.23 2335.2 1404.66 261.753 1642.03 3550.09 800.874 745.034
1074.3 16.1427 854.079 1141.02 3427.21 1572.38 679.12 2715.9
26.2135 153.787 264.993 880.308 1757.62 951.733 271.599 3726.94
1051.08 2063.93 556.527 2974.23 796.601 1096.1 1744.85 1383.33
1098.41 269.464 1509.64 71.1361 498.082 6.08171 3004.47 2302.26
100.16 327.803 647.826 3649.78 746.389 1619.56 689.007 2688.97
867.095 1570.6 961.708 179.217 528.625 380.073 358.026 3646.52
806.159 298.455 804.555 140.901 266.672 3101.95 2147.54 1931.65
767.625 733.297 2193.88 291.716 3072.67 1881.29 727.82 324.961
1234.02 203.222 1091.85 975.933 2005.96 1330.11 501.824 980.796
193.1 1623.54 1195.22 1795.31 2819.34 1915.63 1930.63 750.067
497.981 184.358 463.603 414.367 3576.96 660.789 1608.46 1978.83
891.517 728.54 1005.17 1270.58 1093.4 114.964 2789.77 2542.16
1.18248 0.850609 1.30305 17.1665 49.3025 8.10745 223.787 5551.51
13.9887 3.3696 35.0632 101.163 3361.05 1749.58 331.098 1992.16
1288.72 490.223 778.276 2026.26 515.518 3692.06 2591.84 641.38
1359.48 736.012 1188.52 3254.33 760.679 1650.37 367.393 2983.98
781.454 1631.51 484.74 2577.29 638.763 2040.83 1355 1416.04
825.275 289.592 818.597 105.474 2925.94 945.481 2922.03 2274.43
69.112 1.03715 196.424 915.367 4106.53 758.622 1846.61 573.109
374.364 357.624 1471.35 2603.02 784.977 1337.04 2242.61 1358.41
6.80788 2.52043 56.6174 95.2612 209.33 42.6728 4920.08 1640.29
479.453 624.283 554.461 245.289 4346.07 1901.64 2177.26 390.565
510.347 487.521 189.122 1219.42 100.419 3637.28 1898.13 3309.73
916.476 107.643 1116.48 3204.65 248.38 178.642 3987.73 178.372
542.065 978.659 299.755 769.141 312.7 1072.45 198.892 2389.14
468.802 693.043 901.933 2076.48 388.846 2564.66 704.011 2259.47
140.749 52.1068 851.686 718.94 4197.41 782.608 737.15 1150.12
131.21 273.92 559.39 2725.96 2340.84 1788.68 1825.65 1398.94
772.118 1394.04 854.202 216.394 1757.45 607.832 434.459 3512.81
287.561 564.676 187.475 3290.69 272.535 1916.82 2545.91 546.711
39.0067 70.4253 1.63461 3542.44 2437.11 217.855 2180.04 3052.61
588.066 217.718 547.443 494.892 3614.2 673.815 3283.26 617.516
304.416 1883.23 2111.49 493.073 603.813 149.454 3628.62 344.051
1140.28 2065.3 1912.17 1552.97 244.877 615.803 3000.6 1597.63
667.572 1310.86 788.517 43.1038 4285.27 828.234 760.738 401.1
92.6798 581.08 513.726 533.85 4138.15 215.033 1501 925.043
355.861 446.177 436.838 2212.42 1001.23 2529.46 3132.15 1454.97
669.38 190.753 1977.9 834.328 1887.12 2061.79 400.657 2144.13
49.0712 1584.76 1384.23 3512.54 1059.33 761.659 1854.26 2414.62
1186.66 85.3575 1038.66 2021.18 757.12 2242.63 1997.58 2841.75
702.97 1625.31 1663.7 2697.31 1071.41 1855.35 2796.89 353.443
526.449 321.947 579.724 3625.8 3090.2 10.3458 807.738 2894.32
0.285334 1.46734 0.398189 50.9446 1585.06 1821.74 457.152 4190.24
194.788 186.081 235.194 1023.76 2081.72 3321.86 453.607 2629.78
167.876 822.563 1994.3 1436.97 1478.13 759.742 2397.5 2509.89
114.956 43.7306 697.946 1291.55 434.805 3920.31 685.378 1458.02
934.543 1190.48 949.579 3198.35 42.0963 2793.68 1762.55 426.851
8.0484 0.945336 1027.9 619.325 250.91 3254.26 3886.2 501.555
0.424389 0.0498451 54.2487 2388.24 2488.43 621.209 2842.91 1417.27
217.966 993.757 1576.44 1091.99 3036.45 124.412 1592.75 2601.69
49.4209 89.228 95.8258 2773.63 556.821 2951.63 1764.96 1399.15
276.396 499.03 1667.07 155.14 1842.4 2661.54 1591.47 278.698
201.08 364.217 1924.48 3285.88 767.988 1335.14 2362.89 943.864
1780.99 1028.06 761.771 524.37 1821.73 2877.67 662.359 2573.31
25.4548 12.8714 7.28134 530.229 866.315 4572.69 1698.89 1080.08
0.254705 10.4306 14.8922 123.001 521.643 811.755 84.961 4580.35
309.3 1814.59 235.782 321.536 2910.06 2416.64 1823.12 389.906
252.811 596.605 1539.23 2232.65 2718.62 701.336 128.102 2476.24
176.719 346.996 93.5682 1146.51 2289.14 2700.39 2600.68 1517.59
1979.65 29.7061 1061.26 268.88 1824.66 147.234 2513.23 605.895
25.1098 412.354 334.848 1588.02 4298.47 830.73 2022.28 386.493
25.8625 835.064 463.952 3106.29 2908.14 1797.41 767.993 2567.13
509.193 193.691 87.3891 2758.75 978.674 1017.92 2718.42 2234.2
616.98 744.886 707.032 3429.87 260.716 2287.71 1855.73 503.092
3.60887 101.396 7.31775 2000.62 931.879 3021.78 3248.54 222.155
1255.76 147.499 1187.86 1537.81 684.241 1156.15 3291.11 1155.69
68.0677 160.632 129.996 37.6915 3646.92 184.98 3159.32 761.658
171.84 587.24 751.272 683.413 121.73 3133.54 3082.99 1432.85
25.7635 50.5926 45.1292 207.631 44.0999 76.6572 4843.78 2501.72
81.8032 78.1471 343.524 1548.88 2041.91 131.111 1402.5 3286.07
615.887 1111.95 515.467 815.528 1313.58 706.36 2682.37 2222.68
17.3022 14.1395 63.5008 11.663 695.122 486.96 3927.89 1958.68
0.131077 0.0801583 19.5207 270.323 1740.96 1528 1891.61 4091.3
0.0515631 0.468874 59.8826 1186.81 413.354 3211.11 2978.38 152.628
152.204 298.878 796.735 2474.7 2730.65 681.726 335.882 3007.82
424.497 833.572 697.029 797.247 3521.54 1634.64 689.706 449.842
44.2456 57.6073 85.6685 99.5619 656.555 3480.61 2285.03 2710.25
302.731 1483.31 1602.67 3008.97 626.662 2016.28 874.641 1010.65
232.592 552.122 526.111 1764.04 2485.25 1072.59 2587.4 294.505
15.1286 3.64397 62.8254 1282.68 2522.02 875.754 1314.16 3209.63
43.7302 56.9372 63.0442 4.53687 1096.31 53.7276 4821.92 779.269
40.6115 13.481 985.809 1277.76 2093.87 2642.8 152.614 416.596
214.749 1105.98 403.475 1114.51 1390.75 1707.37 3065.15 556.624
1004.36 570.442 1008.41 1962.3 644.253 2009.17 531.364 3298.83
6.84147 1.94967 6.21096 40.4387 1292.18 3073.86 1479.18 2817.34
79.0733 1.18735 74.2976 18.799 88.8179 67.6771 67.6638 4997.64
1.21873 0.481207 4.16647 4.11213 3.83799 10.4822 1120.46 3873.34
69.4135 125.32 1882.26 327.072 430.875 2046.31 1223.63 3081.24
0.918706 59.651 48.3516 139.946 1624.29 1700.77 832.439 3624.03
428.82 158.765 864.264 689.675 269.12 2915.81 1421 2701.72
670.17 248.103 503.388 2502.3 3014.86 964.131 360.507 1301.43
1412.37 711.61 1450.52 101.871 2237.9 1826.23 861.239 2457.02
20.6167 120.951 231.9 154.226 63.6244 233.978 53.3892 4112.46
111.233 1.67187 370.775 705.476 161.35 4241.31 2099.15 1508.35
516.903 196.636 2198.05 1548.99 810.328 1995.58 1721.5 2749.48
4.43195 40.3055 835.357 1395.8 4176.22 807.226 760.121 2250.17
722.784 84.8927 14.7658 176.42 3276.03 1433.39 1290.31 2738.04
98.8467 898.886 710.768 855.575 102.888 1889.04 2915.49 2656.67
38.1133 25.1565 37.0134 10.1842 153.118 123.672 4202.64 2050.45
43.4546 644.34 1534.17 2271.87 2355.09 1756.1 1755.78 1391.92
689.654 897.91 827.657 1094.09 1487.4 3160.91 1761.01 1424.8
590.464 1159.4 1135.91 2882.5 3500.58 1658.23 662.115 91.1023
13.9153 15.5374 2.40012 33.9001 156.417 1025.33 4122.21 2506.8
496.762 2875.57 1564.3 85.568 856.767 1636.46 1725.07 2030.32
14.6217 85.7867 81.7551 341.813 506.441 681.937 4040.98 361.402
121.929 1.83178 1607.36 2200.07 914.556 1693.51 1806.49 2682.08
148.111 342.461 350.538 1465.5 2398.42 3129.5 521.822 672.63
11.2343 190.605 1415.3 356.148 2528.9 773.114 1732.05 1512.61
624.541 707.407 2681.68 3202.19 858.47 786.48 1914.61 1517.74
26.8767 40.2614 1.36666 518.053 2295.64 2193.17 2729.83 2991.83
23.5112 8.70499 59.5555 894.643 874.583 3747.6 130.712 622.869
1769.5 620.948 380.68 3193.47 267.189 672.182 1636.25 2012.8
691.208 232.471 682.554 1108.86 1697.5 2897.02 474.358 2861.4
575.832 219.048 1164.43 774.369 2895.6 1118.91 1492.78 2235.37
0.418376 95.4044 204.13 1374.38 591.195 1045.31 2818.5 3459.37
313.618 86.8331 1665.24 1774.64 1899.85 2113.57 111.023 3494.1
1272.41 471.06 217.671 1142.4 358.297 1270.63 958.544 3221.13
11.7612 89.1423 4.94701 430.005 109.185 314.305 3334.64 1760.1
87.7934 471.898 494.105 702.79 128.076 4036.75 1806.01 1730.95
0.104582 3.05335 8.54941 5.33686 12.717 13.0001 294.363 4275.63
259.023 817.665 289.64 2591.61 3122.63 690.82 470.027 2725.01
674.024 1216.91 564.136 179.638 161.052 3614.84 2244.38 1849.13
0.0885328 0.139544 0.975935 0.556046 374.163 2428.37 1645.88 4016.79
39.1356 19.7183 41.0146 257.046 3025.74 6.49701 1084.35 3596.36
48.3774 17.9106 24.722 514.418 1131.87 63.028 3009.82 3249.62
212.738 120.827 43.6983 206.609 3288.66 2770.91 702.113 2129.34
4.09879 0.0688701 7.04339 107.084 47.5644 285.638 1367.31 4689.29
142.9 1299.67 1199.23 1969.52 2708.9 910.243 2512.47 1537.51
56.4286 1822.47 438.131 224.42 1652.41 451.968 349.849 3426.12
61.0263 105.997 124.901 286.309 996.882 450.432 2118.55 3407
1276.81 485.69 1017.89 1180.74 2594.64 1560.26 3168.74 1245.52
61.307 908.911 1364.5 695.117 2105.08 234.725 809.79 3216.01
326.669 28.5759 619.753 83.9264 3088.88 1082.89 432.315 2105.79
1771.67 1083.41 1683.2 126.896 559.489 1166.15 3999.79 1564.92
919.918 151.473 2649.49 247.263 634.124 987.672 2637.51 1035.41
14.4216 4.85054 43.238 908.567 877.966 3005.84 1406.94 2742.84
586.059 332.854 361.287 3361.55 720.734 1684.75 1684.45 1335.26
33.1669 1915.99 918.43 1263.38 729.633 464.187 2317.88 3488.98
6.20351 249.349 66.8339 3575.25 806.241 610.456 891.032 782.991
243.702 441.4 121.166 308.306 1548.49 3951.16 697.866 1363.86
1.6578 0.685119 9.26057 12.8114 3.35234 68.8142 177.032 4943.06
657.236 753.618 872.991 158.83 345.818 3524.35 616.134 2838.81
2283.27 34.3101 1094.39 303.039 511.312 131.866 3199.02 1295.47
218.226 1122.3 805.354 813.937 3215.16 813.975 2218.82 2098.52
65.9453 554.437 658.484 2471.37 630.164 1585.1 3529.47 620.804
216.43 13.6009 210.93 321.929 233.207 2609.63 2094.67 2636.08
185.147 335.371 334.445 1455.82 1243.73 947.608 2697.38 1695.12
20.5595 37.1203 37.2633 161.658 12.2902 220.038 125.369 4721.71
473.039 238.327 1852.31 333.767 880.737 1172.33 2731.15 2454.12
353.588 754.815 76.2137 446.394 286.487 2630.41 1240.72 3519.45
46.4561 170.231 49.5508 166.409 1592.84 411.833 3342.19 1671.05
204.5 3.071 376.676 585.001 1669.81 3561.46 2164.63 1881.69
1391.04 514.993 397.462 799.609 1447.78 1106.23 280.261 3366.8
108.919 270.616 23.7257 730.853 1309.92 3302.38 1534.03 2539.23
89.3934 609.617 376.697 4009.7 295.236 1554.23 1763.52 729.847
1.83827 6.01643 798.905 553.737 69.7722 2317.07 2839.5 2679.76
78.664 430.644 218.88 473.362 150.2 1862.33 3419.49 598.713
1410.61 154.28 1128 3025.29 1672.4 702.932 1711.17 680.563
1774.04 656.786 506.93 3268.48 273.494 687.979 1674.76 295.328
260.356 187.289 51.4557 1391 1152.03 2501.67 1338.59 1815.06
3.29343 3.61593 141.829 1400.83 2260.02 746.327 2021.96 3538.13
17.1953 1.88069 2.77541 347.24 1520.87 3709.16 1736.08 2354
166.282 975.483 737.356 843.385 441.187 128.173 3776.62 1991.95
1050.48 253.011 858.903 1532.28 644.197 2366.71 2767.38 311.257
338.593 225.258 575.05 1584.51 603.264 2011 2351.54 2618.18
55.8101 63.4236 4.6309 108.867 135.954 330.552 541.267 3740.49
6.47831 189.159 66.2032 858.715 3636.89 1203.67 160.483 2321.28
338.868 707.432 188.495 479.648 2756.76 524.354 1693.41 1661.51
343.744 307.47 161.32 330.863 3240.76 1800.72 2596.61 763.013
495.619 1222.25 1159.78 787.227 310.132 449.335 3448.04 934.48
1219.88 451.617 1135.65 2881.74 673.566 173.526 572.695 3469.78
188.676 166.662 156.629 492.754 2142.4 1408.84 3473.21 57.7142
1745.61 879.51 39.7187 3563.08 849.684 8.82978 3228.2 1651.55
48.132 28.9003 331.735 1520.92 3303.07 457.854 3387.48 304.248
104.468 32.6566 2.10352 2153.48 156.238 2563.75 2492.32 1336.97
175.922 95.2385 4.06395 576.251 783.12 50.2674 4296.21 3116.17
200.868 647.143 627.95 405.621 226.939 3594.81 3230.24 486.684
5.06734 20.7204 504.605 447.687 174.604 125.555 87.2297 4415.6
74.774 316.965 6.61328 56.4307 3789.58 685.053 645.177 420.847
360.555 1138.23 286.886 108.113 646.006 970.245 2481.9 3085.57
0.707721 170.116 383.472 54.734 585.855 132.514 1734.72 4178.01
0.557687 3.44981 443.824 562.793 185.419 2573.42 945.685 3780.62
1130.2 429.923 290.564 3560.17 788.404 1643.49 699.197 1414.05
1336.19 559.407 348.085 258.133 3306.56 184.218 2083.5 660.976
4.87938 41.0263 38.8312 29.4472 1654.71 4226.57 2013.52 432.882
88.0257 207.731 211.955 886.147 2409.29 130.912 3179.84 1287.66
331.749 6.805 268.937 296.035 134.441 27.1768 4375.46 1384.46
264.154 390.503 7.25673 171.572 791.976 1972.48 1670.49 3189.55
137.11 328.147 73.5226 4.12897 696.428 1208.28 37.841 4316.35
34.5874 62.4471 34.211 711.731 1838.08 1540.82 407.498 3149.02
200.871 14.4483 107.949 2054.62 1137.26 119.498 1352.11 3379.87
0.053099 0.11085 15.585 0.504313 318.265 1107.62 100.653 5032.65
363.637 222.374 829.328 2669.35 2346.76 1567.43 491.929 2695.31
0.459284 1.50309 1.18576 39.0112 22.5549 107.244 311.424 4361.15
1230.33 468.051 316.338 925.202 113.975 1283.92 4301.76 1591.9
21.0695 0.316622 63.9829 46.6888 2122.98 2723 2801.37 1211.06
154.68 488.296 274.559 69.5594 2560.06 133.01 4008.58 352.423
576.014 470.721 178.773 1276.8 705.796 4204.52 1594.71 841.213
66.185 8.85208 82.2764 1139.94 3005.13 73.6123 1598.84 2652.58
14.8319 26.7787 24.8108 173.214 2934 2295.96 2134.6 2628.42
21.9896 14.3684 14.7341 72.3293 1213.07 2428.2 2120.4 2675.3
14.1852 1.66622 33.9268 183.31 2143.58 1711.35 3377.03 1367.57
97.4505 78.5795 109.296 475.726 3445.84 176.385 478.397 1715.24
233.608 45.1431 179.262 334.782 767.084 4239.09 789.053 882.562
143.036 8.08411 199.467 1117.18 3439.32 2284.52 2527.1 592.698
1501.25 170.504 363.06 923.854 129.723 1413.7 4020.65 340.46
41.5847 131.268 148.518 3912.24 2229.35 550.988 881.889 1988.73
1378.57 510.34 29.87 254.76 2812.79 1358.3 1707.86 1881.14
589.569 1064.44 583.162 2251.83 526.273 3519.2 719.846 1406.96
459.968 226.199 383.177 365.505 772.369 158.406 3883.02 779.702
20.0714 54.296 45.4997 91.9357 64.7975 6.80867 22.4701 3992.59
9.07693 1.02382 225.343 78.4089 155.935 354.939 4167.08 93.413
1790.4 26.8662 1563.26 209.256 2485.55 1469.75 1616.15 71.8772
41.3974 5.31666 11.1839 856.413 3750.51 712.335 1688.17 523.887
171.72 1062.27 288.356 687.791 3360.33 2265.07 524.464 2545.37
3.56408 6.99867 10.7392 263.694 4360.54 786.782 917.462 2434.65
4.85195 1.32084 0.0861584 183.599 737.087 1915.26 3217.04 1137.1
70.4312 222.357 170.499 1237.29 1631.17 2818.63 583.484 2579.03
495.718 1622.46 1279.96 254.349 3307.04 1346.21 464.359 73.4234
70.6806 95.1153 111.331 1287.06 3329.68 180.93 461.973 2810.63
1149.36 579.087 313.271 158.546 2379.2 1163.54 2801.88 1680.68
0.378441 11.7133 16.4623 23.2191 55.0368 1000.97 3480.89 1735.73
312.036 985.027 837.478 2219.57 1423.49 1009.35 520.951 3156.52
183.882 601.79 337.307 593.541 2382.97 1924.65 2764.17 2508.72
38.7929 352.779 2112.04 3574.28 835.402 765.375 1032.63 1478.4
306.39 676.204 178.38 1274.16 438.372 278.861 2398.82 2861.76
299.712 35.2011 283.51 1185.33 622.751 3720.08 899.058 1986.21
342.875 209.685 1220.46 853.288 405.15 2043.99 1671.02 2179.53
582.435 1143.59 308.357 157.951 266.496 3460.56 1603.57 2722.46
5.72285 11.9473 40.2254 210.891 22.7264 3227.65 2623.76 2029.92
16.7295 24.7263 393.468 443.61 1681.4 2867.67 3065.62 932.503
5.84299 15.8057 1217.89 832.406 304.602 3581.67 2223.68 2876.67
135.41 1231.47 25.1656 2068.05 3725.1 224.6 1298.9 2486.35
214.608 75.6603 221.204 197.534 77.0583 3198.77 1191.54 3295.98
177.5 384.297 113.443 388.478 42.0326 411.506 3835.76 1901.56
4.78899 9.99833 33.6627 176.479 2063.4 1831.28 2387.56 2581.28
1.1722 4.78111 336.941 124.305 2330.26 1634.51 2919.38 203.834
114.442 207.286 56.8936 2189.89 2295.13 2218.12 3.90507 293.637
1028.92 982.898 762.757 1792.29 173.132 1820.06 2768.75 440.515
175.261 518.11 372.095 132.922 343.156 3549 1750.33 2203.18
30.0815 971.536 173.636 1232.9 113.35 3765.05 681.792 2926.27
186.661 589.209 366.108 2056.41 1512.83 1268.64 3611.04 817.95
117.685 610.315 470.406 789.381 178.743 592.36 2945.53 2266.65
5.65906 367.86 690.095 464.966 3433.61 2664.91 741.31 1155.18
24.6751 319.119 118.602 823.154 559.641 1213.02 2204.13 2580.18
343.451 1124.07 952.661 181.075 2872.14 2446.84 1755.69 1391.76
0.800435 2.52682 191.592 33.1989 898.799 46.5708 4247.18 1364.8
51.1143 141.927 232.566 996.496 65.2985 1968.08 1788.05 2788.01
1417.32 248.56 923.812 505.82 1678.08 664.656 1754.77 2786.73
37.1462 13.7526 9.51705 807.453 1523.86 1485.48 3523.86 736.967
2.38139 0.02822 0.997576 2.59192 1.08721 502.157 3347.49 3674.89
3.95401 1.4639 4.48084 202.547 564.853 294.142 462.263 3811.2
723.832 1306.86 1210.88 3209.28 967.835 1848.52 1848.25 1553.67
14.3964 26.0751 15.9664 12.0442 592.389 253.159 107.724 3921.76
3.21968 4.33324 6.28021 14.2099 17.7998 58.0446 3117.96 3693.91
42.5817 135.3 361.439 484.365 2695.83 1118.59 2864.04 1030.22
538.897 607.729 832.301 3210.84 620.429 1660.23 711.338 2411.14
228.996 449.687 135.219 871.91 2125.71 2039.68 1344.51 1654.04
1041.81 250.935 131.252 825.759 378.402 4049.17 553.564 76.0386
109.64 215.285 129.5 2465.15 641.645 2669.83 1596.45 1964.05
590.268 121.773 125.304 275.33 838.79 1362.4 4032.57 247.866
30.5697 22.2775 182.051 22.38 27.9424 1931.71 4930.06 33.0196
735.558 307.954 191.611 1368.64 756.586 4198.56 760.332 727.695
0.0948528 0.912385 0.00646173 1.2226 22.7031 24.9425 2379.82 4643.1
1.72167 26.3053 44.8689 9.27276 169.961 182.125 4956.93 1429.88
20.1186 103.621 5.55933 243.807 1113.92 3039.77 1859.01 2404.9
819.857 303.519 708.562 194.98 295.441 3010.98 2867.11 1357.13
3.61012 4.65543 77.1435 3403.87 947.842 172.531 1526.68 2476.29
140.071 46.6926 104.001 119.266 946.678 2478.45 1523.46 2389.5
36.0176 20.4574 30.2802 45.4837 1776.26 573.938 3611.89 640.578
12.7062 29.3789 78.0011 159.879 1151.76 1309.28 2883.25 3031.15
310.994 2828.19 364.403 343.32 747.41 1427.51 1893.19 2449.02
311.12 192.511 849.4 132.397 3514.48 817.313 1703.54 33.7268
9.02734 82.0937 1.67722 128.632 1555.58 3716.39 2307.49 155.705
271.195 45.946 353.425 388.452 145.596 1394.2 3624.78 1535.56
7.64362 4.05054 10.059 2996.99 233.029 2883.13 1796.11 2140.49
1.86314 0.856705 3.30497 9.3837 31.0586 577.855 848.333 3542.82
12.892 176.879 425.593 54.688 179.417 5.06837 4954.01 1064.83
25.4562 33.6438 516.186 570.693 1335.98 1648.17 3402.05 306.613
13.8677 32.9198 0.725321 31.6711 547.211 2112.18 3245.27 1656.21
120.155 202.794 697.313 294.51 679.246 1811.09 1345.03 3269.57
16.1265 3.09299 6.18709 130.409 113.04 170.014 4129.61 1748.27
18.6864 5.9667 167.197 47.0439 839.446 357.584 1279.48 3133.93
10.6887 7.68891 6.31032 202.184 260.24 219.711 4261.55 1344.07
568.165 8.53371 336.596 491.253 857.406 3033.62 530.386 2332.62
80.6437 124.959 108.719 451.882 626.449 3666.55 2637.18 408.48
205.099 437.823 249.195 991.239 1784.63 103.151 68.4538 3478.29
101.625 50.1449 183.959 685.838 486.252 1412.91 1948.74 2921.54
7.09613 7.46514 31.2737 652.673 3589.09 963.891 534.675 2551.96
0.576861 1.4482 9.60723 3.0217 170.487 1195.7 3904.74 3336.24
1.65899 3.83561 3.05486 102.596 3195.57 2008 2433.56 3174.13
127.975 122.247 42.5265 800.133 796.853 205.977 2646.69 3340.47
72.467 1229.58 756.681 174.064 855.833 3984.53 532.943 1395.29
19.1405 7.08624 16.5428 43.8456 24.2384 134.502 94.0536 5077.2
0.862723 13.6113 26.6325 80.7217 120.879 752.025 1245.86 3857.12
146.111 166.139 26.4018 100.039 666.921 1984.12 2582.43 2234.17
12.4543 7.61625 1853.35 60.026 835.292 1530.55 3784.95 1242.12
198.427 1164.13 957.147 181.936 344.353 669.346 2095.46 3486.17
2.67266 2.7858 20.2861 73.0392 69.3727 531.45 2953.37 3035.74
340.794 129.639 174.753 817.704 1751.64 355.651 3106.16 1802.21
19.4321 40.6288 320.308 787.654 271.385 712.761 2368.95 3434.39
33.4529 42.2197 5.36297 132.806 76.3265 652.462 2561.37 3136.66
81.9866 10.9532 268.332 13.3323 3221.96 163.779 2517.74 1689.82
77.6624 480.42 260.863 48.6226 1422.67 3630.14 657.428 1945.7
385.181 695.423 426.128 107.932 3515.45 183.831 3139.74 363.668
19.9299 14.2923 21.4721 265.636 1176.16 2867.72 2343.36 2527.82
270.7 126.667 1980.05 38.0147 143.736 3204.8 2196.07 1602.21
62.1612 196.227 584.954 1034.87 3096.58 598.5 2916.14 1401.12
306.211 554.638 513.495 2334.7 517.047 1208.47 467.544 3779.82
43.618 46.2311 46.6079 252.867 1548.1 542.349 4016.53 1720.66
13.7379 16.486 0.435963 193.031 849.683 2224.55 2934.66 1667.45
113.662 4.5587 261.367 399.777 75.53 2927.32 1490.53 3153.88
120.161 0.035469 2.4164 194.935 241.224 774.568 1441.95 4624.15
2.88731 93.2433 24.9974 59.627 118.234 3514.24 1242.43 2614.22
298.247 55.1109 151.327 292.814 357.041 614.457 3809.27 504.411
55.4651 42.866 6.22095 55.0004 296.804 474.15 4297.33 1272.56
288.297 433.591 248.671 500.72 1116.84 1697.31 2781.25 1946.01
382.395 884.175 19.5598 1325.99 117.628 4194.22 1590.75 84.111
141.437 622.826 124.997 141.635 2701.76 1330.84 44.2246 3066.43
102.534 335.558 547.783 507.495 3299.24 864.531 770.858 2116.44
71.185 68.0061 71.9677 222.251 726.662 3977.12 1796.98 1391.66
564.011 1107.46 298.646 2329.46 1892.89 1391.64 2029.86 1991.55
4.8642 0.0169924 1.89324 5.87359 23.887 244.149 4422.65 325.201
0.0608295 0.356858 45.9517 6.38244 766.267 3544.36 316.687 2836.09
1.12767 4.45513 1.30506 480.55 377.846 151.944 206.918 4596.97
0.780613 1.52712 12.5358 11.6782 9.60817 13.5997 359.388 4383.45
10.1803 3.33543 11.2756 116.267 43.1654 352.585 2835.21 3659.25
2.8535 114.728 100.199 535.44 17.2704 2010.23 4011.82 31.3912
17.3503 136.676 105.964 55.5938 2.46069 98.0294 76.8898 5235.83
0.363125 1.11245 0.209996 1.86331 4.22375 2026.4 2855.54 2552.18
622.233 1123.39 1206.47 305.269 1495.4 1115.06 3842.5 81.5012
120.078 15.0914 91.3076 3004.94 2921.82 212.416 701.065 3008.55
48.4725 299.864 358.263 56.2159 3107.28 1503.42 1503.3 2438.34
367.128 91.4517 366.013 781.106 2872.28 1297.18 2661.35 1381.39
1.98492 0.77817 69.9931 372.871 302.217 143.28 3144.98 3779.95
10.1488 0.108875 3.93378 73.7889 610.671 126.834 1019.15 3806.45
163.374 148.903 151.967 1095.37 593.011 339.207 2813.44 3007.83
25.4341 53.0952 111.268 210.086 1071.24 2804.74 1299.68 1762.27
8.77292 11.9747 72.3763 64.6028 228.404 606.163 3837.02 1825.6
40.5911 78.9772 395.062 57.7236 487.123 2868.31 3909.4 201.183
8.94486 33.8786 348.566 533.428 777.691 3071.64 33.8555 3657.9
154.217 486.861 1451.21 49.8155 1500.89 2385.07 1837.68 1803.04
37.1768 4.36709 151.126 68.3567 933.877 2839.5 386.547 2989.55
3.93833 17.0945 87.4394 105.346 1066.68 1375.9 2483.52 2867.51
209.706 411.776 221.465 45.1255 969.617 2801.43 3111.86 2109.49
88.4386 173.656 145.213 144.494 2877.21 2015.5 1520.52 2712.4
39.2711 4.61269 28.9037 41.5115 16.6089 169.269 156.997 4282.76
62.5764 144.685 28.1604 1440.01 2389.3 1336.55 3804.5 603.229
4.44619 42.2124 154.129 60.1141 1739.11 879.939 2719.73 3165.75
79.5411 156.193 297.738 918.261 341.28 354.999 2302.79 3167.72
521.039 197.636 133.917 68.5827 115.742 1399.68 2656.11 3220.45
