1 0.109821
85.4902 4.87058 1.56528 4.44327 17.6135
24.2137 63.9629 24.6027 49.2776 0.0151109
3.85274 4.71347 87.387 17.3294 6.15667
1.84146 87.579 3.00372 6.62125 6.65593
0.456439 0.177373 3.63947 88.1779 16.5715
0.00507632 0.00100008 0.000624446 0.00135833 89.7794
0.00478186 0.000941939 0.00190446 0.00136371 90.1438
82.7014 1.24349 29.4027 4.00247 7.58402
11.6708 86.521 0.995087 4.28306 11.4461
1.63881 82.8177 20.5172 19.6982 7.65101
1.48152 74.964 18.5701 17.8286 38.5837
37.7719 70.6007 28.4674 22.8674 7.68786
78.2796 26.0624 9.85829 6.28871 23.7399
80.6144 8.82717 30.1514 6.85018 13.6505
17.7574 78.4235 6.51855 35.6145 5.18892
7.84066 77.1982 10.1182 37.0446 19.331
25.9169 68.4736 6.72434 49.8438 0.0152852
76.1709 19.7696 19.6029 30.3126 19.2282
25.9457 80.6245 13.126 4.44607 17.6268
54.6623 57.7545 3.11216 6.69042 33.386
11.0627 10.0688 80.6497 22.628 27.2337
66.6043 48.7527 6.59162 23.7207 24.0028
58.9576 56.8734 0.857367 30.0581 4.39482
78.9531 10.2893 16.9857 15.3575 34.1428
50.8456 2.89298 67.1401 19.6291 17.7712
12.1608 73.6101 6.6021 48.5436 7.25316
68.372 36.8165 18.5247 4.04791 37.107
68.0944 7.97917 19.0618 3.93568 49.992
62.6108 27.3864 21.5694 4.75477 53.2096
8.99117 66.6508 52.4989 4.18629 21.3511
2.17247 61.8641 5.68585 61.0515 16.8558
69.1553 23.0166 8.6979 42.7664 24.2023
73.3415 26.6451 37.9019 10.4903 6.10191
80.0707 10.598 7.15714 6.80444 34.0165
16.0162 20.5113 35.2048 75.3647 1.44282
69.9255 33.5268 10.1124 37.022 19.3191
63.9119 2.47701 19.7262 25.6317 53.1012
9.99913 42.258 57.2485 16.7377 48.4247
10.795 37.8332 45.347 28.0481 58.3618
35.1437 67.7686 31.1255 30.9708 12.829
41.0707 35.5138 63.253 6.91276 28.5401
57.7546 19.2216 57.7536 14.2008 24.2448
48.3174 7.00812 41.3236 43.0959 41.966
61.9262 36.7673 50.5218 1.22091 14.4698
42.9543 46.9609 22.037 32.8707 43.7934
4.12644 6.66098 3.90634 0.172656 87.0065
46.5964 72.997 5.63424 4.49279 17.8481
3.53303 18.0866 55.0413 55.2045 36.4934
3.10973 0.846745 82.0984 25.4142 22.7695
71.1487 4.04952 4.64026 3.70106 51.5142
26.8913 32.8772 30.4681 35.4178 59.8903
0.536825 13.7696 66.6613 33.2168 45.4207
7.17682 59.2184 7.06786 38.8891 51.5489
61 24.9781 52.1885 23.0266 22.0486
71.62 47.7195 0.975907 18.3052 11.5216
41.9447 53.4034 32.6076 16.9698 40.2982
45.9929 51.3528 26.9409 49.6116 7.92953
13.7662 81.9262 2.79141 25.6427 11.1797
23.6352 7.44393 40.1765 33.66 63.8667
3.11527 0.0766226 9.95061 19.271 84.978
28.8747 46.672 27.7804 59.7788 22.9176
57.1903 48.8465 18.6261 17.8822 38.7029
49.7985 5.75738 2.97626 14.3864 72.4661
21.5954 0.326242 84.3287 4.59491 7.52353
0.013427 0.0329518 0.175176 0.644115 87.787
47.392 5.48426 13.2555 14.2235 71.4664
74.308 30.5564 17.1444 3.47184 33.887
53.2285 65.1201 24.4179 17.3257 6.1553
3.62209 53.8266 69.0918 12.3966 1.5852
48.7154 52.5177 19.5211 1.64714 49.8637
33.6945 30.1715 18.4465 70.875 12.5391
75.3327 20.515 24.0837 25.2761 22.6435
23.5135 43.1723 4.17439 7.30691 73.3731
19.4166 22.2295 69.8434 41.8101 11.8742
64.9699 35.2809 23.7388 39.0295 16.4686
20.2255 7.86094 64.5457 8.59904 56.2763
51.8032 20.8784 15.5397 3.20049 66.2629
30.3052 45.5926 58.915 21.7382 27.6078
19.9865 0.50127 85.4954 15.3957 4.23923
4.73941 15.7643 15.445 73.3854 43.7058
55.1202 39.7873 37.6304 42.7051 4.82925
26.8351 5.20781 5.10353 2.85033 84.5912
61.1947 12.4222 37.4274 15.9856 46.6846
5.06369 1.72059 12.0336 5.89357 86.4791
14.4256 41.3206 13.378 7.93954 75.767
41.5517 31.5762 12.4598 52.3459 45.876
53.7854 48.954 34.1389 22.1742 26.6758
18.8392 35.2994 18.7815 20.6166 72.8261
23.1701 41.072 48.2414 47.6591 33.2515
37.6707 60.8832 24.7883 36.9757 22.5253
7.61521 28.765 56.87 57.584 19.9333
56.5361 37.6698 52.1411 18.2158 12.923
43.5809 19.3616 67.8971 8.92696 30.0167
55.4094 38.4712 20.2537 9.58591 52.9721
7.87173 21.3334 16.4408 5.07873 84.1611
25.351 77.8522 9.88098 15.3205 32.3098
8.01823 63.5263 32.0946 49.9613 8.05725
26.7163 54.8374 60.5213 0.866416 15.1556
32.1378 30.0793 64.1922 13.7904 37.406
28.5346 31.4199 46.5504 34.6086 51.988
42.4097 12.9127 43.9513 6.16247 61.5211
31.0049 81.6934 1.20234 6.56646 9.61046
12.6456 12.7139 13.6029 7.14702 85.6664
5.60478 2.13523 4.38834 76.6047 42.3071
71.3519 25.242 6.9409 31.7577 28.4516
22.9237 21.8059 74.986 22.4561 27.0223
33.4511 0.857954 65.5352 49.8853 0.0152979
9.85249 9.02963 79.092 29.1661 16.0855
25.477 49.4361 18.0271 58.424 33.9014
30.8195 33.1135 56.9918 28.292 41.1593
2.79876 62.7442 35.6364 44.1924 21.539
7.58346 3.11936 82.6518 19.8183 15.8937
36.3789 55.3435 29.6816 34.6638 36.7801
31.7769 28.4446 74.5087 17.5936 9.93085
17.9127 24.0173 54.1165 59.4397 17.4534
45.7035 49.7389 50.8183 9.50683 26.5548
27.7149 27.8741 46.053 15.066 64.5576
0.0145008 0.00562332 1.31727 0.332349 89.0333
6.16211 35.2732 1.68608 18.7441 78.6428
13.1308 59.8389 7.88404 54.4228 35.3219
33.1155 33.6096 34.7692 48.6609 42.7368
13.9711 42.4271 33.5257 52.0246 45.6788
0.56601 37.4876 43.2133 26.7278 61.9293
40.7065 44.8891 23.3545 36.7053 46.2921
22.016 46.0776 1.8038 70.314 10.2658
22.3103 23.8895 41.9467 34.9285 59.4247
13.9167 0.749567 14.5063 80.1516 34.1923
28.7695 43.6682 67.2765 6.58773 23.5454
19.0922 52.6888 61.1319 5.26389 27.5786
48.5063 25.0462 56.6287 40.9957 12.8139
66.1346 27.2825 10.1371 34.4505 34.6768
9.20591 2.19729 48.1548 42.3376 59.1881
72.8017 12.6332 7.00182 7.8964 46.8324
25.95 1.77848 71.7173 40.471 19.4235
6.06593 3.07336 78.2877 39.1392 13.4977
0.988713 50.3267 12.4625 11.9642 71.7808
47.314 60.2404 6.3702 25.943 33.012
59.5946 39.1366 34.7157 24.4 28.8231
31.9521 56.64 44.2011 25.7792 33.3121
60.1568 24.7442 42.3289 39.0566 4.66983
52.4173 18.5245 1.78318 21.9897 65.1157
55.9066 30.1064 9.46591 27.1283 52.6466
2.0908 59.4513 16.7152 60.6871 16.7552
12.2952 20.3688 11.7777 27.3349 77.6742
31.7622 39.5237 44.7369 53.7189 17.9699
13.4638 23.4415 27.6547 2.62264 80.2632
4.39707 0.477585 40.8226 74.7413 22.4711
15.3164 67.649 18.3377 32.1055 40.8834
37.2554 57.7025 52.9416 17.7515 1.71553
33.9555 20.414 20.0361 21.0394 74.793
38.2833 25.1395 5.89623 28.4479 70.5953
8.87312 55.2445 62.0231 29.6658 3.37857
14.6213 18.8987 29.9248 79.1744 15.0086
46.2273 66.1518 11.4214 32.6917 15.9399
18.4396 33.8165 62.6816 43.2179 25.5912
72.6881 8.50159 0.824174 4.03056 51.4156
4.74082 53.2827 66.1919 6.58048 23.5165
49.3725 33.7737 51.672 39.7745 3.03417
33.1698 56.0716 32.6508 50.8292 2.46961
64.3117 7.52826 32.2776 1.4199 50.7595
35.5103 36.0271 28.8573 51.4436 40.0141
30.3363 22.9162 42.6486 37.4435 52.3708
27.2088 23.2391 63.2805 30.6197 40.4547
24.2155 45.2629 29.6169 62.5768 20.3732
39.8464 0.786349 36.8347 25.0017 64.9277
27.9805 19.4272 23.5644 30.2566 72.1274
17.2824 53.0644 45.9535 40.9088 31.9955
57.9693 39.6528 34.5186 18.0558 39.0894
27.575 14.361 69.5166 39.0663 25.1239
69.6263 31.0236 42.2773 6.55153 9.58596
58.0191 16.0732 24.8468 7.21111 55.9663
36.9133 6.89848 45.4203 2.28125 64.9082
57.3081 2.56369 53.6678 14.9101 38.5375
25.0867 16.3096 78.0571 9.40902 26.2617
31.4479 25.914 5.46473 44.8599 61.6912
52.3718 42.3505 7.73591 51.9898 11.3955
58.655 31.7811 48.8214 30.9007 3.89939
35.4374 7.141 68.8623 9.82459 44.3396
28.9826 56.1732 28.856 40.8217 34.9108
15.2232 6.31348 68.3997 22.5287 50.4144
1.82386 8.39624 86.6273 3.69399 1.58671
16.6976 47.546 53.609 10.0202 46.6082
38.7569 32.4318 6.65323 10.1181 70.723
47.2583 14.3864 48.9754 8.8218 54.1991
44.8805 18.6542 71.1279 13.3252 19.1732
6.38822 5.85457 26.6437 82.4558 16.4124
3.1004 0.332847 63.633 62.0707 0.264014
5.24714 26.0462 30.3151 14.729 77.1861
29.9451 4.67011 54.7454 60.1288 17.6558
5.73262 17.7206 62.382 57.1815 21.9526
10.8706 18.3513 35.892 72.6538 28.2967
32.9007 34.5527 73.6018 12.8297 8.71149
24.8925 1.79763 19.3682 58.6957 57.2762
21.555 23.9807 41.2939 7.41375 69.7155
37.0727 39.3234 51.416 34.6513 26.7192
32.0229 14.2672 19.4429 77.4644 15.8316
45.0723 1.27792 21.4696 52.7536 47.9216
23.7982 10.3438 27.3058 8.3941 78.9866
32.2013 55.8589 3.04536 39.5014 44.0117
12.2408 54.9022 47.6509 34.1988 35.6483
36.6954 15.1631 55.5399 3.97118 56.2389
32.8139 8.71064 75.9724 1.00954 30.4958
4.29956 4.59584 74.1434 35.5274 31.1387
39.0703 24.9021 10.7077 43.2491 60.3645
34.3394 9.11864 79.4937 1.06698 7.74993
10.6995 64.1198 31.2558 22.5773 45.052
13.6607 9.78444 16.6801 11.7479 84.3374
21.2936 6.48191 60.1354 28.7884 54.3298
5.46004 33.4238 66.3361 14.5461 48.6795
6.79893 15.0526 64.4924 3.51324 56.8608
37.7278 57.3948 30.7828 35.9499 28.7366
23.8747 12.1974 7.44751 79.0497 29.6055
59.703 29.6972 28.2423 50.9596 11.5945
8.71521 40.1401 38.965 59.6224 32.6508
48.8065 8.99687 39.2784 60.9169 12.7967
29.7465 7.48127 28.5939 21.6035 74.6078
38.8365 40.7354 61.3946 4.08817 27.6747
29.0443 71.9602 6.44527 26.2758 33.4422
49.2995 26.7138 41.0363 25.976 46.5619
6.49114 12.4256 25.5345 11.4377 82.3633
46.988 39.8975 13.4045 46.1054 39.4691
2.99651 1.62609 1.34427 38.1018 81.3213
6.58194 3.73976 12.4332 86.2844 10.1267
6.6504 33.0083 32.9853 55.6764 49.2973
56.2039 36.5881 38.6913 38.8883 20.481
13.4326 31.2713 44.7049 10.5704 67.0799
9.01461 13.5294 26.4564 13.708 81.9913
19.166 36.2255 59.7645 43.8903 19.0885
29.1482 13.842 72.6098 35.5592 13.4126
34.5224 72.2653 2.81648 5.51023 38.586
5.90019 50.4278 68.7975 24.4942 9.18935
14.0559 60.6907 52.9925 29.7364 6.07703
54.7353 57.4119 19.6423 18.8575 29.135
8.22852 12.38 80.1256 22.4845 27.0573
6.42086 65.6665 0.901911 16.3204 57.5576
20.9232 26.3088 42.15 62.6998 31.8568
28.5848 64.5997 4.7269 20.2832 50.2584
11.965 11.0405 22.8146 75.0118 40.1164
0.736483 0.114822 26.8049 84.6051 8.49391
16.4273 72.5768 23.1847 15.0408 41.2883
28.6912 3.47515 2.55848 83.9858 7.22077
38.0536 19.4073 9.79272 50.1181 57.856
12.0024 20.2608 56.0503 56.6269 28.056
29.2713 27.1973 25.7242 4.31277 75.1058
46.6431 18.7967 13.9889 26.5082 66.8115
8.74162 11.6138 38.5339 60.361 50.9518
4.79572 10.8361 2.50678 22.2384 84.0336
28.21 50.0035 39.0242 43.7354 33.03
75.9691 25.5006 7.34882 17.6749 28.458
36.2335 5.02583 28.4185 72.9813 16.0016
29.9687 50.6572 38.6585 52.742 2.44548
51.614 25.6733 24.4154 19.6569 60.7473
15.6393 31.1211 19.7642 78.3676 6.73571
26.4778 2.12522 11.6391 10.9228 82.5275
31.1726 3.3841 59.7232 44.4121 36.9321
33.5488 0.859038 65.7294 14.418 48.2357
30.0608 1.40161 3.72632 81.8804 14.735
44.1137 28.9668 6.79054 46.8817 55.1336
37.9418 22.2575 61.4368 30.491 36.0569
23.6085 2.86251 15.5714 82.2607 10.8053
6.74326 18.7611 83.4477 18.2481 12.9467
43.7676 14.1614 46.1962 32.3109 48.0587
34.8711 10.5432 41.129 47.037 52.8961
3.85641 4.45412 26.2825 62.3487 54.8975
58.4574 16.311 25.1054 46.3993 38.3865
20.2575 20.5745 79.3096 17.2759 21.1039
42.1828 71.3048 2.40478 30.5447 2.45526
11.8937 3.25344 36.077 0.541313 80.5756
13.6013 80.9715 2.75337 12.948 29.9147
2.86235 3.34745 42.5654 75.8096 17.1574
20.0443 48.0212 28.3359 9.33476 65.995
20.8592 64.8191 10.5525 53.0204 11.2363
20.6699 3.29856 30.7937 79.4564 7.64307
43.5454 20.2578 8.469 47.3487 55.4136
26.189 27.4696 42.8478 49.0042 46.3176
12.1185 10.9406 31.7197 63.887 49.4479
53.5938 59.221 12.8392 4.10506 33.6559
1.05943 4.85865 52.8211 19.9334 67.7646
0.584821 12.8884 4.70816 77.6602 37.884
16.2349 0.852539 15.1739 47.7137 68.7443
15.6302 29.8677 56.1172 46.2487 38.2615
8.35535 46.3619 5.05675 8.97517 72.2208
20.486 30.2153 39.8233 23.7441 64.0926
15.5684 48.3772 38.1453 59.192 11.2232
51.7335 24.7467 61.7156 22.7661 15.6009
8.09306 26.3576 1.87711 13.4298 81.1301
15.9264 25.4926 15.7497 66.7182 48.6903
3.38493 3.61817 58.3337 57.2841 30.9314
37.4642 45.8055 42.4455 49.3392 9.96811
17.6995 29.6586 50.1243 54.7092 31.495
34.2238 36.0737 14.1587 65.1515 30.4576
21.9755 9.56862 71.2936 30.3531 35.892
0.265484 5.96854 3.38954 85.6387 21.8576
30.1148 30.8412 28.2948 48.2378 55.6833
9.47234 80.8944 32.0826 7.80405 9.08008
19.6599 15.1284 9.03678 82.8265 15.7789
12.7932 78.2872 2.29411 29.2405 29.1719
19.8842 19.6719 17.2111 29.4287 76.4539
4.79082 8.61227 73.2284 47.6119 16.505
24.2742 25.7478 59.5367 44.0002 26.6555
3.61018 23.5343 44.8144 63.8183 37.6751
33.2242 49.0899 11.1833 63.0116 15.5941
40.372 65.1709 27.2016 32.6339 5.15732
17.3938 66.5639 6.08788 44.764 35.361
35.8491 9.95097 18.2251 74.4629 16.1536
7.77558 7.89725 83.7659 1.3167 25.9274
51.1577 4.69765 14.4888 58.7292 37.7618
44.4246 5.58655 39.3684 63.2681 16.1876
21.6449 4.20407 57.5094 6.32429 61.2239
20.0323 38.278 71.9173 26.1176 9.30175
4.02871 7.32741 54.2546 11.126 68.0276
11.7585 44.6387 43.4409 49.7942 34.6312
20.4043 36.4756 10.4135 74.0533 19.7556
49.7403 11.3804 51.9285 39.8081 31.4046
43.7302 23.8977 12.6761 53.6331 44.556
42.2884 23.1069 11.5048 51.6757 51.1477
46.6647 49.802 44.7773 26.1648 20.8818
1.94977 43.7279 70.7548 16.5583 21.5822
56.3605 45.5322 7.74987 51.4781 5.50478
4.52579 4.31576 9.79048 25.4818 83.3179
0.228518 3.56155 20.9744 41.4284 74.8148
44.1792 38.9108 3.30094 3.39196 63.4394
0.814368 10.9741 5.357 86.7864 9.67137
32.9524 4.29527 48.6323 57.8485 34.0233
2.07698 24.5754 44.4263 3.59175 69.965
2.47725 23.7974 76.7487 20.3343 30.565
15.0649 29.3365 47.4072 24.758 62.9213
65.5689 0.982903 23.3096 54.3899 7.62332
75.0615 26.5477 7.29167 24.5969 28.8931
2.39861 26.9125 70.4695 29.6552 31.2396
0.943621 14.5178 55.3505 12.757 65.3124
42.0218 46.0077 15.5112 5.73119 60.6848
14.6706 5.11753 77.1873 26.7234 25.6098
1.30746 16.4334 29.3378 73.5448 32.7406
16.1955 38.7968 8.95591 72.0387 28.3279
34.844 17.9653 17.0977 6.47041 76.9661
24.7853 30.9926 10.8165 78.4526 6.23907
2.79995 43.3016 72.3118 7.50681 26.5107
2.22325 1.17871 7.1031 87.506 15.4912
48.7455 51.1286 34.3999 24.1808 28.5594
60.1461 39.1539 33.9612 39.8781 8.73144
11.6629 71.3873 23.2187 38.1793 29.3267
21.7499 5.70463 22.0129 84.3256 3.14556
25.6272 11.211 8.83066 64.6601 52.6047
28.3676 39.6205 25.0494 53.2656 42.5777
12.8536 6.92201 34.5929 69.4271 36.64
0.0803211 0.142185 0.644083 0.208945 88.4258
5.39096 0.577493 43.6875 76.0164 13.7669
39.4686 42.2627 25.1262 13.1886 60.163
41.4195 2.78376 37.9652 18.4546 65.9474
0.359393 1.52614 47.1136 51.025 53.9041
33.4426 52.904 15.5962 56.004 18.9712
6.95332 4.38411 11.7057 31.2839 79.9471
31.1331 8.16413 31.5091 21.3415 75.8759
10.025 20.5768 17.5682 0.282639 82.1777
14.8755 8.26418 20.0886 33.9707 78.2873
2.94922 44.3674 21.9768 50.4674 52.5636
25.7327 27.6482 47.5856 16.2703 62.1921
74.6904 9.73756 16.0722 14.5322 42.1716
8.40304 7.97068 2.53215 85.9256 18.5217
0.83653 33.9504 6.04569 47.9164 65.0143
32.1739 43.9751 51.6819 5.65533 44.1389
13.5596 11.7964 2.54159 86.9914 4.0155
43.2518 57.6176 0.816173 50.7034 11.536
6.9029 5.06538 15.0412 80.2471 34.0078
16.5084 31.6866 20.7068 55.9901 54.9418
61.0216 13.9387 46.9797 9.45611 40.7426
12.5675 24.3621 75.1505 39.874 5.89304
0.140673 3.87094 42.5139 45.3481 63.2531
18.1168 7.68848 68.9159 52.7266 1.59317
74.8597 26.457 3.20139 31.4153 21.7387
18.5254 36.4822 72.0928 20.6236 22.2568
34.2601 34.2552 22.7426 66.1837 24.7394
7.20019 0.252378 41.9064 72.2916 30.7342
1.04684 13.1717 34.8287 47.808 63.0037
22.7959 47.2644 1.85033 55.6739 43.7281
10.5167 18.8002 37.3323 74.1035 19.769
28.9004 43.3739 4.22473 6.3785 71.0529
37.692 19.9846 35.214 56.8204 39.3719
3.68257 2.39398 82.2259 6.50891 33.8238
24.4739 48.8325 60.5468 28.9713 3.29834
30.618 44.2548 42.9485 28.9261 46.4408
56.1041 14.7891 12.8569 29.8449 56.4707
0.31936 2.48962 11.56 55.4206 68.3496
14.1842 19.1263 39.5277 7.02101 74.6117
7.00055 23.5591 7.59576 28.6812 80.1064
11.719 46.8957 2.49969 27.9668 67.5414
5.21739 18.2924 27.0829 68.2174 46.1804
0.0940761 0.0488856 4.91141 30.823 80.822
0.339198 6.55166 9.06079 86.492 3.51095
24.1222 24.1188 16.0151 46.5989 63.6512
19.0469 5.96099 63.9593 21.5098 49.0596
31.4484 24.3159 27.5885 69.8309 22.2989
14.3605 15.1367 11.984 64.8559 55.0423
16.4142 8.97653 14.2537 38.4326 75.3751
6.03056 5.7912 9.60587 36.1247 79.5936
5.79375 13.2246 56.3881 59.0986 30.5748
0.382516 9.33647 21.0269 33.8466 78.0528
4.33681 3.86277 21.7695 19.1454 81.8416
10.1341 16.8617 47.2466 66.9322 27.9628
2.61458 10.379 18.3975 85.1166 14.5345
42.1641 30.4933 33.1543 59.6183 21.5742
1.19436 0.886995 58.5525 45.952 49.9861
27.3885 6.50841 14.1426 41.5422 70.7546
33.9346 54.4674 31.5368 49.8783 8.04381
14.4531 7.38422 22.4777 78.7598 29.4971
25.5986 32.0095 0.465163 78.179 8.14446
64.2695 48.5981 16.8588 15.3085 25.3886
11.2126 54.3294 50.7339 41.9796 18.3676
24.4283 5.34279 17.5449 81.4 7.41977
15.1743 65.533 11.1697 24.7893 49.5123
1.12447 18.4878 58.1187 61.32 4.25316
16.9871 16.1988 14.704 3.21964 82.9586
13.8013 17.174 19.439 32.4881 77.0191
4.5722 22.1583 36.5752 24.0153 73.56
54.9671 52.982 20.1764 42.2639 8.63073
32.4962 9.10303 63.6435 46.4355 23.8204
9.18537 44.5141 73.476 4.55242 18.4562
4.01027 0.566963 9.48064 80.8558 32.4399
15.3273 2.4468 21.1254 85.0542 13.9983
5.77467 0.377673 85.5155 11.8032 22.7495
34.9733 0.35092 22.4395 45.7365 63.2678
1.45951 26.1836 7.61596 69.006 47.5194
16.3468 19.6594 45.8277 36.6526 62.2987
1.87875 0.728608 75.567 38.5243 25.8004
25.9196 0.988746 77.5434 6.02892 34.764
1.77857 51.888 3.08792 44.5467 55.5894
51.0669 53.9561 30.7387 6.75238 33.7286
32.652 4.1186 44.3559 67.5272 8.56231
66.2265 21.9783 4.67081 22.3959 50.1119
33.4034 35.2931 1.90063 8.23738 71.4255
1.05349 2.49985 35.1302 70.9112 41.6308
23.4231 2.73246 10.7418 37.6022 75.3851
43.6633 62.4814 27.7657 32.5405 15.8653
30.6791 25.751 38.4451 24.9371 64.2335
0.0476452 0.188497 1.00742 56.9785 65.7644
35.9735 20.1773 9.31191 78.1562 8.92583
14.1397 2.76229 28.1786 64.3685 51.2202
39.582 25.5965 17.0896 71.7591 12.029
9.29977 15.72 41.5632 75.6069 2.45132
12.4333 34.1747 35.2207 39.3643 61.0515
38.2755 12.9682 20.2872 61.9544 41.3973
62.4511 40.6571 24.2893 39.3708 8.61954
28.4679 24.4167 37.6633 65.846 30.2231
26.6424 45.0334 11.5928 40.1407 56.6239
12.2852 24.7961 70.1458 17.7436 43.8938
7.9074 3.25269 86.1688 3.67843 1.57832
18.3756 18.8188 17.2663 14.8947 81.5647
46.8649 1.10531 15.344 39.4828 61.6591
2.45041 12.5342 25.3043 43.2941 71.0214
5.73891 4.12435 0.0639389 73.1479 49.5279
1.1783 0.335164 27.7201 74.3763 39.6544
2.90546 18.2417 28.9758 12.5222 80.1623
40.1588 21.4525 13.669 53.3143 53.2328
20.1623 10.2938 45.7075 61.338 38.5227
45.7591 12.2593 52.1599 25.3083 47.2454
4.03246 1.75936 6.13244 27.7813 83.1055
4.77225 5.42038 20.0438 63.4839 58.1807
1.02874 1.65124 3.19519 87.2331 10.2916
22.5198 46.2307 51.021 3.99555 50.8902
18.2117 1.90016 28.1312 76.1686 30.3868
13.0937 77.9388 19.5742 25.1153 22.3639
62.1027 2.79393 28.1085 44.054 35.7786
7.66409 47.7319 4.06991 12.9895 73.8625
10.907 6.10306 34.0698 60.7223 53.3046
12.476 21.97 31.892 36.2229 70.4636
17.0368 0.584733 7.17656 82.039 27.9453
41.262 63.9072 18.4202 40.8715 1.71125
65.2585 11.6015 30.2581 34.7364 34.967
21.6706 9.62978 77.7644 8.76021 29.4126
5.97457 13.6441 19.1145 15.9159 82.5673
12.3611 1.97342 7.95466 3.93281 86.1725
1.20848 9.92706 8.29915 66.0905 56.2243
5.44155 9.78188 83.1606 15.5928 25.8785
2.74061 29.8975 60.0025 15.2669 55.0108
40.2363 50.7993 0.878325 23.3423 58.3289
44.3621 3.5198 20.5066 23.2261 69.0764
8.41034 19.1765 60.2947 10.0979 62.7081
34.3841 16.0669 10.2948 5.4772 78.4124
6.27681 38.0151 23.0175 8.74854 74.0486
15.117 0.525272 27.0702 2.05919 83.1763
4.63277 1.47926 49.7223 37.2074 63.3265
0.886488 7.85104 34.1468 63.6911 49.2333
9.58376 14.8435 4.2783 9.49301 85.9826
2.26461 12.9206 26.156 32.3543 76.702
17.6178 0.608764 6.66663 62.1109 59.6062
0.47762 0.367536 17.8235 59.317 62.5328
26.1163 0.656974 47.8824 44.2211 51.7786
3.08004 13.013 4.45479 71.6656 47.9391
1.57588 64.0955 9.55329 27.3884 53.1569
20.6131 12.373 0.299554 77.5484 35.4485
22.9674 28.3533 30.9078 26.2256 69.005
10.1738 16.926 47.4174 67.1726 21.3225
1.76192 34.3099 49.9893 28.1316 55.7495
3.21529 72.067 40.9318 16.5089 21.5155
41.4738 26.9991 16.1276 26.1432 67.1975
11.8587 3.98755 4.65393 66.3552 55.3422
2.02986 0.217933 41.6537 78.462 0.263745
2.47068 6.72453 36.5277 26.7862 75.6725
19.3425 5.97926 6.51932 70.0422 50.8321
