212 6.38598
14.7899 0.0467649 2.42641 9.17395 0.714516
12.7451 1.08237 0.953505 1.9108 1.73113e-05
8.95831 5.33803 9.95741 0.000266258 1.23575
5.24667 14.9768 0.146992 1.75586 0.569458
0.327428 0.0829455 0.400605 0.000826435 18.1845
0.0206114 1.15811 16.8229 4.13594 0.285064
0.0162979 0.192159 0.000527068 18.7625 0.581967
0.000152535 0.000111929 4.01781e-05 10.459 8.49687
4.86991e-05 2.49771e-07 0.0232388 1.32043 18.0023
8.96335e-07 7.82939e-07 0.0048284 0.00202732 12.8827
0.0124681 6.34686e-06 0.00132784 0.0695676 16.5523
0.000366816 0.00140962 0.0128388 16.805 1.2485
0.306213 0.115521 16.0012 3.56308 0.0144862
0.12787 14.2792 0.455605 2.50161 0.291726
14.2325 1.18764 0.425823 0.579308 1.91507
13.7909 0.998084 4.17801 1.03314 0.364943
5.17834 14.8595 4.8073 0.651773 0.115218
0.000762422 0.000160469 0.0010124 14.6662 3.04048
0.00711036 0.0120961 0.0230544 13.8956 1.27704
1.09785 0.599355 15.1161 0.330739 0.492359
5.78749 4.76819 15.6537 0.01859 0.252464
0.00482347 7.62256 13.4418 3.04058 6.21332
0.0925347 0.0915387 0.62611 0.000382573 11.4897
0.0147855 0.101274 13.9627 0.238391 2.01405
0.0230107 3.93589 12.8975 5.36515 1.44125
14.5554 0.131181 1.30557 1.10859 0.199655
0.000234568 1.99335e-05 0.000536048 0.00084707 10.8923
1.86362e-05 2.00087e-05 0.00266474 0.00684937 12.731
1.87598e-05 8.98797e-06 0.000260933 0.00107199 12.157
0.000119431 0.000139036 14.3078 5.04741 0.68654
6.05894e-05 4.32061e-06 1.60272 16.2158 1.43517
0.547636 0.319625 14.7986 0.0570226 0.867782
13.5179 4.77698 1.07411 0.0105941 4.22948
0.00340551 0.00859607 0.00198546 15.9807 1.8043
2.68758 0.311288 0.00527636 15.4993 0.434046
0.550923 14.0652 4.10227 0.109355 4.02209
0.0558025 0.100745 13.4726 0.0714791 4.78239
3.0637e-05 0.000294234 3.18178 13.5021 0.536125
0.00577844 0.00105415 0.000450065 15.3783 1.2357
10.316 0.785353 2.3379 6.34657 5.44456
0.166877 0.0238172 0.262291 14.9882 0.0244929
13.2088 2.43956 0.175363 0.0738164 0.0155458
5.70838 13.8615 0.0637846 0.264544 4.4896
1.21156 12.615 0.494946 3.90505 0.0310939
12.572 1.18104 0.100498 4.37735 6.00598
0.259207 13.7502 0.264473 6.8488 0.153286
2.1874 10.9717 4.07028 0.306331 0.591769
0.00450661 7.15581 11.5707 9.51554 0.0759719
6.81965 3.27781 3.85576 8.02417 1.16126
0.000241496 0.00169098 5.8936 10.2026 5.21334
12.1861 0.462653 3.43684 3.43919 0.0594139
0.00392681 0.00427694 0.391721 13.8066 0.664786
11.9268 3.66111 0.00140157 3.54872 4.3668
0.103825 0.024261 12.3872 0.338902 0.0182784
8.456 4.90953 1.5499 7.14978 2.80179
7.70271e-05 2.91388e-07 0.0107032 3.57904 11.7909
0.96045 7.89635 2.01334 0.174668 9.22602
0.0019572 0.00540744 0.950316 13.211 0.011303
0.831232 0.0849545 12.1759 0.552564 0.809512
4.6309 13.0467 0.244027 1.83785 0.435413
1.06012 0.00772423 11.8458 2.67742 0.166756
11.7635 2.27788 2.72214 1.29595 0.608969
0.381927 0.348768 0.653433 12.9459 0.0119001
12.8769 1.24118 0.184621 4.62271 0.231565
3.34758 5.65312 3.61997 2.74336 6.6064
2.01211 11.1413 0.680039 0.47969 7.31129
0.201493 12.3 10.5008 1.22984 1.42544
3.77467 1.9063 10.038 0.0125867 9.70291
0.202635 2.86747 11.6437 0.906744 0.157404
13.3816 0.00232904 1.40853 7.27833 6.74037
2.44465 11.3206 0.801789 0.75999 5.38472
0.00014316 0.000188548 0.000371476 14.904 10.4272
13.043 0.0554065 6.42932 0.558471 0.570178
7.43152 13.0093 0.19683 2.69868 0.856464
5.1682 10.5641 1.53052 2.37279 0.619887
6.66463 2.47714 6.96906 4.16428 3.53109
6.25437 9.13181 3.36123 0.186744 5.64132
0.00116098 0.0012681 0.00352346 12.8716 7.76304
4.44371 10.276 1.26052 1.41617 3.54443
0.000185566 4.04471e-05 0.00117586 0.106115 12.0109
0.281196 13.5972 0.0153293 1.6419 2.19832
2.68275 11.8916 2.78577 3.5683 0.301876
9.5755 2.99658 4.74207 7.03666 3.20675
3.29247 6.51439 6.22998 1.48667 1.54821
7.02742 0.553055 1.8731 8.8613 0.861619
0.00402336 0.00247744 10.9499 10.7657 0.548079
6.91109 2.50448 10.6052 2.86448 0.103567
0.202924 0.193551 1.29617 12.2084 0.0167338
7.71939 1.69568 3.34426 6.67564 4.3328
12.6998 0.259478 1.72779 0.178545 1.03722
8.36104e-05 2.31402e-05 0.0787967 2.14152 11.6189
1.4012 9.21346 1.19185 5.32381 4.57582
7.24603 0.234348 5.63611 0.103892 9.89257
1.85591 10.8749 1.15995 1.50684 3.34876
8.48503 10.1285 0.818114 0.425823 2.84276
0.0262312 13.2398 2.06587 5.7441 0.964629
11.0987 1.05444 1.15001 6.39776 3.83899
1.56212 0.00142618 14.1569 5.49986 6.0868
4.22155 1.01019 11.1057 0.108103 0.0121665
10.0364 0.189528 2.18877 2.28617 8.51538
9.73794 0.985693 6.6009 4.76548 2.61709
1.93321 2.7469 8.05937 0.726669 6.322
0.943953 12.1687 0.704743 2.19926 1.77265
8.82895 0.680457 4.35848 8.50242 2.97053
12.0214 0.633747 1.59754 1.1227 3.24828
3.85804 9.91251 5.59965 0.0212539 8.99015
4.15392 9.61852 3.22161 2.67833 0.0138623
12.9692 4.19099 1.40809 0.0880178 1.44381
1.97355e-06 1.68097e-06 0.0172849 2.82543 10.5912
4.84461 5.00449 2.38142 4.5642 6.55378
0.142735 12.4797 3.10048 0.588234 0.642415
0.0132244 0.03012 8.38944 4.36552 9.5232
11.2451 0.726704 1.93806 0.610413 1.35833
0.00334338 0.0373937 0.272486 9.36787 9.39489
9.9966 0.00188248 9.23197 2.56206 8.16004
0.690066 10.6879 1.05811 4.31653 2.9285
11.3042 1.35054 4.42237 1.59583 0.872266
8.37848 1.01401 1.82155 7.78202 1.70345
0.0420904 0.353232 3.5279 12.4079 0.0103201
11.1712 0.916347 0.94211 7.08783 1.60748
4.02185 7.83801 6.05432 0.565091 3.1457
11.5691 3.60079 1.12209 5.50253 0.115636
12.434 3.08406 0.768216 0.372672 1.25
12.3165 0.765989 1.70023 1.92546 2.141
1.64053 8.98623 4.66519 5.9619 0.287987
0.827579 13.4868 1.60696 6.32016 0.907903
0.058897 12.7983 8.32578 1.14052 0.457296
9.04024 1.48916 5.05535 5.46975 4.03633
2.48893 8.20634 6.80128 2.54376 1.66002
12.1067 1.25398 1.35158 5.42853 0.6986
0.0577096 11.6049 5.70168 2.77424 2.52595
2.63875 8.56959 3.99008 0.796132 3.43337
5.88297 9.73747 2.20534 1.16339 4.26081
0.175326 4.62363 10.0246 0.2237 9.77551
2.05081 9.05148 3.47133 4.6963 4.09118
0.000189682 0.0169556 0.564356 10.9491 2.69757
9.62866 0.575822 6.32344 0.561544 3.17994
0.720363 11.2253 0.465509 0.892457 5.10444
0.0115874 0.00239117 10.8286 10.0964 2.61057
13.3469 1.75848 4.20485 0.480625 0.450671
0.103679 4.01974 12.6723 4.75696 0.360958
9.79405 5.21742 1.23578 0.0457666 3.36034
0.225689 12.8487 0.635417 1.46572 3.95768
0.0722888 1.0251 15.8427 0.0275797 3.4265
0.0184735 0.0263159 0.064597 11.7822 0.220737
11.0449 2.2091 1.97964 0.0920706 2.30512
10.7193 3.67482 6.008 4.05685 0.177829
2.68546e-05 6.16752e-05 0.217615 12.6861 0.987213
6.03879 2.618 7.14598 1.86107 6.14946
1.40301 4.39136 8.74337 2.68353 4.19839
0.00606002 0.0653917 0.405769 13.3445 0.0577094
4.29924 1.14395 7.68926 0.975309 5.97728
0.162293 2.14429 1.03692 16.0967 0.00547763
5.73894 6.2661 2.05209 7.47342 1.0136
5.33958 2.57907 8.14667 6.46163 3.13478
1.25857 8.28275 1.48777 8.68348 3.82556
1.95674 7.54988 4.52201 1.24221 5.31357
7.10343 0.0819752 8.19247 0.457093 6.26545
4.10188 10.0315 1.69586 3.16803 3.99011
8.78736 3.91139 6.86491 0.887213 2.34748
0.00428123 0.00366482 0.00186863 0.141488 10.7311
3.25873 1.28026 14.1738 0.291325 0.209348
10.4063 2.60022 4.94769 0.10215 2.48721
0.233955 3.15927 11.9869 0.133787 3.07183
10.2385 5.15591 2.27051 0.349401 3.56494
9.33815 6.54998 2.7639 1.50209 0.740685
7.2871 10.4311 1.06318 2.59179 1.40636
2.84418 4.04623 1.02736 0.0895051 9.61419
11.4334 3.43538 1.68573 0.400332 0.378081
7.91515 0.159198 7.29705 4.98119 6.98962
2.39711 0.555874 10.7241 3.80179 0.227236
1.33219 7.59185 3.56821 0.437454 8.33712
11.6657 0.692534 0.773072 2.60577 3.26976
9.48918 6.17694 1.39239 6.48427 1.72084
0.15769 0.000834719 15.0214 5.18745 0.177113
9.31156 4.47932 1.90825 0.545047 2.16926
1.90274 10.4802 1.07287 0.0540176 10.2984
2.02514 6.35676 1.97355 3.99758 7.976
6.35812 1.08011 1.63064 4.70983 8.1771
7.89235 3.5579 2.13025 3.59396 5.56428
3.69089 4.72373 6.25189 0.377744 7.8036
3.64182 12.3828 0.0692069 3.50368 0.355404
0.000554274 0.00055766 0.0254336 0.174161 10.0488
0.0716585 12.5508 3.25568 1.98257 0.575979
4.30087 4.38057 1.4487 3.97122 8.09475
0.537345 0.0448378 9.83186 0.599772 2.90641
1.58006 8.83163 2.54657 3.51289 4.63604
10.5293 1.8911 0.017584 4.30701 7.65317
4.50609 10.0718 3.49727 0.60043 3.58772
3.60501 7.28475 1.71186 4.88515 5.75805
3.94153 11.4358 7.0328 0.640667 0.252285
12.4914 0.368053 2.62785 0.621713 3.15097
10.8466 2.67952 0.189617 1.62783 0.277746
0.855689 1.6869 11.3264 0.517224 1.94649
7.77803 5.50587 1.12114 0.437147 5.04725
11.379 4.98433 0.0748949 5.41758 0.981942
10.7884 1.44597 3.12517 3.47624 0.221
5.49641 7.41024 4.26733 4.44613 0.620096
10.181 7.0814 0.860092 0.47148 0.510461
8.05862 6.23017 3.27902 3.27867 3.41812
0.342234 0.0871736 11.4997 0.78383 0.000757788
7.97501 4.89245 4.8235 5.62613 1.4705
4.19615 3.1134 5.60315 0.405714 8.5889
3.12836 3.53936 2.87995 4.90608 7.45934
0.772938 3.53434 3.02906 0.162048 10.3294
0.335298 11.5092 0.469423 0.35704 5.58839
0.007832 13.3636 9.31788 0.203524 6.91906
0.00667966 0.712772 12.5809 6.90853 0.106154
0.00867933 0.438791 5.50137 9.62283 2.00703
5.08679 5.7325 0.507944 4.13058 4.82347
4.38007 1.94463 2.47771 7.66204 6.6936
0.00472108 0.00236633 3.60241 8.95128 8.70182
4.97409 12.0289 3.31755 0.126664 0.139199
1.67466 12.8045 0.0588469 7.78824 1.49
1.52037 10.1791 3.30375 0.625883 1.20768
8.69127 9.57355 0.420878 5.41828 1.75544
2.51919 10.0469 0.106479 0.917661 8.74717
3.45388 0.233888 12.0976 0.0592513 0.246694
1.35901 3.968 9.09295 1.43426 0.389427
5.42157 4.25461 0.489938 3.86766 7.51557
5.53939 5.15475 5.92166 7.05055 1.69153
3.2191 6.30557 5.76699 2.39729 3.58689
2.79561 11.6584 0.463919 1.08609 2.12751
0.108685 0.00774084 12.5408 1.06333 2.94901
6.57935 1.55635 6.06368 3.30872 5.95256
10.138 0.163412 3.64831 1.55585 3.7587
1.48169 7.2161 5.80524 4.32324 4.67648
0.00190836 0.0312321 0.650158 11.3987 1.12073
8.91838 8.68166 2.84346 1.59946 2.71124
4.96355 7.02165 5.2418 5.08724 1.01205
0.00577392 0.039721 0.193641 9.74224 0.114839
5.43007 0.884257 6.3803 3.19912 7.21374
4.87821 4.09265 7.04261 6.71221 0.277045
0.00848969 0.00148692 0.0153104 1.33607 10.2434
2.25242 6.13952 3.91506 3.245 6.40476
6.20478 9.34424 0.211388 1.05691 7.62855
7.18061 8.02255 5.14227 1.4769 4.678
0.207047 0.0103834 14.9104 2.2212 1.20175
1.08257 1.86033 7.96347 6.75294 4.29436
5.94458 9.13462 0.103372 2.10785 4.47062
0.00102354 0.00281557 0.0132008 11.8965 5.61619
6.76981 3.42069 8.00244 2.46381 0.0734667
0.00682771 0.0232544 12.7389 9.25585 0.0738008
0.0141436 0.212877 1.78315 12.0761 0.0117666
11.5141 2.40405 0.0362024 2.58856 0.357007
0.940581 0.814927 1.79482 10.3794 0.0233132
1.8246 8.39967 1.85507 2.30608 8.00691
8.60786 1.24955 2.69453 5.5851 5.30069
0.547793 7.36256 9.35697 0.0411254 1.38671
1.73971 1.4082 8.45927 7.08266 4.77308
0.860159 5.59658 8.49735 0.152599 0.941901
9.84286 2.56032 2.58091 1.7122 4.95188
3.26183 12.2331 0.747005 4.98391 0.29683
0.029094 0.0986695 0.108552 11.0882 0.180658
7.45855 1.74589 4.96977 4.8231 2.56223
0.13647 12.0652 11.3103 1.34793 0.671589
8.54102 0.0424835 7.56783 0.281135 8.87392
9.44879 3.12741 4.11498 4.66386 3.19522
8.30021 2.55226 3.74418 3.71638 6.53281
6.63415 0.965415 6.6629 5.17352 1.35819
4.90201 2.8338 5.64458 2.16074 6.09325
1.79624 3.23236 8.65989 0.0150629 3.38622
7.39649 9.54314 2.73031 1.87443 1.15899
0.92889 3.72853 9.15757 2.04601 0.0705537
2.97527 0.834878 7.24695 1.09585 8.03637
4.45606 6.315 3.93246 5.80645 4.7636
0.234055 7.25701 6.70487 6.23071 4.83775
3.8846 6.80366 2.64649 5.12802 4.13194
0.261767 2.07342 3.15994 9.1151 5.3546
6.50816 8.14662 0.518537 0.527092 4.8957
1.20819 5.23007 4.29293 0.192024 9.30186
1.58738 9.88485 4.53317 2.45295 4.55284
6.09121 6.0148 3.52586 8.57387 0.239439
0.0232471 0.498885 1.32684 10.5458 0.00257038
2.76473 10.7488 3.33638 2.3741 0.321058
10.996 6.11381 5.26629 3.6351 0.107859
5.6875 7.70797 4.57414 3.14775 2.62598
7.01314 0.52398 7.91887 3.3521 4.32248
2.3389 2.87905 8.85425 1.02468 4.40854
6.71332 1.05951 0.54106 7.34569 7.76844
7.34834 9.23746 1.20976 3.61623 1.97008
1.81898 3.19115 10.1072 0.227541 2.92747
11.9751 0.811524 2.96282 3.11014 0.479898
3.4391 0.0274164 7.62336 0.827236 7.59933
0.0563532 4.82621 3.82318 2.5308 8.64528
7.48933 8.66118 2.301 2.9503 0.958704
9.2348 7.32351 0.123946 0.684684 0.0754997
9.09615 6.19651 0.654589 0.261197 5.71069
8.64525 5.11786 0.372029 8.18436 2.15973
5.04944 2.00658 8.12327 0.568598 5.36852
1.75323 3.47782 10.382 0.2114 0.0948147
2.76835 9.84178 2.75436 1.74209 4.42205
2.94367 8.79256 3.70996 1.07577 4.91767
7.68167 6.98699 0.0220394 1.16184 7.49501
1.11377 1.62076 11.2475 0.124714 0.407293
0.737297 7.14873 4.15655 5.69144 2.73662
2.29341 9.47115 5.66889 7.23588 0.144232
0.65453 2.95313 11.1684 1.37052 0.677069
5.60323 4.05534 5.18823 3.06923 6.11195
7.5311 7.99607 4.49526 0.578419 2.45541
2.13507 8.92325 5.53456 2.42971 1.66148
6.29623 9.60445 0.16469 6.50999 2.15906
1.24011 11.8422 4.0604 0.64524 2.64211
0.00805975 0.0262031 0.680216 11.186 0.605964
1.30927 13.3951 2.59331 1.81998 0.233732
0.345334 0.13233 0.898198 6.79468 6.85454
3.09751 5.40536 4.46576 7.50368 0.667734
8.16581 0.417008 6.4358 5.24174 7.39948
5.89081 9.77236 2.49328 1.16786 0.426344
2.81984 6.81666 0.100109 5.78411 6.64992
10.209 2.26675 1.61593 7.72128 0.0701269
7.16941 7.76611 1.03777 9.22987 1.87336
4.57452 5.27493 0.77984 3.27676 7.51347
5.70453 7.52481 6.18595 0.855371 2.09431
0.318656 0.144804 4.21251 10.6437 0.000609559
0.376504 0.239564 10.2994 4.19127 0.446784
10.8957 4.43359 3.48272 0.730996 2.28157
0.0323611 0.0686068 15.7393 2.60572 0.715537
3.05625 6.79543 3.41474 5.4644 1.93303
1.64431 2.17088 10.6643 0.422143 2.46455
0.193506 8.72405 5.18371 1.38325 3.58229
1.03385 7.45291 3.74477 1.22014 7.16593
1.83889 7.4859 6.89728 0.572386 2.44453
3.81803 11.7829 0.357405 0.685314 0.807013
5.65326 0.142893 6.52799 8.05902 2.42062
0.904274 0.0422924 11.9021 2.30761 0.0772313
2.20259 11.7252 0.968764 1.2397 0.627173
2.22444 5.30993 6.54259 4.56689 3.93281
6.96267 2.01932 7.40161 5.06874 0.648089
1.88036 5.4431 0.0303673 0.301938 9.95182
4.67152 4.45421 9.71649 0.584987 0.335
3.8941 6.05077 5.11267 3.9778 3.73095
12.766 0.298142 0.372684 2.5745 1.90426
12.3233 0.676322 0.346345 0.815035 0.630782
5.8391 8.52929 1.65903 3.67753 0.35262
0.0038886 0.000913662 0.0997742 14.7776 2.6263
3.64582 13.2453 0.439867 0.0326812 3.58992
3.96919 3.88428 0.940328 3.61897 8.39618
0.762076 3.82208 6.33802 7.90921 2.6275
0.00426304 0.0986246 0.375595 11.5924 0.686109
0.00151763 0.0160307 0.748556 12.0091 0.751925
0.202332 4.58427 10.1919 0.991943 0.108725
8.87494 2.31925 4.89001 1.19738 7.4654
10.4612 0.819516 0.252125 7.12819 0.118306
4.68646 8.09916 2.24114 5.71631 1.27919
6.61188 1.30078 5.68418 8.38648 1.71422
5.27011 1.6807 9.1288 2.03287 0.517952
8.00975 0.144694 7.09652 6.04947 6.70396
9.40847 0.189106 4.8696 5.2295 4.46239
3.94677 2.71716 9.47828 5.88701 0.0062685
0.000840056 5.07018 8.03906 6.60625 1.52258
0.557242 5.5281 5.22486 1.56823 7.90812
0.996352 1.37391 7.01612 8.62512 0.667048
2.74776 1.58799 8.16154 5.82557 2.74177
2.6128 6.00455 6.74946 6.1604 2.57925
0.747629 3.31936 7.57991 4.50956 6.40889
2.69533 10.826 0.00673918 2.92033 1.13684
4.43113 4.59094 6.4839 7.4015 2.57612
4.3225 4.84003 2.09298 3.84833 8.23694
0.815514 6.66436 7.73358 0.000732915 1.19929
0.798026 3.71801 5.02537 10.4127 0.0222968
0.476382 9.96196 3.26933 3.10696 0.118289
6.42959 7.97616 5.81477 3.78996 0.265812
2.07995 5.09668 5.31222 6.2017 6.9661
0.416232 7.94106 4.70899 3.03298 4.97979
3.49957 7.77328 2.90855 3.68407 6.77932
0.143486 4.59928 8.51606 2.33131 7.28844
1.18051 10.3904 0.987903 0.778409 7.0927
7.59996 9.02638 3.68327 2.41549 0.473009
0.550562 8.31606 2.4492 1.05927 5.69105
1.10198 5.41304 8.64995 4.23661 3.60228
0.232019 1.31786 10.2703 1.38797 3.40507
6.88956 1.63155 4.35224 6.03248 4.46215
2.43764 0.223563 9.41932 0.873447 0.124928
9.19563 2.78131 5.41698 4.07154 0.618662
3.70725 8.92443 1.2701 7.2106 4.90083
0.308655 1.4113 4.74909 9.06132 3.10391
2.06209 5.47455 3.8917 7.39768 0.0520554
4.65071 2.62359 3.97404 8.11823 4.25542
10.513 1.37008 1.36293 6.56602 4.24666
0.0873835 0.00457322 12.848 1.46479 1.88725
8.61148 8.85976 0.039552 4.27721 2.29507
2.02393 6.61908 4.36694 8.41509 2.4809
3.49337 6.68775 7.20734 1.14907 2.02489
3.79051 4.87115 7.83229 2.31395 4.70682
0.621327 3.29896 8.90007 3.2205 3.90031
0.176502 0.208815 7.00518 8.99621 2.66636
0.562791 11.276 3.2657 5.63876 4.52149
0.498895 5.95756 9.47654 0.481351 0.844385
6.00292 4.24113 5.95039 2.00901 4.66834
4.7519 4.76736 6.13106 5.04088 2.25913
4.27752 4.32071 0.629737 7.73054 5.95721
3.80722 5.79142 6.62016 2.22158 5.58674
0.00294758 0.0095743 0.227338 10.8128 4.42013
6.98196 5.25017 1.46795 5.26954 5.52719
6.37287 6.61161 5.64339 3.11713 2.65376
7.61624 1.68708 3.64036 3.38216 6.87498
0.786285 2.54386 4.61925 4.11426 8.25458
0.208727 8.06621 4.54791 4.09038 4.86853
5.6044 2.80892 1.59797 4.95076 7.40376
8.2164 1.36139 4.53834 4.22895 5.29394
0.306094 0.657317 9.7015 0.0264838 3.6802
8.27537 6.44435 0.651917 7.86978 0.034251
2.22687 6.7316 0.719981 0.461589 8.90672
0.588072 0.89547 7.1254 7.53468 1.09628
3.54418 5.53492 6.59161 0.4878 5.86448
8.1513 2.79773 8.1388 5.85268 0.0173548
3.72916 6.89214 6.53157 4.93087 0.407358
4.77122 5.37619 6.29667 4.63858 3.4274
4.59063 7.96608 1.34511 4.12284 2.38589
0.0287841 0.0641578 0.311867 12.5675 0.0958939
2.27814 4.52653 5.51231 6.10238 6.42557
9.88002 1.01222 1.46194 0.160273 6.4409
0.0320978 0.0678125 0.12736 10.061 0.539393
5.30656 3.05315 2.1626 4.31197 7.53607
0.948323 10.3897 5.59044 1.17084 1.27281
9.17788 4.37117 4.25526 3.7664 3.28494
1.80177 2.34892 7.37972 5.94068 3.68089
6.42334 9.4231 6.64277 0.236255 1.65421
10.6547 9.25438 0.646779 0.624482 0.201482
5.14655 11.1872 2.99496 3.22206 0.417557
5.01647 4.33621 0.925726 4.00449 7.13032
2.69825 13.577 0.183644 0.869119 2.09605
3.17959 5.05298 1.34617 4.02975 7.11711
0.980422 3.95532 5.47095 5.28247 7.36332
4.98943 8.50145 3.78141 1.70843 2.15023
4.78114 8.09323 4.63785 5.66166 0.781306
1.42759 3.48972 8.33256 2.91189 2.07041
0.0741615 4.13483 8.80995 0.50079 2.18365
3.61905 4.55016 8.36731 2.26697 1.07606
0.180431 1.37138 7.6666 7.65048 3.8932
5.82864 7.48018 1.29082 3.3336 7.05234
4.34598 3.82341 10.1437 0.47641 0.264815
11.7406 0.670653 2.46821 0.759354 0.876206
6.12244 2.91203 8.60471 3.20244 0.615499
2.62119 8.63723 6.13464 0.605185 1.31165
4.83033 6.95907 3.71892 0.249091 5.23987
3.83903 2.09777 6.30043 1.18227 8.28253
10.9357 5.68965 0.403256 0.0388386 4.15963
5.14211 6.44345 7.24311 3.64047 0.985234
0.673936 6.74378 4.25274 5.9025 2.85947
6.86413 8.29205 4.91243 1.18517 3.02394
3.01046 7.73938 4.90832 1.55493 3.48579
2.17781 0.85232 5.81379 2.61111 8.32234
0.00150473 0.0596308 0.57337 7.41952 9.14412
0.00716176 0.0234463 0.0473714 9.89733 2.87623
5.20778 2.12236 2.24883 5.7837 5.02114
3.38291 5.42384 3.87875 6.20509 0.431481
2.52097 6.45345 7.49682 2.24256 2.34319
0.00901847 0.292561 9.54909 0.817309 3.46996
1.65976 3.91286 6.57746 3.82448 7.36247
0.462547 3.60973 4.94866 8.79892 0.0928693
10.5764 6.2431 0.194367 0.246341 1.15555
11.1421 2.04145 2.85583 0.409486 1.1595
0.00718229 0.0107931 8.80597 6.99736 0.0713525
10.6447 2.422 2.07817 3.45903 2.31923
0.27344 1.83829 11.1649 0.258752 3.82282
10.6959 1.7941 1.27395 0.0835365 2.69692
5.14463 1.19912 7.19096 6.05417 3.29658
6.20641 1.02788 8.28806 4.49864 2.2495
1.52646 7.65183 10.4726 0.636756 0.0234504
1.29484 2.78171 9.30007 2.71483 1.97832
1.03807 0.446042 5.72325 7.44392 2.76469
1.49089 1.57528 8.97071 2.3599 2.4802
2.82478 4.67927 7.33249 5.55153 1.4417
3.82263 3.80908 4.78815 0.268197 6.81011
2.19691 5.87706 6.8178 1.47865 3.88629
7.58685 6.94452 4.73382 0.60912 2.32693
4.7841 3.51125 6.09282 4.48524 0.291185
3.57927 3.93138 0.934545 5.94259 7.83017
0.427455 1.80311 9.4686 2.95167 0.0282293
2.60011 5.98732 7.89561 5.14816 0.0242993
10.5172 3.38257 4.56069 3.83922 0.580055
0.0403615 4.81089 1.84193 8.75166 1.68374
5.23212 1.42742 10.6233 0.429504 2.41552
3.18399 8.45025 2.58469 5.78254 4.68661
2.30847 4.22202 8.65951 3.00285 0.221111
6.47536 6.39713 4.2762 2.08448 0.20627
0.647227 1.96275 9.31794 0.41137 3.93797
1.52959 4.30079 8.19614 3.29723 4.16351
4.08256 5.86141 0.44086 6.14175 4.18011
0.344734 2.89304 9.89198 3.70044 0.579413
9.93147 0.663571 1.84394 7.27055 5.88369
3.49362 3.42325 4.38735 1.73962 7.86375
2.89629 4.88658 4.96494 6.88069 4.46569
0.0025062 0.024077 0.292291 11.4693 2.31362
3.52925 8.79081 3.74116 0.0381045 5.26582
0.0287461 0.00396717 9.58617 9.30842 1.05876
0.0011356 1.65201 4.29046 11.1846 1.76416
6.29241 2.92174 7.46941 4.83331 1.32054
3.73928 4.80723 2.98572 8.6724 2.00387
0.261421 0.176496 9.62415 0.54539 0.907742
0.871817 6.17501 7.34889 2.62881 3.55708
2.36197 6.90597 7.56962 1.84453 0.0879821
7.82715 4.65229 0.10643 0.171392 6.13498
5.30735 5.09258 7.87792 2.74668 0.130806
1.88573 6.23281 7.45325 6.28817 2.47772
0.140913 3.85057 9.93721 4.48211 0.246091
0.0142723 0.0993106 7.82106 9.90367 0.100399
7.81372 6.79814 2.75444 4.84348 3.00394
