70 61.1993
0.885071 0.296019 0.117187 0.259758 0.000518817 0.658213 0.0154394 44.7943
0.620803 0.161667 0.0815393 0.0537648 9.45709e-05 0.302034 0.0645065 40.692
0.444348 0.136671 1.34636e-06 0.0642955 0.0880127 0.226298 0.109312 36.0546
0.402498 0.852953 0.00632901 0.746037 0.0218248 0.0103639 0.251421 44.0973
0.303993 3.31659e-05 0.131105 0.919643 0.691698 0.269004 0.0312962 48.3665
0.267141 0.045589 0.0733986 0.139971 0.0658058 0.0560645 0.117239 31.8507
0.174565 0.0254807 0.0284013 2.71948e-05 0.079302 0.236127 0.0513745 38.356
0.163455 0.0533219 0.100767 0.089745 0.147787 1.97477e-05 0.106581 35.4926
0.137387 2.14183e-06 0.0408617 0.0842728 0.223469 0.181943 0.294538 37.3362
0.131406 0.043586 0.022806 0.182877 0.0745421 0.407455 6.80951e-07 36.0046
0.0995356 0.00292919 0.140291 0.513194 0.469324 0.952319 0.00193516 46.5713
0.0308008 0.0965592 0.301866 0.0326104 0.000497242 0.282407 0.96107 38.8742
0.0290694 0.403049 0.606044 0.195429 0.0362288 0.00824115 0.00521109 46.5355
0.00162245 0.0455921 0.225661 0.288486 0.037969 0.712515 0.0101179 50.4252
2.96021e-05 0.281351 0.24675 0.0286429 0.112517 0.0460706 0.0139346 46.5472
0.165635 0.115969 3.16231e-05 0.379715 0.5104 0.0645828 0.803385 41.3022
0.297168 0.572124 0.0053668 0.217179 0.0233045 0.052862 0.0101485 40.983
0.579365 0.0702606 0.397935 0.0242991 0.286533 0.0110531 0.00274921 47.275
0.830074 0.481461 0.0881812 0.592588 0.478289 0.000530592 0.000860002 49.2878
0.427946 0.417892 0.556695 0.0114995 0.000988544 0.366298 0.0360104 41.0202
0.114548 0.187378 0.564432 0.608761 0.224403 0.000763761 0.00711811 47.2955
0.00694837 0.0223572 0.0918855 0.160185 0.542004 0.337089 0.0146815 36.8496
0.0564229 0.29844 0.131429 0.312951 0.0070303 0.0307743 0.69356 45.4781
0.2171 0.269292 0.0264315 0.709101 0.000657614 0.0321089 0.0932678 45.3397
0.648183 0.45807 0.338036 0.593726 0.000131481 0.0906154 0.14988 46.9377
0.1291 0.414131 0.0367351 0.452877 0.00019618 0.123215 0.127151 46.0306
0.0178389 0.0406171 0.259986 0.517446 0.0917177 0.00506453 0.6534 41.1842
0.746257 0.218955 5.79052e-05 0.406588 0.00211806 0.0183499 0.069382 44.5133
0.120972 0.000489917 0.597192 0.00967172 0.485701 0.106668 0.0513878 43.9328
0.00601613 0.520466 0.101925 0.529728 0.0861485 0.00309615 0.129087 44.7716
0.361944 0.0767833 0.000110827 0.122026 0.00295308 0.747256 0.574473 38.5928
0.163207 0.431975 0.35573 0.082141 0.0569252 0.0479774 0.000630898 38.4052
0.292219 0.112553 0.186051 0.00101811 0.0080268 0.848064 0.0211679 43.203
0.69179 0.0360277 0.00448861 0.158273 0.000813437 0.558213 0.15064 43.2734
0.0814492 0.0411195 0.0022683 0.356499 0.0636643 0.693305 0.271769 42.1001
0.465362 0.0644365 0.0277668 0.00571444 0.010642 0.888913 0.0582564 40.381
0.0320227 0.380183 0.118279 0.0233667 0.191582 0.493555 0.00111771 41.8104
0.333028 0.00104547 0.0193878 0.0426539 0.405089 0.215513 0.252067 34.5241
0.519715 0.321953 0.0192331 0.17486 0.0755506 0.00833589 0.00262543 36.5163
0.00373511 0.101184 0.153773 0.0366522 0.46137 0.0201584 0.0391152 37.9111
0.227711 0.0133393 0.0200528 0.147298 0.00361685 0.0115488 0.533333 40.7897
0.0084439 0.389106 0.204985 0.00633353 0.157047 0.00235053 0.019403 45.7699
0.866325 0.000247975 0.0281506 0.117687 0.317039 0.16332 0.0514726 35.7116
0.788853 0.0297642 0.0030021 0.0791616 0.0367027 0.00609955 0.325576 36.2616
0.0633642 0.18611 0.0437016 0.1436 0.00826872 0.797728 0.0215051 40.2495
0.0148444 0.276136 0.297681 0.211663 0.0476392 0.121077 0.000872472 38.2041
0.0361657 0.527233 0.00464803 0.0466277 0.112785 0.349108 0.0107838 43.0618
0.0039806 0.304998 0.079567 0.181543 0.277691 0.0879229 0.000778857 50.2239
0.0416709 0.124476 0.262792 0.0120175 0.08418 0.0358748 0.117028 38.4874
0.259328 0.256438 0.0769195 0.0247312 0.376223 0.0120988 0.00686925 41.2135
0.214415 0.0952073 0.0581387 0.0327768 0.00564094 0.0268135 0.485295 37.6411
0.276323 0.175448 0.00120175 0.0170732 0.00457929 0.768855 0.196297 40.4023
0.0156772 0.162312 0.0165013 0.0497628 0.0589797 0.622897 0.154086 35.8479
0.056744 0.114883 0.0217667 0.0246106 0.531278 0.086808 0.0184151 39.6683
0.200538 0.164158 0.0627687 0.325928 0.000534103 0.019654 0.213203 42.0483
0.747814 0.0531819 0.000640732 0.0373953 0.0220064 0.0628222 0.068442 39.2702
0.573579 0.00267995 0.34575 0.116435 0.190123 0.44606 0.00618361 39.8767
0.211152 0.0158142 0.0384511 0.130248 0.220391 0.64148 0.000170574 37.9376
0.03711 0.00531246 0.0226901 0.127005 0.353624 0.213932 0.0052514 38.8288
0.191135 0.0448535 0.00822304 0.072928 0.332022 0.194193 0.021137 35.0446
0.553638 0.0822496 0.0147788 0.00689978 0.289665 0.0934577 0.0243013 40.0371
0.269913 0.0031059 0.0651949 0.05961 0.14942 0.277449 0.429835 34.4011
0.00513522 0.100999 0.146912 0.0326536 0.390841 0.0633793 0.0267974 37.9054
0.643406 0.0461768 0.0523778 0.0121531 0.297066 0.0207531 0.169754 37.0053
0.319081 0.0344379 0.0073407 0.0573866 0.30855 0.679881 0.0316709 36.3046
0.0144969 0.0176251 0.0383891 0.233814 0.348613 0.207879 0.212088 33.956
0.510373 0.0656629 0.00302485 0.0279276 0.0440524 0.0699223 0.0666687 42.6066
0.332164 0.00288094 0.00349492 0.395331 0.0474844 0.257234 0.280087 42.0223
0.344805 0.0719327 0.00672054 0.0750821 0.00575171 0.591415 0.0528368 34.1757
0.213125 0.00953345 0.0405792 0.0358369 0.246484 0.715972 0.0247188 35.9549
0.14098 0.00162032 0.226039 0.0597726 0.105582 0.393671 0.128081 35.3406
0.67944 0.0218216 0.0280805 0.0120173 0.0502436 0.013494 0.273178 35.8328
0.235658 0.0686711 0.10751 0.0331328 0.0733745 0.112587 0.460812 34.2725
0.599271 7.74179e-05 0.139465 0.00243067 0.0283913 0.419918 0.253798 39.0516
0.66378 0.000343053 0.0806862 0.141089 0.0245056 0.0912321 0.033624 32.9103
0.154082 0.0155896 0.00664143 0.0171214 0.138477 0.744926 0.00487611 37.1643
0.142537 0.15805 0.00223941 0.208677 0.000864178 0.751903 0.160806 40.1024
0.106069 0.0860946 0.00597012 0.237699 0.0787831 0.151665 0.120247 34.6226
0.529572 0.0284421 0.0643313 0.0616408 0.159729 0.304937 0.141951 33.4916
0.00043258 0.305685 0.0119908 0.00178643 0.0846568 0.338881 0.0467197 40.71
0.0738294 0.459871 0.127294 0.0368577 0.155711 0.114027 0.00142735 42.0448
0.00340544 0.0564865 0.199532 0.0986556 0.0351216 0.0635866 0.0973452 34.0676
0.246734 0.0152339 0.0756383 0.0889241 0.166423 0.584225 0.0888898 33.0677
0.0307725 0.00913305 0.11952 0.0467892 0.00668305 0.565053 0.283725 39.1472
0.00179206 0.232762 0.020531 0.00321129 0.0476506 0.563471 0.399977 37.9973
0.180804 0.0597391 0.000605202 0.308539 0.205249 0.231554 0.284834 34.2958
0.592153 0.00838719 0.0332395 0.0661778 0.0691118 0.160121 0.146576 34.5126
0.0379615 0.155099 0.00491462 0.00927564 0.131267 0.0931864 0.374259 36.5581
0.0249907 0.0394599 0.00376396 0.120406 0.0525112 0.0690837 0.475782 39.4119
0.00894985 0.0120913 0.00519917 0.0224744 0.260311 0.444581 0.393285 36.0905
0.0123416 0.00222683 0.0565714 0.0883688 0.121387 0.522317 0.384703 37.3952
0.379587 0.0804165 0.010061 0.04627 0.0489725 0.349517 0.00692384 44.2471
0.0561086 0.00103332 0.168457 0.124588 0.216262 0.127373 0.0230043 40.6769
0.0684471 0.033454 0.0506659 0.00232032 0.231562 0.11363 0.351486 38.0064
0.0237427 0.173006 0.00146587 0.0589609 0.166915 0.0313696 0.400974 39.8915
0.220397 0.0109109 0.0589651 0.273098 0.11312 0.0946899 0.0304141 35.5404
0.557413 0.0354453 0.0193644 0.0395465 0.0593161 0.227508 0.0105118 35.6771
0.019953 0.0496287 0.0304321 0.0165122 0.037484 0.540486 0.246185 37.8422
0.311155 0.00994806 0.0579935 0.0864734 0.0176082 0.296817 0.415885 34.6968
0.000503663 0.292505 0.00179977 0.0437858 0.244237 0.0901525 0.00169579 37.307
0.344828 0.00700917 0.00597586 0.126197 0.0124578 0.0260165 0.152224 42.9509
0.0723297 0.0757297 0.0516746 0.0122663 0.015267 0.0149751 0.0819646 41.5424
0.179685 0.0222259 0.0691649 0.0202452 0.0948592 0.315447 0.463152 34.435
0.303014 0.210494 0.030597 0.0915309 0.0488699 0.128812 0.0164462 33.2981
0.182832 0.133043 0.000469034 0.0698518 0.0640271 0.552786 0.037312 37.8759
0.573032 0.00388387 0.0242701 0.128531 0.064669 0.209772 0.0454326 33.9106
0.0690475 0.0740817 0.00747833 0.29728 0.2399 0.250079 0.00478491 39.2148
0.122467 0.0904292 0.11608 0.163828 0.00156986 0.500689 0.0514508 38.5953
0.00635289 0.000586157 0.173569 0.111855 0.083961 0.375797 0.210147 37.0466
0.074264 0.243906 0.00352823 0.0474287 0.105647 0.0791065 0.161154 36.0726
0.297228 0.000749444 0.0749449 0.00315543 0.165762 0.47037 0.213618 33.4816
0.0393096 0.199269 0.128699 0.0397731 0.0976824 0.00456049 0.101091 34.023
0.526989 0.0318748 0.136119 0.22924 0.0166979 0.0115336 0.0367392 39.4374
0.0486648 0.042868 0.0323808 0.0177623 0.0778324 0.0561385 0.000502515 42.7021
0.00436524 0.0303859 0.0701477 0.221002 0.0660506 0.208698 0.41641 34.3143
0.38406 0.117752 0.0117451 0.0118553 0.237697 0.01638 0.0382103 37.8562
0.0316602 0.0921338 0.00803937 0.0178294 0.030133 0.480026 0.186855 38.2099
0.227362 0.0242012 0.0749194 0.18924 0.00112874 0.354828 0.0784546 33.8628
0.397271 0.00241085 0.0723285 0.0544199 0.116869 0.141737 0.33384 35.7649
0.36365 0.0591399 0.00429852 0.0874303 0.0445426 0.510648 0.224418 33.2157
0.108227 0.00797332 0.143248 0.112958 0.144125 0.014646 0.361262 33.8684
0.0218479 0.000147075 0.101442 0.0665632 0.305484 0.0466921 0.145596 39.3105
0.124126 0.247231 0.00140999 0.057025 0.0540711 0.434443 0.0472772 38.4255
0.217653 0.25815 0.0107418 0.00492672 0.0738971 0.0863852 0.0942602 35.2132
0.236594 0.0434486 0.0859304 0.0920862 0.187557 0.257747 0.0355115 32.1699
0.210516 0.181118 0.0824642 0.00631602 0.0284409 0.00221261 0.399406 37.7967
0.280467 0.0116134 0.00937613 0.0555147 0.243125 0.408691 0.0348189 37.1072
0.0230621 0.00959364 0.0749225 0.139053 0.0360497 0.485229 0.0827017 35.0733
0.267404 0.000176454 0.0112239 0.0496195 0.302503 0.039773 0.102762 36.6341
0.00482441 0.00479523 0.047714 0.109759 0.274405 0.192561 0.112447 35.0068
0.414251 0.0621338 0.00602106 0.0578858 0.160039 0.363768 0.255994 33.5116
0.357927 0.109387 0.0898101 0.0800359 0.0311888 0.14695 0.0354319 33.8253
0.0625282 0.0864503 0.0249419 0.0640601 0.208659 0.328972 0.357449 34.5493
0.184742 0.0281135 0.0287839 0.065172 0.138478 0.192225 0.259804 31.9489
0.039389 0.0729424 0.178085 0.0756376 0.119029 0.124976 0.144775 33.9158
0.048718 0.143059 0.0589865 0.295996 0.240955 0.000995485 0.145383 36.7773
0.112005 0.00685989 0.0398831 0.00728254 0.178446 0.207184 0.330216 34.6509
0.242625 0.0835305 0.122345 0.0388047 0.171458 0.330048 0.192859 33.3444
0.436564 0.0170161 0.0286232 0.122393 0.117946 0.238244 0.0764036 32.6934
0.4807 0.03868 0.0018033 0.0010773 0.0674825 0.0345733 0.297756 40.662
0.349531 0.0037167 0.0497426 0.127493 0.00567968 0.42682 0.00721269 40.0057
0.47212 0.0235047 0.0122826 0.0459453 0.0136928 0.324402 0.182616 34.5781
0.412769 0.104263 0.00457989 0.21536 0.221585 0.0022323 0.114725 36.8108
0.362057 0.138495 0.00521599 0.0627347 0.000216498 0.106192 0.307305 44.1663
0.416639 0.0465307 0.0558364 0.000462576 0.277181 0.297618 0.0360029 40.2613
0.0864687 0.00653158 0.0111172 0.0417789 0.0553582 0.0552392 0.344428 39.9541
0.0420766 0.0356491 0.0830957 0.063648 0.163955 0.68223 0.24961 34.6442
0.513522 0.0143508 0.00751666 0.023682 0.0529068 0.438831 0.0140342 36.2433
0.50276 0.0160839 0.0158262 0.0754895 0.0413618 0.379468 0.168947 34.1273
0.0155114 0.170961 0.0350704 0.0126041 0.040267 0.0309433 0.0674565 39.8135
0.0571712 0.0390798 0.0208353 0.0818475 0.0919835 0.00511132 0.421855 38.3014
0.387373 0.0389364 0.0031403 0.085665 0.101503 0.524684 0.0793492 33.2571
0.522207 0.073469 0.0607518 0.0178938 0.197227 0.403079 0.119957 33.4593
0.306643 0.0915617 0.00189251 0.266964 0.000324365 0.176455 0.127778 37.4852
0.478835 0.0555509 0.0153063 0.0472528 0.124091 0.306358 0.0886605 32.076
0.167806 0.0894631 0.0995881 0.227909 0.0417333 0.000811066 0.161811 39.9728
0.217273 0.0338812 0.00161721 0.201864 0.234265 0.207367 0.162599 33.2371
0.000668236 0.0853597 0.0101621 0.00427374 0.0537366 0.687305 0.224745 36.4754
0.110003 0.03987 0.0576332 0.132518 0.0151305 0.28471 0.232517 33.346
0.0169082 0.0420077 0.161376 0.055805 0.0429988 0.100316 0.0667705 33.9753
0.100454 0.0359744 0.00428195 0.0561891 0.252804 0.0361626 0.343777 36.0778
0.155687 5.76128e-05 4.62082e-05 0.00279257 0.168995 0.453833 0.12475 38.2373
0.091625 0.0322846 0.0701091 0.075555 0.281982 0.10061 0.0253227 36.1728
0.047756 0.0238323 0.0769817 0.0697397 0.0223554 0.13882 0.302996 35.8644
0.2897 0.00426234 0.0740109 0.111951 0.224898 0.0846548 0.159419 33.3279
0.0199442 0.0249184 0.123516 0.0734797 0.261792 0.265462 0.199829 34.9636
0.389271 0.0392817 0.0364071 0.0648116 0.169937 0.0579797 0.180338 33.3744
0.0269797 0.0560725 0.0202281 0.00163158 0.104253 0.495896 0.195076 38.1145
0.488457 0.0150429 0.0115429 0.00196328 0.117798 0.0362696 0.0422852 38.5744
0.0200989 0.0327428 0.000804112 0.0850023 0.470289 0.0615826 0.034548 39.4292
0.208912 0.0506967 0.0880563 0.130912 0.0722757 0.298378 0.204627 32.2946
0.260109 0.0119094 0.000465234 0.153376 0.125272 0.176767 0.160027 32.7499
0.458659 0.022611 0.0338296 0.0412802 0.0132039 0.0500914 0.0646842 36.1014
0.496588 0.00924459 0.0030186 0.0894427 0.167176 0.288063 0.0843611 33.4464
0.353897 0.0033587 0.0157469 0.187001 0.00305064 0.285194 0.211416 37.9241
0.341843 0.0189101 0.00721036 0.0989349 0.186821 0.359188 0.222697 33.1239
0.148701 0.003576 0.0544353 0.00502655 0.00489837 0.0566822 0.0995885 41.9619
0.255739 0.0723901 0.0725555 0.00861143 0.198777 0.239841 0.243993 32.7664
0.377992 0.0712096 0.126233 0.0108817 0.294373 0.00372706 0.0337543 36.1815
0.140652 0.04738 0.0388485 0.0377164 0.161069 0.181239 0.339062 33.7916
0.011576 0.013149 0.170349 0.0331132 0.0660015 0.133563 0.228137 36.3718
0.293838 0.0122262 0.138616 0.124071 0.151481 0.00762732 0.101155 33.5578
0.492859 0.00385432 3.84337e-05 0.085985 0.0889909 0.202713 0.0696302 33.5894
0.0431764 0.138683 0.0289625 0.0674496 0.00196413 0.252852 0.35904 39.0037
0.108116 0.0230629 0.0954537 0.0321416 0.267851 0.00292532 0.159996 34.8616
0.129948 0.00686232 0.0914103 0.0454164 0.264569 0.221996 0.26147 34.2424
0.041959 0.153007 0.036953 0.00506228 0.0316279 0.465693 0.107849 37.5441
0.198594 0.253457 0.0760789 0.0944812 0.0101633 0.127352 0.0488759 33.6218
0.186216 0.131133 0.101905 0.172584 0.138017 0.0912915 0.079539 32.612
0.403572 0.0789167 0.0480498 0.109759 0.00301813 0.385519 0.219563 32.8861
0.178967 1.27083e-05 0.0186308 0.0388645 0.267243 0.493775 0.134102 38.8856
0.453109 0.0312289 0.0137368 0.0745574 0.108338 0.289823 0.000750208 36.3914
0.0651784 0.00512144 0.0997459 0.00748393 0.0999079 0.534786 0.308137 36.5588
0.189536 0.0610491 0.0913583 0.0114077 0.179859 0.323587 0.235159 34.4623
0.150237 0.00919845 0.0207412 0.0818828 0.00393328 0.358498 0.265891 41.4073
0.299713 0.0279757 0.0469476 0.072456 0.0797703 0.388701 0.184035 33.4055
0.193999 0.0146447 0.0110494 0.100434 0.212969 0.0101635 0.0488975 39.5961
0.44107 0.00213493 0.0232685 0.109773 0.0637232 0.301985 0.113494 32.5341
0.47696 0.000934904 0.0440997 0.00409065 0.0192785 0.0340288 0.242113 37.7322
0.121489 0.197872 0.0340857 0.0152944 0.0753591 0.0359913 0.00451148 41.2435
0.195175 0.115871 0.00488094 0.0289447 0.0714946 0.156624 0.386678 36.556
0.449504 0.0456343 0.00259441 0.0728122 0.014054 0.317666 0.0599321 37.3039
0.145625 0.221672 0.0608872 0.0308174 0.0101665 0.268877 0.0358272 34.2075
0.032191 0.0284725 0.117279 0.000185375 0.198433 0.357193 0.0873499 36.8606
0.0215347 0.0314725 0.0785179 0.169356 0.0272531 0.287222 0.287507 37.3528
0.0907858 0.189384 0.0695242 0.0022063 0.000143009 0.431702 0.0928583 39.1487
0.154345 0.114396 0.182737 0.0711727 0.0810405 0.0835203 0.027559 34.2578
0.0327953 0.0196545 0.129488 0.152348 0.0225335 0.112181 0.310522 36.9266
0.316213 0.0557354 0.0111388 0.034367 0.0709777 0.529013 0.0281388 37.0544
0.406969 0.0336366 0.0213296 0.00809547 0.109502 0.00871853 0.0303848 40.5206
0.250262 0.0479606 0.00168364 0.0745703 0.0507543 0.587606 0.203643 33.6147
0.0206399 0.0931851 0.0620935 0.0194049 0.182704 0.0805661 0.0836581 36.2896
0.126185 0.129563 0.0626982 0.00538887 0.0220616 0.0240611 0.00942825 40.5623
0.10473 0.0330527 0.0822015 0.194319 0.00049532 0.199438 0.16674 35.0273
0.0050945 0.00717309 0.0245601 0.269241 0.12854 0.244873 0.122337 36.2626
0.0665237 0.19478 0.0271036 0.169857 0.0530958 0.0121809 0.13997 35.7993
0.28794 0.0205762 0.00830519 0.00615665 0.054498 0.370986 0.115512 36.6848
0.131339 0.0196073 0.00770192 0.0178113 0.0582416 0.336569 0.212976 40.8547
0.268865 0.000882951 0.0192127 0.11013 0.0210579 0.450786 0.0022136 34.0621
0.332314 0.045936 0.00928293 0.00514605 0.131703 0.0597641 0.00319862 41.1391
0.252573 0.0906911 0.0125152 0.0278815 0.193341 0.516581 0.0371492 36.7387
0.456565 0.0512004 0.0179352 0.0217682 0.13169 0.318225 0.000652197 38.4176
0.105689 0.107703 0.0586945 0.00730139 0.21864 0.274002 0.110933 34.1528
0.427388 0.133805 0.00660882 0.142228 0.0161341 0.103236 0.163031 35.1164
0.301386 0.0085474 0.0357769 0.0814611 0.0806882 0.294961 0.326332 33.7218
0.0029191 0.0139202 0.0950442 0.0179885 0.0198641 0.248883 0.00210751 38.743
0.0936486 0.0247683 0.00786821 0.181914 0.0148203 0.144997 0.10476 32.469
0.146337 0.139859 0.0874895 0.0485949 0.00843657 0.195149 0.203017 35.9797
0.254203 0.0589727 0.144013 0.0108388 0.233295 0.162253 0.206985 32.8951
0.274855 0.0491856 0.0129198 0.0409214 0.068097 0.399813 0.0762385 34.8976
0.23526 0.0665402 0.0230011 0.179826 0.0365716 0.173288 0.0112433 35.303
0.259692 0.0196114 0.184248 0.167601 0.0570399 0.0495258 0.0420046 34.3684
0.157379 0.0249903 0.00997967 0.0395356 0.00394581 0.405946 0.0143484 39.0911
0.0716615 0.143994 0.0908581 0.169993 0.244102 0.091144 0.317975 32.9399
0.0267873 0.016949 0.0404928 0.00523225 0.0236884 0.124228 0.320555 37.5851
0.505561 0.047828 0.0871378 0.0837404 0.0469498 0.0120038 0.0439125 32.7927
0.392924 0.0500893 0.0903957 0.00456198 0.196623 0.0202914 0.156602 41.0201
0.364688 0.0602448 0.0013696 0.162308 0.027875 0.083315 0.00780841 34.7151
0.395154 0.0644257 0.11445 0.0251509 0.00389361 0.458441 0.0364552 37.6416
0.0138396 0.0189816 0.045713 0.0126082 0.0251885 0.36076 0.0294571 37.7225
0.524911 0.0183291 0.108283 0.112153 0.134967 0.0726845 0.00331845 36.3444
0.432746 0.154042 0.00821331 0.071883 0.0747666 0.151721 0.00194765 33.4985
0.308376 0.0481205 0.0233505 0.109037 0.0589649 0.0486084 0.0174169 37.2585
0.347304 0.0585442 0.0478522 0.0933207 0.000707763 0.229286 0.127845 33.6591
0.11191 0.108489 0.0318492 0.00101024 0.0568516 0.0568785 0.0519487 39.7226
0.0552059 0.0111561 0.104993 0.124176 0.023103 0.267302 0.0323704 38.7875
0.0872287 0.107066 0.0307433 0.0128735 0.020087 0.497809 0.0378351 36.8416
0.000357776 0.0526481 0.00548433 0.00698601 0.18079 0.462528 0.00766135 37.4551
0.374062 0.0790343 0.0273415 0.0380946 0.119078 0.222188 0.187056 31.9913
0.369055 0.0607216 0.148843 0.0655368 0.0352737 0.00853362 0.144618 36.335
0.10068 0.00609597 0.0072922 0.0603929 0.028574 0.0511655 0.00120773 38.6313
0.181863 0.21489 0.00211364 0.00488083 0.0394114 0.0711145 0.134697 35.4033
0.248208 0.00796874 0.00839533 0.0979259 0.0111595 0.19904 0.0805893 34.9153
0.295698 0.0616519 0.0891224 0.0188459 0.175756 0.420813 0.24661 33.7228
0.0961121 0.00811972 0.00295807 0.0286465 0.256165 0.219436 0.0755398 36.696
0.0314657 0.0896767 0.0607466 0.0108468 0.0477429 0.440773 0.124416 36.8078
0.425095 0.0917483 0.0031461 0.00348505 0.056219 0.123102 0.316667 38.5323
0.061003 0.0836534 0.0317004 0.205218 0.0602064 0.14314 0.0493407 33.1328
0.00137862 0.0781155 0.0539443 0.0105482 0.0370993 0.0855298 0.219052 39.0215
0.0337338 0.111532 0.151394 0.0366471 0.155998 0.0254887 0.0253135 36.5088
0.16186 0.00686508 0.0383319 0.0935323 0.0218175 0.143857 0.27756 33.9995
0.0789009 0.0591651 0.100015 0.206105 0.184089 0.284365 0.010419 35.2583
0.243867 0.00343267 0.0214057 0.130406 0.0282972 0.327021 0.0404096 32.1302
0.147607 0.00222619 0.0487317 0.0841043 0.250607 0.358724 0.0308669 35.2955
0.335357 0.12867 0.00403745 0.128991 0.127354 0.0250212 0.238163 35.755
0.170948 0.0272661 0.0134715 0.0970258 0.119131 0.270623 0.162665 32.3908
0.170999 0.0257264 0.0158085 0.0984346 0.292694 0.514663 0.0037301 36.815
0.226218 0.186086 0.102025 0.0176965 0.0393351 0.0455427 0.119175 33.686
0.377545 0.00743048 0.0540776 0.136929 0.0370908 0.133435 0.156739 34.6763
0.251909 0.0703921 0.0590181 0.198152 0.0562502 0.186809 0.0606742 33.2446
0.01147 0.274208 0.0309141 0.042498 0.0665316 0.0230645 0.0677298 36.2321
0.0226693 0.0473906 0.156609 0.035516 0.130269 0.045788 0.0893017 36.7743
0.178709 0.0303005 0.106824 0.0584158 0.0437939 0.323026 0.290954 33.94
0.00772011 0.068312 0.0421262 0.0494053 0.114783 0.0115517 0.0769562 40.9438
0.0690348 0.140458 0.0270595 0.00405919 0.0495316 0.135152 0.0637341 32.0188
0.152296 0.0531041 0.0275002 0.0751167 0.107905 0.350952 0.0328642 33.0077
0.0124862 0.0362769 0.0261393 0.0227698 0.0924492 0.532436 0.161033 37.4885
0.424778 0.0145115 0.013393 0.0831062 0.0812853 0.244194 0.264899 34.0822
0.00246491 0.126362 0.0112832 0.0705776 0.202256 0.0604517 0.172607 36.1698
0.246163 0.0365688 0.0127163 0.0098459 0.121506 0.0610368 0.0706802 41.4404
0.119302 0.22709 0.134152 0.0052243 0.0341277 0.103634 0.144123 35.1077
0.0401686 0.0898824 0.0360174 0.145974 0.0224183 0.308241 0.132068 34.7444
0.25752 0.0339294 0.00310852 0.0305394 0.144216 0.224967 0.0951778 35.9959
0.0643048 0.0234711 0.0147351 0.00528766 0.00342581 0.095017 0.214263 38.3057
0.0607213 0.0101794 0.0378219 0.144544 0.0328965 0.396942 0.0444588 35.674
0.253932 0.228733 0.0481158 0.101752 0.0461197 0.0732306 0.0377273 34.4544
0.00407058 0.0630611 0.0657086 0.0334423 0.159224 0.258809 0.0346132 38.2261
0.045735 0.0158568 0.0223321 0.139928 0.0220229 0.383701 0.0856084 35.0761
0.188568 0.0268117 0.0438699 0.113575 0.175954 0.106955 0.149023 34.028
0.0704757 0.00121972 0.0194711 0.0999807 0.256811 0.203622 0.0165834 36.6728
0.00886777 0.128446 0.0791118 0.129483 0.194906 0.334744 0.0568019 34.0626
0.40043 0.00948726 0.0328129 0.0892435 0.0676935 0.434877 0.0992472 34.4763
0.00932449 0.164865 0.0122061 0.133875 0.165024 0.180792 0.204533 35.362
0.462963 0.015566 0.0201778 0.0938301 0.0449801 0.111452 0.00979022 36.0832
0.336435 0.0233037 0.0471859 0.0741668 0.051147 0.139228 0.0284523 32.6359
0.144148 0.0864026 0.000344042 0.110694 0.210526 0.108196 0.0214992 35.7777
0.484502 0.0245504 0.0471389 0.0883392 0.118781 0.030248 0.00268612 36.3595
0.103491 0.00729238 0.0645508 0.054891 0.162846 0.119784 0.187115 33.5676
0.0287834 0.0265375 0.132922 0.151543 0.0884801 0.188807 0.0391484 35.1197
0.394126 0.0441314 0.0113843 0.042035 0.204357 0.275261 0.212814 32.7601
0.148046 0.109329 0.000658732 0.0866287 0.0689875 0.344419 0.103829 33.6235
0.0849605 0.0668624 0.0492876 0.00375041 0.199856 0.294136 0.0269357 36.2581
0.168889 0.0497092 0.0602945 0.03145 0.00681738 0.0220799 0.0322205 41.0413
0.216134 0.0124821 0.049283 0.00641582 0.0839556 0.122928 0.0169195 38.6738
0.173847 0.0385268 0.0111023 0.0233864 0.0908381 0.116859 0.0979698 40.3201
0.066326 0.156598 0.147948 0.0210185 0.030147 0.092615 0.0185338 32.9722
0.425715 0.0328293 0.110033 0.114484 0.000192149 0.132313 0.0559133 37.2252
0.355923 0.0405197 0.113916 0.0302273 0.0942396 0.0219168 0.190531 33.7616
0.299789 0.149747 0.0842212 0.102316 0.0721192 0.0271461 0.175585 32.6127
0.141427 0.094569 0.07349 0.112016 0.0427284 0.168247 0.00125816 34.596
0.0908025 0.054319 0.00951831 0.100642 0.173829 0.415159 0.012402 33.8208
0.0255466 0.191957 0.045156 0.000511843 0.0681576 0.00348002 0.107703 34.7507
0.135692 0.0537518 0.00623093 0.0685677 0.0685173 0.423018 0.0221693 33.4207
0.115386 0.117462 0.0486538 0.00323174 0.0986817 0.344591 0.0593833 36.7841
0.507161 0.0530846 0.0675716 0.088183 0.103211 0.152576 0.00858902 33.924
0.343127 0.136109 0.0353914 0.00985614 0.0748564 0.212548 0.0196256 36.1638
0.327892 0.0011393 0.103014 0.102035 0.173994 0.0492783 0.198925 34.6927
0.0963971 0.0518926 0.0132327 0.183945 0.03667 0.416797 0.0648473 34.6311
0.403312 0.0293239 0.0357002 0.119439 0.12254 0.113434 0.18463 32.4393
0.4396 0.0147349 0.0035905 0.0526907 0.101338 0.211748 0.0378649 39.4238
0.0370212 0.0289887 0.146811 0.075261 0.038669 0.0847852 0.268436 35.4214
0.0222895 0.0688002 0.0274775 0.15103 0.0423948 0.21343 0.0626202 40.4584
0.28933 0.0835656 0.0847229 0.0714366 0.135801 0.0598635 0.109699 33.1396
0.0899545 0.00199526 0.0176716 0.0405243 0.0637419 0.114084 0.173568 38.3797
0.339514 0.070236 0.0453639 0.0312693 0.042856 0.312276 0.12814 33.3541
0.264379 0.0293542 0.0157915 0.074356 0.0582223 0.338259 0.289707 32.8157
0.408722 0.0691014 0.00995729 0.0814479 0.112477 0.291487 0.152433 32.9313
0.48245 0.0240868 0.00151696 0.129404 0.12282 0.253977 0.000157575 38.0519
0.207748 0.00689385 0.00804742 0.138515 0.100806 0.0208399 0.0399328 37.5268
0.476609 0.0633903 0.0935627 0.14074 0.0623635 0.0109121 0.0013585 35.7887
0.0404307 0.0918303 0.00229796 0.1275 0.0521385 0.279265 0.171925 35.2703
0.421483 0.00451753 0.106528 0.00330895 0.206611 0.0212346 0.0129387 35.5278
0.275491 0.00563399 0.0104121 0.0914722 0.14738 0.0749048 0.0157745 34.3095
0.17571 0.0836149 0.0323637 0.104364 0.0110488 0.51335 0.0962968 34.3869
0.31254 0.0937238 0.0922747 0.0127451 0.00895949 0.0792854 0.0947051 36.7262
0.099482 0.154338 0.0401323 0.116066 0.0995128 0.180116 0.05244 32.7217
0.198693 0.0423035 0.0170003 0.0837291 0.184663 0.370514 0.238692 33.3796
0.0700505 0.0728465 0.0734196 0.0124261 0.174353 0.0317869 0.196996 37.4394
0.0511517 0.175024 0.148811 0.0450849 0.0508836 0.120725 0.168014 34.1544
0.147207 0.0262586 0.042623 0.0791539 0.117864 0.25697 0.154796 32.8437
0.0979468 0.110085 0.00782722 0.135731 0.0856685 0.0175342 0.253281 36.3864
0.172682 0.120511 0.00131026 0.0803616 0.0576776 0.0219898 0.0962175 40.379
0.353732 0.00308919 0.0627791 0.0556928 0.0134508 0.184698 0.00659569 35.1498
0.0428142 0.141904 0.0991744 0.0825851 0.00614098 0.349634 0.0259152 36.4418
0.240746 0.102704 0.0214481 0.000509032 0.00703857 0.224762 0.324713 37.3528
0.184204 0.0180917 0.0223881 0.000174355 0.0814599 0.0382546 0.13878 38.4616
0.12215 0.225243 0.0186329 0.0989503 0.0444305 0.0368332 0.1605 36.0188
0.407899 0.0125592 0.00324398 0.0887974 0.0719012 0.0670309 0.177554 37.5796
0.0393101 0.0298091 0.0252213 0.0936187 0.0245517 0.0170407 0.312798 36.9451
0.468008 0.0222847 0.00889223 0.0735945 0.0872127 0.0346548 0.00566641 35.8308
0.499894 0.0253734 0.0454355 0.0630768 0.0201247 0.320164 0.0356788 35.3835
0.019564 0.100476 0.0378883 0.0785117 0.0959629 0.136591 0.00281721 33.6863
0.146845 0.0251885 0.00496221 0.0507214 0.0538138 0.333376 0.126251 34.38
0.410233 0.00723809 0.00107844 0.120176 0.115972 0.0775033 0.0368434 34.7852
0.205133 0.0266538 0.00789258 0.0541016 0.13612 0.303087 0.104391 34.0746
0.0231525 0.0445802 0.00592504 0.0717098 0.0276904 0.28847 0.352591 35.7451
0.35609 0.14554 0.0139531 0.0587054 0.00568799 0.233823 0.166163 34.8081
0.020195 0.0431564 0.037152 0.0246634 0.0907198 0.0574768 0.128285 39.3992
0.314817 0.0143196 0.0203404 0.147805 0.0794896 0.0293457 0.0219107 34.9564
0.043487 0.0450439 0.0942267 0.0146221 0.00605462 0.165064 0.0201913 39.0676
0.112726 0.178268 0.0693726 0.0470069 0.00335696 0.104718 0.0415262 38.2147
0.245629 0.0393061 0.0233843 0.0719662 0.0410201 0.2396 0.0683907 32.3011
0.00567937 0.0339507 0.074097 0.00299919 0.0183574 0.142369 0.136671 40.1719
0.2244 0.0293868 0.02129 0.0687895 0.0715343 0.429894 0.0750575 33.6428
0.190419 0.00915311 0.0314722 0.154959 0.0259408 0.305087 0.0538527 33.8982
0.203643 0.00355128 0.0461905 0.0374568 0.152377 0.1841 0.0122257 36.7731
0.00539984 0.144044 0.111628 0.0149561 0.0515481 0.268962 0.128668 38.0583
0.0279682 0.131759 0.0164692 0.0475954 0.189018 0.0163343 0.0770791 36.163
0.646858 0.114059 0.0178829 0.0332409 0.0773977 0.0885124 0.0986674 34.1878
0.191821 0.0105073 0.0665782 0.0330861 0.122617 0.246337 0.308531 33.195
0.286929 0.034991 0.107151 0.0335377 0.141936 0.157827 0.261305 33.3237
0.188151 0.014288 0.0222184 0.163229 0.0397304 0.368263 0.027732 36.0844
0.29049 0.18367 0.00021047 0.0361643 0.0432915 0.234064 0.0357892 37.4613
0.370865 0.0255722 0.0315834 0.0908103 0.043665 0.0766564 0.0265099 34.4939
0.420006 0.0480725 0.0642006 0.0255466 0.0874205 0.22401 0.00112007 34.748
0.0516129 0.0784057 0.00124127 0.0132016 0.185178 0.114612 0.295785 36.451
0.233352 0.0540471 0.0539953 0.091227 0.0175634 0.39208 0.0579664 35.4817
0.422428 0.0579904 0.000748447 0.134329 0.0923344 0.0432091 0.021774 36.5296
0.330811 0.0244601 0.00890016 0.0947522 0.0700852 0.418896 0.0570835 34.1928
0.31739 0.0316814 0.0538957 0.0419063 0.0781493 0.00105964 0.136669 34.5569
0.278617 0.0186783 0.00485061 0.0839362 0.0383403 0.37639 0.0660963 33.6064
0.279105 0.162916 0.0193136 0.0676357 0.141667 0.0702083 0.108485 34.3061
0.240367 0.000826764 0.123966 0.0295671 0.102397 0.174906 0.0884406 35.815
0.0320375 0.0379783 0.158657 0.00744618 0.24713 0.151738 0.0557933 35.8949
0.0616038 0.0256601 0.0388742 0.156817 0.00424767 0.0876009 0.225532 34.4069
0.229882 0.0737026 0.020919 0.0958164 0.0987562 0.106514 0.18619 33.9587
0.346235 0.0255406 0.0365103 0.0580584 0.107579 0.310058 0.205632 33.3637
0.151069 0.146001 0.0176057 0.107395 0.15132 0.410839 0.00238422 36.023
0.252792 0.0187318 0.0663995 0.0907877 0.123949 0.428828 0.0939205 33.1781
0.233959 0.11553 0.0297181 0.00960099 0.0549194 0.0259914 0.184479 38.2843
0.10885 0.0750872 0.0695395 0.0730974 0.00919607 0.0999947 0.0500627 33.3562
0.0020961 0.160607 0.118696 0.0318794 0.089616 0.181332 0.023408 37.6158
0.0357336 0.15737 0.048188 0.0551272 0.00528038 0.31572 0.226148 36.3322
0.176497 0.000381711 0.0295536 0.0783884 0.121746 0.327792 0.0566436 34.1636
0.272202 0.126319 0.00812377 0.00435976 0.0518287 0.0628621 0.125563 35.4399
0.0975979 0.215308 0.0414682 0.00652114 0.0823702 0.0590136 0.0685176 36.3725
0.219014 0.0039085 0.0042568 0.123881 0.0612431 0.275458 0.0193029 34.6938
0.0182831 0.00076106 0.149897 0.0401857 0.149339 0.140395 0.0525436 37.1694
0.097161 0.063766 0.144904 0.00248771 0.0458815 0.152497 0.0641425 34.2329
0.284731 0.0387781 0.0502824 0.0341417 0.0712013 0.0226085 0.034664 33.3502
0.524296 0.00290693 0.00749487 0.0679347 0.0402443 0.366954 0.0726596 40.22
0.115786 0.0437027 0.0212645 0.0700668 0.128241 0.263352 0.025019 33.9817
0.201825 0.162712 0.0137857 0.042973 0.111716 0.0684957 0.00382651 39.2214
0.269032 0.167631 0.0214094 0.0608438 0.0431959 0.0881929 0.0558261 36.4864
0.0376205 0.0845457 0.0928453 0.0809477 0.161151 0.0731585 0.0712385 33.888
0.128466 0.0685775 0.107408 0.00862373 0.123566 0.310339 0.0921291 34.0204
0.0584001 0.0670322 0.05258 0.0337444 0.0390253 0.216482 0.0972447 33.8178
0.446876 0.0349943 0.0237803 0.0750305 0.122564 0.0444364 0.06268 34.3377
0.0665698 0.0104212 0.00316404 0.125371 0.0415243 0.215424 0.0541823 35.8285
0.124639 0.031941 0.0686296 0.084521 0.0261313 0.217523 0.0876523 33.1736
0.0352134 0.0414743 0.0172904 0.115888 0.116686 0.199487 0.0586826 32.5924
0.263607 0.00185339 0.0973259 0.0440769 0.0899374 0.189623 0.032662 35.9141
0.0378531 0.0590333 0.171871 0.00887781 0.11428 0.0919291 0.0396351 34.364
0.0113352 0.0345834 0.0631563 0.0714817 0.0538336 0.169462 0.0376664 34.4776
0.15866 0.144937 0.0138288 0.00358117 0.0593984 0.0336476 0.100442 35.6693
0.0645054 0.0798173 0.146519 0.000662833 0.141995 0.233924 0.147342 34.8455
0.22266 0.0558245 0.0470222 0.163267 0.0860798 0.205992 0.0729922 31.9892
0.175054 0.160402 0.0557612 0.0434172 0.0614337 0.000193734 0.0908616 39.5912
0.0207064 0.00179063 0.0134436 0.00421938 0.0078811 0.137749 0.0702922 37.6859
0.279119 0.0360364 0.0103227 0.0845675 0.10114 0.0220073 0.0344364 32.3809
0.318974 0.0678474 0.103853 0.054445 0.143845 0.0662274 0.0720556 33.2957
0.33337 0.0289435 0.0282659 0.116876 0.0321249 0.184613 0.0773651 33.7028
0.270199 0.0424361 0.134734 0.0842536 0.0377431 0.0479466 0.189489 33.7783
0.123637 0.0163609 0.0266407 0.0242994 0.126846 0.0763263 0.0610867 34.051
0.223211 0.05217 0.0141921 0.161018 0.0276085 0.219973 0.0143296 35.4367
0.0305681 0.00721474 0.103087 0.0564269 0.152931 0.0416752 0.169202 35.0365
0.221581 0.0712582 0.00778602 0.0616964 0.0249577 0.393766 0.0713149 35.5712
0.297051 0.0540839 0.0479881 0.105474 0.00965734 0.0881267 0.208398 35.873
0.160647 0.180358 0.0980304 0.0330815 0.12212 0.00524103 0.0668524 33.347
0.146033 0.0322402 0.047242 0.0897099 0.0867609 0.204806 0.292023 33.8715
0.0106593 0.0443558 0.0520553 0.150158 0.103895 0.0840404 0.0283615 34.877
0.155755 0.0681973 0.00580162 0.0136722 0.139461 0.133551 0.0446862 34.2809
0.193051 0.123289 0.011662 0.0339713 0.0903438 0.0378875 0.0669816 36.9725
0.326899 0.127959 0.041596 0.0673548 0.0939849 0.045309 0.033805 32.8831
0.135137 0.0154465 0.015115 0.0535102 0.0767394 0.0285586 0.130083 36.9872
0.327559 0.0148584 0.032524 0.107971 0.0590536 0.154413 0.142953 33.3024
0.239173 0.00698747 0.0299436 0.173231 0.112607 0.0872084 0.149851 34.0301
0.243759 0.0288021 0.00803769 0.0685169 0.00779966 0.437214 0.168769 34.2816
0.0929961 0.0609161 0.158604 0.0680698 0.0868773 0.0650304 0.0993114 34.45
0.0579715 0.0113841 0.0275049 0.0181688 0.06587 0.460184 0.00807166 37.0957
0.0174971 0.0992013 0.115545 0.00133745 0.110503 0.10115 0.0639411 35.6007
0.167774 0.000363048 0.0810565 0.0131147 0.0229721 0.292553 0.3519 34.0973
0.033617 0.00579256 0.020623 0.0377266 0.00843388 0.00344933 0.00519655 39.5008
0.237115 0.121756 0.124976 0.00588918 0.108776 0.0133566 0.0219095 32.6305
0.181845 0.108505 0.00628577 0.145643 0.0806355 0.249594 0.181877 32.569
0.00144161 0.0966396 0.183654 0.0454026 0.193335 0.157285 0.255514 34.3734
0.0819296 0.139303 0.0837728 0.0712347 0.00449423 0.101683 0.181014 32.9903
0.0850992 0.046917 0.0139573 0.018256 0.0244454 0.412417 0.0799842 36.9959
0.00075412 0.0598971 0.0205462 0.09433 0.0241817 0.300356 0.249221 33.0577
0.261727 0.0546107 0.0483247 0.0998624 0.0063697 0.155359 0.0197229 34.3296
0.499894 0.00199514 0.050025 0.113123 0.0666878 0.0401959 0.0169285 35.1926
0.116896 0.0676806 0.00984541 0.0442235 0.0215737 0.24285 0.0292363 34.0794
0.174653 0.146937 0.0956642 0.0127995 0.0762813 0.115877 0.0256381 34.0035
0.0549206 0.0809252 0.00979456 0.0204235 0.0145678 0.00616868 0.0798258 38.9348
0.108294 0.025614 0.0090148 0.145477 0.0920772 0.201551 0.0512585 33.8848
0.249329 0.0272675 0.0415819 0.0772135 0.0281824 0.272356 0.196778 33.6778
0.231807 0.00789882 0.0461858 0.00771119 0.0267696 0.0611628 0.0616358 38.1528
0.262999 0.0508463 0.104171 0.0258082 0.189372 0.0683289 0.0942054 33.739
0.322092 0.0776007 0.0380583 0.0769156 0.0649183 0.00359324 0.0491042 34.534
0.286065 0.166378 0.0114733 0.0520778 0.06242 0.0235498 0.0726612 33.1129
0.0400636 0.152268 0.0120543 0.107302 0.0315632 0.19164 0.0537633 34.5788
0.0732931 0.11209 0.00335912 0.0397405 0.0166342 0.0140849 0.0287001 39.5535
0.230113 0.0341655 0.130454 0.10863 0.0202499 0.234967 0.0254039 33.3891
0.0602189 0.0191892 0.0188258 0.0159725 0.0159333 0.0525157 0.11073 40.1872
0.132737 0.116515 0.0347443 0.0313125 0.0497664 0.0267873 0.00822323 35.2795
0.10261 0.0517591 0.0381138 0.163345 0.0651162 0.193973 0.00056118 33.9176
0.106798 0.0485682 0.0968207 0.0523095 0.102388 0.0945942 0.0575095 35.0192
0.0239224 0.0803768 0.120785 0.0265153 0.0567164 0.0165555 0.0288135 34.103
0.00154855 0.082915 0.116642 0.0713026 0.105892 0.0954426 0.065886 35.1384
0.0431611 0.0956888 0.109427 0.0467144 0.0564929 0.0428148 0.0484469 35.6242
0.196214 0.0449696 0.0869966 0.0775586 0.0695091 0.0618332 0.0974196 34.0092
0.165278 0.048592 0.0438188 0.0142014 0.151876 0.105237 0.194355 33.9814
0.303974 0.149131 0.113596 0.0520032 0.101852 0.0912484 0.0212104 33.9323
0.0741076 0.0870499 0.0436594 0.051025 0.115533 0.160382 0.0751031 34.5808
0.0179684 0.102436 0.0891931 0.0158672 0.136154 0.0282498 0.0425707 33.673
0.0782416 0.151425 0.144155 0.00185839 0.0487157 0.0391172 0.0143167 34.9165
0.0108111 0.0423214 0.0315161 0.0234392 0.0349367 0.118385 0.201237 37.4716
0.325275 0.0067806 0.000326817 0.0876841 0.205487 0.11749 0.0500328 34.4135
0.144544 0.031757 0.0770744 0.0145743 0.00510789 0.00987253 0.102351 37.0811
0.0769109 0.122278 0.0541424 0.117901 0.0637213 0.125077 0.110669 34.3891
0.0352128 0.00179469 0.0150859 0.00696392 0.0231423 0.172658 0.0134108 36.7481
0.0381005 0.0544545 0.040059 0.0142016 0.0533468 0.00559677 0.177987 37.541
0.220391 0.0244206 0.0324885 0.199106 0.11993 0.131931 0.0525614 33.4936
0.0500552 0.136898 0.135435 0.0364373 0.0384947 0.0328399 0.0309613 34.293
0.144716 0.0255263 0.0411506 0.147068 0.0330495 0.186502 0.0149119 34.1969
0.140046 0.0574028 0.0281332 0.00546606 0.013472 0.219696 0.0455338 37.0188
0.149356 0.0874222 0.0387452 0.0427059 0.159786 0.133837 0.296677 33.7497
0.0944167 0.0971346 0.1123 0.0259216 0.0910871 0.0254408 0.0645187 35.3403
0.129184 0.073427 0.0761472 0.0719268 0.0967082 0.0979371 0.0898951 33.7592
0.092417 0.0819992 0.0604395 0.0293047 0.0629751 0.0861213 0.0642808 34.3544
0.266171 0.0659865 0.0237463 0.116083 0.0196289 0.261815 0.00956927 35.2109
0.085885 0.186326 0.0235401 0.0212347 0.0684374 0.182613 0.00492267 35.9456
0.0450341 0.121395 0.0459962 0.0370155 0.0304904 0.162523 0.0062199 34.0306
0.0245487 0.103356 0.0596585 0.0608673 0.0864781 0.0194697 0.0240015 35.4939
0.00558238 0.0573074 0.115384 0.0147453 0.011802 0.0207705 0.0280667 34.835
0.339212 0.0886944 0.00285402 0.038106 0.141827 0.0643476 0.0854835 34.3196
0.0298206 0.0328645 0.114471 0.106256 0.0894896 0.115171 0.0221003 36.6564
0.13063 0.0892402 0.0416406 0.0183993 0.142684 0.00883752 0.0455913 34.0868
0.290655 0.0959896 0.0842308 0.13491 0.0423768 0.0723231 0.0263199 33.9495
0.0289136 0.105528 0.0371358 0.0471178 0.155706 0.0166845 0.0272962 36.1977
