438 20.5825
176.836 0.782101 0.782108 0.782116 11.6857 0.783829 11.209 0
2.19174 4.28943 174.891 0.770335 28.79 19.1675 0.785251 3.42207
0.782462 175.893 0.78247 0.782478 0.782486 0.782493 0.782501 15.1437
0.589264 0.514832 0.0672803 178.934 0.785381 0.785388 0.785396 0
0.555302 0.296805 0.0610169 0.330943 0.323591 177.3 6.42714 9.1257
0.540976 0.38272 0.412701 0.0170325 176.424 0.780867 19.0275 0
0.205829 0.000914434 0.00433126 0.305797 0.555482 0.415197 176.784 0
1.18624e-07 2.31627e-06 0.000472536 0.0962757 0.000472547 19.6157 158.812 0
1.3579e-16 4.10833e-16 7.73271e-15 3.4727e-17 6.56239e-15 3.46206e-15 4.80916e-17 175.161
1.3832e-19 2.45483e-20 3.74278e-20 2.80299e-17 5.40431e-15 2.80307e-17 7.5344e-15 151.428
3.29971e-22 1.22652e-21 2.07821e-19 2.07825e-19 1.79627e-21 4.80906e-17 7.86879e-15 128.509
5.30228e-23 7.10348e-22 2.59919e-21 3.59996e-19 4.80886e-17 6.42373e-15 4.80913e-17 104.913
4.81787e-16 4.81787e-16 6.81349e-16 2.05599e-15 3.54528e-15 5.28415e-15 5.82825e-15 145.72
1.31774e-19 1.25085e-17 1.1516e-17 1.70029e-17 2.40457e-17 5.78148e-15 5.78158e-15 133.53
1.24581e-18 2.92139e-18 1.4262e-17 3.07059e-17 5.09972e-15 5.09983e-15 4.80914e-17 117.788
3.25811e-21 2.61941e-20 9.28593e-20 1.39057e-17 2.00308e-15 5.9085e-15 3.01106e-15 113.134
2.19016 7.62663 8.49249 36.8899 45.9575 165.022 0.783258 12.9818
17.263 8.72742 19.3437 23.6733 23.1145 172.136 0.78366 11.8136
13.7865 12.4376 16.4216 175.289 0.784741 0.784748 5.96588 4.01707
0.0537546 11.8973 170.373 18.6479 0.776245 9.09132 24.8471 0
12.8028 160.882 0.764489 11.1036 14.3207 15.7229 12.9563 26.4702
118.137 60.4756 92.9583 15.6594 15.8788 0.732243 28.0235 56.9165
43.6517 151.451 28.3936 7.05358 7.87257 0.766061 4.15103 36.0493
17.1834 0.0765332 17.106 24.2465 170.908 22.9456 0.783072 13.5551
139.246 11.6959 71.2297 74.9213 11.7163 17.3854 20.9883 33.9624
47.4023 28.1139 0.249961 33.5799 21.5611 158.801 0.783573 11.791
8.43847 2.63776 39.0613 2.62562 29.2763 29.7052 136.448 92.1656
19.7526 13.457 19.6684 171.386 18.9902 0.777676 8.91533 23.084
101.835 101.835 39.08 46.406 5.7112 42.0339 47.1615 6.65357
0.00772059 1.63423 0.00772068 9.47435 0.0454206 14.2151 165.36 0
4.75474e-18 1.39227e-18 1.08996e-18 3.26272e-17 6.67621e-15 1.64426e-15 6.87579e-15 158.802
1.04569e-16 5.09422e-16 1.23826e-15 5.69415e-15 6.51472e-15 8.48904e-16 4.77315e-15 163.453
39.0069 167.368 0.769913 0.769921 17.019 18.4447 17.9271 15.7465
19.5707 113.519 30.6059 34.7329 0.575982 26.3893 109.715 22.6138
37.8396 118.552 103.935 55.3578 7.65785 11.7192 41.7185 0
56.3818 139.132 45.0982 5.37092 57.0598 57.2227 0.785254 3.34949
23.7904 23.7904 65.69 34.192 141.862 7.79672 0.744362 55.1043
3.25466 170.304 0.776564 0.776572 0.77658 3.86886 0.776788 25.4351
50.6116 158.64 0.738099 13.4902 0.740524 0.740531 58.4218 8.44714
0.560237 125.361 99.5803 33.1871 6.98078 31.083 46.1023 31.8239
1.80883 5.10409 1.82522 0.375764 5.63137 174.415 0.783334 12.6753
39.0008 39.0008 67.7589 50.697 32.5382 57.5446 128.766 27.6408
0.663266 148.178 73.6198 58.0819 0.784929 5.99329 0.785396 0
91.1439 28.4759 100.904 59.6091 19.5315 0.695537 28.3729 74.7419
16.0657 120.159 97.7613 0.695535 0.695542 21.6903 78.7336 1.41282
1.82302 163.756 0.76363 0.763638 3.13483 39.0832 3.572 0
173.006 0.783445 0.783453 0.783461 0.783469 0.783477 0.783485 12.0889
8.82221e-17 4.20268e-16 3.49503e-16 3.53987e-16 8.63579e-15 4.0046e-17 5.75918e-15 169.859
0.00104468 0.00148352 0.00181443 0.555347 0.00256602 0.555358 169.98 0
107.168 27.3551 112.192 40.3009 37.4946 6.25543 9.99149 38.4882
15.577 69.5347 55.8391 58.6873 107.888 34.3676 57.1438 58.3123
67.0058 67.0058 5.15098 3.75934 0.445835 132.094 32.938 20.9578
35.1581 56.3442 40.452 147.793 12.1685 9.69638 0.782452 14.5621
83.2831 55.8157 66.7002 46.1918 72.4652 45.342 9.77235 94.3084
11.588 33.7903 12.999 144.897 33.9743 73.9193 0.785395 0
136.739 94.5487 0.76075 0.760758 11.1649 24.3709 17.1812 28.3791
13.5293 30.3225 0.997978 0.15652 22.116 0.188037 161.841 0
38.2354 38.6587 58.6134 17.9726 88.3355 125.483 0.785353 1.80033
73.2945 128.095 0.698571 65.1583 25.2156 2.11657 17.7238 23.4654
20.9874 46.9153 146.777 10.9853 21.6566 38.6464 29.1267 33.1276
20.1491 26.6973 61.1491 107.929 85.8858 57.6936 0.770643 32.4318
7.6802 4.98394 37.4552 6.22536 92.5358 135.407 5.50101 42.9189
2.43218 5.87169 11.8631 143.445 24.5324 63.9071 55.3656 7.61005
151.231 18.7595 0.682093 0.682099 2.14681 35.4278 59.1598 52.9806
13.6181 10.1437 11.7374 4.25274 174.428 0.78379 8.31487 7.58103
48.3926 48.3926 141.788 17.259 15.893 23.9769 20.6561 54.8257
34.3226 80.2906 35.9459 114.076 13.0316 74.6069 30.3275 23.8946
1.07007 23.0629 9.11293 109.384 112.165 7.17101 56.3517 10.7912
5.90782 9.5675 6.9301 26.7224 29.964 134.589 105.792 14.2279
92.2085 12.2948 0.425216 71.5798 117.377 11.2312 42.9198 0
147.416 58.9975 33.544 30.1223 0.778437 0.778446 22.1051 0
95.6492 71.6603 0.536828 119.517 13.7259 0.761696 42.6308 0
3.89934e-15 1.02838e-15 5.0043e-17 1.10752e-15 4.47872e-15 1.78658e-15 6.98218e-15 154.495
39.8015 31.0311 156.444 0.746225 0.746232 53.9464 0.785395 0
71.5653 49.186 45.7631 31.5031 0.450442 10.4331 104.783 102.928
16.2827 28.1944 18.7808 154.07 38.9446 69 0.785396 0
30.2713 30.2713 42.5474 19.5023 63.4297 140.375 4.34287 29.5792
55.1525 65.3147 43.1134 133.247 0.762455 22.6837 23.5122 24.0218
15.9928 15.4655 26.454 159.834 17.2797 30.6048 13.6328 28.9478
3.07863 2.72285 15.0994 83.5858 129.788 31.266 74.4721 4.60733
170.887 4.93332 0.778877 0.778885 0.778894 22.1223 0.785395 0
66.7856 144.115 4.05837 20.951 3.88493 8.3378 0.779798 19.2688
26.8661 25.772 59.3124 41.7909 153.781 0.765844 25.7574 30.0557
149.311 45.3255 0.717801 58.3644 11.06 0.768064 35.6133 2.01085
3.14325e-17 2.00664e-17 8.19068e-15 3.7292e-17 3.37945e-15 5.74992e-15 4.80916e-17 172.505
30.8635 142.101 38.7714 0.681612 45.4306 64.3873 20.5549 28.1082
40.2093 45.9074 158.904 0.761729 38.2135 0.780696 14.058 13.0354
3.00233 14.2602 32.3817 30.2627 147.861 12.9174 26.0374 62.5869
31.3418 13.236 34.0221 51.7851 8.99017 73.4345 126.86 53.875
64.5498 88.1189 13.209 0.508905 0.50891 118.074 18.2279 49.5433
70.1917 137.864 51.3915 47.4984 0.744791 32.7386 11.1038 45.1021
141.766 65.9631 28.0813 15.1446 5.94799 0.743042 12.7239 53.1812
97.1027 97.1027 23.6159 28.7336 0.652801 95.1137 3.35806 0
0.0979767 0.000454598 21.1165 0.783393 39.8995 6.9198 154.721 51.2669
122.454 38.4221 71.4993 22.6769 43.2786 44.4892 13.603 62.5359
70.823 0.316021 70.8237 30.5546 44.0892 68.0718 115.789 5.56935
46.3746 145.168 11.03 24.436 0.698241 62.6511 48.0945 10.5881
3.9722 12.3157 4.30284 150.191 59.6724 64.3481 9.17887 2.26607
5.96853 36.1641 15.5374 53.0707 36.8825 133.143 0.696381 79.9296
45.5351 31.1914 3.9522 162.1 0.772493 2.63275 0.772592 31.3168
2.52956 9.58933 172.582 0.779735 0.779743 0.779751 0.779759 20.8241
0.719546 153.304 62.6997 21.6035 0.783992 9.96883 0.785395 0
16.9335 0.0763165 161.819 44.4448 8.49145 33.8539 26.5334 0
6.5329 74.1832 20.343 77.1989 40.937 25.7509 119.408 0
85.2773 48.2039 49.5913 95.1445 95.3431 28.2659 7.86211 11.5873
0.0345759 0.00731951 0.000160775 0.0933514 0.636888 0.448616 172.648 0
130.322 25.9371 31.2395 88.2659 35.6865 22.5147 48.7021 6.55469
19.5937 43.7044 18.9792 44.886 151.942 39.3424 0.785359 1.64601
124.66 81.1229 64.6238 23.3829 0.722055 33.4114 38.7195 47.967
33.6513 69.3284 31.5323 128.497 42.8244 70.2207 25.9913 0
32.1383 27.0691 11.1167 168.092 0.785379 0.785387 0.785395 0
74.5219 95.4067 53.8093 96.0565 60.1035 14.8637 2.50416 4.12743
8.25904 56.2793 21.4846 60.8043 27.213 127.095 64.8987 51.8867
48.7936 48.7936 70.0694 77.9385 86.7429 49.0738 21.6888 53.3669
0.16356 0.000725081 0.0739419 14.9048 14.9059 19.1236 174.866 0
25.6014 28.6492 165.276 0.778049 10.8698 0.779652 20.6774 0
140.909 0.626883 94.9776 0.755998 6.89116 14.9816 0.759557 44.9107
39.3728 24.0743 25.0813 76.6416 57.3097 109.166 42.1241 75.3936
0.0873001 0.0867534 0.000576577 26.2717 42.3446 27.0036 152.244 41.4266
14.2344 7.38512 7.32659 27.8007 6.74591 42.4102 156.024 54.529
92.6709 0.4424 54.133 5.27037 122.423 0.777623 21.6305 8.07219
106.194 42.663 75.0427 42.9352 6.45933 55.85 8.55316 82.7448
10.6272 3.77973 5.98864 6.55717 38.695 144.889 61.2459 39.372
0.00121068 0.00294069 0.000591171 0.686823 0.26445 0.274181 166.766 0
71.7385 57.6523 74.4325 14.0839 84.3989 42.8039 91.8598 0
1.32441 1.32441 2.50604 25.8306 138.471 75.3796 37.7604 8.4845
0.550333 115.773 39.8489 76.8343 62.5349 47.7919 0.782385 14.451
168.234 0.764431 0.764439 14.8657 36.7544 0.785387 0.785395 0
22.0495 21.1181 14.0999 61.6458 119.095 54.3442 49.4324 70.816
51.9665 51.9665 148.89 12.1653 0.785378 0.785387 0.785395 0
133.525 78.4745 18.4393 0.686862 54.2762 63.4948 19.7654 10.5964
0.852679 3.76565 3.86098 5.46025 18.3019 90.8562 22.279 95.6336
116.007 0.521328 55.8179 41.2229 0.607477 22.7493 42.7299 99.6389
17.9469 29.7218 138.872 86.8594 39.2041 0.777219 15.1498 19.9001
161.091 31.4257 46.9654 0.785322 0.78533 0.785338 1.15555 1.69999
64.1198 51.3426 82.1426 17.6051 11.2731 108.275 31.5187 63.6249
7.26711 173.937 0.775205 22.9434 8.04533 14.4446 0.785374 1.30839
155.625 54.1783 3.20885 0.757944 38.4662 20.7902 0.78417 9.53503
7.40529 11.3528 13.7022 82.1057 55.6874 109.634 3.10883 57.8274
10.2902 76.8924 77.5779 39.1894 28.8474 120.019 0.768366 35.9334
72.73 13.5268 29.9683 32.2864 106.735 52.6248 14.5954 86.3958
17.6301 10.4158 23.2955 31.016 58.1587 72.8451 103.019 84.5334
38.9063 62.0861 125.626 0.695609 33.7083 0.714058 68.3788 0
46.8829 0.210164 38.8693 17.5316 161.841 0.779128 15.4711 15.7687
9.42917 23.6772 3.43071 170.194 0.781137 12.4602 0.783189 12.9622
6.29067 14.4519 2.95443 131.38 90.1498 56.8187 33.5215 6.22193
33.0392 33.8628 104.885 102.79 16.4704 40.0678 40.2825 65.3063
56.0686 93.9766 109.432 9.0129 71.6215 38.5479 17.7975 25.6359
59.7509 19.2332 154.424 0.758249 0.758257 3.92557 0.758475 44.8184
0.683334 18.7942 14.8999 21.1221 35.4947 111.421 106.81 60.0769
5.56256 4.50454 7.15772 8.47119 143.533 0.665482 77.5951 46.2709
0.166425 35.0626 144.161 7.28188 69.1063 0.777626 21.7514 8.11873
23.383 9.68107 57.5607 64.7265 136.576 0.756153 13.9313 43.8016
21.7392 14.9056 26.3584 7.71734 38.0669 59.2818 147.447 32.0517
29.8287 27.9948 36.9922 28.4918 43.8142 75.9826 107.456 85.7569
0.686922 147.049 56.0925 57.0087 5.23522 0.782337 14.8237 0
103.18 75.6692 37.3437 94.5863 27.424 0.777537 23.6223 0
4.84489 4.84489 87.8944 30.2417 57.4066 130.383 0.771756 32.1483
87.079 133.286 1.11344 0.771792 0.771801 12.3191 0.774117 27.3588
76.0778 50.9678 72.5508 0.535359 118.856 2.84003 39.4576 5.95067
68.1066 68.1066 0.434456 25.1487 81.4759 39.357 44.9191 101.012
100.286 53.848 48.9019 123.888 0.773577 30.4647 0.785192 4.04979
54.0635 54.0635 54.6942 97.6432 77.6436 54.2588 0.727222 67.4519
35.5961 35.9504 24.1851 138.321 78.5708 18.9826 45.0258 29.025
2.12355 27.2331 34.6282 0.20548 44.1057 67.075 102.108 98.0015
62.5851 44.9766 38.4263 39.0496 0.433452 55.2115 96.163 90.1067
84.1814 84.1814 39.6908 0.568428 98.1069 53.9175 12.2996 40.4182
44.1862 44.1862 128.072 30.4224 60.912 0.754159 45.9243 0
9.66896 9.86451 36.3738 54.1338 134.534 0.663455 95.1242 0
62.1973 63.6551 54.059 69.9483 28.8567 51.2005 86.5245 74.2767
21.8962 73.0477 91.8934 105.293 55.2759 28.4245 44.5398 0.294583
4.42096 134.898 37.9546 1.00012 0.736622 23.291 13.8739 44.21
36.5959 155.508 38.9735 36.2969 3.31329 10.8439 0.75918 44.7367
22.6389 16.1168 8.8591 104.821 33.5212 113.85 26.8103 1.26921
7.821e-16 1.06724e-15 6.23855e-18 3.59951e-15 4.7049e-15 3.89554e-15 7.21239e-15 166.576
14.2907 82.7808 84.0053 25.2498 121.455 20.0138 1.16189 0.705537
48.5711 21.7589 53.2222 7.25391 131.374 78.3074 0.781556 16.9315
0.270245 61.1711 40.8651 46.7438 19.997 129.041 83.4099 0
17.2897 42.0895 115.793 3.21851 80.8089 65.2844 47.8018 0
87.7558 26.1161 66.3124 92.7962 0.66201 29.2348 88.671 0
6.05374 5.34805 60.774 73.9933 96.0923 50.3295 90.8445 9.75148
13.377 13.377 134.921 18.0861 91.1707 48.0553 11.9043 9.14002
69.2843 83.6622 0.484402 20.6559 89.181 31.2346 61.0147 78.3706
53.7131 94.3043 108.528 0.684745 59.3252 37.6058 33.0583 37.5214
32.0672 24.848 0.18909 11.8844 29.6283 77.3067 132.892 45.7303
7.90095 70.3832 60.9174 22.0996 83.3342 63.7643 11.5303 81.6689
3.41751 84.8487 126.806 36.1126 26.6585 35.984 0.722441 69.5565
0.0280204 6.20271 3.89998 7.33289 19.595 143.898 88.2301 35.2804
11.3261 19.1595 91.2284 37.8337 101.239 36.1457 15.0496 86.5346
13.771 13.771 12.6355 54.5032 26.0979 127.408 95.6086 0
65.2754 106.309 33.6669 70.0084 0.666852 60.8949 57.5463 36.6248
35.654 35.654 12.3972 0.238443 0.238446 162.957 0.785395 0
58.6151 46.0582 106.362 2.54778 3.85653 28.8562 63.2723 92.5066
17.782 19.5245 0.122971 8.71762 160.06 0.756483 42.3499 16.2016
0.0808921 16.6116 136.119 29.4715 5.47404 16.2254 73.3805 25.7402
58.2115 29.9934 57.8291 97.2538 0.609917 16.851 0.614969 104.713
46.6468 29.5074 118.554 1.99639 82.8159 12.2871 39.8039 60.0065
22.1721 13.0005 36.2487 72.8542 23.4445 149.567 0.785395 0
114.716 70.4905 30.052 42.429 31.8731 85.9932 4.86123 18.9728
78.3453 78.7055 23.8109 116.348 60.3397 3.19741 17.9049 33.0371
109.098 109.098 52.9742 45.683 10.1257 0.766619 33.4216 17.6387
31.606 31.606 10.5057 85.1105 8.89789 129.823 10.682 69.8458
39.5062 50.423 35.308 21.94 36.1868 95.6345 98.2885 67.9292
20.6107 40.1662 45.1456 63.8455 70.5628 114.593 36.3468 3.81308
76.1899 80.76 37.288 78.8413 62.8776 83.8756 34.3067 16.3656
14.984 56.4569 160.277 11.8112 11.8395 0.783549 1.12289 11.7222
129.518 31.2801 0.606459 37.4529 100.688 0.77903 0.779038 21.9109
127.873 44.1758 107.826 16.3809 0.765763 0.765771 32.3386 22.8456
0.544992 124.257 59.5207 21.6598 55.7793 47.0424 48.862 70.0169
14.4444 7.95827 48.651 97.6465 43.0723 25.5853 62.508 103.151
7.68044e-16 5.07186e-16 2.89334e-15 3.0362e-15 2.03115e-15 4.05462e-15 7.2985e-15 156.874
98.8764 3.46387 29.5748 103.263 42.3564 71.1976 0.778518 22.3668
20.9642 20.9054 14.6253 29.0029 36.0495 28.2235 149.095 43.8012
40.6226 16.7677 81.3427 103.698 38.2588 56.3898 64.2452 47.9425
25.5786 98.1606 62.7876 44.4629 56.1819 87.1176 40.7357 58.3897
75.5147 45.997 145.201 8.24251 0.776993 0.777001 0.777009 25.0754
0.0103682 2.19082 10.9623 6.25014 49.8852 142.448 51.236 44.4158
6.22267 14.7578 4.01795 178.139 0.783316 0.783323 5.66615 11.7247
41.8866 70.7604 129.787 46.3591 36.2344 2.88483 37.7786 16.0384
158.643 0.707139 0.707146 0.707153 0.70716 40.4837 0.729828 65.0983
62.6572 91.2918 110.725 17.8963 29.2703 62.9592 29.4547 26.7628
0.785269 0.00368374 167.399 0.785286 0.785294 0.845792 1.54532 2.02255
90.0459 39.7554 90.7789 14.9505 58.6053 40.4439 66.2181 49.131
105.005 117.859 66.71 16.747 37.4436 31.7508 17.9101 3.76644
22.0987 23.4029 32.1877 92.1779 102.805 0.685237 75.2839 31.0369
0.123777 27.9278 27.5488 84.8529 45.0014 138.97 27.4805 23.9083
4.72046 13.0857 57.7108 20.3515 15.5141 150.422 12.8242 24.5794
52.5953 16.2459 90.6861 50.1046 3.19661 12.0334 98.7793 83.3351
77.0184 64.6081 35.1959 22.7463 47.387 0.551994 118.777 18.5736
53.3833 81.9999 82.2897 67.8061 0.659987 81.5565 45.4307 0
44.3456 8.0901 84.7018 135.238 26.1973 0.779108 12.0687 17.6357
0.13119 0.0295896 0.125265 39.1376 16.1057 61.4663 113.633 97.4255
16.0858 19.5322 97.6802 99.1962 71.8598 41.2643 55.949 0
16.4952 31.9732 37.2862 51.8135 38.1321 154.318 16.3968 0
16.4953 57.9971 19.3136 98.3887 75.82 76.7859 69.8445 4.54605
44.536 31.3413 122.916 29.3193 32.3175 50.6327 85.1665 14.9971
3.67024 50.107 14.1106 84.2822 27.4747 102.867 66.1357 50.3592
42.9759 52.2201 5.56708 130.568 54.6643 67.0169 1.7393 0
25.9019 116.772 25.8527 11.8356 18.7961 66.4976 85.4957 32.8141
71.8858 87.0981 73.1924 19.8143 66.5636 20.2632 71.2822 59.5209
4.22424 33.0022 80.7512 8.60337 28.219 124.416 5.07357 81.913
12.6297 25.6721 23.095 50.8026 45.3614 152.761 0.785395 0
18.4226 24.9001 30.9743 43.8043 61.9486 92.671 108.788 0
0.0431913 0.0431913 0.072701 0.752442 156.969 0.758418 0.758427 42.2316
17.9114 39.1277 36.5982 158.511 0.752088 40.4215 7.98261 29.4296
3.45644 14.7108 39.9123 6.49894 156.02 34.7908 0.785395 0
5.60716 24.2748 143.747 0.668093 10.7095 78.1418 43.698 0
12.2448 25.5625 1.67679 156.124 28.3312 19.7375 50.9636 30.9477
145.597 53.454 15.495 0.690305 30.8186 0.703675 30.5001 72.6239
54.419 57.4576 69.0294 52.5572 87.2499 1.34914 86.0706 40.6239
4.64378 10.6989 55.8332 142.754 36.6213 28.4271 52.4455 4.33544
81.6955 81.6955 52.1808 3.01806 111.588 36.7911 18.3385 0
26.7565 26.7565 32.6273 49.9636 50.2296 4.2078 146.454 41.2752
38.0082 0.174641 0.174643 28.913 32.8435 96.6378 124.697 31.1516
32.6115 38.0201 16.9216 93.8029 52.7666 92.8724 18.9298 95.2326
91.9502 59.5243 119.669 36.91 2.9032 0.785386 0.785395 0
135.435 96.4156 35.57 7.7463 25.2631 0.770614 33.8609 0
12.8059 0.0570181 5.37666 18.3664 99.2278 70.9505 124.138 17.1707
30.1215 6.68871 59.1448 0.312409 79.4758 101.314 77.2135 33.6623
5.97065 5.97065 6.49383 10.6521 165.195 0.765398 38.1655 0
50.8991 50.8991 111.063 23.1767 6.28569 58.8114 2.27046 71.0514
131.763 50.6046 60.4264 60.7995 25.6054 0.997701 15.8369 43.6226
16.8568 75.0469 3.11213 32.7954 76.0138 113.046 48.6193 0
99.4486 90.5569 55.4509 58.2345 19.5991 55.8695 34.6869 28.7665
21.0821 87.5846 13.824 28.2109 109.069 82.4163 21.6418 29.498
36.0644 53.4403 61.8501 89.3417 8.48068 31.63 103.776 62.1296
153.39 15.3934 16.9833 0.776363 23.7003 0.785385 0.785395 0
26.0931 37.4404 77.86 56.5324 112.734 7.00476 71.0572 43.0591
92.918 72.5581 10.4928 114.258 20.0097 52.1823 47.3611 0
108.442 68.2473 50.6269 29.6641 0.639818 88.1668 0.75472 47.8754
29.2355 29.2355 0.188674 41.3456 40.1011 146.817 50.1226 22.9603
0.78515 172.719 0.785159 0.785167 0.785175 0.785183 0.785191 3.9422
27.5223 0.125882 48.2364 16.966 146.099 42.5528 53.894 7.39134
0.0175699 3.80489 1.43929 36.4882 39.9914 161.186 0.785395 0
28.2664 44.5557 29.271 8.04502 144.519 53.5605 37.352 21.447
0.847254 19.8306 7.75253 10.3272 70.185 117.222 96.7742 0
155.878 29.7996 0.718273 68.6282 8.07197 0.783414 11.9335 3.05189
41.1452 42.8091 86.8671 83.2777 39.9133 69.0327 79.4124 22.8859
19.4021 13.4074 13.7668 27.308 22.6362 81.0498 145.12 6.53241
57.8215 101.599 49.3989 89.916 73.6967 1.41841 42.4542 33.1014
0.0831253 17.159 18.548 25.2679 31.3161 30.6949 149.921 24.6734
73.3941 36.9811 78.131 87.5513 48.817 67.7517 37.4301 38.031
31.1706 31.1706 124.023 85.5088 51.7322 16.5792 0.767196 36.3927
152.898 0.719649 0.719657 0.719665 0.719673 2.82576 63.5952 20.3194
120.085 110.084 0.751687 0.751695 37.3071 22.3402 23.1488 2.50515
94.4695 41.6544 116.667 26.0108 0.743237 44.2141 16.43 26.1847
53.86 76.574 64.0305 95.5078 13.0687 65.4806 32.5623 60.8889
46.5454 41.5798 44.1643 79.6415 92.8753 43.8046 1.83566 78.6812
28.8102 0.141732 1.73788 86.0216 115.57 0.722837 53.83 31.6389
17.4215 34.0339 26.5925 46.5722 65.8631 53.9954 111.936 63.5422
42.7951 46.1244 46.0346 99.8833 65.7766 48.9712 27.3559 65.7821
14.5859 27.7316 17.2213 36.054 140.239 13.8481 67.7384 0
82.4234 77.1391 112.89 5.88013 11.4603 9.40976 0.784245 8.69357
28.9728 0.132199 5.06586 48.2161 56.4792 103.623 95.3882 58.4146
22.3373 41.6787 140.563 36.9253 4.70397 32.4759 55.6305 23.2667
68.5779 84.8302 64.2199 102.295 18.5276 60.5376 31.2363 20.9094
119.039 0.527475 94.1557 0.672535 5.54363 52.7702 72.231 18.6429
24.0232 136.241 54.9909 24.6504 28.5869 20.3658 41.0385 73.8134
50.5117 11.8235 109.017 101.703 12.0272 59.5506 30.9852 42.2206
4.45157 98.679 78.9457 0.58947 87.558 68.5628 0.785006 5.30175
28.0034 28.0034 44.9512 37.6317 94.5288 0.536952 126.038 0
162.701 30.7002 0.768769 0.768777 34.4912 0.785288 2.56077 1.11029
34.1072 40.7387 0.243248 57.8527 8.57006 124.058 57.4645 67.0379
78.8141 105.489 50.4147 14.2855 12.5214 0.652073 0.65208 95.516
11.6201 3.25516 12.0674 18.9991 42.055 64.9841 138.834 71.8611
67.4254 104.087 18.1163 125.333 0.78538 0.785388 0.785396 0
81.574 1.5732 23.8084 100.702 52.2039 41.5845 81.1355 8.45617
36.8634 112.465 56.3204 81.4341 60.5424 50.1063 16.4112 24.0119
32.447 3.50655 130.134 55.6559 45.3859 6.19366 76.6989 0.164731
9.90348 6.7198 25.0385 151.57 0.697432 0.697439 60.0295 52.5658
0.364186 77.5722 51.5505 20.9044 29.7777 66.6016 75.7111 88.4308
48.0874 46.1755 0.307458 30.091 20.8186 152.377 0.785395 0
0.732084 0.129998 163.199 0.743544 49.3733 0.776833 0.776841 25.3736
40.9353 50.5396 40.6637 155.903 0.78104 17.8271 3.78896 2.34824
0.0196641 4.21939 2.73928 5.03063 33.5607 141.869 82.4044 17.5221
120.613 123.234 8.96027 0.783668 0.783677 5.11267 0.784028 10.2073
0.782305 165.512 0.782313 0.782322 6.47941 0.78293 1.80618 13.0309
11.2241 11.2241 13.4035 72.4928 126.464 46.3632 80.6116 9.48648
20.03 17.4604 46.8129 32.4479 109.849 0.588909 61.7561 93.046
21.5779 15.9128 33.1217 44.5164 135.415 4.42676 0.713294 68.5949
18.6992 18.6992 11.6952 10.8217 131.005 0.633745 0.633752 98.5237
33.7112 30.6136 40.3042 70.9489 0.419576 98.8619 100.056 45.601
2.81559 2.9365 14.9259 67.976 120.104 39.471 82.0264 2.80335
30.7748 129.202 94.3539 37.1955 33.8588 36.9493 0.785396 0
43.5139 107.421 22.8752 74.8282 73.6161 0.719177 13.327 68.0683
23.1311 41.7629 120.889 45.8747 27.4801 89.6869 35.87 33.2514
80.9672 23.2365 102.947 66.3038 42.0106 29.0416 81.3132 9.75506
27.0703 56.9461 72.0117 128.359 52.3823 21.4205 0.784314 8.92291
93.4573 93.4573 41.0664 0.621024 15.9078 105.963 0.785396 0
20.9183 86.4358 0.405454 27.4822 109.42 75.2667 18.7393 54.9837
0.751063 157.206 0.751072 18.5584 0.756295 27.6515 0.767755 34.646
0.226431 48.9575 68.2774 84.016 56.7851 26.7828 92.3713 47.386
0.55088 121.517 121.518 4.21029 3.13447 21.0831 0.785272 3.07632
12.2875 43.6032 62.2145 149.195 0.752555 1.21182 0.752582 50.1133
60.2348 46.9042 0.351302 152.236 11.2233 0.785387 0.785395 0
31.2533 7.16582 82.8206 35.4555 49.2903 70.6444 93.6487 66.3955
0.20235 0.0530555 11.2839 25.8272 165.995 17.5832 42.9527 19.2002
0.0207572 0.189504 0.71868 157.752 31.4327 3.38262 0.758326 43.371
89.5298 131.677 0.722383 4.32457 0.722657 0.722664 67.7976 0
6.83858 8.24958 26.8837 3.59858 100.081 44.3581 113.289 48.1629
67.0802 39.6734 39.4051 31.3015 53.3215 107.002 11.7702 75.881
75.8321 75.8321 76.4411 69.8391 50.5108 40.796 35.3052 13.7244
18.035 18.035 85.2291 0.400597 34.9467 145.897 0.785396 0
68.3781 12.8606 0.317552 69.5777 98.3978 82.7407 46.1914 35.6296
20.6414 63.1186 21.3925 10.3133 0.353669 70.5277 120.756 0
0.227246 0.170162 0.283894 0.669335 168.361 0.780522 18.844 0
51.2679 60.1285 22.1751 14.482 149.23 0.750644 45.0007 27.251
16.5988 16.5988 40.5299 46.837 38.1462 94.2287 114.389 17.9411
6.67233 34.6528 62.913 48.5407 95.7439 81.9692 56.6985 37.6648
84.2614 17.6192 86.0838 100.336 39.8387 48.6087 15.2646 0
60.4621 31.76 83.6132 27.0203 104.518 84.8647 23.8361 3.30393
35.0679 22.7354 47.3515 10.5148 146.869 45.3948 23.9735 0.545292
37.1847 22.2092 0.642386 43.317 61.2595 86.634 122.519 0
14.8917 15.6659 24.7731 31.9155 84.0571 46.9724 141.922 0
27.2852 10.4258 43.5895 80.7711 137.836 47.225 0.777206 25.423
55.7606 61.7412 83.1939 117.654 13.7425 9.78689 5.81053 7.14343
20.8167 2.46506 50.8952 81.139 44.8864 80.9072 72.397 84.8321
49.7716 71.2769 26.9801 15.8985 0.42198 58.9748 125.423 42.7904
143.108 0.641855 0.641862 28.8745 91.2457 0.772172 31.9987 0
165.453 0.750328 0.750336 48.0664 0.781365 0.781373 17.5051 0
34.3788 34.3788 27.8446 86.1384 74.913 34.1705 90.6796 69.4858
65.956 40.4504 61.2972 37.178 58.4566 65.9132 92.858 61.6729
19.956 4.01065 20.355 13.155 140.621 34.9106 62.2368 39.6049
86.9956 68.6453 61.9205 71.3218 35.4268 5.71669 4.02681 91.2935
9.79538 53.9248 15.7528 0.258626 150.482 57.9618 27.0582 1.52232
60.7726 53.6699 36.1775 31.7501 7.66591 0.477261 131.202 51.8421
22.3171 38.0578 42.001 138.803 76.5439 30.1083 23.1246 8.74478
18.8949 109.164 11.6242 127.062 14.1906 0.78425 9.16961 0
32.7511 0.145029 27.2486 47.896 80.1192 64.6367 129.429 0
111.096 55.2302 66.5116 80.1513 44.6153 31.7103 0.785395 0
163.754 0.773062 0.773071 0.773079 0.773088 27.165 11.0779 0
64.3589 37.825 109.25 9.93987 0.589794 90.2478 72.8477 12.8084
22.6801 43.0413 59.3348 107.562 6.23025 73.1858 89.3869 16.8142
0.000691721 0.000101626 0.151378 0.0151963 0.726183 0.0207354 160.708 55.5943
166.79 25.7298 0.780854 0.780863 0.780871 5.52115 16.2453 6.05164
81.6562 10.7802 0.394132 5.20924 9.5611 99.9992 4.85257 100.066
1.34341 0.968471 1.11323 2.92037 113.295 113.35 43.7714 0
110.427 0.534472 0.534479 110.429 0.755876 43.4666 0.784616 7.22806
3.56341 44.1233 3.92569 57.0036 27.1062 155.43 19.4802 0
57.5594 14.1672 56.8429 111.635 0.637201 35.6883 26.9344 89.2979
2.68644 6.09522 12.5064 14.1696 40.7534 112.249 100.809 69.3175
63.3977 100.931 96.6923 0.710157 1.21321 59.6582 41.1732 0
41.0941 111.463 42.6851 66.0752 49.5599 67.5917 50.6928 36.4617
79.078 47.3014 47.4654 103.652 72.4292 25.9646 69.1757 3.58775
97.5311 1.79367 30.2533 7.49234 102.406 104.571 12.3906 0
25.4684 0.122082 151.094 0.734483 0.734492 0.7345 25.0442 52.3397
6.48693 111.051 56.1778 53.6922 0.62675 91.7156 44.4611 10.6376
47.1627 24.6133 41.8511 78.9105 101.911 94.9155 13.1189 34.8824
9.19234 1.54128 9.32066 13.1814 167.378 0.776701 0.77671 25.2573
29.7774 17.6432 123.919 0.569519 48.5219 73.9841 9.93519 83.675
49.8332 92.1342 83.1647 46.4058 30.8524 17.0299 54.4401 76.3219
157.489 23.1591 25.515 0.770498 31.8354 0.785386 0.785395 0
10.4325 85.3184 113.389 0.977608 0.627671 99.3293 39.8431 0
19.0259 10.9767 1.79746 109.759 120.831 0.734026 20.0403 59.4059
36.6416 51.9696 114.716 0.623497 0.623504 13.757 0.626932 99.5196
60.8511 60.8511 134.685 0.715268 47.0306 53.253 0.782758 14.3698
9.13605 4.80287 28.3459 40.9687 53.5289 151.313 64.3844 0
0.408634 0.14656 1.04529 26.7465 142.971 5.69138 25.6445 82.9795
26.7185 14.8981 77.9489 25.7316 39.7042 0.458642 133.702 0
63.3904 99.2911 11.5903 118.37 0.750222 37.003 36.3331 0
17.1307 17.1307 61.8147 141.442 68.135 0.78528 1.41314 2.55843
68.7881 8.03678 16.7357 23.3308 47.7451 121.655 89.2367 6.73453
0.377279 0.00189795 0.32572 0.161715 0.585014 156.121 0.785395 0
18.2717 18.2717 25.8401 36.5434 67.4188 41.0737 94.3566 104.908
54.3964 136.765 13.1008 29.5772 22.3456 0.715778 68.8072 0
0.22719 48.9187 80.0039 11.9114 0.439012 18.6153 134.57 34.7543
54.7628 29.8789 1.96876 22.2446 105.4 0.568632 70.3353 95.5119
46.3102 0.215889 46.3107 139.883 54.9732 0.764289 34.489 17.7645
80.0623 116.176 59.4581 76.3211 1.85624 7.43448 39.6071 0
49.3252 5.2364 49.6024 43.9994 96.743 97.8935 38.8395 13.9358
6.72743 12.6747 16.3832 46.9565 82.3178 97.2391 21.6759 87.7465
37.0591 20.496 16.9274 62.7639 82.5486 0.522559 122.847 32.6452
48.6079 88.5166 7.55983 72.0885 81.8953 2.94405 61.7028 64.8487
71.072 0.316034 131.849 73.4966 37.1228 21.6809 22.7158 31.5558
120.86 36.7512 76.8198 0.673367 0.673374 88.7555 0.785395 0
76.6323 0.357216 40.1153 36.9652 26.8441 97.8208 57.776 76.8961
28.293 28.293 53.2231 65.451 93.3677 0.589122 116.417 0
0.0555765 9.41587 23.4553 25.2747 35.7439 68.5243 0.502602 102.251
80.0964 62.2917 7.71 51.7148 55.5894 101.511 14.3271 50.922
55.5089 59.3449 81.2592 53.47 94.4059 28.1537 60.8563 48.572
126.532 83.4916 21.7216 12.9339 4.50479 66.1619 53.5728 0
29.3946 41.3982 153.651 0.739214 56.7849 0.783412 6.82987 10.1212
64.0526 71.5598 80.2539 58.41 46.7737 93.5255 3.36648 30.4585
1.5354 2.50681 0.0140723 8.0254 11.6509 136.847 75.2595 48.1511
95.072 94.0619 81.966 0.723791 41.4184 16.1415 0.752301 48.8892
29.7779 29.7779 82.6678 29.0915 94.169 77.5811 43.2888 73.2463
79.393 79.393 0.502741 0.502746 84.0115 20.4049 54.9753 87.5436
65.2077 57.5959 88.9129 1.36627 31.0319 72.2202 83.6262 0.115551
43.9062 130.477 13.9524 33.4 72.043 20.848 59.3459 12.8039
126.116 107.805 5.17321 13.6088 0.753953 44.6244 19.2511 0
27.1984 10.7082 29.2305 56.1764 68.5919 15.4105 99.0301 87.2377
75.1701 47.4007 38.9961 111.114 64.6363 21.4567 31.4422 64.8215
48.8813 90.6021 61.5284 3.75557 66.9226 5.08424 19.1969 101.835
52.4067 52.4067 0.47098 37.0771 71.0801 100.477 43.5502 78.0636
43.0259 89.7617 66.2058 39.9762 27.9247 100.038 7.15677 41.1739
58.8733 20.8129 47.0872 46.8085 64.1499 106.787 69.0575 0
4.06153 37.0741 140.593 52.2524 30.7981 9.38525 51.0944 0
73.0201 96.0681 0.535433 120.67 1.4198 3.17503 6.77282 46.3665
0.0827662 17.7671 17.7672 76.0512 125.714 74.9499 0.777225 24.2558
20.4476 32.2982 138.403 24.46 0.678191 19.1981 82.8461 2.30632
43.1967 43.1967 61.0894 47.2752 0.443165 98.4834 67.5244 80.6561
18.5393 25.7951 152.482 21.6738 0.704903 0.70491 0.704917 77.2615
45.782 39.139 63.1744 8.46257 106.429 88.6728 8.29755 55.7431
41.0884 33.2937 31.0397 61.3204 128.574 33.3515 70.5969 0
27.6974 27.6974 131.889 45.1559 0.669558 51.4852 0.710627 72.3306
11.173 15.3782 33.3034 91.6114 71.7383 59.9164 53.9871 89.6922
10.8774 31.6348 40.2309 43.127 25.7261 84.2411 111.157 57.5385
19.0954 3.60597 13.3198 112.458 114.899 0.729706 56.1143 32.1741
40.9836 14.1213 17.6245 165.519 0.777316 24.7889 1.94241 0
41.6068 2.72877 4.81012 63.4943 149.905 0.770238 32.3301 8.84258
1.57108 0.785942 27.0521 4.56613 12.348 19.7122 157.106 40.0255
11.2604 11.2604 15.9245 21.6195 163.597 24.9196 0.776524 25.5287
71.2332 99.4736 98.6865 0.707755 41.172 28.4899 0.742797 56.6665
55.9835 122.021 82.4828 0.723959 50.8481 16.1489 31.3925 23.6803
5.05782 3.12209 22.9879 1.91063 133.013 24.5453 67.7412 59.9097
45.1903 45.1903 80.2851 102.616 72.5561 62.4953 0.785395 0
33.1527 89.9813 41.6417 32.6337 55.3785 70.7754 37.2958 101.398
9.20189 27.0478 0.618784 28.5769 77.1618 88.6443 114.72 28.4373
33.9032 25.1072 0.193654 23.4582 48.2714 54.8358 108.599 99.0685
54.7721 108.866 87.0989 19.9017 0.708895 62.9763 35.0477 0
12.9733 21.027 17.5333 72.385 7.45343 77.8292 130.169 13.4047
21.7061 80.5591 68.9605 0.494223 41.06 115.77 24.2299 46.873
107.752 26.8225 0.502065 31.2716 72.8309 44.8035 97.7427 0
0.0377426 8.23085 2.73494 21.2814 10.5022 30.2818 151.306 69.9129
45.0472 24.7196 58.5822 89.2938 0.531297 4.54092 118.602 50.6045
104.505 104.505 18.3561 0.692675 6.72579 78.7729 9.14494 1.14354
0.112534 24.4014 75.8281 31.7787 124.289 57.8308 35.0816 40.3132
66.4324 66.4324 93.9496 88.6348 55.5468 0.76514 39.167 0
15.6894 37.7017 39.2564 23.1982 51.788 80.1797 87.5563 74.9329
45.7439 95.0595 120.462 35.0798 32.0706 0.755519 12.7246 45.6977
0.583605 2.0562 59.9069 0.271556 89.7597 107.936 0.691494 82.207
66.5846 17.208 43.3367 137.866 1.0139 0.706024 60.4009 49.3466
18.0739 31.8944 91.4999 0.456068 128.353 16.0359 2.44681 48.5924
61.8549 14.7659 63.5929 105.937 47.0527 21.2575 60.364 52.28
44.0163 64.8867 99.1566 87.1942 0.715011 47.5239 1.77709 51.0861
88.0926 45.5889 133.314 0.762088 0.762096 0.762104 41.3956 0
18.9842 17.8021 18.9036 132.178 36.5843 13.3687 96.9117 0
58.3319 26.8983 93.9222 125.555 3.329 0.784023 8.7969 4.82276
0.00275728 0.599487 0.192044 136.866 2.75219 101.983 0.785148 4.28653
67.697 23.4401 52.4434 35.6305 66.5545 116.54 22.9346 33.0835
124.902 98.5836 22.6485 16.6199 0.753152 0.75316 0.753168 47.7728
28.9031 19.4282 34.6956 34.8866 47.1382 23.3393 143.636 0
24.6372 54.9076 88.4262 106.963 5.1307 23.5306 71.9439 12.5353
1.87041e-16 2.77264e-16 7.04037e-16 1.90641e-15 9.27656e-15 3.49691e-15 4.80916e-17 165.363
62.4541 15.7373 40.2375 122.863 74.2954 56.6698 2.8882 17.0936
80.7539 84.5902 68.1048 33.0063 55.7559 0.683483 29.4619 79.6645
80.7059 131.142 0.701869 59.9018 0.753111 48.4018 6.93458 0
8.2341 39.3708 44.0312 36.6775 2.46439 2.02245 141.311 0
127.022 39.5996 9.44214 49.5822 33.1456 0.696893 75.7627 5.18611
61.4434 18.1705 133.462 0.708026 5.07412 37.2378 0.73049 60.324
11.3774 6.31244 131.459 28.2892 7.97072 27.0347 99.118 0
0.357899 77.6788 149.716 0.777124 3.10075 0.777264 16.8711 17.7188
29.434 64.0866 89.7884 45.1327 0.574564 102.156 51.5284 0
0.224785 0.162645 0.676973 163.498 17.8887 45.829 40.6626 0
105.613 57.478 60.451 0.616957 91.8317 18.3375 0.751622 49.7002
0.092963 0.000448279 0.0136237 7.00414 0.0337779 6.23752 138.536 85.1362
61.7036 92.625 10.0895 8.01667 80.293 29.0786 0.646806 97.0347
81.2392 81.2392 0.991304 0.537956 114.895 0.760792 41.6561 0
20.5401 5.69496 28.721 35.7662 35.3021 79.4836 140.044 0
31.4734 31.4734 74.1354 39.483 42.6608 93.6069 65.4306 76.4429
