1 0.0550363
0.0498398 0.176322 12.0773 80.9907 10634.7
0.897724 1.45787 2.9936 11621.8 480.791
2.40913 793.971 5152.97 3492.55 8523.6
4.0103 5.02236 6.1271 8.1379 9411.24
4.12883 335.041 5578.53 2501.68 7587.22
4.99219 9.53977 4576.83 6449.52 5764.36
6.32676 25.2378 2823.67 9626.46 1717.63
9.03698 149.232 381.577 8373.53 4085.61
11.94 3.85895 152.515 5105.98 9928.73
20.6551 345.537 2423.41 7913.98 6761.77
26.0246 79.5727 1480.48 2173.45 9076.79
28.0134 64.169 2075.77 10247.4 2230.07
28.1007 2.26905 31.4065 5548.46 9307.17
30.4926 87.5117 1341.55 6859.68 8853.99
31.2993 124.567 90.2341 7680.19 7866.38
41.0201 22.8422 15.403 8346.11 6580.24
54.6695 46.3759 2915.14 7354.8 7442.1
69.439 305.546 283.668 4092.74 8720.86
79.8296 320.603 4308.45 3778.46 8424.33
80.2383 143.467 2609.26 9073.77 4524.58
82.8427 1434.17 7284.38 6756.81 3002.38
105.863 3292.24 3783.84 949.525 8703.32
106.217 341.524 365.967 9960.56 2873.24
110.369 203.959 37.8149 9581.07 5216.48
132.145 406.569 6085.88 5982.73 5617.5
147.449 1097.77 510.882 3319.11 9086.63
163.88 2496.44 8018.05 5797.82 196.67
194.999 66.459 3582.83 8266.82 6124.07
198.493 174.923 1794.71 4412.93 8841.67
210.34 224.34 419.841 7635.83 8018.72
217.218 1129.7 4582.19 4599.65 7596.24
225.036 331.269 743.901 8290.15 3635.95
226.336 89.2424 830.903 10903 2764.72
229.295 1605.41 7956.77 7638.48 2975.92
240.968 2999.23 844.597 2756.64 8780.71
251.858 2793.48 42.0065 10273.1 2766.56
256.696 2498.71 4469.72 4387.83 6990.35
258.929 408.521 2967.44 7285.26 7507.89
297.409 148.763 583.14 8702.07 5074.57
298.828 2075.36 1436.74 7118.32 7854.16
315.329 2099.94 5311.56 1425.27 8937.57
320.159 1497.97 397.178 3122.18 8495.44
326.159 622.986 8071.75 1440.17 4668.38
342.729 103.792 2305.81 8193.1 5963.16
346.864 184.604 1578.05 6194.96 7586.35
347.289 4.68298 186.562 146.331 9964.42
356.59 731.278 222.797 158.374 9231.77
358.484 360.674 2469.21 3818.48 8568.56
385.442 522.718 259.601 10474.6 348.546
389.903 257.643 710.582 9914.6 2557.86
395.216 53.2252 684.946 7965.35 7909.47
408.47 2602.85 2958.82 6515.82 6850.06
415.14 64.9181 81.4445 2373.36 9355.79
456.057 3951.31 745.127 6488.91 4250.72
506.412 169.401 311.762 9643.99 2503.24
513.085 1212.11 2305.12 4926.33 7235.46
588.421 1250.6 3868.13 7430.73 4675.9
595.606 2617.54 6382.11 5215.13 5625.65
609.241 378.001 1759.98 4738.24 8707.46
663.287 327.087 880.338 10825.8 588.367
735.625 663.024 7746.17 4775.57 4519.57
744.469 2212.34 999.623 4701.6 7561.01
752.495 240.898 766.949 4330.23 9138.61
796.11 5145.32 4636.38 5857.96 5569.78
802.654 5962.32 1158.05 6866.45 3478.32
812.375 3427.09 1007.32 6113.74 6678.86
817.043 2671.78 2029.46 3192.21 7846.3
822.26 1503.66 1279.84 10387.1 901.158
823.584 5081.07 3383.17 7482.44 1719.9
827.209 985.184 5801.04 7906.6 406.884
830.018 1837.87 805.66 6628.02 8129.61
833.187 5405.58 3791.62 6772.19 472.842
874.029 5218.55 6206.53 3535.31 6180.26
935.294 361.423 10.2098 9979.48 2145.02
958.597 6349.27 4170.74 3298.02 6960.98
993.515 7953.72 2047.62 2253.65 5757.83
1058.97 2777.91 6620.95 1361.79 7635.23
1064.18 503.887 8747.08 1851.73 4304.12
1147.02 8842.76 4491.43 2952.63 3709.52
1156.35 2540.27 6180.25 5756.11 5040.66
1184.79 3529.67 3218.6 8692.77 1101.77
1205.24 1966.16 10378 3855.75 2451.32
1224.9 3468.91 5916.31 6324.7 1923.85
1228.24 38.104 4435.2 8851.33 69.2589
1273.84 7420.31 7292.95 1171.84 1270.32
1280.51 4502.1 5367.56 7850.97 38.527
1366.34 1457.84 794.099 6197.51 7637.85
1370.89 5107.12 3358.43 8279.53 137.581
1377.02 1503.11 482.208 6968.52 7131.83
1393.12 48.1162 760.908 9030.62 6152.83
1400.48 1706.63 6740.69 74.2955 8027.21
1427.85 615.639 3674.38 7142.64 5514.99
1432.54 4777.56 2549.21 5875.63 2729.17
1464.38 4.65314 3805.8 94.0462 9621.46
1503.44 6481.22 6776.85 4074.9 1546.83
1512.1 343.275 1996.67 10318.5 1421.63
1533.33 6219.91 3063.83 101.813 7059.47
1555.97 3285.83 5211.6 4064.92 7564.2
1657.73 26.0913 1786.1 6354.88 8701.6
1801.59 1543.53 4115.56 3056.46 7429.84
1860.67 772.308 4543.58 1357.34 8361.66
1875.2 3250.77 4010.4 8277.99 746.063
2049.76 1770.6 1380.28 7744.75 1806.06
2276.34 7981.29 6836.89 1848.11 98.4831
2324.86 4572.8 1434.5 4395.11 7002.2
2327.96 1462 3168.9 5758.05 6740.43
2348.47 8834.33 2054.47 4282.16 84.7789
2375.71 1784.22 1706.19 147.125 8968.67
2382.05 349.784 1194.95 3479.84 7953.37
2388.89 2294.91 175.106 5958.48 8331.53
2552.35 6699.69 164.113 3564.49 5913.72
2557.78 3878.29 1229.93 6346.92 6172.63
2735.13 2064.02 41.597 7561.93 4991.51
2780.8 2042 9571.26 924.092 2336.66
2789.92 1184.28 2093.96 5646.02 6929.81
2874.97 24.8806 7648.46 4592.46 5067.56
2907.07 1873.36 92.2071 6281.19 8785.46
2910.78 4088.81 7838.44 2705.73 1334.56
2953.95 4741.47 1565.78 4242.03 7422.93
3061.25 903.517 8789.01 5622.06 951.241
3069.25 82.1538 201.337 9198.11 2954.52
3072.86 4692.04 336.469 4962.86 8631.06
3126.53 1618.24 3890.12 2711.13 7649.89
3149.91 5813.1 2058.94 6851.53 1591
3193.82 1877.3 8740.22 1169.03 3060.63
3222.23 2138.87 2618.68 7051.7 5160.18
3450.46 3972.26 4507.83 1762.51 7047.97
3478.44 235.173 4396.04 3417.92 5316.44
3649.44 6661.53 698.292 2169.75 6933.7
3651.91 464.582 2080.37 8519.13 195.137
3741.71 925.405 2447.2 6545.35 6542.72
3844.25 5939.61 4932.52 3721.11 795.823
3854.36 281.644 251.201 7417.2 5638.64
3898.76 6412.5 2360.08 6409.43 1386.61
3926.77 3339.52 4099.81 7360.15 1336.59
3978.66 5160.28 6513.1 376.111 1026.69
4001.84 3346.4 2556.95 647.798 7782.05
4035.67 9562.19 4517.5 1603.95 1801.07
4105.07 233.643 1690.01 2021.71 8846.11
4156.3 912.396 4355.36 7582.65 3940.67
4431.31 1169.26 14.277 7053.08 5404.64
4461.11 5270.42 587.672 2027.44 8051.82
4603.8 4332.36 1715.97 4530.36 7194.6
5096.63 684.478 1997.09 4141.36 7376.74
5334.56 559.725 2432.9 7569.9 1611.28
5349.18 512.377 582.98 8553.43 587.978
5761.67 4646.88 5570.46 6512.19 379.451
5769.86 2075.79 8191.29 4690.88 324.663
5916.25 2254.08 6503.49 1443.19 2891.68
6001.32 1444.64 3633.8 8091.24 1423.18
6004.35 1286.43 1956.89 6978.04 4243.99
6178.68 480.414 5943.89 3702.88 4412.85
6450.58 43.5739 5686.8 3120.08 556.632
6555.79 5322.54 700.315 3582.74 3962.58
6588.45 580.744 6341.58 3054.76 2538.52
7087.42 2096.71 1775.14 4899.5 5335.47
7170.53 8156.22 530.279 2601.27 821.869
7261.59 393.94 5681.33 3797.94 2630.08
8021.9 3357.99 1794.13 2008.1 3949.04
8059.07 1615.81 5047.52 82.4793 4314.07
8139.17 1478.72 3956.96 1695.39 5746.66
8193.5 4662.74 1152.4 1844.49 4159.48
8297.38 601.266 3165.28 3591.51 1486.38
8528.79 3974.06 4277.44 2053.54 1908.59
8541.51 4253.38 2178.12 2104.15 663.271
8630.65 1941.16 3023.28 5350.33 3382.71
9073.71 917.979 1312.52 6038.22 1491.27
9272.27 1420.73 4264.32 3363.12 355.7
9375.77 2310.94 2707.84 532.309 1753.65
11174 1621.48 109.238 1414.01 200.291
9.89379 3503.93 9553.23 4126.08 114.498
18.8081 12.457 2508.88 8602.7 4797.53
19.1215 37.6362 9548.25 4940.94 2966.38
38.3269 94.1146 7979.91 2889.47 2842
52.9726 36.4753 1504.73 4402.39 9326.2
72.307 1505.23 7117.59 233.297 7385.51
88.0648 60.2032 994.276 408.68 9157.21
105.356 691.685 5713.02 7916.02 3161.38
151.875 1852.08 4108.75 7684.75 1206.71
155.225 80.1836 7379.06 6407.34 4441.15
167.36 2797.15 1260.82 777.454 8864.1
168.805 1728.97 4275 4187.71 7796.87
221.131 4.79953 384.528 773.005 9844.14
271.056 9552.85 3818.24 2975.81 1489.21
288.465 62.1528 380.144 8853.12 5983.2
335.02 1243.12 1136.46 6531 8470.37
357.17 920.291 2505.58 6154.52 7335.28
365.357 411.786 8896.23 3935.42 1047.22
365.891 516.026 685.648 9824.27 1151.26
422.043 560.815 171.71 6454.94 8391.49
431.228 1819.63 5509.71 6446.72 6078.62
441.589 156.14 3879.89 4674.18 7437.34
511.995 888.117 951.308 959.58 8191.01
516.437 108.571 1890.21 5849.93 8464.97
574.886 510.64 385.427 8172.26 6817.28
597.31 482.581 592.631 464.191 8707.81
608.645 6299.38 2812.62 4946.87 5976.51
627.437 1183.07 981.19 7233.49 5464.1
653.922 251.256 1465.5 5589.88 8451.06
655.666 417.403 3964.22 8635.11 92.5477
701.207 305.51 359.724 8911.31 1451.05
716.926 355.871 2826.07 4171.03 8670.75
737.395 395.014 8439.62 4907.31 2603.64
793.989 1376.26 6890.86 6761.32 4440.9
899.285 6856.92 795.757 2972.81 6509.63
923.489 494.573 5493.8 7531.44 2345.73
928.07 3377.63 7214.25 4275.9 3304.95
952.939 1010.48 979.973 136.652 9322.13
997.19 331.673 3956.27 8763.37 1465.2
1012.87 653.319 2702.77 6255.15 7147.04
1043.58 808.437 1173.75 5733.04 8666.05
1063.08 92.8071 4842.35 8391.65 4960.25
1116.92 3410.13 6715.66 6459.81 3898.99
1206.24 3062.8 9194.92 4327.73 169.477
1237.71 327.012 3874.12 9313.21 305.132
1287.67 1274.26 2619.02 7877.51 4511.69
1377.83 1037.18 335.822 8568.51 708.086
1398.45 440.807 10424.3 1146.14 2519.96
1419.12 409.703 5576.33 3239.12 5308.56
1445.07 3219.95 8602.33 5072.59 596.862
1451.21 3386.14 228.464 10281.7 1321.18
1555.07 5402.4 2255.21 4092.13 7703.28
1567.21 121.451 5670.32 3523.2 7781.75
1581.56 1316.55 3330.92 7334.38 5001.56
1593.19 1978.77 80.1679 8188.3 4430.89
1613.73 92.4887 6549.76 7398.92 1001.5
1638.96 3515.59 1789.91 6463.99 6328.9
1700.18 1316.64 3998.51 8084.83 3986.2
1836.12 4811.49 2415.99 907.704 7765.63
1893.65 308.331 340.042 8700.91 5790.92
1912.92 999.22 1922.53 7959.42 4534.74
1985.96 659.992 9268.7 4158.02 981.095
1990.83 580.523 6197.65 586.822 7196.54
2019.24 4198.77 260.167 2669.39 8763.73
2019.3 837.672 1615.53 10102.3 811.141
2022 3031.13 2666.7 5831.79 5788.66
2026.91 1886.43 5526.49 4128.41 4574.39
2096.69 799.125 2405.49 5499.51 7740.44
2146.09 784.913 1774.87 3093.81 7609.73
2146.63 2974.63 3163.14 6441.49 6986.61
2148.76 1196.93 3030.09 425.159 8943.39
2211.92 399.49 1834.17 5250.33 8689.91
2213.12 5023.83 7065.53 4001.95 5180.2
2223.1 7061.28 2363.75 4251.21 4182.32
2255.56 5344.06 7959.38 349.211 4921.96
2333.42 1442.67 4809.87 6932.15 5541.29
2514.69 254.442 7206.1 6038.21 1523.19
2575.42 6667.42 6504.05 4190.43 2816.52
2582.11 424.136 4757.29 4687.19 6180.81
2638.41 4118.91 5718.57 6397.46 3131
2642.2 8264.54 6977.47 82.8778 2662.85
2899.72 329.1 28.8484 7285.08 7758.92
2919.99 867.508 2679.85 6172.59 6423.62
2929.6 1207.49 6920.15 2727.79 5145.39
2938.79 3554.46 5828.39 5811.39 694.496
2946.02 3710.12 5013.49 4066.32 4263.93
2950.26 978.546 6316.71 6232.44 902.121
2960.16 667.697 5210.16 6066.55 6034.36
2961.01 4122.41 4548.33 5427.91 4825.01
3086.66 795.18 3283.6 8390.21 2985.29
3115.48 369.159 9036.84 778.311 4172.76
3171.54 3141.92 2299.86 7734.69 4576.36
3193.36 2519.71 2796.03 7484.46 2779.77
3196.05 2315.2 3931.32 7697.84 3157.89
3198.57 5941.36 8015.54 107.372 1053.69
3222.34 4958.88 6748.44 5489.3 13.4053
3321.11 4499.82 2956.81 7980.83 684.21
3407.52 1539.2 7842.83 5139.33 1012
3540.68 2735.9 2959 482.193 8046.83
3562.09 267.918 2191.09 10023.7 623.19
3567.24 7922.82 5691.81 4383.35 1751.47
3639.18 82.513 8372.86 4131.98 2961.13
3660.13 3563.72 4702.67 6927.91 3666.02
3669.04 2794.85 5219.64 7016.93 3753.09
3676.93 2477.81 1616.32 7207.79 5053.1
3722.79 589.678 4854.02 8106.28 2066.38
3731.97 2717.54 8223.9 660.375 3483.19
3745.35 2664.15 3340.86 4850.97 7372
3759.7 2864.37 7710.82 2199.64 5104.64
3786.99 2049.81 1480.09 591.812 8008.86
3935.24 683.223 3690.62 261.48 9206.04
3939.08 4592.81 218.187 3592.09 7539.97
3979.22 1266.26 7371.49 1011.77 5625.9
4040.48 1245.91 5033.39 6655.07 5188.03
4080.13 423.925 661.679 3403.88 9052.92
4101.8 5372.72 1713.5 4018.64 6301.48
4104.84 1723.25 977.727 5971.48 6946.88
4118.3 799.341 2518.98 4469.59 7386.63
4120.76 3410.56 8149.24 1596.2 2306.33
4251.58 3144.48 6927.87 4971.34 997.355
4273.31 1557.46 9157.79 1120.78 1789.79
4365.93 3388.18 7625.05 2281.55 5352.07
4376.11 2019.69 771.002 6950.82 4916.05
4383.58 3999.32 7874.92 299.42 127.774
4384.35 2245.67 8626.95 163.687 1060.26
4469.43 4564.03 4287.12 1501.76 5675.14
4591.55 740.049 1627.88 4424.13 7534.21
4603.87 3124.46 7266.7 404.861 3642.85
5061.8 2912.68 4090.41 7384.8 4583.08
5229.2 1373.85 1534.69 4860.22 6117.17
5260.56 5207.35 5262.28 3836.73 1564.64
5331.53 1133.22 3335.75 5047.12 6543.63
5379.57 3243.52 3395.94 5185.54 852.816
5473.82 698.719 7815.7 167.914 4433.69
5710.64 5782.07 3086.02 6013.4 1802.57
5833.46 2683.98 4390.7 3040.64 1710.1
5923.74 1885.28 1410.65 3935.87 5654.87
6225.7 819.1 5404.26 7702.66 422.714
6272.93 2013.86 6436.59 351.814 4480.42
6366.74 4767.09 26.1288 4870.28 5321.09
6452.46 784.5 6743.44 1004.45 3066.14
6809.62 484.931 1460.82 6610.37 5642.05
6941.29 1651.07 2927.05 1716.37 5530.73
7061.24 1039.23 3046.87 900.353 6159.43
7087.43 2917.69 2304.8 400.682 7336.74
7803.56 297.217 1692.13 4078.25 5361.15
8142.34 5435.81 3692.25 1873.83 3156.86
8225.18 4010.48 170.753 3169.67 4161.55
8270.06 1757.91 4649.6 5442.15 55.1774
8430.05 1552.07 5925.83 1855.2 798.861
8740.73 3130.44 1849.53 3308.58 3533.21
8764.34 2610 2242.83 2600.88 2467.6
8765.69 3582.24 839.658 2509.22 2629.41
8834.47 3357.35 1561.59 2060.09 2147.35
10161.4 268.525 2773.11 1386.64 1901.97
