257 23.3568
14.2589 1.55874 4.19318 1.65367 2.60809 6.02516 1.13052 1.3448
8.61548 4.5596 12.5817 3.88522 1.71911 0.894088 1.94793 4.32998
2.45584 2.50496 5.27914 17.59 2.17323 5.48913 3.31717 0.929725
1.61636 10.2065 3.61735 3.85314 8.08147 7.00612 1.23522 5.17636
1.3989 0.348084 0.747535 2.62406 4.6595 11.8747 8.59858 0.000124737
0.923263 0.123871 0.400227 0.495811 16.6925 2.32668 4.58654 2.61563
0.412632 0.476591 0.651624 3.01519 0.512232 0.154787 17.4826 0.45448
0.347645 0.64792 0.195461 1.62854 1.66079 17.0189 1.0513 0.394952
7.9798e-08 5.16358e-08 4.43034e-07 2.03271e-06 3.67572e-06 9.37083e-06 2.61502e-05 10.9786
11.3821 6.46612 1.69235 2.4185 6.30937 3.95807 2.82804 5.22205
9.55985 5.16795 4.45234 1.6552 5.74993 2.70868 5.6393 4.61517
2.93785 9.68747 2.25616 3.4657 11.5834 2.01312 1.0727 0.273417
1.60334 2.71012 11.7153 2.12734 1.41439 8.31381 2.56025 6.72118
0.910738 0.473483 0.243091 15.6266 1.08373 1.35987 0.802593 4.31594
7.03867e-07 3.31371e-07 1.72209e-06 1.47746e-05 6.00483e-05 0.000199791 0.000136151 9.81855
5.88126 2.67203 10.9072 1.74398 6.20732 1.19669 0.912974 5.81169
2.47705 8.59566 1.35515 10.1065 2.76307 5.39424 2.57801 4.2201
1.4835 5.56793 4.67193 11.4713 5.72733 4.19872 1.38808 3.27451
7.05125 1.04165 9.67812 3.87835 4.09488 3.83439 6.88531 3.48926
8.98884 0.940931 7.4129 7.88208 6.23553 3.66617 2.62874 6.3301
3.9452 3.71252 10.2538 2.77699 11.5219 0.754117 6.46173 0.89708
8.23173 4.22403 0.518637 8.62499 3.90333 5.08222 5.47138 5.94728
1.08564 0.762142 0.667949 14.3446 5.03701 7.67262 1.01318 1.04939
3.44164 0.718562 10.3295 4.57513 3.69431 7.11058 1.51595 2.09511
8.59577 8.08957 5.64113 0.690414 3.95526 5.66393 4.02404 5.50328
8.84589 1.03601 6.54094 3.07234 6.50694 4.14679 5.602 3.1873
5.38926 1.31634 8.30031 10.0156 3.02738 2.35726 6.64587 0.822259
5.64494 7.01105 8.43576 4.77872 6.9632 2.72482 2.73909 3.69523
3.82714 7.75023 7.09479 4.99223 8.62934 1.10554 5.08231 1.39722
1.37785 0.490081 9.15981 2.26083 4.78679 5.46858 9.01509 0.115113
0.362469 4.95673 7.96658 7.28141 6.23736 1.00411 1.1752 7.21218
0.769183 0.237522 4.40644 14.8413 6.49782 1.82506 0.987591 3.65276
3.37928 7.34458 1.51013 10.5871 5.18249 5.37532 1.7595 5.39645
0.0135592 0.0130272 0.00277556 0.139769 0.980088 0.161841 17.1551 6.12432
6.03762 6.61306 1.24827 8.46743 7.45173 3.99507 3.07655 4.68613
3.838 6.8331 4.81309 0.950145 7.54525 5.51654 4.05731 0.673223
1.14152 8.31418 1.04565 9.39377 3.92718 5.54483 7.45229 1.46935
0.539171 0.336293 9.47399 3.69084 1.8497 9.04977 5.13652 0.849108
8.3865 4.73559 2.27204 11.6063 4.07659 5.90672 4.93855 2.96416
1.32878 7.13703 5.69535 11.8117 1.47353 2.57155 5.60647 3.5038
7.20577 7.48309 3.77358 3.04522 1.13738 7.78946 4.83798 4.62424
0.53598 0.350903 1.01649 0.805128 15.3907 1.1065 3.03372 3.01293
5.00808 3.83569 3.29879 6.7445 3.9254 3.79139 5.58578 6.54037
0.453808 5.23095 8.69421 6.92833 1.37115 3.86296 3.35285 1.85631
2.38317 2.82265 7.6886 9.74801 1.68688 2.73215 9.86174 0.863358
7.16901 7.89022 3.45091 5.19186 3.11354 0.965798 1.41053 7.80124
0.962934 0.0778846 4.93571 15.1496 1.49067 1.62275 1.42643 3.32252
5.72415 4.41025 1.04594 8.31721 6.347 6.46907 2.47443 0.519752
3.88928 7.46866 6.9621 6.04502 3.74614 8.44389 6.51935 0.0297682
0.762047 0.0457717 0.683913 0.587529 1.71758 0.193874 16.501 0.00979404
7.93001 1.90454 6.445 4.89144 0.697316 10.5224 1.26035 6.33352
7.53096 3.09989 0.637893 13.2843 5.30198 1.18031 0.918907 0.440318
2.15568 5.54584 2.08368 1.48651 9.06845 5.2477 0.912442 7.5113
5.75028e-06 3.19645e-06 3.58796e-05 0.000191225 0.000672083 0.00173177 0.00366218 9.39972
6.85321 3.00706 3.03202 8.5854 1.01362 9.98504 1.15309 7.47734
0.131392 0.0876979 1.68613 13.7475 2.66048 3.52199 4.32119 3.69717
1.45405 8.5228 3.38961 12.2793 2.67704 5.3296 2.59923 1.81311
3.45258 2.36838 5.57626 6.08068 1.83719 4.0755 8.7602 1.9122
0.226904 0.118201 0.707402 0.306974 16.0029 2.01819 1.81003 2.58415
5.59529 1.64826 6.83731 7.2875 2.96739 3.83977 4.59925 1.76298
2.62331 0.211915 1.40053 0.894854 16.3183 1.87586 2.26049 0.249607
0.163922 0.0122429 0.0949343 1.29198 0.569049 0.266431 12.6934 5.2119
4.39841 4.12192 2.68597 8.02856 3.68537 2.3168 7.02798 6.39843
7.59942 4.01259 7.26245 11.3175 1.3454 1.57492 7.20651 1.90367
4.87843 5.10567 3.09695 2.56074 7.50983 5.93627 0.865256 6.96583
7.8671 5.05122 3.1197 7.39031 3.10361 1.90869 7.75527 4.90032
0.0318984 0.0649577 0.340128 1.21495 14.8485 4.67558 0.916192 2.86982
5.26192 1.77643 6.42315 0.967064 8.49245 4.72443 3.18077 0.702868
3.73825 3.92944 3.88557 9.82464 5.07409 6.10248 1.77083 3.96427
2.39275 1.81478 5.17911 7.72858 2.58839 4.05099 6.98813 5.51622
5.31182 4.83745 1.95821 3.3998 1.05888 9.30677 4.85082 3.37066
0.0293623 0.00176669 0.00677121 0.274234 0.570904 0.175181 13.1183 8.90993
6.15255 1.7591 1.80873 1.32199 10.451 3.48774 1.16433 7.72325
2.5833 0.613837 5.35215 0.942417 10.5973 1.03028 5.78938 0.926312
6.29703 2.71819 4.60854 6.61326 6.10182 4.98141 1.08243 6.58935
3.24405 1.70998 0.758832 1.18651 9.93533 4.6294 3.6246 3.40607
6.75362 0.453167 3.40529 9.51691 2.38673 5.6093 3.37101 5.01073
2.11809 2.43958 2.9739 8.34411 12.6411 2.1969 1.89176 0.413685
3.06721 0.462928 1.8121 12.9965 2.00699 6.70931 1.86475 2.28694
0.00167579 0.00137018 0.00801307 0.047009 0.10675 0.282817 0.398941 8.63563
1.1585 4.00248 3.18728 11.3538 5.82713 5.82058 2.91236 4.08735
6.24938 1.46332 6.18066 7.60732 4.16218 3.8746 4.64092 2.48328
4.00395 2.89258 1.07513 7.79747 9.16443 3.5759 5.29441 0.131311
2.72477 2.04508 4.99702 8.84115 2.56271 5.75501 6.30029 4.46853
2.99051 3.13912 8.76631 3.89706 2.09687 9.23145 3.98887 2.16878
1.54323 0.90284 2.44132 8.78212 9.82611 2.42824 3.71442 0.484039
3.10612 3.90373 4.35854 1.50929 4.3271 12.541 1.73839 1.50978
3.68449 4.55933 3.74391 12.0577 5.61585 1.01046 3.7595 4.46843
7.72739 2.17832 2.59202 9.70937 1.89583 9.03281 3.10989 4.60468
0.00944588 0.00128238 0.0276873 0.0401422 0.678542 0.487309 15.3049 1.1505
4.85422 3.04638 7.3879 7.56331 1.35244 8.84099 4.81286 5.86638
1.011 1.58343 1.93129 0.675317 0.224151 12.8787 5.68166 4.80371
0.140699 0.033471 0.899126 2.71422 10.8097 13.6395 1.151 1.92751
4.34326 1.3743 1.37294 8.20528 2.69137 8.6994 3.62991 6.77228
0.692812 0.819163 8.8791 8.4165 0.669997 6.24745 5.19543 4.3232
0.436563 0.0519894 1.51585 10.1945 5.82468 3.3886 2.43342 4.85532
4.82325 0.621469 2.75271 10.6801 5.40982 2.41412 3.72819 6.59381
4.59114 2.16298 8.56003 3.72542 2.64705 5.17173 6.33024 1.23093
2.45843 4.07908 3.02434 10.7581 6.82633 3.54038 1.1064 6.22433
0.0561128 0.285303 0.204509 0.333745 5.19548 16.4325 2.53253 0.93259
0.0242996 0.230941 0.517788 2.83736 13.4667 3.47296 5.08307 5.69333
3.2154 3.48137 3.51643 5.89504 1.83099 8.06983 4.31571 2.25502
1.24937 1.18357 3.01069 2.04333 0.908133 14.3103 2.24224 0.512583
0.135831 0.116072 0.24257 2.79908 1.61402 16.7714 1.53572 1.12228
4.28194 2.84059 3.43177 8.08675 6.41399 5.4683 7.94782 1.05957
0.108181 0.214602 3.89012 6.15915 0.705665 11.3148 6.48278 0.386439
1.59283 3.38704 1.80723 1.47687 0.652988 13.0381 2.02715 6.63813
2.78259 4.79971 1.26502 12.0008 2.86429 2.52623 9.61478 0.521817
5.75671 0.891343 6.26212 8.24873 4.01343 4.64411 6.03409 4.43199
3.76023 3.69287 1.48608 3.65215 1.39364 13.3641 1.74734 1.17515
0.661806 0.279332 1.00545 2.57872 1.6745 16.0823 0.827907 0.600889
0.6552 0.106464 1.44022 1.17301 5.78816 7.60236 0.615933 8.34837
6.41147 3.41872 3.40581 4.65951 6.88799 0.801842 11.35 0.0716443
3.33025 1.57286 2.40655 5.81377 6.75319 3.91687 4.93973 3.24472
0.918273 1.87147 4.73447 12.7784 3.33108 3.75942 6.43663 0.956325
3.96793 2.46148 0.507946 9.12345 5.56322 5.26184 3.15633 2.71152
0.0679775 0.0611024 0.0844293 0.623967 1.05958 4.93597 14.0676 0.0128239
1.2312 0.298237 7.52199 0.948083 9.48742 7.79288 7.08387 0.428512
7.3678 7.82446 1.13999 10.0038 3.88735 4.66807 2.75042 0.372609
1.80844 3.58331 1.74046 2.68261 0.314454 9.928 5.42001 6.41528
0.204174 0.770942 2.21835 2.9141 16.2888 0.96266 2.95111 1.88966
4.1212 2.08639 0.994006 9.45236 2.03371 0.630144 8.73587 2.89902
0.947423 2.66622 1.88647 15.0627 1.30501 0.818202 2.093 5.952
2.44207 4.60239 8.46769 0.629133 9.68782 3.30898 1.52323 1.07968
2.20984 3.17488 0.610649 2.16228 10.07 9.24407 1.14268 1.21121
2.0228 1.05974 6.03456 6.92262 2.65651 9.08113 2.95184 3.71758
6.63356 2.17231 3.73256 10.8148 1.01084 5.83379 3.4448 2.59864
1.27135 0.671582 0.188113 6.88533 4.93497 1.83762 7.38054 4.93684
4.60075 0.888881 3.3062 5.26063 0.839575 15.0225 2.13922 2.06168
1.67179 1.47924 5.61283 8.37492 4.40432 10.1697 0.819882 4.47539
0.795321 0.41488 0.737848 0.867915 0.384821 1.73807 15.6555 0.0151105
0.896118 1.25774 2.63223 11.0768 4.26598 2.0216 7.07102 6.91112
0.00199354 0.00243781 0.00103806 0.0185595 0.238911 1.66454 14.6903 2.34177
0.209973 0.32979 0.0193855 0.884891 15.7033 2.36952 1.40843 0.137616
1.17765 0.679248 4.52916 8.53299 6.67691 2.99443 1.97726 6.15439
5.18564 2.9314 1.22926 3.23385 12.6997 1.46594 2.17929 0.95971
1.76148 0.253576 2.89881 6.61808 8.68099 2.59074 7.418 2.72009
1.11248 1.31509 4.1529 10.3609 5.6233 2.04295 1.14571 7.06385
7.37248 1.62967 4.81193 6.79672 1.78151 9.41139 3.05703 0.0265304
1.52725 1.34828 2.01559 0.192691 13.2428 0.868721 8.82884 2.8914
2.15848 1.89366 5.95571 7.06508 1.73619 4.73603 7.18981 5.91401
5.13031 3.20533 2.3623 11.666 0.671213 5.39276 7.55727 1.27555
0.459157 0.300015 0.387514 0.495923 14.0054 4.24144 6.72493 0.712889
0.308507 0.0228768 1.67177 7.15551 9.61462 6.17804 1.98276 6.05357
6.48697 1.57472 5.58424 7.19179 1.38496 8.83126 7.32098 2.65863
0.0792235 0.501934 4.5788 0.357766 12.3945 2.63587 9.40839 2.46903
4.50979 0.800909 4.48397 10.9156 6.65237 3.90471 1.35488 3.89766
3.17525 2.34255 3.43824 6.9988 8.0506 6.33198 2.82435 1.15676
0.180388 0.0151679 1.22708 3.44868 13.8642 1.67427 2.84937 2.15885
2.46642 2.58494 0.850644 4.6629 9.2873 3.29513 2.07855 3.8313
3.41149 1.50803 0.324203 3.35645 8.96801 8.46324 0.876835 2.27519
2.92513 3.1113 2.03836 10.5408 2.91887 7.39241 4.6665 0.101182
1.55548e-05 6.3037e-06 0.000130418 0.000667275 0.00324781 0.0247521 0.131056 9.33322
0.257393 0.340049 0.888608 1.44783 14.5559 7.31394 2.14912 1.22429
2.0916 2.06895 0.806069 6.49577 5.12264 7.1581 4.49144 0.333093
5.60784 3.4673 4.70002 4.91642 3.10771 7.21396 5.89881 4.20796
2.06155 0.449001 0.679695 4.10147 0.319042 9.81657 4.14374 7.49706
0.022235 0.121481 0.23477 0.094857 0.757048 0.0621125 17.4152 0.525204
0.0599866 0.0215518 0.00870035 0.141063 0.50092 3.18461 12.3499 1.51108
0.464127 1.55302 7.81221 10.5463 6.0716 2.85921 6.00012 0.566018
4.2039 0.593845 1.23391 7.38008 3.52567 4.74526 5.64312 2.32918
0.2687 0.220862 0.33687 2.80908 0.313503 14.4764 2.13866 4.99675
3.4346 2.65422 0.720549 9.74534 9.67581 7.22941 1.54566 4.45073
5.94888 3.27741 5.68773 5.66321 5.86155 1.71592 8.71656 1.65469
0.252229 0.020328 0.022201 2.41951 13.6666 4.53574 2.50708 1.68853
1.25339 1.16551 0.698564 3.55921 4.48899 13.9751 1.30025 0.337676
5.17844 5.22403 1.9576 7.9369 5.64473 5.56871 3.00817 5.89675
1.73933 2.9943 3.37488 5.52402 14.0004 0.752697 3.60152 4.15131
0.0353068 0.00598322 0.0491561 0.153054 0.395284 1.09492 11.6703 0.196473
7.3188 3.06429 7.81728 2.37774 1.88577 1.61275 9.09268 1.35092
1.90845 0.827658 8.62725 1.90107 2.24831 8.82791 2.00774 5.48519
5.55931 0.39938 7.09801 1.73126 3.0237 8.085 1.65627 7.39274
4.07594 2.19632 3.34034 9.03983 1.09708 4.26077 2.69359 6.78229
2.78212 3.3324 7.34019 5.74071 6.2355 5.77132 4.68235 1.87523
3.536 5.00066 8.8492 4.11155 6.30599 5.32688 4.41571 2.87373
1.55975 1.06227 2.60531 10.4424 1.64953 2.88192 8.18225 1.83102
0.485323 0.932439 3.9945 4.7532 9.04508 2.78209 2.54656 5.55673
0.480028 0.958793 1.60101 5.47628 10.5618 10.9657 0.943714 0.6565
0.0957723 0.3941 2.29735 6.66959 11.0543 3.40859 1.01313 6.04848
0.183187 0.579167 1.97788 1.83091 0.319504 15.5693 5.06545 0.62561
5.06988 1.68008 1.16754 8.88226 5.21404 4.41807 5.09212 4.86954
0.572851 0.236019 0.90075 0.90551 0.225213 0.712346 15.9291 2.12684
0.204704 0.295494 1.86755 4.02641 2.33541 14.1056 2.32753 0.067579
6.07613 1.26445 7.47254 1.52958 3.08282 2.33182 4.62391 5.0552
0.809108 0.509769 1.93682 0.897972 5.1667 13.9425 0.703198 8.28334
0.001835 0.00137499 0.0153765 0.0390185 0.0518141 0.932413 14.3391 3.85917
3.79472 0.538273 6.26221 5.57676 3.91162 2.15693 8.42939 5.48138
0.000645114 0.000393571 0.00637608 0.0543916 0.0959667 0.144915 0.229695 8.94586
4.42547 1.52565 3.13072 7.29383 3.43915 4.32704 7.75649 3.91108
8.5964 2.2557 3.13329 4.14828 6.00754 2.96414 7.48662 1.19842
0.139384 0.258966 0.18817 0.712253 0.117734 0.455104 13.6636 8.22528
1.71814 2.52824 4.30313 10.7743 9.29412 2.80085 1.64543 1.44001
3.1956 0.556782 5.3025 11 4.32466 5.24302 4.68082 0.431485
1.62448 2.22428 3.80584 9.21667 4.27591 6.39271 6.30707 1.27073
3.22023 1.75921 2.51454 7.68209 4.35529 6.77881 6.79099 3.10682
0.720832 0.917921 1.65252 9.59192 11.4216 1.73196 1.43502 3.23316
3.77546 4.69177 7.87681 9.01163 2.69673 7.19312 3.83243 4.19044
1.02049 0.60007 0.275198 3.93341 3.05012 12.6047 0.976995 1.00033
2.8665 0.965143 1.29777 8.81064 4.54047 0.87348 3.94234 0.807632
0.051594 0.0235143 0.0438513 0.916371 8.61097 1.99527 2.11764 8.00157
0.229561 0.166767 0.0934573 3.42152 8.1147 2.64558 6.08451 4.37771
0.0170105 0.178055 1.84309 6.39199 14.2557 2.05096 1.53666 2.67165
0.109009 0.753542 0.440333 0.328559 14.478 2.70078 5.0793 4.02662
1.5654 0.461989 3.96725 7.00775 8.17094 2.48888 3.45335 6.26658
5.73428 1.97642 7.90215 1.51622 7.99333 4.46429 4.45912 3.95659
0.00523759 0.00158736 0.00338949 0.015659 0.105011 0.796604 11.1405 4.22528
1.22999 2.20621 5.19609 9.68421 3.47737 2.559 8.01525 4.41093
0.00630277 0.00275723 0.00990157 0.158235 0.716993 3.34897 14.93 1.45593
2.29198 0.225657 4.04113 6.41147 4.73959 1.09392 9.51263 0.925349
0.0115388 0.00429054 0.0648229 0.556565 3.94216 10.7395 8.47656 3.29319
0.004674 0.0164463 0.181305 1.23256 0.13113 0.561103 12.4904 7.26879
0.602201 1.27022 3.45991 10.6436 1.52333 11.1497 2.2605 0.228488
1.40579 1.36527 0.560961 13.7085 2.95659 1.96842 3.90509 5.44345
0.238417 0.484431 5.81501 9.02585 3.04557 4.56958 6.44156 2.80446
0.0291152 0.00455588 0.0318448 0.270855 1.77987 10.9019 6.87737 6.28068
0.0015906 0.0018936 0.0052536 0.0259512 0.0498231 0.0826192 0.103824 8.49139
0.255172 0.455782 0.0375069 4.90774 5.42687 12.7968 0.766307 7.18921
0.0385712 0.741894 0.444739 4.52975 7.02123 12.7095 5.79907 2.30071
3.62192 0.740432 0.290793 8.91303 5.73315 5.40673 3.06727 5.13198
0.226217 2.49642 5.64873 10.1091 1.23479 4.99906 7.10318 2.98687
0.353428 0.338132 6.45915 0.373056 13.0292 2.0206 1.29705 2.36804
1.29393 0.695863 7.30266 10.8686 4.09865 3.15701 7.19598 5.32821
0.233859 0.0661678 0.258447 0.0321548 5.47132 11.1008 3.97744 8.39234
0.346636 0.257354 5.75518 9.2781 7.26382 1.3764 4.33466 3.599
2.24682 3.36035 3.34258 9.92007 2.5448 6.68663 1.27196 5.04771
2.31933 0.362869 0.224681 3.97584 0.739627 13.7991 0.804055 6.4899
0.493761 0.0749159 2.18518 8.23685 6.59158 3.96217 4.26473 6.68612
5.09585 3.57103 4.83514 9.99901 7.07557 4.65786 1.12798 5.16567
0.151783 0.143866 0.185958 1.1538 15.5533 2.48841 2.56978 1.20246
0.0433566 0.0297577 0.485333 1.96106 8.88488 6.96076 5.29571 2.39018
0.668005 0.323352 0.315167 3.1419 11.1225 0.851177 3.55892 1.67407
2.07422 1.5422 2.80845 3.32873 1.02339 12.3701 2.65221 1.68156
4.67151 0.912069 4.81418 6.99419 7.29991 5.19796 5.70042 0.248678
2.3213 2.52299 1.33546 6.80229 7.88131 6.3694 2.69358 0.0265656
5.24843 0.61459 7.18809 12.3512 1.20571 0.764454 5.83925 3.34903
1.18592 0.588033 0.216951 4.24609 9.51165 2.43161 3.7678 2.43215
0.81004 0.248282 0.73923 4.11819 7.74883 4.45352 4.56524 1.77728
1.95522 1.91568 1.87573 12.6018 5.98392 1.95212 0.947569 5.89406
0.0856281 0.155664 0.522632 0.185152 0.773767 16.5888 4.40009 3.06508
0.140322 0.0202386 0.169938 1.5836 8.93634 8.77548 1.13496 4.27835
1.10001 0.38817 0.270185 4.42595 10.1702 7.8632 1.23238 2.68048
4.53016 2.6848 4.07576 4.34738 2.09101 5.95364 7.85301 1.13513
0.681879 0.75885 4.26012 6.59122 2.80869 9.33476 6.54285 0.332167
3.75352 3.96409 4.90901 4.60122 6.46126 1.28813 8.37261 3.50461
2.9727 0.676612 2.70771 7.44366 7.37197 2.88868 5.40939 2.14753
0.7 0.554779 0.535915 1.4336 11.677 6.52592 4.21858 0.419071
0.0183786 0.0115997 0.0405647 0.321077 1.29801 0.735486 15.1141 1.43227
7.90119 1.49117 4.39643 4.78007 1.65425 5.33455 7.29128 2.30997
1.33046 0.722809 2.77717 6.3444 5.27945 6.65438 3.21054 7.0288
0.244229 0.0284669 1.01464 3.27162 11.9239 7.80127 4.476 1.9759
3.16949 2.04044 7.17543 2.44952 6.83031 5.05539 5.14781 2.57084
5.45466 0.322017 6.90698 8.35 5.34728 4.61954 1.70403 2.4139
0.000874618 0.00062577 0.00180104 0.00968367 0.0123843 0.0187916 0.0191584 9.18131
6.26661 1.83894 2.14593 11.2138 5.86386 6.92885 3.87775 0.614471
0.0589408 0.133528 0.844377 0.87063 1.90193 15.8118 1.27825 0.790557
0.409482 0.498411 0.38897 12.8233 3.66209 6.55433 2.32593 1.10134
3.57283 0.637097 0.784378 6.24961 6.25446 5.0814 2.60316 1.32164
0.925226 4.68972 1.58835 10.8094 2.46611 6.66541 7.53411 0.240031
1.165 0.422136 1.10382 2.9408 8.42937 3.12317 1.52573 1.43355
0.154978 0.750113 0.405305 0.88161 2.7731 3.71836 13.8085 0.0035504
1.53829 0.955268 3.21865 6.31368 7.13777 8.1281 2.83162 0.518905
1.08506 3.74143 0.575347 11.169 3.72109 1.30901 3.27188 5.804
1.26524 0.749145 0.868079 5.6515 6.98476 10.6796 1.12138 1.64162
0.0810129 1.56876 3.75405 12.741 2.68366 6.44226 6.25325 1.2369
2.58933 0.998601 3.98053 5.38839 6.39411 7.06655 3.02869 5.46944
0.28574 0.378461 0.205501 7.48096 0.413807 14.5612 3.22263 4.31972
1.48553 0.138192 1.704 5.43945 10.0875 3.03023 0.921268 0.172715
2.01868 0.478621 1.63837 4.15503 6.80292 0.949972 5.34427 7.35254
2.07962 1.02193 4.89752 10.0779 8.63754 0.913821 6.7694 0.125192
2.78631 1.33565 0.938442 7.157 9.22386 4.29609 1.85316 2.64985
2.50111 2.08518 2.83385 4.01936 7.11758 5.32491 1.20004 5.08631
0.220533 0.148387 0.43757 5.1317 3.50422 6.59881 4.28644 6.46053
0.159085 0.105189 0.635251 1.12293 4.58202 13.4609 1.0572 3.24766
0.102317 0.0144577 0.140091 0.991562 3.79738 13.3456 1.59122 3.26375
0.795237 0.267939 0.487131 2.87135 9.14356 0.920623 4.77769 2.11775
2.5347 0.344363 1.58492 0.750884 1.82758 14.7722 2.04915 0.00383907
5.45982 0.569496 1.84552 11.0986 2.59551 5.16461 8.27502 0.493182
5.14776 0.452996 3.71615 6.59951 2.63474 5.138 1.32155 5.41105
4.48339 0.450831 7.20391 6.74857 4.96759 5.73717 6.06177 3.85454
0.866747 1.96897 2.86184 8.9635 2.17728 2.17494 8.39389 2.86057
0.083535 0.0343937 1.45896 3.53314 0.575481 11.6915 3.78695 7.64972
0.73659 0.239416 0.755003 12.4646 5.01002 1.01983 7.89782 1.22008
1.2483 1.98944 3.49043 6.70803 7.61146 7.48059 1.0744 2.92647
0.903992 0.897979 5.60274 2.91543 0.884147 14.2399 1.4577 3.11098
0.9684 1.14595 0.368188 0.315932 1.17611 16.0072 1.30842 0.315442
2.81521 0.936015 0.589279 9.71167 3.82592 6.30278 8.54653 0.757852
0.635029 0.113633 0.12511 1.49228 3.45074 9.50266 6.39887 0.694141
0.528889 0.13191 0.127495 7.24832 13.5586 1.30845 0.993555 1.79913
0.138903 0.149076 0.269313 0.586352 0.290246 0.542082 13.9247 5.33158
1.44038 0.888791 0.460707 7.0968 2.90453 4.94525 8.61574 4.01435
0.463239 0.373297 0.453777 2.02073 7.14319 3.05359 0.645473 8.33146
0.238111 2.69385 1.51467 3.51605 12.9048 4.28935 5.85172 1.06544
2.36438 1.04348 1.79812 5.55738 8.7489 7.98088 0.750316 7.38076
2.25083 1.3093 1.79984 9.65224 2.00472 4.32977 1.16257 8.36582
1.36113 0.420788 0.810882 5.79182 7.15733 4.12212 4.17847 5.63963
2.43385 3.55636 0.685286 8.86638 8.55404 3.84308 2.16103 1.74666
1.62497 1.4136 1.7583 5.08276 6.43817 9.22376 5.12013 0.0590079
0.852272 0.58745 0.92776 6.95948 3.79914 8.20139 5.42956 3.5692
0.659456 1.34882 0.752969 11.5389 6.33904 2.93669 1.31888 6.84401
0.208728 0.0371935 0.111392 2.22291 5.68414 13.1907 0.798129 1.56479
0.761703 0.947843 6.93141 12.3152 2.97929 6.49885 5.81675 4.49542
0.0897081 0.209858 0.478634 0.201198 0.0693723 0.524428 16.3153 6.10355
1.35248 0.717097 0.221857 3.24958 12.7864 1.00838 0.909899 5.24852
1.13138 0.696453 0.902662 9.18504 6.85709 6.09713 3.39413 4.76467
0.057252 0.0241115 0.247326 0.707314 12.1836 4.85103 3.05409 2.67645
0.737811 0.373103 0.178515 6.014 0.433153 11.5316 0.881369 1.60772
2.68308 1.2765 0.985186 9.89145 6.17395 2.0578 3.52936 7.77057
1.84539 1.14563 6.19387 11.8468 5.58789 1.78979 1.93339 7.50175
0.681477 1.13821 1.72881 4.64297 1.81264 12.4331 1.05929 0.298459
1.2271 0.707781 1.09396 2.3217 8.18895 4.83435 0.8176 6.38954
0.0164519 0.00706098 0.00370154 0.108933 0.0311279 0.858742 15.0279 7.56724
0.0298302 0.0709336 0.00488401 0.547329 2.73286 15.8726 3.33969 7.23236
1.00659 0.096963 1.34872 5.67841 0.537938 11.4817 5.21256 6.49683
2.57263 0.494521 3.62648 8.97709 7.45452 5.7222 3.31738 0.437507
2.1427 1.46769 2.96692 8.43666 7.63068 4.73895 1.68088 1.57787
1.13384 0.117138 0.946701 2.76194 1.36655 5.03079 10.2663 0.231855
0.462313 0.18205 0.981681 6.08374 7.64575 3.87841 4.11027 5.59487
0.049822 0.0139676 0.774568 3.06451 14.7855 0.883263 5.19745 0.487123
0.257198 0.11364 0.170629 1.92452 3.9766 0.342362 10.678 0.634096
0.929354 0.644395 2.60943 7.05573 4.84747 7.29767 6.17046 2.01643
1.43969 1.05461 2.24611 5.94102 7.57822 2.03686 5.08046 2.84078
0.00472582 0.000723115 0.00722413 0.08671 0.0658877 1.33186 11.4844 8.18716
2.28949 0.459049 2.55391 8.60172 3.00931 4.58398 5.49259 2.7864
1.27129 1.61446 1.49542 5.35176 3.01589 14.9542 1.49383 0.0310891
0.527273 0.44951 0.370911 2.58183 13.9864 0.69143 0.992394 7.67546
0.565234 0.944133 1.09239 11.8969 7.81779 5.34256 4.16423 2.72587
1.39908 0.746165 4.42657 6.43976 4.68474 1.66604 10.1861 0.220544
0.56528 0.724604 5.96342 8.61663 4.20395 5.93364 7.92344 0.592749
0.840742 0.249966 1.38184 4.64491 11.3596 1.13231 1.10457 0.619692
3.46374 2.82341 1.86981 11.503 6.00212 5.07549 1.44479 7.93397
0.306086 0.301766 1.15679 2.42985 2.08924 11.9975 1.02097 1.33562
0.31738 0.292275 0.400424 0.587634 14.317 4.60001 4.845 4.40758
0.471255 1.2287 0.981656 9.34173 7.318 5.91929 1.50179 3.09374
0.873787 0.122408 0.643133 5.03636 9.79362 4.78166 4.3312 2.45185
1.97233 0.983855 2.1093 7.72347 1.54307 2.46062 7.52972 5.57374
0.38564 0.123703 0.807569 2.40322 4.36243 1.39372 10.3684 0.607675
2.21924 1.09893 2.64942 11.1311 2.4191 2.41614 6.81299 5.50409
2.94603 0.359917 1.787 3.59733 4.56824 4.01969 8.73635 1.35607
3.56561 1.24268 1.87403 11.4285 3.48753 5.06843 4.87195 4.46154
0.0238265 0.0040147 0.0247715 0.0617316 0.170637 1.22365 12.0926 2.21955
0.0498393 0.0179724 0.066955 0.663797 5.7865 4.68388 3.49269 7.85316
1.10302 0.786209 1.21296 13.3825 3.53902 1.47451 5.09924 1.72632
1.01584 1.40735 4.05696 12.1134 5.45097 2.53118 4.41489 1.52037
0.731264 0.169626 1.62935 4.26301 6.42528 7.05424 3.43781 5.75617
1.13513 1.09408 1.33426 2.09765 1.86228 0.667303 7.96276 6.00825
0.230714 0.196986 0.021067 0.635669 0.502387 15.681 5.21122 3.15788
0.020054 0.0165682 0.12307 0.379437 0.970407 15.3344 7.51863 1.09261
0.00052915 0.00037145 0.00126489 0.00748754 0.0302448 0.120919 0.467425 8.92145
1.8885 0.837425 1.56422 5.29705 9.16039 2.234 1.00748 4.58663
0.11684 0.0650444 0.232301 0.831482 0.139748 0.144398 16.2005 7.53369
0.0177173 0.0260922 0.201645 1.35981 0.139661 15.4881 0.736647 7.47916
0.545482 0.263023 0.503195 3.91797 10.3091 2.06235 3.97783 4.32287
0.481071 0.517853 0.0796817 3.84153 5.24844 5.15038 8.91298 3.11704
0.108703 0.245939 0.395538 1.32868 11.8095 6.90374 3.10421 4.20929
0.494324 0.115843 0.984331 2.66196 7.9551 5.97359 2.27844 2.07732
0.143058 0.0191862 0.274421 1.33957 0.478297 12.1562 1.06368 7.63122
0.909245 0.626179 0.692384 2.13123 12.9412 2.25958 0.694448 7.12168
2.52657 3.23357 2.3534 12.3383 4.17293 2.47878 7.71123 2.29203
2.44868 3.76668 0.436196 11.3152 4.33453 3.99638 1.26272 5.83239
3.53946 4.8086 1.21218 9.43167 2.57027 6.73263 6.57619 3.86913
1.14776 0.8629 0.504502 8.65587 5.67076 5.90986 2.3574 6.80274
0.203907 0.0672036 0.755083 3.12067 5.98411 7.94215 0.911108 7.32842
0.752882 0.0955371 0.224839 2.27901 10.9809 1.68026 4.93646 1.86614
0.0166247 0.00280899 0.119656 0.448902 1.04444 10.5479 2.35384 4.54997
0.00188921 0.000431365 0.0205776 0.076617 0.612095 1.07244 5.7388 8.86065
1.37074 1.64109 1.19642 12.6349 1.82827 1.15415 6.68222 1.83223
2.74774 0.868637 0.671374 12.9473 5.33908 1.66762 4.69885 0.0284058
2.01729 1.20703 0.732503 3.20856 9.33849 7.18523 5.51919 0.783638
0.522021 0.797907 0.989509 6.20285 10.2423 2.40169 2.63151 3.11606
0.395467 0.22811 0.12603 5.84186 6.39806 11.797 0.810927 5.22315
0.052746 0.0145157 0.00654851 0.180519 1.69936 9.66943 1.7902 1.02845
0.395489 0.263365 0.0715734 1.08493 1.02605 15.1888 2.51822 1.1958
5.71448 0.748793 1.08768 6.59768 12.0344 4.40128 5.52175 0.226647
2.66927 0.359518 4.79416 5.57658 3.13364 6.22799 7.2963 2.24674
5.99709 2.88237 0.616131 11.8336 1.40258 2.71851 6.18707 6.13794
0.461585 0.149741 0.184629 1.53218 2.27669 11.4268 1.62421 1.29295
2.06524 3.40589 1.83442 9.87918 2.9224 2.89418 7.96884 4.73627
0.195751 0.232019 0.831227 1.088 0.0826212 12.2711 6.9553 3.91087
0.864648 0.502684 0.513026 4.95928 0.56698 11.6392 7.84316 1.04838
1.51528 0.778194 1.62528 4.06081 12.952 0.777984 4.03127 0.521071
0.0598441 0.0125778 0.05349 0.617967 6.02214 1.81923 14.5578 0.0495446
0.853412 1.06271 0.286718 11.2466 8.39656 2.09858 6.72611 1.54172
0.171318 0.0608318 0.141156 1.02116 4.97167 0.362716 7.63282 7.0149
1.25585 0.550369 2.67122 5.33111 2.60155 8.92428 6.34899 2.16484
0.806214 0.406461 1.52815 10.8305 2.21358 8.57379 1.49942 2.82041
0.677447 0.296614 1.83374 1.20241 12.2874 7.71275 1.01752 1.61766
0.00740843 0.00425562 0.00359214 0.0376257 0.637592 1.30767 14.4873 2.7604
0.23712 0.159429 0.19448 1.07723 8.34197 3.2216 5.69842 2.73567
0.102237 0.0228089 0.136994 1.3719 11.2317 5.06164 1.52056 2.23825
0.406461 0.328207 3.05771 5.21681 5.69245 9.18339 0.813539 5.96754
1.78909 1.11563 1.08658 9.99633 12.2716 1.88788 4.41057 0.0137671
3.14578 1.43795 0.666909 9.38046 2.43053 6.2467 7.89304 1.72654
1.79097 0.865215 3.34729 12.9029 8.52799 2.58095 1.04525 4.57315
0.00106941 0.000934067 0.00613962 0.0379973 0.0509882 0.433964 0.838553 8.69971
0.984963 0.24188 1.04551 3.75958 1.15446 6.80311 7.3401 5.82243
5.00939e-05 5.98944e-05 0.000353566 0.00168097 0.00208197 0.00713579 0.043335 9.11191
3.50012 2.90426 2.31334 9.66443 4.16267 7.6803 2.64757 2.0619
0.00782908 0.00456966 0.0987045 0.358448 1.49605 1.96159 10.905 0.384623
0.483992 0.318419 0.346729 1.86174 12.0551 1.2305 2.05401 2.61795
2.41148 0.598716 3.82201 8.36163 9.28048 0.901919 5.82598 1.52453
0.58597 0.288947 0.16652 0.695654 0.815506 10.3693 9.14081 0.058584
1.40271 0.386389 0.966074 2.53926 13.1217 7.82337 2.1347 0.0607675
0.741054 0.290092 0.709822 2.24391 3.24141 1.88862 11.4421 0.10256
1.03952 0.259211 0.108801 1.61482 11.8527 0.743171 5.23687 2.2531
0.322024 0.144565 0.0293902 4.49515 4.10614 2.82495 10.8933 0.20655
0.912358 0.186394 0.586271 13.5697 2.4298 1.11558 5.4769 6.12755
1.2258 0.677997 1.85644 8.49213 5.91419 3.26646 7.20771 1.92245
0.613698 2.00394 1.63143 9.74852 9.70897 2.98856 2.06547 1.75943
0.0372101 0.0150765 0.417717 0.636152 3.13482 13.7 1.95459 5.17945
0.0022505 0.00312295 0.0378229 0.0779868 1.41535 14.6107 3.86066 5.07276
0.00189177 0.000895225 0.00553734 0.0179236 0.092588 1.42526 9.96751 8.80194
0.039579 0.010043 0.00697154 0.0832179 0.810696 10.2529 3.82274 0.282248
0.231764 0.0386571 0.157397 2.46627 12.7104 4.48473 2.00667 4.11341
0.00627282 0.0360907 0.342587 3.06047 7.82516 8.55845 5.98451 0.774269
0.0114652 0.00348545 0.00404384 0.0795839 0.668285 1.58357 16.075 2.63234
0.0322325 0.0252963 0.0162819 0.350011 4.87084 1.00236 11.2337 0.107008
1.85462 0.73144 3.48267 5.58688 4.12587 7.68778 0.952244 4.70415
0.457442 0.356115 1.96368 13.475 3.14602 6.05795 2.50832 1.23663
0.587251 0.885369 1.90037 0.293717 0.564942 16.5286 2.5628 1.17869
0.413297 0.357567 0.350964 0.162554 6.11093 14.8742 1.98228 1.29681
0.00783713 0.00489108 0.171599 0.17447 0.0841435 3.00376 13.5277 5.42003
0.068062 0.0563043 0.211157 1.11795 2.07812 1.75578 6.96464 7.4462
0.707485 0.0863359 0.464316 4.32403 10.6565 0.856794 1.65811 5.79151
4.66897 0.711618 0.469883 6.3932 6.11776 2.38355 6.59976 2.14096
1.45824 0.248604 1.72044 1.04086 6.3664 9.56254 9.37757 0.00869403
0.297656 0.815335 0.971919 3.72864 10.8578 0.886625 6.56087 1.62332
0.0156664 0.0126571 0.195956 0.655256 8.25155 11.1263 1.93115 5.97924
0.7607 0.349978 1.18014 1.87337 0.633455 0.568524 16.361 1.97815
0.00493008 0.00198775 0.0103449 0.0225798 0.053521 0.815002 15.7295 0.0557033
0.000312135 0.000367794 0.00280293 0.0203434 0.105018 1.17311 9.73581 5.29264
0.442762 0.043311 0.452075 1.78233 13.1909 3.9904 6.69688 1.13058
0.888155 1.06786 0.60864 11.1987 2.90873 10.1218 1.4813 1.4469
1.44488e-05 5.99892e-06 0.000139972 0.00102477 0.00371228 0.00897123 0.0237442 9.03334
0.0263706 0.014622 0.0450406 0.296182 0.667152 0.696694 8.10816 8.11849
0.489383 0.127222 4.02597 11.2989 8.07357 1.9572 1.01895 2.53646
3.23437 0.219626 2.01548 12.7435 1.24669 10.0863 3.88719 2.07591
0.616626 0.0451872 0.641734 3.16075 5.51222 0.397162 7.34628 8.25811
1.71811 0.334074 0.533875 6.95035 6.53034 1.70214 6.16769 6.13405
0.0104445 0.00241454 0.018896 0.0661591 0.156951 1.00247 11.9134 0.140452
0.327859 0.112935 0.154454 1.38135 10.5312 5.62491 0.982175 0.771687
0.136519 0.0128845 0.145825 1.29962 4.79839 0.576999 7.66823 8.46579
0.466426 0.218092 0.250696 3.07416 9.34784 2.4799 7.68145 1.10368
0.0204476 0.0137851 0.0255769 0.131333 1.54636 0.422718 13.2491 0.776749
0.237816 0.0802261 0.45969 1.82525 10.686 0.814184 1.93454 3.57111
1.95312 0.853117 0.627746 9.61368 4.78352 6.99878 3.63533 2.58062
0.50206 0.196264 1.01039 4.37972 8.42837 1.42514 3.94826 5.6933
1.05821 0.0723416 0.572246 5.54789 0.330136 12.1368 5.17247 2.14764
0.075504 0.0394802 0.274364 1.76253 12.4615 1.58724 3.06682 2.81581
0.0570968 0.0266949 0.0629767 0.205256 0.706671 6.28219 8.87775 3.43252
0.141012 0.0424211 0.143554 2.09152 9.74369 5.64826 1.40042 6.72704
0.186786 0.0102338 1.80572 9.15825 6.89851 1.38578 6.05718 7.07434
0.373643 0.386795 1.14501 12.2057 7.5445 1.70762 6.19923 1.3494
0.0228513 0.0115982 0.0509621 0.611076 3.56283 2.97264 9.10995 4.63343
0.0813192 0.0602164 0.300529 1.69699 12.4575 7.65951 4.00054 1.9907
0.0926484 0.0152872 0.0734626 0.393613 4.61708 0.504871 8.35978 3.76635
0.980016 0.372211 2.06445 0.669696 12.0495 2.1498 2.75517 2.96645
3.09877 3.30327 1.5831 1.94727 8.54662 6.06357 0.739382 4.68846
0.0184166 0.00424291 0.00923651 0.0547987 0.353497 4.35695 10.4646 1.46397
0.161873 0.188503 4.48121 8.27831 0.958208 8.80307 5.0978 5.76916
0.392608 0.170359 1.58643 2.5077 4.15199 8.63644 5.33295 2.68054
0.245764 0.0491985 0.0398985 0.778203 3.39573 9.60697 6.92691 0.186037
0.0812804 0.0333724 0.0692795 0.472968 5.64737 0.706213 9.31803 0.142597
0.200492 0.182377 4.17413 9.26513 7.17322 6.08495 1.62151 2.89143
0.956427 0.845549 3.37847 2.55737 0.852392 13.1443 1.1269 2.86522
0.0353947 0.0118172 0.00908144 0.0669804 0.115282 0.769907 12.5835 3.76512
0.0728008 0.00621615 0.104354 0.296466 0.74063 5.78946 9.18029 0.0424437
0.0703241 0.0342897 0.0420302 0.34186 0.120056 2.92393 13.2922 0.511666
0.16827 0.0376797 0.120129 1.42938 8.7571 3.96268 4.7833 1.23266
0.23888 0.0703562 3.42924 5.64807 11.6364 2.84859 7.70132 0.194969
0.991513 0.355401 1.18516 5.46496 5.51998 1.44537 7.79395 2.85891
0.0246818 0.0225316 0.277648 0.595649 3.19978 5.43241 6.20704 5.43644
0.443956 0.154801 0.164549 4.48223 7.40864 0.871449 4.37167 7.53502
0.239796 0.0628011 0.050298 0.770527 3.09859 7.51312 1.21198 5.25937
0.00966176 0.00206372 0.0139946 0.0405443 0.0867098 1.00284 13.4236 1.14294
1.69535 0.402488 2.22852 6.57538 1.47208 5.89956 6.95186 5.03213
0.0376211 0.0231858 0.132821 0.546867 1.46745 1.27892 12.08 0.0418159
0.859194 0.256668 0.301868 5.19268 5.62752 8.02476 3.7212 3.02886
0.180998 0.080804 0.13681 0.563418 3.82728 6.83602 5.82514 2.50307
0.157477 0.0884791 0.0328805 1.09206 7.23391 1.60005 3.87814 5.65718
0.587068 0.842997 0.113019 0.735512 1.80058 15.2542 1.13875 3.18811
0.115555 0.0503135 0.0134775 0.546584 5.94012 8.09418 1.52391 2.20651
0.382286 0.185492 0.114732 3.18135 6.60588 3.69086 4.3644 6.46464
0.20493 0.370245 0.771334 2.52191 2.74187 9.16358 4.10103 5.5784
0.00500481 0.0148303 0.113264 0.444371 3.75461 8.67623 1.90967 8.14393
0.0110773 0.0369676 0.06694 0.284211 1.60814 10.453 7.13089 6.81451
0.380631 0.148486 0.297647 2.35803 1.88529 12.0634 8.54943 0.185722
0.295134 0.047779 0.059351 0.826741 4.51099 8.34485 1.52598 0.0747634
0.0442986 0.00717131 0.0148797 0.208792 0.53054 0.213145 9.00351 7.74497
0.100312 0.048243 0.262839 0.846098 0.202041 9.91557 6.50937 2.40211
2.31903 0.347778 1.52765 13.7405 3.35778 3.84374 2.65826 2.41654
0.02954 0.0182675 0.0910567 0.470466 1.10326 7.84304 4.96818 4.12111
0.144325 0.0469978 0.0689623 0.217281 0.79053 2.2242 10.7569 2.04007
0.0912755 0.08096 0.236091 0.856599 1.74854 1.74851 8.68836 3.54103
0.0214656 0.0121941 0.0641036 0.481969 2.29313 6.05423 2.97355 7.11493
0.0975693 0.0317775 0.0855498 0.366672 0.774128 7.46677 8.09933 2.63094
0.031022 0.0117911 0.018337 0.0619647 0.118008 1.50452 11.9559 0.890554
0.590312 0.228033 0.100711 2.09513 10.936 3.35522 2.96113 2.46334
0.0837598 0.0353684 0.0491529 0.183956 1.73642 5.70563 8.2635 1.72001
0.0200202 0.011982 0.0550542 0.231596 1.42707 2.86263 9.68815 4.70553
0.00364169 0.00342904 0.00765254 0.0590704 0.559471 0.707726 10.0138 2.68703
