11 0.153936
7.92439 3.08778 0.804097 0.704452 0.699269 5.41541 3.00173 0.882936
5.44711 2.4027 1.13035 0.706704 7.47008 2.6011 0.956673 1.03038e-07
1.63842 3.9787 12.1983 1.09401 0.864973 0.811947 1.09002 0.0648668
1.09717 8.42772 1.26666 2.98105 4.91317 4.87145 1.96892 0.93034
0.783395 1.31658 0.12467 8.06686 3.69749 2.55301 3.13503 1.87307
0.0289221 0.226154 0.649848 0.500952 12.1728 4.4129 4.15582 0.101662
0.00144441 0.0014006 0.0218425 0.0585461 1.03664 16.1803 1.07544 0.00420446
0.000704822 3.11383e-05 0.0144769 0.0414103 0.787282 0.0374478 17.9974 0.415088
8.78153e-09 1.26156e-08 6.19135e-09 3.83815e-08 6.63819e-07 5.07553e-07 5.81374e-06 12.5221
2.31703e-09 3.87852e-08 5.06958e-08 3.21719e-07 2.58094e-06 6.23264e-06 0.000112236 13.2197
5.96505 2.27724 1.70371 0.783305 9.87253 0.932044 0.92095 4.53142e-05
4.04166 6.43182 4.10386 1.67417 5.82742 0.752493 3.29371 0.471662
0.796873 7.89619 2.77445 1.02158 2.21903 5.2402 3.99106 0.901666
4.83348 5.06323 1.33573 0.882895 0.604127 7.3212 0.78471 0.891839
2.61288 4.14695 9.89832 1.88972 3.02353 2.81905 7.88479 0.000663468
0.000869307 4.75808e-05 0.0148579 0.0533819 0.785489 0.044645 14.9402 0.867661
1.38992 6.25811 0.636168 0.532537 6.12896 5.2912 3.71922 4.46341e-05
2.7349 0.768219 6.6881 5.14787 5.80982 1.34542 1.65985 0.277818
0.870185 1.65345 1.44325 7.22947 4.74143 3.34424 1.38167 1.11417
0.00152336 0.00112584 0.0138621 0.122011 1.80616 14.4089 1.845 0.0101329
4.3402 3.12337 1.40135 0.490946 3.8998 6.19195 0.861609 0.835528
3.14426 4.72351 8.62461 0.980786 2.29697 0.989426 2.27014 0.209035
0.650707 1.55955 8.03502 0.524748 8.87634 2.60005 1.77548 1.49085
4.86451 4.15043 2.58222 1.99581 3.06057 0.751986 2.30487 2.13424
3.0932 2.02396 2.31229 6.6452 2.83824 1.03205 1.13146 1.15672
1.30043 0.851441 6.11548 1.32534 10.1782 0.795452 1.96538 0.0740383
2.37354 3.98307 5.83914 3.51067 1.858 4.27025 4.30623 0.0457665
3.56193 4.69122 1.36678 0.568287 3.84548 5.27285 0.871804 1.03597
0.954093 1.15793 5.07811 0.608831 7.10456 4.24566 0.815938 0.27765
0.0810599 0.356904 5.63507 6.1488 8.93136 1.62569 0.83066 0.567602
5.46165e-07 8.0105e-06 1.1183e-06 1.50914e-06 5.14963e-05 0.000340185 0.000706887 11.6957
3.65968 2.1654 2.6537 4.29703 3.61144 3.9274 0.948702 2.57475
0.454217 1.35891 9.55086 6.0628 3.29022 0.800133 0.962908 0.0366511
2.17532 3.46378 3.84297 0.931908 6.49105 2.14637 3.23144 0.0228554
3.17157 3.31127 1.58901 3.19348 4.87919 5.14256 2.03277 0.0601991
0.723048 2.31648 9.17302 3.54016 2.93873 1.15922 1.26591 0.208481
0.344964 0.341647 7.20426 6.96186 5.41964 1.04914 0.797806 2.668
3.93304 1.81606 1.67369 0.823623 11.5399 1.27769 0.945991 9.16854e-05
1.08846 4.32084 0.438171 0.450908 9.09879 1.39978 1.02561 0.0942834
1.40414 3.62933 0.657233 0.985623 6.6373 3.37113 1.82369 0.000234062
0.940369 0.0676281 7.51484 1.41896 0.613143 3.97663 5.82749 3.23151
0.247841 0.0595994 1.14821 4.61318 1.9577 5.175 1.55613 2.30311
1.29025 0.656663 4.69231 6.27054 0.779383 1.95055 1.03264 0.0108002
0.474243 0.463442 1.71155 4.97558 6.89543 1.33896 0.984912 0.102262
0.393624 0.134045 0.426767 5.54901 1.23585 6.725 3.73335 0.858013
3.34848 2.61558 3.4644 0.599193 4.5841 1.90415 1.45057 0.0406856
0.854919 0.361101 1.65272 5.81571 5.95292 4.32349 1.36445 0.750003
0.932566 1.9086 6.99683 2.60162 4.20185 1.42364 2.17915 0.395902
2.68424 3.08209 3.57736 1.94957 7.68887 2.36424 1.21898 2.36441
0.643218 0.395869 0.101595 0.327004 11.779 2.43078 1.15068 0.812437
0.0542747 0.311856 0.515215 0.607564 10.7919 3.69152 6.24051 0.249673
2.10283e-05 2.13566e-05 4.36057e-05 2.02025e-05 0.000160709 1.58155e-05 0.000193068 10.3598
0.000582142 0.00990512 0.000551487 0.178042 0.771622 0.189067 14.4151 0.17886
3.37566 2.22879 1.54408 0.861182 8.48871 1.59363 1.49592 0.000182215
1.80421 1.36231 2.80995 2.98248 0.56043 3.50702 5.99023 0.903142
0.176038 2.7463 0.156604 1.73549 3.09882 13.7434 0.786452 0.00017484
0.677302 0.28712 1.29654 6.74184 3.64859 4.0485 1.14026 1.83074
0.374423 3.84434 0.774214 0.317393 2.44179 8.97349 6.0125 0.0030527
2.24268 2.85185 9.28163 2.78328 2.64693 1.55603 1.09549 0.00955089
1.82262 3.19659 9.87494 1.33775 2.88229 0.886125 2.15346 0.107005
1.28349 3.07056 4.58347 0.571128 4.46023 2.83229 1.50989 1.60677
2.79877e-06 4.70243e-06 1.77353e-06 4.26896e-06 7.1205e-06 0.000119732 0.000145375 9.53926
0.761554 0.434525 4.22569 7.16981 1.07097 7.51333 1.15136 0.35923
0.0356713 0.407419 2.23945 1.99558 10.4694 1.83103 1.35035 1.83183
0.828633 4.95498 0.359856 0.452285 0.839687 8.89971 4.1512 0.047127
2.09174 1.01405 0.280678 2.6028 5.60347 8.38533 0.904761 0.109227
2.90185 2.41798 3.08944 4.18017 3.68857 4.78528 0.932563 2.21384
3.99605 3.44522 1.37714 2.24932 0.651309 5.71874 0.816922 0.348534
1.69897 2.01324 2.07713 5.64267 1.389 0.981332 5.5132 1.67281
4.09313e-07 3.30876e-07 5.84254e-06 5.08527e-05 4.95431e-05 7.90464e-05 0.000148725 10.9085
3.40724e-06 4.11037e-06 1.05953e-05 0.000135477 0.000763418 0.00020331 0.00496235 8.99257
1.46388 0.650105 3.48959 3.21665 4.40359 6.81725 4.01505 0.310132
1.50674 4.73208 0.636019 1.95941 8.3695 4.38101 2.46698 0.000401883
0.0374182 0.29837 0.0643296 0.574183 0.567939 13.8359 0.825438 0.00657393
0.000170984 0.000207675 0.000731086 0.00175219 0.00394797 0.00624976 0.00691386 7.12493
2.82615 0.879878 0.525303 0.934445 8.54384 3.46257 0.848312 3.80694
0.16165 1.47858 0.734088 2.13107 1.40777 13.4201 0.795533 0.0405888
2.18668 2.86571 0.449674 0.503769 1.77213 5.43176 6.32127 0.254552
1.62276 0.45044 7.26405 2.81638 1.01076 6.45701 1.92349 0.0137984
2.87992 4.07866 1.1352 0.657083 5.24392 3.68385 1.50201 0.000177564
0.0648254 0.222802 1.65013 2.7159 6.21825 5.27138 0.992131 1.56955
0.00628169 0.00207923 0.0372556 0.297201 4.07833 13.3133 2.10045 0.0127111
0.791747 1.45487 0.874222 0.230517 9.48142 3.99069 1.03536 0.868589
2.0073 1.83955 1.60147 3.92765 3.31133 3.61486 0.830736 3.94938
0.00111846 0.000995066 0.00296606 0.00344605 0.0111332 0.0165288 0.0206981 6.68384
0.0618248 0.0607959 0.361728 2.66547 7.23154 6.65748 0.938676 0.163064
0.247073 0.0580617 2.20199 3.89666 5.12266 4.72328 1.41455 3.02182
4.24011e-06 1.4407e-05 6.17634e-06 4.45102e-06 7.8119e-05 8.32515e-05 0.000513942 10.7561
2.52613 2.07767 4.05421 0.699399 1.7988 1.82263 2.99304 0.678962
1.84406e-06 2.07817e-05 2.4617e-05 4.98912e-05 6.10533e-05 0.000775908 0.00133779 9.24308
1.13664 0.974532 0.416865 0.110768 11.1242 0.96975 1.52426 0.00015905
1.70783 0.507709 3.26824 0.856082 0.498178 8.20816 3.08525 0.100477
0.00172751 0.0140213 0.111095 0.0198515 1.29136 0.277452 13.0092 0.502414
4.33843e-06 3.33561e-06 1.38718e-06 1.30764e-05 1.28674e-05 3.55874e-05 5.2095e-05 8.63328
0.183519 0.294664 3.48347 0.615826 11.5189 1.3816 2.70712 0.0379815
1.93241 1.73919 0.985349 1.96006 4.05251 5.64374 1.05376 2.76613
1.49053 0.53208 9.34395 2.1451 1.01229 4.22595 1.72273 0.0478002
0.0404942 0.27936 1.06866 0.382227 9.86092 1.88183 4.19208 0.800162
2.29216 2.07183 1.39678 0.935573 2.45741 7.98706 3.50293 0.800283
0.507062 1.28197 0.163824 0.725379 11.0978 3.18049 1.71833 1.48197e-05
1.55027 1.90866 0.218199 1.4837 1.53289 8.01568 2.10879 0.767839
0.00996606 0.133373 1.4934 4.01384 3.52613 2.92268 9.49099 0.421887
0.00263551 0.00575734 0.0242967 0.353566 1.46243 12.8325 0.771633 2.42439
1.78415e-06 5.03251e-06 1.76459e-06 1.39957e-06 3.24349e-05 3.99123e-05 0.000295345 11.3694
0.820676 0.14615 0.199496 3.29619 1.73804 1.6979 6.23762 1.00446
1.24208 3.20875 0.646079 2.859 7.86393 2.12393 4.19972 0.000985446
3.01617e-06 4.56704e-07 6.56844e-06 7.82687e-05 0.00098696 0.000223416 0.0126779 9.8847
0.922377 4.1908 0.726373 1.36817 8.39253 2.7328 0.98972 2.28635
1.09479e-07 1.38116e-06 1.39372e-06 7.88382e-06 4.99185e-05 9.09578e-05 0.00122257 10.0178
0.425368 0.59767 1.71682 3.15774 5.42343 2.78687 4.24152 0.452383
0.0987849 1.07405 4.55225 1.54341 2.43114 7.50478 2.04815 1.93789
1.17868 2.18218 0.56038 1.53865 3.38621 6.16557 1.31019 2.46558
0.00413156 0.00646986 0.041165 0.469845 0.641095 12.2434 1.12763 1.34997
0.432413 2.09981 4.20098 0.567569 8.42211 3.72963 4.06884 0.0820899
0.780299 1.67783 4.34708 4.42213 0.63217 2.47457 6.57003 0.165362
0.0216462 0.0431503 0.312914 3.70863 5.77312 7.09729 0.818125 0.55549
2.60991 1.03974 2.12086 0.412384 10.2125 0.8722 1.5788 2.34383e-05
0.0573692 0.348709 2.72985 5.02838 5.69947 5.17489 1.02424 0.80654
2.73296 2.52908 2.42887 2.59656 1.70722 3.81452 5.35861 0.389603
0.000944706 0.000133234 0.00407297 0.00549834 0.0112229 0.0066604 0.00427108 7.65778
0.141265 1.43308 4.04638 1.76378 0.398707 6.73947 7.04235 0.160278
0.226845 0.171647 0.483705 4.50032 0.780456 7.65134 3.85006 1.74789
0.576284 0.494903 2.89349 4.2314 2.58021 4.10774 2.99658 0.0319843
1.27179 1.00822 0.133747 1.16016 0.93753 10.755 0.781892 1.03459
0.319716 2.19692 4.40051 0.595839 0.521613 6.38851 4.05948 3.52683
0.00501968 0.000300106 0.032054 0.0623885 0.793727 0.0481549 14.0022 0.898379
0.284096 1.09342 4.83765 0.438238 4.72117 2.3684 5.15872 0.939374
0.000549543 0.000385293 0.000704511 0.000359345 0.000741934 0.00317529 0.0102841 7.33369
0.684364 1.13955 1.76889 1.72479 8.69529 0.9133 0.754081 3.53805
1.27321 1.76125 3.71946 1.40387 10.1844 1.94497 0.845049 0.60626
0.0871599 0.713081 0.0534021 0.100502 0.175457 11.6923 0.738496 4.2813
0.168521 1.9785 2.31562 0.241471 2.9295 9.49597 3.83164 0.25528
0.302305 2.81795 0.924592 1.25704 0.267716 10.2976 0.869801 0.00775607
1.0027 0.938728 0.436827 0.532173 5.53736 3.44471 3.39037 0.138315
0.0158345 0.152262 0.663934 0.297899 10.0359 2.87299 4.86625 0.521718
0.396349 0.466389 3.42323 1.64803 1.38362 0.699422 9.62796 0.000382171
0.545893 1.83328 0.690883 3.80186 2.32062 8.94049 1.08415 1.34027
1.06471 2.76646 2.62334 1.17091 1.80828 0.99845 7.40011 1.38989
1.2617 0.916743 3.22567 0.711581 0.297741 9.77119 0.927966 3.61907
0.130677 0.700973 2.07788 4.17089 5.19508 1.59152 5.54467 1.81453
0.0982675 0.00690038 0.206614 2.97127 5.9442 8.09031 2.85419 2.77757
0.0194485 0.00230714 0.0460403 0.364869 0.683919 0.11198 12.576 0.513561
0.434551 0.477363 0.582925 0.204006 10.3322 1.12898 2.08822 2.70495
0.121452 0.571128 0.184974 0.862456 8.14991 2.72769 4.53469 0.00116001
1.36055 0.903425 0.230868 0.492936 7.97942 4.30884 1.32867 0.783452
0.981543 1.69388 2.96575 3.91631 0.854219 7.95578 1.68853 0.936684
0.366797 0.0540913 0.428008 3.40267 0.729369 7.40771 2.20123 3.71956
0.0719058 0.0218061 0.894924 0.312729 0.434517 11.2118 1.57867 1.22075
0.000361369 0.000122855 0.00162094 0.00385878 0.0402722 0.0316245 0.094958 7.89792
0.293631 0.0786379 0.0496442 1.58107 7.00545 4.48248 4.88599 0.318584
0.634893 0.26787 2.25225 0.243543 8.87067 4.96677 1.13754 1.08011
0.125079 0.904938 5.75133 1.4539 3.09211 2.94284 4.274 0.72121
0.238419 0.208333 3.79792 2.49525 4.32928 5.2508 4.64979 2.66107
0.0433149 0.0371956 0.00439381 0.162849 1.22548 0.283244 11.6621 0.106187
0.597655 0.838044 0.313767 0.272002 9.14183 2.67747 1.60605 2.36754e-05
0.158652 1.54686 2.8693 1.14823 5.89202 3.34068 6.53823 0.0781447
0.00293878 0.0125181 0.201608 0.299218 0.670803 11.9603 3.83943 0.000734782
1.89014 0.467328 2.39158 3.55464 3.71775 6.799 4.81171 0.345029
0.15213 0.0635995 0.599508 3.4072 1.87512 5.85617 1.24216 3.38705
0.0918005 0.0648401 0.0274832 0.232303 1.59878 10.4895 1.03903 0.115155
0.402004 1.57872 0.35783 0.314578 0.575307 8.41411 2.70256 3.8504
0.0788552 0.70053 1.09879 0.87718 6.763 5.19053 5.37938 0.804692
0.953425 0.211978 1.92752 0.624227 1.82508 1.79365 4.43858 2.08438
0.252487 0.0716679 1.5581 4.34914 1.35122 8.25436 1.27469 3.40775
1.58299e-06 2.09896e-05 5.86579e-06 1.5031e-05 2.31908e-05 0.000473226 0.000987516 11.4077
0.0211414 0.135163 0.166972 0.716198 5.32578 2.9118 1.6438 2.88939
0.344352 0.0456414 2.52774 1.85665 1.52701 0.560029 9.76825 0.512002
0.669232 1.02757 1.84589 0.266525 7.18719 4.28052 4.10969 0.933778
0.0646177 0.528283 3.79154 0.491153 9.27794 2.82408 1.33518 3.66472
0.867059 0.752202 1.5591 1.19264 2.87864 1.15451 3.14759 2.13858
0.403633 0.354825 4.2746 2.55903 3.13604 9.61133 0.844644 0.111508
0.7225 2.4941 0.244774 1.62049 4.43238 6.69518 1.14455 1.81619
0.124631 0.813898 4.74913 1.26595 2.61145 2.50891 3.62307 1.50882
0.00544405 0.00705445 0.00876583 0.0323798 0.355629 1.88501 11.2491 6.03268
0.122388 0.364663 1.76339 2.35449 7.5706 0.679704 4.87176 2.24725
0.59705 1.74602 4.67056 2.30242 5.52169 1.07968 7.80348 0.00258327
0.208902 0.111716 0.058603 0.206381 0.289057 0.231617 0.591383 4.75667
0.0460996 0.0482456 0.0725607 0.126586 0.129481 0.187683 0.418045 4.21703
0.421621 1.77704 2.45974 0.339915 3.89915 7.47738 0.914625 2.1743
0.263441 0.722185 4.66654 0.978489 0.582577 6.43153 1.06088 3.5624
0.0670013 0.192691 0.250743 0.429695 0.570768 12.4551 0.783718 0.743739
0.00522522 0.00187395 0.0686311 0.216581 2.7834 12.6597 2.9085 0.0120539
0.0225303 0.0848094 0.840904 6.07698 7.59427 9.48551 0.789156 0.498558
0.0049422 0.000534274 0.0473647 0.238472 1.15919 11.3831 4.12795 0.205965
0.0134008 0.0283008 0.0687204 0.0881225 0.199374 0.576186 3.59558 5.19325
0.0207749 0.226507 2.24298 1.81843 8.67504 2.40926 6.08137 1.2886
0.523861 0.0395358 0.19302 0.128613 0.073148 5.49126 10.4337 0.0551378
0.229727 2.42248 3.1462 0.59505 0.515782 6.18862 2.02955 3.26281
0.218406 0.324524 2.97649 2.4373 2.20881 7.17463 2.55737 0.193443
0.0257548 0.0258127 0.281597 3.76804 0.866529 9.89732 1.3707 0.542583
1.25157 1.20754 0.683993 0.84374 3.1187 6.31235 3.63074 0.0132061
0.000604009 0.00321482 0.000754723 0.000847642 0.00501738 0.00203113 0.00862843 8.37211
0.282626 0.240728 0.172137 1.12918 2.38754 4.61084 1.86552 1.32304
0.0410876 0.00987047 0.00376214 0.482448 2.95426 4.66695 5.3494 5.91426
1.00067 0.530146 0.514656 2.1896 4.9908 2.54322 3.33559 0.814127
0.0631953 0.017034 0.190719 0.84084 3.27917 3.89795 6.29033 2.59305
0.0214207 0.101098 0.54538 0.345799 8.23531 0.731385 7.05369 0.142795
0.000254555 6.44603e-05 7.83563e-05 0.00241562 0.0146671 0.008156 0.0749879 8.46138
0.20075 0.49478 3.92758 0.342878 4.53425 2.89642 5.80705 2.57562
0.445618 0.095538 0.038424 0.446025 7.61699 5.35013 1.28073 1.42262
0.00959362 0.00296246 0.0680674 0.0669814 0.781509 0.0853943 13.8067 0.670419
0.00350647 0.00479957 0.00972857 0.0276348 0.0332818 0.06898 0.0586505 6.40548
1.24323 0.82014 1.81329 0.831682 3.46108 6.51875 1.10085 3.08821
0.0101828 0.0227819 0.230607 2.04953 2.07447 3.47981 6.74624 4.40228
0.0987944 0.832192 4.83344 0.547914 4.50031 1.927 5.71611 0.891747
0.00925772 0.00588894 0.0606816 0.567678 8.01809 8.60574 0.880633 0.0334217
1.00198 0.385765 4.3558 1.28688 5.88722 5.95078 0.998407 3.0514
0.0572561 0.0751234 0.139785 2.06626 4.64071 11.8164 0.75872 3.44937
1.83921 1.15587 1.27249 0.30615 4.70724 5.92961 4.17908 0.0348912
1.15865 1.27237 4.2982 0.827843 1.30466 7.69501 1.23768 0.383821
4.2325e-05 2.86068e-05 0.000461427 0.00452823 0.0190741 0.0356415 0.0568389 8.07634
0.649087 1.50292 2.77688 1.86405 5.44143 1.43805 4.98024 0.0167775
0.228856 0.358375 0.163557 3.60309 0.437085 2.10513 7.30803 0.976188
0.0363983 0.0096215 0.0243953 0.320549 0.192078 1.20578 5.03825 5.37903
0.108163 0.431949 2.12781 1.77873 9.33519 0.759049 4.08731 0.975735
0.94895 0.539906 1.11945 4.36523 5.62578 3.77314 1.98545 1.58333
0.476131 2.42403 0.673173 0.725462 6.00781 0.856178 1.57887 2.77386
0.295824 1.87344 2.70525 1.64304 1.00384 6.12468 2.12302 2.79867
0.145482 0.0586835 0.544257 2.39791 2.05731 0.393376 7.82534 1.28737
0.046719 0.522277 2.68505 2.0709 3.85217 8.11076 4.86499 0.333371
0.630176 1.12793 0.624013 2.81997 1.42045 6.95666 2.18051 0.117508
0.548081 0.596953 0.512185 0.0692893 7.84075 2.89382 7.48283 9.15035e-05
0.367581 2.04741 1.34549 1.60269 2.25985 7.02911 0.968855 3.60467
0.391919 0.0259095 0.487655 0.194089 0.0452249 9.54532 5.48608 5.09543
0.0096701 0.0469436 0.461854 1.97869 4.23563 6.04178 4.102 3.90294
0.000227265 2.26824e-05 0.000926503 0.00588669 0.0123682 0.0104985 0.0665536 8.16939
0.181272 0.101631 0.61372 0.442085 0.0616948 1.01207 11.7637 0.250081
0.0678044 0.0352783 0.0154268 0.673198 2.84104 7.12478 6.99775 3.98024
1.60224 1.49929 0.944799 0.73586 1.18555 6.78955 2.33102 2.68482
0.00276462 0.00219524 0.0429153 0.369389 1.07015 9.3935 1.07222 2.52321
0.378802 0.534988 0.937927 0.786025 1.96886 2.33873 4.74843 1.95914
0.240424 0.218027 1.88759 1.8076 1.09113 4.42104 2.5783 1.17437
0.499858 0.379812 1.51363 1.38079 1.0415 3.12706 3.0423 0.912424
0.0359609 0.0638649 0.0150786 0.0859239 0.178512 0.529508 0.622102 6.21722
0.0080563 0.00379841 0.0231874 0.02059 0.0333129 0.0250025 0.364719 6.28887
0.000728786 0.000835315 0.0051195 0.0897758 0.129347 0.79916 13.525 0.0336953
0.104322 1.33673 2.18732 1.16542 8.91395 2.62847 2.41072 1.52766
0.0509898 0.105478 0.515991 0.289821 0.0654919 0.794686 11.3905 0.980417
0.0208545 0.0937048 0.889345 0.830153 1.13877 0.147606 8.97072 3.29571
1.61235 1.72099 0.279683 1.00168 2.24279 7.88856 0.86718 2.67922
1.12746 1.4502 0.856349 0.912336 0.218021 5.65873 5.38794 0.917654
0.0132173 0.00143087 0.109382 0.0859308 0.0308483 1.11987 13.2222 4.15104
0.013537 0.00759575 0.00356636 0.0221799 0.0349927 0.0893334 0.191808 6.5432
0.334425 0.031159 0.750347 3.97564 3.96804 6.5697 2.00305 0.409107
0.0114792 0.00522306 0.00624969 0.171025 0.340415 5.86895 9.23186 5.79331
0.10122 0.375879 3.91141 2.84256 6.16913 0.650231 5.64495 0.000757228
0.652274 0.610277 0.786871 0.794048 2.0263 1.32582 1.62201 3.18343
0.232942 2.44 3.08849 0.364525 3.63272 4.02673 5.21315 0.676755
0.074088 0.309031 1.71756 1.92555 1.87009 2.06743 6.61637 1.83978
0.0618278 0.203114 1.31846 0.959502 2.12854 3.82189 7.45708 0.0749581
0.139525 0.14876 0.056221 0.724216 6.11724 5.75687 3.84211 0.616469
1.23877 0.399621 1.35436 0.148214 0.286327 11.0444 1.2249 0.348942
0.650357 0.734997 1.01068 2.28181 2.23104 8.16377 0.905849 2.30555
0.496502 0.667241 2.01735 1.43097 0.308454 4.95021 4.26881 1.38545
0.355581 0.609809 1.27783 0.89426 2.7679 9.90755 2.30117 0.00869346
0.53202 0.623931 0.853147 2.45 1.08851 4.37586 1.11848 1.87225
0.0180453 0.0963787 0.621206 0.184511 8.36215 6.00214 0.790374 0.326692
1.05303 0.60123 2.41 1.66595 2.62539 5.66277 0.834865 0.503609
0.0106284 0.131397 1.11612 0.634999 0.897274 6.1959 5.50513 5.14272
0.190099 0.209014 1.23796 0.746586 6.71351 1.77863 5.159 1.27947
0.00086741 0.00594801 0.0788621 0.333073 0.253158 0.985631 8.88943 5.41137
0.199109 0.246682 0.0583549 1.32699 3.19233 3.97316 0.793245 3.30375
0.156332 0.316623 4.31171 4.35345 3.31588 8.78087 0.797776 0.255873
0.593558 1.30184 3.44883 2.26429 4.72223 1.31126 7.23534 0.00314332
0.0371757 0.0208424 0.468531 0.860711 3.78851 1.56643 11.3143 0.118066
0.472022 0.381739 2.01476 0.167071 8.98783 2.57204 2.98285 0.698561
0.512717 0.552374 4.1135 0.376958 4.55174 1.2644 6.00106 1.05418
0.00282264 0.00334867 0.0290437 0.0315164 0.148271 1.772 10.7901 1.65025
0.174425 0.333663 0.550078 0.635141 3.12485 1.58598 7.09476 1.46896
0.0111354 0.161828 0.0197887 0.360619 0.646963 0.203302 11.9315 0.17357
0.0428454 0.0293269 0.257262 0.202659 0.0441321 3.00713 4.01115 5.759
0.0441078 0.0368404 0.151152 1.67426 5.07721 6.5905 2.50285 1.47441
0.280655 0.64371 0.914231 0.167197 7.88956 0.983781 2.18189 1.20167
0.446209 0.645247 1.63958 0.367075 5.48949 0.925793 8.04407 0.0106609
0.125188 0.0961335 0.589279 0.054117 0.247165 0.0532514 9.14784 5.84965
0.447394 0.897875 3.00776 0.728784 0.588583 3.72587 2.88073 0.506885
0.00177003 0.000181486 0.0200081 0.170821 0.822445 12.5354 2.16918 0.120572
1.89489 1.12944 1.64793 1.63996 0.384928 2.44326 7.27256 1.59519
0.00869288 0.0223454 0.355448 0.0209345 0.0252502 2.18268 13.3717 0.155186
0.134647 0.0483338 0.73963 0.694441 0.103139 2.94593 9.0656 2.63851
0.977149 1.16972 2.30286 0.598708 8.95922 2.22042 0.908831 1.80448
0.748127 0.58543 0.795202 0.952033 2.59965 4.92652 6.95643 0.155668
0.780611 0.106347 0.65546 0.580738 1.25787 2.9785 3.9508 3.46078
0.923465 0.719938 3.91009 0.402291 2.0605 0.451252 5.96168 3.39289
0.152361 0.095225 1.87758 1.56402 2.64001 7.78343 1.23745 2.24973
0.00977037 0.00922846 0.193696 0.23015 0.716245 11.4949 2.81429 0.00300925
1.65405 1.08999 2.305 0.567608 0.553057 8.4696 2.50417 0.127394
0.102774 0.12671 1.74433 1.71538 3.94727 8.78366 1.02788 0.0122
0.0257651 0.221939 0.382945 1.65565 4.25758 6.11726 1.0339 4.69168
1.09933 0.177119 4.69102 1.94038 0.669036 1.20543 3.1408 2.52809
0.244228 0.310753 0.702959 0.391513 6.95713 1.26361 6.65538 0.176902
1.08452 0.468309 1.26921 0.620538 0.969142 7.86298 5.66681 0.21366
0.088192 0.0431472 0.750474 1.06484 3.29883 6.09055 6.36449 1.13513
0.0096407 0.0945595 1.03793 0.137051 1.76442 4.40985 7.20194 0.389265
0.00624884 0.0095525 0.0724591 0.0251344 0.397632 4.81586 10.8693 0.0778394
0.301609 0.356816 0.258405 3.59519 3.04198 7.18549 1.7836 1.91258
0.218967 0.597972 2.97538 0.839124 3.58192 2.36189 5.76904 1.37196
0.337902 0.496144 0.125362 0.0674844 0.39845 8.44077 2.71083 4.32206
0.167737 0.0853369 0.440698 0.419103 4.13123 0.896619 6.53465 1.30059
0.0380981 0.0475842 0.0949652 0.227053 2.67474 2.13352 9.96005 0.534353
0.336801 0.0452649 3.07423 1.29602 4.23602 2.73941 4.33096 1.18664
0.764974 0.799266 0.408273 1.36894 4.94523 3.45316 1.01467 0.529996
0.102737 0.682785 0.300494 0.449886 2.37173 4.18019 6.81627 0.0512644
0.111356 0.982674 0.155377 0.535763 0.495477 8.69826 1.82639 3.22333
0.00791255 0.00433452 0.00907367 0.006087 0.0282885 0.0131381 0.206626 6.58985
0.0254391 0.287112 0.606031 0.982423 7.49686 1.25343 6.94739 1.77435
0.040594 0.00295041 0.122746 1.60057 5.44032 9.72496 3.38672 1.87357
0.00251533 0.00247462 0.0556366 0.223225 2.01176 4.12345 11.9934 1.75492
0.300116 0.065889 1.32806 2.58621 2.34192 0.776899 3.98164 3.96416
0.0118129 0.0033455 0.161065 0.253857 0.207714 0.566331 8.76596 5.63258
0.412666 0.363625 0.82861 0.45951 2.52932 0.740529 8.5448 0.118729
0.274104 0.198937 0.577272 0.127129 0.0462056 0.589674 12.0864 0.909837
0.185454 0.16206 0.165916 0.247732 0.0409526 0.61752 10.4853 5.02051
0.119533 0.177096 2.51593 0.299543 2.1556 2.41017 8.3641 0.00431671
0.244079 0.176381 0.265069 0.322545 0.268446 6.39105 6.01097 2.95602
0.738622 1.37844 0.142856 0.958686 0.817542 9.61504 0.785771 0.790002
0.860287 0.888468 1.57417 0.312248 0.409027 0.407652 7.87358 3.35221
0.277523 0.590589 0.0899097 1.67013 2.08488 2.20026 6.73511 2.13289
0.502228 0.119098 2.01271 1.98549 2.62299 6.77593 3.08616 0.721966
0.153657 0.235928 0.309974 0.255354 1.93142 7.04745 4.65229 0.361933
0.404725 0.383619 0.304116 0.0442501 0.425496 11.559 2.66812 0.869984
1.3852 2.078 0.689193 1.08518 1.54333 8.86358 0.777596 1.32675
0.606424 0.402085 1.07278 0.530232 0.184588 7.58505 3.23876 1.72818
0.135038 0.618086 0.40044 1.4019 6.7419 3.71253 4.3971 0.238706
0.0948649 0.0210796 0.831351 0.556335 0.45381 0.661829 9.8121 4.66158
0.588708 1.16423 0.126712 0.120949 9.4171 3.97711 1.08586 0.242257
0.0227033 0.014586 0.0183732 0.227745 0.124111 2.65342 6.76679 4.03673
0.148124 0.871631 0.067716 0.205366 0.0701812 10.458 2.96726 1.15855
0.0395084 0.048523 0.233919 0.945203 5.01879 6.10597 5.26243 0.600285
0.00865153 0.0353936 0.109175 0.0810838 1.16812 0.493694 7.71149 4.10635
0.321727 0.116933 0.45274 0.638955 0.610107 3.2461 3.70593 1.50308
0.349308 1.29426 0.235246 0.232225 0.640925 6.60484 4.05544 2.31526
0.328104 0.688683 0.0539743 0.099839 0.0564673 10.227 4.75165 0.353982
0.236172 0.275386 0.501848 0.325231 1.05705 3.06302 3.85263 0.959356
0.0226857 0.015077 0.105381 0.559648 3.70512 7.72993 3.64369 2.41464
0.125554 0.272066 0.148595 0.380722 0.685908 9.30809 1.36282 2.56285
0.010358 0.0127519 0.121408 0.938687 3.73843 1.13546 2.42718 4.64116
0.317279 0.0978344 1.65142 1.083 0.216515 2.25993 9.19309 0.604499
0.0257802 0.009323 0.3273 0.668444 2.71287 0.386953 8.67255 2.76237
0.0318924 0.0629155 0.113639 0.118209 0.0128649 0.860033 12.3179 1.76562
0.606983 0.0903837 0.461207 0.933612 5.96454 1.7166 3.59153 1.05014
0.270565 0.210327 0.502999 0.390946 1.57961 4.09613 4.57 0.854225
1.13703 1.33911 2.74012 0.915045 0.349464 4.22667 4.34191 4.14378
0.0425372 0.0231811 0.641642 0.863524 1.01948 10.3644 3.83461 1.03677
0.0780081 0.371089 1.20584 0.209676 9.30895 0.946517 5.51287 0.218049
0.0281124 0.00291344 0.393279 0.220451 3.04543 0.222052 9.5012 4.58003
0.288515 0.334497 0.113682 0.0629002 5.18749 5.17238 7.58629 0.367313
0.0940379 0.0124044 0.105578 0.304503 0.846295 10.1207 2.76518 1.70876
1.14131 2.01184 0.202841 0.29985 0.844108 9.76083 3.07032 0.251381
0.386918 0.36317 1.30715 1.39878 1.56108 3.63067 2.33892 0.403936
9.7537e-05 0.000463049 0.000333365 0.000719014 0.00163689 0.0133454 0.0240352 7.74552
0.322504 0.156416 2.27842 1.83806 1.04039 9.6386 0.942311 0.129463
0.311186 0.194401 0.513559 0.572593 0.990789 0.636665 4.36427 3.16624
0.335587 0.0468385 0.551587 0.478425 3.95947 0.394956 6.40636 3.5035
0.05456 0.0233562 0.0861935 0.408845 0.589294 9.03044 3.11775 2.61013
0.0727371 0.0443284 0.177721 0.189057 2.47273 7.90087 5.05776 2.77842
0.396229 0.168001 2.1083 1.13854 1.41371 9.13457 1.70221 0.0150853
0.126431 0.0516129 0.0181 0.546814 5.38382 6.51713 5.28355 1.76191
0.00822995 0.0443322 0.151671 0.298886 4.33779 8.64179 2.82427 0.726477
1.20589 0.118094 1.33644 0.61286 0.206228 5.70598 6.3874 0.650096
0.183483 0.0488732 0.292135 0.160443 0.310754 0.672356 8.11262 0.573747
0.0253057 0.020769 0.107591 0.155322 1.55863 5.92908 4.86653 4.8173
0.841207 0.658885 0.238283 0.89713 2.96525 1.77617 8.34044 0.00288202
0.294179 0.599843 4.29722 0.431172 3.87808 2.23929 5.19538 1.30454
0.0442234 0.0799249 0.642911 0.341038 1.4881 3.39866 4.85207 0.871609
0.114012 0.07577 0.157219 0.192988 0.0196873 0.714667 13.9313 4.47461
0.061826 0.530135 1.69594 1.31438 5.65728 4.36693 7.3097 0.0624606
0.0019999 0.0107912 0.0407016 0.00459334 0.268028 2.02094 6.05023 4.72172
0.243063 0.451779 0.172915 0.341469 3.82217 10.0194 1.82249 0.97459
0.657466 0.487992 1.48898 0.26616 0.178004 8.12163 2.85255 0.389652
0.133103 0.166021 0.390716 3.58263 0.687393 7.53764 1.19969 3.3568
0.720295 1.19031 0.127384 0.30733 1.77761 6.64708 6.78691 0.242358
0.0187602 0.00416644 0.309837 0.0395077 2.16781 0.144366 12.5459 0.96126
0.0601556 0.0486329 0.321795 0.293952 0.990434 1.24437 5.59247 4.07401
0.137221 0.231623 0.660868 0.515011 2.8655 3.65536 2.58997 1.00962
0.411341 0.570467 0.856541 1.12741 3.6745 1.53457 4.00314 1.54187
0.0783602 0.165748 1.07546 1.34587 1.99396 1.29978 6.49388 2.23271
0.0991647 0.508611 0.123165 0.240809 0.270191 5.7906 4.2297 3.0971
0.153585 0.0538717 2.06623 0.582893 0.469548 9.54735 1.21311 2.26218
0.253418 0.156135 0.418524 0.753584 0.241878 7.41458 5.28894 0.0229103
0.200132 0.681453 0.0880677 0.231658 0.480961 10.9412 1.12237 0.871386
0.127457 0.748387 0.155757 0.0559126 0.115878 10.8232 1.05688 0.427879
0.498468 0.608761 0.737503 0.226843 3.65432 0.48125 5.00805 3.6885
0.394887 0.125185 0.190525 1.45312 5.13987 3.48374 3.35804 0.794245
0.158717 0.138651 1.31272 1.29996 0.922709 6.2715 1.62028 1.09251
0.0415815 0.0500392 0.0856068 0.139672 0.225129 0.138309 0.252884 5.47534
1.26576 1.01547 0.741551 0.235966 4.55221 7.22084 0.787833 0.640339
0.239432 0.306804 0.391964 0.298157 2.82371 7.76224 3.19332 0.151551
0.214559 0.26436 1.38484 1.36559 1.03375 1.18589 6.90169 2.45605
0.041536 0.457964 0.103184 0.541797 0.305848 11.781 0.977513 0.926796
0.363596 0.0422301 0.10543 0.465577 5.40609 6.91135 1.85411 0.643144
0.734629 1.86345 0.487068 0.453667 7.85263 7.02829 1.05639 0.250356
0.110025 0.0428751 0.752333 0.284167 0.135122 0.196555 9.46434 4.48417
0.0451195 0.0854203 0.512322 0.348452 1.14061 0.49956 13.2889 0.0723128
0.019444 0.00999124 0.0211032 0.042232 0.106875 0.0828772 0.289047 4.92372
0.828501 1.12875 0.904563 2.13259 5.63124 1.90052 2.07944 2.82094
0.152433 0.0956136 0.0150255 0.409789 5.22007 0.370798 10.9895 0.72503
0.142872 0.0993196 1.74099 0.347399 3.11429 1.01076 7.65284 1.77955
0.555377 0.146876 0.265389 0.747689 0.536255 0.181761 6.62632 4.63034
0.178611 1.73181 0.644311 0.161626 0.16025 7.6403 4.58973 1.08536
0.620469 0.42474 0.947594 0.125616 0.855671 1.38224 11.0213 0.0084524
0.798578 0.0711215 0.771297 0.11425 0.909607 7.48168 5.27789 4.44157
0.755168 0.779061 0.247202 0.171152 8.92411 0.85687 2.611 5.38518e-05
0.0314342 0.0757977 0.136323 0.063366 0.387851 4.37914 5.59576 4.51397
0.104424 0.285737 0.567637 0.48452 5.97954 3.23148 0.816931 3.66957
0.0959781 0.0235773 0.748649 1.04348 0.347067 9.16324 1.61886 2.62004
0.699774 0.485762 1.29982 1.10311 0.335772 5.99316 4.09661 1.51891
0.00060339 0.000427202 0.000253785 0.00124917 0.00224852 0.00256073 0.0175229 7.80236
0.188981 0.130921 1.37892 0.22479 0.615113 12.7704 1.85334 0.0134392
0.698259 0.376952 0.0939635 0.255028 0.415088 6.83839 2.14927 2.65179
0.46904 0.414282 0.20118 0.119694 0.225057 7.36567 3.91991 2.83413
0.0456418 0.0294884 0.0151501 0.0135029 0.0517599 0.849168 7.9175 5.53599
0.0143122 0.159996 0.0122887 0.23998 0.20582 1.11909 10.6726 0.811044
0.0152719 0.0834088 0.0312582 0.46402 0.791669 11.0721 0.839256 0.0108841
0.0158928 0.0325784 0.153815 0.0161172 0.0816941 0.9411 9.87781 0.761354
0.0850217 0.0634557 0.426506 0.387467 3.42958 7.52924 5.79243 0.44532
0.0151109 0.163221 0.0129394 0.210334 0.599402 0.951295 10.172 0.520471
0.0420121 0.0705772 0.358814 0.292627 2.43609 3.58838 6.08574 1.99962
0.00399594 0.00378332 0.00556341 0.0451135 0.685966 0.0501112 10.3272 5.64454
1.17437 0.480645 0.58483 1.07456 0.33564 7.09523 4.25067 2.68895
0.103571 0.0587918 0.413254 0.364109 5.05989 2.93069 4.95807 3.22412
0.17102 0.0557874 0.568316 0.650667 5.79806 5.79814 5.92999 0.683653
0.0679075 0.643933 0.0591934 0.470998 0.457681 9.22143 5.54146 2.18084
0.19772 0.348449 0.842519 0.238715 5.69761 7.84529 3.98956 0.607837
0.0160668 0.0010381 0.111848 0.153552 0.767779 0.0898203 12.221 0.542052
0.438395 0.825206 0.627048 0.692821 0.921105 10.0552 0.802384 0.110073
0.139535 0.242554 1.00549 0.922796 1.19134 0.975679 3.75606 2.09324
0.0399958 0.452244 0.196547 0.496342 6.21341 1.97749 6.56516 1.38198
0.0482789 0.080282 0.679362 1.47794 1.31497 1.75106 7.56617 0.793314
0.00498902 0.0062863 0.0649236 0.281409 2.61722 0.407196 3.19525 6.16959
0.0118803 0.020577 0.00771106 0.273119 0.804329 1.21969 10.0182 2.74742
0.230209 0.31913 0.795133 0.32734 3.99259 1.07047 5.35245 2.22563
0.00465432 0.019987 0.015778 0.180728 0.363978 1.10363 7.22632 5.66599
0.124105 0.0284533 1.31772 2.18317 1.2788 6.76959 5.65326 2.66967
0.0821594 0.631255 0.0975571 0.440911 0.0600371 11.5793 0.96072 0.0170608
0.0283959 0.0205201 0.389828 3.98153 4.10949 6.79753 0.855245 0.528531
0.538334 0.0671617 0.96841 0.320908 0.22815 0.889134 9.58574 1.80434
0.284084 0.357013 1.20874 0.897636 3.63254 5.10619 1.89983 1.63518
0.0621461 0.0150302 0.0970136 0.133908 1.32077 0.125158 10.62 2.10297
0.00518666 0.00160818 0.0546034 0.161348 1.53729 5.80118 8.44628 0.942392
0.00513355 0.0328695 0.0385949 0.151471 0.528028 0.373265 9.40379 5.88975
0.000584152 0.000626722 0.00132481 0.00163971 0.00631062 0.0029939 0.00707733 7.27005
0.0403638 0.0130905 0.0982719 0.105652 1.64804 0.618691 12.0388 0.423576
0.00426753 0.0100869 0.0192624 0.102242 0.781919 11.8558 0.781807 1.09374
0.469205 0.194422 0.239537 0.12063 0.069898 3.0763 8.6129 0.532674
0.0200855 0.0258098 0.373084 0.985056 3.47471 7.34837 6.56366 2.25029
0.0285436 0.00498271 0.00926713 0.0938248 1.05177 3.55337 8.51905 2.1095
0.12839 1.08203 0.588223 0.403571 0.895755 4.18932 6.60585 2.03511
0.00674531 0.033166 0.317024 0.91364 2.4846 8.73736 0.984647 0.172171
0.178267 0.246452 0.0729892 0.436715 0.7497 7.28202 2.83157 1.99798
0.170691 0.0399207 0.83675 0.514591 5.49204 4.34555 6.47609 0.225846
0.215637 0.186744 1.01452 0.218227 0.107133 9.56859 1.1475 3.43163
0.0553088 0.00520477 0.0213877 0.0393523 0.0346022 0.702191 10.2708 5.00164
0.131988 0.108108 0.394533 0.176493 0.736842 7.55562 4.90246 3.63807
0.0978745 0.0391889 0.917097 0.792779 0.594011 10.2634 1.01104 1.96801
0.0025935 0.000584337 0.00409255 0.00719985 0.0141432 0.00396473 0.15725 7.27018
0.2327 0.117631 0.951487 0.926342 1.3233 3.37462 6.32852 0.473334
0.00861339 0.0242682 0.015825 0.0363564 0.520518 1.65287 10.254 1.68181
0.095233 0.474604 0.221073 0.493319 2.99499 5.68849 5.1564 0.765829
0.369656 0.12854 1.75604 1.58739 0.921349 4.78085 2.90542 1.17497
0.324973 0.132253 2.43739 1.11641 0.504767 3.62987 7.44271 1.29331
0.121674 0.240582 0.351809 1.65835 1.37569 5.23841 6.04519 1.05814
0.019509 0.0434281 0.0497943 0.167013 2.47429 8.86174 5.12674 2.45311
0.64612 0.206731 0.714947 0.139982 0.84738 0.0973946 10.9387 4.84236e-05
0.0526508 0.033343 0.129148 0.165583 1.13878 0.68998 6.16314 4.41393
0.0736919 0.01992 0.838101 0.480875 3.15164 3.35376 5.71697 4.86551
0.194689 0.15315 0.70894 0.576184 2.60792 2.59575 6.67687 1.82373
0.0310355 0.20112 0.222514 0.184067 0.0330345 2.89226 12.4621 1.84551
0.0160056 0.0929742 0.242753 0.194698 1.68952 2.34236 3.01202 4.58398
0.00108728 0.0171694 0.00222872 0.230387 0.727924 0.301165 13.4906 0.64125
0.0127212 0.00956829 0.0420291 0.144502 0.756638 9.08724 0.766637 2.06806
0.00484971 0.023293 0.307603 0.0261727 0.360116 0.698749 10.0591 1.27898
0.138628 0.257889 2.45859 0.700238 1.1728 2.5701 7.36606 0.427645
0.807757 1.18269 0.462717 0.140527 1.38815 10.2293 0.817702 0.714719
1.62423 1.34771 0.283653 0.266471 0.71991 6.16536 5.65014 2.0303
0.0358956 0.0155831 0.189974 0.845728 0.550663 6.9339 4.78792 1.71436
0.287241 0.349421 0.813949 0.114539 0.0740823 9.65283 1.37872 3.63594
0.00829328 0.00336443 0.0149469 0.130173 1.19378 1.37233 4.49918 5.64068
0.00370345 0.0018901 0.0311793 0.0678546 0.531289 1.49545 11.3883 1.4058
0.0935345 0.534986 0.440025 0.528832 1.11944 9.277 4.80465 0.000857914
0.574441 0.320417 0.808924 0.316705 0.299001 0.835993 8.21784 1.63848
0.0416682 0.218176 0.868574 0.452577 2.73287 4.34362 4.41914 1.67731
0.053848 0.0111915 0.00614175 0.385902 3.01585 5.38857 4.28567 2.27953
0.000650711 0.00429662 0.00750357 0.00963425 0.0696066 0.82948 7.27323 6.09991
0.0749521 0.134764 0.45151 0.140917 0.538478 0.323955 11.0795 0.158321
0.0623431 0.0525878 0.609047 1.33456 1.67183 3.60303 5.86569 0.285277
0.0268682 0.00203533 0.259826 1.72702 2.90296 0.248056 10.4421 0.0362599
0.196816 0.706003 1.68195 1.0538 5.62082 0.689573 6.03859 2.36897
0.00523637 0.0185386 0.30586 0.0214817 0.348104 0.717936 12.4576 0.145348
0.0451883 0.150478 1.24035 1.35363 7.00299 0.693686 4.24835 0.00100725
0.0241136 0.130065 0.710432 0.712534 1.8751 8.82454 3.91917 0.083651
0.277273 0.193363 0.420272 0.560152 1.10883 5.00984 3.99172 0.881373
0.352962 0.0765777 0.26168 0.353913 0.210702 0.508035 7.93716 2.11999
0.235111 0.123169 0.0914084 0.201842 0.996108 9.99021 4.10232 0.00742267
0.720294 1.1474 0.16136 0.551082 7.57865 2.54426 1.05296 0.293772
0.256655 0.269866 0.825307 0.727958 0.311894 3.4383 7.62727 0.14979
0.277253 0.213044 0.865364 1.12115 1.34003 1.84962 1.02988 3.54914
0.063013 0.00861879 0.0545973 0.103453 1.27176 0.211397 7.41776 4.87004
0.0200486 0.0150946 0.255757 0.299937 4.96038 8.6769 0.89814 0.0500833
0.055967 0.0975977 0.57591 0.558333 1.66709 8.5561 1.08593 0.176973
