2589 49.8031
1 0.84765 0.990692 0.851004 0.847063 0.837679 0.628368 8.96931
0.921449 0.97524 0.668224 0.749378 0.64718 2.83761e-23 0.550129 15.406
0.884878 0.0545254 0.485699 0.233449 0.99981 0.99731 0.759557 20.0807
0.871462 0.827367 0 0.875501 0.809173 0.874717 0.850262 12.9453
0.838852 0.75072 0.515661 0.999999 0.845012 0.886668 0.79645 12.2454
0.821943 0.883063 0.865152 0.878014 0.85808 0.877306 0.857001 5.43805
0.809622 0.617898 0.769538 0.774852 0.768697 0.885412 1 10.4675
0.763692 0.806617 0.380076 0.648946 0 0.725137 0.739302 15.9573
0.749266 0.971292 0.956205 0.169122 0.946229 1 0.103647 15.9497
0.712478 0.858914 0.993833 7.38296e-35 0.913301 0.691639 0.801233 14.012
0.668291 1 0.860409 0.776959 0.887129 0.958563 0.801934 8.84953
0.583638 0.628554 0.0900146 0.76648 0.636501 0.76591 4.35784e-37 26.6633
0.562286 1.70872e-41 0.971078 0.961013 0.864737 0.868579 0.857444 12.3553
0.0718909 6.68752e-10 0.00523434 0.00468614 0.986346 0.493673 0.35156 57.8444
1.83354e-36 0.48531 0.999888 0.795816 0.866814 0.476411 0.923932 22.0226
0.53653 0.0623501 0.397259 0.529683 0.294192 0.700276 0.570596 56.201
0.274178 0.513847 0.28182 0.297019 0.0528798 0.372667 0.805813 53.7094
0.480767 0.0516065 0.151383 0.529135 0.60983 0.052526 0.518164 54.4468
0.621755 0.0865582 0.20503 0.495156 0.18614 0.150017 0.317619 52.108
0.445379 0.650113 0.644133 0.476485 0.243522 0.117594 0.00641137 55.1759
0.197308 0.728842 0.220934 0.879024 0.59807 0.282761 0.226333 32.1598
0.173588 0.328155 0.153162 0.134886 0.499624 0.765917 0.633478 49.3664
0.723761 0.283015 0.605733 0.987636 0.150433 0.41014 0.582353 33.7314
0.54399 0.375851 0.31205 0.424858 0.143758 0.771929 0.194637 25.3553
0.0869098 0.338372 0.0680353 0.340222 0.928303 0.156576 0.151717 40.4198
0.390883 0.46488 0.233351 0.535314 0.559323 0.275482 0.387225 39.0811
0.124631 0.719 0.04294 0.634004 0.169075 0.191564 0.163306 36.1675
0.222189 0.275657 0.939901 0.239105 0.221999 0.167791 0.237457 51.4413
0.437746 0.613521 0.104357 0.00801182 0.645939 0.618416 0.543665 55.6118
0.0652442 0.221474 0.243438 0.0983909 0.177335 0.921802 0.972636 21.3814
0.0148696 0.427896 0.0808857 0.34266 0.960292 0.0152231 0.0349497 44.8891
0.191733 0.888896 0.294148 0.566094 0.373889 0.466012 0.451795 35.0788
0.109521 0.892332 0.76527 0.970008 0.357541 0.130975 0.391501 26.0051
0.160064 0.190237 0.352987 0.791481 0.592784 0.123872 0.0489164 41.6254
0.534263 0.198398 0.471278 0.0375038 0.503738 0.891564 0.122587 52.7726
0.0106095 0.367971 0.227197 0.604318 0.790363 0.139146 0.378688 37.3831
0.2548 0.192278 0.109014 0.500983 0.535924 0.118706 0.125381 45.3422
0.986154 0.568587 0.288364 0.528221 0.319604 0.363265 0.473559 21.9196
0.118749 0.793798 0.336005 0.979088 0.665165 0.402268 0.265807 29.077
0.677539 0.38182 0.173373 0.898402 0.334929 0.165019 0.0613918 39.8788
0.0438017 0.626661 0.131258 0.427339 0.894557 0.431283 0.234065 40.5471
0.182381 0.0338737 0.144033 0.258167 0.604065 0.000345315 0.575615 48.641
0.0166162 0.881611 0.324567 0.010031 0.181483 0.448024 0.564874 52.9559
0.430341 0.079574 0.561868 0.446602 0.680053 0.318856 0.650881 46.7854
0.469846 0.345804 0.559374 0.860663 0.942944 0.246517 0.385164 31.2326
0.91321 0.135497 0.658012 0.181927 0.34031 0.015651 0.642357 45.2931
0.248267 0.333445 0.13609 0.207462 0.403141 0.77636 0.680787 47.1554
0.508341 0.173891 0.584938 0.124665 0.0820641 0.679107 0.514606 47.7664
0.484573 0.790466 0.0515811 0.237955 0.669938 0.0467073 0.218852 50.1402
0.30167 0.214977 0.330541 0.0852862 0.809641 0.983214 0.685685 43.0329
0.0180161 0.306925 0.31218 0.245653 0.293723 0.00786027 0.0549096 44.4928
0.570286 0.202605 0.703265 0.513784 0.202037 0.457243 0.835669 43.1488
0.0201762 0.059607 0.118111 0.266142 0.88418 0.0271604 0.0104671 46.2628
0.264093 0.939554 0.635544 0.609877 0.264475 0.224724 0.76137 22.5783
0.237193 0.370363 0.168636 0.164993 0.627227 0.784377 0.580504 48.4811
0.0325001 0.429574 0.0178017 0.090989 0.815216 0.154789 0.0409927 44.2483
0.415041 0.164794 0.647541 0.940826 0.679207 0.378967 0.41429 47.0183
0.591334 0.520929 0.0610685 0.00901976 0.365148 0.551162 0.100069 52.2391
0.578105 0.645131 0.363302 0.328864 0.448633 0.978589 0.924884 25.8074
0.556132 0.432685 0.198718 0.330624 0.395056 0.848284 0.134367 46.2007
0.708872 0.406726 0.360005 0.859016 0.442074 0.270642 0.0716834 34.5323
0.306672 0.978761 0.982781 0.11101 0.0476533 0.321368 0.328322 21.5633
0.00591319 0.896528 0.208262 0.496267 0.881112 0.0545932 0.168518 37.9962
0.0222003 0.32953 0.180678 0.449825 0.987303 0.0205297 0.0917955 47.8541
0.555132 0.661518 0.125371 0.887354 0.414586 0.565405 0.657198 27.8706
0.233515 0.586201 0.0388125 0.151199 0.00471321 0.414718 0.102478 47.3339
0.485937 0.695227 0.678855 0.525451 0.20442 0.562161 0.665774 30.6219
0.102965 0.474452 0.044997 0.408188 0.844372 0.251077 0.195528 39.4929
0.42089 0.945041 0.00854041 0.741131 0.607508 0.967405 0.872558 19.7678
0.0184125 0.0839267 0.149844 0.335086 0.996865 0.000951377 0.0519667 52.5662
0.386852 0.208724 0.104042 0.944435 0.526117 0.351596 0.883216 49.0698
1.54435e-16 0.85479 0.252689 0.585516 0.908988 0.0503678 0.251769 35.629
0.477321 0.684412 0.563374 0.488466 0.642268 0.806723 0.206563 31.431
0.427618 0.652793 0.739703 0.514656 0.0113004 0.511215 0.55181 32.8996
0.682481 0.42151 0.509838 0.864475 0.384524 0.637321 0.605991 18.0063
0.0114049 0.285332 0.0566925 0.332612 0.578591 0.0742442 0.110852 48.3969
0.270864 0.0676623 0.436765 0.428453 0.278499 0.202396 0.987643 49.9397
0.397581 0.640354 0.595288 0.616222 0.284574 0.346946 0.433234 33.5536
0.361136 0.785674 0.368392 0.777631 0.693738 0.0704622 0.374678 35.367
0.151361 0.734242 0.241262 0.78065 0.689299 0.0889601 0.192869 34.4389
0.514958 0.505837 0.387754 0.526686 0.235891 0.0580636 0.156604 44.2274
9.60256e-08 0.334424 0.200138 0.298888 0.541599 0.0626386 0.0196181 43.6571
0.996694 0.153933 0.571788 0.999841 0.00734177 0.649175 0.38874 27.2202
0.0602381 0.357934 0.648726 0.0651644 0.963097 0.0791801 0.651471 24.8333
0.0937211 0.0718298 0.01118 0.293698 0.719233 0.0513696 0.0265387 46.4171
0.374468 0.516043 0.470057 0.635344 0.0710695 0.624556 0.180994 33.27
0.0403823 0.684928 0.150887 0.441385 0.833591 0.197632 0.357529 36.3043
0.404862 0.962147 0.348462 0.574253 0.000445152 0.437166 0.0234882 41.8136
0.6883 0.771543 0.554304 0.368101 0.738651 0.61499 0.105226 36.5864
0.0776359 0.531946 0.355952 0.252582 0.920514 0.0393435 0.591277 43.1927
0.861618 0.00363364 0.077003 0.289969 0.518551 0.0382861 0.826421 41.5139
0.936279 0.726915 0.403091 0.0357725 0.120404 0.170484 0.17316 27.0227
0.146308 0.702678 0.132322 0.303806 0.462047 0.000687242 0.804871 48.9721
0.863163 0.126208 0.116122 0.453971 0.661174 0.170259 0.109539 49.6743
0.0548089 0.0236058 0.214201 0.00394724 0.853113 0.216914 0.395353 55.3447
0.106176 0.413294 0.285368 0.0129477 0.25942 0.249706 0.750205 50.9414
0.491511 0.0180656 0.190711 0.709926 0.0179945 0.413732 0.271362 27.426
0.268805 0.571956 0.469349 0.221199 0.870653 0.370693 0.279532 39.5877
0.840977 0.593169 0.994607 0.929347 0.290133 0.0237081 0.376614 29.5703
0.289123 0.581296 0.521855 0.619708 0.609652 0.530563 0.557623 36.9256
0.369321 0.935948 0.4279 0.457591 0.997655 0.336697 0.325192 34.0288
0.776379 0.75665 0.870673 0.230753 0.221253 0.864611 0.333485 15.2328
0.489137 0.0664377 0.462553 0.856583 0.281007 0.567951 0.500243 21.9956
0.604695 0.31551 0.144529 0.212737 0.486441 0.570588 0.741364 48.2518
0.885525 0.052233 0.174403 0.0588727 0.327154 0.521157 0.294718 40.8625
0.230342 0.316484 0.505647 0.139124 0.916579 0.29 0.79628 50.7435
0.396734 0.656458 0.674091 0.0192866 0.0165091 0.524586 0.831016 19.5476
0.120513 0.297407 0.628946 0.871151 0.408539 0.995141 0.614299 43.4259
0.0358671 0.457212 0.0543282 0.0225823 0.917106 0.222503 0.848041 45.5898
1.7314e-13 0.512654 0.163414 0.485853 0.978251 0.100147 0.144697 39.3814
0.6631 0.238641 0.877526 0.410758 0.137454 0.932193 0.469643 24.9587
0.300076 0.601298 0.687597 0.000497877 0.123286 0.23723 0.586658 38.4968
0.37958 0.649269 0.812968 0.532966 0.00937034 0.553696 0.54063 31.7821
0.179123 0.30365 0.486938 0.887066 0.103757 0.0514144 0.583699 48.1696
0.674162 0.1492 0.318835 0.755868 0.409238 0.227747 0.309049 27.8799
0.74352 0.102682 0.146635 0.801792 0.06554 0.783246 0.445137 21.4219
0.163808 0.455126 0.300604 0.669859 0.0520962 0.304701 0.730775 34.8623
0.0944951 0.240546 0.407193 0.977281 0.980181 0.0204848 0.193558 41.1806
0.607307 0.14131 0.989493 0.381259 0.812743 0.407627 0.520016 19.9328
0.692662 0.336461 0.651801 0.0883696 0.388789 0.934825 0.562825 30.304
0.324367 0.72044 0.552604 0.537021 0.520553 0.749067 0.292393 31.5451
0.466528 0.807054 0.786757 0.0353243 0.127841 0.1845 0.312379 24.1432
0.122714 0.1455 0.711381 0.677374 0.639507 0.362818 0.772494 23.1775
0.615247 0.577103 0.0156393 0.204188 0.579633 0.0178616 0.996365 43.7037
0.0004545 0.683516 0.738031 0.861756 0.509862 0.0335524 0.0703599 28.3989
0.735478 0.923334 0.574918 0.0685185 0.3597 0.6224 0.824094 17.8571
0.132497 0.293578 0.450178 0.674121 0.657955 0.134905 0.13762 40.7083
0.214634 0.63836 0.683578 0.993189 0.86785 0.0815253 0.000612728 29.3554
0.779677 0.494172 0.474735 0.394808 5.55372e-05 0.262814 0.492135 50.9964
0.710892 0.548933 0.631113 0.946765 0.227686 0.759368 0.617741 16.0968
0.424275 0.949424 0.417834 0.849985 0.256391 0.627592 0.836354 16.2868
0.975723 0.57532 0.527244 0.404241 0.0868031 0.542658 0.903239 23.5815
0.287029 0.655297 0.749028 0.00977824 0.131998 0.278058 0.49475 37.8269
0.661557 0.497711 0.459883 0.317958 0.549792 0.713613 0.697995 19.3132
0.668223 0.635727 0.789032 0.837131 0.111964 0.340644 0.737211 14.2248
0.659741 0.491913 0.784728 0.575424 0.354416 0.673804 0.284638 32.5299
0.696402 0.651542 0.95363 0.588501 0.439271 0.645947 0.635526 18.2008
0.2756 0.175539 0.184312 0.253626 0.805333 0.441932 0.729737 45.7655
0.529148 0.613232 0.744879 0.270224 0.481081 0.646862 0.715455 28.4737
0.451954 0.527946 0.739404 0.452502 0.655964 0.0416423 0.0301916 46.0528
0.496426 0.218226 0.770022 0.948572 0.51426 0.135954 0.297326 46.9561
0.642787 0.0762885 0.826112 0.903054 0.0553196 0.879675 0.450368 23.1024
0.558822 0.980211 0.975606 0.200891 0.556777 0.7474 0.159579 17.6779
0.856845 0.0207747 0.02178 0.409595 0.207659 0.55884 0.479905 31.8362
0.243644 0.446502 0.677001 0.510497 0.116749 0.173741 0.984473 24.4593
0.266351 0.708309 0.444674 0.594333 0.323864 0.502634 0.525339 33.1281
0.0239928 0.438704 0.326515 0.155053 0.54866 0.431167 0.971415 46.6057
0.205412 0.0158795 0.314132 0.498617 0.182046 0.850445 0.653547 47.9957
0.636205 0.0467668 0.948848 0.685258 0.429882 0.728399 0.538792 21.355
0.0468737 0.593102 0.119022 0.413786 0.9594 0.142971 0.0394767 38.0079
0.207592 0.0178164 0.226651 0.278713 0.463996 0.780271 0.504817 43.6239
0.686923 0.173093 0.194945 0.171193 0.127063 0.149109 0.481187 55.5229
0.294502 0.550787 0.309775 0.70947 0.0422767 0.68328 0.00869068 23.3502
0.0311399 0.80238 0.142383 0.687669 0.565286 0.0859028 0.363979 37.2986
0.465405 0.819735 0.148948 0.0265772 0.484828 0.596191 0.618611 40.2799
0.049562 0.447907 0.0773432 0.423123 0.860233 0.0730082 0.0954893 40.1822
0.901455 0.99707 0.978429 0.312549 0.173655 0.473806 0.718707 16.663
0.225877 0.716599 0.675635 0.581226 0.880978 0.4233 0.201989 23.8807
0.10061 0.827848 0.00682455 0.888993 0.637679 0.096715 0.343092 43.212
0.584342 0.710164 0.486229 0.310784 0.102044 0.556292 0.783751 21.6519
0.623488 0.350907 0.0585894 0.211812 0.972856 0.213916 0.962959 38.695
0.630194 0.120603 0.428585 0.300466 0.0358827 0.673063 0.924964 46.5295
3.1118e-08 0.38953 0.0625148 0.319528 0.826876 0.234116 0.0861024 44.0319
0.0811039 0.73146 0.60914 0.11551 0.588845 0.24174 0.467394 38.98
0.211927 0.535856 0.317372 0.00740546 0.532469 0.179091 0.997459 44.635
0.00391943 0.50759 0.0343777 0.459871 0.9668 0.146377 0.0978714 41.9215
0.128706 0.318786 0.378307 0.814315 0.725302 0.290046 0.19055 37.394
0.959263 0.77841 0.189818 0.041631 0.994005 0.365324 0.126497 35.4778
0.340517 0.941826 0.890895 0.811528 0.14853 0.974495 0.199661 17.5028
0.167151 0.444225 0.211024 0.304654 0.00129174 0.0693803 0.994687 46.9947
0.19246 0.927305 0.767473 0.519138 0.0908518 0.333596 0.412007 41.4387
0.299735 0.436869 0.347966 0.251349 0.63243 0.449444 0.305471 39.0082
0.0967296 0.818401 0.138735 0.385278 0.704019 0.21009 0.182893 36.4729
0.719631 0.229845 0.933273 0.477214 0.621843 0.509092 0.68996 22.791
0.329053 3.28255e-06 0.24795 0.167828 0.913968 0.434516 0.778046 45.8727
0.530756 0.393115 0.649904 0.190657 0.445558 0.12317 0.914693 45.1981
0.509561 0.61107 0.556763 0.985293 0.119833 0.300859 0.594249 19.443
0.52468 0.589789 0.521521 0.528295 0.405271 0.452975 0.490276 42.3299
0.520717 0.178776 0.353351 0.871446 0.57498 0.145781 0.295386 28.2077
0.165744 0.689952 0.428286 0.713174 0.566777 0.232627 0.4283 36.697
0.366911 0.624136 0.380178 0.595257 0.659139 0.258124 0.398052 36.9799
0.287963 0.0478976 0.119406 0.0536768 0.93502 0.462566 0.396543 51.3737
0.778277 0.350374 0.42414 0.591361 0.0800402 0.444911 0.954779 22.1786
0.343093 0.136544 0.679423 0.351575 0.952709 0.859229 0.0691776 26.8793
0.620815 0.288814 0.69683 0.0442522 0.432113 0.593043 0.170886 26.1895
0.35239 0.691483 0.264844 0.377679 0.331694 0.616082 0.0388766 45.076
0.435216 0.776943 0.641745 0.510234 0.270979 0.62863 0.456186 29.7269
0.45253 0.679482 0.440823 0.654777 0.650102 0.334919 0.316239 20.9196
0.99597 0.722759 0.631962 0.079314 0.422133 0.795572 0.70657 31.0403
0.0734807 0.252851 0.34445 0.694427 0.617285 0.724926 0.488129 44.3313
0.33129 0.104067 0.284671 0.286976 0.546941 0.755195 0.944687 42.8184
0.220363 0.332905 0.719737 0.117994 0.997166 0.0766713 0.57003 23.8025
0.0106348 0.0383626 0.477626 0.479292 0.42623 0.295073 0.901591 50.2028
0.686639 0.963287 0.0727818 0.0117044 0.672833 0.955975 0.340481 38.805
0.790327 0.275073 0.744089 0.00500058 0.368981 0.221462 0.269736 47.586
0.314866 0.00883159 0.0250901 0.0198435 0.972187 0.355622 0.785831 47.4077
0.949493 0.391781 0.813934 0.512416 0.590906 0.254385 0.0383751 20.0297
0.0673564 0.325714 0.299486 0.0995128 0.524035 0.775989 0.673399 25.9333
0.565092 0.342316 0.536691 0.613569 0.396418 0.980845 0.372589 25.9268
0.952297 0.160298 0.581648 0.253171 0.747929 0.285896 0.668652 39.64
0.462285 0.743034 0.752652 0.516591 0.657274 0.517175 0.330273 27.3135
0.247429 0.0451217 0.971306 0.365463 0.65098 0.199343 0.00990809 51.7373
0.0282346 0.48039 0.0923887 0.48047 0.933371 0.125835 0.248114 40.9545
0.35009 0.411285 0.268456 0.00159427 0.159137 0.0880242 0.556285 52.2118
0.98829 0.813028 0.718356 0.282126 0.0319666 0.937158 0.405365 16.7779
0.853397 0.987088 0.00100388 0.429707 0.095889 0.951244 0.974727 30.0529
0.115142 0.378968 0.736274 0.157567 0.096138 0.680738 0.506919 20.5328
0.566727 0.303405 0.369418 0.723898 0.157478 0.484084 0.402546 25.518
0.672109 0.4984 0.111507 0.0387555 0.956846 0.505946 0.548332 42.8941
0.576737 0.939802 0.942038 0.858715 0.458815 0.585657 0.301185 16.5789
0.506822 0.00144021 0.651589 0.0724306 0.54382 0.0308524 0.585393 45.4121
0.795949 0.445675 0.220532 0.176118 0.595371 0.323961 0.403002 51.893
0.235136 0.0151739 0.57931 0.649795 0.0482307 0.437381 0.154176 26.2398
0.195746 0.866795 0.419273 0.646372 0.448174 0.538362 0.595717 28.8111
0.364183 0.669197 0.275025 0.37013 0.78614 0.614519 0.402988 23.2798
0.260169 0.256488 0.336887 0.196056 0.908235 0.58254 0.8974 42.4197
0.679026 0.279651 0.429929 0.941725 0.795779 0.505894 0.855932 19.1348
0.355089 0.629939 0.620321 0.907758 0.167601 0.706356 0.681007 16.6015
0.0366888 0.804353 0.339489 0.96664 0.491041 0.109466 0.170073 32.6637
0.95567 0.603966 0.605046 0.542912 0.0609072 0.426754 0.693001 20.8368
0.780929 0.291176 0.353162 0.399626 0.304258 0.242831 0.877375 42.0694
0.164734 0.710585 0.905249 0.995997 0.193156 0.0109988 0.0326704 26.4467
0.03815 0.797141 0.238612 0.781558 0.717233 0.22962 0.212872 33.406
0.139949 0.56523 0.971998 0.76726 0.212126 0.00186311 0.254883 31.323
0.5191 0.522666 0.493694 0.811845 0.74537 0.0264928 0.0145439 29.3008
0.513665 0.469158 0.701101 0.699069 0.26587 0.396242 0.659828 20.2898
0.169838 0.753741 0.0972975 0.75178 0.743246 0.199636 0.103263 35.9306
0.188111 0.98895 0.713439 0.466644 0.935177 0.738205 0.408017 18.31
0.566584 0.224251 0.276058 0.651991 0.27609 0.575001 0.455156 25.0388
0.6468 0.0220887 0.619451 0.339149 0.189328 0.815325 0.41676 45.8518
0.96921 0.32139 0.859179 0.993753 0.0218525 0.893081 0.572525 14.5719
0.0210804 0.350801 0.917332 0.855421 0.418031 0.101313 0.186823 30.4601
0.847458 0.970872 0.157752 0.465665 0.889741 0.444911 0.310032 35.0073
0.353546 0.181413 0.895332 0.0547786 0.998306 0.809 0.353016 24.2904
0.94094 0.0441533 0.461604 0.614979 0.593083 0.209859 0.0163404 50.4415
0.313383 0.108373 0.599715 0.958393 0.34273 0.858033 0.883035 17.3599
0.460749 0.656416 0.577768 0.758614 0.240245 0.789887 0.129536 19.159
0.882692 0.927189 0.908845 0.797443 0.916754 0.862602 0.833966 5.99973
0.115738 0.956667 0.306667 0.636458 0.80709 0.134568 0.213494 34.0986
6.5031e-06 0.483273 0.186832 0.148646 0.728911 0.0675692 0.611583 49.7499
0.227785 0.932619 0.292381 0.871867 0.0832512 0.735264 0.810801 16.0148
0.575383 0.596485 0.704871 0.133513 0.11287 0.0465628 0.563627 25.7079
0.547801 0.7402 0.59111 0.145227 0.0970601 0.111402 0.772297 21.7414
0.445769 0.550589 0.463518 0.554875 0.496892 0.48448 0.430769 37.5467
0.848358 0.550887 0.8162 0.468782 0.574557 0.161432 0.783597 15.9989
0.320194 0.0711099 0.000182195 0.218612 0.741104 0.667765 0.603618 45.4933
0.470794 0.603651 0.890893 0.659569 0.435202 0.750417 0.365276 17.2526
0.433407 0.787237 0.688259 0.0662205 0.311364 0.259562 0.256381 23.516
0.826754 0.164108 0.956872 0.0610708 0.891087 0.307361 0.121795 48.829
0.29001 0.00738129 0.518322 0.445413 0.61301 0.634697 0.983399 23.5709
0.697725 0.363383 0.694091 0.644812 0.363523 0.35792 0.599252 20.0581
0.409195 0.503763 0.749357 0.843429 0.221687 0.391432 0.987194 19.5125
0.651995 0.245761 0.540059 0.447243 0.838556 0.386495 0.78603 44.5549
0.771179 0.000973915 0.467729 0.0808289 0.703845 0.487502 0.181893 27.6836
0.835033 0.27216 0.525044 0.985046 0.908348 0.328875 0.344355 24.224
0.80658 0.8057 0.546228 0.393283 0.571747 0.899918 0.950603 14.1525
0.392397 0.641801 0.762408 0.198968 0.0752057 0.722051 0.539703 18.1523
0.539035 0.251377 0.32228 0.635373 0.245176 0.481028 0.320073 26.1822
0.705661 0.829998 0.496056 0.507706 0.0931949 0.766248 0.511326 17.8469
0.653225 0.721884 0.0852145 0.0477259 0.912468 0.283401 0.620327 40.847
0.157129 0.365073 0.165437 0.912297 0.521184 0.39902 0.0900998 42.6002
0.754005 0.677232 0.504389 0.162894 0.527806 0.2475 0.242507 42.6747
0.548304 0.714924 0.93849 0.272523 0.418248 0.988981 0.989801 15.7693
0.930792 0.948478 0.159965 0.356242 0.878974 0.948345 0.731822 15.3739
0.620059 0.510198 0.542973 0.800519 0.585327 0.00444025 0.522123 43.9158
0.004049 0.524178 0.376614 0.732649 0.206194 0.203332 0.215534 40.3435
0.975342 0.746307 0.43458 0.120642 0.685058 0.300902 0.26486 24.7878
0.547552 0.863867 0.40592 0.808278 0.500937 0.46877 0.0755159 38.4085
0.494709 0.737019 0.607554 0.85832 0.160698 0.37363 0.116939 22.2853
0.281515 0.625374 0.162772 0.236644 0.988551 0.109001 0.703984 41.3077
0.588737 0.119656 0.921459 0.534072 0.599902 0.970126 0.533018 17.921
0.712142 0.917868 0.96195 0.565639 0.379666 0.449745 0.177882 17.7366
0.934534 0.215136 0.83392 0.437393 0.323935 0.405445 0.568441 26.2583
0.965641 0.384101 0.615694 0.475474 0.667237 0.861153 0.663176 18.6386
4.13804e-08 0.378353 0.0336252 0.33114 0.94832 0.114223 0.113141 42.5149
0.432367 0.235677 0.435677 0.893347 0.204899 0.480156 0.421731 21.7845
0.51736 0.86203 0.58054 0.000302308 0.196265 0.21768 0.220804 24.6442
0.762576 0.705693 0.298117 0.32573 0.984283 0.157293 0.276737 19.0655
0.912348 0.595376 0.78147 0.285141 0.72597 0.259713 0.370476 16.9889
0.596693 0.405012 0.484315 0.504363 0.369517 0.870597 0.349031 25.0746
0.0564392 0.746308 0.936509 0.439893 0.644675 0.643974 0.552482 21.2017
0.616723 0.308882 0.860676 0.347642 0.675762 0.310389 0.860065 38.3026
0.39914 0.452507 0.586497 0.477602 0.516128 0.799803 0.799639 18.0595
0.924592 0.40677 0.303895 0.753854 0.589235 0.296812 0.313817 21.537
0.738935 0.812194 0.589046 0.887171 0.975256 0.383646 0.624245 14.3625
0.433599 0.450205 0.534713 0.35958 0.703022 0.927264 0.0772774 26.0981
0.64904 0.258797 0.730431 0.629314 0.401876 0.396455 0.722368 33.2287
0.278512 0.603071 0.467868 0.321376 0.749615 0.470473 0.400214 39.7419
9.74683e-13 0.401018 0.155332 0.487201 0.983772 0.119288 0.230059 40.3794
0.450374 0.877927 0.659034 0.982148 0.423177 0.312926 0.382151 24.6857
0.0234884 0.563391 0.02928 0.427379 0.946313 0.345191 0.165279 39.4798
0.290554 0.476769 0.220119 0.730391 0.446744 0.4483 0.528671 34.16
0.446091 0.675695 0.529207 0.585324 0.353571 0.455418 0.530357 34.7368
0.849469 0.983807 0.754713 0.919434 0.900603 0.60504 0.637505 11.042
0.454202 0.633028 0.806639 0.435074 0.239591 0.774113 0.436461 19.6288
0.503703 0.552267 0.342847 0.17477 0.543401 0.999311 0.441178 24.3732
0.137546 0.112105 0.535691 0.0492947 0.261871 0.974702 0.941745 21.9222
0.866966 0.386262 0.358754 0.0291031 0.0743652 0.424954 0.953598 43.0789
0.0523742 0.012166 0.346936 0.581275 0.958081 0.98113 0.28301 46.112
0.753329 0.0992799 0.59223 0.596843 0.612215 0.599492 0.657608 22.3267
0.318308 0.654305 0.0781481 0.503738 0.00301087 0.717712 0.853529 24.0015
0.23273 0.0985315 0.371274 0.578472 0.536041 0.665337 0.0575807 45.4569
0.595331 0.208674 0.919913 0.552575 0.162898 0.607117 0.803094 26.7301
0.137143 0.395368 0.508508 0.397158 0.517321 0.416287 0.000147808 44.8381
0.977056 0.415158 0.715357 0.631574 0.697838 0.656321 0.86618 14.846
0.718621 0.205898 0.862584 0.192359 0.68111 0.531498 0.661804 21.1301
0.540964 0.746364 0.258984 0.671863 0.70979 0.630314 0.780599 25.6196
0.609716 0.0943874 0.874279 0.673312 0.412423 0.74825 0.545217 20.7477
0.970854 0.765825 0.325122 0.568805 0.268456 0.539045 0.657746 18.9715
0.70397 0.382594 0.601985 0.538164 0.336934 0.872009 0.353848 23.3804
0.545 0.474192 0.0960862 0.108381 0.990269 0.675907 0.831549 43.7985
0.383922 0.512007 0.473937 0.51874 0.931922 0.812201 0.496878 18.9312
0.038535 0.833457 0.278479 0.502451 0.736427 0.179789 0.288713 35.8272
0.757381 0.557105 0.028348 0.918034 0.751645 0.182728 0.0897811 22.3956
0.0904005 0.114949 0.215666 0.550021 0.723078 0.85878 0.622055 43.0906
0.0641691 0.230765 0.413377 0.75293 0.658669 0.175565 0.0871947 41.0077
0.522607 0.934929 0.910409 0.275197 0.323353 0.5836 0.486894 18.9835
0.0529783 0.455261 0.239398 0.314217 0.666644 0.292833 0.37303 43.4897
0.1853 0.57766 0.824476 0.400098 0.258489 0.482134 0.579384 27.5857
0.861215 0.54344 0.685312 0.700756 0.758023 0.57829 0.817602 16.0986
0.876749 0.360938 0.661848 0.739943 0.0273037 0.961585 0.846427 14.1201
0.850687 0.353052 0.399665 0.796762 0.625061 0.739259 0.907915 14.4067
0.0297459 0.921708 0.77511 0.784257 0.711832 0.804051 0.577171 14.7174
0.551338 0.691281 0.585077 0.679018 0.170253 0.57639 0.147116 22.9517
0.587353 0.618689 0.655812 0.967153 0.660224 0.545942 0.458019 18.8536
0.836698 0.417714 0.383506 0.829538 0.783761 0.158704 0.472545 19.0401
0.336195 0.878567 0.711476 0.691739 0.652797 0.853174 0.284906 14.1052
0.297441 0.472051 0.898458 0.716695 0.478875 0.476848 0.0797042 20.2702
0.982081 0.40757 0.337441 0.731746 0.591767 0.314827 0.339035 21.8923
0.656214 0.915651 0.5662 0.619194 0.636139 0.933929 0.639605 14.9595
0.746782 0.267747 0.999494 0.939366 0.564164 0.388348 0.7692 17.236
0.504802 0.552844 0.80957 0.402332 0.297059 0.608979 0.65662 17.1361
0.910589 0.440995 0.747531 0.598969 0.606613 0.351798 0.46803 19.1154
0.78382 0.885128 0.746121 0.683167 0.134119 0.00945905 0.222743 22.9974
0.71756 0.22372 0.491241 0.557122 0.182716 0.517222 0.923007 22.7228
0.919525 0.917352 0.8554 0.820273 0.906287 0.822944 0.871059 6.41752
0.0329649 0.727386 0.327443 0.705535 0.954237 0.0450456 0.239478 38.129
0.937901 0.937209 0.911842 0.224622 0.96485 0.754572 0.628819 12.8056
0.917707 0.436221 0.998318 0.671209 0.620271 0.0596453 0.0667218 24.7483
0.670753 0.929187 0.742176 0.0313782 0.422048 0.226537 0.184153 23.0873
0.994734 0.752855 0.216619 0.774631 0.506611 0.127188 0.139869 22.6189
0.241959 0.474393 0.689939 0.603212 0.0387593 0.321659 0.779106 29.8051
0.154556 0.763406 0.424986 0.944146 0.701534 0.611043 0.446783 16.4558
0.449314 0.283353 0.392664 0.282116 0.533071 0.609899 0.674248 23.6911
0.606201 0.156599 0.565648 0.215066 0.893451 0.659609 0.920826 20.5193
0.964382 0.139557 0.414887 0.76969 0.64742 0.709058 0.958962 18.7395
0.527909 0.105212 0.374013 0.361761 0.693389 0.75695 0.889224 41.715
0.726907 0.822545 0.848932 0.953273 0.431593 0.998594 0.77108 10.0383
0.413191 0.396193 0.889615 0.844901 0.598734 0.616434 0.423669 18.4211
0.816952 0.854989 0.57247 0.708291 0.582935 0.871081 0.081594 15.5884
0.456548 0.428596 0.505787 0.292879 0.60486 0.891861 0.256852 24.5605
0.997271 0.989098 0.86601 0.41011 0.538224 0.272948 0.335606 15.8459
0.347217 0.0278142 0.14075 0.110556 0.845446 0.715883 0.959637 45.0239
0.0727105 0.0722603 0.458487 0.0165508 0.326125 0.957942 0.843372 22.7226
0.638536 0.536157 0.640065 0.656665 0.872108 0.633269 0.764911 19.7021
0.715461 0.615607 0.877226 0.939575 0.298913 0.653793 0.922553 12.5954
0.702776 0.845815 0.83909 0.129364 0.701571 0.685777 0.762813 14.2533
0.764669 0.954764 0.465848 0.556322 0.307785 0.590068 0.904829 16.1965
0.760172 0.662751 0.42831 0.186116 0.550914 0.670707 0.56015 45.8935
0.125782 0.157873 0.663316 0.296027 0.771245 0.900125 0.120043 41.1293
0.713123 0.672023 0.316163 0.0633107 0.6291 0.557908 0.0591028 38.2289
0.704979 0.262609 0.429798 0.373248 0.884282 0.182199 0.808384 39.9231
0.734331 0.602078 0.280253 0.625336 0.133852 0.648447 0.262912 20.6033
0.208468 0.924883 0.395457 0.999571 0.692756 0.206777 0.622477 16.925
0.887227 0.672152 0.532952 0.854162 0.346891 0.637807 0.72599 15.6148
0.311783 0.927983 0.999855 0.384316 0.377445 0.383952 0.278332 20.2531
0.202029 0.500636 0.756338 0.0598419 0.635172 0.26114 0.440149 25.8625
0.782481 0.85747 0.897876 0.644382 0.399898 0.496405 0.716291 12.9495
0.14503 0.868727 0.623262 0.790687 0.453814 0.953692 0.348138 18.831
0.661956 0.873303 0.707259 0.55969 0.839563 0.419743 0.747851 13.9397
0.970977 0.170058 0.802271 0.95514 0.991209 0.931486 0.686421 13.4468
0.627477 0.0424363 0.38903 0.749521 0.829568 0.746641 0.862173 17.5784
0.942187 0.98534 0.755668 0.973109 0.830767 0.982018 0.363836 10.9821
0.0839943 0.421032 0.188209 0.43853 0.950257 0.180202 0.359048 38.3187
0.449018 0.0914914 0.261148 0.139552 0.799877 0.827556 0.857793 40.2369
0.834536 0.912402 0.981099 0.930629 0.559602 0.78535 0.804538 10.7632
0.567787 0.903432 0.320618 0.947713 0.864078 0.744633 0.211384 15.7837
0.32292 0.461315 0.540368 0.812958 0.593717 0.912312 0.671102 17.6184
0.446623 0.498863 0.88796 0.855129 0.251363 0.847903 0.554481 17.9745
0.694153 0.67904 0.670225 0.661413 0.330642 0.819905 0.246875 20.6265
0.141852 0.565317 0.76024 0.322456 0.0595352 0.480775 0.586209 28.0244
0.376977 0.726486 0.593331 0.796013 0.451515 0.752173 0.774148 16.2369
0.603078 0.599693 0.934664 0.823875 0.939821 0.582118 0.917496 13.3673
0.0826855 0.398269 0.110067 0.380633 0.828901 0.219078 0.320501 42.045
0.282639 0.881014 0.709102 0.322496 0.752927 0.688026 0.271641 17.4969
0.562925 0.69655 0.964592 0.336021 0.810765 0.710517 0.803624 14.247
0.758955 0.125644 0.34776 0.765146 0.49349 0.538057 0.602613 19.6094
0.200951 0.0365171 0.8074 0.665131 0.807386 0.965781 0.464164 41.5992
0.0207342 0.40444 0.0894871 0.335492 0.785475 0.224962 0.130819 42.2184
0.346879 0.593454 0.502794 0.952518 0.653155 0.782161 0.647225 18.817
0.802483 0.130812 0.350356 0.952203 0.554063 0.720656 0.667536 19.4603
0.0215959 0.873646 0.373663 0.531012 0.946952 0.499683 0.608496 22.5227
0.163932 0.748612 0.383714 0.318035 0.81267 0.10585 0.248967 34.8209
0.00248865 0.692573 0.614235 0.909703 0.699891 0.213568 0.622806 16.8798
0.442984 0.660023 0.72595 0.842128 0.780465 0.690149 0.666336 14.0311
0.912927 0.0324349 0.26887 0.593052 0.480669 0.61176 0.579866 26.7865
0.980567 0.730626 0.671118 0.945798 0.140801 0.552261 0.148616 17.9646
0.91418 0.529908 0.549584 0.720063 0.682644 0.652566 0.709006 15.4751
0.416838 0.584319 0.550725 0.987305 0.822297 0.575414 0.931662 16.371
0.501829 0.388644 0.930933 0.714343 0.214152 0.774848 0.735064 15.0868
0.323711 0.674139 0.411864 0.95612 0.527806 0.351279 0.563952 31.9895
0.597306 0.999191 0.904347 0.725598 0.35136 0.588149 0.98113 18.551
0.498253 0.597206 0.100144 0.571938 0.571575 0.905505 0.86495 24.3046
0.881245 0.486248 0.941387 0.625849 0.0399267 0.459773 0.599112 17.033
0.49462 0.598383 0.727865 0.102003 0.805975 0.741052 0.685142 19.6859
0.789514 0.799006 0.885781 0.67541 0.735625 0.0927591 0.610322 13.3017
0.678545 0.482771 0.900739 0.280018 0.00451676 0.206822 0.638719 49.5581
0.714919 0.449503 0.411804 0.697823 0.722499 0.0301714 0.74617 19.3329
0.346913 0.546132 0.459211 0.616719 0.569929 0.413964 0.565695 37.6502
0.834944 0.248837 0.699745 0.99019 0.689785 0.906894 0.966235 13.5246
0.699032 0.688845 0.120282 0.857894 0.466465 0.939258 0.972168 15.8832
0.496634 0.0746221 0.242384 0.602531 0.0802222 0.560131 0.242626 28.8636
0.959192 0.954803 0.986336 0.763252 0.862006 0.264401 0.259885 12.9865
0.403364 0.852527 0.621212 0.693599 0.602389 0.674943 0.901029 17.4952
0.751438 0.58971 0.877935 0.992382 0.107018 0.940098 0.527715 14.1442
0.596058 0.461877 0.812465 0.091643 0.816476 0.961351 0.687991 19.4253
0.063702 0.420032 0.194413 0.205072 0.932544 0.162432 0.889631 44.827
0.258054 0.776859 0.723693 0.623433 0.474586 0.905718 0.324257 15.8538
0.897216 0.656183 0.787485 0.634309 0.231662 0.808378 0.439575 15.2829
0.689893 0.630763 0.903016 0.140893 0.529625 0.820762 0.86232 14.6512
0.592652 0.300141 0.977505 0.346147 0.854258 0.85898 0.749409 16.0889
0.976874 0.0302518 0.617849 0.460354 0.952014 0.72321 0.637429 20.7057
0.831359 0.62157 0.654965 0.241801 0.99217 0.832596 0.916142 13.9361
0.473868 0.398848 0.889512 0.105539 0.997307 0.846645 0.472985 21.454
0.769538 0.777671 0.721406 0.86351 0.585575 0.188398 0.957005 11.7827
0.929271 0.477621 0.259918 0.67439 0.622664 0.328329 0.502146 20.7604
0.139371 0.84285 0.44738 0.542752 0.776525 0.958358 0.420012 20.9925
0.958687 0.668923 0.88504 0.824743 0.628184 0.442175 0.677906 13.5257
0.48135 0.953025 0.443303 0.693736 0.480191 0.624643 0.713391 18.1004
0.238407 0.578882 0.721866 0.48969 0.688005 0.905704 0.543017 19.0577
0.495205 0.618747 0.824592 0.647574 0.455779 0.729762 0.616172 18.3541
0.632638 0.537361 0.684307 0.349659 0.545348 0.898484 0.380574 22.3842
0.953817 0.466529 0.828266 0.624044 0.472874 0.11664 0.710467 20.1356
0.611156 0.561408 0.864775 0.965959 0.698987 0.633365 0.929078 15.6216
0.756489 0.489755 0.725357 0.833088 0.752681 0.46285 0.244609 14.4048
0.6339 0.722045 0.447129 0.641618 0.739613 0.907789 0.941285 17.4704
0.864113 0.850138 0.946372 0.80473 0.568681 0.729266 0.463799 11.6754
0.88279 0.529748 0.681342 0.663035 0.266071 0.57209 0.814328 17.3053
0.77592 0.831766 0.805441 0.797652 0.776991 0.744774 0.756195 7.60372
0.133017 0.320311 0.0227485 0.149978 0.964352 0.127026 0.030529 42.5528
0.276197 0.653782 0.530251 0.916881 0.237695 0.00533535 0.936777 17.401
0.372075 0.906871 0.735713 0.735264 0.990483 0.992005 0.893778 12.8769
0.992372 0.893444 0.975817 0.774923 0.897483 0.778465 0.555332 10.5582
0.910976 0.63485 0.768935 0.562263 0.70695 0.0223372 0.5061 20.3748
0.552804 0.996313 0.706023 0.41987 0.649157 0.700278 0.536294 17.7891
0.92775 0.225183 0.453528 0.805153 0.552522 0.609001 0.887715 17.2194
0.687959 0.836543 0.841311 0.417656 0.565797 0.887387 0.707352 12.0743
0.955563 0.998235 0.664759 0.623429 0.487249 0.97067 0.709037 13.03
0.996853 0.747328 0.62623 0.520772 0.902841 0.788541 0.776617 12.2803
0.655026 0.724318 0.683248 0.787822 0.672501 0.911329 0.694656 10.6517
0.985225 0.472585 0.605018 0.590241 0.998526 0.971126 0.614005 16.8378
0.803482 0.763918 0.914851 0.832305 0.930809 0.836179 0.892286 7.06019
0.267107 0.6237 0.611926 0.961889 0.615043 0.696424 0.970824 15.3991
0.898528 0.36658 0.943906 0.665695 0.676971 0.547147 0.65885 14.4267
0.684327 0.636677 0.468814 0.894963 0.469138 0.669674 0.50921 17.5789
0.600861 0.972735 0.538859 0.735569 0.761102 0.719307 0.811349 13.2058
0.0340662 0.74602 0.0592063 0.814019 0.67648 0.18833 0.259406 35.41
0.590647 0.262852 0.781231 0.455183 0.716353 0.942078 0.937404 14.8969
0.765082 0.781455 0.837241 0.859902 0.882533 0.812339 0.824531 6.70555
0.616333 0.686326 0.668749 0.583509 0.778973 0.660238 0.988386 14.5208
0.792932 0.92941 0.946029 0.0618646 0.984856 0.934912 0.66731 13.6653
0.704578 0.824488 0.69554 0.433944 0.376733 0.793094 0.992835 13.929
0.690003 0.952761 0.996995 0.881086 0.780455 0.819291 0.72471 10.6495
0.706675 0.00048077 0.481974 0.356281 0.70984 0.714709 0.734984 18.8871
0.961322 0.791027 0.350359 0.576285 0.213234 0.532238 0.663553 18.5336
0.963399 0.811195 0.372502 0.431904 0.854793 0.693337 0.987783 16.4255
0.285812 0.993832 0.749717 0.770225 0.470889 0.793255 0.485276 15.1938
0.916757 0.538082 0.901366 0.726743 0.708829 0.672341 0.675875 12.8568
0.778559 0.0100188 0.761098 0.385281 0.748069 0.849528 0.867818 14.0661
0.796528 0.828482 0.649811 0.481446 0.343464 0.830124 0.953759 13.1901
0.899202 0.840669 0.653599 0.697395 0.919367 0.985364 0.0126712 14.7667
0.813838 0.803722 0.840722 0.924024 0.521441 0.241335 0.940139 10.9591
0.823915 0.746484 0.867571 0.762522 0.858161 0.828187 0.792255 7.81728
0.748671 0.671133 0.633386 0.540152 0.677226 0.798162 0.665984 15.1602
0.699168 0.889332 0.715517 0.841004 0.769079 0.325487 0.97467 10.4254
0.984135 0.794014 0.556885 0.421169 0.921889 0.793422 0.805171 12.5847
0.98123 0.606338 0.726486 0.732428 0.964743 0.93776 0.819668 12.7947
0.985445 0.914911 0.90467 0.233494 0.191249 0.120904 0.00922185 20.4451
0.889292 0.784254 0.854224 0.766896 0.903578 0.946235 0.717013 9.03547
0.79168 0.664941 0.845945 0.538044 0.815313 0.835442 0.84925 9.92363
0.911523 0.542419 0.76717 0.875665 0.741737 0.859953 0.670683 12.24
0.998825 0.803248 0.975065 0.927003 0.774385 0.810252 0.839866 9.82109
0.619431 0.90881 0.0872867 0.91629 0.730591 0.356064 0.727112 21.3079
0.977679 0.553825 0.807651 0.951988 0.683285 0.910402 0.646393 13.0244
0.91922 0.889959 0.830038 0.638565 0.730971 0.996054 0.725762 9.80465
0.500293 0.80193 0.851818 0.520661 0.992694 0.895319 0.142123 15.0264
0.72549 0.604312 0.90358 0.679929 0.867511 0.662905 0.535008 13.8233
0.812791 0.993525 0.878281 0.8698 0.728781 0.975532 0.935881 8.30592
0.756139 0.0526095 0.789874 0.547859 0.890544 0.989367 0.838196 13.7447
0.895772 0.999802 0.713184 0.637599 0.494878 0.915625 0.298258 13.563
0.746401 0.599602 0.675765 0.404977 0.736991 0.732849 0.945806 13.8809
0.725874 0.40086 0.731074 0.955447 0.284824 0.80578 0.775545 12.905
0.81079 0.703282 0.852323 0.900449 0.70188 0.894737 0.928091 8.00435
0.955613 0.736456 0.761011 0.938067 0.383715 0.512499 0.896253 12.8539
0.97014 0.434916 0.685933 0.578348 0.910122 0.910128 0.869113 14.7804
0.902139 0.466327 0.833317 0.725918 0.714157 0.769205 0.813224 10.2822
0.992963 0.884829 0.751573 0.78027 0.914065 0.956849 0.765417 8.3903
0.835499 0.463994 0.500262 0.682037 0.695106 0.843508 0.965161 14.1417
0.903511 0.86053 0.658781 0.614338 0.804087 0.671047 0.967527 11.3909
0.824873 0.791218 0.96706 0.0437105 0.950916 0.812229 0.913144 12.5163
