2 0.0655211
0.014401 0.00307991 0.136919 0.296995 8.85054
0.0931442 0.947749 3.96921 5.79134 5.13884
0.11037 1.112 1.26698 6.04078 5.23043
0.139691 0.503695 3.72254 5.2312 3.00883
0.140277 0.525352 3.32002 5.94618 5.09756
0.140433 0.920407 0.670034 9.25802 0.621681
0.161526 0.625183 6.02138 0.742037 4.84121
0.188227 0.047719 1.14766 7.13205 4.31629
0.210606 0.320168 1.04145 8.64297 0.160455
0.222889 0.219451 3.07298 8.12298 1.53359
0.244853 0.109996 0.79875 6.65781 6.87583
0.2452 0.257631 1.45561 5.76178 6.25167
0.279555 1.1774 0.843015 6.43221 4.6802
0.286119 0.779451 7.23216 1.20668 4.42735
0.326595 0.490125 1.09675 8.44405 0.530832
0.350913 1.2762 0.341053 5.4621 6.15071
0.375004 0.0681137 0.747577 7.86582 1.76364
0.414493 2.16442 2.50496 6.2451 2.79499
0.428067 0.190265 2.39141 9.23832 1.26849
0.460916 1.19119 5.07526 2.41341 5.62721
0.480437 2.33359 0.332222 8.10179 3.43674
0.481812 1.00975 1.13164 1.88555 6.59909
0.53792 0.169588 3.42292 4.07322 6.31825
0.542211 1.28004 0.471293 6.53443 6.06966
0.542496 1.44232 8.42431 1.59447 1.67886
0.575514 0.367507 5.78019 6.87798 0.321412
0.577624 3.99603 4.74903 1.21837 5.13368
0.588468 0.0614204 5.75944 4.61574 3.05423
0.614946 0.99445 3.81776 4.1436 5.24875
0.635435 0.606491 3.87683 4.05824 4.25056
0.635674 0.767792 0.262271 5.50403 5.75101
0.670696 0.0652412 2.59209 8.41647 1.61593
0.704163 1.22356 7.62226 3.05486 1.35683
0.713134 4.87353 1.85268 6.83609 0.872416
0.808019 4.11826 4.88081 4.22542 0.758751
0.859331 0.948576 7.44302 2.60711 1.44851
0.960472 4.09289 6.25513 1.18763 3.8197
1.04017 0.220431 0.823159 5.97143 6.4399
1.04947 0.115553 3.89785 4.41684 5.63405
1.08138 6.66651 5.02126 0.678454 5.25027
1.09493 1.14074 0.285194 8.07664 4.23927
1.32527 2.28634 6.49638 1.82464 2.5016
1.43959 0.137105 0.142279 5.39578 6.42664
1.61262 4.37824 4.04849 2.55873 3.98703
1.79122 0.219344 6.61085 2.57614 4.04076
2.31967 2.16398 7.4107 1.08352 0.251232
2.58257 6.03455 4.15914 4.14859 0.525717
2.88722 4.11787 4.54335 2.77359 3.22072
3.16113 5.60239 1.14977 2.79986 0.543431
3.22762 0.488182 4.84254 1.22312 6.40511
3.6612 4.38504 3.94524 0.920441 5.30592
3.76212 0.416312 1.31422 5.11164 4.91089
3.88544 1.4719 3.77392 2.49766 5.55982
4.27134 4.34496 4.01158 4.88201 0.2664
4.8523 5.94916 3.66176 1.06373 0.176252
5.1459 5.21476 3.458 2.33575 3.21178
5.3315 0.96447 0.917759 2.64779 4.58261
6.07715 1.95487 5.3128 1.50381 4.17615
6.13078 3.17874 1.65157 1.61131 4.37766
6.58632 1.01435 5.19507 2.96986 1.20508
6.83192 4.93124 1.25481 3.70324 2.03908
6.989 2.08746 2.09738 4.36233 2.1099
7.62954 2.48831 1.11129 2.97314 1.36776
8.01253 4.43479 2.88782 1.04888 2.54909
8.69073 3.01826 1.59088 1.73134 4.25613
0.00758654 0.0741757 0.723876 7.92014 4.78096
0.0330293 0.24631 2.09549 8.96429 3.22019
0.0547074 0.227212 1.10836 6.4301 0.994714
0.19774 1.63904 0.286137 3.30478 5.82911
0.199194 0.884737 2.80337 3.61733 6.21674
0.200235 0.863309 6.49473 2.97777 4.49499
0.200585 0.415058 0.910882 8.31176 0.983354
0.204856 0.374882 0.607239 7.99497 3.45148
0.220914 0.968037 5.27676 1.39152 4.69206
0.32465 0.0620797 1.9294 5.7042 4.89005
0.329115 2.06268 3.71276 2.04246 5.73905
0.333357 1.56456 2.98247 6.18124 3.66141
0.338457 0.0812425 3.63344 5.37354 6.8646
0.34971 1.12886 6.85639 4.49493 2.09973
0.375092 0.469494 6.40655 3.0589 5.46025
0.406506 0.850187 0.498679 4.2178 5.33755
0.456053 0.481809 3.95659 6.14612 1.9593
0.45809 2.78562 0.654197 6.41318 4.7158
0.476591 0.533503 1.03609 4.93996 4.72695
0.508258 0.522361 6.98038 1.80309 5.51819
0.510252 1.80096 6.24918 2.9522 4.35059
0.526916 2.08138 1.35963 3.2522 5.03733
0.563502 0.868105 4.46728 4.45235 4.6637
0.570629 3.2957 6.78453 1.48613 1.42995
0.571377 2.20092 4.01249 6.06158 2.15377
0.684658 0.512929 0.942704 7.80314 3.43955
0.695762 0.394844 7.14232 4.04638 2.61884
0.726922 3.81248 1.50914 0.719883 5.71191
0.769627 1.2334 0.981236 3.67025 5.9928
0.787301 0.643528 7.34374 1.88077 3.94613
0.801341 0.178568 0.556235 7.85076 3.35556
0.813567 6.43315 1.44446 6.15714 1.7822
0.8136 1.12359 0.686851 0.252266 6.83764
0.840556 3.0827 2.72215 1.40536 6.48174
0.8467 0.252854 6.56134 2.34792 2.48358
0.85238 6.45536 4.35088 1.12967 0.0858024
0.866355 2.4247 1.3546 0.866314 6.4192
0.873813 4.93534 1.92174 0.714067 6.68211
0.939371 5.42411 1.45087 4.53384 1.90741
0.943364 6.09765 2.08354 0.846148 0.700924
1.05126 1.93173 3.45471 1.86744 6.00239
1.07073 0.645325 1.37756 4.63834 5.76162
1.07199 1.1053 0.559352 6.53162 3.81325
1.15471 3.0234 3.95121 2.9307 4.74987
1.19038 0.643315 6.46248 1.4747 4.42631
1.1913 1.42388 4.2866 0.772027 6.736
1.22234 4.92563 4.78538 1.09626 4.18006
1.3252 0.88171 0.460706 4.48136 5.91613
1.32891 3.45727 2.92117 0.579391 5.45748
1.35794 2.29352 4.06348 5.57819 2.16368
1.37907 0.238458 0.329992 8.399 2.71743
1.40897 3.02441 0.515756 6.30119 2.23921
1.41941 1.03596 5.32078 0.706549 3.98972
1.43253 6.21715 1.51351 2.86028 5.09091
1.51554 2.9155 2.23611 0.649179 6.46133
1.6734 0.67297 3.07243 6.26458 1.50372
1.77069 6.58212 0.885963 2.80114 1.87035
1.82895 1.60014 6.00831 5.29457 1.76135
1.95852 3.5553 4.11576 4.84398 2.38648
1.98244 1.14857 2.51597 4.99575 3.78124
1.98449 4.2758 1.40503 3.95716 3.15544
2.0143 1.18153 4.72563 6.18165 1.83609
2.01517 0.313565 4.97837 4.71339 0.229965
2.14219 3.29572 3.84601 1.80514 5.18553
2.22787 3.50869 2.52218 6.74448 0.778816
2.23783 8.0137 2.04372 1.54307 1.04804
2.34689 4.67901 0.922533 2.97797 6.60987
2.40877 6.0957 1.08212 4.72637 2.27596
2.43988 0.476261 1.51706 5.6953 5.35886
2.44897 3.0977 3.52816 5.21781 3.08745
2.5005 6.59323 1.45646 1.17992 3.83678
2.58794 3.10781 0.723297 5.81111 3.00463
2.59277 2.42499 3.00389 5.00637 3.06695
2.59573 5.39382 0.932244 3.86029 4.32473
2.61822 5.88099 4.40654 1.87807 1.63399
2.64629 0.712733 0.304246 3.69784 6.80966
2.64871 3.46569 3.64486 5.06585 0.598708
2.65237 5.12634 4.20912 2.90312 2.41283
2.6576 4.72011 3.94962 3.12194 2.50299
2.66136 1.95353 4.49236 4.3034 1.92021
2.74309 5.20112 2.57196 2.65617 2.47747
2.78294 2.78595 4.08452 0.654551 5.23786
2.81545 0.986162 1.91062 6.26366 1.00216
2.91178 5.83577 2.19348 1.19822 0.738206
2.9428 0.78034 4.82591 4.55738 2.30906
2.94928 3.44201 2.81727 1.16264 4.87282
2.95324 0.896402 2.61811 1.56111 6.60766
2.97429 5.44119 0.693273 3.74506 2.24092
2.97589 3.80827 1.29315 4.36573 2.8455
3.03831 1.75285 2.35144 1.50889 6.74068
3.12067 2.85689 3.29189 4.5872 0.661654
3.17488 6.90554 0.88943 0.948784 1.33092
3.24737 4.75228 4.96308 1.59995 1.78784
3.26081 2.91849 0.969571 3.04727 5.45367
3.37534 0.824425 4.93502 1.99381 3.24999
3.38967 0.544165 8.93768 3.11163 0.534241
3.47898 1.90616 0.961813 4.01556 5.21856
3.48583 4.24396 2.28105 3.50445 3.77065
3.70958 4.78371 3.47782 1.26121 3.98626
3.73937 1.51825 4.12321 4.81978 0.469758
3.77989 2.77942 2.23089 2.93816 4.45015
3.90825 6.62109 2.86913 4.72776 0.157828
3.94283 4.9707 1.3531 4.89504 2.4822
3.95454 0.619825 6.70677 2.03792 1.5341
3.96974 3.13217 3.24956 5.30784 0.394369
3.99218 1.22908 4.69778 5.16566 0.381953
4.02943 3.16609 2.26501 2.03924 5.39961
4.56063 1.46737 5.33519 2.78044 1.24533
4.78628 5.66089 2.02012 2.33433 3.49461
4.81425 5.79397 0.960135 0.725608 4.10154
5.11271 4.95256 0.943411 1.15261 4.78183
5.1881 4.78274 2.27855 1.80434 2.84638
5.24014 3.35572 1.40873 1.6582 4.93303
5.27201 2.01576 4.17532 3.20814 1.33428
5.43722 2.43795 5.0543 2.54896 0.471256
5.51322 3.97735 1.18212 0.723146 4.31335
5.7193 2.26215 4.12357 2.21127 0.274768
5.76971 0.766932 2.60701 2.48117 2.90605
6.21392 3.41111 1.64256 2.69528 1.10915
6.25118 3.37954 5.483 0.905285 2.15685
6.87238 1.0541 1.59508 3.91535 3.08448
0.00608302 0.0111225 0.0105902 0.00745929 7.39101
0.00645978 0.00467684 0.015138 0.0153075 7.70524
0.00813977 0.00481645 0.00672204 0.0484012 7.9709
0.0085945 0.015183 0.00659984 0.0230623 8.88374
0.0292604 0.0403614 0.0102386 0.0528874 6.88134
0.0675748 0.217642 1.09588 6.75076 3.84817
0.0802651 0.664959 0.786527 6.92698 1.9958
0.0893303 0.0979241 1.46582 7.93142 3.66099
0.0939679 0.425688 1.25418 6.22105 3.21683
0.0997057 0.87029 3.25864 4.70579 6.05032
0.107538 0.389474 0.688383 4.523 5.90529
0.134281 0.104337 1.22808 6.37041 4.83761
0.136087 0.34698 0.492673 1.59873 6.85042
0.145637 0.175168 0.724057 6.7862 3.67489
0.14566 1.07904 1.09616 3.1152 6.47498
0.149024 0.31667 0.356813 5.09595 6.3011
0.152394 0.642396 5.25087 5.14549 4.47977
0.153032 0.0857654 1.64111 7.17485 3.87783
0.160213 0.435216 1.47854 7.85836 0.864763
0.161113 0.287645 2.44632 4.06183 6.07217
0.178223 0.806974 1.93458 4.24818 6.81366
0.183691 0.268956 0.977929 7.55005 3.38945
0.185936 0.204919 2.73328 5.02466 6.87986
0.192493 0.156691 1.77753 1.74703 6.6084
0.208954 1.74367 0.645399 5.58393 4.81954
0.237934 1.28821 2.22872 4.08018 3.75383
0.262862 1.0251 1.12943 8.03357 0.223845
0.27299 0.408739 1.09438 7.2191 2.64016
0.278913 2.22896 2.58057 2.1275 5.03757
0.290293 0.798609 3.26189 3.59818 5.78693
0.297521 1.0149 1.21671 6.13924 4.32771
0.313568 0.225663 1.82361 7.54992 1.10359
0.322738 0.920889 7.26753 1.02635 1.69889
0.333606 0.0569182 2.06732 6.63124 3.92237
0.346378 0.803613 2.96752 4.70914 5.52048
0.352688 0.451988 4.27112 5.178 5.50222
0.364661 1.56914 6.62994 2.46489 2.72417
0.385757 1.15883 4.55782 2.13675 6.20202
0.388148 0.813759 3.42925 4.68713 5.5046
0.404933 0.32271 1.95486 3.16422 6.25783
0.405275 0.657406 0.458971 7.12979 0.00189919
0.422967 3.52452 5.07227 4.03969 3.67484
0.426296 0.362876 1.01986 7.06109 3.65456
0.428698 1.25207 2.66215 2.10864 6.5414
0.430408 1.16688 3.21668 5.99179 3.23463
0.430744 1.48256 1.89802 5.74518 5.1041
0.431579 0.448607 0.624485 7.96627 2.04063
0.43299 2.02183 4.67483 3.53503 1.68483
0.463073 0.59559 5.70313 6.42628 0.520127
0.490207 0.526405 4.71466 4.58983 5.32513
0.504411 0.354791 3.09578 6.36941 4.5308
0.582312 2.00968 2.9622 6.36582 1.20909
0.582609 0.448385 3.9274 1.18377 6.50101
0.593499 1.1942 6.64637 2.28734 2.65739
0.61241 1.92444 4.80618 5.5864 2.55081
0.616133 0.0975938 1.32701 6.34176 3.10282
0.619954 0.717088 2.27403 3.68176 5.30363
0.625836 3.71987 0.6915 5.74244 3.13275
0.63719 0.0867165 5.01598 5.6344 4.241
0.662721 2.8574 6.00578 2.82052 3.81951
0.671544 3.37636 3.42139 5.19158 3.52755
0.677496 0.674015 6.68163 4.1335 0.680074
0.694424 1.94548 0.424245 4.35999 5.13246
0.69522 0.462569 1.16494 3.94343 6.76536
0.705804 3.6005 1.34769 6.29434 1.48166
0.711655 3.6126 3.13938 3.55443 4.88175
0.723938 6.84062 2.56909 1.27172 0.501113
0.730001 5.10723 3.13397 4.80622 1.7681
0.739215 0.60161 4.77175 1.30365 4.95957
0.745177 0.838971 6.13525 1.89483 3.99174
0.774068 1.28488 6.04849 2.28438 2.68455
0.837913 0.952594 5.35096 4.39783 2.86327
0.918514 2.17454 1.91541 1.6735 6.13687
0.923433 1.26595 6.12853 2.57383 3.31847
0.951018 2.90302 2.8561 5.77562 3.45248
0.975357 3.50786 6.93777 4.76141 0.669101
0.982764 3.02764 3.55204 4.61818 3.74371
0.99549 0.829696 2.39161 2.56941 5.53914
1.15434 1.09906 1.96312 4.13865 6.11799
1.16032 0.314992 1.321 8.65524 0.425586
1.16742 2.07242 2.3363 2.84288 6.0189
1.25303 2.41481 5.0858 5.18112 1.1937
1.33089 5.33172 5.03052 4.1839 1.36485
1.40396 1.81248 1.9914 5.28925 3.07217
1.43034 2.92923 1.18251 6.94393 0.106709
1.43212 2.29847 1.33072 4.58814 4.62322
1.44621 5.36474 5.29036 0.749267 3.93041
1.44704 2.24177 5.79256 3.01784 3.35666
1.53081 1.01008 3.28845 5.4308 3.95923
1.54599 3.72788 4.17496 0.861709 4.5131
1.58135 3.19721 1.77788 5.79271 3.44578
1.58522 0.569719 0.669984 7.30468 2.91914
1.60936 2.76236 5.81115 3.01452 2.62896
1.70141 2.31337 7.53694 2.55107 1.56779
1.71625 1.61313 4.16661 4.91882 1.8262
1.72408 4.05377 3.59116 4.8916 1.55177
1.73972 0.779837 7.22625 2.3452 0.314562
1.78537 2.32519 0.370665 7.61517 1.97907
1.79876 2.91264 0.994559 5.81093 4.22584
1.79928 0.359138 5.209 1.0901 6.21008
1.81665 5.77628 2.63336 4.65748 0.280374
1.90528 5.14968 6.01105 1.2254 0.0499412
2.04235 3.99467 3.46213 2.66667 4.26185
2.04474 4.03805 1.34464 6.92349 0.431084
2.0515 2.47397 1.75372 0.768869 6.48429
2.0897 3.89637 5.01022 2.41002 3.85899
2.12314 3.59973 3.61301 4.48643 2.72765
2.27249 0.641403 4.35493 5.41779 1.57614
2.31382 5.88063 2.98662 2.24066 1.93275
2.364 0.276929 2.72394 4.4754 5.16415
2.4323 0.836268 0.753385 6.66064 5.32214
2.69157 3.34673 2.90078 4.95552 2.91793
2.85194 4.00471 0.74644 5.25235 0.761194
2.87429 4.00253 0.799677 4.97529 4.41691
2.9279 4.01408 2.78477 2.78815 2.84309
3.00939 0.575148 4.36429 3.68726 0.589885
3.10185 2.23956 3.68252 5.68627 0.739994
3.10696 4.03184 3.93657 2.32085 4.71172
3.10723 6.18096 0.888708 5.58661 0.283118
3.54062 1.11835 0.519151 2.14263 6.04656
3.58492 5.36774 3.15565 2.67696 2.33964
4.27034 2.24186 0.854971 3.82781 0.767006
4.66337 0.491838 4.23042 5.33007 0.493862
4.79879 2.47006 2.42349 3.46542 0.345855
5.00136 5.77567 2.20468 0.852822 2.75342
6.12553 0.76713 2.30979 1.91711 3.13309
6.50318 4.40155 4.33615 0.857575 2.75857
