6 0.151101
1 1 0.964332 0.0604226 0.517411 0.519347 0.364458 44.989
1 1 0.143762 0.620321 0.83886 0.0666482 1 42.1191
1 1 0.116004 0 0.681585 1 0.369083 45.1144
1 1 0 0 1 0.573445 0.773149 46.4462
1 0.874667 1 0.0414784 0.932203 0.580319 0.445716 42.8887
1 0.796354 0.470461 1 0.295272 0.653 0.327236 43.2194
0.773622 0.920914 0.930298 0.437608 0.978193 0.829136 0.816625 37.567
0.0268459 0.439467 0.5 0.310457 0.1138 0.538106 0.523199 57.4157
0 0.297621 0.768042 0.0359111 0.886928 0 0.393644 50.5315
0 0.138883 0 0.457881 0 0.835465 0.498264 48.0591
0 0.123382 0.429072 0.708741 0.500363 0.537456 0 52.8159
0 0.072787 0 0.691815 0.381926 0.234541 0.49591 50.8618
0 0 0.159269 0 0.985891 0.0322276 0.293936 51.4836
0 0 0.151257 0.833156 0.588684 0.603692 0.672822 48.9279
0 0 0.408902 0.129463 0.259524 0.950402 0.873612 56.1465
0.916617 0.804508 0 0.802225 1 0.855896 0.792176 38.5847
0.846443 1 0.727075 0.272245 1 0.809232 1 38.0556
0 0.5 0.647539 0.483703 0.33375 0.38325 0.224635 55.3903
1 0.903498 0.886374 0.0562984 0.704606 0.820949 0.230483 39.342
0.674301 0.866201 0.657611 0.82132 1 0.311696 0.210233 39.1258
0.881363 0.873365 0.666971 0.312561 0.628708 0.64512 0.406293 40.0259
0.1338 0.322202 0.64901 0.874689 0.943669 0.472279 0.337192 45.1725
0.120482 0.722179 0.242696 0.544685 0.215855 0.441602 0.0254085 49.7836
0.305687 0.691674 0.309746 0.0595571 0.809961 0.82911 0.107906 44.2736
1 1 0.899509 0.223378 0.726951 0.266275 0.741277 39.6788
0.752144 0.104231 0.143067 0.143568 0.170312 0.621323 0.362987 45.0328
0.565777 0.734812 0.00625223 0.985929 0.271897 0.127295 0.408689 48.2794
0.786046 0.253664 0.106662 0.864778 0.876568 0.822569 0.768677 40.3814
0.230435 0.7617 0.472014 0.0701367 0 0.968311 0.37781 47.0323
0.30768 0.176402 0.995489 0.924974 0.061118 0.300275 0.633865 44.9058
0.8149 0.850082 0.489162 0.656942 0.177538 0.0554709 0.136265 48.6975
0.947948 0.612062 0.361307 0.750725 0.778459 0.288639 0.203317 44.1123
0.362577 0.206773 0.282851 0.899276 0.950958 0.414726 0.466764 44.6088
0.342202 0.0563587 0.897884 0.938934 0.214129 0.920522 0.468442 47.0049
0.0242526 0.214023 0.533102 0.706618 0.799705 0.295378 0.876844 46.849
0.953031 0.810379 0.428172 0.207194 0.928056 0.560592 0.267491 41.0165
0.283583 0.0373084 0.182799 0.5 0.348817 0.591944 0.808832 53.3291
0.676735 0.962889 0.630943 0.806232 0.0261429 0.246353 0.205161 45.5334
0 0.406047 0.395264 0.44017 0.0335599 0.425684 0.598629 53.1562
0.391933 0.281547 0.251478 0.45244 0.232458 0.480442 0.382294 52.4978
0.649041 0.376038 0.446552 0.0869944 0.0768653 0.607382 0.894509 53.4869
0.586686 0.0847471 0.578852 0.534271 0.0600252 0.904413 0.293928 47.814
0.813407 0.351724 0.448104 0.514137 0.0749946 0.552283 0.458045 52.5954
0.935309 0.942018 0.526132 0.381402 0.870666 0.662051 0.339868 41.8565
0.577382 0.429468 0.177915 0.858805 0.157909 0.0405495 0.332462 50.0708
0.412916 0.0769328 0.540574 0.476938 0.917899 0.927029 0.174429 49.3828
0.280354 0.912969 0.0575452 0.647857 0.628233 0.901163 0 46.7268
0.466347 0.417688 0.464576 0.0930877 0.114242 0.250744 0.891275 52.4005
0.384289 0.027785 0.796041 0.484448 0.739347 0.607023 0.471073 48.5103
0 0.0688742 0.485802 0.296868 0.910044 0.138715 0.706797 54.4024
0.62521 0.114748 0.0630437 0.890989 0.550218 0.489569 0.28768 45.3119
0.435309 0.541172 0.0261324 0.83856 0.762614 0.427611 0.307441 47.1245
0.177678 0.0808932 0.860163 0.225734 0.807014 0.324695 0.353386 48.6295
0.976605 0.928387 0.249781 0.627864 0.687056 0.221807 0.843724 41.8075
0.374259 0.585195 0.774607 0.109097 0 1 0.566801 49.6931
0.183545 0.152676 0.805076 0.016074 0.170949 0.319937 1 47.4984
0.875232 0.432941 0.733414 0.732594 0.271676 0.685689 0.0550984 46.1924
0.414209 0.984867 0.837676 0.156942 0.320604 0.0895084 0.245784 47.1536
0.480767 0.0516065 0.151383 0.529135 0.60983 0.052526 0.518164 52.3111
0.109412 0.000987137 0.608673 0.691586 0.280711 0.459199 0.5 45.1183
0.376923 0 0.932244 0.0430961 0.358059 0.173819 0.573864 51.5937
0.31783 0.737765 0.0894427 0.116524 0.851144 0.529925 0.423111 44.709
0.141157 0.524352 0.622338 0.432357 0.453766 0.501929 0.520537 46.0965
0.960807 0.84239 0.175471 0.299013 0.725188 0.538094 0.957827 45.341
0.175568 0.082011 0.718875 0.406428 0.936313 0.914726 0.415083 46.5012
0.643299 0.776706 0.79822 0.807434 0.464987 0.11894 0.787519 41.8399
0.394938 0.236696 0.0149263 0.213017 0.444616 0.724466 0.657902 47.1118
0.204237 0.862928 0.250863 0.0163842 0.206465 0.449565 0.989295 47.5727
0.359768 0.437745 0.755766 0.184354 0.761348 0.0562504 0.802156 48.1945
0.902371 0.759728 0 0.381233 0.684466 0.864211 0.569962 43.734
0.945007 1 0.938739 0.789732 0.437386 0.416143 0.197108 43.6133
0.0558884 0.5 0.0444502 0.569447 0.424699 0 0 55.2063
0.112618 0.51404 0.11436 0.622603 0.840619 0.933267 0.19702 46.1746
0.491374 0.386868 0.67802 0.559068 0.12077 0.363177 0.930197 52.612
0.537918 0.888945 0.889101 0.360865 0.829661 0.744289 0.0399775 42.878
0.0726895 0.53718 0.207458 0.317464 0.292243 0.377239 0.0421493 48.6199
0.401192 0.256799 0.410168 0.333048 0.323189 0 0.348088 54.9219
0.727197 0.728553 0.518168 0.218212 0.979415 0.567263 0.196471 42.1088
0.137877 0.358339 0.339759 0.52504 0.750035 0.435314 0.605579 48.7933
0.770435 0.931998 0.100251 0.656028 0.992789 0.762304 0.741168 40.8425
0.764097 0.825571 0.861151 0.441008 0.0228676 0.958005 0.477819 44.4911
0.248702 0.290401 0 0.979103 0.695717 0.0497283 0.276185 49.5398
0.853579 0.825514 0.694084 0.26318 0.45159 0.374467 0.544225 44.5567
0.988043 0.229857 0.892177 0.259645 0.725216 0.0079891 0.661167 41.641
0.241131 0.924098 0.745776 0.0846771 0.349625 0.996142 0.295734 44.5366
0.906996 0.907157 0.822736 0.273684 0.478162 0.736627 0.397757 41.241
0.663523 0 0.155919 0.24933 0.804448 0.711812 0.905915 45.8693
0.187659 0.997116 0 0.809894 0.62586 0.36701 0.612046 48.6031
0.335351 0.347878 0.0246165 0.669015 0.939583 0.593888 0.899195 46.0859
0.770435 0.964116 0.229091 0.651604 0.711485 0.388044 0.712943 41.5358
1 0.927743 0.214421 0.597381 0.26414 0.687741 0.81186 42.6981
0.200433 0.920724 0.234116 0.783005 0.857015 0.643524 0.58935 42.3332
0.11653 0.641568 0.419561 0.083 0.815988 0.0626999 0.779314 47.6911
0.310506 0.530136 0.5 0.330683 0.415514 0.082953 0.690852 48.7334
0.47672 0.637636 0.801039 0.18937 0.0863149 0 0.31186 49.8792
0.201784 0.547217 0.627729 0.228807 0.828644 0.719443 0.844831 41.3133
0.834082 0.949821 1 0.665795 0.880531 0.510738 0.654027 41.9956
0.0363155 0.560195 0.287642 1 0.298954 0.447265 0.386108 48.8363
0.409124 0.71029 0.907075 0.932357 0.382493 0.851173 0.780128 40.9674
0.569251 0.344677 0.365692 0.400018 0.201306 0.632301 0.5 44.5665
0.769351 0.272573 0.604562 0.641276 0.470448 0.0118814 0.351475 43.8821
0.5 0.243461 0.474042 0.122902 0.218861 0.184198 0.169386 49.146
0.124326 0.311834 0.776846 0.215845 0.662987 0.173826 0.748826 49.1784
0.772633 0.267542 0.852749 0.170993 0.690854 0.141929 0.912454 45.9346
0.89774 0.396327 0.503835 0.211741 0.427399 0.232224 0.265625 44.9939
0.649886 0.0265616 0.979734 0.5 0.489846 0 0.0503793 52.31
0.62436 0.255858 0.384738 0.510976 0.503419 0.0171572 0.835332 50.9263
0.171144 0.0439763 0.580266 0.63061 0.591807 0.23678 0.752569 49.3587
0.478019 0.449109 0.728504 0.633754 0 0.101669 0.536013 48.2024
0.619845 0.162771 0.0484136 0.90316 0.354247 0.294618 0.658291 49.6139
0.268506 0.221827 0.145718 0.565449 0 0.5882 0.869522 45.8299
0.337412 0.0620423 0.675308 0.33599 0.716402 0.498268 0.781821 48.7683
0.659081 0.276096 0.803069 0.291602 0.877832 0.175881 0.851899 46.4621
0.274121 0.893971 0.786875 0.878403 3.73711e-05 0.624037 0 48.3418
0.507497 0.530824 0.361587 0.000742361 0.200387 0.194978 0.242695 52.226
0.6338 0.602635 0.844162 1 0.443669 0.504908 0.671193 43.3934
0.719731 0.862726 0.88525 0.5 0.438005 0.717417 0.655053 40.4866
0.900336 0.254224 0.279316 0 0.0559034 0.682363 0.516335 46.9204
0.515647 0.629446 0.959021 0.296225 0.0627514 0.385901 0.301551 45.3721
0.776916 0.0952695 0.869573 0.491019 0.845673 0.851028 0.432288 41.5929
0 0.0221408 0.346967 1 0.529779 0.374844 0.920336 46.2661
0.517825 0.441002 0.241486 0.575833 0.847733 0.217373 0.0355565 46.3212
0.748533 0.189589 0.759473 0.0187852 0.483084 0.14751 0.214627 45.6654
0.510454 0.790543 0.1685 0.5 0.541334 0.767449 0.186831 44.8468
0.790675 0.16998 0.53113 0.140091 0.143178 0.565764 0.161269 48.1314
0.493808 0.302675 0.145054 0.995997 0.697802 0.196441 0.861575 45.9729
0.779299 0.4478 0.837911 0.462809 0.790718 0.00604267 0.704102 43.7871
0.559308 0.870295 0.868028 0.923551 0.0457155 0.375608 0.0965097 48.3121
0.254587 0.862324 0.0343375 0.523166 0.666529 0.470964 0.581538 45.782
0.671457 0.237114 0.916793 0.686618 0.251904 0.779253 0.641171 44.646
0.262073 0.812127 0.00231403 0.34238 0.613759 0.493496 0.328228 48.5343
0.705997 0.849532 0.599908 0.322783 1 0.0444212 0.824782 44.0535
0.938999 0.475442 0 0 0.517588 0.406751 0.677011 50.2215
0.469611 0.624606 0.845723 0.361655 0.109742 0.11518 0.999525 45.0247
0.356885 1 0.23335 0.447045 0.0516671 0.858055 0.720317 45.3867
0.0666148 0.459554 0.864647 0.852187 0 0.706243 0.462555 49.2528
0.629718 0 1 0.539436 0.589437 0.871089 0.302414 40.5129
0.181449 0.202303 0.16868 0.418097 0.700457 0.2877 0.729278 49.2474
0.397784 0.470731 0.770496 0.53808 0.0950326 0.249669 0.946659 46.9922
0.224817 0.504893 0.811136 0.739841 0.430314 0.604923 0.0387346 43.1735
1 0.979794 0.29822 0.307434 0.782031 0.135791 0.883564 42.6371
0.22572 0.0650942 0.558182 0.173155 0.785152 0.545746 0.660581 49.9459
0.508055 0.554145 0.276953 0.146137 0.0195789 0.0758132 0.0844387 52.9479
0.956513 0.465087 0.5 0.817849 0.0208544 0.327499 0.511287 49.0127
0.915492 0.95417 0.0202136 0.142795 0.969406 0.505754 0.690381 46.3374
0.547414 0.596831 0.761839 1 0 0.288024 0.60228 44.8101
0.325371 0 0.5 0.265118 0.390442 0.377324 0.444408 50.1467
0.735296 0.956083 0.871742 0.349836 0.576715 0.333864 0 44.0304
0.578202 0.414473 0.479734 0.0724738 0.232883 0.211478 0.171212 48.7606
0.27668 0.68653 0.748626 0.312329 0.411678 0.45561 0.559279 45.2836
0.891933 0.668097 0.723699 0 0.732458 0.980442 0.3936 46.746
0.830512 0.458001 0.330372 0.403124 0.709221 0.606975 0.792654 43.094
0.5 0.741118 0.374618 0.990859 0.641444 0.392789 0.160295 45.4299
0.164445 0 0 0.274381 0.84314 0.940054 0.488123 49.7514
0.252046 0.445056 0.0827604 0.48402 0.545217 0.257242 0.641559 50.6773
0.287602 0.378754 0.494821 0.30901 0.575682 0.180309 1 51.3531
0.157716 0.166477 0.425507 0.244581 0.32014 0.779597 0.756564 53.9331
0.730228 0.797373 0.336397 0.178651 0.043035 0.855059 0.579033 45.7515
0.619935 0.088971 0.0488433 0.684584 0.301483 0.844162 0.713824 47.7184
0.99384 0.366495 0.447848 0.317849 0.133485 0.708135 0.0112872 46.744
0.926579 1 0.645356 0.407867 0.858126 1 0.975011 39.135
0.473885 0.5 0.708674 0.91585 0.234293 0.089507 0.188656 50.9632
0.889228 0.993301 0.310294 0.990288 0.973979 0.0708444 0.0846168 46.5337
0.12521 0 0.314558 0.586357 1 0.989569 0 48.3409
0 0.966094 0.672604 0 0.34377 0.509897 0.726848 49.0245
0.88808 0.341719 0.626289 0.137931 0.894434 0.429409 0.175676 44.0045
0.581501 0.452765 0.42742 0.51827 0.5 1 0.68791 42.54
0.16654 0.38253 0.853046 0.50672 0.5 0.261056 0.262472 53.6414
0.553379 0.485689 0.741486 0.678834 0.347733 0.197944 0.535557 46.4581
0.0438233 0.120091 0.960871 0.564474 0.475188 0.728067 0.596719 50.8803
0.865119 0.657533 0.454499 0.422422 0 0.598983 0.539373 49.1523
0.227723 0.972487 0.74917 0 1 0.756964 0.589883 46.0771
0.234766 0.582494 0.573399 0.333807 0.510623 0.123934 0.0319138 47.9117
0.381363 0.84984 0.166971 0.764501 0.949022 0.877013 0 43.1602
0.5 0.295199 0.0107784 0.758328 0.188502 0.225754 0.238609 47.7779
0.269665 0.227095 0.877664 0.141276 0.709399 0.511881 0.851475 47.944
0.710876 0.428554 0.486751 0.00619735 0.636147 0.957365 0.56271 44.766
0.715897 0.752847 0.51987 0.0252332 0.226796 0.310006 0.735288 44.7826
0.856885 0.888086 0.196 0.592907 0.551667 0.400062 0.734374 43.6381
0.0104536 0.899196 0.390131 1 0.172915 0.666872 0.577074 44.7467
0.497624 0.940306 0.0292128 0.554248 0.424453 0.343371 0.5 45.6321
0.732441 0.444329 0.51498 0.524439 0.0756818 0.653158 0.6637 47.8874
0.42262 0.725518 0.609732 0.743707 0.233125 0.459199 0.552909 44.9578
0.885744 0.197244 0.0861234 0.435989 0.0238629 0.785376 0.14508 45.593
0.175901 0.803212 0.5 0.602516 0 0.577419 0.439098 52.1546
0.0899243 0.25221 0.426151 0.390291 0.247075 0.0656877 0.928763 51.9619
0.0989662 0.667708 0.926188 0.0630227 0.78478 0.00369172 0.156766 48.8976
0.387628 0.553659 0.0956216 0.765522 0 0.526874 0.219531 48.0621
0.0456589 0.178823 0.700409 0.756202 0.462306 0.897096 0.144673 41.9861
0.680102 0.82863 0.862361 0.5 0.744965 0.510738 0.571757 42.1638
0.215851 0.726642 0.815498 0.314546 0 0.946548 0.212981 48.1185
1 0.5 0.239898 0.590497 0.992926 0.929397 0.94028 41.2002
0.444533 0.388681 0.434269 0.458835 0.0975198 0.586171 0 49.4055
0.172099 0.481059 0.46357 0.912999 0.317428 0.387803 1 47.9803
0.757288 0.111204 0.650574 0.448847 1 0.483588 0.8111 42.4428
0.166885 0.950167 0.971015 0.374457 0.403571 0.652433 0.996694 45.6722
0.76112 0.471779 0.735359 1 0.835019 0.518491 0.454208 42.6553
0.119269 0.678839 0.287532 0.168551 0.955652 0.647407 0.886369 41.0818
0.459776 0.440422 0.321377 0.5 0.52463 0 0.5 51.9109
0 0.649854 0.675366 0.301705 0.864995 0.00293604 0.462778 53.9927
0.957028 0.653922 0.498824 0.204738 0.187941 0.210238 0.0477056 47.0542
0.682561 0.159773 0.202189 0.859874 0.162967 0.227107 0.669867 48.0913
0.320355 1 0.194077 0.0791961 0.332368 0.734584 0.769721 44.1011
0.5 0.0983454 0.077364 0.621764 0.101512 0.648766 0.651413 47.6548
0 0.368494 0.781131 0.492331 0.00877363 0.80177 0.282668 51.8036
0.533053 0.265614 0.850009 0.450772 0.763394 0.750027 0.332088 46.0966
0.901958 0.133521 0.0405212 0.0357047 0.409314 0.797851 0.464999 46.0213
0.543495 0.580218 0.5 0.5 0.228173 0.0320784 0.0738021 54.1866
0.82071 0.0965498 0.222233 1 0.694917 0.903955 0.207319 41.3846
0.55658 0.225694 0.945282 0.867485 0.374672 0.21567 0.366963 48.5614
0.52879 0.189483 0.536208 0.143314 0.479996 0 1 46.0941
0.193778 0.571735 0.570799 0.402477 0.367153 0.345283 0.818588 50.6007
0.754005 0.677232 0.504389 0.162894 0.527806 0.2475 0.242507 45.0397
0.697198 0.0150358 0.387586 0.398214 0.256032 0.956753 0 46.6343
0.92549 0.669387 0.134038 0.0515753 0.111506 0.470211 0.40121 51.81
0.349634 0.492048 0.145161 0.412696 0.411063 0.00410853 0.398968 51.0666
0.789067 0.536236 0.42566 0.512357 0.0968176 0.396597 0.447621 51.2652
0.738056 0.617212 0.403006 0 0.172848 0.0482276 0.5 51.1069
0.800054 0.908147 0.581956 0.389364 0.718803 0.0149467 0.242513 45.9884
0.479137 0.127523 0.0986382 0.200809 0.451347 0.152513 0.0264814 47.2172
0.611325 0.526358 0 0.960902 0.64804 0.166037 0.189972 48.7332
0.0330691 0.746902 0.683768 0.5 1 0.800452 0.980383 40.9888
0.663808 0.475172 0.791319 0 1 1 0.827704 41.9556
0.675568 0.300195 0.878425 0.132477 0.860902 0.414726 0.915083 41.8796
0.133507 0.769798 0.747555 0.550349 0.0900513 0.165913 0.450809 47.4274
0.467948 0.62548 0.240635 0.282434 0.368495 0.298934 0.0783013 50.5245
0.0113978 0.402696 0.82658 0.252727 0.609089 0.158565 0.890188 50.231
0.219871 0.498319 0.833138 0.380597 0.403302 0.326234 0.130259 48.8418
0.662956 0.690025 0.552258 0 0.405068 0.493223 0.699207 45.5096
0.616847 0.171335 0.912331 0.26729 0.228619 0.264211 0.253904 47.0508
0.403536 0.510279 0.303517 0 0.0727264 0.536898 0.796178 50.9319
0.910523 0.331297 0.393308 0.125397 0.0697173 0.494973 0.938307 43.5799
0.328932 0.360674 0.589443 0.616524 0.935164 1 0.00522546 47.4825
0.942311 0.0452657 0.109101 0.0796542 0.235505 0.12128 0.151434 50.2215
0.1812 0.800126 0.211764 0.577381 0.715099 0.127579 0.0207468 42.3845
0.79348 0.0243582 0.655499 0.119483 0.911872 0.0560043 0.710833 44.1472
0.607071 0.813546 0 0.964511 0.13443 0.140337 0.349663 47.3431
0.438357 0.822881 0.260203 0.827321 0.334199 0 0.595814 45.9016
0.448297 0.259263 0.518191 0.380086 0.599008 0.5 0.791802 47.0148
0.713148 0.766056 0 0.228276 0.899354 0.676504 0.802938 45.5147
0.407264 0.932899 0.124656 0.80947 1 0.0383336 0.490701 48.0617
0.411851 0.251681 0.0895107 0.989906 0.596554 0.999971 0.256387 48.419
0.344639 0.598755 0.753231 0 0.246851 0.715372 0.202992 46.4891
0.583962 0.72494 0.477809 0.0279481 0.600935 0.833864 0.0435951 45.6857
0.808876 0 0.487259 0.822785 0.304464 0.267263 0.950462 46.1812
0.166212 0.490798 0.296012 0.648967 0.395337 0.207528 0.282267 52.0458
0.0152387 0.250655 0.0497936 0.754312 0.319199 0.142699 1 51.1305
0.313044 0.191483 0.110825 0.887305 0.378894 0.0541788 0.844756 49.3898
0.032035 0.220675 0.000951031 0.488414 0.128815 0.701893 0.479514 48.3436
0.0993615 0.41019 0.237428 0.788701 0.303167 0.0190884 0.182973 49.7188
0.968254 0.136752 0.262539 0.807077 0.318582 0.844316 0.765678 42.8365
0.594174 0.054607 0.0409548 0.0602242 0.629315 0.35332 0.5 52.2849
0.913996 0.449583 0.413661 0.582547 0 0.253284 0.527962 52.736
0.0764674 0.724785 0.559007 0.764651 0.176504 0.00890367 0.330926 49.8255
0.939977 0.71405 0 0.431422 0.927681 0.777896 0.786203 42.443
0.843292 0.153922 0.998824 0.704738 0.687941 0.710238 0.547706 42.6784
0.976482 0.575077 0.543824 0.755811 0 0.86773 0.696294 43.6469
0.00909917 0.664019 0.587636 0.358599 0.845171 0.609464 0.104623 50.4711
0.920147 0.123128 0.665009 0.701415 0.335404 0.247577 0.5 45.2243
0.599362 0.0396054 0.679445 0.951541 0.218843 0.129672 0.470624 45.4059
0.207788 0.561877 0.0622432 0.5 0.804702 0.755105 0.281853 50.3926
0 0.366579 0.267333 0.934052 0.5 0.074961 0.298274 53.416
0.797345 0.563697 0.499474 0.133265 0.582794 0.525658 0.222904 45.6486
0.174825 0.785201 0.965986 0.483912 0.172613 0.109853 0.780211 44.9907
0.0901715 0.404221 0.357891 0.588012 0.127955 0.0287098 0.760156 51.6011
0.5 0.355 0.0512323 0.279011 0.874592 0.350014 0.5 48.1592
0.0932169 0.407933 0.0342808 1 0.230111 0.285001 0.177346 51.181
0.542744 0.573788 0.172904 0.571025 0.0075512 0.0821461 0.701543 47.7236
0 0.00549822 0.126053 0.503841 0.608771 0.5 0.78348 49.404
0.14538 0.435762 0.51235 0.158639 0.47172 0.343371 0.5 53.7527
0.180076 0.567865 0.276889 0.499955 0.343711 0.132562 0.739797 51.4349
0.127923 0.431739 0.0047339 0.41274 0.127247 0.21629 0 53.0595
0.00429611 0.489713 0 0.5 0.570022 0.288791 1 55.0186
0.836677 0.896327 0.280182 0.711741 0 0 0.101566 46.7072
1 0.476081 0.136054 0.0557889 0.491931 0.206539 0.148306 51.5214
0.697554 0.304508 0.0245788 0.894355 0.836875 0.473168 0.316497 45.9176
0.5 1 0.854432 0.42722 0.255546 0.0395118 0.363148 47.3016
0.0287471 0.873239 0.084766 0.455302 0.47455 0.541678 0.943893 50.4754
0.13679 0.580927 0.257331 0.5 0.498885 0.278265 0.273562 50.0955
0 0.0738801 0.204492 0.111433 0.797959 0.39213 0.684319 52.7436
0.689605 0.488871 0.806231 0.395144 0.372413 0.301031 0.811879 45.6387
0.959627 0.665992 0.719666 0 0.678108 0.879941 0.288747 46.0795
0.185574 0.679478 0.67302 0.107754 0.190333 0.872388 0.370879 47.2678
0.432638 0.700121 0.716732 0.523472 0.338154 0.154027 0.451957 49.8696
1 0.748771 0.0500543 0 0.392614 0.240387 0.529377 53.2437
0.967068 0.588192 0.678317 0.000103775 0.820073 0.157478 0.106836 52.4597
0.700774 0.597525 0.492435 0.567809 0.513903 0.0785468 0.0495064 52.817
0.705749 0.664468 0.822717 0.343079 0.922384 0.994753 1 39.2279
0.575201 0.806872 0 1 0.45585 0.0354972 0.427126 49.897
0.639323 0.634483 0.514472 0.0979751 0.0777773 0.974923 0.42952 47.0047
0 0.0536587 0.595622 1 0.483992 0.0268737 0.719531 48.7928
0 1 0.924255 0.786885 1 0.280734 0.571016 44.808
0.358933 0.357963 0.782153 0.774219 0.423441 0.149319 0.732402 47.4105
0.561476 0.519025 0.5 0.878763 0.657776 0 0.765514 46.6393
0.216596 0.811834 1 0.0515328 0.400925 0.107245 0.248826 50.1083
0.75745 0.664984 0.326688 0.823443 0.823413 0.209994 0.088227 41.4089
0.723835 0.388086 0.696 0.179308 0.463616 0.286841 0.532218 43.7657
0.79357 0.0687436 0.354609 0.484706 0.234963 0.666777 0.809093 44.3084
0.0301078 0.01017 0.0942097 0.0792341 0.869053 0.525877 1 49.0917
0.147004 0 0.712607 0.507903 0.260479 0.840816 0.271856 43.0496
1 0.330308 0.423964 0.352487 0.00805392 0.530472 0 46.8413
0.19866 0.783962 0.207076 0.233273 0.969338 0.637393 0.734014 42.0081
0.831652 0.467378 0.96253 0.15481 0.222922 0.330236 0.778217 45.5074
0.64538 0.935762 0.529213 0.0542477 0.924453 0.843371 1 43.7947
0.0857737 0.885485 0.5 0.46266 0.716521 0.680311 0.5 43.3238
0 0.877316 0.0544015 0.236692 0.696395 0.345936 0.0710002 48.0359
0.456442 0.935784 0.347603 0.742655 0.543438 0 0.267434 44.2432
0.00750189 0 0.620001 0.702532 0.619919 0.0875566 0.887493 48.5557
0.316825 0.14567 0.5 0.791274 0.683435 0.66427 0.259041 48.9513
0.214762 0.426077 0.425377 0.111676 0.511597 0.341277 0.390688 47.304
0.29077 0.366201 0.157611 0.32132 0.5 0.811696 0.710233 44.2151
0.117596 0.16814 0.0898125 0.948195 0.666225 0.55039 0.740385 45.414
0.250699 0.0268834 0.0968718 0.532094 0.180348 0.475224 0.268287 49.0221
0.192637 0.0664339 0.409597 0.527206 0.965906 0.883859 0.122483 48.9839
0 0.900009 0.612546 0.878539 0.457297 0.452123 0.412681 47.4384
0.741326 0.729629 0.611533 0.356481 0.0612935 0.431621 0.522854 45.7478
0.979688 0.266914 0.392059 0.255811 0.0472115 0.496053 0.860424 47.247
0.381086 0.5 0.192819 0.615314 0.330049 1 0.340322 43.6752
0.785215 0.778075 0.269603 0.105075 0.247 0.0525641 0.376505 46.8167
0.0209495 0.5 0.636981 0.804323 0.5 1 0.410082 49.3034
0.211635 0.5 0.5 0.694627 0.903571 0.273187 0.496694 46.0949
0.340528 0.161107 0.486732 0.726361 0.224869 0.766453 0.635829 47.419
0.197198 0.16764 0.887586 0.469739 0.756032 0.793463 0.222745 48.8503
0.39679 0.472505 0.372374 0.454707 0.0506272 0.258848 0.807582 48.7971
0.312347 0.261597 0.940525 0.0294039 0.102676 0.158717 0.446352 48.5705
0.5 0.336181 0.972038 0.219755 0.629065 0.122248 1 46.0519
0.568358 0.812153 0.875336 0.359321 0.769901 0.117658 0.0963533 45.7001
0.655421 0.139303 0.594059 0.0962968 0.181107 0.18683 0.962219 50.901
0.639668 0 0.55916 0.0904966 0.828098 0.884378 0.44028 46.4694
0.115609 0.0981629 0.089123 0.975461 0.753374 0.84925 0.57137 44.8172
0.149465 0.573649 0.443643 0.449288 0.634074 0 0.489141 53.6735
0.389619 0.260163 0.743188 0.566003 0.183132 0.256686 0.975373 51.3022
1 0.506752 0.94837 0 0.314206 0.495641 0.931938 46.1121
0 0.795199 0.510778 0.258328 0.562761 0.725754 0.738609 52.9168
0.747166 0.483342 0.271231 0.797818 1 0.315909 0.223358 44.7594
0 0.867554 0.0372635 0.479328 0.458983 0.297817 0 54.345
0.877775 0.194839 0.0318449 1 1 0.741598 0.5 43.032
0.043495 0 0.370581 0.893639 0.0119641 1 0.418973 46.2409
0.612123 0.886087 0.611842 0.0520486 0.42032 0.678207 0.267265 44.6582
0.166986 0.929465 0.783167 0.498106 0.516454 0.899208 0.480872 44.1723
0.062284 0.564284 0.594699 0.0750309 0.00484043 0.847342 0.523084 48.3856
0 0.836181 0.829981 0.719755 0.129065 0.207964 0.915235 42.162
0.996059 0.18589 0.765559 0.21579 0.309144 0.233112 1 41.8676
0 1 0.140899 0.5 0.466966 0.72483 0.0186789 47.7139
0.845447 0.486104 0.457836 0.771588 0.517227 0.379938 0 44.9231
0.914397 0.818068 0.507902 0.722897 0.588862 0.339262 0.204303 43.8882
0.701609 0.0833632 0.164814 0.275733 0.901483 0.214784 0.00362915 46.7634
0.281155 0.19708 0.561921 0.101207 0.929947 0.17916 0.978727 50.7233
0.464822 0 0.0816233 0.548805 0.672496 0.238168 0.532156 51.1354
0.0041449 0.527059 0.178579 0.71907 0.395378 0.0283373 0.151909 52.8635
0.0493444 0.688307 0.930026 0 0.38108 0.08525 0.587548 50.2187
0 0 0.529557 0.685624 0.55621 0.615255 0.111972 43.9674
0.190213 0.204915 0.877884 0.21034 0.0159465 0.392329 0.0894105 45.0082
1 0.650298 0.918013 0.152368 0.674471 1 0.966214 40.8281
0.0943189 0.5 0.943679 0.908143 0.231222 0.264029 0.945113 47.4316
0.426481 1 0.252869 0.295451 1 0.0166995 0.191575 42.6023
0.637735 0.12058 0.834514 0.236408 0.83139 0.195555 0.216845 42.9677
0.383473 0.398524 0 0.387828 0.368002 0.534246 0.0680794 51.293
0.442809 0.880737 0.440306 0.927756 0.164586 0.154892 0.217908 47.9862
1 0.360238 0.369573 0.320486 0.772197 0.351028 0.527481 44.2253
0.358994 0.662945 0.47118 1 0.0336158 0.0590436 0.247854 47.8189
0 0.386574 0 0.593088 0 0.549425 0.391275 54.6864
0.109602 0.128775 0.302652 0.5 0.958901 0.689945 0.493314 50.2729
0.599137 0.632477 0.704766 0.881433 0.195061 0.224877 0.710335 45.5674
0.237063 0.588756 0 1 0.0310706 0.0700922 0 51.7379
0.0467303 0 0.75315 0.192963 0.854268 0.953064 0.0256526 47.512
0.689725 0 0.958857 0.5 0.486224 0.930835 0.420783 45.7881
0.293376 0.508625 0.438603 0.308199 0.663174 0.0763872 0.385075 52.3564
1 1 0.5 0.0208746 0.302858 0.888781 0.299572 41.0573
0.169433 0.5 0.626887 0.399137 0.13765 0.815563 0.5 47.5985
0.489563 0.657467 0.340771 0.38257 0.461434 0.210586 0.299481 45.8277
0.861445 0.470262 0.936073 0.125308 0.348776 0.5 0.744451 42.4711
0.617937 0.575981 0.899131 0.232353 0.726796 0.337452 0.235288 43.8443
0.586678 0.27193 0.710496 0.344707 0.702215 0.0450557 0.32556 45.5888
0.398579 0.451796 0.44642 0.300989 0.533668 0.334261 0 47.6785
0.742215 0.111519 0.452606 0.962339 0.161464 0.206455 0.538108 46.8071
1 0.854167 0.709553 0.287823 0.368002 0.503709 0.668827 43.1916
0.553454 0.518232 0.782165 0.376527 0.853072 0.411001 0.247515 44.1487
0.103033 0.5 0.381396 0.347829 0.252601 0.366012 0.458367 47.2639
0 0.667113 0.319565 0.367041 0.768649 0.167025 0.0985315 50.9065
0.87041 0.834992 0.5 0 0.486152 0.930317 0.633319 42.2801
0 0.508627 0.917703 0.970392 0.107772 0.581338 0.858719 46.2406
0.487278 0.348021 0.564581 0.173713 0 0.699531 0.729509 51.6969
0 0.555788 0.763099 0.777835 0.235122 0.811274 0.505372 47.1931
0.131174 0.686732 0.209212 0.79463 0.680526 0.893777 0 45.6095
0.703716 0.63547 0.340247 0.861101 0.66272 0.182539 0.0578194 45.395
1 0.830848 0.453448 0.288701 0.919101 0.519088 0.341883 42.9104
0.507502 0.5 0.367979 0.202532 0.119919 0.587557 0.513863 51.6124
0 1 0.5 0.848111 0.903963 0.191067 0.0866011 40.3879
0.222876 0.647313 0.340067 0.61118 0.509221 0.176681 0.40617 48.6621
0 0.964359 0.952138 0.483455 0.0707918 0.183818 0.952301 46.2642
1 0.0563136 0.737644 1 0.516296 0.807319 0.5 42.2261
0.153069 0.558546 0.274811 0.787582 0.748568 0 1 45.222
0 0.73311 0.250163 0.490859 0.587235 0 0.373077 53.0477
0.189725 0.5 0.458857 0.343976 0 0.430835 0.428318 55.0713
0.218485 0.200266 0.702664 0.756616 0.232433 0.597687 0.90377 48.023
0.0536859 0.762169 0 0.445626 0.983617 0.537562 0.258302 46.0131
1 0 0.20523 0.193571 0 0 0.620524 49.1723
0 0.0733304 0.0690459 1 0.385489 0.5 0.40396 53.3781
0 0.753131 0.181727 0.507315 0.502533 0.617334 0.450926 48.4085
0.848496 0.867315 0.513832 0.721827 0.363153 0.0518702 0.104335 47.1723
0.721382 0.143756 0.302652 0.471658 0 0.689945 0.250221 43.8731
0 0.604226 0.725254 0.0927907 0.820184 0.32764 0.5 50.8053
0.669497 0.699892 0.720861 0 0.0420627 0.635348 0 48.991
0.172767 0 0.411285 1 0.707847 0.695865 0.465413 48.9718
0 0.391492 0.60281 0.534749 0.296133 0.808372 0.472879 49.8608
0.129537 0.27616 0.710509 1 0.145385 0 0.986763 48.9051
0.592469 0 0.379539 0.193571 0.8913 0.698422 0.962121 46.2598
0.0234252 0.763094 0.176262 0.969883 0.960559 0.254487 0.531913 47.6895
0.987632 0.875856 0.118865 0.162315 0.587416 0.664278 0.297252 43.1884
0.122587 0.993732 0.945806 0.113423 0.360458 0.680061 0.563271 48.2301
0.931553 0.491375 0.550122 0 0.723231 1 0.0589499 44.1948
0.543416 0.20097 0.581061 0.192144 0.122495 0.74272 0.923398 47.3844
0 0.643139 0.0508781 0.589676 0.894688 0.579932 0.803741 45.5215
0.247429 0.0451217 0.971306 0.365463 0.65098 0.199343 0.00990809 52.44
0.708147 0.765654 0.5 0.641533 0.654619 0.5 0.469477 45.1064
0.282123 0.563381 0.5 0 0.0804572 0.142297 0.623332 52.7863
1 0.274839 1 0.579654 0.722772 0.777847 0.856913 42.1331
0.381378 0 0.0467907 0.473182 0.728499 0.490037 0.844949 51.9572
0.859908 0.442688 0.646228 0 0.0669988 0 0.121802 49.9125
0.541121 0.303151 0.290334 0.0705078 0 0.213426 0.410069 53.8611
0.163463 0.926122 0.199425 0.5 1 0 0.65013 48.3866
0.00767282 0.869878 0.0227218 0.818346 0.683503 0.600633 0.611519 44.3378
0.602615 0.000679492 0.286857 0.286698 1 0.155933 0.211913 45.9667
0.101403 0.25724 0 0.373183 0.384696 0.468998 0.32326 49.1646
0.786881 0.699173 0.908365 0.370925 0.363995 0.606636 0 44.9925
0 0.225078 0.225996 0.90065 0.325068 0.588453 0.523661 50.6194
0.386274 0.5 0.546791 0.942095 0.228499 0 0.672036 48.5782
0.237676 0.805158 0.872344 0.672928 0.264376 0.165517 0.498535 44.9986
0.635644 0.88227 0 0.127231 0.500355 0.368973 0.5 50.5123
0.413784 0.285201 0.952606 0.952383 0.0234487 0 0.631804 44.1931
0.519567 0.5 0.609019 0.386714 0 0.710486 0.676904 49.4451
0 0 0.507095 0.852845 1 0.286177 0.300715 50.3729
0.189755 0.561884 0.821808 0.00248084 0.376924 0.153856 0.838924 47.1021
0.444901 0 0.0718499 0 0.145783 0.342811 0 47.0833
1 0.680619 0.162604 0.126695 0.752317 0.84705 0.505364 42.7923
0.504296 0.989713 0.5 0.622038 0.568254 0.788791 0.5 44.6532
1 0.859409 0.863538 0.175646 0.727664 0.254974 0.476036 41.2631
0.12914 0.424227 0.417387 1 0.0456885 0.127653 0 51.0149
0 0.384348 0.452159 0.803489 1 0.521071 0.821253 46.5271
0.83283 1 0.40149 0.728276 0.399354 0.176504 0.302938 43.9605
1 0.323526 0.793037 0.156678 0.792143 0 0.889502 41.6929
0.971219 0.687075 0.58154 0.222578 0.0878434 0.163813 0.391499 47.3999
0.554498 0.0860602 0 0.621656 0.509737 0.324644 0.637513 49.8465
0 0.724421 0.406777 0.699795 0.750307 0.360264 0.192995 49.1045
0 0.781547 0.348093 0.0914736 0 0.977883 0.380574 47.3443
0 0 0.198654 0.473931 0.650566 0.308936 0.968674 50.9004
0 0.704223 0.368 0.134207 0.97079 1 0.316686 43.8804
0.984489 0.5 0.609295 0.907635 0.137223 0.490891 0 46.695
0.722408 0.860154 0.16086 0.778708 0.62461 0.165054 0.271279 45.9977
0.308525 0.207567 0.179768 0.700197 0 0.399482 0.969855 46.5896
0.917015 0.325055 0.768973 0.176642 0 0.203459 0.5 49.1037
0.418253 0.891988 0.425581 0.522422 0 0.449213 0.505168 52.2328
1 0.243235 0.425848 0.106131 0.310323 0.377239 0.630523 47.0157
0 0.762892 0.299615 0.846406 0.426708 0.921915 0.671418 44.3567
0.693713 0.681831 0.0536207 0.219212 0 0.5 0 49.3137
0.686502 0.659328 0.705097 0.581166 0.125263 1 0 48.8865
0.889143 0.953121 0.101942 0.499453 0.794584 0.543021 0.385298 43.5318
0.836445 0.671595 0.871472 1 0.643061 0.495004 0.547966 42.9195
0.825371 0.5 0 0.332585 0.890442 0.223033 0.874148 45.9374
0.0612308 0.74474 0.784738 1 1 0.0700922 0 42.4646
0.236067 0.891492 0.10281 0.0347488 0.796133 1 0.719611 43.2446
0.048891 0.646651 0.114081 0.515956 0.226656 0.16427 0.905061 51.6965
0.750844 0.988159 0.0789006 0.5 0.142156 0 0.241692 48.3665
0.615385 0.565238 0.68809 0.739737 0.863995 0.5 0.0753823 44.1619
1 0.940999 0.00973656 0.628179 1 1 0.5 41.4147
0.118385 0.5 0 0.61437 0.5 0.460648 0 54.5079
0.105345 0.5 0.5 0.531091 0 0.5 0.206381 54.7325
1 0.286504 0.541054 0.490859 0.141444 0.892789 0 42.3879
0.111325 0.0263583 0.364647 0.460902 0.401903 0.666037 0.68583 50.1616
0.762881 0.297151 0.755382 0.138933 0.240344 0 0.713162 43.2469
0.381016 1 0.525411 0.882792 0.382546 0 0.73 47.1271
0.442368 0.5 0.5 0 0.755546 0.020861 0.321608 51.2972
0.296525 0.835744 0 0.732667 0 0 0 49.9851
0 0.63782 0 0.661687 1 0.259378 0.74037 48.473
0.328932 0.205482 0.144182 0.616524 0.935164 0 0.0658562 48.132
1 0.76321 0.5 0 1 0.605352 1 40.7025
0.5 0.371433 0.608785 0.152545 0.807207 0 0.0941763 49.1639
0.187567 0.844677 0.388645 0.105637 0.27605 0.132301 0.408929 45.9532
0.149098 0.210362 1 0.442993 0.625491 0.718909 0.413657 51.0092
0.944901 0.394274 0.57185 0.404828 0.645783 0.0552667 0.365668 47.8378
0.494719 0.46946 0.375336 0 0.269901 0.0339121 0.129852 51.2144
0.532507 0.790401 0.5 0.479103 0.298537 0 0.776185 46.7932
0.196973 0.183729 0.221455 0.650228 0.359137 0.759215 0.535968 48.543
0.5 0.427743 0.714421 0.0973808 0.76414 0.187741 0.900181 47.6259
0.5 0.5 0.647228 0.520875 0.491635 0.772553 0.736932 43.2779
0.960475 0.120732 0.659988 0.1774 0.510187 0.139902 0.827445 44.9306
0.912916 0.576933 0.0405741 0.602011 0.799057 0.571695 0.674429 44.6362
0.444627 0 0.273333 0.636585 0.471974 1 0.0725479 50.0601
0.5 0.225153 0.807889 0.700073 0.303541 0.30177 0.305689 45.6764
0.5 0.231361 0.37783 0.962712 0.682774 0.626708 0.5 43.7596
0.5 0.224785 0.0590074 0.547312 0.335019 0.139321 0.0814001 52.8016
0 0.560007 0.282124 0.564165 0.732453 0.0440522 0.398155 49.9421
0.979562 0.566208 0.201896 0 0.0175881 0.200202 0.595159 49.8503
0.669433 0 0.126887 0.483786 0.256292 0.315563 0 49.473
0.286881 0.199173 0.617606 0.408482 0 1 0.449697 44.6578
0.911875 0.833564 0.817528 0.122431 0 0.0285705 0.0423847 46.0569
0.0175724 0.703151 0.684633 0.371388 0.339233 0.677023 0.5 52.3685
0.809212 0.5 0.812505 0.487048 0.564191 0 0.294039 45.5062
0.159443 0.254797 0 0.725248 0.780881 0.33867 0.730197 47.0845
