1 0.0185315
0.0023139 0.530981 0.543451 0.823588 0.304979 0.183686 0.186749 51.5221
0.00441955 0.694751 0.827932 0.0197437 0.823525 0.456933 0.984169 45.8504
0.00523917 0.272919 0.140742 0.83459 0.0905211 0.741077 0.352754 47.302
0.0057462 0.108357 0.438672 0.823126 0.716976 0.979988 0.018367 51.0695
0.00843567 0.587655 0.360225 0.83305 0.655161 0.354321 0.46061 43.6839
0.0112038 0.0793089 0.00615895 0.0917407 0.155596 0.335417 0.808398 49.4148
0.0122661 0.384626 0.807454 0.958269 0.06846 0.328574 0.394692 47.3678
0.0130599 0.706693 0.327459 0.0805557 0.345204 0.101278 0.938784 45.7477
0.018357 0.273653 0.59091 0.219854 0.325511 0.305249 0.12205 46.2988
0.0208838 0.200841 0.271626 0.096792 0.417917 0.767933 0.619285 53.4879
0.0211289 0.957554 0.242083 0.595507 0.640389 0.581879 0.702265 48.1108
0.0213246 0.390064 0.410706 0.432075 0.680504 0.480141 0.724539 51.2435
0.0261752 0.589716 0.861074 0.55535 0.0901468 0.859247 0.697763 49.9365
0.0263218 0.999811 0.669266 0.648624 0.281234 0.596677 0.300075 47.0315
0.0316772 0.50555 0.385903 0.902641 0.224979 0.9907 0.846937 45.6094
0.0343724 0.932641 0.555191 0.291659 0.99828 0.671307 0.128088 46.1806
0.0369531 0.64122 0.0687967 0.0607938 0.993792 0.129101 0.851586 46.296
0.0386888 0.221576 0.459985 0.00430033 0.585691 0.900682 0.55277 49.438
0.0421171 0.134812 0.142872 0.294131 0.939278 0.448552 0.515636 51.6278
0.0467162 0.149496 0.0310605 0.540886 0.373192 0.973109 0.0744296 48.3655
0.0477199 0.627063 0.521113 0.666906 0.530845 0.948083 0.587639 50.4786
0.0538076 0.259305 0.387587 0.634313 0.109216 0.0811025 0.89252 46.8239
0.0539668 0.870712 0.408355 0.681427 0.429791 0.260105 0.62946 47.3429
0.0553636 0.344626 0.778234 0.182708 0.0302121 0.302962 0.583052 44.7327
0.0554267 0.675719 0.840392 0.131006 0.712509 0.855827 0.431779 47.0844
0.0591104 0.706947 0.0961482 0.574792 0.00278191 0.784067 0.372975 49.6645
0.0658379 0.717964 0.496358 0.32199 0.0410285 0.283339 0.133297 46.791
0.0699334 0.672033 0.453805 0.793832 0.638075 0.548044 0.462868 46.2607
0.0705946 0.025975 0.499858 0.581858 0.581369 0.972384 0.20404 43.9488
0.0763074 0.0708776 0.489868 0.891767 0.451123 0.888703 0.274063 47.5493
0.0846872 0.847041 0.579641 0.142116 0.129255 0.0112576 0.747477 48.0063
0.0856305 0.535284 0.42774 0.44866 0.47737 0.218929 0.877907 45.8896
0.0856585 0.369312 0.0909953 0.0641878 0.597036 0.360834 0.457587 51.7693
0.0871046 0.180101 0.637422 0.606148 0.105823 0.159706 0.837233 50.7015
0.0945866 0.258032 0.505856 0.85489 0.160123 0.511536 0.704162 47.777
0.0978098 0.244155 0.231454 0.0460519 0.886558 0.349344 0.907308 47.6796
0.099475 0.0896116 0.261349 0.745757 0.396399 0.707476 0.723074 47.2325
0.103064 0.496612 0.192191 0.68387 0.688983 0.5136 0.726393 46.5113
0.107952 0.818352 0.994134 0.843631 0.079703 0.535076 0.577847 46.5935
0.110054 0.0337587 0.174051 0.153847 0.553661 0.910153 0.26636 52.019
0.111812 0.561537 0.37017 0.897701 0.231377 0.467434 0.742573 50.2714
0.114066 0.124858 0.271629 0.277595 0.537195 0.033496 0.192877 48.783
0.122295 0.702465 0.538424 0.179295 0.544108 0.184258 0.386159 51.2949
0.133778 0.872694 0.978534 0.737955 0.468856 0.0430332 0.848874 44.9377
0.13413 0.936246 0.00648209 0.234754 0.0751596 0.748646 0.953681 46.0421
0.135893 0.221499 0.860795 0.649911 0.964691 0.159112 0.298042 44.4209
0.138437 0.836912 0.360398 0.741618 0.686886 0.901853 0.214182 44.8563
0.143149 0.0576648 0.779756 0.403229 0.361469 0.431846 0.612289 51.5347
0.150366 0.658832 0.428763 0.224001 0.934606 0.020481 0.32592 46.9758
0.160172 0.945523 0.629642 0.371735 0.873569 0.645871 0.917858 45.3105
0.161811 0.830304 0.00953367 0.942758 0.0842635 0.0183819 0.147984 46.0359
0.164052 0.248551 0.422201 0.0345027 0.609511 0.403905 0.522262 50.9806
0.166066 0.480539 0.872001 0.909685 0.355521 0.62692 0.745908 44.5775
0.185006 0.470041 0.876043 0.963267 0.6439 0.723024 0.873867 42.6467
0.188241 0.794488 0.0416863 0.0170362 0.185949 0.0351678 0.449165 47.2717
0.197159 0.0780053 0.744772 0.338296 0.0762892 0.350709 0.962523 45.3757
0.200819 0.207114 0.39295 0.321067 0.535012 0.492861 0.541672 49.354
0.200898 0.433062 0.258065 0.798263 0.622474 0.489452 0.155419 49.98
0.204653 0.853343 0.30758 0.63004 0.143249 0.500436 0.452826 50.5675
0.206472 0.515208 0.300794 0.814542 0.399195 0.391463 0.503464 50.8541
0.217893 0.183052 0.29705 0.917881 0.24609 0.752448 0.743694 43.0566
0.245095 0.569274 0.5074 0.137569 0.361748 0.400228 0.4195 49.2649
0.248772 0.481946 0.256683 0.67467 0.0758394 0.152004 0.297116 51.6738
0.258078 0.764578 0.426704 0.127078 0.0399563 0.881891 0.763147 46.4923
0.258488 0.122117 0.0774367 0.329369 0.967073 0.524055 0.804692 45.7504
0.258581 0.332515 0.689818 0.793079 0.472432 0.0831243 0.480833 50.0553
0.258922 0.254664 0.052676 0.43414 0.0824659 0.350765 0.0639829 47.3556
0.260559 0.141589 0.129523 0.252381 0.985533 0.914631 0.88285 48.0621
0.261922 0.935345 0.685605 0.620123 0.997038 0.850966 0.763847 43.0599
0.267494 0.525273 0.196401 0.134365 0.533193 0.367439 0.257885 49.3998
0.267736 0.00544361 0.350598 0.12597 0.674684 0.0403053 0.492097 51.3999
0.284125 0.752613 0.465097 0.420774 0.775448 0.249874 0.481734 46.7342
0.288685 0.968867 0.76227 0.961496 0.929497 0.313256 0.00956287 48.8934
0.291973 0.349411 0.919049 0.466984 0.153403 0.448966 0.057362 47.3602
0.31553 0.325977 0.771096 0.0055093 0.626458 0.89926 0.784956 46.4418
0.318254 0.95102 0.660414 0.44169 0.245679 0.249361 0.88327 46.6716
0.320473 0.678518 0.781532 0.720027 0.593598 0.264326 0.220435 44.4749
0.328222 0.44806 0.72995 0.72805 0.313567 0.0330145 0.153416 50.1786
0.328507 0.111988 0.944678 0.692956 0.575735 0.0586417 0.290373 50.2255
0.339332 0.364494 0.150057 0.183112 0.241091 0.390679 0.485458 50.6396
0.344618 0.729131 0.00772799 0.411548 0.869296 0.88848 0.578303 45.9579
0.349471 0.444875 0.463164 0.902274 0.62017 0.935322 0.66602 46.6033
0.351586 0.116386 0.284037 0.114413 0.778775 0.507763 0.53817 46.6511
0.363584 0.633164 0.00198321 0.164238 0.0239967 0.590672 0.153151 49.9745
0.366489 0.410979 0.746526 0.857566 0.922269 0.457811 0.396059 44.7309
0.373355 0.691897 0.285561 0.603203 0.821264 0.476371 0.342169 46.7483
0.376254 0.889178 0.318095 0.0219791 0.157799 0.884044 0.841088 43.5987
0.376466 0.169315 0.159223 0.920888 0.278967 0.0970404 0.406844 47.2966
0.377504 0.693659 0.0413221 0.0464362 0.0174862 0.631587 0.879365 50.6078
0.386771 0.260391 0.550572 0.894356 0.35867 0.465423 0.318017 46.5138
0.404933 0.293664 0.0145701 0.768276 0.940992 0.565975 0.084644 47.7482
0.410073 0.406885 0.474183 0.969166 0.477143 0.230529 0.156251 51.4783
0.419868 0.587414 0.164759 0.628829 0.272704 0.398783 0.936305 46.9103
0.42268 0.677258 0.590312 0.106682 0.643289 0.649782 0.39554 46.5927
0.433118 0.34832 0.573145 0.0429756 0.499683 0.8818 0.618565 45.7732
0.435812 0.809019 0.909678 0.96199 0.19164 0.897595 0.758679 40.9562
0.437183 0.612249 0.360129 0.154352 0.56901 0.426674 0.256694 48.5725
0.45738 0.17643 0.0583622 0.680938 0.789195 0.887584 0.553869 49.3267
0.467688 0.212708 0.145375 0.170874 0.05698 0.956307 0.357942 47.2647
0.479332 0.656339 0.177341 0.851827 0.906171 0.270824 0.349072 43.6825
0.481827 0.609834 0.577605 0.918078 0.552778 0.873953 0.855847 42.7661
0.484557 0.750825 0.897141 0.640363 0.37691 0.251171 0.724599 46.0351
0.49546 0.158582 0.450978 0.54468 0.662021 0.212953 0.649508 46.9585
0.496191 0.936862 0.664351 0.0852233 0.380239 0.164555 0.778786 45.9608
0.498096 0.00912699 0.284003 0.846129 0.136422 0.123038 0.857841 47.8172
0.500879 0.3623 0.612226 0.718451 0.449107 0.863603 0.011158 49.8624
0.504412 0.439184 0.173589 0.700564 0.914345 0.774366 0.74753 41.7762
0.506258 0.563297 0.441469 0.73149 0.425895 0.575892 0.34733 45.8857
0.507558 0.986991 0.389885 0.843285 0.00189214 0.124776 0.970665 45.5171
0.51121 0.450632 0.674058 0.934828 0.289819 0.747647 0.62053 46.6832
0.514831 0.956678 0.597533 0.520498 0.0942614 0.224919 0.664399 46.9457
0.521339 0.409956 0.235824 0.0849896 0.743659 0.0717527 0.0785627 48.1187
0.530256 0.39096 0.141602 0.153294 0.0462677 0.382652 0.612078 50.8935
0.531514 0.175251 0.338294 0.796582 0.308585 0.170299 0.441287 48.8266
0.539266 0.00666801 0.798505 0.562527 0.630062 0.936218 0.835665 50.8237
0.543096 0.26463 0.770642 0.18672 0.311911 0.0580479 0.721107 50.9238
0.544702 0.460588 0.0381453 0.630877 0.523019 0.281068 0.450718 52.4991
0.544904 0.491483 0.843408 0.879067 0.871758 0.336937 0.140879 45.6712
0.563316 0.676602 0.0336206 0.487228 0.634088 0.541345 0.107912 52.0728
0.564197 0.679494 0.0169694 0.364426 0.426826 0.827122 0.713076 46.2661
0.567735 0.267948 0.961808 0.992155 0.601335 0.924678 0.147333 45.1329
0.577428 0.766878 0.523679 0.010019 0.867252 0.212125 0.949417 51.3084
0.580904 0.685367 0.669705 0.745079 0.67486 0.234692 0.570452 47.0856
0.581467 0.303635 0.531726 0.30406 0.914282 0.888873 0.949603 41.7752
0.58233 0.486954 0.735158 0.772039 0.830895 0.772872 0.725417 41.4124
0.585065 0.351667 0.609472 0.737036 0.220675 0.603684 0.653436 44.5625
0.589862 0.0706944 0.290133 0.443366 0.305623 0.166671 0.22573 54.8249
0.595976 0.375743 0.902674 0.998068 0.325839 0.893212 0.640079 44.5121
0.617806 0.707855 0.212256 0.125606 0.185166 0.964687 0.259724 48.337
0.628792 0.155454 0.75788 0.905113 0.944462 0.211884 0.284659 44.807
0.634274 0.648102 0.549723 0.832314 0.281485 0.467868 0.554523 46.7076
0.636824 0.0734263 0.568478 0.521797 0.87257 0.252602 0.0403977 48.0881
0.649462 0.487201 0.565275 0.928894 0.0435041 0.141284 0.910569 50.9673
0.657756 0.995158 0.534302 0.0512939 0.0226833 0.74261 0.258558 50.8465
0.659116 0.455772 0.473486 0.108677 0.172611 0.714465 0.108318 51.3807
0.667783 0.111701 0.349023 0.0501665 0.0462637 0.933076 0.449314 46.6697
0.672229 0.45406 0.162639 0.367817 0.748164 0.452087 0.962858 48.0771
0.678489 0.581306 0.293292 0.0928188 0.355914 0.94944 0.607214 47.6667
0.678873 0.271723 0.248264 0.0361946 0.88193 0.385151 0.513445 47.1584
0.687151 0.462165 0.0346718 0.381524 0.651275 0.17233 0.440243 52.5984
0.688781 0.0576221 0.113816 0.592088 0.836276 0.750229 0.946642 51.3469
0.694619 0.445291 0.793432 0.85421 0.792181 0.0427306 0.0522293 43.7674
0.696514 0.900748 0.400361 0.378518 0.117265 0.532565 0.603474 48.0186
0.697494 0.980926 0.94774 0.199006 0.888504 0.626044 0.105711 46.8526
0.702524 0.600187 0.25153 0.869307 0.173479 0.925651 0.196763 45.9456
0.704068 0.651627 0.365892 0.422066 0.509294 0.426085 0.0176289 46.4925
0.710501 0.841474 0.490529 0.197239 0.131535 0.644556 0.487028 48.4314
0.711987 0.148639 0.105191 0.87427 0.114917 0.927851 0.315882 48.3514
0.717905 0.460163 0.174216 0.948961 0.634588 0.15324 0.434464 46.1332
0.722418 0.421461 0.804997 0.5763 0.0182089 0.855152 0.355747 47.9615
0.732901 0.33315 0.169713 0.416176 0.804529 0.496821 0.440778 46.5812
0.734978 0.824563 0.328925 0.186466 0.435615 0.0688193 0.146525 49.6418
0.73836 0.48536 0.0814426 0.380155 0.884997 0.044185 0.495944 47.86
0.744734 0.0146797 0.766161 0.00202289 0.731411 0.714467 0.76825 45.2667
0.746231 0.777496 0.13122 0.238213 0.111938 0.100279 0.101787 47.6192
0.749181 0.181382 0.0517664 0.991652 0.393395 0.372992 0.132014 48.0066
0.751192 0.701356 0.161511 0.865953 0.947127 0.49567 0.235894 45.7909
0.762059 0.360393 0.127052 0.530957 0.654863 0.883022 0.329775 45.01
0.767499 0.0273207 0.331857 0.410084 0.420375 0.941807 0.750975 45.8614
0.774577 0.573127 0.213611 0.244372 0.193087 0.230141 0.396767 51.5718
0.775217 0.150939 0.694418 0.720436 0.125833 0.337653 0.828883 45.1883
0.779333 0.663216 0.741781 0.516537 0.648273 0.0128006 0.000187917 47.3245
0.784195 0.895072 0.313399 0.166157 0.421492 0.0234735 0.0816082 48.1048
0.786708 0.268779 0.988686 0.248571 0.301902 0.745083 0.853274 39.675
0.79479 0.0167125 0.633046 0.69398 0.00723777 0.129782 0.748037 45.5176
0.805702 0.35344 0.271293 0.816705 0.233457 0.231324 0.160133 49.4289
0.806011 0.648363 0.129434 0.922626 0.90676 0.235396 0.00682931 44.6629
0.80607 0.836039 0.077106 0.856467 0.440065 0.854973 0.780617 45.7672
0.809784 0.331208 0.743392 0.720977 0.105395 0.753553 0.456463 46.6218
0.8118 0.0852909 0.277532 0.931607 0.17887 0.239006 0.0790688 44.5784
0.812943 0.825575 0.228792 0.0284795 0.275151 0.816982 0.118182 40.4418
0.81508 0.858575 0.751638 0.265427 0.951644 0.664443 0.0106958 44.7622
0.819867 0.352367 0.713181 0.312344 0.00852452 0.70121 0.882779 46.8526
0.829184 0.248427 0.163396 0.927691 0.0677581 0.310466 0.522275 46.5845
0.833363 0.950751 0.313448 0.345462 0.644973 0.548522 0.303517 45.0572
0.839395 0.886414 0.121885 0.0987526 0.998834 0.0712329 0.787572 40.842
0.839685 0.31113 0.190461 0.662155 0.274168 0.718866 0.479121 46.6943
0.854623 0.155793 0.340523 0.78436 0.160031 0.823327 0.829561 47.2727
0.857119 0.0151119 0.894531 0.255025 0.502484 0.0741213 0.0131505 46.6152
0.863689 0.436089 0.48362 0.693845 0.0950582 0.185651 0.517119 49.8172
0.864799 0.0823471 0.161249 0.749699 0.0419538 0.136836 0.919873 49.6327
0.866266 0.0554543 0.628341 0.851036 0.906564 0.610938 0.984457 45.9679
0.86813 0.0897592 0.925718 0.348563 0.456926 0.639329 0.254577 48.419
0.883264 0.745792 0.258877 0.0481602 0.600297 0.13509 0.955879 46.7271
0.888299 0.607893 0.662651 0.495523 0.579405 0.0348613 0.540595 48.6538
0.893387 0.228065 0.562772 0.331859 0.308216 0.379358 0.863315 46.9664
0.893813 0.227842 0.0885669 0.0495265 0.1106 0.839819 0.463148 47.4158
0.904563 0.44052 0.467346 0.281566 0.649236 0.206138 0.734449 47.4101
0.906419 0.807138 0.690909 0.798106 0.603918 0.0128218 0.309458 49.7567
0.907979 0.351112 0.0406931 0.815741 0.862106 0.0210844 0.233496 43.9004
0.909949 0.827711 0.312613 0.0690669 0.02934 0.629452 0.0243138 45.4342
0.911954 0.209594 0.749641 0.0577486 0.819482 0.854885 0.0161972 46.0898
0.918677 0.879625 0.613349 0.78696 0.253343 0.944629 0.730203 44.1056
0.926278 0.613592 0.652526 0.62345 0.877867 0.287832 0.239983 47.2898
0.932051 0.0999073 0.0240102 0.843745 0.913642 0.158954 0.459707 46.3617
0.940983 0.118149 0.170164 0.711166 0.981101 0.764863 0.734637 44.101
0.949807 0.91791 0.570221 0.076335 0.0561472 0.584313 0.258562 44.9207
0.955105 0.271963 0.933464 0.706546 0.543628 0.916926 0.83651 42.4971
0.962243 0.811527 0.362947 0.468185 0.0215765 0.160314 0.2204 46.5318
0.963725 0.406637 0.87181 0.176278 0.734847 0.372532 0.105922 45.0546
0.968067 0.0753348 0.117077 0.208444 0.926274 0.453398 0.0970438 46.2313
0.973148 0.226253 0.313804 0.00858392 0.19708 0.417385 0.919614 48.2109
0.973539 0.146539 0.981203 0.649083 0.928786 0.246612 0.835698 44.4462
0.980488 0.333338 0.945156 0.161049 0.984165 0.859088 0.887113 43.3773
0.990533 0.474888 0.0852064 0.420232 0.509433 0.186234 0.96112 51.2577
0.995098 0.905752 0.990342 0.824626 0.768183 0.298622 0.510838 41.7801
0.999185 0.47227 0.484794 0.571033 0.623492 0.0152404 0.228964 47.7944
0.000802576 0.0731378 0.0341673 0.0575775 0.0267022 0.204895 0.754532 48.6701
0.00390554 0.725766 0.155089 0.386489 0.667557 0.196406 0.695904 48.2508
0.00760442 0.0792848 0.00571163 0.126661 0.0541024 0.256454 0.946051 48.3169
0.0159347 0.0994727 0.0909956 0.535651 0.284477 0.273457 0.804258 43.5286
0.0167304 0.4318 0.948034 0.570428 0.434454 0.456646 0.0560098 45.5018
0.0169778 0.995989 0.248957 0.192749 0.243627 0.0447792 0.932293 45.9991
0.0226314 0.619801 0.638207 0.407954 0.000694644 0.898882 0.587272 50.3364
0.0254593 0.66931 0.31184 0.725172 0.980711 0.792937 0.257427 42.6426
0.0269914 0.393535 0.0794315 0.467107 0.390154 0.193161 0.995209 47.1782
0.0288452 0.984277 0.0838861 0.64655 0.705388 0.989507 0.185796 45.7826
0.0448825 0.00910694 0.862668 0.186215 0.268387 0.480897 0.987836 51.0635
0.0637228 0.814418 0.122913 0.733614 0.510472 0.624098 0.179184 47.0952
0.0674761 0.736706 0.208402 0.335712 0.560494 0.904763 0.508887 47.2105
0.0675077 0.861312 0.315265 0.598735 0.984346 0.914508 0.49776 46.428
0.0718392 0.0478481 0.676909 0.48917 0.954866 0.601154 0.0159029 45.4491
0.0829903 0.977788 0.0077958 0.545372 0.833064 0.90926 0.503303 44.3476
0.0852001 0.718453 0.0477857 0.00405694 0.0961348 0.270374 0.862473 46.0407
0.095274 0.0171734 0.603781 0.986249 0.842073 0.0701844 0.224493 43.0308
0.0997601 0.00651267 0.152105 0.0521392 0.827849 0.0114504 0.409606 46.7008
0.101235 0.0453651 0.405836 0.817911 0.562011 0.661479 0.866561 45.6767
0.110222 0.683582 0.0318248 0.751639 0.857437 0.680854 0.0880464 44.8817
0.110358 0.183186 0.988267 0.698302 0.314649 0.0559544 0.62342 48.5248
0.124431 0.0134917 0.821699 0.340244 0.0648977 0.0883597 0.885581 44.8341
0.135227 0.446006 0.69982 0.827932 0.887753 0.738172 0.270918 43.6512
0.152715 0.465582 0.182724 0.429155 0.0124802 0.258638 0.522927 47.0564
0.164382 0.785274 0.365172 0.75803 0.60151 0.305902 0.117336 46.6097
0.164961 0.169037 0.547117 0.00117947 0.0886468 0.90809 0.89144 47.9036
0.168177 0.366343 0.0412232 0.607106 0.211172 0.521811 0.85632 45.377
0.170344 0.486483 0.83523 0.820706 0.770518 0.00555605 0.168273 43.9972
0.173269 0.797592 0.11056 0.535195 0.963146 0.0363123 0.207764 47.0207
0.175026 0.114839 0.567398 0.0270889 0.230478 0.111209 0.179023 47.3112
0.17663 0.811994 0.218081 0.355452 0.374351 0.226551 0.176831 50.2542
0.177789 0.280954 0.737696 0.502598 0.985827 0.879392 0.00597262 42.9428
0.184259 0.261093 0.835817 0.778257 0.273411 0.15796 0.743613 44.1899
0.189416 0.187122 0.228343 0.00603002 0.913226 0.00571671 0.176218 45.7895
0.196685 0.0559709 0.74595 0.93141 0.868183 0.632625 0.836803 43.2927
0.20046 0.992696 0.259142 0.966145 0.838622 0.495032 0.394898 43.5228
0.20726 0.204542 0.837502 0.914987 0.566115 0.708239 0.661547 44.1645
0.208734 0.00563952 0.500279 0.610239 0.768065 0.873547 0.910058 45.2765
0.21319 0.87859 0.0418066 0.210739 0.769159 0.233482 0.882015 43.7939
0.216522 0.0784739 0.174768 0.324003 0.182698 0.00616216 0.807332 49.988
0.228534 0.596454 0.709671 0.634181 0.998024 0.664349 0.65977 44.9838
0.23644 0.00542152 0.257246 0.0241013 0.929144 0.00925956 0.459737 45.198
0.236815 0.00964607 0.196229 0.85665 0.777861 0.592669 0.671197 44.783
0.240133 0.534774 0.297777 0.933935 0.425796 0.403653 0.237249 42.892
0.24179 0.72174 0.312567 0.0288929 0.00589094 0.73615 0.679442 50.1251
0.247922 0.266565 0.814259 0.988983 0.517157 0.822285 0.998551 42.6548
0.261402 0.24846 0.259664 0.670426 0.175023 0.00971913 0.433145 49.8235
0.270432 0.733092 0.575544 0.598874 0.034613 0.802664 0.498723 44.6215
0.275078 0.600685 0.275415 0.954319 0.872621 0.534368 0.519161 44.7543
0.291878 0.805906 0.952806 0.925329 0.162924 0.776421 0.535179 40.1673
0.295401 0.348789 0.957338 0.566613 0.918159 0.0555056 0.35893 45.2063
0.306513 0.639992 0.0705591 0.409438 0.754753 0.795886 0.174134 45.632
0.308667 0.509851 0.258685 0.0143229 0.131407 0.187913 0.993111 47.2793
0.323257 0.581873 0.539003 0.0105793 0.0975738 0.913569 0.902847 43.2042
0.330905 0.697552 0.816755 0.913391 0.848885 0.643506 0.0292268 43.4371
0.337083 0.00961485 0.333197 0.0711017 0.713062 0.0131612 0.279445 46.3053
0.339336 0.0868635 0.884424 0.746792 0.588226 0.829028 0.893634 43.9148
0.354388 0.565401 0.068677 0.114506 0.196358 0.779331 0.370267 48.2202
0.362426 0.999858 0.732251 0.711359 0.159183 0.53619 0.0318863 44.5815
0.363517 0.0142297 0.0347646 0.0664472 0.15263 0.317186 0.970732 52.1558
0.374433 0.892982 0.0407215 0.280633 0.605386 0.860633 0.837744 46.6975
0.378409 0.790083 0.00440727 0.531338 0.538407 0.712447 0.841381 46.3972
0.379329 0.29766 0.123865 0.419834 0.503509 0.153423 0.310576 50.0443
0.413069 0.0172224 0.679355 0.462733 0.630106 0.548397 0.0237812 45.4418
0.41339 0.531519 0.153323 0.00437247 0.873955 0.0037836 0.30757 45.2313
0.439061 0.716782 0.124504 0.0484137 0.287955 0.997726 0.392025 49.2903
0.449135 0.0625377 0.625058 0.724026 0.722119 0.072974 0.221325 45.0238
0.451375 0.0208095 0.151772 0.542106 0.28253 0.222598 0.487425 47.2717
0.462542 0.755595 0.181386 0.0923067 0.481963 0.522356 0.636203 47.1095
0.483704 0.218532 0.949223 0.898647 0.870425 0.195045 0.165262 44.9425
0.499797 0.677925 0.44134 0.142505 0.652445 0.82804 0.401679 45.3584
0.501164 0.631827 0.127408 0.0495545 0.992513 0.360455 0.351436 47.2777
0.501396 0.219561 0.291786 0.0569116 0.379223 0.940344 0.944357 44.7858
0.502144 0.859316 0.510972 0.836221 0.485975 0.807729 0.329496 46.1131
0.50858 0.779621 0.510983 0.897962 0.368492 0.252741 0.630793 45.2902
0.513266 0.678958 0.0848825 0.721206 0.585189 0.318854 0.282003 42.4481
0.51471 0.263303 0.380169 0.0223075 0.575844 0.323266 0.764129 49.7668
0.526818 0.969252 0.012106 0.378077 0.48635 0.728361 0.78348 48.0893
0.537301 0.111948 0.606261 0.743894 0.306212 0.902889 0.742668 43.246
0.550941 0.993086 0.974631 0.284616 0.43949 0.0622528 1.36282e-05 48.6819
0.558389 0.506016 0.550894 0.498828 0.826748 0.615953 0.00842005 45.3276
0.572636 0.336984 0.802818 0.268455 0.882875 0.508636 0.111956 49.4175
0.590141 0.0960202 0.0751497 0.221344 0.279391 0.103673 0.960878 51.7543
0.637593 0.535464 0.224233 0.954711 0.905179 0.367835 0.0567108 45.0346
0.660804 0.783521 0.959937 0.446347 0.792814 0.263036 0.226241 45.2816
0.664285 0.156872 0.0345906 0.750229 0.952012 0.00863744 0.035071 45.6022
0.665501 0.991305 0.666189 0.0825413 0.764632 0.902647 0.215892 46.9417
0.68082 0.234639 0.586252 0.0830772 0.297098 0.331419 0.995 45.4689
0.689088 0.882088 0.382613 0.14524 0.0955398 0.297321 0.138192 48.8113
0.705934 0.365824 0.915322 0.126474 0.500702 0.770265 0.409444 41.0205
0.713894 0.330355 0.0936986 0.128333 0.803197 0.785484 0.613304 46.392
0.717365 0.315888 0.997342 0.71932 0.681831 0.637741 0.759999 44.2143
0.763147 0.228145 0.120774 0.959278 0.497103 0.0793794 0.886379 43.6833
0.76545 0.916536 0.0126887 0.492499 0.183544 0.803745 0.755494 42.054
0.771693 0.540958 0.140299 0.921085 0.969953 0.0791164 0.0143963 45.6647
0.782892 0.516268 0.495472 0.933312 0.711119 0.370565 0.70014 44.8165
0.789938 0.145161 0.379756 0.719277 0.261325 0.946977 0.174014 47.5314
0.810487 0.355504 0.99289 0.0635302 0.174761 0.985572 0.649832 44.5694
0.81634 0.699735 0.774655 0.684025 0.669119 0.0245957 0.435178 43.3325
0.825447 0.426891 0.200999 0.197497 0.409888 0.624178 0.992626 45.1736
0.827546 0.413109 0.878934 0.750423 0.0113529 0.484221 0.00615705 43.4081
0.835171 0.689277 0.943303 0.968967 0.0615498 0.380609 0.243502 44.3513
0.837546 0.571205 0.00986718 0.853981 0.454903 0.368614 0.940286 46.1009
0.854529 0.313984 0.177879 0.675572 0.607697 0.366364 0.450014 45.6707
0.85821 0.779207 0.108961 0.212971 0.745309 0.203564 0.363102 44.1986
0.863966 0.960308 0.175805 0.0126152 0.682083 0.360567 0.688923 43.2748
0.865111 0.25896 0.401774 0.630976 0.33068 0.115271 0.792989 44.1397
0.867111 0.141866 0.144865 0.373452 0.0240885 0.0103138 0.991097 51.7392
0.871239 0.0178682 0.570298 0.0191895 0.82906 0.18515 0.724786 46.9641
0.871851 0.370583 0.745038 0.138003 0.0603367 0.456806 0.978837 45.5981
0.873523 0.636298 0.191954 0.0385045 0.455111 0.284449 0.996506 46.1289
0.878209 0.566546 0.0584191 0.984749 0.973038 0.166027 0.00473088 44.3339
0.880157 0.558442 0.567214 0.564138 0.14533 0.638939 0.0129647 44.1793
0.882318 0.13336 0.010075 0.0671389 0.90086 0.0834683 0.0929521 46.1046
0.884737 0.0166287 0.999366 0.46782 0.242732 0.234518 0.736618 47.1055
0.900244 0.79149 0.322573 0.389729 0.373988 0.81079 0.220378 44.8521
0.911883 0.85634 0.153043 0.522092 0.957689 0.72908 0.131316 43.2818
0.912572 0.0753858 0.527897 0.811385 0.872646 0.165397 0.420122 43.7859
0.921894 0.540099 0.876939 0.645536 0.35553 0.818692 0.038386 45.0884
0.929477 0.306408 0.659268 0.23596 0.054958 0.0998957 0.857321 46.0774
0.930564 0.936144 0.196063 0.0763716 0.868534 0.400008 0.680529 41.7952
0.932383 0.705064 0.944084 0.89435 0.584895 0.805835 0.191473 42.4016
0.932768 0.703774 0.255494 0.377853 0.279307 0.793657 0.0197724 40.5354
0.936524 0.451016 0.768266 0.85505 0.542307 0.929883 0.746222 42.0029
0.937683 0.870767 0.0397433 0.00563659 0.85595 0.315619 0.43115 45.3544
0.942163 0.997841 0.035387 0.291726 0.934163 0.372963 0.531798 45.9922
0.944853 0.954585 0.0410025 0.00937684 0.889361 0.296887 0.413177 43.3257
0.945273 0.188223 0.678365 0.0262598 0.0900059 0.0294031 0.995127 45.1624
0.948461 0.935133 0.0142039 0.0107419 0.987448 0.634073 0.739148 42.2148
0.967009 0.464211 0.818786 0.766948 0.119501 0.361679 0.0842195 41.5517
0.967562 0.439038 0.517452 0.373865 0.822144 0.843617 0.894394 39.5767
0.975626 0.483066 0.172975 0.304242 0.27238 0.845032 0.0103117 42.3034
0.979089 0.938987 0.168035 0.067922 0.882737 0.470208 0.755131 42.8626
0.982599 0.0740839 0.345992 0.32181 0.712971 0.627193 0.552045 47.4092
0.988834 0.353812 0.124369 0.479758 0.422285 0.615042 0.789957 46.2447
0.994678 0.476863 0.650501 0.717186 0.898958 0.0153416 0.15759 48.222
0.995827 0.781655 0.0117657 0.883351 0.916883 0.882448 0.753306 42.472
0.999729 0.577457 0.595317 0.55222 0.973514 0.0123352 0.10093 51.6908
