81 1.17948
5363.9 18.7101 11.2378
4981.33 336.605 0.0461712
3535.33 0.0236361 1815.67
4.75112 0.184221 5650.79
1.80828 5723.56 70.3889
0.0862273 4184.82 1420.79
2.52909 0.490249 5316.54
2.20119 5483.54 114.573
653.048 0.40834 4676.16
5199.35 222.693 0.125453
40.5845 2.28934 4917.96
4476.57 70.4078 86.5804
4699.13 5.05671 295.956
220.131 5344.86 4.09094
5.1077 1.95439 5144.51
0.584143 77.5035 5038.06
5250.22 51.8687 40.1836
4.24959 5030.88 109.663
1.55371 5192.66 209.18
38.5192 5178.15 7.41951
4388.57 123.077 134.81
69.8466 1.49705 5261.88
0.994433 5413.97 278.913
578.15 3598 278.15
35.1889 4921.98 19.0779
4282.01 192.018 109.809
4156.59 213.606 220.91
20.4158 4732.17 229.912
204.741 0.283999 4948.29
254.209 4408.41 86.2055
2.56912 3798.76 1576.56
21.0707 5007.4 213.993
4909.1 621.078 2.91005
2526.16 757.794 1254.94
100.527 4871.27 8.93171
41.3813 4500.46 334.944
3590.64 994.069 64.5597
2475.19 2007.42 83.5344
4248.18 536.099 9.56696
1116.78 3972.14 7.11891
342.295 3650.92 451.392
3123.08 1943.87 43.9852
2.37327 3880.93 968.323
2591.59 1397.54 587.125
690.615 3909.58 13.429
23.4238 348.267 4424.22
1195.02 286.087 3033.28
1016.49 309.39 2986.98
89.1072 53.7641 4529.85
3523.11 951.783 159.712
2152.27 2039.4 476.975
160.122 46.1889 4347.29
1876.17 2285.57 339.254
3065.64 1218.53 83.6592
3479.95 81.4252 1002.84
386.477 4800.5 14.303
3242.26 1143.06 32.1128
3452.54 133.56 937.334
2301.04 1628.87 711.787
1820.48 274.01 2383.22
3852.64 70.0832 565.573
1940.19 1547.72 977.156
300.733 4512.28 51.6481
1760.33 1670.12 1135.93
480.236 3248.42 603.472
18.023 81.6387 4469.98
375.362 601.344 3488.67
3973.44 693.81 60.0187
4849.69 126.568 70.2391
2925.91 37.7849 1453.39
2085.98 1870.35 647.439
3353.12 901.153 370.738
2609.25 1555.72 384.83
1450.88 1074.71 2198.21
334.607 4235.96 31.1995
2130.01 2657.77 10.3271
1147.33 1917.13 1491.28
4452.73 137.628 119.135
3713.08 0.0348107 1276.93
902.577 237.595 3516.12
2788.96 1406.94 244.388
520.287 818.015 3367.9
36.2849 3700.73 1015.86
1791.56 844.191 1663.56
1218.74 1962.23 1426.69
4761 822.164 3.35654
63.0681 3552.31 869.534
2264.15 1892.32 538.536
1268.89 911.929 2564.45
4419.35 23.2035 145.36
919.051 2797.62 920.214
528.402 2460.7 1186.09
467.399 3419.23 664.054
1570.94 426.316 2321.77
1439.26 1847.62 1111.74
388.078 1018.54 3435.33
1857.18 2674.91 262.282
152.486 3126.45 1049.14
942.588 2721.53 949.049
630.837 4348.11 0.532027
96.6916 1301.36 3201.21
166.749 2493.13 2152.76
884.69 3305.64 391.147
90.0494 4819.8 11.747
2318.98 1717.67 635.943
1398.36 441.711 2482.3
2099.24 83.9883 2005.83
2175.17 1739.14 590.552
254.173 4196.84 154.085
2287.82 326.346 1669.67
540.116 2709.29 1171.95
118.933 2560.7 2219.15
1421.83 2249.55 415.721
3398.84 1487.84 22.7984
207.148 268.365 4067.67
32.6728 1702.95 2790.57
1309.94 518.996 2752.06
174.121 549.109 3595.8
2496.1 23.6225 1774.55
2031.8 179.369 2445.41
11.8599 3224.8 1658.87
1003.99 14.2986 3843.62
4732.8 154.3 71.3313
1171.6 1062.62 2281.21
932.298 2225.42 1545.82
4795.99 162.78 26.6459
73.6014 3531.43 503.811
1.60883 1684.46 3063.5
2809.85 1602.46 132.275
1396.01 3040.75 265.919
48.299 4679.16 20.9133
138.36 614.716 3863.45
1237.59 2475.26 780.72
132.804 571.036 3883.51
1843.42 9.16136 3236.43
228.55 1337.52 2908.49
411.366 2764.01 1347.8
986.83 194.171 3462.51
201.54 2518.9 1740.63
3198.22 1777.81 47.0643
4099.56 41.5874 300.944
1250.92 3083.6 1.88888
3389.98 691.827 282.654
187.158 53.4595 4313.65
2701.51 326.996 1375.3
4879.24 15.24 113.372
430.987 530.519 3732.65
796.962 2990.27 752.128
345.941 3002.38 1397.91
3337.31 730.095 442.109
821.058 2633.07 1033.68
1913.68 2382.3 14.0061
8.05692 3283.75 1323.02
2899.8 2174.99 48.5669
2968.13 1333.8 185.547
0.721493 23.2433 4655.64
178.847 1534.87 2542.72
970.721 2836.6 612.918
2370.93 678.547 1643.2
3817.86 517.036 311.147
21.8922 1344.95 3706.66
1855.52 789.1 1861.7
3290.82 727.38 754.096
20.11 3.60511 4609.82
705.014 707.306 3146.5
2768.99 16.0327 1704.62
215.429 3772.62 473.812
2999.22 1120.22 471.888
767.354 2880.38 913.711
3.47684 3328.27 1204.36
3683.55 284.299 730.094
1406.9 352.446 2889.73
456.819 296.584 3683.57
832.15 1694.16 2118.53
878.469 1577.5 2062.36
3264.21 1041.73 208.334
4813.61 255.282 18.4527
892.631 2859.59 965.016
1514.92 149.103 2871.77
4029.54 364.248 71.0701
1705.22 740.793 2018.61
1115.37 3176.03 169.89
627.143 3197.7 770.191
1966.8 71.8067 2531.07
1381.08 1789.1 1223.18
312.779 3988.22 197.17
19.1324 4084.8 651.308
1348.63 974.3 2349.16
3817.6 1011.77 15.1432
1735.04 521.676 2128.44
2673.16 373.429 1397.86
3169.4 2109.78 12.0836
497.971 117.589 3660.69
206.322 4564.73 103.269
28.9068 4560.57 151.677
1883.38 2585.59 76.2989
960.975 2967.49 353.783
924.568 1329.16 2393.53
0.319858 1306.55 3808.74
1418.64 1268.25 1969.13
1343.6 9.54769 4096.5
152.385 398.126 3951.69
416.27 3492.59 803.128
3623.2 1.90901 1487.89
324.132 3107.77 1061.61
2351.34 1503.04 824.762
72.0479 2403.81 2267.48
1331.55 1087.12 2238.67
2207.65 637.078 1797.05
64.5121 4060.39 290.902
302.603 1171.61 3159.47
1996.52 204.988 1836.61
609.04 3.97132 4275.34
2046.86 1621.94 955.142
3137.71 1182.59 374.958
2467.96 1516.64 424.303
1929.75 2120.02 509.326
4057.4 176.154 222.279
1596.39 1675.95 1085.08
45.1526 4137.73 175.544
69.9393 939.074 3998.25
1101.64 2057.32 1247.95
70.7734 837.855 3982.49
1651.55 12.4713 3113.72
265.65 1048.24 3260.35
1538.62 1660.11 1433.76
262.158 2315.65 2053.2
739.924 3374.22 303.448
3785.84 361.27 483.417
619.561 39.5973 4251.59
2449.02 36.5175 2171.38
852.605 1837.94 2048.96
11.1138 2894.72 2140.86
2334.73 1826.92 586.481
2722.46 1450.05 531.352
2988.75 385.223 1161.92
399.765 4386.33 25.6778
1294.78 3682.62 1.58814
29.0861 4671.92 91.3685
772.077 2146.94 1601.39
4008.18 663.27 123.448
1370 2930.25 462.741
875.809 2177.68 1588.13
2657.87 228.105 1553.87
183.122 2596.99 1887.05
1279.73 907.257 2423.95
3737.61 761.231 108.388
109.246 1174.96 3527.92
488.326 3475.07 328.041
3020.63 1464.77 157.57
363.867 4009.43 45.8737
788.942 1961.62 1638.31
108.288 169.291 4160.84
1077.81 1495.53 1722.35
2821.4 469.051 1170.95
1775.34 1384.72 1021.72
3767.16 378.135 316.745
884.365 3147.38 501.383
613.496 1931.76 1908.74
719.718 626.767 3100.85
1286.87 777.63 2691.49
3052.07 869.107 578.04
0.377694 2.12479 5281.16
1920.24 2096.84 719.736
464.661 340.08 3385.76
3908.29 168.922 360.859
675.319 188.912 3608.96
91.6234 4609.78 108.614
1552.59 2077.23 844.883
160.864 4036.4 434.133
1987.76 2.09139 3128.35
1057.9 1372.98 2309.88
14.7486 4154.09 802.732
3929.24 1.49703 311.869
592.343 1897.42 1990.93
678.179 3064.08 581.286
2429.07 1197.99 619.366
0.675334 4265.58 567.598
277.87 14.9494 4565.51
403.213 883.507 3414.49
2452.8 18.0015 2589.58
988.794 1286.62 2461.66
1137.85 1320.63 2086.2
1068.56 2141.26 900.923
1039.03 267.521 3343.33
415.595 986.31 3406.99
1223.98 2609.07 576.775
2749.67 1903.94 64.981
2379.23 1756.32 405.888
667.77 46.8928 4115.64
416.872 2428.07 1569.77
549.936 2995.84 845.696
1686.66 109.834 2462.41
2409.34 1610.89 573.727
558.237 4613.91 23.6433
350.205 131.809 4175.64
39.8856 4039.92 549.003
751.507 3740.05 27.2547
1570.23 799.545 1904.13
2739.41 0.393483 2765.97
1289.86 766.752 2642.26
405.919 59.2009 4289.74
368.18 2923.33 1307.37
1324.62 482.29 2814.57
2469.48 310.016 1620.35
386.079 75.5632 4030.96
2428.53 1459.73 680.088
338.012 4320.05 31.1259
2232.51 1954.48 236.09
4135.72 458.658 40.0001
1424.51 2956 142.667
1444.52 1581.33 1471.64
2508.34 473.947 1289.33
62.6177 88.4748 4449.36
493.53 1483.06 2294.5
1543.29 2773.56 234.856
447.137 415.062 3639.89
949.419 3266.43 354.943
196.206 2393.96 1751.9
4127.92 828.655 1.11917
75.5834 1541.04 3218.04
446.789 2204.01 1934.32
971.954 662.14 2837.86
812.592 107.989 3768.09
455.781 928.55 3208.19
1474.54 28.5801 3324
3313.21 53.2251 1257.87
280.56 246.088 3788.75
804.099 1175.29 2508.96
1352.82 210.745 2959.42
3984.01 722.472 33.0247
855.552 2339.41 1508.39
1724.06 1106.51 1813.26
1263.16 1807.42 1511.34
208.632 4635.38 24.0077
238.547 4632.31 44.3268
13.2921 1201.55 3927.64
6.12603 2064.9 2346.49
1555.37 1097.15 2038.18
2845.41 862.761 671.685
0.156852 495.773 4211.44
4072.67 910.76 4.12777
372.02 2.02264 4593.38
1204.9 144.723 3154.66
2881.87 1.112 1926.9
1590.52 317.131 2704.6
2201.4 1363.79 951.327
58.5182 4110.48 225.058
2358.92 1433.13 816.916
1467.91 2574.24 272.617
2073.27 1762.54 812.89
3153.56 585.093 876.778
973.538 633.159 2721.54
1821.74 1365.4 1231.97
450.167 3438.9 638.77
1449.55 1154.82 2222.11
23.8649 4282.5 357.334
132.563 2713.19 1531.68
2460.09 645.319 1454.84
2877.83 405.96 1161.56
3885.32 711.887 170.734
2218.1 773.905 940.729
3151.59 180.526 1077.92
3651.73 7.23575 1358.86
592.406 61.6025 3801.91
1317.9 2535 764.267
3467.72 454.382 453.85
2074.75 651.626 1730.89
1089.84 96.4553 3329.59
1504.15 1721.65 1446.27
436.143 471.871 3745.59
4009.81 497.893 199.785
5.05635 4305.58 492.564
1673.96 1954.14 776.32
730.798 1351.92 2611.44
1182.5 1321.75 1954.21
2858.59 1383.52 366.557
43.3069 2631.89 2029.49
866.191 3053.27 724.159
1044.97 3890.25 22.4208
1223.68 3343.89 88.6194
2136.42 1415.21 922.13
16.9237 2819.64 1662.73
1531.87 112.106 2948.27
3025.02 1892.63 53.855
1260.62 1027.31 2604.28
1189.49 2540.05 671.326
2707.51 1077.41 798.639
2010.55 4.77631 2967.59
82.9672 589.12 3891.74
2869.57 623.769 835.042
1535.17 1226.77 1845.32
3613.46 1035.15 44.2517
33.4118 1136.48 3788.41
2626.04 1456.9 532.215
1092.11 271.527 3090.44
322.506 3750.01 47.7582
3875.84 718.378 138.032
1285.02 2300.8 895.225
1339.81 257.4 2928.95
3691.52 204.295 498.992
4711.18 196.223 79.6566
2728.82 254.615 1292.35
46.1369 259.136 4344.1
1.21054 4369.17 480.739
947.817 226.401 3557.2
421.932 43.212 4433.54
13.2395 1226.77 3901.88
2354.99 4.30675 2663.23
170.056 444.806 3942.57
882.062 319.625 3578.11
2388.49 1749.89 337.381
818.45 1778.41 2098.67
1500.44 1240.64 1997.51
2251.31 2.23677 3091.13
1676.67 241.56 2516.88
3922.68 56.0205 1062.82
945.9 2461.75 867.035
2179.61 2297.34 109.399
1012.03 1098.99 2429.63
858.993 3365.12 452.749
892.854 1404.37 2085.04
1704.04 587.708 2110.3
460.908 1274.6 2655.86
7.69821 405.31 4555.79
809.661 1585.5 2291.47
2405.01 2154.83 205.757
1928.46 1820.2 695.181
2440.58 1845.17 98.2418
0.859811 2236.35 2624.07
3666.87 119.571 758.426
2058.79 2198.51 201.24
1733.55 969.526 1758.35
1176.67 1256.76 2252.07
362.992 196.532 3853.17
1335.89 394.516 2810.11
326.674 2053.61 2251.02
1388.86 78.4381 3273.66
465.1 888.737 3283.95
614.925 782.817 3249.95
54.794 400.527 4252.67
2642.63 1487.97 189.743
521.199 3183.73 790.89
198.524 1282.34 3295.08
2685.34 266.185 1442.16
4267.85 80.0851 293.002
3060.04 0.952253 1693.49
1608.72 1243 1551.54
2013.45 1809.92 725.729
695.04 2160.58 1701.58
733.227 2422.48 1355.26
1491.73 189.418 2941.84
531.331 2333.98 1642.09
307.838 3468.58 896.622
629.103 3398.09 520.943
47.5026 539.135 4017.37
8.48144 834.393 4136.36
1619.83 1116.24 1575.78
380.628 218.945 3758.74
1635.76 2358.52 272.662
1296.4 629.39 2716.77
1404.1 37.2308 3307.74
1627.12 94.4991 2855.01
659.663 716.053 2850.8
3784.92 0.733304 1210.88
1582.67 1394.78 1224.93
751.323 22.366 4207.21
1970.25 379.107 1939.49
130.852 394.818 4133.37
35.1261 1168.86 3633.3
95.1717 80.5367 4188.98
2135.13 1249.06 1335.04
2840.65 1177.45 699.376
1923.66 721.49 1879.97
2968.31 1263.57 312.095
3157.88 492.724 806.174
370.623 1205.62 2865.24
3658.18 288.053 926.506
2742.18 1165.78 701.264
1067.52 1690.09 1805.14
503.4 1030.42 3114.36
3752.76 82.839 937.587
959.738 1663.51 1943.95
924.361 2914.94 500.155
4249.69 301.12 4.77963
1262.98 2938.4 284.374
1032.51 2424.15 1228.78
977.514 1752.1 1564.57
1140.5 1429.66 1722.89
3475.55 803.937 210.382
1858.23 2583.54 140.597
1054.73 2357.65 966.544
44.7518 3447.67 897.53
3193.14 1182.07 296.369
669.904 3394.21 29.3542
12.8275 2366.09 2281.37
2636.75 1106.34 787.172
752.719 348.865 3119.4
26.4901 2929.68 1413.02
2501.42 2195.38 0.89359
