51 2.64162
177.773 0.832934 1.48881
148.087 84.5709 0.00978416
0.833228 180.088 21.0505
0.0396715 0.0002113 173.688
0.0282767 0.0343615 178.936
0.00112228 0.0438722 176.468
1.37297 176.154 0.693842
174.882 3.72504 7.56646
91.0379 146.049 11.3446
140.189 106.938 12.4903
143.757 28.4539 97.1798
58.8519 160.825 20.0176
32.4573 170.587 4.93672
95.9129 139.252 37.1564
163.123 52.5961 18.2886
103.438 49.8159 130.525
10.3292 87.1185 151.614
63.8964 70.8165 143.08
81.8501 144.644 55.9946
169.24 5.83562 31.3571
85.51 138.328 58.4553
28.6504 60.3816 161.162
6.84989 82.7074 152.227
35.6914 31.9246 166.166
42.9479 100.544 137.947
160.438 9.3133 74.7882
40.376 106.435 129.125
98.4496 91.9247 111.02
87.9818 70.3069 133.654
154.412 33.5882 75.0319
22.5167 7.75354 172.116
68.0695 30.4161 157.005
54.3536 165.113 15.9922
148.343 18.0564 85.3646
55.7194 96.4224 134.887
93.3596 87.9333 121.57
91.9299 128.429 70.4909
13.4204 76.4971 153.566
149.816 8.40651 88.1296
130.949 102.153 48.7075
11.8416 37.8639 168.458
144.589 85.7349 39.1116
0.0165891 0.0410023 177.853
119.679 104.887 68.8965
120.506 44.8967 115.478
78.0962 25.0002 154.392
161.822 60.2659 30.7508
31.2755 148.061 84.4298
73.387 42.8964 152.919
142.25 66.6087 76.4066
109.286 133.362 21.9028
46.0253 127.705 112.011
49.6395 146.432 79.2188
57.6855 128.336 103.77
107.18 97.0712 96.1537
75.0275 147.193 57.3829
163.55 59.6171 12.2899
5.92641 172.035 16.9042
141.68 51.452 91.8762
25.4065 135.251 108.893
105.806 40.5472 128.821
150.237 81.1539 29.5241
169.974 1.25398 35.8708
133.23 60.747 95.68
67.256 93.8428 132.369
17.0549 171.41 3.91989
71.7752 117.564 110.708
96.2885 107.856 98.8801
2.14118 91.0092 149.33
118.685 44.1367 121.316
116.704 103.883 75.9211
27.8857 170.083 5.87879
92.3161 34.5108 145.159
10.886 93.0037 146.71
74.33 151.737 37.9424
29.4819 11.2188 171.299
30.647 74.7259 155.777
4.21292 168.96 44.1968
173.259 8.86601 0.683078
18.8132 171.185 27.4041
172.021 9.65975 0.176924
172.468 2.0875 28.5007
19.7394 168.734 32.4166
89.9839 143.313 43.6861
65.4761 159.163 26.3741
173.612 0.831044 7.82875
97.3953 12.2463 142.395
87.3766 140.945 55.4048
99.721 143.93 3.27993
63.0457 146.862 72.5154
115.469 67.8049 112.472
162.585 56.7919 14.3187
132.529 61.5842 94.7494
56.7993 149.98 67.4697
9.89114 78.7856 154.902
166.533 35.7658 34.6636
151.209 14.9144 85.8205
49.0872 77.1289 149.483
151.546 29.3315 82.8861
1.22774 174.928 1.23695
56.1794 136.932 90.1471
93.4693 34.0236 144.722
154.865 71.256 26.0128
12.632 27.6944 170.995
156.187 9.07066 80.9006
101.18 142.737 17.2374
55.347 6.52412 162.931
111.662 129.079 29.2708
54.7347 149.592 67.5085
166.095 45.0049 31.9575
14.1092 167.094 43.7926
96.716 100.729 107.104
142.918 69.4994 72.7362
36.8243 167.906 24.116
137.402 10.6425 104.836
0.00604571 0.236108 175.453
166.346 51.927 8.99307
18.2036 48.8875 165.485
26.9137 141.714 96.5714
167.922 30.0308 16.1062
66.0448 123.744 105.429
133.591 58.3507 94.0624
137.837 79.7657 73.0875
48.0705 58.3881 159.597
118.208 116.628 52.3409
59.1746 154.955 48.2546
1.38401 72.0992 158.937
164.095 7.17564 63.4611
85.8618 138.898 57.5065
152.89 52.0741 64.6475
44.3738 166.343 13.1232
21.2823 48.1358 164.023
129.913 20.1014 115.929
89.042 15.9309 148.79
66.3519 23.4268 158.538
170.887 20.7999 5.73224
167.483 3.63414 50.7527
84.0676 151.378 26.9474
115.44 55.5479 119.587
9.51489 80.2534 155.651
77.4452 109.134 113.144
108.029 134.447 35.4346
90.4363 37.2218 144.041
104.015 89.2484 107.962
97.8757 74.084 125.325
114.94 119.331 59.2111
36.3948 163.335 48.613
50.3855 125.027 109.617
114.44 130.502 9.90811
103.035 84.3302 115.312
43.7729 43.9115 162.777
111.463 13.564 132.186
171.166 14.7348 21.4031
141.169 7.4546 101.074
174.699 4.16193 0.116767
65.0027 161.155 7.01978
72.1183 83.1457 139.145
38.0966 55.1762 162.208
99.2154 27.7603 138.566
64.1935 63.0144 152.456
53.0909 131.864 100.301
159.032 47.785 52.1283
57.8807 157.637 36.5721
17.5063 123.088 121.887
105.114 106.045 87.7918
48.3086 117.431 118.931
122.596 2.65534 124.006
40.5246 99.5235 139.366
3.60869 154.123 81.8161
165.488 41.9921 33.4414
106.971 66.901 123.102
70.0026 152.067 52.7861
101.441 111.566 86.9999
24.6955 110.413 131.33
170.666 20.7729 10.9802
26.5077 104.85 135.413
54.0917 6.58577 161.799
144.245 0.676429 103.639
0.1484 0.391209 172.817
33.7248 12.8336 170.113
94.6204 53.3091 135.989
100.843 26.9529 140.39
124.284 27.1243 119.848
122.872 73.2697 97.6884
104.611 126.551 56.8485
93.9429 102.375 106.569
15.2078 120.031 124.585
166.53 41.5062 33.616
66.6594 133.655 90.968
126.008 121.092 25.1085
2.97244 146.405 100.616
15.9862 164.75 49.6669
39.8967 155.601 67.8448
8.82033 159.408 67.2654
124.222 53.7616 110.072
7.58261 121.642 124.778
36.1961 120.264 118.325
100.226 115.593 83.0521
23.0634 116.863 128.045
150.785 38.5663 77.6754
60.7797 155.497 46.8085
146.441 72.6556 57.028
123.269 111.849 54.5629
50.067 160.371 46.3121
100.387 140.069 28.8362
2.76995 172.126 23.5959
121.904 19.1279 123.105
141.01 17.1589 99.8553
86.7195 18.8227 150.255
78.504 54.7358 148.048
83.8252 122.471 88.9329
112.987 120.76 55.1615
41.9645 41.8762 164.961
80.5839 137.135 62.2794
34.9121 31.2275 166.619
110.878 132.557 13.2836
23.8827 127.32 117.6
102.445 122.896 74.223
20.6102 70.0539 158.196
41.0088 11.6499 168.841
83.2057 124.523 85.0506
64.8676 157.676 27.8763
33.0867 61.811 160.517
16.6274 138.517 102.899
48.67 147.115 82.2358
27.3429 167.48 39.8603
11.2207 162.012 65.3997
62.3991 158.399 31.5248
104.188 126.038 58.6528
68.7055 132.91 92.3629
61.0263 73.5565 146.547
39.1604 22.117 167.934
154.029 57.3863 53.2641
126.833 78.9937 92.2412
52.3007 96.0381 136.569
154.163 51.141 62.9758
19.9602 168.338 42.8593
8.40057 172.892 6.03316
34.2587 162.803 50.1073
72.6947 23.627 156.814
50.9263 2.98027 165.285
4.86844 136.153 105.905
125.434 102.966 59.2422
38.8461 66.5101 158.015
112.206 89.8711 99.3682
102.013 101.534 100.249
86.4974 81.9665 131.067
109.983 24.0055 131.218
135.184 59.0874 89.8577
70.5828 108.387 117.42
57.1275 118.375 114.309
33.1888 143.884 91.7358
39.4765 169.508 2.65092
167.351 32.695 34.9459
166.771 50.8239 8.50373
81.7191 26.3474 150.674
50.6102 140.991 87.5771
113.78 41.2985 125.824
127.673 22.8285 114.369
6.03071 22.882 171.169
5.3414 152.787 81.2182
161.943 37.057 47.3325
67.4469 91.6239 132.968
95.0109 141.444 39.5229
107.397 85.7779 104.558
82.839 153.886 14.859
164.991 32.66 47.9205
149.043 78.2966 44.833
125.052 103.189 60.9387
166.909 47.4135 22.6591
136.252 5.31868 108.804
110.406 103.6 90.4718
44.9268 124.182 116.001
50.1933 90.8566 145.32
135.628 48.2168 98.2607
47.3716 50.5679 161.067
71.4079 158.415 1.68933
62.1792 108.118 127.149
99.5517 63.7055 127.582
130.106 52.9473 99.6081
131.834 108.783 39.7421
78.9818 144.963 61.8336
46.8176 154.407 65.9673
80.4678 45.912 148.058
34.056 153.306 71.8769
17.9185 137.99 102.875
82.2506 17.1827 155.657
121.125 74.4625 101.057
26.8629 93.0414 142.634
46.3327 94.474 141.522
149.167 83.2283 17.9309
91.3596 131.097 71.7494
64.5513 157.227 41.1492
116.238 110.149 75.3752
165.152 15.5048 53.9214
29.6283 97.9243 139.731
34.4727 129.647 113.45
81.1056 148.721 40.5391
73.8948 67.3363 141.984
83.1488 142.067 51.2261
51.268 163.986 24.5525
170.415 21.4258 23.9159
102.995 122.138 63.5759
157.839 34.5716 66.5915
131.647 112.254 7.12841
81.5538 25.8048 153.488
168.507 9.69518 35.9722
41.4089 113.544 125.746
76.7499 156.525 13.3806
114.69 101.123 89.6612
47.345 140.246 92.9017
29.5258 150.772 80.2055
139.456 83.772 54.5391
127.883 16.3607 117.041
117.138 110.729 71.3558
108.854 125.544 51.5148
89.5527 88.5791 120.563
135.011 37.5609 101.871
24.2686 35.3032 170.329
11.6611 130.093 117.798
1.19088 62.2327 164.358
129.557 98.2871 77.1952
138.865 43.3362 99.3312
95.1937 16.863 144.477
102.696 21.8229 141.206
19.0729 64.8242 159.44
117.805 114.68 61.5802
157.864 4.78399 83.8767
60.2593 144.749 73.8937
168.326 35.008 3.90047
167.637 2.73286 45.32
128.448 76.1413 88.0601
43.9853 167.349 20.4459
134.231 80.4449 81.4906
158.417 15.5807 71.0535
134.682 58.8253 93.822
136.951 59.9608 86.795
75.8065 116.07 107.551
18.1938 110.971 130.901
37.8701 163.784 45.9696
118.733 126.913 15.0514
47.3466 165.708 2.5446
42.2618 152.015 73.0222
155.901 56.2372 62.4926
146.256 72.5627 59.6694
148.969 35.9293 84.1063
53.5549 161.385 39.6319
104.735 99.5226 98.6673
123.815 49.4782 114.088
166.835 50.2838 22.9936
1.03506 54.0858 167.152
109.907 69.2029 120.277
44.562 5.0533 169.308
123.019 85.9351 91.2958
108.428 95.4419 98.3506
106.451 40.4798 132.69
79.8147 136.38 77.5091
105.684 39.6491 134.728
71.381 109.4 114.667
41.5636 119.305 120.137
76.2786 135.175 77.8498
16.3137 142.337 98.986
41.0077 114.288 126.276
60.0956 91.6766 137.186
13.9481 71.6381 156.019
11.271 48.5474 166.721
52.6581 105.341 131.633
51.935 75.5492 149.898
84.758 148.253 34.9985
13.7192 84.6969 151.184
159.78 64.8518 17.6297
136.539 94.9495 64.7903
14.8759 173.208 0.0454205
159.669 54.3157 32.1284
149.964 75.4003 42.3972
1.74988 174.102 28.8521
3.72922 31.8567 170.461
76.5649 156.146 14.786
65.6477 104.44 123.419
135.905 26.5926 105.492
126.995 46.2946 108.381
75.5925 148.299 51.9953
30.2139 85.0144 148.486
161.705 4.85179 68.3276
110.588 2.27284 134.604
8.07231 156.597 73.4932
0.275234 0.688019 172.362
72.7667 127.003 94.9486
97.1517 54.8686 134.217
130.571 118.474 0.115509
121.409 24.7076 124.478
20.785 169.797 32.297
134.621 103.429 38.5581
78.8114 75.7239 137.646
46.5972 81.3285 147.291
94.4106 109.767 95.2034
155.607 61.0452 51.8213
164.729 56.0762 3.1201
133.26 98.9209 60.1655
94.0503 71.1892 128.345
158.645 77.279 6.15063
150.855 79.246 42.2113
113.364 83.4724 106.832
69.213 109.919 117.921
131.414 77.8985 83.6572
156.964 19.7353 70.6154
69.3046 85.1312 137.382
147.379 88.1613 21.6031
115.925 68.6103 112.177
128.915 46.9933 106.661
43.3652 54.2565 163.215
14.6045 149.18 88.6671
21.729 37.6787 167.498
120.733 106.274 67.933
161.032 65.2537 3.06722
61.4341 159.685 36.1065
59.4711 150.977 65.3464
39.3462 160.259 49.5153
155.422 67.2112 40.3448
68.2717 64.2452 146.88
83.76 144.914 44.3527
9.7917 113.068 132.229
95.7012 1.67242 146.017
74.6084 11.201 155.929
12.8213 86.6528 151.472
157.568 39.8727 61.871
79.6572 114.743 106.068
152.884 30.1559 79.6166
51.5742 98.9098 134.185
77.264 68.9074 139.786
17.4235 133.78 109.12
165.642 10.3044 53.9488
156.019 35.2211 69.6079
129.557 115.543 25.4062
103.505 12.5901 140.149
31.8027 154.457 70.7849
5.50135 126.572 122.356
35.3029 31.1199 168.581
45.3516 115.07 124.977
119.193 127.391 13.9668
76.1302 57.7167 145.742
161.369 25.6927 60.4303
61.7869 153.477 61.2842
70.9868 63.1876 146.611
138.202 14.2783 102.698
136.831 62.3895 88.745
53.5293 57.1409 156.376
116.47 44.0398 122.417
139.654 97.5561 40.7675
5.35181 152.959 78.4333
163.677 10.3824 60.654
121.43 84.8256 93.4849
1.22076 63.7632 163.37
101.687 25.3553 140.953
156.737 67.6637 28.5028
173.547 6.73954 7.51264
22.0849 116.875 127.859
88.8729 40.341 143.513
152.598 36.4332 80.157
37.5543 168.81 12.913
112.051 133.93 5.91307
89.7954 52.6666 138.756
152.018 72.9606 40.8243
16.9942 65.7096 160.147
41.7411 165.816 23.8091
35.3571 162.295 50.0269
148.183 42.6222 84.4918
117.167 121.554 41.5528
145.701 16.4893 94.6126
139.64 79.2246 64.0429
79.2986 113.903 107.672
25.7678 115.207 126.933
20.1978 117.035 128.202
9.1457 106.588 141.879
152.109 56.6745 55.3183
38.6003 115.272 126.423
89.3622 39.0581 143.641
88.0277 19.1086 148.115
70.7391 98.7007 124.344
98.9205 95.736 109.74
146.126 64.6855 73.3398
51.0427 116.282 123.746
88.5871 86.4119 121.664
79.3009 55.817 144.391
147.644 78.594 46.861
22.469 101.355 140.855
32.0887 89.5676 145.901
14.5986 168.594 43.3314
86.7863 64.3048 137.482
47.3192 47.4691 162.148
75.9977 131.485 83.6685
116.094 65.5655 113.635
138.6 103.857 14.1256
45.2338 81.8103 147.385
32.8573 95.8686 141.564
7.83945 94.6783 146.042
79.7026 138.024 76.693
58.2204 148.955 69.6009
1.94122 173.776 0.0294409
139.63 81.6972 66.12
