2319 49.8418
6210.63 2.45904 4.13839 0.460726 16.687
1325.68 158.405 155.384 1046.05 3.55816e-09
7.92264 5983.68 3.5313 0.686174 16.2239
0.216116 2.45061 5970.5 0.493398 188.771
2.1336e-12 1.24322e-08 5.50779e-08 6042.33 0.140939
0 0 0 0 2786.45
66.9653 5737.16 12.2883 24.5555 8.80123
128.545 0.0508962 5785.55 0.438087 6.70644
134.51 5573.2 22.6768 23.4073 8.91561
650.725 1369.23 1127.48 1560.11 524.639
4.25804e-10 1.50446e-08 5.07036e-08 5922.55 0.0179244
6006.94 81.0589 7.48004 1.27659 16.3624
0.364504 2.68101 5343.18 104.034 41.1803
4.12967 113.925 5555.47 239.807 0.0948203
5400.85 3.33638 82.7155 479.806 69.1736
934.1 317.572 2706 355.965 1188.61
54.5831 1733.79 79.7215 2720.71 678.532
4937.6 255.795 21.2519 47.1484 241.309
40.5389 274.384 40.0472 5230.47 9.17045
17.9554 92.0635 4949.77 17.8453 34.8967
5853.86 2.31778 160.665 80.474 161.229
696.061 1232.67 93.7847 2698.12 1005.19
2.41124 0.130083 5689.76 0.622031 1.05827
0.275427 50.0706 0.0544676 5873.18 90.2258
706.514 349.884 3346.74 475.713 341.849
1701.41 83.5126 52.1874 2345.98 1303.3
1864.27 1335.85 19.5285 113.777 1971.38
548.886 41.5794 8.2551 4789.12 850.999
988.44 18.394 37.5323 3950.55 667.63
0.127268 7.95953 14.1035 5784.73 3.30524
6118.89 13.422 10.4182 34.7302 33.38
7.38698 122.382 4431.31 1290.83 197.72
60.1287 619.776 39.306 4858.36 11.2597
3.91623 4120.66 581.818 1.97938 973.656
219.064 3044.26 482.899 54.9739 1725.34
66.3034 5479.85 0.349891 53.1799 88.5243
70.882 4011.76 83.0648 474.095 433.377
776.397 2545.45 288.524 52.9804 2218.61
4239.75 8.4851 88.5061 27.8865 1319.23
447.427 4608.57 10.2478 1.00256 238.977
1090.04 3161.33 716.033 0.637826 517.44
1002.27 2435.01 481.587 513.839 1213.8
123.447 1.94292 5641.31 0.427165 6.53924
26.4141 0.357544 1440.67 2046.64 2008.51
227.512 851.373 1002.83 3350.25 43.0508
1826.23 697.715 14.896 567.203 2196.98
173.399 2337.96 83.0677 1788.74 925.228
90.8478 2030.04 2016.89 752.277 591.202
1360.58 7.15996 4180.2 368.292 54.3926
55.8087 154.462 24.5575 3402.95 1652.66
251.201 2387.85 1478.52 1970.57 3.95537
5289.08 4.45023 9.5346 0.107222 47.3452
130.51 5371.68 268.883 0.602786 16.2046
2837.57 52.3534 1639.89 533.917 161.428
1800.93 782.744 2661.33 58.6747 567.032
6.40395 1933.39 2501.77 1436.68 72.3835
2749.89 1288.07 188.328 554.444 589.558
3324.87 1387.99 12.0509 1021.21 358.826
0.0959789 0.0402555 8.98704 4267.21 1856.57
79.6122 31.7383 726.697 4202.08 482.189
869.338 377.844 1253.87 1301.16 1752.06
26.2375 155.092 3.69022 4960.74 218.754
4109.71 2.43186 839.393 416.667 234.602
157.708 8.46863 2298.15 683.881 2568.16
574.862 0.423224 5230.88 107.535 8.80476
528.843 4300.42 42.0426 44.0441 294.939
81.3046 2613.93 122.896 2782.05 85.1025
808.977 1454.5 60.131 2969.58 897.763
413.328 1517.41 212.769 1885.88 1536.98
1763.45 2826.74 456.699 96.4085 872.394
8.01573 3.36196 0.425935 5520.89 16.8529
5706.76 2.25954 225.534 14.3109 157.303
669.323 3956.41 98.5625 4.79842 201.041
930.21 3923.8 256.921 263.813 141.113
1345.48 98.8165 1432.96 490.541 1602.5
310.406 4819.07 69.6794 0.597669 541.574
2998.68 18.7799 418.891 2.9503 2600.18
4288.47 68.3732 19.9768 8.59777 1118.65
1618.5 820.002 312.349 27.5224 2749.07
1098.69 3415.91 38.4312 222.929 988.988
508.869 2146.51 81.5139 3652.37 103.22
0.00347119 0.355724 8.4096 4101.42 1768.46
29.1482 2296.39 802.483 1159.39 1385.14
156.456 288.383 229.606 4050.68 692.163
100.533 395.445 0.525144 3447.89 1740.24
464.789 1758.15 524.527 30.7353 2441.68
207.08 1110.69 2798.64 132.506 2079.65
5576.67 27.2077 38.762 297.253 21.3901
1190.26 11.1889 246.707 3235 624.123
440.253 4724.09 10.9338 21.8487 245.102
55.7669 259.93 0.842216 5063.41 67.1422
2.64147 1417.79 818.093 2209.86 852.609
2091.31 787.997 293.407 321.322 2424.31
126.513 2583.55 31.9515 1827.34 1555.59
0.0947541 15.7699 0.0733147 4154.82 916.494
3189.22 58.8414 1843.12 600.084 23.6778
3566.12 87.3969 364.606 50.4817 1507.07
119.066 797.168 1527.58 1062.56 1995.98
78.8376 4229.97 904.691 8.28274 475.081
212.713 1181.51 217.015 3764.13 248.817
2135.32 33.7705 3945.69 119.999 19.7484
13.4177 4644.98 699.35 396.896 73.6579
378.907 16.3463 984.027 1946.58 1946.75
3604.98 32.6506 762.38 1504.73 12.0724
418.355 1492.39 3582.41 0.135489 274.587
468.765 3118.56 242.485 1064.02 1050.35
468.132 4975.95 25.8694 169.181 94.4233
682.587 4.56717 3286.69 216.52 1788.49
5.88457 104.549 26.4284 3118.08 2175.9
13.8396 1.17656 4847.44 0.404638 724.87
48.4257 0.82246 47.024 4727.54 1009.86
2783.96 426.132 367.617 346.628 1585
2589.2 272.988 399.426 286.531 1688.53
54.019 5431.07 282.426 2.1345 14.7434
3252.63 1.28785 124.018 45.1792 2769.84
5.594 2812.97 400.421 754.814 1285.18
83.4264 5927.53 8.82057 0.688995 16.2906
3689.91 1617.51 32.5134 22.8687 493.828
161.25 1792.52 1621.38 1271.58 613.038
556.165 2844.43 126.167 927.324 1108.4
1655.29 104.262 917.154 526.021 1524.15
124.01 2.36575 0.0763372 3868.37 1814.87
4516.53 141.003 520.219 521.359 107.03
2018.61 63.6924 1873.5 99.9028 1912.06
12.1312 871.952 4816.12 65.2237 11.5858
7.22488 4384.85 111.991 449.671 1091.96
796.48 3355.32 243.101 665.423 83.3187
69.597 383.502 35.1939 2912.53 2300.76
560.635 2911.93 279.057 68.0856 643.839
10.4332 637.884 3143.43 196.159 827.775
580.161 38.6559 2142.38 2283.02 287.792
484.641 3622.78 9.46739 132.249 1197.91
271.599 202.493 0.512904 4920.1 154.296
1253.42 587.113 1839.44 705.037 495.998
3.85026 4051.24 601.96 2.96493 963.656
5270.23 97.763 143.13 381.697 24.2596
146.17 24.4007 0.455049 5118.37 66.0121
1414.84 47.5017 2963.59 307.736 949.699
1135.42 514.393 422.621 2313.76 943.957
3465.36 1.37208 2.30911 49.4623 2639.16
3817.32 425.333 197.292 666.268 422.964
50.4081 152.996 2123.48 2462.8 918.026
197.184 666.704 1594.95 1664.73 1002.65
35.4251 3200.87 240.682 1925.19 336.344
2678.36 78.0726 1086.25 19.5078 1871.12
249.305 0.162132 4896.98 12.8029 264.75
3.62804 0.247464 4511.6 887.41 204.995
1594.46 185.65 25.0749 1452.76 2694.58
6.70113 50.0922 1065.33 2848.86 2123.16
4.77647 0.0018912 5875.17 38.1737 11.6418
1991.55 4068.15 3.06711 63.5576 38.321
2352.3 442.156 1663.49 622.14 692.096
0.115583 9.75862 2.15144 5631.43 38.1271
58.1849 5173.64 180.946 9.22858 5.93185
4366.25 3.77701 68.3184 0.0897383 1137.09
182.191 4763.08 628.866 6.79579 97.3167
1640.95 753.257 1985.11 32.8161 1282.97
226.593 12.7522 5179.74 0.620242 49.2901
2765.53 12.8421 603.965 137.925 2475.68
4050.49 288.675 201.78 633.722 393.051
4730.86 94.9542 680.736 2.31591 135.289
637.562 2112.42 381.759 46.5987 2402.89
1245.08 601.715 1686.45 1309.59 884.506
767.239 12.134 1359.24 3466.34 257.001
2370.98 90.8002 847.304 1226.5 1465.32
103.321 2308.76 1945.8 792.293 550.928
29.5791 11.3441 18.753 2554.2 2674.16
4414.77 314.637 6.93646 660.993 405.72
58.1959 210.153 158.034 4612.84 298.852
3138.23 1198.97 252.585 26.1062 785.085
2.99768 58.1938 4257.62 80.5043 1246.45
88.3408 1.05646 4.36869 5428.56 12.6038
1561.32 767.873 2399.21 15.9598 996.335
127.531 2268.47 338.309 102.662 2619.93
2560.98 2198.21 187.582 10.6746 459.429
4192.2 131.328 183.411 230.746 446.842
104.785 1.64156 3422.36 1359.69 97.2447
963.89 116.463 4060.72 124.851 49.8357
551.481 2953.05 123.685 2151.02 109.207
192.326 2704.31 0.54306 1861 987.741
1831.45 325.781 727.799 545.443 2463.26
5209.5 47.6652 187.565 13.1297 292.147
557.993 3249.51 41.9015 1772.22 195.959
579.457 32.7578 62.3951 3196.87 1270.34
152.06 108.959 2440.38 723.608 2025.54
63.0584 366.155 0.636143 5323.03 2.31761
2211.45 60.5445 63.4149 2984.65 661.286
69.3232 565.032 3516.59 777.963 513.045
68.6198 1138.14 3688.2 805.06 64.5252
114.258 365.136 5.58916 4684.58 347.693
1944.47 66.5521 173.082 3016.5 750.118
2942.85 1343.93 315.312 14.2237 821.308
11.739 50.9686 4363.1 82.4989 1258.2
3981.21 3.44393 153.99 1253.57 48.1401
14.9268 66.5021 2431.06 1191.03 1921.63
93.5366 473.401 2951.98 166.779 1573.09
55.381 150.647 2049.5 1033.28 2065.43
341.173 3313.24 61.7291 1710.86 221.187
583.322 44.188 8.773 4555.52 771.775
374.755 137.471 1044.34 2098.82 1965.01
54.533 1726.32 185.401 2108.07 1827.23
2961.01 239.326 125.424 117.527 2036.36
425.45 3285.35 826.742 434.24 364.714
5514.56 102.621 3.74147 0.0685331 111.816
493.851 3691.63 448.72 75.5445 1327.76
73.897 0.108678 3838.08 164.466 1359.8
918.268 55.196 3102.32 164.197 754.383
3421.71 9.23365 1070.92 37.8595 1046.57
848.462 168.322 2764.25 54.503 1028.33
3035.21 1393.19 1203.99 14.4222 255.809
117.298 644.184 1286.32 3603.47 41.2664
4560.1 408.753 651.442 26.058 34.3467
803.582 2083 1318.65 340.973 902.78
270.1 4477.46 0.814221 968.811 67.2302
40.342 0.0647721 2.10893 5720.06 74.5707
139.034 473.646 3112.77 1380.83 659.267
16.5986 2097.61 135.472 2380.28 887.411
4338.83 27.2441 646.081 104.269 570.246
898.448 34.3209 1293 3101.55 254.25
280.525 1868.25 13.4697 1085.08 2135.88
4.17431 76.3965 4017.34 18.4232 1401.37
1031.93 3455.9 28.8488 4.08907 1184.33
24.6528 207.885 0.159338 3722.26 1796.76
2264.07 171.717 111.066 2514.25 25.1842
17.8819 292.847 3884.57 1341.55 114.947
955.197 361.73 865.569 2602.53 859.761
42.5979 1381.84 1804.95 2262.31 43.5707
103.67 643.719 3.2415 3912.27 744.075
4.84661 1685.05 973.292 2629.09 458.821
133.7 415.685 2911.18 1138.95 1013.79
671.535 79.2915 563.534 4295.63 84.891
962.387 57.8479 3251.38 37.8422 766.744
2631.6 2258.83 133.739 72.3745 485.405
858.715 278.018 2336.41 680.149 1144.43
176.921 1824.65 1098.57 1472.32 510.537
99.3129 0.039322 4469.87 0.0606297 1172.23
136.083 4878.84 16.7215 5.1106 214.12
361.58 1483.77 1151.09 0.604833 2384.13
164.731 1858.79 3793.87 64.0366 283.364
2653.84 71.6678 889.655 23.4479 1777.9
3801.03 134.5 154.54 901.457 667.177
27.8728 145.364 277.184 3139.52 1705.75
14.4608 3587.24 2234.47 2.14345 26.2512
5800.88 78.5673 25.6828 3.74435 7.24201
2408.96 920.349 2303.21 29.6302 229.843
93.7571 75.508 3.22952 4501.12 828.347
216.648 1610.75 13.6582 1744.8 2246.31
3091.14 6.9424 61.9713 868.498 1899.26
828.845 3496.22 132.77 1111.23 120.464
4486.55 1059.05 238.443 0.413679 21.5845
110.262 1171.55 877.653 994.192 2161.12
60.5038 193.353 228.194 4656.26 402.991
3889.2 18.5748 18.8502 165.532 1159.68
3296.31 1208.8 59.6136 823.313 308.894
5144.84 478.262 91.1229 33.1202 47.3578
4758.4 44.9056 609.95 65.8844 420.48
2062.26 722.773 2.26212 580.3 2222.87
483.512 1.5284 0.176319 5397.79 56.3911
2301.63 804.644 492.955 28.3639 2076.02
1347.05 255.008 3205.46 70.017 604.877
511.796 2280.15 29.8995 1337.68 1668.98
245.488 1904.71 39.3854 2231.06 1081.2
1.69352 0.458522 5489.54 18.4339 0.514224
1112.02 4538.05 93.5075 101.924 126.443
4.0738 2186.58 828.721 2035.94 482.336
2449.82 1147.52 24.2944 876.247 591.638
97.58 605.906 4.91379 3692.16 668.346
6.33731 499.275 2575.09 1141.85 1800.55
4878.64 58.6759 3.21466 44.7318 535.297
3510.05 889.502 537.182 96.3517 489.888
1467.63 2638.72 109.088 831.338 1146.27
136.227 5568.01 14.5408 5.25631 23.9195
1122.8 616.328 922.761 61.0601 2285.78
595.185 301.547 857.287 2822.87 353.533
155.266 594.123 1148.38 3836.16 41.87
29.149 2231.49 111.647 3513.16 376.63
865.246 4356.69 352.68 82.7272 147.884
3918.8 8.80123 83.8882 101.309 1938.97
43.214 3731.63 321.718 170.709 982.175
359.712 1563.17 4136.73 35.1312 2.86856
18.2769 93.7121 5038.4 18.1648 10.0025
4142.69 332.089 384.592 49.7983 280.85
384.056 1257.44 1574.19 647.584 1831.25
0.0293278 2.46122 4549.09 568.161 161.868
3124.53 175.843 1862.01 87.5154 23.5535
2710.88 1141.35 146.821 53.4865 1955.91
1117.31 3826.68 15.9646 1240.73 25.9114
0.0249308 2.60788 5894.58 0.674966 0.0639058
53.9953 370.961 3194.68 34.6504 1432.4
1144.9 216.772 3996.83 498.53 129.516
5928.58 18.3366 2.1618 6.0435 21.4449
150.652 4680.54 198.424 5.10854 214.034
1066.82 457.608 115.874 1728.1 2278.83
76.175 3539.5 940.084 42.602 769.125
1172.33 526.116 435.079 2357.4 771.192
3227.38 1162 125.754 884.598 23.8911
348.813 73.0258 1270.02 3045.86 326.256
746.548 1342.26 101.569 2891.4 861.907
9.16829 266.842 2745.67 207.95 2028.27
56.4102 5088.78 1.90054 185.482 7.67336
87.7228 544.699 1390.57 2657.42 746.87
141.693 542.185 1193.06 3794.06 39.2919
213.807 4168.29 467.88 0.228614 798.027
2913.91 1097.95 176.329 12.1247 1708.5
1533.66 351.203 1807.58 743.594 656.801
325.14 1149.46 423.907 1175.32 2520.54
10.6682 62.5406 1373.26 3558.46 1088.34
1515.12 692.592 3484.64 149.075 26.7279
3375.48 1279.27 453.936 500.289 6.95968
1177.83 4411.41 65.0629 196.748 52.1958
3055.74 244.956 283.684 36.7323 1353.1
1075.42 531.879 411.731 2181.41 1454.36
1221.98 0.0228185 4649.39 156.498 190.324
1473.79 49.4808 2853.08 304.288 939.059
19.7408 1037.7 1339.91 1685.89 1346.24
683.235 1134.28 536.836 564.25 2366.8
811.889 23.1307 5103.27 32.0667 18.8644
166.408 545.711 3452.78 215.464 909.238
388.51 3778.08 744.585 233.834 330.735
1400.78 81.5367 1567.11 1995.54 79.5162
3639.09 1044.13 28.3217 980.272 32.8693
1.33135 252.651 1242.02 1813.58 1637.28
201.68 701.326 47.1023 4469.08 59.8725
2.92801 1571.59 906.837 2449.58 552.363
78.4647 300.07 3062.7 1159.75 1261.19
1577.55 672.495 2317.68 54.6302 1125.67
5753.88 83.5905 156.199 0.0795309 24.6751
340.08 124.751 947.707 2073.97 2116.42
115.233 1892.04 2413.85 445.224 728.635
15.4445 1528.18 2894.11 0.209182 880.073
7.14772 2451.79 218.176 611.188 2489.58
18.9908 998.274 1473 1600.95 1348.87
77.3326 630.314 3922.88 867.846 216.972
76.3429 5109.21 179.345 9.14696 5.87938
609.253 2772.88 288.115 152.944 1338.79
1492.6 64.5683 1779.04 214.492 1685.16
611.337 11.4219 1550.43 3067.02 185.139
40.5076 624.803 51.6772 4433.13 627.371
1783.7 218.1 14.9617 1911.33 2150.5
19.5233 4532.67 2.68295 30.0614 842.947
52.0471 3655.76 156.629 1598.73 44.9851
236.416 1748.41 1107.86 1532.97 481.234
59.1942 341.108 3762.11 602.056 534.881
3551.17 1098.24 504.924 94.3149 507.829
816.841 1468.64 26.9201 2942.34 700.299
6147.89 19.0149 2.24176 33.3134 17.3065
2486.32 23.4637 279.785 1007.65 1625.29
1980.69 929.1 225.678 65.3613 2264.02
3860.93 9.83053 380.445 908.327 52.485
1436.74 22.5913 3779.44 92.3871 365.653
857.032 1540.9 116.6 3319.31 83.2822
9.11683 151.041 4160.34 1222.74 175.926
593.396 3003.25 1176.9 240.468 624.425
3753.35 69.2497 652.921 527.518 189.824
304.395 136.512 2108.88 1483.69 1435.93
354.616 4324.46 356.992 73.9001 613.873
5633.78 20.8569 103.532 0.693127 3.3545
322.609 1090.78 2609.47 131.525 1035.59
1304.73 8.19255 3847.39 75.7249 583.577
8.37396 112.633 12.7478 2864.97 2549.66
37.7968 242.79 3656.48 50.613 1477.1
384.386 1671.27 1227.98 1627.62 547.343
65.6349 2371.39 2482.19 23.5658 102.893
1949.7 734.64 273.54 469.371 2632.72
4.21569 0.00274161 5120.73 45.5832 265.329
15.9467 893.324 5.85211 3946.11 378.674
2250.62 577.381 3024.38 66.7339 17.9827
1850.07 17.3265 1718.69 43.646 2702.87
161.409 2871.07 1238.8 40.6174 739.378
1565.05 792.924 2253.94 222.94 373.46
74.5071 5293.81 268.504 0.645163 74.9465
24.0382 0.00978798 44.0167 5732.03 322.327
2582.05 1417.34 686.939 14.484 836.343
98.0092 2655.58 331.132 1143.34 1891.48
58.5168 285.677 4760.05 147.286 171.318
142.671 5872.19 13.6475 0.689994 1.01869
1673.52 126.773 25.1692 3628.71 861.476
4.63454 0.0454694 5448.15 95.0094 210.495
4621.19 226.297 225.418 707.961 58.3011
16.0663 165.697 2368.66 1211.25 1393.38
1486.49 633.676 2183.9 306.982 1122.91
377.945 1589.16 1981.15 327.075 690.334
185.29 36.4627 386.83 4549.1 312.334
5077.59 21.8397 6.35877 0.614599 531.851
819.477 39.721 1498.45 3279.59 258.177
124.397 2231.19 1997.97 175.003 478.732
276.035 74.5663 802.593 1869.04 2586.38
559.045 2355.08 170.631 446.183 1426.11
630.827 2660.95 122.13 949.75 1085.9
4469.72 28.066 665.572 75.7697 583.922
2108.17 11.6713 1104.95 57.3134 1561.92
110.651 1968.21 833.32 27.6931 2714.96
2345.77 12.399 86.8964 2405.66 648.358
805.249 3275.42 4.84802 312.102 710.079
2901.23 1532.31 154.823 56.1349 1010.22
542.763 2470.26 218.404 467.398 1493.91
3930.91 1951.1 17.892 18.371 156.805
1349.69 606.625 1960.51 46.8454 1610.84
4806.83 1.90322 183.277 1199.16 163.711
1273.43 1.45893 2531.99 418.797 1239.62
528.985 2617.46 60.2232 334.196 2505.25
3285.45 10.1616 3006.36 34.0306 83.7094
905.067 35.935 3386.49 190.334 800.173
59.2391 204.787 3606.93 254.619 1334.89
2153.25 860.053 307.06 336.275 2305.45
10.5987 3635.52 323.512 853.637 1071.89
823.749 5024.92 4.88473 153.297 27.4848
410.327 162.608 2648.7 326.276 2360.15
3.30645 1774.71 672.622 2597.15 568.195
5432.89 461.038 15.0244 5.43112 24.715
2191.49 943.126 962.768 177.462 396.581
1492.23 648.576 2205.16 48.6175 1346.83
1463.82 9.1915 4316.51 84.9583 72.0277
243.59 5309.97 0.135756 2.34925 24.1848
367.385 2154.96 303.788 813.831 1841.81
4852.7 132.744 130.389 11.2729 472.124
253.856 4208.18 1.38273 910.673 4.7924
16.9561 0.983385 5039.6 0.578862 696.541
1428.85 7.31376 1575.96 198.959 2431.12
738.97 5020.12 374.175 94.3176 32.6995
4066.69 1803.59 7.21253 211.261 16.341
876.88 2726.29 43.314 284.694 814.35
766.278 2868.23 1411.92 154.347 314.698
556.56 1000.67 18.3422 1994.91 2345.19
131.384 2751.68 2372.9 63.97 411.148
1205.45 234.867 2842.27 200.755 546.329
2806.48 1395.11 95.8753 1130.44 340.193
3541.82 956.86 347.168 65.8264 511.569
0.68607 31.8171 56.6861 5337.71 109.525
2037.37 802.544 433.078 593.554 1732.49
1.10147 3.94804 12.6786 3210.81 2732.7
1922.65 101.122 735.988 613.012 1863.43
5015.73 17.8086 28.7243 339.323 257.171
145.121 1986.1 735.429 1062.52 1268.94
5016.39 1.98619 770.611 143.87 156.467
231.064 4451.6 7.60062 1195.89 24.6681
3722.22 8.35974 74.2778 84.3245 2113.83
2506.14 0.992283 35.6123 610.81 2728.69
718.716 24.599 1385.12 2945.37 731.829
53.0954 157.344 2093.38 953.768 2045.83
808.915 2508.1 1293.21 239.759 597.988
48.8651 4912.9 705.76 2.09749 14.8065
1077.63 20.0537 66.7107 4404.58 110.781
924.984 396.769 746.699 2808.65 906.038
2180.57 585.713 786.717 851.522 448.825
8.47962 2948.16 1636.31 522.719 316.881
14.4651 1210.08 343.65 1901.1 1679.53
94.2586 168.31 3631.2 39.3959 1642.16
1048.7 219.552 3818.3 75.6125 355.485
290.19 155.938 3554 741.57 956.987
1831.64 207.531 28.5089 1176.95 2683.57
105.703 2158.59 237.756 1638.84 1409.73
401.294 1282.72 52.1883 1620.92 2108.33
5951.59 5.72554 7.03386 107.494 58.7755
4177.5 1407.49 2.03023 245.944 7.03027
1671.28 712.45 2455.38 57.8759 1048.15
8.45628 904.099 113.858 4626.63 85.5426
348.535 2008.44 1310.67 159.11 1545.58
300.937 3103.67 1906.1 18.5404 31.155
78.1698 3217.39 2561.13 0.611728 16.445
3390.45 1525.3 45.4203 21.1174 456.187
285.745 1556.01 85.6453 1737.92 2230.8
753.826 38.5289 1381.88 3524.07 261.282
2521.68 2164.48 184.704 16.5995 465.491
9.1818 0.296539 0.106811 5554.75 16.9088
18.345 1654.91 1316.41 2574.39 24.314
0.169015 0.388569 13.0543 3275.74 2502.35
91.945 0.964799 4694.67 239.331 8.45351
2192.08 75.8607 102.328 2429.59 816.096
5174.72 184.117 1.94802 965.901 17.6532
802.709 1689.04 1390.81 762.993 577.023
1897.57 60.2128 1092.77 1512.09 470.129
4674.23 56.5627 126.14 787.333 21.4199
123.186 5844.05 0.278284 30.1208 74.462
455.616 167.133 1077.29 2292.28 1665.37
250.882 1269.76 3069.9 1459.5 34.4941
4.78346 0.201127 1.01448 2809.27 2656
153.763 3009.82 773.027 1093.69 1085.54
1.11388 5227.55 117.325 67.846 5.92291
3.6553 3846.1 661.237 14.4047 935.819
344.704 130.539 1190.64 1986.49 2095.97
2038.87 714.578 2.23647 573.721 2354.97
1094.05 20.3594 41.5426 4372.67 109.979
4030.09 1630.03 35.7622 38.5297 82.6696
577.08 1644.06 2309.51 52.5439 1019.9
5.77627 3505.68 89.5368 212.168 2260.49
2814.96 12.5943 429.387 301.889 1442.78
49.5586 3867.55 99.8802 216.13 1416.36
33.294 3574.58 320.119 844.683 1060.65
705.111 4790.1 357.031 74.48 156.718
291.286 73.1159 834.185 1774.65 2544.45
20.148 322.505 784.397 1826.67 2527.75
2533.35 406.855 245.725 322.804 2229.78
866.516 430.749 73.7485 4070.92 334.077
877.159 2719.7 1402.31 259.986 43.9735
727.346 351.508 2385.83 1284.18 849.948
1874.73 123.022 1887.45 365.108 1228.77
67.775 3790.55 98.3814 395.024 1456.04
273.002 2439.3 276.389 302.685 2328.73
269.085 14.9133 2825.13 213.968 2086.96
