105 1.0641
7.33427 13.7849 20.0926
0.782189 29.331 2.62146
1.36949e-15 4.80819e-17 22.3792
0.78528 33.2345 0.356568
0.676574 23.7129 13.9781
0.784697 29.7675 1.17438
0.783647 29.2752 1.90555
30.3674 0.783297 2.17977
30.1086 0.784801 1.08416
0.782848 31.4164 2.49777
28.3455 0.781671 2.73508
32.3249 0.784372 1.59115
0.785288 34.2691 0.352573
0.70266 25.5413 12.7512
0.784873 29.5586 0.98226
0.785147 32.772 0.693712
2.93766 27.1313 0
0.782031 30.6587 2.81269
0.783754 28.7553 1.80814
30.3174 0.78308 2.29066
0.783927 29.9958 1.78258
0.77545 31.0232 4.9661
0.784356 32.5825 1.6187
0.784935 30.55 0.947235
0.766902 29.0964 6.41501
9.19947 12.7888 18.5769
0.78461 33.5154 1.43293
0.555267 17.4584 17.4672
25.2804 0.733911 9.62754
0.676209 24.8844 14.6996
0.754021 27.6776 8.05756
33.5318 0.785188 0.629311
0.734431 25.61 9.69855
0.772572 28.5819 5.21199
0.780322 29.6979 3.36373
0.785124 32.5792 0.732834
4.71683 22.0138 16.594
0.692599 24.8578 13.2894
0.785215 30.4315 0.4771
28.1942 0.783516 1.90266
34.0673 0.785138 0.751103
0.775579 27.8221 4.41963
0.784387 32.4463 1.58452
6.94483 22.1393 15.5934
9.69027 0.315083 22.1327
29.9467 0.784836 1.03972
0.668971 24.34 14.9708
22.5497 0.713602 10.3619
0.764114 30.1575 7.15535
0.781749 30.3592 2.90255
0.785289 27.2317 0
0.784398 30.7275 1.48473
7.18066 21.5701 16.8338
0.750071 27.4018 8.49951
0.778993 29.1722 3.72245
25.6143 0.773818 4.42671
0.785257 30.4921 0.357725
0.780863 30.8495 3.29954
12.5094 19.5032 4.50149
0.784652 34.4327 1.43231
12.5725 23.0005 0
0.649697 24.0607 16.3426
0.767812 28.6326 6.14867
3.72658 16.1654 21.2617
26.0546 0.756141 7.30671
27.5208 0.777926 3.79814
0.471569 16.7255 22.2805
0.721088 26.6865 11.5146
0.769276 27.292 5.60065
29.6177 0.781195 3.04386
33.8041 0.785074 0.859607
0.717792 27.2843 12.1133
29.2961 0.781335 2.95815
0.725066 24.4791 10.1861
0.740585 26.3531 9.29802
0.785021 31.2251 0.855488
0.62155 22.4632 17.3529
0.779633 30.1219 3.64293
3.81818 27.0934 0
23.9714 0.744532 8.04167
26.0769 0.784462 1.19171
0.766845 30.0469 6.63615
0.785022 30.2343 0.819215
13.79 20.5966 0
0.779624 30.5771 3.7018
0.784131 30.9982 1.70442
0.637836 23.02 16.5396
0.784351 34.0711 1.70249
0.785234 31.2771 0.452046
9.36657 24.2901 11.2275
10.8992 25.8532 0
30.7171 0.784214 1.62716
0.654734 24.2641 16.0754
0.782967 29.1831 2.25735
0.783365 31.3821 2.21747
7.54852 3.19793 20.3891
15.3563 9.17289 12.0463
0.77731 28.5973 4.11264
2.40494 22.8459 16.9949
10.3716 20.4859 12.0863
21.2173 0.650515 14.3537
28.7979 0.784852 0.974656
0.494686 16.4273 20.2617
9.13058 20.8956 15.7219
10.9542 20.3148 15.799
21.0188 0.658275 13.678
21.0736 0.690944 11.3865
24.4497 0.779061 3.09335
36.3432 0.785125 0.844018
0.653221 24.2258 16.1717
0.774974 30.5789 5.01345
5.65961 26.0068 0
15.8819 5.96035 15.3564
0.478522 16.83 21.9082
0.784842 32.7876 1.1484
9.41947 0.322825 20.8985
14.0065 16.9892 11.7545
19.0666 11.0441 9.93817
0.765062 30.0312 6.95762
0.781335 29.7152 3.00127
13.9743 13.9743 13.0756
20.4729 0.663156 12.9899
26.0516 0.776676 3.89063
26.2879 0.783741 1.64976
15.2741 15.8548 12.4818
23.0744 0.761237 5.84521
23.9908 0.767697 5.16432
25.4154 0.775984 3.94675
0.703304 24.6163 12.2326
0.780252 31.0928 3.54913
0.785078 31.6032 0.78015
7.77811 23.0668 11.6625
9.17469 19.7876 16.4513
15.1703 17.1225 1.0732
26.9904 0.755975 7.59267
0.781653 30.4943 2.95491
0.78468 31.0191 1.24801
6.01643 25.9524 0
7.68924 23.1213 14.8194
15.6408 15.464 0.346475
29.6129 0.784951 0.891472
0.748161 27.1206 8.65394
7.5398 15.49 17.2276
10.2124 0.348488 20.6334
10.9641 14.7407 18.3712
17.0133 17.0133 0
19.1593 0.669953 11.7205
21.5951 0.638311 15.4819
23.3474 0.739823 8.31217
3.23747 23.469 12.0914
16.2199 0.555252 16.2294
0.660474 23.7244 15.2653
14.8896 7.48539 16.6653
17.908 12.5223 0
19.5479 0.609611 15.8805
6.20833e-16 1.45629e-15 25.854
0.67601 25.2162 14.9126
0.760211 27.8003 7.20379
0.781164 31.1614 3.21823
2.35501 23.5297 13.793
10.2889 22.6839 12.0889
18.4784 1.02402 15.2007
19.9239 0.785195 0
4.80852e-17 1.68324e-15 27.5005
1.214 26.2211 7.16536
2.8426 16.166 19.334
0.777325 27.7284 3.98264
0.783596 31.5137 2.09069
8.63389 24.9023 9.00103
10.9704 5.60746 20.1778
12.4802 12.4802 16.4113
19.2067 0.603262 16.0134
19.7179 8.94025 9.5807
25.6042 0.778446 3.40116
0.736769 25.6696 9.47221
0.7803 29.6437 3.36492
2.12251 24.5143 9.04143
5.84584 24.9205 2.13745
10.837 21.5823 7.00538
13.107 19.3332 16.3814
20.3123 0.659386 13.1431
26.0481 0.752256 7.80687
28.1173 0.780729 3.04746
28.9481 0.782452 2.47411
29.5356 0.784913 0.93431
0.533277 16.4001 17.736
0.773315 29.2177 5.16708
0.778411 28.1509 3.75449
0.785196 34.8957 0.648966
12.7361 0.460065 17.6273
19.1998 0.610229 15.558
23.1179 0.722539 9.84498
