19 0.346821
0.0142576 1.32302e-52 1.17496e-14 0.0340667 6.16794
0.0321859 2.47424e-35 3.63764e-133 1.56259e-92 5.3756
0.228795 5.08813e-06 3.75217 4.17363 5.69566e-51
0.669089 1.17113 2.09832 3.16277 2.73309
1.8647 4.14688e-05 1.50212 3.03603 2.62357
0.038608 2.17838 3.38945 1.91966 3.02835
0.208697 2.87203 4.47982 2.75695e-17 2.83911e-28
0.433236 3.33044e-34 9.77147e-132 4.73784 2.51842e-53
0.492023 3.0615 5.25749e-74 7.01755e-137 4.48837
0.00229878 1.76716e-36 1.74233e-78 0.0346325 5.79697
0.0396301 2.23605 1.80154 3.18841 2.91152
0.118786 9.13153e-35 0.243202 2.95993 4.30236
0.126855 0.222038 4.19375 2.95005e-75 2.8508
0.146592 2.01736 3.1467 1.78217 2.81146
0.41558 1.4943 2.41293 3.63698 2.25182
0.720387 0.629094 2.62527 6.32338e-137 4.04438
0.79181 0.60978 2.74327 6.6076e-137 4.22617
1.4309 1.09998e-33 7.61492e-05 2.33152 3.95976
3.06837 6.8237e-05 4.17827e-156 3.89051 2.40878
3.97151 2.72927e-163 5.4081e-156 2.056e-17 2.69472
0.00685754 2.9498e-24 0.0188234 0.0242095 5.24831
0.0344326 0.473853 4.79166 1.86881e-71 3.26715
0.0383514 0.238633 8.37563e-14 3.64128 2.855
0.0447236 0.160813 2.73738 3.47727 2.15293
0.167521 3.05561 2.46515 1.87217 2.11608
0.177649 2.44476 3.31825 3.70158e-94 2.79916
0.190858 1.3116e-164 3.13003 3.97605 2.46175
0.217192 2.98894 4.05686 2.61107e-17 5.11437e-51
0.504239 1.81309 1.51597 3.06404 1.89708
0.664969 2.39103 3.86092 2.18668 0.00341721
1.19965 2.09978 3.29307e-156 3.06627 2.6497
1.36944 0.856448 4.43361 3.69415e-49 1.39348e-120
1.46777 2.56909 2.38348 1.81014 2.24366e-28
1.75389 1.53162 1.91893e-12 2.81389 2.85743
2.18301 3.821 5.99244e-156 2.09658 4.94284e-51
2.21351 1.38432 3.40786e-28 3.15494 3.20376
0.000354054 0.162288 3.03543 3.85424 3.33061
0.000952007 1.46945e-279 0.0018528 0.0313826 5.25298
0.000969156 0.00235111 8.81253e-16 0.0383121 6.41288
0.00196412 0.0122213 0.53878 5.89361 3.45533e-46
0.0114251 0.157229 2.94857 3.74394 2.31804
0.0179872 0.111921 2.40814 2.91332 2.95841
0.0194811 0.121216 0.336999 3.92235 3.08143
0.0281119 1.60057e-08 0.0236371 4.31776 4.35218e-94
0.0308794 0.0193119 4.75411e-30 0.0128636 6.4512
0.0470974 6.71508 1.51641e-24 3.4764e-17 7.37161e-91
0.0567512 4.81718e-65 1.20561 2.88385 4.5252
0.0570243 3.21748 2.59226 2.1392e-17 2.80376
0.068234 5.79187e-65 0.187297 3.00316 4.35663
0.0786421 0.282773 4.81341 2.49647e-17 3.27202
0.080392 0.195025 4.48127 0.916715 3.58231
0.0883359 0.0552451 4.535 2.37566e-34 3.54887
0.185144 1.15202 3.20278 0.696532 2.72189
0.208648 1.77105e-64 1.71946e-13 0.252139 4.776
0.293032 0.183261 0.948697 2.41253 3.78564
0.395625 3.04131e-34 0 4.32652 3.63555
0.402001 2.28882e-07 4.97112 4.06137e-85 5.02692e-94
0.772253 2.77679 4.48382 2.75941e-17 2.84164e-28
1.07652 0.673251 3.48525 8.39478e-137 2.90197
1.89872 3.32339 3.08329 0.108718 4.98502e-51
1.92835 1.94457 3.7292e-156 3.47236 2.14989
1.97504 4.39226e-05 1.591 3.21568 1.99097
2.1131 1.32153 2.05391e-12 3.01183 3.05843
2.29035 1.76067e-33 4.95703e-10 2.76776 2.81059
2.50211 1.71948e-163 3.40718e-156 3.17252 2.74151
2.68076 1.51176e-44 3.629 3.63765e-37 2.19337
3.14242 5.36122e-79 4.96594e-140 3.9844 2.70528e-28
3.62672 2.49232e-163 4.93859e-156 1.72786 2.72578
4.01028 2.50802 3.48931e-92 2.29635e-90 1.39682e-120
6.9333e-05 5.32987e-38 0.00301784 0.0330116 5.53652
0.000165097 0.00102728 0.0221033 0.0267402 5.79693
0.000244134 0.111904 2.09305 1.88069e-94 5.01115
0.000501975 0.23009 4.30361 2.05328 3.23914
0.0154459 0.0116886 0.30007 5.61057 3.72686e-07
0.0188119 0.00552356 0.0373754 4.96163 5.00118e-94
0.0214199 0.294775 4.84697 2.51388e-17 4.92401e-51
0.0225874 1.9693e-23 0.0430589 5.71612 5.76168e-94
0.0423068 2.38707 3.25104e-156 3.02714 2.61588
0.0446234 0.277659 2.13148e-76 4.23677 1.28913
0.0675946 3.81389 5.19428e-156 1.97472e-17 2.58818
0.0902395 0.0682882 2.55948 2.74585 2.52436
0.135763 0.844754 2.34854 0.510754 3.69283
0.19 1.4606e-34 4.03632 9.14492e-137 3.16129
0.201279 0 3.1181 3.34883 3.07871
0.268992 3.70179 1.5459e-09 1.92143e-17 2.51834
0.28176 4.80704e-80 4.62078 2.20555 0.0034467
0.786414 2.8277 2.36432 2.64626e-75 2.55722
0.993474 3.57223 2.98684 3.83876e-37 3.94261e-38
1.1822 1.03238 4.30824 0.936943 2.7324e-46
1.20126 1.04903 4.37769 1.05444e-136 0.167555
1.29601 8.90629e-164 1.044 1.49322e-94 3.97872
1.40977 0.881668 1.37028e-12 2.00936 3.77525
1.46248 1.00504e-163 1.9798 3.12089 2.6969
1.47588 1.13456e-33 4.05117 9.7579e-137 1.27328e-120
1.53387 0.959278 3.91553e-10 4.3227 1.38384e-120
1.68596 1.47231 1.65123e-92 3.64717 1.26372e-120
1.70112 1.06387 2.26763e-131 3.26924 3.00094
1.72905 2.66885e-276 1.27553e-92 2.08946 3.92575
2.00541 3.51013 3.25654 4.65777e-94 2.76747e-28
2.11551 1.4538e-163 2.86381 1.69629 2.67597
2.23125 1.94848 6.41127e-10 3.57974 1.41068
2.88352 4.91952e-79 2.32283 1.76408 2.78291
3.25124 2.03332 2.82887e-92 1.5491e-28 3.00006
3.8988 2.21981e-06 6.0245e-31 2.06524e-87 3.49817
0.00147634 0.0091862 0.025539 1.31961e-92 4.5397
0.00479715 0.270669 4.4396 5.38127e-06 3.01792
0.00547472 0.780577 0.628812 1.27094 3.86981
0.0110844 0.0689699 3.04056 3.67532 3.25069e-272
0.0110893 0.0690008 1.48465 3.55131 3.01186
0.0129647 1.84849 2.87578 4.33464 6.06014e-91
0.0137789 0.0136052 0.299974 5.60878 3.72566e-07
0.0176666 0.243123 4.55936 2.1753 2.69627e-28
0.0238864 0.0235853 0.0282249 5.1558 5.1969e-94
0.0266747 0.0232943 2.61251e-94 8.01478e-139 5.91479
0.0278557 1.58599e-08 1.16413e-18 3.27467 2.93828
0.0485893 2.74155 4.26572 7.96906e-05 1.64555e-74
0.0974721 6.69839e-165 1.82311 1.63814e-94 4.36487
0.100404 1.38173 2.15524 3.24858 2.80724
0.1469 2.0216 4.57713e-25 1.81867e-94 4.84591
0.206105 1.79694e-22 3.19287 1.58582e-14 4.23482
0.22337 0 3.46032 3.71639 1.74629
0.25165 1.56583 4.35324 0.946731 0.170062
0.348146 1.25183 1.04668 1.49706e-94 3.98895
0.373769 0.906738 2.69209 3.46241 0.268357
0.379276 0.237198 1.22791 3.12258 2.8326
0.393528 2.44864 2.04381e-12 2.99701 3.04339
0.442037 1.58943 1.32896 2.68606 2.32114
0.537998 3.06313e-07 3.24914 3.52974 4.86587e-94
0.547973 3.40964 2.54757e-92 0.705664 2.75757
0.59179 1.03583 0.960993 0.729828 4.05678
0.621376 0.542631 2.26445 0.492466 3.56061
0.622555 1.06213e-79 0.968514 1.45983 4.44497
0.644448 1.56339 4.64168 1.11802e-136 1.41883e-41
0.656445 1.149 1.06599 1.52466e-94 4.06251
0.69638 5.35332e-34 5.27811e-76 1.13469 4.93338
0.849577 1.48704 3.86737e-25 8.86603e-18 4.09448
0.864635 0.540741 2.20717e-10 2.43669 3.82354
0.874712 0.547043 1.34668e-28 0.364383 4.05444
0.983724 0.859059 3.58493 1.85235e-90 2.98498
1.16079 2.03177 3.64034 2.06175 5.26213e-91
1.24121 9.54162e-34 3.40703 1.46482e-28 2.83684
1.44178 2.5236 0.0173651 3.68522 2.50215e-28
2.1159 1.60119 1.10892e-16 2.8439 2.6145
2.65154 5.89671e-05 3.58944 2.1261 5.42635e-91
2.78592 2.43286 2.72852e-92 1.49415e-28 2.89363
2.91348 2.47303e-63 2.40099e-12 3.52078 3.114e-272
3.96114 2.47729 3.44654e-92 6.93884e-44 0.278975
4.31487 2.96522e-163 9.74367e-25 2.23376e-17 4.37531e-51
0.000310053 0.00192924 1.61028e-15 0.0294381 4.92749
0.000535172 0.00046735 0.0309263 7.00093e-139 5.16659
0.00102092 7.84819e-37 0.0216883 0.0262381 5.68806
0.00137874 0.196579 3.6769 4.66874 3.16993e-28
0.00161598 0.00101063 1.44462e-78 0.0287148 4.80643
0.00167118 0.0103985 2.27944e-12 0.0251648 4.55621
0.002729 0.0169806 0.000235123 0.0207853 4.50598
0.00286213 0.017809 0.383185 5.7793 3.94675e-272
0.00313032 0.176622 3.30405 4.19531 1.27026e-18
0.00679873 1.0494e-278 0.0132317 0.0242393 4.75002
0.00786756 3.60626 2.90504 4.15503e-94 2.46876e-28
0.00910491 1.40537e-278 0.0249923 0.00543525 4.53432
0.0100914 0.569385 2.72595 3.53095 2.18617
0.0108514 0.612268 2.93125 3.32471 2.17523
0.013245 0.182274 2.99713 3.80723 1.87625e-42
0.0140126 0.0124701 0.290585 5.58549 1.92159
0.0154589 2.20411 1.77557 3.58873 3.78474e-38
0.0157553 0.888962 4.25593 2.07141 1.86356e-42
0.0177066 0.243674 4.00672 0.747949 2.77054
0.0234049 3.33704 2.68823 2.04158 1.83672e-42
0.0253684 0.0221535 2.77555e-14 0.00688212 5.74136
0.0301048 1.6986 2.29979 3.17449 2.89881
0.035256 1.98925 1.6027 3.23932 2.00561
0.0397999 0.247646 0 2.74299 3.98703
0.0420056 2.37008 0.0141628 3.00564 2.59731
0.0514238 0.044907 2.97165 3.59202 1.37687e-120
0.0515043 2.90603 2.34133 1.77813 2.80507
0.0623448 0.109124 2.35067 2.98477 2.57927
0.0686126 0.0429102 3.52244 4.25779 1.58726e-41
0.0763299 1.17818e-277 3.3224 4.01599 1.5826
0.0987753 0.946589 2.61242 6.29244e-137 4.0246
0.106043 8.1519e-35 0.00144973 3.08094 4.46228
0.112086 1.5425 2.40601 3.62656 2.24537
0.112223 1.54439 2.09619 3.30437 2.85545
0.1291 1.77664 2.41142 3.80129 1.10103e-94
0.131616 0.230372 4.35116 2.07685 4.89634e-51
0.140173 0.872196 2.42483 4.20507 3.36198e-272
0.158127 2.1761 2.9536 1.74948 2.75988
0.165825 1.13957e-164 2.71948 3.45453 2.98521
0.171856 0.150077 4.847 1.09817e-136 1.39363e-41
0.173895 2.39309 3.24812 1.92393 2.17458
0.17601 1.53455e-22 2.72665 2.92842 3.59359
0.18521 0.161739 1.81394e-93 3.70449 2.90457
0.189642 2.6098 4.0708 7.6049e-05 5.31227e-91
0.263537 1.6398 4.55888 2.3556e-90 1.47308
0.278216 1.73113 4.81281 2.4868e-90 2.99061e-46
0.278667 1.58661e-07 3.44597 3.70534 5.10795e-94
0.298866 1.85963 2.45856e-28 3.06897 2.81711
0.309242 4.25571 9.63542e-25 2.20894e-17 4.32671e-51
0.355337 7.73766e-33 2.14599 2.33133 4.22026
0.370825 0.649067 0.752722 1.34508 4.09557
0.451515 1.09534 3.25206 0.70725 2.76377
0.510913 3.92757e-34 1.40242 2.43203 4.13046
0.566054 4.93518e-22 3.92629 4.25159 5.86096e-94
0.588135 2.11475 4.9567e-25 2.78314 2.40503
0.669151 4.16364 3.11094e-92 2.04735e-90 1.24536e-120
0.77504 1.35658 0.000260856 0.744352 4.13751
0.869095 0.758956 3.16719 0.688793 2.879
0.88589 1.5506 1.73907 3.16058 2.7312
0.896579 0.560718 0 5.13395e-91 3.91857
0.897672 6.90072e-34 2.46404 1.05939e-28 3.796
0.956684 1.67451 1.55354 3.13996 1.94409
1.20032 0.908337 1.20526 2.06674 3.74129
1.38201 2.41897 2.24421 1.70437 2.68872
1.48488 2.42837 2.15144e-84 3.05066 1.43347
1.57038 2.74869 2.55011 2.10442e-17 1.97618
1.69686 4.11648 3.66929e-12 3.42258e-34 2.59958e-46
1.83607 1.38944 1.84364 1.8416e-71 3.90416
1.90796 4.15468e-32 1.60426 2.67168 3.27854
1.94802 3.18579 2.98993 2.98663e-71 1.64351
2.06333 8.87552e-22 1.52212e-92 3.36201 3.08609
2.16095 3.78238 9.83691e-25 2.25513e-17 2.11772
2.20312 3.7587e-79 1.77473 3.58704 4.6324e-51
2.37451 1.7969 2.38429 3.10644e-85 3.42271
2.40015 1.64941e-163 3.24913 3.62447e-94 2.74085
2.60081 1.96815 2.7424 2.66047e-71 2.86438
2.65054 2.35877 1.91955 2.51862e-71 3.61955
2.66833 2.63469 7.21922e-66 3.05365e-85 3.36454
3.06978 3.03108 3.45423 2.43715e-59 5.57039e-94
3.09158 6.87532e-05 3.01065 2.05593 1.1364e-18
3.17424 2.69437e-63 2.40587e-75 3.83589 3.39271e-272
3.32577 0.976513 2.61991e-84 3.71493 5.12116e-94
3.34766 2.30055e-163 2.69672 2.2254e-17 4.35896e-51
3.52383 2.99111e-63 2.67083e-75 0.720057 2.81381
3.66434 3.11038e-63 3.01977e-12 1.779e-90 3.06632
4.12187 2.83259e-163 9.30785e-25 1.96377 2.43408e-28
0.000396796 0.00246897 0 0.027347 4.58648
0.000522545 8.06564e-280 0.00101698 0.033216 5.55093
0.000711686 0.000621495 0.00259356 0.0301865 5.06271
0.00113892 0.0070867 0.0197021 0.0253396 5.49329
0.00157405 0.00979416 0.210735 6.12882 1.76127e-41
0.00216275 0.991341 1.54224 1.47818e-37 4.38318
0.00615432 0.0038489 0.315951 4.76124 1.40915e-120
0.00703168 1.00257 1.36525e-156 1.27122 3.87068
0.00841006 0.115737 2.17045 4.39415 0.141334
0.013212 0.0231253 3.39345 4.30281 0.157988
0.0151154 2.15514 1.73612 3.50899 3.03228
0.0161866 9.21598e-09 0.0136101 2.48613 3.29072
0.0163553 1.38828e-65 1.20653e-94 0.0266495 5.22231
0.0174081 0.982215 4.70239 4.31034e-94 2.33538
0.018005 0.112032 0.311465 4.99409 3.41052e-272
0.0198503 2.83023 6.39126e-25 3.58864 1.47667e-29
0.0245179 1.38337 1.11456 9.19761e-18 4.24761
0.0266033 0.0166376 6.79106e-12 1.52335e-92 5.24059
0.0286291 0.178138 2.35512e-29 5.24149 1.50628e-41
0.0367598 8.00466e-34 0.0198872 4.9133 1.33009e-102
0.0391758 5.58562 1.26135e-24 0.123556 2.97858e-28
0.0396341 2.23627 3.47954 3.7114e-94 2.01087
0.0593289 5.17263e-23 0.358306 4.10317 2.76888
0.0662275 0.911405 4.3742 7.02246e-05 2.17239
0.075473 0.469614 1.3056 2.26412 3.84529
0.0782727 0.137003 2.95123 3.74732 4.83939e-51
0.0814522 4.59577 6.25915e-156 2.37955e-17 4.66089e-51
0.107641 8.27477e-35 0.295467 4.73758 3.23535e-272
0.115004 1.58265 2.46864 3.72096 4.80535e-51
0.127352 9.79001e-35 5.54323 1.00541e-130 3.23726e-46
0.132034 0.821549 2.28403 2.93758 3.19068
0.132723 1.02029e-34 0.258306 4.37518 2.56006e-46
0.134764 0.101982 3.82234 2.38875e-71 3.43291
0.135713 0.844442 2.34767 3.01943 3.06616
0.143632 1.97663 1.59648 3.22676 2.78838
0.150618 0.134038 2.49326 2.68092 3.28987
0.156368 0.972967 2.70499 3.479 1.37098
0.15868 3.45534e-33 1.19938e-85 1.79272 4.41411
0.173971 0.171778 1.84795e-85 2.76214 3.87881
0.182716 0.138269 3.54965 1.56862e-59 3.19152
0.185667 2.5551 5.78504e-25 3.24825 4.19488e-51
0.190747 1.66304e-22 0.15273 2.7607 3.6683
0.200784 0.198252 4.37117 2.73475e-71 2.94436
0.222656 1.53011e-164 3.65149 0.243295 2.48767
0.288203 1.98056e-164 4.72645 2.25598 2.79628e-28
0.448665 9.76993e-33 2.70963 2.94364 2.7062
0.538506 0.942564 1.05713 0.721898 4.0127
0.568406 2.04382 4.79043e-25 4.28869 0.137942
0.619366 1.05669e-79 2.96477 3.8403 0.141006
0.653139 0.658632 1.44303 2.69581e-05 4.10121
0.656461 5.7234e-22 3.96458 2.50893e-71 2.70122
0.810677 1.76529e-32 4.89593 3.09832e-71 2.88866e-42
0.900075 1.5356e-79 0.725058 1.46547 4.46212
1.04112 1.77623e-79 1.64527e-140 1.32007 4.01942
1.35011 1.146e-63 1.52589e-131 0.27588 5.1063
1.35858 2.37796 6.18442e-25 3.47249 2.14997
1.44905 0.906233 1.29538e-75 4.08367 1.34402
1.45378 2.5446 4.63122e-140 3.71583 2.52293e-28
1.50721 1.03577e-163 1.21414 3.91272 2.32717e-28
1.5137 3.36628e-05 2.04912 2.82849 2.58286
1.63112 1.53265 1.8445e-12 2.70475 2.93778
1.65311 1.2708e-33 0.0225999 1.99787 3.75367
1.71593 1.29852 1.723 2.95453 2.71621
1.72055 3.01153 3.37757 7.60802e-05 0.461726
1.72236 1.73684 0.0146145 3.10149 2.68013
1.76814 3.09483 4.8536e-156 1.69813 2.67887
1.84237 1.81915 1.95701e-84 2.77496 3.40527
2.0117 1.75392e-21 1.83278 2.91672 2.68145
2.03637 4.52865e-05 3.168 1.79424 2.83049
2.03904 1.56748e-33 1.50421e-92 3.32243 3.26205
2.15035 1.34482 3.31062e-28 1.23133e-90 3.67121
2.16445 1.23235e-06 1.81992 3.03085 4.17813e-94
2.23204 1.98633 2.25841e-84 3.20233 4.41453e-94
2.36342 2.00613e-63 1.79132e-75 2.85606 2.90025
2.38413 2.12168 2.68348 1.83881e-59 2.80284
2.53629 1.58619 3.9048e-28 3.61499 0.168744
2.53891 3.91889e-276 1.92433e-75 4.60374e-131 3.67506
2.93867 2.22382 1.54013e-16 1.4197e-30 3.30658
3.0786 5.25234e-79 2.47998 1.88342 2.1288
3.1202 3.14645 6.03411e-156 2.11115 2.3862
3.1363 2.41098e-33 2.37711e-75 3.79004 1.49356
3.1591 2.75876 0 0.857025 0.255615
3.18429 2.83376 3.41306 2.10364e-30 5.50399e-94
3.20954 2.8028 3.51155e-12 0.870709 2.96355e-272
3.44442 1.01135 6.9111e-66 1.38293e-30 3.22094
4.17833 3.54667e-63 3.44335e-12 0.853798 2.906e-272
6.15302e-05 0.000382858 0.0010644 0.0329099 5.49978
8.33395e-05 0.0382004 4.86725 4.36731e-94 4.93559e-51
0.00016481 0.00102549 2.24796e-13 0.0301738 5.04254
0.000341869 0.0021272 1.63297e-78 0.0385109 6.44205
0.00050962 0.0287543 3.66425 1.7458 2.75407
0.000628122 4.82859e-37 0.0273401 1.32769e-92 4.56749
0.000678808 0.000670251 0.0215755 0.243993 4.72054
0.00103058 0.146939 2.7484 5.56423 6.2947e-51
0.00137538 0.196099 3.21605 4.08533 2.52941
0.00170349 0.00148761 1.66839e-95 0.0247327 4.14804
0.00192291 4.18723e-35 0.0297886 3.50919 3.14871
0.00268398 8.22183e-06 1.97999e-95 0.029352 4.92274
0.00297049 0.167604 2.74909 3.49215 2.16214
0.00472298 0.0293877 0 1.44505e-92 4.97124
0.00681976 1.48504e-34 0.0473036 5.61843 1.52097e-102
0.00849486 4.83662e-09 3.55013e-19 0.277095 5.3426
0.00922645 7.0927e-36 0.401598 4.393 0.158643
0.00950395 7.30602e-36 0.413677 4.52513 1.34191e-120
0.0129781 2.00321e-278 0.0252579 1.37865e-92 4.74281
0.0134583 0.0101845 0.381721 4.3168 2.91304
0.0140336 0.0122551 0 0.022515 4.88096
0.0163705 2.33408 5.27086e-25 4.7188 2.8066e-28
0.0189959 2.70841 6.11618e-25 3.43418 2.96762
0.0210423 3.24794e-278 4.5542e-12 0.0254284 5.51254
0.0214917 3.06425 4.17276e-156 3.4022 2.22593
0.0220151 0.000928723 0.0119208 2.94514 3.89827
0.0239504 3.41482 2.75088 3.93454e-94 2.13177
0.0250199 0.15568 3.41264e-11 4.58069 1.39154
0.0280995 1.58546 2.4669 3.71834 4.80196e-51
0.0283386 0.0279813 3.01018e-86 4.68176 1.60855
0.0299087 0.1861 1.42862e-76 2.83969 4.11948
0.0330174 0.205443 4.42039 0.904261 0.269704
0.0343904 4.90333 6.67714e-156 2.33613 2.89562e-28
0.0366024 0.0276987 8.83693e-68 5.39612 5.43913e-94
0.0381607 0.0333247 0.139067 4.29977 1.3062
0.0514939 0.320409 2.45966e-76 4.88909 2.86077e-46
0.0674724 0.0421971 3.4639 4.18703 1.65
0.080106 6.79959e-65 0.219885 3.52568 2.95679
0.0906019 6.96489e-35 0.176329 2.98667 4.3327
0.102485 0.0640939 2.56788 4.18876 0.293468
0.106434 1.64285e-277 4.63275 1.04874e-136 1.40689
0.115434 7.93278e-165 2.15908 4.37114 0.140594
0.120174 1.85493e-277 5.2308 1.06914 0.318881
0.126865 0.222056 4.19409 3.77016e-94 2.04271
0.129517 0.0980112 2.51615 4.09146 1.65117
0.135554 0.118375 3.82315 1.54614e-28 2.99433
0.167278 1.04085 2.0517 3.75854 1.33887
0.169796 3.6974e-33 3.84029 4.11992 3.73755e-07
0.172689 7.42829e-23 1.27393e-93 5.01677 1.4824e-120
0.182632 0.162528 3.02321 1.89365e-71 4.01452
0.185399 1.42523e-34 1.4052e-76 2.79315 4.05196
0.188592 0.142716 4.55319e-67 1.47659e-72 4.55787
0.189602 0.14348 9.93686e-18 4.56086 4.60329e-94
0.197386 2.71638 3.68691 2.18383 1.15473e-94
0.212471 4.62667e-33 0.114947 4.63373 3.11896
0.229448 4.99636e-33 5.18945 3.24312e-71 3.02366e-42
0.235983 3.64247e-277 5.01317 2.43654e-90 3.41981e-272
0.256469 3.52946 0.0211432 1.68599 2.65973
0.272825 1.69759 4.71956 1.13678e-136 0.18064
0.277268 6.03766e-33 4.28439e-32 1.46872e-88 5.34342
0.291205 0.220368 2.76028e-85 4.1258 2.78415
0.323389 0.784519 2.32923 1.00143e-28 3.58832
0.33515 0.253623 2.53831 2.75753 2.5351
0.339367 2.95879e-22 4.19659 2.62863e-71 2.8301
0.411401 3.49207e-64 0 4.49905 3.5345
0.483356 0.846033 1.51584 2.83184e-05 4.30815
0.500466 0.87598 1.5695 1.31003e-75 4.46065
0.568284 3.53602 2.71446e-75 8.10524e-137 2.99692
0.572539 0.358064 1.85361 3.21447 2.56999e-272
0.596593 1.04423 1.17116 2.63804e-05 4.01333
0.597852 3.72 4.9181e-28 8.52696e-137 2.94767
0.749745 0.704482 2.00223 2.7203 2.95468
0.787225 1.90975 4.02016 1.0229e-136 1.37223
0.803208 1.37034e-79 0.000134105 1.6238 4.33111
0.847567 6.51554e-34 2.32651 2.99221 2.6465e-272
0.912334 7.01343e-34 1.77558 3.25272 2.98578
0.930496 6.39447e-164 0.749564 1.3266 4.26839
0.995108 1.74177 3.12074 1.76747 2.78826
1.0615 1.85798 3.32895 3.55078e-94 1.92385
1.25646 2.19921 3.94034 3.28893e-75 1.81253e-42
1.26073 0.788456 4.08164 0.887663 0.159452
1.39264 9.57039e-164 2.16654 3.26561 2.82196
1.40048 0.875859 3.21475 1.75471e-90 2.82762
1.53357 2.68425 2.49032 3.56187e-94 2.69351
1.82174 3.96694e-32 4.02245e-21 1.13738e-71 4.46809
1.89877 1.65814 0 4.57102e-131 3.64894
1.99602 1.37169e-163 2.71802e-156 4.03524 3.05461
2.01154 1.98619 1.52935 3.44473 4.74868e-94
2.02776 3.54925 0.0244227 1.94751 1.75208e-42
2.0509 1.4094e-163 1.65211 3.3392 2.06745
2.15169 2.02179 2.43317e-12 3.56797 3.15574e-272
2.19617 2.16848 2.47122 2.09436e-87 2.65768
2.24365 3.92713 1.02134e-24 4.05817e-94 2.41121e-28
2.24636 1.96168 3.8929e-28 3.60398 0.168231
2.33185 2.30245 2.62388 2.62098e-71 1.4423
2.33716 1.98384e-63 1.92605e-12 0.477575 3.45294
2.34472 5.10576e-32 1.87741 3.2193 1.51271
2.37511 2.07075e-21 1.90174 3.26102 2.136e-09
2.43239 1.67157e-163 3.78409 4.03625e-94 1.02306e-94
2.54516 3.92853e-276 1.92906e-75 4.1471 1.39749e-41
2.72183 1.70223 2.43319e-75 0.655989 2.56345
2.83725 0.833073 2.48633 1.48832e-30 3.4664
3.02726 6.59202e-32 1.63776 2.14888e-71 2.31358
3.03815 2.65313 4.40106e-88 3.031 1.53181
3.07059 3.71059e-185 2.9902 6.73546e-05 2.08361
3.1562 3.18274 1.01219e-24 2.13551 2.64695e-28
3.32995 2.90795 3.35079e-75 2.14633e-90 3.01248e-272
3.43222 2.59731 8.28641e-66 2.68726e-71 2.89323
3.49398 1.98932e-06 2.64093e-84 3.74474 1.75961
3.52658 2.00788e-06 2.66557e-84 3.77967 5.21041e-94
3.55608 2.22396 3.45647e-12 1.69434e-28 2.85801e-272
