27 3.04943
23386.1 3973.04 4075.33 2409.66 1398.69 829.882 2780.98 1645.78
5015.38 22845.4 4018.33 2375.96 2185.91 820.335 3438.7 1632.8
3059.69 2531.49 1271.56 24248.7 402.321 743.675 1686.04 770.327
2974.54 2549.55 23837.8 3803.45 1090.3 733.849 648.921 5537.15
108.857 263.187 327.624 11487.4 664.712 7617.53 15111.8 19.5346
84.2776 94.3586 40.5101 772.529 25224.9 762.691 270.399 2030.76
68.9489 58.3457 15.5175 9.1752 78.0769 91.6012 25413.6 1713.99
2.2296 11.6542 5.91428 2.08736 0.168885 24557 3760.06 3774.54
0.329066 0.0758066 0.566113 0.00135178 0.0107786 0.343761 0.00908122 20431.4
0.132144 0.14795 0.0635182 0.1632 0.0443947 0.641502 0.629976 25781.9
0.00160593 0.00179802 0.0389912 8.01122e-05 0.031704 7.31803e-05 0.808886 22269.2
0.000516297 0.00039073 2.25977e-05 6.99735e-06 0.0723417 132.36 22384.3 1271.76
3.22525e-05 1.73999e-05 1.279e-06 0.000724373 7.84373e-05 1.33473 225.725 23468.3
2.45819e-05 1.32617e-05 1.89188e-05 0.000666418 8.39661e-06 1.22092 206.478 21467.2
8.31762e-06 8.02031e-07 5.0845e-05 0.00101789 0.113796 208.207 37.2796 21990.8
3.04397e-06 1.94866e-05 3.41536e-06 0.000395413 0.000621318 1.34793 227.957 23700.3
22538.8 3829.09 3927.68 2322.36 2994 1933.99 1873.19 4058.22
67.4817 57.1314 15.3111 196.395 24108.6 722.76 3693.21 53.0456
153.845 116.428 36.8751 97.0491 24462.5 788.656 648.543 1391.08
952.606 1066.55 23128.8 47.521 378.914 5562.75 291.113 2847.13
5511.03 22541.7 5094.52 2378.58 5842.12 841.935 3529.25 404.247
4210.65 22009.3 4282.87 3591.91 290.617 692.402 3538.08 3551.71
89.9662 39.4511 73.3639 713.004 23281.3 6293.93 294.698 4118.51
1171.26 269.822 2.31165 316.416 20.3231 298.36 20552.8 3514.78
51.3397 8.72204 111.971 23.0298 34.2787 4.45982 21846.7 6649.65
2293.9 15088.9 11398 1819.25 4903.88 4741.3 7885.07 10214.9
5921.02 1364.02 6446.1 17294.6 4111.77 1126.48 8962.32 5678.58
3730.82 6298.05 10890.3 16628 3553.73 6118.54 6678.17 1874.69
2692.58 4923.93 21797.3 5663.08 2171.54 85.8214 4540.16 51.6275
12509.8 10722.5 466.026 7038.55 15954.4 88.3402 1513.5 105.975
435.273 2786.49 17160.6 2738.06 5038.7 15963.9 4349.75 53.6504
4907.5 473.209 19149.2 213.565 5659.75 8779.44 1410.61 48.7134
8512.68 14123.3 5280.2 13566.6 1996.66 5301.44 8816.62 1959.64
0.0278811 0.00642293 0.0213673 0.0452511 0.000774637 0.00174222 0.927276 25528.6
108.465 95.6771 24.8482 14.6922 8.52811 5.05997 24786.5 1671.7
9490.51 6565.24 4813.43 6177.71 4851.29 3619.48 9843.53 13571.2
14786.3 7524.66 3127.12 1690.25 6658.96 8125.67 5401.32 14212.7
0.0182072 0.00982262 0.0323492 0.0263968 0.0133364 88.6753 14996.5 19964.8
6223.48 9079.86 384.188 18395.6 269.805 1626.97 4905.21 2323.61
12780.7 10485.3 6895.37 4506.63 5286.29 7527.52 10180.5 1048.4
20344 10374 3649.78 4312.89 2387.92 6987.58 1775.36 1667.21
1853.61 5091.02 4046.21 2793.73 3288.73 19178.9 222.637 7033.68
1997.13 8168.85 22419.7 2397.27 2205.52 21.6412 3467.51 1646.48
92.105 15.6476 36.9524 10.0584 85.5922 4.53368 24375 1643.94
361.801 993.699 338.614 2.27711 18.1568 582.065 20158.7 8867.53
19053.5 4389.33 4963.84 4918.74 9333.26 5464.08 5629.52 2876.12
3561.68 1921.49 1688 2278.08 220.301 19380.6 1261.61 10968.2
8.08147 0.77926 3.38648 2.21331 8.07484 22219.2 3402.11 5080.4
7859.7 757.876 6090.35 2508.98 16136.9 7497.36 3146.69 2190.21
2523.83 9785.61 6845.08 6030.58 606.974 17304 3372.53 3385.51
562.013 4582.93 13760 2778.65 6642.48 2611.74 3946.17 15561.3
17.9729 15.2162 28.0495 80.1568 78.4487 78.7588 23990.5 3645.04
635.445 711.455 712.398 2.44152 535.16 13.8795 20987.5 7114.2
5791.32 4900.71 15749.9 3260.27 6979.2 1244.34 7374.73 6244.39
8683.75 4684.8 344.362 16772 5570.23 8640.58 8737.18 1345.42
3450.8 3863.58 1003.27 6686.42 130.597 20367.1 1511.94 6340.94
8634.96 15790.8 3116.58 4595.6 839.713 1430.49 2895.04 9506.75
4301.3 4600.5 4703.49 16.1197 22744.1 5775.9 302.267 2956.22
2143.16 5886.26 4678.24 746.699 712.903 18855.1 1399.7 2446.94
3949.87 16156.1 6035.54 9554.36 5904.73 4446.78 2457.5 2493.99
7572.71 3320.71 14176.6 1115.23 6894.94 6320.88 5658.69 11770.1
13082.4 14647.3 4985.79 41.5515 3399.41 10712.9 6712.4 2881.41
5004.06 19402.2 2968.78 5096.39 262.833 626.206 3199.83 2227.2
557.216 933.155 3238.98 6670.1 3368.6 19644.6 260.081 9349.44
868.364 2384.99 7564.02 2100.38 1745.82 20162.5 266.937 7976.39
2881.36 13124.8 2532.74 1368.98 1764.9 7917.39 17013.1 1573.16
7471.05 5109.42 18790.3 11262.6 2693.32 817.084 2738.09 1620.4
237.639 1563.15 2710.77 2458.81 11535.3 15835 5791.77 5964.44
482.187 729.708 151.457 17534.9 15629.1 1783.51 4220.86 105.558
10761.7 19679.9 3884.17 3584.03 1027.4 234.751 9157.17 1410.09
4072.7 3446.39 7832.53 11346.8 12532.3 12821.4 1092.56 636.236
5.91971 3.19362 0.234751 132.953 14.3966 4.01407 22654.9 8335.4
38.6409 2971.64 951.594 18146.9 8276.69 7154.25 8313.33 5304.77
16610.3 6052.86 6992.51 1903.34 5213.82 8829.07 11291.8 4193.73
12031.3 10185.9 12158.8 5008.96 915.243 616.026 4004.03 4733.81
1978.11 13011.7 2548.93 16987.7 2801.59 5237.44 2998.8 8262.27
12704.8 18930.9 4357.49 250.695 1034.91 85.5451 4525.55 289.206
12190.5 6203.69 7529.25 1563.16 4281.97 9294.68 1348.9 16649.8
2551.74 7008.44 5681.12 6476.76 5122.15 16209.6 5928.81 9987.95
10055.2 8618.55 462.204 2086.34 598.07 17050.1 8615.09 5277.51
13168.3 5774.43 2784.74 3855.6 13190.6 3237.52 12021.2 1900.42
8731.78 2498.65 1572.75 15394 2875.57 1378.76 1149.46 13682.2
0.426068 0.477032 0.2048 0.00137724 0.0109816 0.020299 0.60881 24915.7
7007.85 11735.9 2647.28 4033.14 11763.8 9734.15 257.149 9244.04
0.0202396 0.00529595 0.0307138 0.00372052 0.00215958 0.29478 49.8258 24443.1
7321.05 3949.63 1440.49 6045.75 6459.22 8163.1 9519.66 13298.1
1.90898 9.97833 7.83591 2.02002 0.579058 23786.5 630.268 5377.99
0.600638 0.138368 0.399726 0.193396 0.341467 0.0251706 0.266094 24035.2
54.7143 27.8439 90.1281 58.8874 7.16629 28.4994 21357.8 1440.45
2446.87 235.94 9547.75 4871.12 17257.4 2901.06 3700.61 7725.14
22035.8 2124.81 772.633 239.245 2072.65 666.998 4335.33 49.2983
917.638 211.395 182.374 23855.2 390.383 721.607 255.833 2853.55
5141.19 8678.91 5137.04 8869.44 1131.17 2325.37 156.482 16479.7
12146.4 13664.3 5854.02 1304.47 8648.8 3400.6 5138.09 3751.07
11633.7 2680.03 8915.73 1012.5 3160.23 162.315 2392.2 17427
10350 4538.58 2188.75 14587.2 2405.7 4497.35 7479.36 12317.7
6622.16 7414.28 5062.52 8740.77 1114.77 2291.64 5589.14 17420.1
6995.05 674.501 245.265 4833.92 13390.9 3892.15 10585.1 10658.7
9779.01 6037.74 9081.15 10118.5 7148.39 8871.37 258.157 6301.68
7645.33 2000.49 19424 2099.43 2296.18 4866.84 1022.64 1468.57
977.115 3996.69 10112.7 8829.13 1425.24 483.387 2208.95 16972.7
2928.79 15308.9 6501.28 4249.07 15501.9 85.8347 3569.85 4109.25
4764.61 4031.89 15341.1 8943.64 4605.47 14700.9 2790.11 1651.19
2057.53 16778.1 3273.76 4532.68 1400.47 4286.66 7128.97 9235.43
10.2926 0.992466 1.7906 1.65224 6.37922 22671.5 600.722 5125.88
5341.28 515.036 7038.3 19370.6 6095.31 8679.54 630.401 1352.16
0.0862575 0.552195 0.233118 11.9625 0.534011 21936.1 4272.35 8222.44
236.2 18164.7 4611.9 7743.36 9115.37 7879.2 582.196 2818.39
12317.4 8423.82 2563.69 8176.19 6753.26 12228.9 1595.9 1498.68
1391.86 3822.81 1032.83 8194.68 150.55 2210.19 115.665 19193.6
18063.1 7920.82 3819.84 5288.75 339.692 627.908 12089.6 2872.28
6411.47 1089.24 13501.1 1500.31 12767 9502.59 6888.01 2998.24
4950.1 5542.21 2379.39 530.208 1312.08 2345.61 3725.57 18381.9
15431.3 6766.77 1305.56 1148.41 14166 2073.56 54.3072 3227.17
9400.43 17190.6 3744.76 3140.61 5779.51 5148.52 1364.05 3292.25
6179.07 1616.83 3515.81 5896.1 15396.9 10301.6 6861.83 6069.49
3626.74 6147.06 11160.3 6545.14 13679.9 603.648 4143.21 7567.07
3132.85 20607.3 6674.25 5761.74 10173.1 263.842 265.754 1995.88
4163.99 21765.4 773.407 3491.08 2427.49 676.835 3458.54 3471.85
1151.09 508.983 1871.43 761.306 535.58 18448.3 9093.35 473.281
2842.67 2406.66 5824.12 15130.6 741.65 4081.64 454.278 12851
8372.27 4260.61 1613.9 5147.1 3175.99 6450.74 13861.5 13065
7928.21 5484.5 1669.39 16340 849.097 70.186 12343.3 100.105
11169.6 4736.08 2349.64 15659.6 8966.66 3525.58 8598.65 741.816
2223.98 14237.2 2495.32 10472.9 5148.2 4586.13 7646.82 3148.97
5679.39 6358.74 1643.09 829.243 142.621 20856.5 242.112 3858.89
6595.3 5581.05 21235.6 4275.54 6848.24 1583.18 1934.65 2825.91
899.393 327.743 378.622 23348.8 1351.42 1524.86 1863.39 2721.82
13725.1 6018.57 2902.47 31.3044 12388.5 3169.14 11767.3 2762.82
5078.46 2584.4 12252.2 7296.73 4190.57 3654.37 2343.52 14626.3
3177.45 2404.67 3073.49 54.352 224.374 21447.6 583.76 3839.66
11839.3 10018.6 2664.53 12370 5868.59 11919.7 3758.05 941.525
14865.9 1433.45 2586.23 7488.72 1581.78 7247.61 4840.76 2010.66
17646.2 4065.14 4597.21 1269.55 306.197 3019.03 7363.2 8934.03
11538 2657.99 2293.09 4982.58 3344.09 17477.3 269.515 9688.57
11369 1931.46 4184.78 1228.19 10451.4 1052.78 17268.2 5815.83
6212.69 2576.82 13963.1 12533.7 7822.61 733.397 11157 1629.14
2658.38 1434.17 105.42 6614.94 16538 2561.27 9157.21 5263.91
6978.18 4772.35 1351.15 857.121 2526.59 307.142 18718.7 5099.15
4562.36 3156.1 3757.62 3481.09 336.638 1852.67 5038.53 19367.9
4731.8 21553.6 3791.12 2241.61 2451.69 20.2708 2596.48 743.243
1681.37 1891.48 2953.64 1023.94 1807.91 10543.2 17814.5 2528.08
2321.42 9495.28 3866.29 1867.7 17531.4 1337 1633.83 5068.85
5376.98 20848.1 751.425 232.678 6166.27 82.5032 724.97 1722.92
1350.59 7059.6 11239.2 9171.1 14411.2 79.7955 5683.02 3090.13
14208.3 12029 3558.12 2984.08 1795.16 577.699 3754.91 7226.6
5853.75 4953.54 11257.8 1363.72 5372.54 8403.59 6524.72 16090.2
1289.36 8481.21 1661.43 2300.33 147.748 21606.4 250.817 1883.7
4371.53 19912.6 7398.13 2171.28 2799.23 5044.87 3526.89 5605.88
4912.14 5499.71 5507 7211 5255.48 6718.61 13112 11637.8
1438.45 1217.82 11468.1 8322.75 637.303 428.952 379.31 19064.2
17802.4 7806.51 4934.95 4890.12 337.543 7316.5 2927.08 4417.57
241.458 409.254 82.2846 11624.5 10771.4 12659.6 4172.79 4681.63
15233.2 10417.9 6697.06 1965.52 4827.6 4663.22 1655.36 11129.8
6002.03 5079.02 16323 3378.89 7233.13 1289.61 7643.05 5222.95
7722.68 2020.73 16572.2 14875.8 2688.05 21.322 3416.38 1622.2
138.22 74.5681 65.5072 1.83786 19000.6 12683.9 4090.58 50.4537
15692.5 4490.49 2826.49 8606.19 5342.79 582.085 7711.15 255.335
1049.72 6904.86 10390.5 3052.66 2726.84 4667.84 344.908 15764.9
16743.7 11451 4453.31 3873.1 1283.09 724.92 247.278 5878.31
7234.14 1666.52 11044.2 7566.41 6880.88 8751.34 5660.11 8673.69
7438.97 20431.4 4211.07 5830.43 374.484 5497.72 878.602 1895.81
3384.68 3807.65 15182.3 4215.83 7443.61 2926.74 10867.2 9378.37
12411.9 6316.37 2624.98 7652.85 9586.63 4302.95 10014.4 5326.15
9734.7 10899.1 3709.96 30.9187 1951.92 2450.72 4604.9 18126.9
6474.26 5481.24 1468.96 4472.75 15225 12051.1 575.142 265.272
8054.09 7121.06 15994 3689.41 320.838 5804.61 7943.17 2622.06
16004.7 5832.2 2926.51 13977.5 2525.74 1457.18 1780.68 1516.75
2007.44 16369.7 12316.7 42.2116 4355.68 11027.4 290.137 2837.58
2678.36 10955.3 1937.56 14424.4 10959.2 4919.03 3154.53 5455.68
273.163 231.155 742.888 18703 7347.27 9679.46 6040.88 1559.44
9998.66 8329.68 2178.05 12982.3 11115.3 647.271 4618.8 5786.4
7797.7 4206.78 6001.29 5559.64 10734.9 1225 10483.3 10556.3
3294.81 3706.54 14779.2 6440.52 7581.69 5880.56 4666.15 6752.3
5023.39 4305.68 4481.38 2010.55 12931.1 3758.51 10221.6 10292.8
21090.7 3583.07 4696.56 2192.77 2501.13 758.778 3467.41 1513.15
3696.29 6759.41 5218.25 20365.1 998.23 1700.54 3441.55 3961.57
2028.98 13346.3 2614.48 3619.87 232.502 12468.8 8520.64 9107.33
7817.18 8752.24 2272.72 9365.36 6825.61 3996 15511.6 7816.23
2.28991 8.87862 6.21064 0.0754978 3.1697 21075.8 1329.35 45.907
8414.25 12537.8 6298.11 5522.68 2141.35 11614.7 5485.24 1228.73
6878.41 1168.56 14484.3 1609.57 6341.13 13167.9 8392.7 1574.62
2791.84 1224.25 1552.44 900.591 2870.92 10892.7 18405.1 682.61
6808.73 2985.7 8676.93 5256.79 10518.5 3935.42 15276.5 4548.38
762.747 2094.91 6644.03 2895.36 123.988 18131.7 733.063 6653.88
5391.88 2743.9 1140.32 616.356 10159.8 3515.25 13224.3 12464.4
2445.87 1563.79 1148.25 3737.84 20858.1 6250.14 3201.61 1520.22
3609.16 14762.5 2864.47 12506.5 1150.05 4573.61 10644.3 5661.18
2040.95 16642.9 12522.3 5509.24 8841.2 8136.39 265.084 1990.84
853.256 3490.06 8830.81 954.476 15733.3 5443.64 2756.25 10330.6
13595.6 1310.96 5697.12 10173.5 800.662 15671.5 4270.11 106.789
15146.6 16958.4 1761.78 46.7682 372.911 689.311 8857.24 2923.8
50.6836 8.61057 106.728 11.8601 13.528 90.9021 25219.6 1700.91
1938.86 2934.13 21399.1 3414.33 978.75 1667.35 3374.39 1266.67
1981.75 8105.93 17323.7 1925.1 2195.82 4465 10391.6 1517.37
8201.05 6939.87 3898.62 13683.7 2025.82 11870.4 7329.26 1532.88
16316.1 13985 750 5410.06 2397.85 82.1065 1406.7 3395.19
1733.07 1198.88 8184.9 17810.8 878.936 2797.67 3568.72 7449.82
2470.13 6784.29 559.424 492.086 1535.9 17738.1 6140 6828.55
14589.9 9977.96 8266.81 1953.58 5749.64 4336.25 7116.93 2552.51
2458.58 2173.77 1050.81 20039 9139.65 7344.43 1154.85 1890
3333.18 566.269 4963.5 601.254 17693.2 14182.2 3670.55 1601.8
5645.61 9530.43 2145.3 14297.7 2357.96 4408.08 7330.91 12073.3
6967.56 3758.93 12379.4 4257.86 13618.7 5020.61 5529.44 4927.46
4589.84 3885.85 2508.42 14261.2 9753.25 553.554 11960.9 3343.71
2424.79 6659.79 5398.5 6980.57 5087.54 16100.1 4887.89 9178.88
0.000459496 0.000516917 0.000221456 0.0180613 0.00812506 0.0473828 0.825743 22733.3
6502.65 11891.4 5653.16 3694.76 9419.44 65.6547 11546.4 2391.55
2350.81 6456.6 1744.41 677.059 3201.07 18667.7 247.147 6846.32
10848.9 9180.53 5621.29 2850.25 13179.1 1327.54 7867.84 5376.56
6308.35 2298.79 2436.48 715.083 21042.9 19.911 2550.4 730.05
2757.59 6708.35 15057.4 9025.16 5577.67 4200.48 2321.38 2355.86
4052.84 11131.3 3793.11 1187.95 5616.53 7180.17 14012.8 4451.78
6763.89 8030.83 4910.71 12746.3 5059.19 10260.9 7045.36 597.523
10406.7 5614.33 4932.12 138.375 1385.63 3158.96 2584.31 17996.5
4495.74 5323.91 1529.79 5769.4 530.532 17969.9 10510.6 5590.02
1090.31 5699.1 4489.24 16056.5 15714.4 708.509 3620.39 3634.32
265.158 296.875 77.0903 317.672 23071.4 5538.99 585.754 2835.62
8949.85 17086.1 9021.07 2131.82 6274.23 1834.97 2566.76 872.071
4575.6 3545.1 8306.16 7932.31 10437.8 13220 6337.38 2642.15
3044.96 20029.2 688.666 6942.96 3594.88 6189.38 3018.91 2722.38
5738.51 6424.92 6433.44 2830.43 4997.51 2925.75 19541 2773.09
7161.87 17476.8 3018.63 1914.92 4703.31 1183.87 6551.81 3581.64
1636.76 6694.82 14307.9 1589.97 13530 10070.5 1844.4 378.974
2916.47 4413.58 20546.9 3340.47 957.579 9176.75 3579.27 1343.57
2758.47 1908.23 20409.2 3256.39 5992.56 2018.75 4676.68 5055.09
8995.45 16450 3583.43 10833.5 276.186 5380.37 1425.47 3440.51
396.709 164.541 891.606 22447.2 2059.27 5179.87 2655.53 1571.54
102.146 17.3535 40.981 11.1549 10.2627 85.3062 23667.1 1596.2
2398.96 2685.92 1153.12 21990 1755.08 676.398 239.805 8172.21
3613.03 6099.2 1799.7 698.518 21258.6 679.745 555.399 1810.35
274.853 1807.93 585.549 11166.4 185.267 2719.87 18166 7876.4
7235.01 4948 18196.7 3766.75 8063.41 6522.38 2640.05 1562.38
10316.7 11550.7 1199.99 12170.7 322.675 3181.5 11813.2 2773.6
2348.65 5678.38 12757 2640.73 5652.95 11738.8 1542.68 13626.9
1277.56 3508.88 5555.44 13068.6 380.83 2724.41 4770.51 14746.6
2273.96 2558.13 10200.1 8429.84 6143.79 2415.66 13751.8 8992.4
1704.86 621.26 290.004 183.969 16837 580.144 4587.06 13845.8
1947.48 7965.74 20155.5 4058.08 1279.92 19.8559 5447.51 744.796
4842.15 5421.35 5536.72 6312.13 9012.86 12540.5 5510.56 8694.72
16382.2 13862.9 7787.8 2285.64 2607.06 1504.1 1838.02 5702.34
2112.59 2376.59 9476.22 7831.6 5707.78 3341.58 12971.3 8482.01
10528.7 3012.84 1896.4 18562 3467.33 1662.5 3934.48 8213.34
9558.48 4864.27 5903.63 9623.42 4249.34 7768.77 2054.87 15984
1841.54 1273.92 2036.83 5142.3 5311.74 16661.9 9273.08 7606.57
3080.91 2549.05 2986.28 3910.31 18344.9 586.58 479.277 11575.4
913.331 464.79 176.061 23584.8 1365.07 21.1769 276.117 1594.93
9361.81 7745.67 5352.77 10371.5 7061.93 7051.68 8224.81 7185.64
548.909 3610.63 927.169 17094.9 4001.31 9363.18 247.349 7391.08
11312.7 12665.9 4311.37 35.9308 3707.59 6346.71 6067.63 11886.1
10926.5 1053.59 8466.73 5919.82 13418.5 7907.45 3318.8 96.6513
20814.3 9127.28 43.7113 5983.14 384.292 710.349 287.223 4014.04
18244.9 3099.61 3179.41 1879.92 1091.2 14340.4 2721.7 1610.7
7624.79 3343.54 6723.15 4421.17 10084.5 2764.56 167.082 17596.1
2862.3 1456.61 4714.92 4613.5 21507.7 1359.45 265.82 1535.46
4223.36 4728.54 491.242 607.322 104.453 15274.9 1133.92 18716.7
1654.4 4543.87 936.527 3859.21 18105.2 6788.57 12009.5 2819.69
17924.9 12258.8 7880.45 4104.62 1425.05 21.0511 3372.97 919.483
5700.36 4823.74 15502.5 1722.72 14659.6 6699.46 2711.72 2751.99
6438.57 1483.25 7711.28 12868.1 3468.7 4021.61 210.461 15887.4
1512.73 6890.56 14645.6 1627.5 1497.32 14.6921 17490.8 782.294
15134.5 12807 3168.66 10842 2091.26 784.815 3586.38 7063.24
4256.25 3601.71 14864.8 12839 12153 21.279 3409.47 390.528
1727.66 1461.97 1245.8 258.644 333.446 20626.4 3252.38 342.377
11109.7 18754.4 4221.62 45.5318 4698.29 7476.83 291.849 8720.78
20015.9 1930.04 8387.49 9303.9 2216.59 713.319 4636.41 52.722
6150.32 1609.31 15625.7 16195.1 2547.88 5400.32 3463.18 1644.42
5252.84 1374.47 13345.5 2686.97 5751.94 8997.03 6985.48 13359.1
19289.9 5047.43 4377.44 3627.12 1198.9 1352.77 1653.09 1408.07
6050.57 8827.58 373.513 7361.54 3719.25 11783.5 11610.1 3092.79
208.41 233.34 233.649 9711.47 158.925 23240.9 269.791 786.453
3986.53 3373.47 7666.81 11106.7 1468.9 3086.32 15852.6 6615.46
2570.1 2272.37 1098.47 20947.9 9554.21 5593.43 1641.31 1931.99
7083.45 10334.5 8486.44 10402.8 11422.9 1640.89 574.677 1667.17
145.829 78.6735 643.573 13128 20628.2 90.0528 648.127 107.853
19736.3 10647.5 782.659 3532.84 2456.53 1733.56 607.133 101.031
1904.35 7789.37 19709.2 3968.22 2459.43 19.5086 3125.81 11715.8
8815.43 7232.21 8794.79 7114.73 5587.12 11351.9 10261 1233.65
2696.62 11030 2140.22 9082.83 4315.85 997.741 16365.4 3848.95
0.0554308 0.226728 0.0400994 0.02371 0.0137625 0.000213503 39.9765 19611.3
1862.22 1004.65 12874.8 2054.24 3780.31 12376.9 11972.5 97.0976
12981 10984.7 3205.19 1732.44 1976.07 13278.3 11440.6 1670.55
2048.68 2293.74 984.75 18779.2 4883.25 583.323 4717.38 8884.71
11960.8 5244.94 2529.39 27.2805 5979.63 12788.1 7529.03 9753.7
2722.49 2252.5 1799.45 23059.7 1840.45 3783.43 1628.12 1916.47
13820.2 3183.74 2746.66 29.6239 6493.29 8301.02 666.96 15148
4461.15 8158.12 1777.14 20718.7 1015.56 1730.06 3501.31 101.966
4754.65 3933.85 1975.96 5076.91 134.601 248.804 12839.3 17203.4
591.587 259.417 206.837 3944.39 11580.3 370.282 19108.1 8284.88
8232.64 9749.19 2405.11 7011.87 8783.68 9813.59 10300.2 2911.06
2578.35 21025.1 4102.45 2060.65 4954.28 671.917 2972.48 2680.52
201.851 170.809 649.92 15914.8 6251.94 12982.7 1706.14 6558.65
6139 2692.01 1298.23 463.97 3076.17 17939.3 6209.63 6905.99
5553.02 2825.91 13397.1 11948.7 11310.2 5076.58 6140.77 1585.23
9888.01 8367.4 7130.17 1480.31 8844.83 1422.91 11620 11117.2
6022.05 6623.93 1965.35 10973.7 1557.79 4196.8 15973 1476.98
15501.6 3571.09 5093.6 6900.84 7575.17 6455.95 3233.05 9789.53
7991.69 7065.89 5432.43 3151.42 5188.63 2163.68 5048.27 16355.8
10072.6 11277.4 3838.72 12223.1 4193.72 10617.3 6625.69 1915.07
686.219 158.083 136.381 17839.1 14489.2 6213.03 888.376 744.03
8069.41 6831.72 4410.07 5660.02 2047.83 16431.6 3744.96 4802.42
6919.15 5000.72 3376.69 919.125 560.373 8.27794 19283.7 828.001
4198.51 713.28 10467.3 6102.28 10886.9 1096.65 17987.8 1663.29
16137.3 7076.37 3412.6 1219.62 8086.2 4734 7872.93 679.207
3908.16 15985.5 3612.8 3142.09 1947.41 13085.8 8340.35 377.471
19856.8 10105 3689.14 2260.96 1312.38 5219.16 2675.68 1583.46
2709.35 11082 4512.39 2287.99 10579.3 7874.28 9455.16 6230.91
2172.54 5301.54 2266.16 616.844 18152 5596.48 7696.24 6516.63
10247.3 8783.26 9141.66 8468.91 818.984 7848.55 12944.6 2681.16
8345.35 5773.06 6873.35 132.373 7624.42 18328.6 4543.9 51.6699
10762.7 12107.6 5187.1 13327.4 353.342 3483.86 5263.89 2689.32
1001.26 1126.38 4491.23 3711.77 2705.19 8560.9 16848.7 8788.51
10485.8 8987.62 9354.36 8665.96 838.039 564.062 498.783 14110
11421.4 2631.13 8753.06 29.9984 12740.7 10167.3 234.556 2616.22
13301.8 11401.3 611.439 12050.8 2300.51 5244.72 1389.54 3845.72
4093.6 11243.2 9113.88 1436.49 6791.61 5870.57 5091.43 15489.8
4314.84 1129.03 9259.26 1028.94 16960.7 1293.48 10363 5511.55
19399.6 5076.15 3445.08 2037.01 1182.38 4702.19 10943.6 772.933
0.571256 0.308187 0.0226537 12.8301 0.161654 23505.6 622.825 51.1159
6380.12 4828.42 1529.25 13838.5 14866.9 705.48 8691.27 103.831
7154.11 8009.85 2079.94 2879.78 5084.64 374.804 19341.4 2744.77
1117.03 257.33 18539.7 38.0921 3930.6 4557.14 7578.8 9818.18
0.028384 0.00653879 0.471096 0.598113 0.0124585 0.023029 0.0522109 20997.1
21437.9 5609.5 4176.78 2257.6 2575.08 1485.64 1815.46 1546.38
5677.29 2489.55 1200.59 429.075 5136.26 2410.96 3829.36 18894
13379.3 11829.3 1383.75 4715.51 8325.86 7196.76 1475.54 7306.3
5013.92 13770.9 10944.8 37.5098 1660.29 6050.85 6175.22 6867.72
1158.29 4737.74 11987.8 2413.6 1495.9 863.035 14155.9 10332.3
155.098 1020.21 16690 34.2917 3538.45 516.544 15492.3 2756.12
13556.2 5748.06 2851.7 11751.2 7784.28 7163.72 5240.39 2677.32
3171.15 2399.91 15446.4 103.206 14198.7 640.171 3271.19 419.328
5214.37 21328.3 3772.14 4154.74 1310.4 20.3288 3257.24 748.098
2167.5 11329.6 1997.5 6082.06 3775.79 9159.91 13443.5 1147.65
3703.68 10172.3 8084.67 10586.3 7715.42 4516.93 11436.3 9869.51
3138.11 722.923 9596.9 19763.1 9980.95 735.726 297.484 2909.43
948.221 511.556 186.572 21600.3 2023.55 1648.18 3900.6 2491.33
3791.23 2622.65 14315.6 10338.8 1973.68 1392.82 487.796 13799.2
475.262 2484.22 9823.74 7264.46 11106.7 11150.6 5266.04 45.1359
9589.58 2209.14 7349.2 15563.9 8911.9 6192.43 557.853 2700.55
2380.7 1801.7 11661.3 5140.24 8141.95 496.939 9985.55 13948.9
212.301 1396.48 22845.7 46.9393 4843.52 707.058 285.892 2796.06
2378.12 15642.9 11816.5 5720.52 9241.6 5410.42 283.141 1864.55
1497.72 6126.11 9744.88 1162.1 19155.6 768.187 1782.47 5530
7639.35 8594 8587.27 11244.4 8195.06 6356.3 256.19 7096.83
2647.19 2240.1 8523.44 11017.4 1631.08 941.022 15435.1 8154.07
8126.32 2126.35 18061.2 1994.2 2570.95 4633.45 3239.26 5148.71
11891.1 5214.36 9696.73 12697.1 9253.85 7998.9 1640 2867.04
14381.5 7318.66 2772.28 1639.2 1869.71 14.8308 17655.9 393.827
5163.8 4272.36 1297.99 5348.74 3898.24 8336.82 19712.2 731.085
2764.98 3041.33 10102.7 8573.53 4073.85 10969.1 2081.85 16193.9
2536.97 6190.84 13889.6 5627.54 11053.1 13090 2968.96 1832.3
8567.08 9637.66 9630.11 12609.9 1855.86 4927.57 2821.38 9351.75
11050.4 12372.2 12635.5 1991.56 342.526 7424.5 1522.23 8130.61
12623.8 6424.19 2433.46 11622.6 11001.6 736.733 3088.26 1466.4
21253.8 9319.99 4494.59 48.476 5002.09 5799.42 613.295 2968.94
15828.2 13566.7 3984.39 5340.01 2366.81 5395.86 4414.29 101.777
594.185 502.809 146.713 17965.9 2043.39 13730.7 1804.44 2974.86
4494.06 18382 3566.79 3591.25 11659.4 20.4147 3271 3950.43
6610.44 1522.84 1313.78 14.1696 19992.6 3409.86 799.167 12777.1
40.7073 3130.55 2338.13 22723.7 1813.63 8049.92 262.266 2925.31
753.554 4956.75 1605.38 4124.77 19351 10730.9 6912.45 4118.1
3359.38 2842.76 9136.07 5476.01 1309.52 6628.11 14242.6 10395.6
13917.8 11783.1 3485.37 2923.07 837.927 8030.09 3983.95 1183.98
1562.44 795.117 965.012 1080.63 620.617 18575.9 2147.93 16707.9
19587.2 4512.28 10236.1 4318.35 1806.47 5529.39 289.367 2830.05
14090.2 7601.54 3059.94 8053.25 1966.14 4482.41 3667.01 14372.9
5280.04 4468.05 17000.7 9911.14 8186.27 6621.76 3352.76 1591.99
1559.12 2274.7 10711.1 5464.64 10981.8 2341.53 13592.8 1222.54
9067.89 7673.4 17439.2 2112.5 1226.2 19.0226 8182.6 1535.2
1996.31 1689.31 6427.74 8308.51 1230.04 2501.17 11917.5 14484.5
17319.1 7594.59 3662.51 5070.92 325.701 10387.6 1538.66 7618.83
3142.04 1377.81 10224.4 8449.9 11932.8 4360.86 7252.37 11943.9
8970.02 6134.56 3943.54 1157.39 2842.72 6835.01 14687.2 10720.1
14417.1 11170.1 5839.76 8235.1 4411.07 3434.74 5189.66 1785.25
3593.75 3042.54 164.339 10311.9 17791.7 5171.27 4230.55 48.1068
443.609 367.028 9312.11 11822.8 3186.94 3694.94 14343 10013.9
2086.68 1766.62 2108.81 7557.03 7396 14124 11640.2 7880.03
12962 14512.4 6230.5 1951.32 335.604 10758.7 248.199 8458.26
419.203 354.737 217.208 13394.8 7980.49 523.118 16644.3 1539.06
10100.4 5449.04 13669.7 2810.13 5171.33 1425.98 3374.73 10478.9
0.00617006 0.0069081 0.0137797 3.40487e-05 0.00746317 0.0435229 0.758476 20881.4
823.647 922.169 395.907 7549.95 22165.9 5629.06 1651.76 754.664
7180.23 7537.96 6751.32 3266.44 209.801 11251.4 15461.9 8404.22
4559.01 7634.87 5766.9 8304.23 6052.25 12943.4 484.571 8622.27
5320.51 903.894 13264.6 7733.03 3982.07 3555.15 18260.7 1688.52
459.777 389.071 1480.39 1292.49 18739.8 14302 1879.53 1600.95
9549.32 7834.3 5152 6612.24 187.84 9965.32 9007.68 915.078
6631.1 14551 5120.21 9546.93 467.492 3583.64 7627.08 4213.64
1058.09 875.431 22211.1 45.6355 4708.99 687.419 6592.53 1905.48
9112.78 15383.4 3462.81 4794.43 8465.21 3717.6 8143.19 3841.15
2.74871 10.6575 1.90593 1.75865 6.79008 24131.6 1522.09 106.577
0.000399089 0.000342069 0.00204154 2.27687e-05 0.000603398 4.01207 221.677 23050.7
4428.62 4958.35 1287.55 460.153 19638.6 4987.25 527.407 2553.16
88.9852 45.2842 39.4918 20.0241 65.0109 4.35351 23406.4 3055.42
2417.23 2071.87 19371.6 3672.11 2159.86 73.9572 1267.08 11015.7
13484.4 3106.39 10334.1 1173.58 283.051 4155.42 16130.5 1932.21
10173.7 2343.7 15532 4926.72 8698.78 5092.63 813.864 9586.51
3121.83 950.639 828.476 19579.6 3333.13 4835.13 9333.24 2714.06
2330.75 6401.5 5501.33 6860.82 5000.27 368.585 7210.33 15984.1
17586.4 14960.4 3966.7 2345.43 1361.41 21.1201 3384.01 1606.83
3420.98 17881.6 3152.67 2909.06 2997.68 69.7409 12265 3112.21
511.485 3364.46 659.083 4392.56 16190.4 5962.16 6429.33 11467.7
142.273 97.3002 423.648 12102.8 700.321 6932.5 14896.7 10873
640.239 5220.82 6138.88 772.077 1856.25 19916.9 2884.99 4354.04
738.923 827.31 3305.72 1440.58 1695.83 9889.53 16710.1 6716.65
5495.47 4650.36 17694.4 10315.5 6163.37 772.975 7462.68 1603.95
9306.62 7879.17 2111.61 8862.43 9468.53 2541.38 11722.5 1163.12
8391.57 3679.78 5942.31 742.116 8883.52 12360.6 7277.29 9427.58
4343.22 418.798 16947.4 113.235 10508.7 7998.32 580.924 4956.94
4344.43 3678.08 22109 147.722 1017.86 3239.88 1455.87 50.2763
1796.33 9389.48 333.644 103.313 8515.54 5466.53 2132.15 18754.2
22.2348 30.3392 20.7051 15.6728 42.899 13.301 19887.5 178.972
6776.98 18027.8 3730 5164.36 4636.87 7974.26 272.184 2662
1826.8 9548.77 6585.06 1848.73 529.956 15108.3 1213 14438.6
1613.37 10612.4 18403.8 43.6915 4508.39 7717.53 6693.25 2873.2
5.61619 431.907 322.581 422.395 22039.3 666.371 544.472 7465.6
9094.52 4628.16 14980.9 1814.72 1053.35 13843.1 8823.02 1655.35
911.469 5995.49 1174.49 1626.14 18481.9 6929.79 9346.46 3883.75
3805.12 17332.6 3048.67 1802.62 1046.33 4161.12 1477.12 12824.9
640.562 717.184 307.902 5871.7 17238.7 551.209 16532 1980.31
0.0114486 0.00110394 0.0699845 0.0111664 0.00671746 131.932 22311.9 98.346
4157.59 2876.09 19635.4 10017.7 284.582 83.2675 4405.05 50.0911
13782.5 12157.5 3464.04 1872.36 5519.25 9428.07 5884 366.41
11659.6 9866.54 2441.13 1548.57 1577.93 8928.77 9371.47 6175.76
4495.18 2425.1 3939.53 14117.5 9655.01 4480.6 12185.4 3906.17
3518.63 14392.2 5860.24 8603.83 1659.56 4174.43 9715.31 5167.07
20554.6 1981.99 720.699 5198.71 2304.18 3038.21 4215.65 47.9374
7390.24 8274.24 8285.21 940.899 6238.26 7974.99 15564 2768.88
162.492 446.291 7681.69 3179.7 136.164 19912.4 1478.18 1739.97
6.83216e-06 3.68588e-06 4.72355e-05 0.000945626 0.105717 193.426 34.6331 20429.6
14311.2 2431.31 5741.65 2911.27 4287.53 3776.08 1340.44 15007.3
3483.65 3900.35 8767.15 20.9344 8284.7 4659.13 12636.9 11216.1
16638.2 8467.08 7384.05 2009.92 1166.66 11548.8 3340.02 910.501
15011.4 12866.7 3423.69 3753.24 910.093 207.948 3850.41 1181.4
6073.51 5141.95 3319.27 1357.53 5429.57 2519.7 6852.57 16785.4
46.6969 38.6355 19.4065 370.082 12084.1 128.552 18847.1 9830.87
10636.1 4664.03 13554.4 4698.94 14979.4 252.758 586.738 1912.5
13492.7 7279.16 535.064 3859.64 14081.1 634.871 3793.61 7919.28
2696.51 3019.06 12063.4 9969.75 7266.1 4253.88 10770.3 9294.74
2601.62 2861.64 8028.96 10670.2 3847.52 8242.97 17712.7 792.217
3508.9 14352.4 5844.03 2963.19 13701.3 18.9754 11034 7271.34
9683.66 16066.1 6006.52 5185.3 9155.35 237.446 8668.19 8104.66
511.87 573.098 246.043 4692.05 13775.4 432.213 4360.32 17164.1
328.116 367.364 319.434 154.549 19535.7 6926.47 8048.66 2656.88
2702.59 17777.1 13428.7 46.0229 4748.95 693.253 566.436 2742.1
9647.19 17641.9 3481.92 3212.87 921 76.1294 8208.47 3876.1
14499.6 2463.32 2526.75 1494.01 3669.51 3276.1 16827.4 3957.59
1447.44 2111.76 9999.68 7095.91 7521.65 13162.7 9869 1250.07
11141.5 9218.14 10799.3 119.408 3028.04 3295.02 8377.34 12153.8
2262.93 14885.2 9764.2 3435.52 7476.65 6503.94 253.873 9126.28
1675.26 8756.65 1543.86 1000.06 984.465 11626.2 9581.67 13210.1
16864.7 7395.35 3566.43 38.4654 8431.28 4936.02 1448.4 1704.91
10137.7 4445.48 3544.46 789.825 5236.62 4526.46 8007.64 17751.6
3298.43 3710.62 1589.69 497.872 2353.89 13727.2 13480.5 11964.8
735.195 823.136 353.39 6739.15 885.272 16485.5 5343.55 11114.6
3649.18 3088 11749.7 1269.96 1448.55 7331.77 15754.7 6574.61
5562.35 1455.46 11936.3 7154.44 870.658 8618.68 18520 828.326
3055.13 3436.91 5366.92 480.256 20496.6 5205.14 1527.37 2670.13
7187.85 8047.64 12593.3 4365.75 280.408 5969.49 194.486 15374.3
114.043 750.154 146.952 19221.8 314.56 6818.3 12062.1 4046.85
3293.4 13471 2613.86 11412.3 5329.45 4013.55 6390.35 6198.57
670.465 603.368 156.194 22065.8 6320.86 1742.96 4124.9 4077.45
332.549 372.327 96.6832 1.04277 8.31461 1215.91 21189.8 7182.78
4121.67 2097.5 9600.93 5754.64 10266.7 9072.9 4949.41 16793.8
931.325 7594.49 1481.85 15215.7 3617.5 15321.1 283.849 1869.2
11629.9 5918.4 2241.87 1325.57 1511.98 7652.84 16444.6 1520.59
1941.98 10150.8 7971.35 8972.41 14099 78.0667 5559.9 8065.46
1541 1274.97 5960.41 1655.09 106.305 15545.8 15266.5 709.805
9634.74 10787.2 4631.18 11899.1 4082.55 3178.93 4803.16 9019.76
4069.96 3044.96 3796.01 1837.69 2968.83 3795.35 12744.4 17076.2
3007.37 19252.3 8127.65 3324.07 1999.69 8410.93 1454.2 50.2186
4838.41 19790.5 8058.31 2193.45 2235.03 758.036 5993.62 6982.78
2044.84 3094.52 14487.1 6385.86 4653.97 14744.9 3435.68 1289.67
11759.6 13229.2 5667.59 38.1134 8354.12 4890.85 12383 1957.63
736 824.037 353.777 6746.53 19807.1 222.833 6692.7 9659.11
9154.29 10249.3 10262.9 35.1728 280.454 15040.4 278.648 2725.21
5845.19 2974.59 16120.1 3245.6 5190.4 13995.7 1839.28 1566.66
2395.06 9286.33 6495.84 125.103 10311.6 13519.9 13321 1883.41
3820.95 15628.8 2571.41 8798.41 1070.72 1526.18 9691.47 6386.64
3186.2 5400.37 1085.8 6261.1 398.008 288.084 1911.74 19100.8
2904.88 19107.8 4193.82 1888.82 3031.75 10479.2 276.832 2707.45
17430.2 1680.71 3346.84 4485.54 819.603 551.653 3585.62 14053.9
11797.2 13208.3 5670.62 4895.33 8643.36 10992.9 9228.61 4353.14
19986.9 4604.37 3972.26 5093.99 4915.24 5294.43 3031.43 4575.06
772.757 74.5135 134.437 18992.1 847.462 7455.31 5358.26 3680.69
20746.6 10557.9 3999.28 2364.69 2697.23 818.269 279.121 1612.29
2903.72 3266.58 13024.9 10764.4 7845.25 4592.94 2629.78 8716.67
5640.23 8228.91 13085.3 2590.65 10361.6 72.2215 7787.12 1199.12
96.9323 7454.47 5567.57 7290.3 5313.28 4592.72 12456.8 11056.2
11522.6 5863.8 2221.19 1313.34 11176 15.478 1982.57 15421.6
258.5 1700.37 1284.45 4.40204 6211.05 15711.8 15429.5 717.384
1006.06 5258.74 20795.4 3380.87 969.16 3084.86 3935.06 1268.47
3496.63 9603.61 11928.2 12307.3 4222.62 3672.46 6197.49 8539.57
3423 2897.98 776.655 9962.1 6813.1 16378.3 3192.11 3204.4
1928.85 2159.57 560.783 2310.86 10841.2 4064.92 18969.9 703.556
5408.98 1246.06 16541.6 13670.8 2869.64 5364.66 6873.49 4094.89
6122.69 8932.81 7335.39 3290.98 12006.5 66.4806 11691.6 4862.08
18510.1 9419.7 8214.82 2236.05 2882.74 6687.61 3386.1 777.693
18643.1 6793.61 7200.53 3936.59 5253.75 757.142 5986.55 1545.42
5524.19 3777.97 16449.4 1777.93 7004.4 14545.2 1911.49 2792.07
