7 0.0830504
0.696121 3.48066e-09 8.36251 2.5605e-08 2.31989e-41
0.801726 9.37765 3.42208e-140 2.81597e-32 5.23682e-64
1.709 5.49336 6.83263e-36 1.10806e-26 7.79656
2.18447 0.00330408 1.10617e-28 2.23014e-58 7.98219
2.97894 7.98805 9.70808e-74 1.67281e-65 2.66328
0.0194172 10.1016 1.02101e-116 0.00306295 6.172e-49
0.032932 9.71784 4.64149e-61 2.64712e-25 3.33209e-61
0.103003 1.30962e-16 9.97367e-68 9.68705e-14 10.7522
0.213224 1.39254 3.24137e-43 2.71798e-08 8.20836
0.660276 9.68197 8.19022e-171 7.4575e-25 1.39078e-07
1.83399 8.95286 4.75584e-15 0.000249865 9.10877e-22
2.8475 7.84099e-18 1.1809e-63 6.73725 1.09942e-29
0.0172723 4.85459e-09 1.24126e-51 3.67589e-39 11.3737
0.0180208 0.395986 2.11936e-30 6.25287e-14 9.58288
0.416954 8.48281 1.80606e-173 2.27161e-210 0.680869
1.1664 2.62351e-20 7.97889 3.38741e-24 1.21382e-34
1.39597 1.07789e-13 7.08407 1.23947e-50 1.01046e-13
0.000846211 6.1669e-26 10.5792 2.23643e-23 1.9323e-162
0.226329 0.000895372 2.80642e-39 1.02895e-12 10.143
0.0601948 1.71796e-19 9.005e-121 2.1101e-17 13.4033
0.509774 8.40969 1.07797e-19 2.08983e-104 3.53525e-06
0.630932 1.43974e-60 3.50676e-55 6.41058e-22 8.15739
0.778349 5.64681e-27 7.72268e-152 6.74062 2.16381e-56
0.000448727 1.00389e-249 9.93186e-28 11.0359 1.37469e-304
0.000850044 4.07846 2.00175e-112 1.71278e-62 11.4262
0.00311612 1.45858e-178 8.52645 4.14248e-56 9.63632e-22
0.0219712 3.44076e-14 8.61682e-80 8.38354 7.38688e-77
0.0325189 2.67967e-138 8.67777e-48 8.37897 7.81138e-167
0.034308 8.95159 1.30776e-06 7.32667e-62 1.04997e-19
0.0380466 1.00674e-13 8.03303e-24 3.22201e-29 11.2876
0.0698582 3.18039e-36 4.88231 7.50622e-85 9.47432
0.0738135 0.0185855 2.34277e-39 3.86996e-11 9.43953
0.405505 4.71168e-49 6.75741e-30 2.48065e-42 8.61859
2.3452 8.90802 1.96594e-07 6.44648e-19 7.03949e-07
2.81703 8.8877 1.49359e-35 2.74357e-05 1.27209e-52
2.87838 9.3147 1.74114e-17 5.40701e-19 7.51452e-51
0.000124222 2.7373e-36 3.61918e-29 11.0975 7.4391e-63
0.00539233 10.3264 2.48936e-31 3.99745e-46 2.97144e-27
0.012058 8.85557e-14 3.1715e-50 9.21076 1.01846e-136
0.0133622 6.96718e-08 0.570833 1.19244e-44 11.9742
0.0236919 9.91522 7.31131e-07 8.11566e-62 2.52142e-12
0.0530801 1.47566e-43 1.33223e-54 7.71919 4.1124e-32
0.1234 8.35301 0.00298901 4.0859e-182 6.07077
1.5393 3.91064e-59 4.33805 9.18772e-45 2.39279e-45
3.13942 6.87311e-19 2.91903e-32 1.53472e-40 4.59071e-19
