65 1.73937
3.3946 0.00055335 0.0152048 0.00324577 0.00109787
0.694559 3.48289 0.0159075 0.0376944 1.41947e-06
0.0665909 0.104787 2.61813 0.0573383 1.04778e-06
4.58823e-06 0.00273214 4.10108 0.41127 0.0504663
1.45916e-06 0.00086888 0.000492112 4.82216 0.0590434
1.93346e-10 1.47774e-10 1.53874e-12 8.85838e-07 2.42896
1.72707e-10 2.81527e-14 1.18713e-08 5.64702e-05 3.05146
3.15354e-11 8.15718e-08 9.79111e-07 7.14666e-10 2.69402
3.61211e-12 9.293e-10 1.39494e-06 4.26328e-07 3.99955
9.28349e-16 2.40134e-12 3.21814e-10 1.17147e-06 3.21215
2.6618e-05 4.72939e-05 0.000387515 4.41107 0.05401
3.26826 0.00024481 0.215377 1.26461 0.0011355
0.64219 3.22028 0.00927708 0.034852 4.38147e-06
2.46083e-06 1.23399e-05 0.000864906 4.11424 5.48935e-06
1.85856e-07 4.20477e-09 1.32744e-06 2.74787e-09 3.67537
3.1018 0.000505621 0.00876321 1.19823 4.4366e-06
7.43353e-07 1.68175e-08 1.14922e-06 9.95644e-10 3.7532
6.79747e-07 1.53785e-08 1.05089e-06 2.56595e-09 3.43206
3.36675e-06 0.000871449 0.000249501 4.31149 1.79146e-05
3.11835e-09 8.06615e-06 0.00108098 3.93498 0.0131214
1.79068 2.81781 0.0149542 0.00319227 4.45458e-06
0.0515863 2.60413 0.0146329 1.00567 3.7253e-06
0.000439118 0.774668 1.38484 0.793535 0.596335
0.137301 0.225547 1.9751 2.08579 3.8488e-06
0.021808 2.9106 0.0163522 1.12383 4.16301e-06
0.314158 0.299773 0.299984 0.849815 1.52149
3.35918 0.638596 0.016009 0.00700985 0.0480323
0.00976193 2.52678 2.38131 0.00331981 0.00112291
0.459414 0.438379 0.438687 1.24274 0.843522
0.000856299 1.51064 0.00377794 0.288394 0.516935
2.50072 0.000208256 0.164796 2.62326 4.84057e-06
0.000672438 1.18628 0.819523 0.000211922 1.84317
0.00157755 0.00172259 3.50616 0.584248 0.0186523
1.05699 0.000639163 0.00264342 0.201789 1.63665
3.0422 0.000495906 0.20048 0.0023598 4.06781e-06
2.29069 0.000373402 2.1588 0.0334079 4.19993e-06
0.0195918 0.021393 3.88758 0.0199794 0.00333574
0.620221 3.11012 0.0178167 0.0459471 4.23184e-06
1.60349 2.2301 0.181008 1.06336 3.93724e-06
1.81055 2.97423 0.761923 0.000518133 4.75569e-06
1.06307 0.000642839 0.734407 0.000189912 1.96516
2.24146 1.19375 0.641649 0.0379487 3.49517e-06
2.58003 0.000420567 2.43148 0.00338975 0.00114657
6.09055e-05 9.92813e-09 3.42168e-07 5.82354e-08 3.29118
0.429251 2.15249 0.00983111 2.48799 4.4267e-06
2.65173 0.000432255 0.174747 1.94143 0.00106438
0.014027 0.000317343 3.68655 0.614312 0.050455
1.42186 2.30805 0.0316165 0.420845 0.000887288
3.71167e-07 1.1754e-06 5.83274e-09 2.05398e-07 3.42645
3.05116e-09 7.89235e-06 0.00105769 3.8502 0.0519777
0.171676 0.270148 2.39421 0.933111 1.07595e-05
0.394118 0.349154 0.941261 1.73661 0.290627
0.0201702 0.0220246 4.00235 0.00820519 0.00343417
2.77216 1.47639 0.0240665 0.045505 0.00101591
1.84561 0.847209 0.00507874 0.000298487 0.682595
0.630583 3.16208 0.0181144 0.0342225 4.30234e-06
0.00672868 1.74165 2.91872 0.0743534 0.0010995
2.39363 0.000355356 0.0107214 2.7133 1.44606e-06
1.88108 1.00182 1.2902 0.962397 3.56341e-06
0.00808378 0.0405364 2.84121 0.0943429 5.85039e-06
1.54844e-12 1.18347e-12 2.61183e-10 9.50757e-07 2.60697
0.41803 0.393666 0.112418 0.942139 1.68678
0.0257538 0.000582649 3.45227 0.0177422 0.0466075
0.00335211 0.169218 3.56909 0.0104148 1.42803e-06
0.304227 1.25523 0.0498902 0.246756 1.68216
0.000858743 2.22129 0.373714 1.53092 0.0142916
2.58938 0.000422092 2.44029 0.00275399 0.00115073
0.0558529 3.33319e-06 3.83915 0.0556272 1.59553e-05
0.518574 0.49483 0.568735 1.47332 0.00127374
0.0126981 1.69475 2.84019 0.473997 4.45795e-06
0.92099 0.815918 0.85002 0.747876 0.751416
2.46086 1.3106 0.0156636 0.432812 3.76459e-06
0.000577507 9.84811e-09 0.000544256 3.77443 0.362889
1.28204 2.0174 2.25268 0.0095737 1.31269e-06
0.00054755 2.09855 0.00524824 0.000876648 0.39358
1.31639 0.00108404 1.43741 0.372101 0.891738
0.000962313 0.0738146 1.65198 1.51411 1.29281
1.015 1.66735 0.427135 2.26501 1.25501e-05
0.0186461 0.0134601 3.0819 0.00712514 0.010277
1.45514 2.39039 0.612358 0.287601 1.19628e-05
0.552935 2.77271 0.0158838 0.438899 3.81753e-06
0.789777 1.24279 2.46765 1.11007 4.11018e-06
2.12874 1.13372 2.27295 0.665884 1.35098e-06
0.412662 0.000249537 0.285082 0.807599 1.44591
0.490146 0.467703 0.468032 0.753959 1.69807
0.209244 0.343729 3.01001 0.00290361 1.26181e-05
0.191432 0.180275 0.470074 0.867278 1.55275
0.0383351 3.15689e-05 2.0883 1.04451 0.146868
2.82974 1.50706 0.0143602 0.034028 1.2814e-06
2.96025 0.000482547 0.0166307 0.00283047 3.94973e-06
0.607689 3.04727 0.204768 0.0451157 1.24467e-06
0.21081 0.869796 0.618282 1.75151 0.00206526
2.00535 0.000326889 0.132151 0.403799 1.6507
1.20696 1.06927 1.80135 0.00100994 0.00242169
0.000190305 0.0492586 3.3859 0.0490599 4.51853e-06
0.0102695 2.65815 0.581659 0.00260173 1.13063e-05
0.00566704 4.66679e-06 1.07187e-05 2.38345 0.447012
0.993172 0.455906 0.754953 1.21617 1.03841
2.2586e-10 7.15244e-10 1.12587e-06 1.8761e-07 3.12971
1.25145 1.96927 1.41252 0.0395161 3.63953e-06
1.09848e-10 8.39568e-11 2.13692e-10 9.26471e-07 2.54038
0.000582591 0.150798 3.17997 0.046123 1.27246e-06
0.708185 0.627391 1.69134 0.969163 0.00217044
0.783284 0.737632 0.853707 1.2576 0.349263
1.65084 0.000998263 0.00412857 0.825569 0.829477
0.00069321 0.17943 3.78376 0.00293196 1.51391e-06
4.98796e-13 1.28327e-10 1.98344e-10 8.59929e-07 2.35792
1.91349 0.87837 0.00526554 0.000309465 0.002109
2.88906 0.000470943 0.190388 0.00276836 0.117322
0.0327912 5.34526e-06 2.25396 0.349927 1.19954
0.000578737 2.21807 0.0856786 0.00277476 0.350119
2.36181 0.448992 0.0112558 0.400613 0.0342367
1.94339 1.03501 0.0098622 2.49586 1.33017e-06
0.000571193 1.00767 0.0389237 0.5043 1.59441
1.76308 2.45205 0.0169669 0.468826 0.00098845
2.22887 1.64029 0.00280705 0.00567324 0.0555725
1.36735 0.728222 1.45998 2.413 4.29326e-06
2.07847 0.00125685 0.080286 0.000305724 0.328082
0.938656 0.000567605 1.67799 0.000803182 1.10864
0.861427 0.39543 0.0366131 1.52734 0.807978
0.540729 2.7115 2.6057 0.000552278 5.06909e-06
1.46105 1.3759 0.392909 0.00255638 0.00150193
0.259671 1.07139 0.00275701 1.77508 0.00209306
1.2472 0.00102707 0.861609 0.758072 0.76166
1.50658 2.47489 0.0129778 0.0419777 3.86624e-06
0.00011022 0.000552701 3.71399e-05 2.68642 1.41262
2.11919 0.00128147 0.0818589 0.404872 0.135787
0.0821751 0.12931 3.23085 0.00309263 1.29269e-06
0.665477 1.04719 2.07928 2.74467 1.46278e-06
0.00179737 1.14715 0.97312 1.37738 0.685569
4.91877e-05 8.01803e-09 3.24144e-06 2.97083e-08 2.6637
2.04431 1.08876 1.40216 0.00258878 3.61247e-06
0.254126 1.09034 0.00279991 1.8027 0.397989
0.101569 0.0193088 1.24098 1.71318 1.53192
0.0303067 0.0159006 2.35249 2.66691 4.74503e-06
2.26255 2.47056 0.00323117 0.0172164 0.00287442
1.28278 1.20801 0.241247 0.000261405 0.280521
0.000181624 8.33725e-05 2.30291 0.000338485 0.0868326
0.901915 0.48034 1.71244 2.26044 4.02182e-06
2.84871 0.000464365 0.623353 0.452677 3.93737e-06
2.91568 0.0002184 0.192142 0.453593 0.00155178
2.77038e-07 8.77315e-07 5.81738e-09 5.01597e-07 2.8733
0.329523 1.6524 1.58792 2.42347 4.47192e-06
0.172532 0.711863 0.506018 0.815151 1.54308
0.000590355 0.00031441 0.000404916 3.71888 1.54523e-05
4.34482e-08 0.00016652 1.91889 0.959615 1.23709
2.42708 0.00146766 0.093752 0.00101464 0.00243296
0.845484 0.796207 0.802318 0.705906 0.910019
1.14576e-06 2.17814e-07 5.51886e-09 2.39094e-09 3.19797
0.535115 0.510613 1.32223 1.38722 0.00205765
0.000808605 1.4265 0.055102 0.000209825 1.82493
5.53242e-05 4.55594e-08 1.3836e-07 0.0232684 2.33287
0.0470374 2.3745 2.23822 0.00312033 4.35421e-06
0.00725882 1.87887 1.77071 1.06609 1.11634e-06
1.30126 0.59733 0.196033 1.32324 1.12984
1.82266 0.0412354 0.0115278 0.303802 1.33688
0.016721 0.0120705 2.76373 0.84469 0.0151653
1.07189e-05 0.0277264 3.71575 1.13566 0.0129564
1.51337 2.38143 2.65916 0.00300099 5.17309e-06
1.70305 0.78177 0.0723845 0.00234423 0.00137728
1.14844 1.09585 1.09662 0.000283578 0.0727472
0.0365113 0.0167602 2.18849 1.09462 0.347925
0.0203764 0.0334727 2.69359 1.0401 1.19986e-05
0.0384469 1.94084 1.82945 0.00255046 1.10835e-05
0.000116337 0.000583375 3.92011e-05 2.83551 0.0265785
2.06675 0.000336898 0.00583898 2.34274 0.218978
0.000951422 0.000907859 0.000908497 6.677e-07 1.77819
2.18347 0.000355924 1.32183 0.0369791 3.40586e-06
2.92575e-07 0.000756797 4.78532e-06 2.75486 1.36014
5.92613e-08 0.000227126 0.00609103 2.54623e-06 2.28337
2.33099 0.0527359 0.0147429 0.774504 0.00819266
0.000509898 0.899534 1.60806 0.000270822 0.345568
1.74868 0.931311 0.130561 2.25066 4.00442e-06
6.75854e-09 7.60526e-09 1.36351e-06 7.00751e-09 3.7389
0.597115 0.528993 0.551103 1.5612 0.825889
0.000728824 1.28575 0.888243 1.43088 1.22175
0.573875 1.81733 0.0120505 1.29529 0.00768389
0.000568 2.70557e-05 0.00012443 2.76867 0.266191
0.0186189 0.0177664 1.40193 1.28386 0.639024
6.49681e-07 0.00168051 2.52253 0.770951 0.0356091
1.2756 1.21719 0.00440945 0.000736538 0.792352
0.0272254 0.0447238 3.59897 0.0521472 4.80288e-06
0.015105 2.01599 0.0113262 2.28529 4.06605e-06
0.968382 0.924042 0.924692 0.310581 0.955001
0.043801 7.13994e-06 3.01074 0.00233059 4.01745e-06
0.6321 0.599956 0.500335 1.61807 0.00190792
1.6377 2.69029 0.795782 0.0470646 1.29844e-06
1.02786 0.967949 0.975378 0.85817 0.644907
0.423514 6.90365e-05 2.72572 0.0292769 1.14621e-05
0.00904821 2.34204 0.0131577 2.45154 3.99778e-06
1.97438 0.000321841 1.8607 0.421147 0.263963
0.000165752 0.0429032 2.94905 0.457839 3.51929e-06
0.736525 0.702802 0.002546 0.000149633 1.54837
0.159142 2.59416e-05 3.3559 0.00260042 1.34272e-06
1.19202 0.547187 0.90611 1.45967 0.405381
0.000898276 1.58469 1.09476 0.000804594 0.361231
0.582066 0.915934 1.81866 2.40065 1.33017e-05
1.83206 0.00110785 1.26565 0.000327288 0.0839601
2.08808e-09 5.40117e-06 0.000723836 2.6349 1.90583
2.88565 0.000470387 0.0129252 1.11474 0.297423
0.000924642 1.6312 0.00407947 0.000239758 0.940568
0.000228648 0.0591833 4.0681 0.0431819 5.42867e-06
0.696279 0.31962 0.529272 1.49936 1.0177
0.00190454 1.21555 0.839744 0.738834 0.309801
1.5449 0.000251833 2.58898 1.16405 4.31198e-06
0.301398 1.29316 0.181796 1.22714 0.00182019
0.574885 0.541379 0.545534 1.54543 0.34119
0.748795 0.000616632 1.33859 1.40438 0.934568
1.39002e-05 0.000701697 3.94291e-06 3.33823 0.233988
0.00108252 1.90972 0.00477601 0.000280695 0.00191293
0.48356 2.42482 0.162941 0.384658 1.04193e-05
0.838561 1.31955 0.946491 0.706013 1.46734
0.0408523 1.06798e-06 2.22542 0.00278235 0.748146
1.41184 0.000230143 2.366 1.1377 1.23858e-05
9.70921e-14 2.51146e-10 3.91296e-12 9.14304e-07 2.50702
2.72269 0.0615977 0.0172203 0.832355 0.00244345
0.587496 0.553255 0.557501 0.490508 1.66793
0.820034 0.000495874 0.566508 1.60484 0.848975
0.419649 2.10434 2.02223 0.0312945 3.93423e-06
0.0797534 0.0575719 1.18065 1.62989 1.45744
3.59533e-05 0.021409 2.86912 0.088389 0.936094
0.360522 1.80785 1.11599 2.25563 4.1622e-06
0.0186017 0.0209321 3.75283 0.0192869 0.0125145
0.00180801 0.00197423 4.01835 0.0206509 0.0492022
0.0722217 4.36725e-05 1.17355 1.8932 0.00163674
1.57543 0.000256809 2.64014 0.0445426 0.000994423
1.13365 1.7839 0.00946724 2.39591 4.26286e-06
0.0123768 3.20361 0.0143495 0.00306317 3.77749e-06
1.16668 1.11326 0.00403294 0.000237023 0.929842
0.547572 0.5225 0.00189283 0.693008 1.56079
1.16456 0.000959013 0.924028 1.36119 0.905823
0.000555909 0.000424881 4.42419e-06 2.54697 0.00218533
0.000398406 1.52694 1.21156 0.0024366 0.875963
2.69352 1.43451 0.201105 0.0029242 1.27076e-05
1.71953 1.24128 0.00215115 0.00434761 1.53395
5.64894e-05 0.0996556 1.61933 0.309728 0.95238
1.56813 0.719834 0.236236 0.000255975 0.274695
0.0042226 2.55341e-06 0.00291712 0.00227031 2.10232
0.00245523 1.48468e-06 0.00438912 2.11517 0.710962
2.95982e-10 6.69623e-12 1.87201e-12 1.0777e-06 2.95504
1.02808 1.05742 1.01886 0.000263469 0.805553
1.074 1.02482 1.02554 0.000265197 0.810837
0.00795778 0.0399046 2.79692 1.08001 4.00066e-06
7.97634e-06 4.24802e-06 0.000621175 2.95484 1.55376
1.47236 0.675873 0.00405164 0.810186 1.04445
0.000669022 0.000127184 0.000262478 2.65667 1.31166
0.000632932 1.11658 0.152875 1.81467 0.00213974
3.53886e-05 0.0624307 1.01445 1.63654 0.865743
0.85525 0.00051717 0.590837 1.67376 0.369523
3.15427e-12 8.15907e-09 1.09344e-06 2.24165e-09 2.99828
0.64929 0.611448 0.034451 1.43715 0.00124247
3.70868e-07 0.000959314 4.5395e-06 3.49203 0.00299621
1.10184 1.81002 1.99701 0.0309042 0.000941747
0.87084 1.37035 0.982925 2.15144 1.19208e-05
0.424616 2.12925 0.143079 2.27756 1.3088e-05
0.000456313 1.74887 0.00437374 0.874594 0.657249
0.0158085 0.0172619 3.13687 0.522726 0.00272867
0.140029 0.000115314 1.57459 1.44743 0.401984
1.01048 0.95159 1.10133 0.886094 0.371548
0.837569 0.861475 1.34226 0.000264784 0.781669
4.57671e-07 2.1009e-07 2.74328e-05 0.0115397 2.13223
1.29655e-06 0.000772051 0.000297571 3.01186 0.98217
1.433 0.657805 1.1599 0.978895 0.00219223
0.342798 1.41438 1.07057 0.000265548 0.00180971
1.38214 0.634458 0.0587448 1.39353 0.00151553
0.606626 0.57127 0.00208393 1.34172 0.910706
0.00442423 3.64334e-06 0.00305641 7.90364e-07 2.01441
0.0420338 6.85188e-06 2.88927 0.448558 3.90154e-06
1.46061 0.777887 1.55955 2.38017 4.39202e-06
0.000414253 6.75268e-08 0.000250781 2.30326 1.72496
1.29508 0.594494 0.984448 0.000254571 0.99868
2.68278 0.000437316 0.587044 0.551792 1.1639e-05
1.6299 0.0009856 1.19899 0.000845253 0.00148604
2.75195 0.000206135 1.66598 1.24206 0.331543
0.0154714 0.0174097 3.12131 0.0160414 0.0483833
0.904197 1.42284 1.58877 2.62585 4.67197e-06
0.0258144 0.0406214 3.30829 0.664789 4.50272e-06
0.822571 1.29439 2.57012 0.464601 3.57127e-06
0.699789 0.321231 0.53194 1.50692 0.00130279
1.12798 1.07633 0.00389915 0.779694 1.00514
0.00932855 2.4146 1.46177 0.0299582 3.76624e-06
0.124874 0.693384 0.787062 1.70088 0.868767
0.494556 0.000299058 0.884096 1.63114 0.360113
0.000170551 0.108852 1.76876 0.886211 0.371598
0.000489019 1.26493 0.212815 1.60052 1.01268
5.73004e-08 6.25683e-08 1.01836e-06 3.12316e-07 2.92996
0.0246315 0.0233789 1.84997 0.000271957 0.263048
0.602697 3.02224 0.203086 1.19306 1.32322e-06
3.36716e-06 5.98264e-06 0.000920026 3.34907 1.09213
1.9592 0.00118473 0.00489976 0.000287967 1.1297
1.08437 1.78131 0.00934077 2.3639 1.30981e-05
1.47175 0.000239908 1.01163 2.02438 1.41952
0.125889 7.61249e-05 2.0456 0.000301234 0.92102
0.182468 0.752858 0.535159 1.51603 1.02902
4.19319e-05 0.0249691 3.34622 0.00686008 0.0451754
1.5997 0.0353877 2.68147 0.484729 4.21616e-06
0.0347958 5.67203e-06 2.39175 2.50378 4.08298e-06
0.00227604 1.45265 0.00363292 0.726457 0.729895
7.43639e-05 0.0191319 2.56397 0.427258 0.0086678
1.1914 1.65698 0.0114654 2.3134 4.11605e-06
0.0245941 0.000361292 3.29632 0.549298 0.0111436
0.170253 0.000140203 1.71709 1.57993 0.147139
1.07863 1.01576 1.08992 0.919828 0.00205995
0.0116084 3.0047 0.0230239 0.0435336 1.24866e-05
0.307188 1.5404 1.4803 2.44657 4.353e-06
4.36308e-07 9.87094e-09 6.74531e-07 5.82878e-07 2.72163
6.31073e-07 6.89091e-07 4.4216e-09 6.35072e-07 3.09789
6.86167e-05 0.000344081 0.000587972 3.25667 0.0305261
0.0221076 1.33685e-05 1.20431 1.93947 0.428185
0.0203076 0.019124 1.51957 0.672311 0.311683
1.11607 1.05103 1.05909 0.931825 0.00208682
7.57031e-09 2.90141e-05 7.25611e-08 0.0122028 2.25476
0.18478 0.926586 1.6451 1.98577 3.14843e-06
0.00022443 0.860154 1.53766 0.881103 0.662141
0.183068 0.755332 0.616674 0.00124021 1.50897
1.73098 0.794589 0.00476331 0.000279948 1.09823
0.0234913 0.0224157 0.870778 0.435769 1.4818
2.74626 0.000447664 1.86478 0.0352324 4.42929e-06
1.04376 0.000859531 1.16601 1.4329 0.397947
9.25621e-06 0.000467264 0.000282929 2.59851 1.94609
0.000636449 0.000338959 3.22982e-06 3.42976 4.5761e-06
2.9531 0.000481382 0.0132273 0.0313435 3.94039e-06
4.03397e-09 1.03783e-06 6.56239e-09 2.12765e-09 2.84582
1.316 0.604098 1.00035 0.000735208 0.763659
0.0111722 1.4911 2.49888 1.12354 4.16192e-06
1.54811 2.75062 0.0032016 0.00647065 0.0027082
4.57608e-06 0.00272491 4.09023 0.681574 0.0559794
0.000381886 6.22508e-08 0.000639973 3.54469 0.010502
0.0220259 0.0159 3.64054 0.0187098 0.00312376
1.04894e-05 0.0271328 3.63619 0.0186875 0.0190817
1.49569 0.0012317 1.67088 0.00093679 0.00224629
0.0068403 5.63297e-06 1.71068e-05 2.8769 0.180933
0.000365803 1.40198 0.968538 0.852152 0.357316
0.00210398 1.34283 0.927678 1.49441 0.00221664
0.0105496 2.73065 0.17995 0.00261658 3.65125e-06
1.38701e-06 0.00531589 1.32945e-05 7.81339e-07 1.99141
0.74538 0.000450731 0.591426 0.475841 1.61806
0.0389095 1.9642 0.429889 2.27961 1.26311e-05
0.00526568 4.33628e-06 0.0002034 2.2163 0.961663
1.53065e-05 0.0482786 0.784493 0.719663 1.62082
1.70449 2.68216 0.209424 0.00304516 4.24931e-06
1.39986 0.00115278 0.0035009 1.28176 0.00139397
1.33611 1.25824 0.0708931 0.000767249 0.00183975
1.80232 0.959877 0.0114719 2.31471 4.11838e-06
1.08953e-07 2.07126e-08 7.91915e-07 1.6393e-09 2.19262
1.88629 0.00155335 0.0047174 0.000787978 1.08765
0.00435216 0.00199782 1.19763e-05 2.01408 1.16134
0.00876904 0.442671 3.31182 0.00973915 1.33538e-06
0.877948 0.777787 1.31031 0.00025848 1.01402
2.06655 0.000336865 1.94756 0.00171138 0.199041
1.09618 1.04599 1.04672 0.814632 0.377664
2.05744 0.0455135 1.93945 0.438972 3.81817e-06
9.85157e-07 1.87283e-07 6.34083e-09 7.29445e-10 2.74973
1.12178 1.84277 2.03314 0.0429485 1.18489e-06
6.00295e-06 4.41776e-06 0.000998854 3.63602 0.00552901
0.310871 1.33381 0.946138 0.832444 0.00186426
0.000226775 0.000718141 2.28968e-05 2.7426 1.35409
1.5487 0.000252452 0.937557 2.05214 3.65121e-06
2.60913e-07 1.99416e-07 5.07567e-07 8.31689e-07 2.81929
0.000745031 1.31434 0.907995 0.798884 1.02988
0.000791259 1.3959 1.02685 0.866607 0.00194076
0.0209999 0.000475098 2.81502 0.860365 0.0456272
1.10453e-05 1.80048e-09 0.000759218 3.61149 4.81858e-06
0.0079516 0.0341168 1.90832 0.364375 0.873221
5.15601e-05 0.0909596 1.47803 1.35588 0.376559
0.110864 6.70394e-05 1.80146 0.902593 0.378467
0.00417671 0.00398547 1.44379e-05 8.48544e-07 2.16269
1.73001e-12 4.47496e-09 5.99711e-07 8.25071e-07 2.79685
3.15439e-08 8.15937e-05 0.000979374 3.57736 0.0119289
0.000109825 0.0700945 1.83469 1.68112 0.00249359
0.000409326 1.56879 0.214787 1.44983 0.402649
4.12564e-06 4.50494e-06 0.000818646 2.98003 0.00255691
0.963479 0.000582616 1.72237 0.986944 0.00221026
3.33271e-09 5.92143e-09 9.10613e-07 6.18916e-07 3.01908
1.43782 0.00118404 0.993297 0.773052 0.358387
0.0341954 2.81599e-05 1.86279 1.70591 0.158872
8.78531e-05 0.154986 1.74277 1.60203 0.00237627
3.8537e-10 9.96826e-07 1.5531e-08 1.66126e-07 2.77131
0.00897454 2.32297 0.0130506 2.63323 4.6851e-06
1.98817e-05 9.1265e-06 1.5113e-05 0.0111828 2.06629
0.000634997 2.4337 0.0940075 0.0030445 0.00178871
0.0189166 0.0139213 3.14761 0.00645291 0.0104962
0.922704 1.45196 1.04146 2.27957 4.05586e-06
8.95807e-05 4.11211e-05 1.13584 1.82891 0.00215653
6.55584e-10 1.48318e-11 9.84316e-07 5.36642e-07 3.07405
0.000333162 0.587747 0.0227032 0.947082 1.69563
1.35599 0.72217 2.57458 0.0318209 1.24581e-05
6.6472e-07 1.08355e-10 4.56907e-05 3.53688e-08 2.46923
0.0747969 0.0343348 1.33733 1.22682 1.04751
0.000260819 0.000825953 5.4768e-06 3.15295 0.0633149
1.0632 0.941904 0.981273 0.863356 0.362014
9.84441e-06 1.60473e-09 0.000676673 3.21884 1.33746e-05
2.16195 0.000352416 0.142471 0.001677 1.1393
1.5251 0.00125592 0.00381411 0.762687 0.766297
0.000544441 1.23173e-05 3.44345e-06 1.98236 1.69544
0.037662 0.020058 2.93302 0.0641692 3.91468e-06
2.34389 0.00141735 0.0905387 0.00293216 0.0149366
2.07501e-05 0.0366062 1.99411 0.380757 1.17078
0.00100586 1.77448 0.00443778 0.000260816 0.0669081
0.000238837 0.000375832 0.000419662 2.91037 1.53038
0.0663098 4.00975e-05 1.77829 0.000261557 1.02609
1.08263 0.000654664 0.747917 1.20483 1.02874
6.39867e-08 0.000112882 0.00614922 2.58668 0.00259102
5.85756e-06 0.0103336 2.58432e-05 1.51885e-06 1.90938
6.81944e-05 6.42198e-05 1.07944 1.73809 1.17974
3.62692e-06 0.00093311 5.90022e-06 3.3967 0.0113265
1.11321e-05 0.000561962 0.00052971 3.67355 4.90138e-06
0.00105455 1.86038 0.0046526 0.930357 0.00208353
0.000546648 0.964368 1.72396 0.987855 0.0022123
0.000825697 0.0035427 0.00251302 1.85951 0.00186263
4.76702e-05 0.0840973 1.36652 1.25359 0.834221
0.0163918 0.0178988 3.2526 0.00666814 0.0653181
0.838855 0.000507255 1.49958 0.859285 0.645745
0.0175676 0.0880932 1.89424 2.1496 3.82463e-06
3.39998e-07 0.000879463 5.56095e-06 3.20139 1.1629
1.81701 0.000296188 0.00813859 2.05966 3.6646e-06
0.025708 0.011801 1.54094 0.770735 0.774383
0.587196 0.560309 0.560703 0.000144994 1.50036
1.42481 1.35235 0.00124849 0.000288733 0.279276
0.0874057 0.0829608 1.95817 0.000288359 0.0124929
1.59185 1.51896 0.00550266 0.000323401 0.00220397
0.182885 0.784679 0.556612 1.57681 0.834146
0.000188099 0.120051 1.95075 0.977394 0.00218887
4.84451e-07 2.92947e-10 2.63904e-05 0.0111011 2.0512
0.0345824 2.0912e-05 1.88387 1.72522 0.402955
0.000125585 0.000629751 2.87627e-06 3.05433 1.52801
0.00376609 0.00359365 0.000201077 2.19098 0.137795
1.72067e-05 0.0659466 1.74681 0.000256932 0.785566
1.29666 0.000211367 2.17297 2.86835 1.58932e-05
0.0281284 1.70092e-05 1.53229 1.40324 0.698443
0.00276752 0.139708 2.94666 0.042739 1.17911e-06
0.000862915 1.52231 1.05166 0.000271952 1.06687
0.02797 2.30333e-05 1.52366 1.39534 1.1914
0.120892 9.95539e-05 1.9644 0.870617 0.403619
0.0247778 0.040703 3.27542 0.508507 1.32487e-06
0.10473 8.62446e-05 1.70178 0.852651 1.0992
1.96493e-08 5.05523e-06 0.00067748 2.46616 1.2176
0.605201 3.0348 0.00874274 0.48038 4.17833e-06
1.25514e-07 7.47393e-05 0.000897102 3.27685 0.00281158
0.000802477 1.41569 0.00354048 1.29625 1.10679
0.98129 0.924098 0.003371 1.2342 0.342764
1.99895e-10 1.44299e-10 1.55888e-12 8.97432e-07 2.46075
0.000130569 0.000654744 2.99042e-06 3.17555 4.23692e-06
2.1506 0.00130047 0.00537842 0.000316099 0.403342
5.93248e-05 0.0378632 2.06259 0.000303214 0.693405
7.24503e-05 0.0186395 2.49799 1.69781 0.00259155
1.25761 1.20003 1.20087 0.000310536 0.0021163
2.75004 1.46461 0.205325 0.033141 4.16637e-06
2.17112 5.67584e-05 0.00542974 0.000906964 0.407191
6.11268e-07 4.49851e-07 2.92523e-07 1.66746e-09 2.23028
1.56121 0.000944061 1.07854 0.000278901 0.355877
0.000584506 0.000111117 3.76209e-06 2.1658 1.56653
0.000240352 0.000761137 3.73703e-06 2.9055 1.43451
1.70908 0.860766 0.00478572 0.956976 0.719159
0.00234505 1.4967 0.0578136 1.37144 0.682614
0.000115143 2.60497e-06 0.000822386 3.02277 1.49241
0.0109465 0.000287199 0.596513 0.912502 1.65817
0.00197871 1.26288 0.00315834 1.15634 0.769501
0.0152428 0.0135038 1.10933 1.78652 0.945083
0.484023 2.42715 1.49829 1.11761 1.23954e-06
9.32996e-07 0.00357581 0.00283725 1.91982 1.10699
0.000481548 1.84559 1.275 0.000329704 0.0142841
0.000444224 0.000339521 0.000215499 2.18117 1.07689
1.35008 1.19606 0.0696718 0.000265306 0.0114941
0.00293652 2.41822e-06 7.34392e-06 1.23505 1.74652
0.00258313 1.64865 1.30813 0.401781 0.00214618
0.00557469 1.44295 1.35988 2.44558 0.00101822
2.05719 1.09562 0.00774481 2.64201 4.70072e-06
0.00023912 0.916454 0.633118 1.79354 0.00155059
0.0632538 0.0595671 1.41184 0.707383 0.911924
1.18696e-05 0.0209397 1.14068 0.000167687 1.73519
0.37267 1.53763 0.00395677 0.000232547 0.91228
0.00789884 0.00699769 0.574856 0.925774 1.65748
0.00037127 0.654974 1.17087 1.22842 0.0018221
0.000325827 0.000512719 4.00332e-05 2.89571 1.44865
0.0235365 1.93823e-05 1.28215 0.000188484 1.95039
2.16985 0.000353704 1.31359 0.979841 0.190595
1.12419 1.07272 0.00388609 1.42278 0.00211039
2.56585e-08 6.64145e-06 0.000456516 2.17158 1.1419
0.000892187 1.57395 0.0607976 1.44223 0.00213924
0.644444 0.6715 0.0359509 1.49972 0.00129657
1.53823 1.44857 0.00528423 0.000310564 0.0134549
1.88368 0.000307057 1.11228 0.844619 1.23306
0.000855619 1.93574e-05 5.41157e-06 3.11539 0.0103884
0.000313452 1.20134 0.0461758 1.9358 0.00167357
1.75562 0.935007 0.0111747 2.25473 1.24932e-05
0.0333983 5.44422e-06 2.29569 2.60253 0.00112241
0.000329347 0.000541026 0.000138597 3.08389 1.28138e-05
0.00137077 0.874873 0.604393 1.71217 1.16215
0.197271 1.09538 0.00278349 1.79213 0.0134337
0.0083069 2.15016 2.02637 0.0428055 1.22777e-05
0.00403362 3.32168e-06 0.0032005 2.16561 0.973216
0.00508934 3.07753e-06 1.27279e-05 2.14048 1.23422
0.000276443 0.000454119 0.000498634 3.46686 4.08783e-06
6.07224e-09 9.89828e-13 1.0176e-08 5.63629e-05 3.04566
0.597632 0.5628 0.567119 1.60657 0.00189436
1.03881e-06 0.00398134 0.00275045 2.0352 0.914607
0.00032576 2.68263e-07 0.00529337 2.2305 0.749729
0.0413109 0.0189634 2.47618 0.000364013 0.00248075
2.66864 0.0603749 0.0168785 0.00194169 0.00890117
