70 14.7185
3652.12 1230.63 1137.51 1318.55 1522.18 1951.85 125.57 1669.16
2188.08 1330.53 4077.12 138.046 1267.34 291.608 281.686 433.533
1355.52 3480.54 1454.11 244.422 1376.9 1332.67 583.06 1407.37
88.1901 66.5618 197.839 4276.6 876.103 2245.76 608.045 1242.39
33.9156 65.2501 1507.9 179.176 1807.97 33.3025 3559.69 0.111354
33.7932 159.665 346.263 228.606 5611.05 1265.16 51.1471 345.311
0.335885 0.460475 0.940934 1.67931 163.12 5589.54 97.7631 351.495
0.100394 25.2354 287.394 338.267 447.605 3.51065 5780.31 11.417
0.058395 0.311049 3.63013 6.54481 1.74998 0.0144851 2151.37 4252.88
0.0225787 0.00636901 0.0378901 0.124476 0.219563 0.812802 0.0657439 5519.81
1.30435e-06 6.97498e-07 2.82149e-05 0.000232121 0.000326029 0.0257885 112.724 3755.66
3327.37 867.229 1126.76 1322.69 245.761 908.168 300.799 911.687
2831.43 3026.19 14.3836 1469.7 2021.91 2127.98 2250.85 1229.91
2725.22 3437.27 389.628 1298.27 2208.62 813.289 1443.61 406.772
751.257 3251.74 2541.09 188.214 1560.05 379.172 649.244 1633.89
0.00307577 0.00140276 0.00786439 0.0236911 0.0114839 1.92587 23.7937 5343.22
0.265058 0.57241 1.24123 4.70991 7.37992 1382.72 5452.75 321.186
4.09081 4.45002 41.6319 188.007 778.643 5272.75 1.28866 297.947
2509.51 1229.48 868.698 2154.63 803.485 136.314 156.609 2924.66
75.6325 3.51003 1288.91 4111.98 1408.7 708.197 365.657 937.761
2385.35 234.246 950.257 2365.11 181.848 333.637 1676.69 2815.42
104.082 25.9863 3964.84 193.611 249.012 288.926 2840.5 283.596
0.141921 0.149926 0.190621 77.4287 107.497 5019.61 150.316 496.481
2401.06 1725.61 703.418 1157.9 2316.08 322.773 1917.17 278.23
2253.57 457.073 1198.05 1199.61 2512.97 534.521 547.863 220.471
984.293 2965.95 935.807 647.982 2774.19 1206.68 1697.56 290.853
200.585 610.338 502.082 3949.62 77.8136 1442.24 117.707 1224.79
1707.2 316.703 1743.15 2822.57 773.463 571.935 1718.76 2338.51
15.5519 11.3298 74.399 128.447 1116.65 5257.95 53.5017 155.511
190.307 3084.63 13.5365 859.557 3117.1 654.034 1897.85 543.311
277.089 3208.53 892.419 672.166 288.47 1870.56 840.6 2734.32
1283.53 770.062 749.992 3817.97 1198.38 237.258 788.581 1705.47
64.2322 180.134 378.891 76.6483 5166.67 110.898 1120.19 640.306
7.28121 169.171 1238.43 458.523 999.516 55.5465 4278.66 89.4554
0.00665024 0.391298 0.171708 0.289144 0.635717 7.32485 17.2294 5092.28
457.801 2774.25 2322.06 891.766 1078.15 2172.06 907.958 497.469
148.037 875.676 3508.16 515.611 969.514 42.4521 1968.05 1862.66
0.0849929 2.8923 7.14979 1.33893 1.01716 11.4853 11.2371 4635.58
310.487 2586.36 3266.82 419.432 1732.59 1854.22 630.795 2421.13
183.213 2876.36 2399.07 1364.65 202.76 2627.56 1064.91 2013.88
3.52308 5.08379 43.3273 45.3623 462.022 4520.44 194.021 74.118
126.962 243.728 3727.24 459.409 2930.98 985.532 691.521 213.057
0.256111 9.40529 733.062 507.886 908.924 64.8705 4437.89 3.58699
45.366 281.012 744.708 4180.96 1274.05 1104.44 91.0541 1906.63
1624.96 2325.23 730.608 633.259 1822.08 2501.12 2189.97 644.595
631.558 827.717 3401.09 1086.77 1651.05 161.324 638.23 1344.49
2664.6 900.825 500.198 2770.52 1677.61 104.292 388.481 2763.13
2553.96 811.097 528.675 1961.83 2044.68 1444.69 2442.75 137.95
13.0706 4.0281 3.6314 56.295 173.872 382.612 0.93751 4430.99
1001.98 391.183 3633.3 786.755 1633.03 2236.99 647.876 458.281
38.6585 436.506 3862.84 319.149 2265.29 86.1079 691.867 1680.63
600.803 1656.33 3020.08 2439.83 568.104 955.378 1386.01 1896.76
28.7409 195.071 3834.75 796.782 1574.89 483.958 217.456 1875.42
491.639 2188.32 2520.38 298.222 320.824 1560.97 3529.67 6.47936
2187.35 1180.83 3226.15 1420.64 1368.24 1458.62 579.283 871.579
0.0816167 1.55857 0.473359 19.9562 696.315 174.881 4492.99 3613.07
2072.04 1766.2 463.582 2457.35 1410.64 1545.81 988.912 1183.97
577.809 635.364 1804.77 1848.86 2405.49 27.6851 729.579 3392.97
1461.02 3210.89 1063.14 2465.68 1243.17 611.835 1420.24 1757.4
16.4901 12.2593 140.026 94.1061 22.0298 125.284 4693.91 128.885
2.88849 7.42223 37.0683 13.1184 10.0601 0.349407 5278.79 1441.67
956.373 1701.82 2736.04 1210.95 1123.52 562.673 1213.62 2571.97
56.1164 109.796 300.393 58.7071 5426.09 699.068 84.8137 429.162
126.327 64.8659 256.897 3329.52 1416.5 728.49 2816.44 1316.12
427.02 298.87 2434.5 2624.57 1245.57 990.019 770.553 2541.51
1684.72 2549.62 302.611 991.358 1840.92 3039.84 603.519 859.338
1000.79 2530.96 3537.94 894.763 267.118 2512.8 1363.22 964.772
22.3678 102 107.838 50.3782 5473.24 392.375 145.978 181.284
0.00885341 0.00890039 0.0228727 0.0513097 7.9494 4621.15 962.946 62.0699
1412.33 1073.27 344.755 4242.66 63.9883 803.879 174.949 1593.13
1530.64 429.784 479.86 1984.64 2923.06 2128.51 1178.09 1280.3
259.245 2908.31 249.367 1556.57 500.514 2963.83 1911.91 231.072
13.6964 109.131 114.447 2.49687 5036.99 394.389 742.033 798.536
1404.03 1272.16 2697.58 152.578 1867.51 1684.13 2098.81 320.457
485.919 2626.86 2538.23 1396.96 1824.63 256.203 1283.88 1037.09
2195.31 1855.42 2886.95 901.316 1626.24 1025.05 1993.53 1448.74
494.603 1019.03 3577.24 585.22 1751.32 17.8459 2856.89 1983.3
1584.7 1008.57 1351.55 107.678 2483.39 500.292 2416.79 692.641
981.742 2252.51 602.248 2297.75 60.8056 1240.89 1500.62 2177.98
1168.68 612.567 1325.66 2505 10.2331 1320.47 230.019 3222.5
2228.88 2397.9 1209.51 366.5 2052.15 1241.28 2250.86 1406.82
941.668 463.65 3691.21 2024.99 876.889 774.002 789.733 2131.05
209.711 1021.74 1378.04 1005.63 4560.54 5.70962 750.705 1024.31
179.519 69.9612 164.51 1157 2197.1 858.862 4073.33 4.36635
2.24576 350.057 45.0742 2857.19 1657.94 3747.03 304.622 222.759
2126.47 824.357 2091.08 2657.13 423.316 484.925 2435.71 383.535
0.677221 99.1788 421.435 2346.1 2578.15 2678.94 1758.33 2137.4
2583.93 8.89012 2941.25 1474.14 965.143 332.828 1202.66 2047.24
761.809 1117.27 3087.26 1799.27 890.103 2051.06 1143.63 261.575
73.3503 308.564 29.0284 3624.18 902.605 1022 3150.09 199.588
696.313 1219.97 1011.91 3367.75 1613.95 1803.54 809.105 1399.12
1039.3 2090.62 3386.55 293.205 1678.85 721.012 2108.78 1681.16
2009.42 114.886 1285.79 1885.82 211.433 538.722 2491.35 225.158
1942.33 636.408 910.538 1751.5 3080.66 651.505 1072.51 266.435
3.97833 32.7032 42.1481 140.948 534.761 2883.9 3878.12 72.8874
343.84 221.762 231.404 3238.32 3219.57 1051.04 217.341 1275.59
1559.66 1179.9 2599.93 663.199 1224.76 1827.45 1353.45 2169.7
1481.5 331.17 28.837 1219.87 2427.93 2844.97 1371.3 977.876
1875.93 1006.14 592.695 2056.78 2100.36 214.055 2782.55 791.765
780.989 3077.64 156.893 528.866 504.285 2936.47 57.7878 1160.63
2129.39 536.961 2396.53 1323.38 10.5751 3179.11 260.88 1769.04
0.503549 531.811 370.388 89.9224 5311.6 113.757 726.729 2808.56
632.99 993.151 664.307 992.445 803.987 1307.54 2361.77 1655.49
1214.34 704.54 868.049 2133.63 1460.75 2353.28 1881.27 660.014
1243.12 903.137 2261.43 3122.36 669.214 84.7471 70.6287 2951.99
405.354 2829.52 1501.38 49.191 3245.46 402.362 679.603 505.613
1196.57 618.633 480.067 1817.41 601.53 1125.16 2509.73 620.497
1247.38 1068.24 342.867 510.784 1918.79 3281.9 36.4855 1595.69
92.1902 586.821 3150.43 3043.62 301.726 2551.75 978.982 1360.87
383.181 166.44 716.306 2392.22 4420.36 494.373 295.735 335.146
2676.44 3446.54 1161.67 70.615 525.185 88.1138 847.906 824.863
718.179 1090.3 1481.15 926.972 1581.44 1627.78 1569.53 2388.53
1135.33 2745.53 837.296 88.1401 3567.16 1018.97 285.386 640.506
94.4131 610.481 693.237 425.233 4388.4 355.339 79.6056 1476.39
1733.83 573.873 618.001 1293.38 2530.11 881.332 450.17 1738.57
128.817 275.824 3167.79 1638.02 986.875 2081.47 661.231 389.992
2051.92 364.492 941.399 2110.95 732.832 1455 1721.33 1995.54
137.361 597.303 675.133 9.16874 5265.85 436.198 812.504 635.095
0.131816 0.0227212 0.909786 3.97594 1.46891 14.2642 0.978587 4998.11
816.5 38.218 1218.88 1728.17 2500.27 2781.16 505.781 1688.53
3.02427 4.65779 19.8504 0.051907 14.735 35.6043 5404.25 327.291
644.271 1811.33 1882.2 328.055 1166.6 568.405 3234.98 55.835
269.823 157.157 695.588 3704.56 448.04 439.142 1209.18 2042.37
19.1721 23.0948 59.2178 196.321 1200.4 4195.65 6.0851 245.099
63.0963 337.871 456.366 3882.63 2384.27 229.242 579.371 2184.98
1988.66 1494.46 1674.23 1142.87 707.842 1231.73 1999.15 1950.65
886.273 2055.71 1257.51 361.532 3147.22 1105.89 486.217 64.4264
1062.4 339.105 237.738 340.071 1956.67 2736.88 419.232 1337.53
1016.9 1538.18 1067.47 1605.78 0.757847 561.602 940.293 3093.6
1659.74 3.95582 544.849 3401.06 3607.99 1433.66 1621.27 969.253
50.3971 98.4203 226.793 126.885 4665.42 616.777 2082.66 92.9433
657.748 1786.9 833.938 915.878 3529 15.2382 1699.16 2469.07
130.166 148.174 82.4866 63.2409 716.053 653.53 4005.86 18.4248
0.0288784 0.0118219 0.0360906 0.839315 2.10573 161.572 4916.28 674.811
79.1812 1569.34 2735.39 3137.5 1800.82 947.761 283.005 693.463
129.83 48.9535 66.8503 1977.63 317.034 275.427 3950.33 53.641
484.187 1129.81 3119.06 1117.79 2223.65 234.249 1200.03 1731.49
90.5977 198.025 216.298 164.731 1234.46 3963.57 162.048 129.976
1891.15 1060.56 1598.55 2270.53 2475.11 1698.91 1143.19 578.252
340.387 1050.66 1337.98 1714.58 246.284 2003.81 2284.37 779.819
105.843 383.211 774.359 1739.57 1608.92 3388.56 703.169 158.26
715.979 585.7 1964.71 3435.21 2011.56 1480.94 1931.48 167.409
1973.01 1680.63 2937.1 1636.27 19.3358 3.78947 2205.11 1915.86
1089.84 1522.47 1484.95 621.529 2220.09 1555.63 425.648 1795.62
214.797 542.091 284.669 3266.92 1853.75 851.194 70.7797 1613.93
111.068 154.839 380.231 3553.63 628.021 1736.64 1139.89 249.66
56.8218 64.3746 2857.14 2286.84 848.478 2478.11 1214.7 1800.95
680.786 2693.31 1235.91 1231.16 2719.04 530.565 878.972 425.409
0.0938827 65.4269 136.921 87.4928 3903.79 3886.73 446.536 579.234
942.928 1139.78 1273.27 174.876 4081.81 2421.43 11.2428 611.108
370.993 2300.73 1333.83 229.108 2485 293.736 467.817 1419.61
186.055 2583.9 2985.21 642.495 2004.49 89.2364 1442.45 2078.41
1.87613 4.33984 19.5278 5.86801 934.142 302.341 4559.24 32.1004
1372.31 321.927 1347.76 256.382 1573.54 2062.15 2554 26.7358
1785.95 968.471 1292.17 167.024 2101 63.4886 1638.22 2801.89
197.861 1886.63 1265.37 732.622 1225.34 170.063 11.8462 3483.98
1.69846 0.729526 0.0771352 13.0479 429.907 2606.62 3723.01 3001.16
122.058 882.52 2670.39 2177.46 1021.57 2576.44 1366.12 387.342
194.996 2128.29 358.788 1429.87 178.845 193.509 2653.52 1774.02
33.3019 21.8194 11.4973 406.842 1155.33 1322.97 35.3282 3501.27
897.221 669.016 806.191 246.47 2425.53 2322.86 1446.11 1677.92
25.0008 1443.69 1694.29 523.239 3966.54 661.49 62.8044 3190.39
0.0120118 9.74266 16.2108 24.571 10.5879 76.7818 9.75018 4119.33
2.02117 270.88 1698.28 3391.64 1440.38 82.8423 3163.27 947.042
4.66427 6.36993 5.18015 34.4883 19.8635 10.5782 5153.27 96.1055
875.238 445.804 501.056 2206.68 241.289 3079.66 1237.3 355.01
685.253 2832.45 470.12 420.102 2333.91 116.717 748.724 2033.68
236.161 271.41 154.24 3517.84 2760.12 1926.26 2221.01 1084.54
57.9552 1028.55 1933.49 811.319 2811.68 1542.56 143.672 2981.98
32.7162 113.315 115.364 89.9352 4724.84 1020.87 117.007 1713
91.9038 93.8633 2200.34 2553.05 2634.89 428.871 1250.3 101.297
1904.27 1635.02 2443.96 657.694 1476.01 3198.69 87.4383 1342.26
1148.37 2347.2 631.557 2068.23 1320.72 1131.65 1236.81 864.227
174.377 728.715 852.209 3785.01 2410.96 499.742 120.29 1759.11
0.156259 0.134863 0.234714 0.446674 0.153562 2.52672 9.75219 3843.31
500.486 1365.77 2468.49 2258.06 1091.43 933.013 548.504 2667.67
226.265 1924.59 1830.73 386.833 2084.14 115 2652.8 1430.43
265.583 83.6591 131.164 2047.98 2082.66 21.2207 3336.16 3448.61
722.3 1332.45 1940.12 2003.54 970.529 1398.92 2199.81 1659.13
173.279 141.839 1073.64 69.8896 3843.67 71.6508 1340.9 525.424
751.691 676.878 1560.68 2882.07 1645.89 973.474 294.329 2205.54
0.00349485 0.00265645 0.00273584 0.0154909 1.04549 10.8577 5.26317 4878.02
0.709563 32.6937 47.7575 2244.36 2314.45 2040.16 3052.65 1008.45
1908.52 1763.11 579.027 1518.02 1004.21 95.0456 2563.25 874.855
2393.55 2510.21 276.046 4.8259 390.952 124.762 2632.77 1989.1
1045.42 1103.03 2763.04 2071.88 701.545 76.6537 777.978 2259.29
80.491 1578.69 2460.23 1028.57 2280.56 15.3514 958.079 699.337
2705.96 1024.24 1533.61 401.475 1064.74 308.924 1265.15 1460.06
914.21 863.309 640.519 1628.68 2302.85 2395.47 1461.91 279.666
63.6547 575.629 1781.42 3181.97 553.194 1000.17 1051.3 1759.1
14.3321 654.354 1048.89 664.124 4313.35 791.348 134.113 2029.94
802.336 1377.21 767.348 609.287 1969.49 147.657 595.738 1153.62
455.829 2413.76 968.204 953.254 3192.78 310.018 265.631 451.481
2576.22 1120.05 556.829 1934.9 792.175 634.518 132.797 2762.09
1117.02 2569.09 3063.52 1313.21 1876.55 1248.2 357.825 381.554
151.055 557.281 714.304 526.562 1374.96 0.126693 4213.73 2693.22
30.6385 26.6923 68.5929 0.42528 70.935 134.884 4812.91 323.4
742.89 76.4668 1131.93 2192.31 159.741 1356.91 2683.7 1444.84
558.076 1361.55 832.752 448.984 3519.93 1489.11 1382.38 310.889
530.518 1168.93 2394.08 706.453 3061.4 971.285 1.53539 2123.27
34.4911 10.4872 1.99097 14.9989 32.8705 177.515 4615.98 1526.32
19.5682 1829.01 1385.4 831.174 2890.28 977.773 670.281 738.818
319.299 716.26 2383.79 1164.36 60.017 2996.14 1658.28 415.57
669.503 2047.17 188.255 823.297 1836.79 2031.1 692.892 589.407
16.6545 81.7622 733.918 918.94 3657.78 2838.1 970.835 121.532
51.7148 353.028 267.539 49.0169 4956.39 17.967 1239.49 57.9539
0.0134133 0.00287133 0.00122943 0.0175366 0.514614 201.241 6.18141 3666.6
222.752 1295.52 2243.77 555.546 3265.24 1347.13 1235.69 516.033
628.516 370.274 795.054 2926.39 2250.78 400.527 2658.41 1160.24
1831.35 1394.64 1345.16 1787.01 3271.02 656.883 832.165 67.9014
33.4547 226.271 2782.76 2313.52 956.433 2899.76 2335.27 470.582
282.411 124.233 502 3172.08 669.387 681.669 3224.25 277.883
483.929 29.9289 0.323891 1834.14 3978.6 1196.53 885.396 3129.65
261.906 563.997 787.781 2671.21 1876.43 1709.95 2496.87 1141.35
1851.77 2200.6 2938.99 32.5519 2762.83 619.787 937.983 2175.92
1801.61 1192.69 481.927 2145.93 2188.49 491.123 2463.11 162.445
383.146 958.079 35.0874 21.4408 2120.98 3437.17 836.114 1709.98
857.599 1631.44 1794.88 1526.9 2147.99 64.9372 1404.82 1463.27
437.483 984.045 398.127 2094.36 408.607 2669.31 2212.87 380.098
75.2864 907.511 1092.65 1056.59 1102.38 1625.64 2463.18 476.423
106.875 450.2 1215.89 265.639 18.5323 378.996 2522.72 2869.14
171.232 193.113 445.029 865.857 3.00885 340.277 1.55771 4836.09
740.776 2227.79 617.072 1431.52 3145.38 1756.12 1523.06 452.76
0.130918 0.747468 1.00989 0.402407 275.082 442.925 5013.27 1177.57
1076.91 1712.92 382.179 856.528 1340.35 1606.03 2428.57 2100.29
18.9544 188.97 177.934 54.0345 2938.6 71.4767 544.267 3295.23
166.47 600.257 2506.42 797.43 170.45 3242.85 172.1 2656.95
0.736749 44.2944 561.889 846.564 669.918 654.417 3811.47 56.1295
522.542 2571.17 516.916 2793.57 385.922 1853.58 2064.59 1884.69
2.49229 2.53075 2.42084 0.430479 2.25292 2.66123 2.77533 3962.74
0.245127 0.198219 0.202367 0.737862 3.57915 4298.55 374.216 1818.91
99.5656 693.996 2162.1 1190.94 3726.05 1109.23 1295.56 234.078
101.772 464.017 1579.67 3091.2 290.682 2966.44 129.327 905.829
9.98446 117.074 154.334 137.032 4815.23 277.79 1131.79 1351.28
0.325314 0.382123 0.795561 0.700637 31.7695 4918.2 780.005 1319.42
62.5404 457.097 3.81647 3484.11 1391.33 722.636 1113.97 75.0277
283.408 697.825 849.53 674.193 3450.8 1176.57 1539.02 242.194
1165.33 1948.73 2186.43 468.911 797.818 2610.55 167.157 1300.5
714.002 689.039 476.78 2562.75 1265.49 264.081 2621.39 1643.61
5.77553 368.117 511.355 175.908 1898.85 1802.83 3060.91 24.5781
443.449 424.43 2220.17 2463.84 743.014 1465.48 679.621 1826.79
305.722 546.299 1210.67 2035.62 2325.4 2103.79 40.4854 2401.98
1642.86 1561.94 647.381 1493.72 1595.16 2092.91 2125.58 162.964
1430.33 232.889 1322.88 212.825 1652.42 3652.84 105.711 1321.44
614.521 1498.45 1126.7 1689.69 1078.74 1967.97 2234.72 1098.9
1075.36 751.387 2777.19 1447.59 1682.93 1195.53 1213.39 1292.31
1153.64 1428.28 1420.09 2784.42 1963.64 1106.76 807.61 467.659
534.344 2469.34 1647.64 2592.17 2494.87 1752.51 1841.67 365.222
15.9929 14.4776 15.0852 2747.05 1537.36 1809.79 524.566 2516.12
39.5534 1155.88 1400.15 792.553 3318.71 282.686 393.011 749.962
442.832 2251.09 1522.04 140.373 2027.73 1508.48 739.383 1249.66
41.6462 356.077 2375.53 18.7288 1211.45 3117.3 3285.29 163.031
135.256 100.054 3213.61 1018.02 2964.27 485.696 328.494 234.48
272.086 107.462 1882.32 1281.15 1275.86 820.616 3128.28 196.155
255.271 1309.48 1144.25 2700.44 2080.96 1665.68 576.751 1497.17
1749.77 167.56 715.32 289.912 3875.56 739.493 630.533 20.1172
1341.18 576.822 1858.63 2754.68 1019.45 1152.79 116.051 1878.66
102.558 1255.68 1185.03 561.937 4127.74 952.1 172.478 268.443
242.747 1114.31 2754.64 1410.97 624.057 532.167 1386.15 2260.68
629.293 1550.72 2007.54 1027.94 3406.02 363.24 52.8071 533.437
211.563 269.551 3352.34 953.514 66.1025 478.126 1309.86 1904
272.547 408.808 404.002 1902.77 3299.01 2989.04 1104.85 729.907
170.388 2381.62 379.633 2285.25 1482.19 1829.47 65.4002 1621.26
2127.26 2653.74 33.2338 615.81 1321.91 1780.86 2895.27 1214.78
1326.48 979.178 2527.25 137.301 1023.23 3184.8 1623.41 333.585
25.3198 2220.86 2331.83 1394.97 2492.95 383.811 364.473 2583.48
273.884 199.466 88.4209 900.278 4623.74 472.939 369.169 248.184
195.853 2004.63 2581.17 2993.37 1147.69 1641.5 539.507 1167.72
236.256 391.066 1125.15 1920.86 537.869 3840.12 31.3428 1686.71
59.8148 786.915 2102.64 485.844 3997.21 95.7049 474.025 1193.15
222.348 212.247 184.595 2972.3 1207.56 1736.39 2377.99 1013.45
3.20056 1.54497 1.71782 25.874 175.865 248.956 0.235831 4252.77
33.4465 49.8895 146.146 301.692 825.447 4744.71 26.647 1011.32
54.1324 89.0862 1772.1 3027.23 417.348 2544.66 860.496 164.638
384.548 507.879 514.516 979.055 1520.53 515.802 2743.5 1580.54
22.5138 938.752 578.661 3.81199 4267.84 1158.05 591.538 190.191
120.724 508.829 3333.95 392.036 629.479 25.7576 2722.77 450.509
327.5 2452.7 2411.75 22.2641 2688.09 674.721 463.373 216.674
51.701 21.1155 52.0207 56.6903 380.312 4720.91 42.4561 173.88
537.664 2001.19 1866.44 1112.6 1772.43 101.341 515.742 2939.96
65.7203 253.561 3004.85 1310.15 2801.4 35.883 1590.99 640.381
0.695058 1.74663 6.25242 1.4606 1.93182 0.937449 5198.25 1112.4
623.073 2066.82 1386.98 15.3009 3500.37 843.39 923.282 51.3114
4.8254 13.1498 17.1812 729.996 708.36 3477.3 22.7661 255.334
233.747 735.961 1373.89 1074.64 2906.21 270.403 2772 654.224
281.537 964.352 997.634 50.3896 3810.39 885.718 90.7268 985.665
1917.91 1544.33 1727.55 337.134 2701.79 1963.86 873.931 591.636
21.7833 36.7378 60.4086 23.915 4874.17 226.566 536.06 172.352
7.37953 842.516 1361.82 1081.1 2729.42 648.867 1767.26 1934.81
29.0387 1077.9 2028.03 968.613 3352.42 581.223 686.681 286.485
708.148 1087.8 1979.58 82.6608 2437.07 373.991 413.129 2057.71
7.42481 22.3647 2964.67 158.804 1196.77 1890.06 1482.77 835.956
840.686 2461.4 1801.45 878.63 28.1788 1436.81 2772.52 1783.99
49.2297 472.813 1438.51 554.105 2612.27 179.607 1701.03 2072.65
90.3981 499.693 2640.18 756.344 2129.17 667.628 323.352 1849.06
23.1645 117.138 322.696 437.386 4993.05 1456.43 131.157 104.577
1303.06 1958.69 1563.13 1456.6 322.516 560.059 1482.87 2823.32
317.299 2034.27 1897.2 1698.39 1695 1478.08 1144.18 1130.96
1209.65 260.477 1909.64 323.04 4020.9 342.884 1520.06 151.322
702.77 230.645 2142.19 1766.93 2360.48 728.278 587.467 331.445
0.000439108 0.00967827 4.80611 3.6673 11.8229 34.2 5037.93 385.883
931.729 1679.94 3035.37 1772.47 1750.07 732.112 315.866 259.982
504.956 596.71 1010.23 2721.26 1077.78 2509.18 471.232 815.867
708.719 2659.41 1511.98 1732.74 1358.54 292.054 1727.91 726.699
786.463 1143.18 1678.14 1917.54 2520.02 583.213 472.496 548.836
521.258 2336.86 1407.51 1223.41 1488.77 154.749 1270.61 909.855
391.991 201.134 419.554 545.703 2740.55 3522.43 564.172 153.523
1106.4 1985.07 1035.69 1259 1704.35 104.624 1837.54 2613.18
922.167 1666.58 1195.51 1580.89 2667.15 884.25 792.482 517.463
648.541 1864.22 2480.96 1460.94 1978.9 626.137 366.202 1232.56
107.157 1541.49 879.458 872.668 4306.37 30.7893 1260.93 1367.64
1.24722 5.86831 13.9038 56.6226 41.5076 780.828 3654.82 99.6212
409.064 16.1019 2277.93 2997.13 535.897 805.393 1801.61 1131.06
6.00889 5.46598 2.85045 8.52762 53.6948 4416.03 111.293 2622.81
367.959 316.385 1613.83 2527.94 2371.49 1278.83 2270.5 1245.4
729.177 1236.55 710.483 3663.37 849.584 2152.24 1038.41 486.834
605.534 1454.24 659.346 35.5101 3391.94 1414.37 69.281 2790.08
20.7057 118.569 285.339 386.055 2255.31 2443.01 1093.67 2239.72
1636.74 1239.54 588.856 2314.94 1061.05 445.302 226.066 869.62
215.614 1410.25 2631.27 587.563 2212.67 1015.86 58.4934 888.796
1202.33 1279.86 568.196 2371.34 1713.06 993.485 2772.09 683.152
86.8542 1970.85 1516.34 977.455 3471.17 1616.51 89.2715 801.97
1.22997 1.36852 2.65202 2.00853 0.903536 0.13609 90.7964 4282.27
167.517 2717.57 1833.38 117.654 3275.55 784.484 239.187 197.504
10.8302 630 690.273 134.063 648.436 252.251 2900.2 1335.59
9.13966 3.18754 1.49696 25.7707 60.3825 86.8639 1.30522 4388.11
24.5912 31.8902 34.135 123.635 880.486 4983.98 116.687 0.943259
407.496 410.981 928.129 1343.91 4059.64 363.692 6.9385 1827.2
1778.13 296.516 1574.53 2694.26 1122.16 189.087 103.152 1420.85
128.983 1200.04 1040.01 1275.6 1429.12 2485.94 57.7408 2699.02
0.00570993 0.533028 52.2009 738.471 427.428 2155.25 3605.23 628.48
88.8057 198.685 2795.81 1862.59 377.67 412.219 2387.82 179.128
323.019 1404.9 979.985 1408.52 2462.95 2287.1 382.839 1010.41
347.221 230.609 2910.28 1616.23 1837.74 1597.58 1861.26 516.186
366.321 1194.29 1753.96 144.871 4235.67 227.709 46.6553 401.852
237.841 797.097 1421.4 760.477 2168.22 871.357 1137.62 2472.28
478.38 1469.92 1147.81 773.338 2582.61 46.2536 1147.98 2308.26
89.462 84.0881 62.8714 312.244 364.707 3339.28 1996.63 49.7427
874.171 486.935 2428.46 1502.66 696.819 267.609 3005.54 768.046
0.864584 1.36061 1.23301 20.3353 270.021 2147.53 4837.34 10.8665
156.372 1610.83 2891.03 1247.17 2600.34 197.068 1911.72 383.882
779.957 355.261 990.575 2469.07 425.147 1616.54 2565.11 1491.07
213.132 570.126 3313.14 1099.9 1403.41 1749.27 138.55 1966.56
1292.69 207.411 100.026 2445.02 1312.91 1044.62 1930.63 678.31
193.228 344.855 1936.55 1039.56 3773.48 549.641 5.88999 1414.13
0.00501478 0.159287 0.14468 21.3637 1331.91 3401.52 3422.81 571.199
690.003 806.838 1116.49 2893.55 108.273 3181.05 887.686 77.058
470.504 815.385 645.652 9.23933 4059.03 486.271 434.601 1073.87
197.007 1317.5 1880.18 576.661 2382.53 494.419 1552.02 1501.91
645.737 1213.78 2722.87 1136.63 1677.08 926.31 1095.53 230.298
189.151 1351.02 2025.82 668.497 1703.35 2360 948.912 127.34
43.7681 46.6597 87.5473 3654.15 3042.05 2269.63 462.254 580.087
84.8713 342.445 1910.59 598.657 2915.09 2352.37 142.073 784.476
296.061 1099.48 1948.95 113.09 1641.7 934.688 2019.59 2322.75
674.272 512.476 2104.39 1777.55 212.077 738.94 2676.29 1817.37
110.698 895.798 523.627 1586.81 1879.1 3217.43 85.9997 393.613
2692.77 1468.99 1617.63 1102.51 827.169 1967.76 571.141 48.2309
1133.21 2000.98 1279.78 1804.3 1309.55 1947.97 2222.66 258.677
332.397 1076.84 1662.91 799.589 4216 420.171 108.277 60.3056
265.54 1126.12 3307.52 1485.72 380.649 508.44 1072.13 1691.79
158.511 1600.08 2161.7 288.675 2146.44 759.278 323.453 2628.39
227.957 165.427 47.9653 305.6 1408.54 3924.72 2029.47 3.44035
114.999 84.523 147.174 1644.06 511.208 3627.56 289.372 0.225809
64.8161 905.323 1120.2 536.898 3173.48 2855.61 466.869 1238.21
76.4983 113.227 1809.37 1870.44 344.113 1069.37 2840.75 1286.87
6.62169 21.155 1315.16 1283.7 2135.59 1019.18 2299.82 2645.05
1675.38 659.849 125.621 2105.03 799.159 1627.6 2622.7 552.219
660.892 1027.56 977.101 1668.7 2673.15 1988.36 1167.24 280.874
209.762 864.541 1279.34 3053.93 923.049 2528.65 6.18146 486.929
17.2154 42.601 2119.06 454.754 3581.68 2755.9 254.387 1339.12
1348.61 2081.44 1797.36 1171.9 2092.71 865.246 273.486 661.773
177.091 1261.9 2074.77 1064.78 1216.35 1984.61 2551.01 79.8791
349.064 2698.49 2689.75 1371.72 3279.52 523.429 535.463 42.5364
18.8879 1459.9 889.818 2293.32 855.589 1590.17 2140.37 1542.96
191.305 324.693 758.929 565.571 3437.89 144.105 2261.59 1723.96
525.854 686.481 2833.04 540.39 1982.87 2116.79 832.568 657.573
864.883 2023 1951 44.4096 3389.32 1604.55 1616.86 1166
81.0508 263.924 127.838 577.391 3736.79 2489.06 346.299 569.519
212.811 1652.14 1841.87 317.557 2294.33 1073.97 1005.37 1039.73
0.00962571 0.0142178 0.00575522 0.0037606 3.82145 7.33278 66.3552 4683.13
227.713 327.297 2370.81 2642.38 1466.84 2300.57 432.142 652.804
206.117 311.589 2067.08 1349.96 3020.43 578.605 2971.98 401.956
225.67 56.6306 1825.81 1598.49 1173.82 1462.12 2720.56 180.484
377.947 1252.07 2602.11 1702.21 1447.33 1920.83 1589.64 2182.31
63.6403 241.892 484.286 251.11 3703.41 1246.61 795.573 417.169
0.0576241 4.40101 6.49395 1049.22 375.786 3523.5 262.984 3178.16
538.578 237.452 1640.78 855.138 1941.94 151.477 2041.73 1541.91
53.3797 1845.14 1266.78 1359.06 3356.77 527.363 138.627 1015.05
355.007 478.605 679.142 624.932 1721.79 4038.62 50.9194 983.942
0.941541 1.74698 58.3279 500.819 364.963 3144.03 1319.96 183.493
1834.27 865.499 3610.56 186.913 1186.5 729.673 137.097 1423.48
0.0228578 0.000328252 1.87579 39.4412 259.338 617.301 3497.82 2837.83
0.00857368 0.0550723 22.5292 9.03022 291.338 171.392 3774.67 3002.98
240.77 2017.96 265.318 2947.13 2466.84 1770.02 1569.31 1649.78
65.972 622.41 1502.09 0.33691 586.51 288.193 3435.06 675.173
566.555 827.286 1247.56 1350.37 2967.81 4.64796 164.324 2228.38
71.5375 243.345 2494.5 1052.49 1922.87 1092.41 2961.45 935.256
461.033 825.711 107.943 3937.39 313.598 1561.65 646.959 1828.79
1009.1 1127.21 906.547 1684.19 1040.3 1121.65 996.425 2114.49
348.296 1287.04 1399.14 1902.07 827.644 1983.72 115.409 2443.04
409.047 976.898 1230.31 1128.77 2913.62 1832.29 1794.8 371.377
831.866 89.0118 2195.84 289.982 1083.57 1782.12 3135.12 291.136
93.949 145.069 814.214 204.997 95.1307 2517.69 2995.68 1308.98
517.64 796.601 227.788 2600.44 2215.81 551.567 2135.33 1859.76
0.326606 0.158056 0.161134 1.88586 20.0819 62.0596 1.7703 3590.74
87.8613 68.1406 2289.76 3175.5 382.671 1136.62 967.493 2437.54
118.247 101.446 2051.89 2110.41 2176.16 1725.62 81.3341 629.138
917.617 1780.01 311.858 368.328 221.516 215.174 2261.86 2736.15
32.5489 167.207 335.977 185.137 2694.09 1910.56 26.6717 3350.62
94.8715 493.629 3704.03 551.523 1765.4 606.05 372.466 2220.68
72.9268 929.839 415.684 27.2673 1738.28 2649.5 641.227 214.064
1101.81 107.151 2704.01 1508.21 2847.93 1420.53 637.148 1186.13
6.15059 6.43318 66.3208 3263.83 2237.23 2042.15 1085.57 2560.7
538.584 289.271 2928.11 2112.2 1717.76 795.694 245.942 1578.64
546.775 268.511 2236.91 1849.9 531.576 50.6955 1210.88 2323.4
112.287 1225.3 838.71 1658.91 3238.25 1407.06 1561.77 1062
237.476 805.583 841.725 26.7983 3934.82 690.65 1353.58 395.882
727.412 1014.46 1574.51 1020.78 2387.7 1643.67 2325.93 200.1
441.903 772.84 844.929 1269.65 945.21 1810.51 652.925 2421.09
5.65412 33.8635 880.134 3748.6 1416.19 868.558 1751.86 2219.4
7.00537 777.179 1033.04 445.663 3134.65 904.622 928.057 1737.51
3.52475 196.839 307.297 1957.97 468.491 2268.27 860.799 3103.07
1232.42 974.403 3024.24 186.482 1849.61 338.375 2227.01 1302.21
385.44 1072.89 2820.63 1260.26 1890.12 1693.46 3145.28 84.175
87.8082 240.507 255.25 35.5362 2590.57 188.973 844.446 3222.7
541.964 1619.85 1566.93 1481.14 2374.46 472.616 1487.34 64.6496
40.873 33.8048 39.9743 68.6799 263.56 4841.49 52.6597 629.939
666.717 751.093 1174.54 27.0833 3224.87 2534.65 681.396 1189
411.692 1612.3 897.568 45.6705 4020.42 81.9634 1690.04 2191.2
730.558 841.093 131.259 3750.16 18.3233 681.092 2464.5 1342.69
856.296 432.381 2468.34 295.014 967.5 1927.91 851.22 2281.59
12.4288 2008.69 1710.86 136.669 2304.01 979.238 850.826 2155.12
7.08039 9.88332 17.6845 12.1667 77.2292 4362.17 1979.87 199.129
0.0434997 0.922995 6.94348 0.569025 4519.24 2209.76 270.597 236.002
264.694 154.748 709.765 584.528 446.392 1186.39 3269.46 239.088
456.504 218.262 718.434 1984.31 1739.34 1388.47 2588.99 843.495
529.725 1472.01 1153.97 698.249 2077.57 213.772 855.707 1795.6
3.40605 6.88695 9.57051 2.44622 4192.94 2201.02 112.498 391.503
249.749 1041.77 84.4483 3382.22 1579.25 875.991 1110.36 407.393
306.747 456.764 563.18 1372.64 3797.35 2179.58 862.375 224.503
247.378 641.311 712.456 848.803 5284.15 1280.11 405.666 151.937
222.655 160.079 261.557 164.734 863.133 2463.34 1344.19 2603.23
206.146 905.546 2357.51 309.977 1893.41 765.48 335.397 1575.7
115.668 671.395 1984.24 344.183 3983.11 191.934 1453.11 299.023
142.092 2540.8 1415.88 626.863 2489.18 406.468 12.1607 2980.18
37.5663 1091.49 1109.52 295.126 1642.04 1514.85 2832.13 1837.12
276.628 568.438 2954.38 946.149 2008.43 925.488 560.556 2497.38
62.0265 162.141 2571.53 1668.41 1916.02 9.45675 181.314 2018.85
1.72264 2.42394 106.834 7.27673 18.4239 4148.73 75.1299 1065.86
0.254169 1.41526 2.59177 73.3986 122.203 2698.49 251.238 2298.61
175.454 350.59 277.623 1557.2 3021.49 2588.1 611.305 1135.83
562.949 24.9828 3613.43 838.734 1046.27 814.847 1966.21 503.251
527.963 2120.85 2132.3 1690.85 2667.68 39.8419 719.297 866.874
992.489 1950.96 1147.1 706.39 2736.66 573.881 2176.52 541.581
1466.92 3209.3 2613.67 937.884 1296.64 1104.7 95.5642 838.733
326.463 285.629 1185.28 1177.46 1364.36 2093.18 2599.36 17.8242
862.129 435.936 1817.67 174.513 1887.49 2361.68 1185.3 1122.41
0.403294 0.138793 1.56874 4.25678 153.021 4015.16 2481.99 1199.32
40.5088 35.6 140.004 3913.26 2489.64 513.795 768.168 224.454
223.962 1875.08 2113.75 308.442 2503.33 1292.08 2311.55 153.638
3.0573 671.693 1737.28 29.681 4491.75 1691.47 636.302 296.745
101.678 378.31 2557.59 2768.95 956.934 1427.01 774.896 1764.33
7.073 850.853 1588.49 686.245 3138.63 558.945 53.9042 899.853
1923.92 567.686 1828.65 548.693 1425.17 2191.17 576.048 1030.93
30.8596 72.3018 105.356 66.364 439.746 109.653 73.8864 3048.53
146.347 592.128 1388.96 2330.63 2651.62 31.123 452.955 2948.93
525.802 684.401 3055.3 619.791 754.157 1866.05 2273.08 1453.05
113.152 1218.05 36.4485 1555.89 2766.6 833.122 221.709 758.165
92.061 428.082 51.1208 3212.68 3442.05 878.771 112.423 746.182
1039.49 2429.7 368.323 620.343 3295.06 1486.55 35.6861 570.62
62.0946 356.544 277.876 38.0003 4107.26 458.931 50.9415 2089.17
17.0734 47.4142 128.202 114.611 399.517 4104.5 203.97 1247.35
40.724 53.8225 396.251 3409.6 23.7723 2256.57 542.101 2757.85
55.2245 476.555 1690.73 673.002 2289.62 1230.14 197.083 3030.1
0.287289 0.184215 0.341526 0.310085 357.163 2277.45 4188.81 1366.27
89.4874 2478.85 1595.14 698.951 3079.54 156.553 571.672 451.801
360.287 1235.18 2337.34 56.3917 2142.41 243.253 2456.78 1666.95
166.353 37.4757 111.145 239.098 1733.93 3725.21 90.9185 2053.52
199.838 650.259 739.218 300.138 2064.06 597.664 619.169 2950.93
491.124 529.741 991.989 517.523 1815.85 169.197 537.039 3020.79
4.78421 13.9806 519.188 316.78 589.47 636.04 4132.31 48.4931
0.0906304 0.0750849 19.7526 35.7021 177.318 2805.98 1015.41 1469.16
0.0167434 0.00296992 0.0084142 0.993242 23.9082 36.9627 1.57528 4754.78
508.752 855.914 1355.39 1849.57 310.232 1449.03 1957.81 2740.72
178.138 2106.38 1582.35 111.198 2832.82 619.327 299.589 535.244
145.031 133.163 32.2573 200.965 3103.41 320.247 798.584 1202.84
52.1006 76.7882 95.9402 280.269 225.481 2162.96 2323.06 146.963
0.576788 0.686404 0.943832 1.31527 2.29274 4823.39 448.601 871.173
32.1702 25.923 24.5861 114.742 484.982 1025.7 112.083 3332.45
0.136663 0.237564 0.361832 0.533681 114.407 3686.1 204.331 360.272
74.5437 326.483 401.094 472.116 1292.79 744.766 1236.05 2495.2
47.7566 178.115 963.654 137.421 758.966 256.902 2535.95 1139.16
245.579 455.982 2666.49 140.128 3278.09 68.2394 1408.15 887.404
145.561 373.885 144.589 66.679 4830.85 87.5256 712.137 517.682
6.95174 10.0122 151.842 56.2305 84.0331 1120.58 4129.74 43.6493
12.7653 78.6886 69.0457 62.1714 4461.62 77.0383 122.54 1711.7
136.93 181.911 458.546 445.041 1387.04 3011.12 781.869 807.018
98.5281 686.097 2618.82 2944.85 2241.98 760.524 662.778 744.067
374.172 945.311 988.712 129.963 2924.73 222.151 966.435 1715.42
507.509 1252.55 1654.29 745.172 2835.87 241.151 1921.72 674.626
