57 2.00545
5608.36 134.475 6.0328 6.36505 5.68551
154.51 2519.79 114.141 1894.63 0.0306717
28.0451 4.58643 0.810904 5662.58 1.64843
6.56643 5665.16 60.8788 8.71801 3.13663
0.256793 0.0377591 0.00560446 0.156556 6044.62
0.011517 3.56669 5876.83 22.7861 54.8675
0.00020037 0.366415 0.0351827 5.98282e-06 5317.91
1.60481e-05 0.000127375 7.24788e-07 0.386623 5118.89
3.4053e-08 2.59106e-07 0.00014257 0.383177 5073.27
1.03544e-05 0.00017728 0.0136489 4.70463 4344.86
2.32809 0.0584695 0.0130964 651.189 4564.23
0.242316 0.0356305 0.00526716 0.161368 5884.08
4.07512 0.203216 5380.39 283.357 8.37756
14.8907 110.333 5546.96 67.0561 0.358072
0.38672 0.00656461 0.0377918 9.99819e-05 5706.65
0.643532 199.295 5685.78 0.612867 54.7107
10.7098 655.696 5.87671 5084.19 3.1449
375.808 1238.84 102.866 4537.87 2.60405
0.781233 0.0955316 1.46143 1718.41 4269.94
31.6701 668.637 604.741 2976.96 1000.68
0.0323799 0.00115887 0.376932 0.0415433 5982.43
0.0205265 0.264801 12.5387 4363 373.637
18.3909 5476.81 169.779 3.79253 15.296
0.000157332 0.126625 3.03119 1073.75 4041.75
0.118178 0.0420071 0.244568 0.00615164 5438.35
15.3013 5054.65 239.358 346.784 19.7758
30.5349 72.9949 4745.44 458.11 6.72315
5.11207 2.43048 157.275 3860.47 820.985
5467.04 131.087 5.88078 11.6708 5.54764
0.796022 55.8437 1.38333 5527.2 23.7171
3916.27 879.679 316.221 544.357 3.0903
9.0959e-05 0.00102362 1.16775 5632.83 0.43891
61.2942 4.65461 1191.86 2411.7 1636.88
46.7805 20.7165 4662.32 74.121 700.507
3.54124 0.592388 0.099721 4945.63 356.304
3473.92 47.4817 197.264 100.964 1425.23
1222.77 405.58 2449.68 470.789 900.039
1931.59 66.9386 457.478 251.399 2662.15
817.809 16.2417 2282 2273.22 391.739
330.592 947.162 255.535 3816.96 140.656
4.31648 0.268984 5766.63 16.2397 8.55409
1385.09 750.788 1176.78 847.213 1182.04
151.42 4601.8 52.9632 13.8014 151.813
8.85618 125.716 5080.33 14.6743 7.72952
638.234 150.237 3166.53 1700.26 5.99626
18.6858 2861.28 209.923 1427.39 587.724
544.439 277.345 9.82703 1266.66 2891.72
1882.58 3077.56 66.1531 738.071 47.0452
3173.62 1770.28 281.294 81.8842 69.1812
112.624 1823.4 3262.76 55.9813 581.076
7.67075 8.54022 685.28 271.532 3865.99
478.33 3453.15 1077.61 3.12552 2.08035
319.096 3967.23 904.616 81.2559 21.9518
84.1022 596.568 2090.44 2475.26 508.294
0.29539 0.00384273 0.0402642 0.0336678 4938.86
235.298 86.4877 22.3957 2074.01 2603.98
2530.88 1065.51 1527.98 54.7648 257.807
3970.27 1546.87 194.44 125.033 56.2902
3236.64 285.229 250.089 580.379 1270.58
34.0973 3512.39 178.102 413.961 967.158
4388.71 135.449 20.5579 1033.71 14.0176
177.192 5.42402 4453.25 127.164 58.4105
632.676 66.5797 1327.45 2902.64 740.139
1410.28 14.3323 3897.8 119.648 34.6258
1041.36 1523.07 1897 1.64327 1158.28
3.06445 2807.51 2028.98 1.78254 535.098
717.939 3344.9 254.17 1022.71 15.9632
2186.14 1213.89 1916.85 204.767 1.50158
4714.78 237.937 193.635 15.9837 13.2764
294.622 4963.29 47.5812 151.04 1.54109
78.033 1430.95 744.717 42.7384 3388.77
5380.47 143.1 29.5997 3.71768 129.485
311.9 11.8054 5212.85 20.6351 27.0496
292.436 3.45024 3656.43 1465.1 13.1883
2.30255 2.07709 0.191479 5340.24 8.31489
14.8513 5564.91 187.622 46.1589 11.3342
1340.66 354.263 1604.57 1231.06 354.535
121.849 3.89401 243.653 6.23733 4200.14
1557.8 2364.6 80.4862 557.458 453.233
2267.67 114.441 2513.44 15.2048 23.1646
1656.22 1393.27 147.257 544.599 1478.04
185.157 1.77852 39.9618 3606.11 1522.04
10.722 120.662 5819.84 21.8215 0.465324
1423.11 168.05 999.357 2387.14 360.075
2869.44 4.49123 744.028 98.2298 1454.2
0.117797 36.4804 18.062 2210.78 3343.02
517.255 53.9483 2717.25 90.2037 1844.67
262.692 34.1883 1287 1998.37 1791.1
2563.12 795.911 1809.13 27.3939 427.174
450.225 636.621 663.593 2094.23 1696.99
361.496 4779.4 755.938 0.515733 8.71651
2335.71 82.1487 1363.12 1932.44 266.061
5064.94 347.175 45.9446 71.5915 3.02099
25.5942 48.7877 1344.27 2600 1515.05
2039.79 858.76 1231.49 858.83 427.423
40.1595 2741.14 1980.07 512.288 170.67
0.135601 0.0125375 0.230746 0.0242006 5334.86
408.862 531.665 1170.33 30.7816 3554.26
99.4362 1258.24 386.542 2114.97 2113.88
283.857 1788.09 573.378 0.188877 2258.39
735.073 2262.4 2144.58 1.89396 60.9355
828.905 74.7762 1124.48 1.33263 3983.89
300.308 3130.37 152.378 1511.16 485.2
27.865 286.607 3231.36 879.146 873.536
8.55411e-05 0.0688454 5.01418 0.154166 4822.59
86.0504 5382.83 16.326 3.67219 226.058
0.626319 839.035 10.0408 1294.21 2954.63
1068.23 108.983 684.412 3569.46 2.32467
0.36911 89.1511 5001.42 29.7063 11.8896
1100.81 1562.07 1497.93 393.095 732.819
0.258945 3.34697 0.205966 4453.25 320.83
2372.53 338.447 115.707 1920.62 481.531
0.274444 967.844 1048.22 3240.15 16.8882
3348.47 280.018 244.228 1609.32 201.487
28.6844 1128.42 1649.81 23.0142 2670.4
0.000193494 0.353842 0.0344219 0.0262 5488.01
150.236 6.94016 5288.43 433.218 28.8466
3.25752 3.06409 21.1779 3441.44 1370.43
19.8177 5011.1 329.316 19.6699 49.0217
688.376 2556.49 644.27 562.319 1163.08
1708.16 2067.43 138.354 804.736 48.3236
31.9233 2899.38 331.367 359.085 1299.76
798.49 1305.34 1142.28 2178.23 38.8469
367.096 1193.99 73.9079 4319.84 57.4999
698.306 82.8706 613.263 1830.17 2365.11
1202.3 220.28 1996.35 254.027 2289.23
3823.02 49.1414 246.035 87.8824 1419.95
38.046 842.816 1067.76 3020.53 467.332
10.5298 3029.12 768.315 439.611 947.685
465.906 28.9609 939.445 952.331 3138.46
135.874 25.767 4794.66 38.4989 547.915
39.7707 3812.88 22.859 1687.37 5.80802
302.752 2946.45 2196.44 1.26304 50.7943
277.752 2405.14 1720.26 1.6218 461.153
5.94287 5127.19 55.3538 7.89052 205.68
176.175 4457.65 511.747 11.5704 394.555
418.443 1473.56 3452.09 102.205 13.2017
0.395791 0.0067186 0.0153148 0.00183008 5554.16
223.115 2503.44 1319.97 324.804 1124.42
4242.49 51.2953 418.098 120.872 43.6079
1524.45 1637.5 115.846 244.653 1778.43
1501.93 79.7345 2902.52 1046.61 13.7397
1800.68 2468.22 278.344 758.762 98.9261
3149.52 102.72 2236.54 17.0472 27.0889
4.1929 0.122567 0.188673 5261.99 48.3694
442.31 4691.82 99.8823 120.974 57.547
74.8663 763.778 753.346 72.0384 3794.86
4430.41 53.5674 436.618 126.226 39.9665
2198.57 162.835 1746.82 1.51317 1066.58
394.228 39.0204 981.48 71.6671 3714.82
0.343485 3.86546 4409.71 932.882 48.0984
144.094 54.9141 159.91 2162.81 2715.47
427.307 86.9274 830.929 1964.2 2229.56
2126.19 581.071 126 184.228 2439.45
181.958 622.929 4530.49 29.8696 44.5363
4656.27 430.258 28.4524 16.997 171.886
106.961 1.8407 3971.92 102.291 1321.56
856.567 1028.6 385.712 232.449 2461.48
745.929 91.2144 1134.78 19.5932 3909.35
263.193 3330.89 176.549 1566.89 677.694
16.0765 5310.73 4.78854 17.5223 5.27234
1641 298.791 385.23 236.268 2568
628.032 2974.09 225.348 645.902 936.637
1014.59 1524.45 25.5478 2629.36 215.438
0.577993 8.48481 1765.19 2509.72 1217.31
4072.39 214.897 12.7987 83.7615 183.199
1128.68 39.315 2677.35 386.202 633.865
4208.72 187.68 129.868 12.3033 1024.32
604.089 907.66 567.888 2777.96 201.486
0.00524147 0.37371 0.0137498 0.000454172 5203.44
2824.8 92.13 2005.96 122.437 24.8295
1995.52 215.552 3297.46 5.61352 0.922591
36.0634 3.82166 0.207417 4879 194.705
6.92931 2183.42 2998.85 6.81993 533.224
14.353 597.535 1391.01 6.67746 3509.28
139.395 1354.54 70.7286 4134.01 55.0264
477.392 469.24 1678.61 1195.16 1879.17
85.8812 4.33534 5.05021 3781.17 785.391
0.139683 0.0198347 0.245864 0.0214777 5649.52
1956.86 243.557 121.67 3280.99 61.6064
521.296 482.853 3363.99 734.22 170.506
0.307178 544.14 3410.91 413.582 864.884
190.725 1684.83 519.846 2840.67 223.328
45.2534 12.8093 3940.08 1491.73 13.3647
386.761 4235.13 27.8457 684.434 130.116
126.554 4688.65 37.0302 156.833 379.025
3860.49 315.153 49.8125 987.451 66.9758
116.616 524.045 497.814 3203.81 856.579
3296.36 190.432 332.051 891.323 200.029
332.511 140.4 335.767 2552.51 1972.12
4.55195 3927.18 42.3983 1513.67 1.54174
162.993 681.915 638.954 2040.71 1762.26
93.8021 1375.18 572.256 3178.72 165.367
2963.66 171.212 408.157 1766.11 237.936
445.925 496.471 522.286 170.755 3115.8
1314.09 111.647 90.8309 3991.17 53.1827
1761.87 323.743 628.141 156.994 2925.75
559.212 4123.41 166.907 47.8458 116.329
4317.02 85.3972 47.8983 397.91 240.247
5530.02 70.3367 5.11088 3.75269 6.13164
668.592 97.5495 601.46 1794.95 2145.6
2806.01 988.97 273.019 814.27 446.314
125.855 1875.96 20.1422 2700.91 175.103
882.382 385.456 991.57 3089.62 89.582
354.695 1153.65 96.094 4239.12 56.4255
2013.3 1195.1 1694.43 62.5744 211.925
401.559 522.168 1149.42 30.2318 3683.08
199.771 4389.61 123.157 135.655 195.065
37.4979 265.986 3508.57 1642.59 528.473
86.6905 18.2916 4886.77 135.856 15.785
81.6924 7.28302 4.98074 3729.15 774.571
1826.04 73.4707 3094.82 33.2804 46.7023
8.07146 0.597807 6.41297 3926.53 1046.05
896.978 43.9356 1114.55 15.9596 3627.12
3711.5 583.942 906.54 150.455 39.9589
5.18968 52.9447 1153.76 67.6022 4156.66
839.141 101.071 821.799 2731.26 406.161
148.25 3533.11 220.665 1330.67 623.467
1241.64 2102.25 107.647 1.27129 1609.28
871.947 1984.85 1621.95 1200.17 61.1507
3535.63 622.099 18.7667 693.012 61.6504
2101.3 2628.56 836.836 156.305 64.0472
2288.28 2234.1 703.812 120.187 7.90216
32.7674 2336.27 84.2472 226.94 2285.8
1738.02 30.81 163.734 2863.75 804.517
111.646 380.303 820.689 3374.6 89.3702
492.257 83.3151 3614.45 438.119 916.196
0.152874 2.27628 2545.03 3530.79 54.6783
0.0163961 0.0427461 0.255222 0.0428365 4727.58
5279.6 26.6046 548.457 3.91952 56.2315
1247.85 561.19 779.651 538.311 2522.09
23.1768 85.5481 1.34992 4851.63 96.8244
202.651 1462.97 48.887 295.922 3301.4
1085.66 360.101 2059.49 503.229 1767.17
4940.57 294.244 15.6273 77.1285 7.2315
230.662 4853.11 528.72 3.7574 6.85625
0.206002 2.66266 13.6291 5006.6 40.3375
1274.02 1807.94 112.915 238.463 1733.43
11.7987 309.769 4276.9 85.1927 647.895
1611.67 94.931 3239.78 1.82188 518.046
2595.15 1261.57 163.432 677.245 61.2335
90.0856 4350.23 465.883 62.1569 281.612
4827.76 58.3713 292.881 3.46719 607.932
2619.31 86.8751 85.1626 1861.78 273.471
724.431 42.6707 1456.25 3063.68 793.844
1760.59 144.187 3130.75 22.7927 246.363
487.835 4024.13 196.406 3.49464 339.172
2732.33 1150.32 216.823 786.66 425.507
0.107452 9.92958 5607.37 162.359 46.0866
1025.41 140.042 74.2703 1627.11 1944.98
4764.63 57.6084 244.824 129.983 50.1827
3117.48 115.024 138.326 234.179 1823.21
0.000250357 0.00334752 3.76949 4716.36 1064.56
169.057 11.3859 5172.52 32.9622 7.96061
2886.16 491.948 2790.25 9.38067 3.37505
234.636 50.8993 5131.68 147.435 1.59069
54.0745 2127.25 64.6262 2790.05 243.587
189.526 2.93619 81.7539 4692.17 104.229
1.99066 73.7511 4155.01 561.659 362.631
1.74521 0.250895 0.0100873 5380.85 102.477
0.0465348 1.36544 1.5288 5174.4 3.55276
121.919 1995.45 117.078 3157.16 59.2812
2442.47 202.887 233.342 215.885 1909.24
45.6149 1010.49 923.094 3067.92 474.664
4036.86 577.782 48.1418 117.116 201.306
500.3 11.1696 736.999 3692.13 22.3109
4630.39 664.528 47.9161 152.103 1.59128
1719.36 32.8253 2592.96 640.51 231.826
4123.14 158.327 154.436 689.125 46.6905
180.523 4567.66 285.453 11.3187 385.973
134.9 1005.83 337.609 3677.48 572.694
511.427 4428.6 540.907 177.873 15.4904
413.414 1583.56 1548.61 83.055 2024.26
0.0415504 33.4407 800.518 175.979 3790.55
251.244 2455.63 1004.64 920.226 1021.02
4296.99 616.68 44.466 141.151 17.0811
281.123 5.02862 3536.15 1416.9 12.7544
310.429 9.58054 4944.47 6.29892 32.4001
5235.58 213.326 3.83258 9.33815 31.9668
537.932 274.03 43.8494 1303.52 2975.87
1307.73 32.7346 109.246 2312.1 1660.22
710.213 1007.8 966.42 253.613 2342.7
158.573 1737.17 2941.5 68.0256 22.2163
389.777 108.888 1023.93 559.241 3419.06
1.5773 0.168669 2.22712 4641.58 334.398
2157.76 116.718 1557.65 109.921 1269.54
0.0561922 0.873646 302.456 4455.74 38.2177
209.486 1963.26 1253.64 911.264 462.808
788.07 2578.25 1461.15 370.893 419.454
32.0588 55.4773 3756.15 771.709 836.75
60.7643 471.889 888.594 234.957 3224.42
3673.59 91.2228 2143.27 44.8826 12.5942
3996.23 42.2343 41.1852 681.443 116.137
1394.89 1.24246 1034.38 107.204 3031.13
862.576 112.179 1226.57 3110.36 58.4025
570.24 134.231 2829.18 1727.7 187.136
0.139328 0.0256949 0.251954 0.00606835 5599.03
113.14 160.246 0.018318 4172.76 877.072
332.883 3746.16 211.213 969.452 47.3149
827.02 9.48131 1417.58 1358.73 1704.12
554.737 2044.8 516.139 421.436 1564.76
0.815135 12.5957 4.05472 0.00124705 4848.41
2970.87 1657.18 561.265 482.936 73.1898
4998.3 561.424 1.93047 17.1112 20.7598
158.756 642.828 15.1121 1243.94 2839.86
1351.95 2210.11 36.2792 749.7 1078.78
2578.66 2425.53 257.1 20.9816 80.9724
404.967 177.341 285.19 1321.32 3016.51
0.101844 1.03901 1195.27 66.7382 4103.53
175.582 714.863 1485.48 384.937 2915.77
1908.11 2311.54 275.133 750.008 97.7848
989.212 365.805 3848.8 50.7427 34.6462
242.517 99.7235 34.6564 4613.49 59.0805
0.694209 1864.21 1049.05 275.297 2542.99
1580.22 2688.41 857.969 98.0456 0.467182
0.171395 4.12229 0.189675 5237.71 48.1463
1.07567 517.208 2392.98 336.091 1920.84
4985.02 64.0779 320.817 114.594 177.363
466.783 224.545 4097.84 50.5217 137.261
507.576 506.87 3398.48 741.749 8.52225
5131.71 84.7577 332.331 17.2024 82.0651
2.61702 810.462 3157.87 1650.14 52.2454
220.148 5199.06 160.46 158.845 1.66182
178.547 2664.52 79.6706 1875.41 728.792
4906.43 141.279 146.836 16.1334 25.7796
2407.4 1040.69 70.6813 865.285 327.879
658.421 3249.56 345.879 243.241 298.048
0.409224 0.172825 609.812 5036.65 0.439927
0.532435 16.3597 1771.22 2243.19 1145.51
77.9098 5.229 2797.34 515.875 1993.61
583.258 706.575 2170.1 906.332 1074.24
99.2375 40.8066 233.149 4568.15 82.7543
4860.55 93.5811 293.659 86.4987 15.6979
2284.71 1114.29 718.842 1116 87.0051
0.153782 10.3277 4312.3 53.8223 759.469
3056.61 1086.49 1090.07 0.3912 249.358
186.883 515.533 4346.71 176.484 339.813
2.49196e-07 0.000200559 0.0146072 5.03492 4649.89
415.711 113.458 650.913 1882.88 2188.36
2932.24 107.606 270.725 248.026 2166.4
771.75 97.6781 1039.59 190.903 3263.62
2.87925 3404.81 303.749 1558.88 51.0843
5323.81 186.966 257.518 161.161 20.8474
3395.14 271.101 229.359 712.36 190.769
23.1417 0.554347 15.2398 2240.9 2403.2
2712.01 931.88 361.721 462.428 1005.12
144.48 3751.11 102.704 1522.88 41.5925
1988.44 285.37 48.543 66.1143 3632.64
673.417 1100.87 2321.5 1098.09 46.314
315.014 39.466 1139.97 1090.23 3076.11
3089.12 329.527 369.674 608.967 531.147
11.0695 693.519 3.96903 1.55585 4099.15
972.177 57.2635 1954.27 1981.08 745.459
2314.43 192.251 259.977 400.391 1953.95
96.7945 1224.82 397.052 2083.98 2082.9
773.242 898.773 2127.5 1002 42.8152
0.00169314 0.00342142 0.000666107 0.37284 5011.07
28.2303 43.9898 6.14489 4282.77 65.1459
815.271 229.375 29.3 821.873 3353.02
50.9184 4826.48 91.0652 303.261 157.615
6.92811 191.029 8.13343 4788.59 12.1959
271.194 3691.21 42.729 1525.48 1.55377
3370.34 921.09 199.73 307.363 288.356
363.296 3170.33 97.9807 1122.79 766.131
17.7067 5273.06 274.517 3.7258 6.28782
1002.68 3638.74 42.9702 54.9466 1069.98
1273.24 535.527 768.479 45.3912 2773.63
2.9289 0.0392458 4017.55 527.674 377.151
1548.75 64.4986 20.7889 3030.01 395.606
390.412 52.5575 4200.26 30.701 693.918
88.1739 8.45723 3685.72 1662.98 96.5158
1968.16 79.2764 560.974 2289.57 225.778
58.8079 4080.82 360.952 310.446 151.531
615.508 614.653 4121.14 59.6395 13.2283
2354.44 232.388 297.911 1838.84 509.485
326.822 27.7672 1440.68 3450.94 197.644
279.291 1062.8 1944.6 806.036 1107.24
4475.34 138.119 311.963 5.89324 30.3134
1474.23 2775.92 136.258 39.0322 777.685
2.83029e-05 7.10821e-07 0.0392716 1.80408 4631.34
352.902 4322.27 139.508 3.23249 565.813
2985.75 54.9789 297.441 240.13 1806.62
2764.05 1343.67 129.106 713.747 64.5339
939.361 3182.18 257.271 107.857 1018.79
425.339 4511.8 107.707 116.602 529.676
1961.46 1164.33 1863.86 64.6706 215.72
214.944 4522.41 492.692 4.09065 6.30312
41.1259 3054.85 225.667 1544.73 48.1861
814.164 2634.77 1475.74 121.302 130.754
0.104298 0.00621197 0.000558458 297.898 4721.26
43.0161 0.845015 1601.19 2049.66 1167.29
183.69 5371.39 59.9038 1.21755 1.7541
1173.51 2030.12 1848.44 38.2642 536.292
548.82 1486.2 3726.11 8.76138 3.40143
55.3614 146.331 6.35668 3126.09 1575.35
108.336 1322.08 2410.68 1150.57 569.426
3444.47 708.16 142.814 723.621 65.4267
273.52 1047.7 1024.58 1176.53 1792.32
373.203 75.4807 3486.23 454.266 988.417
453.505 206.131 1349.69 283.249 3065.48
126.01 2310.75 34.1569 46.8575 2739.73
473.916 445.775 3073.7 92.0931 1092.71
1.59246 5521.72 182.983 5.94419 15.1667
1.67235 2.35808 4222.68 848.507 45.6553
921.81 1892.79 1571.55 157.965 896.394
3.8204 40.8348 85.0277 2484.11 2706.76
1152.42 7.88687 2193.04 575.217 1590.26
1446.93 321.239 2951.37 74.9173 44.5365
1078.01 1415.59 1402.7 548.715 715.296
1.12351 1.72744 0.244386 5427.22 30.5086
2432.57 377.14 985.917 941.079 1120.24
845.871 7.48732 2334.83 2325.84 400.807
1051.67 1719.23 1573.17 1164.08 39.4472
19.0856 5150.48 128.465 6.91863 203.784
2327.15 28.7059 2641.39 600.22 39.7793
3641.51 777.874 63.2476 442.474 155.125
1357.2 185.355 98.2903 1437.28 2112.42
609.706 2778.63 211.973 658.362 891.683
713.058 1753.9 1824.9 1.58081 1114.25
99.7964 3.35346 3564.32 1508.58 12.1642
2256.65 460.255 2125.83 128.847 15.5651
0.00127906 0.0143941 1.12458 5494.96 78.8431
0.000297204 0.00334464 3.81556 4774 1077.57
253.834 111.158 549.03 1392.18 3178.28
368.868 3221.76 99.5613 1140.9 725.385
0.603408 67.473 3833.31 1332.17 16.4149
3139.69 606.851 429.065 332.627 557.026
2915.8 52.3181 52.6767 302.695 1639.24
0.135332 1.52298 1737.41 2665.06 993.29
2.57968 887.467 1268.15 2524.58 530.827
2111.58 1177.86 1506.31 75.1543 63.4954
1.13933 0.153163 1905.53 2670.28 1300.6
2403.2 620.29 475.751 94.1973 2532.43
134.938 1115.77 2428.48 617.775 847.639
1.41883 41.1389 2570.1 946.713 2175.39
104.264 6.80019 4054.49 104.418 1349.04
48.3275 917.469 535.255 174.995 3193.17
763.048 252.04 298.994 1377.63 2743.23
4154.46 82.1816 213.61 397.904 210.694
27.3697 281.794 2538.58 706.064 2013.33
562.562 17.2206 2758.06 91.5585 1729.51
1853.98 435.449 1613.77 1450.66 138.942
4536.53 419.193 76.5878 3.36898 170.449
2492.6 126.437 82.2485 1710.43 721.145
303.505 43.1369 60.1975 4034.28 241.096
34.5861 0.0484201 1964.76 228.351 2820.73
350.46 45.9017 4368.5 738.196 4.73868
88.6913 398.559 348.168 2350.97 1869.55
138.547 728.533 2669.58 79.5045 1910.16
1145.79 3881.47 310.972 145.66 132.125
451.713 111.43 807.865 3938.34 28.0658
436.133 4.4323 4830.37 596.294 4.84309
2795.33 155.445 763.924 114.036 1498.24
3774.94 66.9697 31.8992 1789.52 3.42459
380.581 3324.07 102.723 782.627 689.185
1058.61 32.7155 2985.92 91.6569 1335.52
65.9632 93.4275 97.3188 3976.01 834.967
556.465 2486.54 1302.49 71.3417 1237.46
458.496 84.2486 2874.73 207.63 1759.95
2646.84 5.11935 75.2668 2077.28 481.902
958.955 3282.96 522.213 451.88 43.2974
2476.57 486.299 1329.88 75.6052 1263.09
178.239 637.009 4588.8 33.6272 46.0463
1297.18 1393.37 254.31 211.838 1593.76
0.00013874 8.26334e-06 7.42877e-07 0.396272 5246.64
25.0431 4899.22 53.1013 7.56945 208.974
581.886 20.9797 1375.82 190.253 2313.78
1016.31 8.996 3784.42 573.5 484.719
3284.12 450.625 184.901 258.809 953.846
45.1365 363.589 0.76884 3636.26 1235.76
3549.41 124.651 2071.34 160.521 20.7646
929.434 1625.07 1300.55 1035.37 707.038
542.378 801.851 51.8113 39.0041 3596.61
83.22 0.113301 133.124 5175.19 0.516069
2063.27 867.818 1245.32 73.5561 1190.71
2691.27 84.5779 686.566 2046.44 29.6758
4797.44 242.109 43.1371 15.786 25.2245
360.521 328.054 1408.9 6.99277 3456.23
317.97 2243.7 160.257 1742.68 599.003
12.6194 0.0584051 145.735 4087.94 681.162
564.479 2707.8 116.327 480.143 1707
4583.08 272.953 14.4965 588.374 11.3261
13.6327 2087.53 153.155 1041.39 2419.75
3427.48 117.054 546.375 13.4233 1326
1475.98 772.063 1071.6 1748.38 170.919
11.004 4281.27 294.79 467.899 151.134
5096.45 349.334 14.7009 71.6233 3.02233
851.604 3637.37 148.748 757.1 54.3124
1636.12 2460.44 872.876 3.33639 523.906
80.6512 0.873075 2743.01 652.958 2158.07
791.263 36.777 1571.94 3301.98 498.829
3.98559 0.254662 5332.5 527.082 12.3178
1865.8 53.6607 51.7202 1434.34 1390.04
3785.85 710.941 125.345 704.312 4.56498
2.34181 28.1224 1.76365 5456.93 1.58856
2258.21 1081.15 146.368 1823.13 28.2119
16.0049 21.1427 4267.72 406.705 66.3837
243.688 2588.46 794.093 1523.75 53.8547
2699.79 459.956 372.692 99.4754 2219.73
221.206 1710.49 442.18 13.493 2790.25
