16 0.461101
5271.07 225.151 42.7836 20.152 209.888
91.6207 5077.32 40.2361 34.026 442.194
2.69153 0.0659409 0.153675 5162.75 0.240919
2.183 1.23132 15.8541 0.00364065 4857.22
1.46715 53.3466 2.6335 0.0205933 6077.97
1.16347 13.0595 5551.75 117.283 12.384
0.104001 0.12208 0.00845198 3.04552 5645.87
0.0140422 0.021734 3.11129 5581.13 0.40362
0.00732031 0.000946529 0.167697 13.3111 5046.41
0.000425358 0.00527803 0.708405 27.2695 5158.59
0.268255 0.00829042 2.65025 5190.5 0.37537
0.273025 3.66072 412.502 4657.93 29.572
37.598 45.6509 0.887134 1.3997 5695.37
4883.13 208.581 39.6349 18.6688 274.663
5160.53 203.722 156.457 53.503 41.1819
0.97861 1.51466 0.358869 5058.1 0.365795
2.35597 26.4448 5335.2 104.304 52.6491
0.790268 1.22315 0.475777 4414.44 0.319246
0.134122 0.524458 2.07155 4841.72 118.626
2.25732 0.13597 0.324127 4819.18 118.074
53.5151 53.1961 4919.4 256.338 80.5948
17.7038 4516.57 111.567 368.234 155.123
89.607 4965.74 53.8718 51.0695 264.553
103.817 4406.52 78.9579 332.172 152.258
249.751 227.572 3279.59 514.457 1376.37
1847.8 559.993 2248.44 272.444 72.1169
0.0542627 7.34802 76.1629 0.0299559 5542.33
129.851 4869.2 310.163 34.6794 28.3519
56.3806 1005.79 912.202 154.326 3707.07
121.023 766.914 2698.51 91.2068 1583.8
18.5021 71.2029 356.788 298.869 4407.2
0.445358 27.1097 5104.45 187.921 40.6607
4816.71 57.065 554.608 52.6083 40.9933
117.906 9.5636 3536.17 571.279 993.324
4276.61 262.211 503.238 9.30289 197.977
4711.15 201.235 38.239 466.678 257.919
4605.43 15.3095 415.725 55.8623 1.49443
1771.24 452.998 2160.16 593.773 482.093
5181.74 221.336 130.7 36.8605 43.7766
2.77179 2758.96 483.665 126.11 2530.6
14.5144 807.802 2959.67 738.004 1040.04
4231.5 666.872 593.302 6.79172 194.002
378.704 3.86075 6.86238 623.67 3821.31
39.8128 76.3502 53.1835 3538.03 1074.15
385.569 3514.19 14.005 1396.33 412.157
28.5691 2069.41 1807.22 852.605 1061.45
851.83 3357.12 133.253 1092.36 130.221
778.294 650.422 351.424 3804.96 15.0262
117.288 281.285 7.15928 649.783 4504.99
2928.67 475.711 234.915 189.113 1766.9
822.672 1100.94 20.4988 18.0147 3238.07
766.555 244.432 2931.1 1318.34 123.392
33.2397 1648.09 2308.66 787.338 271.004
2851.36 1039.45 70.5209 384.227 821.573
16.8281 489.932 2763.03 214.545 1850.86
3098.6 216.309 218.352 289.88 1779.71
2140.09 2460.38 289.171 297.488 29.5112
2225.94 2702.7 309.799 30.4698 29.9765
44.4121 43.6421 4808.95 379.23 80.4999
301.383 21.3116 1753.75 120.016 3439.08
441.355 1715.52 1305 892.847 735.425
5.15822 21.7415 4983.04 97.4191 80.0202
3.57402 14.0556 3707.63 72.4382 1607.06
44.4618 2204.5 1615.02 762.472 262.445
1998.91 2258.27 34.1898 57.6895 1263.32
584.137 2297.25 616.941 68.0255 1546.74
200.158 355.26 3141.25 241.998 1415.08
4179.99 741.906 146.157 236.875 453.292
2.78054 25.2477 5192.1 101.506 181.456
12.8089 3.2931 122.889 2239.6 2953.25
189.551 1130.83 613.676 3145.49 409.215
6.07563 142.242 276.634 3379.42 1892.65
844.46 790.676 573.168 504.267 2754.93
947.668 1792.35 658.401 139.513 2014.77
4347.91 170.717 634.291 9.50743 202.33
202.333 939.501 110.333 3848.54 329.788
3938.79 1362.81 98.0473 52.3297 28.0836
1283.24 446.435 185.771 112.076 3363.84
7.18581 509.103 170.604 3462.03 1184.79
372.696 3.7995 6.76271 613.79 4255.45
2071.28 1163.26 434.441 1651 48.6518
808.078 3196.86 51.836 425.817 389.754
411.572 313.793 4041.19 256.197 73.4935
0.0272555 0.467845 6.96245 0.243574 5309.89
0.0321665 0.638994 61.7041 4013.64 1134.1
3343.93 482.282 111.597 1582.35 40.7825
1102.44 2438.29 839.31 855.682 256.593
433.057 66.6563 4209.32 477.619 169.331
33.4568 72.8029 3348.88 420.393 1074.63
2249.51 644.529 81.7063 152.811 2286.56
1237.57 2936.08 265.378 461.904 16.3207
921.403 885.271 278.823 2675.18 179.194
26.6292 75.7314 789.618 1425.9 3465.94
78.3432 4341.53 746.275 51.6386 55.0027
1.49519 108.88 3912.89 1377.39 126.681
570.522 1217.88 306.743 2527.16 357.106
292.181 21.5566 1705.07 116.685 3343.62
933.535 365.824 850.174 3758.22 32.5481
1505.43 479.11 287.805 1343.07 1641.44
0.6979 5.59454 1358.15 2714.19 856.524
3253.63 986.042 303.879 265.851 70.3717
286.937 246.999 39.6989 1794.71 3083.12
4694.13 46.4654 86.4174 8.90612 179.874
25.0652 1380.68 673.672 2778.12 107.697
11.7341 225.192 2081.72 172.728 2802.46
1881.09 2125.16 140.957 178.728 1006
3875.31 324.993 53.6367 776.984 53.4938
1134.55 176.657 315.233 2083.31 1959.53
480.442 1030.36 322.089 2579.24 336.6
1491.16 3163.57 101.314 361.563 29.824
15.6412 366.059 4743.47 33.4773 279.011
0.0010805 0.00500532 0.718304 27.6621 5232.86
512.737 468.387 3092.89 1165.96 155.121
1832.46 1282.97 359.481 475.84 1291.65
584.559 1037.53 2464.46 309.808 833.428
802.296 1484.73 1675.22 493.022 545.541
337.088 300.873 3676.26 980.501 14.1666
4438.66 288.577 360.671 27.892 145.212
416.814 24.2895 3982.5 399.608 361.558
70.8975 4692.57 505.604 70.8825 89.3653
2986.31 404.658 88.3541 1257.79 395.811
974.5 3834.64 284.362 24.4974 36.6874
3.79927 3781.68 196.664 415.888 1130.4
13.5955 577.062 4288.69 353.166 161.881
121.495 5013.98 54.4587 33.9003 440.561
1032.06 1908.02 936.091 1199.64 277.682
3186.29 1671.12 85.5888 370.411 166.664
1977.76 2234.37 122.865 58.276 1276.16
2417.7 374.432 1248.9 823.073 515.433
1740.19 133.822 1198.27 672.008 1768.62
7.44463 971.655 10.4337 4364.75 451.563
1327.69 479.396 177.91 1110.01 2638.71
1016.7 198.851 1180.53 2175.04 442.674
500.203 3954.69 709.91 16.9972 633.136
4044.85 158.817 714.089 9.07354 193.096
326.112 368.425 2393.76 1074.22 1209.13
1790.01 638.734 42.7951 13.2925 3026.09
1.95329 17.7362 3756.05 73.4199 1726.47
174.053 1463.25 539.767 1903.97 1758.96
386.076 139.88 4659.19 298.965 35.6229
22.6069 49.1931 4404.69 544.663 62.9561
32.3926 2346.38 2049.09 1034.01 136.846
461.751 3650.69 400.659 32.817 552.657
2961.85 121.639 997.973 527.656 118.17
900.803 3563.7 57.784 56.5969 398.126
521.369 2370.02 620.261 88.0511 1558.21
69.1505 95.4025 1766.68 2028.65 1269.59
114.813 4744.4 51.6699 355.449 162.344
2802.34 175.856 189.677 1896.89 189.253
0.027502 0.472077 7.02543 0.24124 5354.79
3303.47 1188.7 469.701 198.001 77.7345
456.229 3705.94 408.046 102.327 651.633
1.51491 6.38318 2782.35 1867.71 484.226
8.26104 457.801 2289.09 1600.87 1516.86
479.954 1881.02 81.9115 1480.28 1826.27
536.086 2087.2 1745.63 1020.25 135.024
232.601 741.174 3471.95 296.15 182.252
987.6 249.587 2882.48 191.097 991.625
276.721 193.742 3086.7 487.104 1322.23
2315.08 269.153 185.153 62.9442 2884.16
100.448 2674.78 1491.46 709.687 790.154
9.32137 516.56 2605.12 1819.26 783.266
376.028 1831.7 618.068 130.11 2426.77
2463.45 9.83992 253.27 42.4549 3161.89
547.52 2169.61 537.162 556.152 1192.01
172.418 152.318 1528.13 3569.68 250.981
657.163 2584.44 783.295 12.8461 1731.29
84.556 74.0749 746.479 1706.38 2848.98
2189.07 2657.93 306.269 41.2006 18.5018
1397.03 3314.41 90.2327 492.036 48.2321
1533.55 339.61 2205.15 395.006 345.394
1571.43 307.442 769.816 2316.42 804.268
22.9732 3008.22 77.013 748.314 1357.56
68.587 263.948 3034.42 1540.22 165.566
599.441 18.6063 4613.89 250.635 267.617
1.50009 28.0958 137.441 0.0598781 5418.09
191.651 14.0944 3391.16 1764.43 355.668
740.493 691.202 2649.86 691.745 754.074
12.746 923.263 778.502 400.381 3683.03
4410.33 153.729 58.0716 228.119 294.813
2289.91 897.927 277.682 813.003 67.3827
247.367 19.0227 2557.09 527.577 1947.53
1526.1 2038.81 340.639 921.961 148.393
30.3597 3891.78 138.628 919.156 37.9968
2576.03 1351.06 69.1964 299.469 1238.5
871.456 3302.35 58.9964 1069.27 122.125
2210.57 552.893 119.536 89.2751 2172.33
1053.93 69.0589 4156.16 185.534 23.1921
6.8733 4275.76 222.491 14.8838 1161.75
48.8186 52.7454 764.298 1381.96 2925.99
2833.16 414.749 1726.28 268.814 116.243
707.77 1565.35 1158.26 660.698 846.841
27.8258 1741.45 164.808 437.78 2814.04
1227.07 144.657 720.602 8.29652 3289.02
268.38 9.35482 5032.26 47.4049 39.5801
68.6426 1044.82 1063.55 2355.57 512.149
27.4353 4608.8 240.862 136.135 251.979
3036.34 425.539 241.348 1281.63 167.776
283.382 3046.9 20.0655 2204.53 26.634
4574.02 261.902 536.179 9.91184 217.906
398.106 465.3 310.684 3025.63 904.838
1629.88 1766.16 25.8128 834.265 791.897
0.0157031 0.311945 30.1228 4246.68 1096.41
794.662 730.461 21.3224 377.031 3494.45
162.201 836.622 439.384 3209.16 749.017
1430.76 273.803 1114.2 1457.89 598.467
930.764 3749.69 7.62857 69.9877 413.706
224.018 1120.61 2996.02 602.79 19.9776
282.257 251.115 1982.31 598.222 2329.84
3500.18 238.989 1056.12 33.8463 174.628
70.3944 5.84383 4703.4 174.287 61.7992
16.1026 869.108 110.613 34.6023 4082.03
431.102 4635.18 372.76 24.5121 25.3341
7.93054 14.2832 4192.19 1304.32 301.913
2353.14 870.832 317.404 122.277 1559.64
3071.86 496.243 761.222 246.35 729.752
694.741 789.16 2604.58 949.526 197.683
615.952 2840.15 1655.66 229.075 7.36024
3204.08 462.112 106.93 1516.17 285.934
183.057 3119.36 1044.62 645.7 101.35
574.88 36.3317 3027.83 2114.45 270.858
879.588 1945.64 1047.93 221.061 1176.57
50.1617 9.28956 2416.63 2126 934.498
2619.4 534.746 248.251 700.169 911.352
1720.33 1453.11 1691.57 263.689 75.1961
5.44712 22.9592 5262.14 102.875 51.9281
87.1105 4827.39 52.3709 46.0246 380.079
47.2023 2615.8 28.378 24.9392 2981.92
79.3091 70.0611 1075.11 262.146 3632.27
1962.96 496.562 1100.31 796.206 945.034
4.24805 4228.39 219.894 54.3394 1158.37
2092.17 1918.34 182.115 177.581 318.584
4546.06 299.265 140.2 111.626 641.282
210.511 1011.69 530.42 2195.22 619.25
835.281 1293.61 306.422 2990.75 0.392184
31.4668 4033.69 103.283 943.528 39.0043
7.30459 14.6643 2019.74 2957.62 171.505
320.123 3441.94 351.989 18.5408 1448.59
34.2431 1292.26 606.869 2448.98 667.088
1007.72 289.43 37.3578 1828.6 2349.53
2733.66 156.302 775.069 1502.43 81.6174
2585 417.594 1925.99 22.2116 462.091
796.862 1691.34 86.2532 1639.63 783.404
4366.19 171.434 429.168 11.3897 195.109
181.209 4295.63 238.497 311.78 101.461
1182.98 2982.06 1317.8 297.176 22.7439
639.648 2534.68 627.547 649.732 738.382
70.3404 2399.52 816.151 603.068 1110.58
1200.3 92.3035 310.76 2053.75 1931.72
1256.22 1048.01 31.0435 65.8954 3125.84
19.5379 1422.75 2537.73 1362.59 125.319
125.228 247.47 1842.07 2649.97 299.066
492.471 128.169 4343.18 540.333 103.405
3403.37 106.307 910.222 753.423 87.1758
141.651 51.3218 2166 136.013 2792.89
790.716 314.534 723.168 3898.76 31.5532
296.732 656.29 3778.05 136.035 190.277
14.0276 12.3572 4547.57 354.213 223.497
451.531 830.038 1406.09 203.899 2229.55
38.1621 153.741 4471.9 53.3528 225.989
716.205 3815.2 26.7256 41.6126 764.729
1444.32 414.827 251.816 2892.53 479.532
130.351 243.616 30.0082 4096.69 683.657
43.453 858.807 1370.82 2379.22 881.128
75.3722 4176.89 37.5148 39.7504 1476.91
3.33784 174.114 3425.87 295.628 1815
70.3552 849.36 1285.18 2826.69 286.939
756.125 1389.18 1571.41 462.471 578.997
47.4389 245.407 417.42 27.2168 4360.61
0.279826 27.7524 1442.79 2936.47 931.178
4152.99 144.852 148.039 229.019 298.323
827.486 1623.28 1904.05 668.161 130.657
1886.35 3041.72 464.175 188.772 145.303
93.6837 431.467 649.293 1123.29 2509.03
33.1337 34.8709 1954.7 1004.42 2569.88
3444.3 567.53 549.027 482.465 24.1971
1584.37 239.352 395.792 2862.95 63.4656
436.892 188.275 737.622 3675.65 280.522
5.5888 69.3642 4133.58 314.311 479.27
8.34445 21.2914 2005.03 2820.63 65.4288
985.029 1810.75 69.5434 217.378 2364.86
636.307 1257.44 249.447 2745.36 300.53
4108.6 162.195 124.564 766.495 33.7899
36.0665 406.034 1214.88 3968.64 103.94
228.882 1775.87 3236.82 111.158 52.6134
683.295 1340.31 2036.27 901.752 516.566
20.0973 1084.71 57.3973 39.3637 3976.57
6.80509 45.6626 17.0191 4198.46 685.417
3964.66 678.168 295.21 522.541 18.1845
721.768 538.673 303.028 2002.65 1915.57
4.21129 913.769 780.14 1012.81 2087.22
332.202 20.4276 67.1744 281.004 4143.76
1169.07 1216.11 853.616 2003.23 417.21
125.34 113.203 1022.01 3621.39 315.644
41.6842 733.261 28.9748 1883.27 2056.77
0.802211 3.28734 40.6472 1.10746 4769.61
0.000431556 0.00535493 0.682974 26.3015 4975.49
58.8447 13.1786 2517.16 1446.43 957.197
12.385 72.2304 0.48914 1.27581 4815.55
3470.68 1265.22 83.4478 469.801 48.2973
1454.69 2182.86 1344.84 233.157 496.369
601.798 3134.95 216.829 410.377 219.393
3795.1 202.864 456.03 195.774 0.336076
1366.06 956.815 2500.52 161.877 141.665
2686.58 206.6 40.9541 641.792 1689.1
182.492 5.89848 23.4128 4278.43 1021.2
1.15799 13.217 29.5237 18.2198 4694.29
2765.47 386.823 1720.26 322.146 106.878
737.467 1364.75 1539.85 381.379 613.12
0.313783 0.0204041 1.65173 155.555 4640.37
3598.09 249.672 105.458 484.624 630.412
258.738 620.519 15.7935 47.8846 4024.5
3372.21 587.984 609.373 233.674 16.4309
2528.53 408.472 1883.92 21.7264 493.032
0.107642 0.126354 0.0101553 2.93953 5479.99
2050.31 342.03 1586.73 428.464 936.622
217.791 71.8378 1369.76 989.712 2039.61
105.899 117.249 135.015 3643.3 1023.51
156.891 2506.77 1830.44 214.044 476.002
89.2771 4387.85 234.828 22.6624 538.717
781.522 3080.03 122.255 1002.2 402.886
498.277 119.728 4362.3 194.167 9.26422
0.0903917 1.12162 146.712 4140.16 866.608
424.013 4666.16 30.0211 48.5424 93.2044
412.9 521.919 79.7949 665.853 3599.8
20.2356 1067.16 567.963 386.566 3555.95
69.79 1570.6 176.182 106.291 3190.21
595.04 2851.61 489.771 70.7338 1354.73
44.3803 45.341 2819.18 148.357 2822.71
5.62938 6.70715 1433.92 155.048 3534.95
380.352 436.732 30.5504 1985.68 2155.95
4484.73 293.862 358.137 245.11 22.8405
961.286 177.47 748.602 1062.56 2591.22
1387.99 3089.59 298.734 363.105 7.57994
17.6609 953.211 50.4388 35.1729 4185.26
61.2513 120.147 4512.96 1063.02 32.6567
1155.73 3267.24 62.8541 879.642 184.066
1124.25 74.916 897.099 2268.21 502.51
259.51 3231.94 224.645 243.054 554.036
3141.23 902.202 102.648 304.502 889.527
1475.71 1284.53 209.522 382.186 1704.79
2498.05 403.548 1825.03 77.4877 757.916
1548.19 1819.61 27.0471 2057.12 111.135
14.0734 597.349 4439.46 20.5423 154.908
1562.52 350.678 951.763 1668.54 361.77
672.993 342.978 3576.77 217.861 0.347701
856.181 292.278 578.926 1030.27 2100.37
780.433 1601.25 1123.56 122.507 1666.79
1303.44 1180.03 1278.64 726.779 708.109
1099.31 1093.64 1233.86 880.407 970.685
2648.44 181.306 523.495 1286.37 173.491
3857.8 151.473 681.066 255.071 193.824
3161.42 424.948 256.952 94.1273 1440.67
3615.06 689.218 51.3875 53.1572 1235.86
3010.86 210.184 222.264 84.7001 1628.26
2015.93 2016.83 102.377 303.699 887.18
508.791 186.764 879.993 1221.46 2727.86
646.617 1779.26 2684.13 49.5227 100.396
321.948 4770.75 228.234 103.466 76.3586
47.4345 937.497 2347.69 1135.95 117.288
1611.58 1269.1 153.464 200.619 1651.88
625.839 1027.56 2476.37 455.051 383.673
1605.33 345.728 358.861 451.264 2454.96
914.571 50.7665 3819.36 8.82804 272.577
116.669 2625.6 294.526 40.8527 1994.19
334.077 786.109 636.602 3340.04 7.00893
2545.69 428.356 73.2358 1851.53 92.9757
1097.54 2317.01 496.218 874.207 234.503
23.8794 1494.47 740.011 173.59 2885.33
504.183 280.178 3638.43 38.3583 161.321
1957.26 706.716 262.272 70.3782 2554.83
470.015 771.711 1859.79 341.751 1500.31
1173.12 2594.62 544.7 842.474 252.632
207.758 1611.96 3201.82 356.866 127.116
1935.54 342.599 989.931 1150.37 608.974
3221.88 370.541 21.1974 1057.03 283.334
1248.44 2100.98 173.502 858.908 815.288
82.9266 3916.47 191.669 36.4528 1107.31
3670.37 135.082 236.982 394.065 669.622
122.366 2900.72 1649.75 308.941 4.42103
2688.12 113.296 1914.01 60.0236 997.191
3527.14 122.846 620.034 402.769 183.14
182.103 307.77 288.146 44.826 4314.4
960.085 193.428 944.839 1139.34 1866.87
2027.2 512.814 1136.32 878.443 470.247
2.37032 131.356 5057.12 33.9063 449.548
990.475 1164.12 17.3037 1316.07 1623.68
0.794311 0.204213 141.694 2299.25 3031.9
1658.85 1340.63 1638.76 251.398 183.607
1.06235 1057.44 54.9912 29.1685 4526.64
58.2881 3574.64 987.139 1046.1 141.964
826.555 196.257 971.082 2497.42 371.036
434.111 17.1113 10.8101 67.4001 4611.68
438.98 3470.65 384.073 96.136 902.28
1910.11 1581.71 106.607 492.754 1370.88
1311.71 1540.89 15.5185 1737.95 430.112
128.827 5.91203 3956.66 1033.56 0.370422
0.304416 0.0674139 1465.74 3047.74 345.416
2728.77 854.456 769.998 623.789 243.805
491.947 91.1837 3.44081 194.856 4211.48
46.9657 11.1562 512.927 3270.8 1282.2
60.672 66.4237 8.13588 1949.63 2679.52
1288.74 193.124 3457.88 17.9717 187.18
352.459 116.258 1147.05 963.697 2136.55
667.953 2775.65 1218.29 21.0097 448.959
138.953 306.836 10.6799 3937.44 172.21
384.313 97.1239 1384.13 2422.27 986.351
262.911 630.527 23.5778 1468.61 3061.06
41.5889 6.44092 1342.1 3235.12 985.245
712.129 181.535 3159.04 589.816 950.579
205.668 46.1583 1341.73 2915.15 1087.29
1368.69 385.267 300.424 2618.54 853.263
649.18 587.432 1329.11 17.6379 2655.07
7.00528 129.564 2364.89 168.581 2517.73
74.6751 4138.26 44.8947 39.4544 1465.91
3295.75 13.1645 336.576 1105.56 449.713
2494.93 1332.6 95.9289 711.276 708.186
314.659 756.949 826.837 2416.6 657.685
3673.19 12.2105 331.573 43.9712 1047.26
1039.87 1237.98 471.645 1542.68 678.066
415.115 736.786 1750.1 220.005 2251.46
2768.66 116.69 1867.7 222.424 503.029
361.621 1575.08 453.514 719.701 2616.35
2.34555 41.5872 2.57046 2.20836 5067.94
1461.64 509.58 20.5633 119.051 3278.07
310.248 307.834 3370 261.675 1386.66
92.6659 129.994 1089.32 2626.13 1435.21
1084.33 1071.32 446.343 1627.71 668.198
16.9105 3.31651 3817.26 1272.18 424.575
0.297048 38.0783 4078.54 931.866 38.5222
5.59843 59.2593 81.5886 4324.72 384.898
1019.79 2255.49 918.606 819.315 245.688
1406.38 1293.78 240.915 966.277 1797.85
136.792 327.033 7.1384 757.441 3964.24
3830.29 226.716 102.993 305.525 634.344
81.2665 191.226 167.308 768.943 3900.79
564.247 660.576 71.0717 3288.17 230.459
540.481 1975.56 1270.87 583.314 1013.31
879.776 3400.82 148.386 980.188 179.336
60.3174 997.292 3867.71 6.90992 477.644
406.84 1509.24 10.4985 412.581 2698.2
56.726 4112 78.4542 682.192 437.109
1700.82 263.408 876.819 95.5281 2550.82
213.702 1991.45 178.869 325.402 1956.93
9.5465 23.1338 1935.88 2479.85 678.012
2453.43 373.185 377.35 518.469 1340.02
349.25 1320.91 60.1424 1094.88 2208.78
1650.14 2326.71 277.25 412.396 157.061
16.3379 269.6 617.362 2146.74 2301.86
36.4728 36.2553 2285.23 120.258 3057.35
3.88903 4801.76 273.799 1.82085 326.205
1214.07 2874.91 119.261 326.822 61.1722
4506.33 83.371 174.062 201.772 361.983
72.9655 880.872 1194.47 2754.15 279.562
17.5254 16.1372 2185.09 598.688 2388.64
552.265 102.364 3.86269 145.697 4334.15
0.00962168 0.0171807 0.132471 12.4757 4727.59
473.722 1760.34 26.8768 468.651 2403.19
1689.39 1514.09 1511.24 255.543 72.7255
2115.58 607.624 69.1323 205.079 2226.46
4835.71 168.557 55.7828 260.657 323.409
0.040155 0.689267 26.4816 0.901629 5194.49
3704.66 210.472 230.482 615.781 692.683
457.455 19.6856 2821.12 1211.34 536.567
1279.62 2395.16 522.188 532.637 676.836
1247.22 396.933 238.441 1122.84 2313.96
625.133 244.97 611.865 2591.05 1502.46
216.764 2690.32 1471.98 327.047 498.69
551.638 2553.76 789.212 36.0887 1307.25
45.1608 773.553 6.34343 1940.26 2124.1
2269.32 2413.59 295.9 121.303 22.215
106.36 474.845 68.6564 3884.64 0.327745
15.8375 370.653 4803.01 33.8975 38.9442
1595.41 1875.66 73.8399 864.268 819.139
182.067 4558.6 36.9203 261.273 429.914
0.160218 3.76042 22.92 3.33608 4958.83
232.571 83.558 31.1233 3407.86 919.548
758.023 355.385 734.312 3959.28 31.993
0.340078 2.3596 5.00054 1406.84 3868.8
97.3236 4.4663 2989.09 780.816 1793.25
1423.07 1342.55 441.915 166.046 2477.06
2385.61 1437.55 300.907 306.201 985.37
1159.43 2802.45 912.074 7.87947 162.637
3558.51 199.891 159.764 14.2551 1315.43
631.916 571.811 1293.76 92.8608 2736.69
0.38127 1.44701 384.498 3708.69 994.85
880.169 144.499 3183.08 1146.95 262.307
2446.07 296.601 6.73513 1567.86 719.217
95.8074 441.248 664.012 1044.43 2715.72
1065.34 1965.4 1467.36 426.046 521.276
73.8658 298.622 1023.59 3343.75 362.708
117.478 1317.26 2545.34 1362.6 100.096
136.317 30.594 2847.47 1755.56 380.639
1416.44 2651.26 578.022 86.2637 672.196
253.641 596.837 522.186 2399.95 1286.89
730.735 545.365 163.387 1843.85 1763.67
31.1833 351.06 1050.4 3431.32 363.213
4.74257 93.7323 234.725 113.573 3927.61
415.932 3416.85 202.98 431.177 1355.21
2647.4 113.943 1786.54 212.824 504.98
