1427 28.197
2.43223 0 0 0 0
1.83603e-16 2.99847 0 0 0
1.60805e-16 4.51233e-17 2.72758 0 0
9.93736e-17 1.62289 0 1.62289 0.977344
9.13878e-17 4.91548e-17 6.73038e-17 5.66942e-17 2.22201
6.26141e-17 0 1.24641e-16 2.27795 0
7.57998e-33 1.2379e-16 2.02165 0 1.80447
4.49143e-33 7.33505e-17 1.19791 1.36489 2.08199
2.38717 0.573078 1.42699 0 0
2.32717 0.490287 1.8768 0 0
0.486675 2.91054 0.995041 0 0.0308901
1.60796 0.637441 1.16263 0.521411 0.46822
1.88858 2.73961 1.08841 0 0.00366608
1.63038e-16 2.66262 0.983801 0.658857 0.411587
0.10831 0.00596037 2.38412 1.42191 0.931442
0.737205 0.531748 0 2.24082 1.51386
2.26543 2.26543 0 0 0
1.51044 0.0959802 2.34099 0.0341472 0.134444
0.602872 0.0380843 2.47303 0.0258402 1.43608
1.61055e-16 2.63023 2.68992 0.00909597 0.519072
0.780215 0.294157 0.517963 0.688205 1.41334
1.08405 0.854167 0.223386 1.39809 1.30801
1.62808 1.60254 0.674634 0.258804 0.291282
0.469362 2.06318 0.061725 2.18277 0
1.00393 0.265403 1.03842 0.638415 1.60131
0.400765 2.56497 0.604052 0.481453 0.734735
0.291913 2.3155 0.443992 0.92431 0.254236
0.586897 0.586897 1.41894 0.570808 0.419335
1.0247 0.978764 0.0644667 0.99593 0.923424
0.768009 0.396044 0 1.89617 2.08378
0.516291 0.0600682 0.519773 0.904673 1.14615
0.798421 0.739087 1.23951 0.668062 0.261465
1.48699 0.539806 0.65718 0.0744898 1.53594
2.98186e-17 1.1656e-16 1.96487 1.57031 1.16408
1.35948 1.8249 1.00994 0.292805 0.341494
0.0685472 0.0349826 2.27788 1.93752 0.173713
2.29271 2.20496 0 0 0
1.73498e-16 2.83344 2.18722 0.387517 0
0.511506 0 1.95274 2.05961 0.444007
1.65193 0 0.650796 1.86736 0.58344
0.116097 0.241554 2.21726 0.711052 0.699409
1.31457 2.51382 0 0.228283 0.578326
1.15721e-16 1.88987 0.379023 0.494525 2.20764
0.334187 0.334187 0.231359 0.526203 1.44813
7.26627e-17 1.18667 0.800116 2.03514 0.785021
1.14273 0.758632 1.1065 0.195326 0.885732
0.646774 0.701068 0.953841 1.25514 0.0125485
1.76265 1.14812 0.481097 0.124415 1.42315
1.70544 0.0221444 0.70599 1.6415 0.960533
0.982216 0.180132 0.512673 0.747686 1.65071
1.72191 0.841799 2.23899 0 0.726761
2.40535 0.567545 0.106452 0.360154 0
2.12387 1.22082 1.22827 0.0131866 0.443227
1.67972 0 1.67972 0.0829858 1.24174
0.703763 2.08741 1.27485 0.0194501 0.0694414
0.642307 2.22942 2.3201 0.246549 0
0.185443 0.670137 0.302006 1.41527 1.46322
0.0403093 1.25184 0.514339 1.83175 0.973451
0.47943 2.94502 0 0.446027 0
1.83125 2.53717 0 0 0.460384
2.31859 0.456135 0.0462146 0.73944 0.109105
1.0179 0.888627 0 0.930575 2.04365
0.575806 1.10525 1.24625 1.26109 0.0931447
0.207076 0.31393 2.6039 0.772658 0
1.14959 0 0.98109 1.27273 1.97584
2.12813 0.689312 2.30523 0.0489244 0.0148022
1.59849e-16 2.61053 0 1.60966 0.93065
1.41348 0.795861 0.394996 0.899305 0.843329
1.49193 1.90799 0.0408751 0.865732 0.535502
2.22028 0 0 0.838351 0
1.19786 1.63982 1.1664 1.10741 0
1.80056 1.80056 0.773299 1.28577 0
0.547897 1.93161 0 2.16443 0.153466
1.46354e-16 2.39014 2.05281 1.66566 0
0.0331294 0.0757338 0.082663 0.548609 2.02924
1.99331 0 1.99331 0 0.494272
1.08888 0.349671 1.35829 0 2.19971
2.18719 0.468907 2.39629 0 0
5.0575e-17 0.825953 1.8864 0.433402 1.29357
0.870789 1.46778 0.759362 0.594902 0.685211
1.77865 1.63424 0.808226 0 0.215135
0.0163669 0.0238106 1.34751 1.34781 2.11093
0.883711 0.407179 1.77236 1.17188 0
0.75333 1.43507 0.00964923 1.9879 1.2237
0.415694 1.9003 0 1.15603 1.95206
2.21842 0 2.41235 1.70389 0
1.73492 1.73492 0.188154 0.943757 0.00256717
0.265517 2.59641 0.261522 1.22327 0.166139
0.0424996 0.0424996 1.01816 1.28029 1.63689
1.89317 0.990599 1.52885 0.205719 0.711589
0.721967 0.0483029 0.723581 0.184237 2.15733
0.521194 2.05185 0.596624 0.409704 0.942067
1.65886e-16 2.70913 2.00552 1.43108 0.046646
1.82307 0.134023 1.26618 0.204098 1.58266
1.09292 2.42718 0.389926 1.07194 0.365256
1.49051e-16 2.43419 0.992344 0.345741 0.267862
0.59015 2.87428 0 2.25429 0
0.202361 1.86375 0.0162251 1.00702 2.12811
1.44264 1.12127 0.137592 0.819058 0.910472
1.4764 0.672736 1.11622 0.203045 1.90355
1.54511 0.027464 1.54536 0.588347 0.383189
0.211864 2.21135 0.469632 1.55592 0.824619
1.37784e-16 2.25018 2.25018 0 1.20515
0.728456 1.76839 1.91255 0 1.32231
0.0562933 0.255801 1.8392 1.48979 0.353419
1.81984 0.553655 1.9022 0 0.808302
1.99971 1.99971 0.0569926 0.735117 0.336661
0.122654 1.67776 2.65762 0.988128 0.166907
0.436355 0.306236 0.992802 2.09295 0.138752
1.05056 1.05056 0 0 1.48572
0.810088 0.077772 0.813813 1.33948 0.988158
0.445149 1.97168 1.84757 0 1.19122
0.671055 0.276452 0.760225 1.80808 0.0235679
1.36807 0 1.52024 0.76079 1.33868
0.697831 1.19223 1.13694 0.142201 0.953803
0.411239 1.11568 1.18906 1.3593 0.126408
1.27977 0.662593 1.44112 0.223709 0.226622
0.956527 2.12871 0.790632 0.0973023 0
1.64535 0.201281 1.93155 0.717431 0.23212
6.30888e-17 1.03032 2.66427 0.131307 1.18443
0.938432 0.938432 0.41544 1.39065 0.322305
0.0924929 0.529696 1.21791 1.33133 0.663665
2.07943 0.859749 0.274942 1.04749 0
0.0738724 0.610136 0.588187 2.07067 0.589955
0.0467352 0.991627 0.636288 1.80526 1.23145
1.87613 1.02182 0.398363 0.859914 0.689451
0.950936 0.506333 0.175082 2.04824 0.775604
0.290662 0.372279 0.93774 0.532172 1.63224
0.191309 2.77131 0 0.574748 0.871982
0.566682 0.248866 0.884968 1.13053 0.25276
0.272867 1.50037 0.847539 1.74467 0.434694
1.17323 1.42658 1.92856 0.118487 0.0974969
0.534108 1.28804 0 0.407778 1.45564
0.253615 1.10089 2.19899 0 0.605144
1.17811 0 1.17811 0.516074 1.5028
0.261976 0.641563 1.25623 1.05745 0.665672
0.0628382 0.0394105 1.83451 0.282989 1.06148
0.92977 1.33378 1.65343 0 0.189342
0.604561 1.74851 0.049799 1.84813 0.425393
1.4374 0.751828 0.390226 0.707697 1.24963
1.9596 0.190434 1.18122 1.94541 0.0570922
0.127496 0.321833 2.26528 0.31571 0.398691
0.617159 0.705631 0.773249 0.53865 1.32923
1.41951 0.460597 1.49236 2.11052 0
0.525031 1.24377 1.35005 0.0970274 1.11638
0.387774 0.099587 2.28553 1.56153 0.801431
0.131246 0.532607 1.00748 1.14713 1.62229
0.419878 1.41939 0.433214 1.95275 1.02632
0.147373 1.16547 0.00699523 1.28917 1.93665
0.300683 0.509259 0.628326 0.610214 1.05684
0.196962 0.142734 0.432821 1.08933 1.10077
0.978308 2.96488 0 0.162156 0.373176
0.127102 1.53584 0.529349 1.62947 1.1296
0.115343 0.026211 2.58013 0.889461 0.737735
1.30444e-16 2.13031 0.199273 1.8554 0.791971
1.45588 1.0521 1.90733 0.00782702 0.326083
0.0950258 0.994797 0.999325 0.216946 1.84395
1.11736 1.23965 1.60574 0 0.124065
1.17588 1.5775 0.55867 0.850734 0.446044
1.06863e-16 1.7452 1.80063 1.96296 0.0601473
1.5221e-16 2.48578 0.047652 1.73037 0
0.759524 1.63791 1.33791 0.425833 0.861574
1.03724 0.855173 0 1.51274 2.02375
1.42833 1.20855 0 0.959729 0.238649
0.901289 0.901289 1.07427 0.802737 0.182047
0.0837665 1.71635 1.65817 1.18427 0.947977
1.97902 0.374973 0.321732 0.469329 0.283962
1.34141e-16 2.19068 0.12362 1.44849 1.7987
0.174771 1.07345 2.07521 0.0652823 0.679438
1.15857 2.09771 0 0.790264 0.611553
0.254802 1.50787 0.507048 0.0669379 2.05623
0.112403 1.54175 0 1.38479 1.47453
0.291648 0.773697 2.33157 0.172046 0.7892
0.445798 0.815675 0.152959 0.146737 1.61093
0.611338 0.92948 0.459955 1.74292 0.639743
1.52973 1.08066 0.608961 0.33889 0.337464
1.43934 0 1.46715 0.155731 2.06118
0.00110945 0.579612 2.15443 1.16132 0.555895
2.02628 1.84951 0 0.267818 0.0842535
0.0972006 1.08839 0.681357 0.658449 1.56018
9.47538e-17 2.99565e-17 1.62294 2.09634 1.92939
2.10265 1.30943 0 0.928553 0.380277
0.457175 1.83742 1.09705 0 2.01359
0.24966 0.667232 1.49862 2.06487 0
1.55361 0.627557 0.550728 0 1.07925
0.137553 2.1746 2.17895 0 0.626224
1.18464 2.02717 1.19739 0 0.142473
1.22015 0.946185 0.371152 1.52466 0.279475
0.854767 1.06691 0.289812 1.02788 1.27741
0.178579 2.14755 0.0334594 2.15522 0
0.0717263 0.0119412 1.78986 0.285944 1.81401
1.17693e-16 1.92207 0.744867 1.16405 1.20718
0.496051 0.363673 1.2856 1.90797 0.504733
0.142954 0.142954 1.74657 0.23631 1.77404
0.75522 1.5679 1.48265 0.396348 0.647479
1.56903 2.33455 0 0.614658 0.634658
1.342 0.412592 1.03928 0.375351 0.875101
1.75702e-16 2.86944 0.356186 0.169121 0
1.92349 0.746992 0.576303 0.652747 0.899454
2.10744 0.337871 2.03939 0.822974 0
5.48615e-17 0.895957 1.73586 1.68482 0.245464
0.127261 1.77831 0.196014 1.69612 0.475594
0.311538 0.133759 0.388103 1.7957 1.68058
1.24975 1.0322 0.0765284 0.988788 1.85203
1.87649 0.0197957 0.313135 1.49568 1.1119
1.57435 0 2.06506 1.47773 0.705153
0.358384 2.30426 0.553872 0 1.56605
0.374948 0.956325 0.694521 1.68983 0.321533
0.383943 0.14396 1.69678 1.74563 0.759982
0.375016 1.13806 0.0753827 1.0986 2.16176
1.27424 0.249114 2.44592 0.505132 0.0795362
1.68516 0 0.474923 0.629163 1.70511
0.234357 1.64806 1.59608 0.124877 1.2625
0.119911 0.119911 0.25087 2.21589 1.27127
0.57456 0.31972 0.34026 1.52349 1.83818
2.13215 0.100997 0 1.06821 1.52848
0.90012 0.491115 0.733842 2.02399 0
0.638762 0.426466 0.425534 0.719546 1.22633
0.460875 0.460875 0.214505 0.973601 1.79699
1.72262 0.165421 1.73055 0 1.37112
0.221351 2.42215 2.04617 0 0.400528
0.116367 1.72396 0.407451 1.77528 0.0150528
1.71259 1.71259 0.390734 1.67549 0
1.96725 0.316257 1.33319 0 1.69185
1.08429e-16 1.77077 0.904699 0.105284 0.747675
0.945827 0.916939 0.0216038 1.17805 1.72433
2.09429 0.0525647 0.190894 1.01809 0
0.149842 1.47872 1.04479 2.20171 0
1.39212e-16 2.27351 2.27351 0.464762 0
1.25057e-16 2.04233 0.279373 1.73159 0.817833
1.40016 2.78387 0 0.627307 0.0734183
0.28015 0.123077 0.837782 0.784238 1.88932
1.8692 0 0.588947 1.20419 1.35484
0.826435 0.236936 1.67396 0.138236 2.16066
1.04373e-16 1.70454 2.18777 1.58774 0
1.13936e-16 1.86071 2.55282 0.836292 0.568402
0.223589 0.223589 0.624462 1.29614 1.09227
1.10532 0.264698 1.75238 0 1.97771
6.92461e-17 1.13087 1.41219 1.71257 0.932191
1.51726 0.803144 0.0423723 1.03002 1.54751
1.27718 1.37082 1.04838 0.589956 0.429158
0.00785895 0.0898686 0.287038 2.20793 1.47797
0.532766 0.771002 0.721346 0.0309736 1.21732
0.736372 2.37515 0.161101 0.110888 0.87243
1.15232 0.805462 0.663894 1.29037 0.205665
1.00477 0.714677 1.19706 0.67921 0
0.154356 0.229535 2.45692 0.318849 0.0515999
1.34034 1.34034 0.100646 0.882551 1.17298
0.907393 0.907393 0.484378 1.37162 0.833698
1.50583 1.54953 0.465289 0.401243 0.0356004
2.95304e-17 0.482267 0.482267 1.88313 2.00284
1.69766 1.69766 1.37683 0 0.598902
0.439413 0.439413 1.14883 1.30613 0.424705
9.48579e-17 1.54915 0.0762426 1.13451 1.92166
0.431721 0.450519 0.372652 0.726787 1.02783
1.40624 2.1554 1.21293 0 0.0763451
0.394558 0.287466 0.565696 1.76989 1.00113
0.168847 0.214403 1.09331 0.759778 1.62892
1.9451 0.919462 2.08242 0.356342 0
4.45061e-17 0.726839 2.57234 0.813458 0.78738
1.33348 0.385114 1.30357 0 1.90415
0.167209 0.0268539 2.61892 0 0.35798
1.06679 0.866623 1.62888 0.579159 0
1.57653 0.615616 2.57358 0 0
0.0799309 0.442422 1.71136 1.6912 1.2382
0.46664 1.05982 1.15801 0.793179 0.706422
0.918875 2.45166 0.573167 0 0.197984
1.30522 2.81221 0.543871 0.810118 0.46091
2.01285 1.84661 0 0.67572 0
2.05311 1.68573 0 0.301734 0.624822
0.13 0.13 1.58669 2.00455 1.05033
8.85074e-17 1.44544 1.48936 0 1.38506
0.494404 1.76654 0.685187 2.13006 0
0.755097 0.755097 1.06787 0.584006 0.850831
1.22206 1.02582 2.42026 0.15303 0
1.90073 0 0.929631 0.441232 0.221375
0.352637 0.597291 2.16557 0.956261 0
3.70313e-17 0.604766 1.71673 1.82013 0.905123
0.834239 1.85245 0.0963977 0.829946 0.502134
1.20921 1.20921 0.0854012 0.96663 0.957951
1.4657 0.496439 0 1.03385 1.86107
0.844741 0.844741 0.109861 1.19968 1.69661
0.664973 1.13978 1.56556 1.24506 0.0712428
1.82544 1.57504 0.333415 1.35054 0
1.16725 0.132332 1.17472 1.66131 0.362267
0.591061 1.35595 0.115348 0.350461 1.84251
0.0270337 0.1095 1.8505 0.472183 1.74338
1.70011e-16 2.7765 0.129225 1.46809 0.573513
0.253914 0.50246 1.44837 0 1.55394
0.194948 0.194948 1.55026 0.779244 1.75686
0.924526 2.71099 0.363244 0.0279615 0.773404
2.05376 0.517446 0.164275 2.01046 0
0.150409 0.974084 1.72149 0.872885 0.54213
1.85874 0.704231 1.15373 0.131778 1.00612
0.561803 0.561803 0.148878 0.42292 2.14836
0.627717 0.446547 0.361171 1.43877 0.9951
0.267788 1.34689 1.62375 0.048146 1.01687
0.35528 0.35528 1.56826 1.20769 0.712368
0.558949 1.38558 2.40896 0.1155 0.135537
0.775692 1.35768 0.646908 1.23431 0.661761
0.227214 2.97684 1.44263 0 0.292596
0.303681 0.178083 0.352045 1.17097 1.41246
9.07307e-17 1.48174 1.85425 1.9749 0.104308
1.12333 0 1.12333 1.96623 0.304184
0.840616 0.745267 2.11771 0.298311 0.297914
0.633722 0.633722 0.120236 1.54224 1.04767
0.45082 0.282239 2.70829 0.438898 0
1.14985 2.11136 0 0.307565 1.13297
0.794097 0 1.74472 1.91694 0.772771
0.0795714 1.61136 0.367953 1.65475 0.741832
1.09143 2.29381 1.38244 0 0.0543648
1.22766 1.66479 0 0.874412 0.456003
0.185693 1.52522 2.04168 0 1.07395
1.42299 1.31792 0.290226 0.765692 1.20623
2.1581 2.1581 0.660085 0.0331958 0
2.14068 1.23438 0.862173 0.804314 0
0.372128 0.656585 0.754707 1.64364 0.125853
5.9299e-17 0.968426 0.968426 1.52579 2.0503
1.74757 1.38294 0.496301 0 0.879359
0.991349 0.0122856 1.4428 0.456194 1.75158
1.20233 0 2.65337 0.330434 1.72673
0.0430435 2.10833 0.795019 1.57519 0.652456
1.20629 0.692683 1.39102 1.00677 0.182101
0.0851445 0.563848 0.712746 1.5859 1.04067
1.07305 0.773175 2.02642 0.603582 0
0.0279755 0.0457371 1.81191 0.592721 1.90715
0.220441 1.9097 0.52794 0 1.99356
0.912183 0.912183 1.29002 0.327383 0.489491
0.319699 0.0681138 1.5951 1.76787 1.37654
0.241197 1.00097 0.779349 1.15028 0.756751
1.93742 2.69689 0.782742 1.2143 0
0.565121 1.59187 0 0.192335 2.03573
9.56066e-17 1.56137 0.824123 0.320627 1.94559
0.916807 1.28038 0.751922 0.142967 0.986039
1.50415 1.50415 0.250384 0.738452 0.415307
2.04357 0.6397 2.14135 0 0.347889
1.74034 0.196362 0.0186296 1.91564 1.29504
0.192771 0.1601 0.138808 2.17736 1.67671
0.708157 0 1.08492 1.29559 0.933743
0.0677842 0.109763 1.76856 0.490499 1.6026
1.91704 1.91704 1.0105 0.618054 0
2.16973 1.01198 0.361042 0.00851622 0
0.25706 0.845821 0.884021 1.25019 0.766221
0.16022 0.484781 0.317292 0.913895 1.07832
1.30224 1.73264 0 0 1.10789
2.04549 1.55621 0.0903481 0.126206 0.295987
1.63668 0.12276 2.50523 0 1.0707
0.790771 1.72991 0.240464 1.50735 0.347606
1.9843 1.9843 0.194222 0.572815 0
1.13693 1.04021 0.353056 1.58092 0.519723
0.481827 2.81595 0.529467 0 0.200929
0.660539 0.675322 1.33008 0 1.71425
1.86086 1.05033 2.09898 0 0.432226
2.54753e-17 0.416043 0.865294 0.113771 2.21532
7.11293e-17 1.16163 0.189043 1.17691 1.6644
1.23884 0 1.80808 0.133807 1.02264
1.81071 0.460032 0 0.54262 2.14372
1.4614 0.177259 1.32123 0.27125 1.67457
0.538992 0.0396218 0.540446 0.764306 1.1404
0.845617 0.682265 1.85763 0.297896 0.021862
1.1435 1.24743 0.470829 1.05124 0.117233
1.20774 0 0.925683 2.13974 1.63685
0.448626 0.424733 0.617789 0.90055 1.25472
0.973913 0.926109 0 1.5429 2.04615
1.66879e-16 1.75187e-18 2.72548 0.378871 0.655472
1.56807 2.29846 0.178135 0.162807 0.673281
1.56698 1.56698 0.208687 0 0.99174
0.195236 0.0833425 0.0162193 0.366502 2.17746
0.317656 0.400475 1.35575 1.78784 0.485031
0.756226 1.40182 0.595625 1.09637 0.249321
0.316351 0.260865 2.43716 0.0427844 0.455886
0.660662 0.660662 0.221988 1.61326 0.1627
0.974675 0.910994 0 2.01619 1.78296
0.245695 0.155033 0.970222 1.01278 1.43229
0.627305 1.26286 0.373839 1.4588 0.498425
0.325763 0 0.147483 1.06802 2.08149
1.78654 0.869143 0 0 0.853622
0.555174 2.10988 1.00813 0.0601983 0.797994
1.3152 0 0.828529 0.894127 1.83002
0.642214 0.0811211 0.507647 2.21642 0
0.996705 1.94234 1.7556 0 0.100109
0.460715 1.36567 0.416986 1.5004 0.481379
1.26501 0.616846 0 1.62656 2.15092
1.75465 1.75465 0 1.54964 0
0.280239 0 0.280239 1.78136 1.82492
0.359292 0.324685 0.484263 0.253426 1.33731
0.152354 2.36621 0.829632 0.0883759 0
1.58365e-16 2.58629 0.443744 0.448259 0.595261
0.178128 0.874214 0.173355 1.72542 1.17408
1.15938e-16 1.89341 2.52685 0.647989 0.0505117
1.13204 0.0682428 0.781448 0.507777 0.546142
0.700165 1.0425 0 1.96703 1.3499
0.161349 1.61418 0.77409 1.72301 0.51153
8.62404e-17 1.40841 1.16357 1.56058 0.387127
1.23168 0.720854 2.43599 0.0375451 0
0.577986 0.00920838 0.755866 0.954115 2.03034
1.30763 0 0.114244 1.31261 1.75307
0.0384183 0.00983392 2.53837 0.192825 1.43258
0.0233117 0.0182675 2.13125 1.74159 0.583566
0.930376 1.44974 0 1.7226 0.795401
0.0772098 0.722449 1.16449 0.0337298 2.18012
0.907137 0.907137 0.126178 1.4035 1.02602
1.84228 0 0 0.367224 1.87852
0.233178 2.35292 0.470803 0 2.11574
0.34957 0.470648 0.586267 1.52451 0.768513
1.74712 0.242433 0 2.16904 1.08396
0.213678 0.0104146 1.14595 2.02231 1.87814
0.330479 0.549013 1.36891 0.002134 1.17497
0.863163 0 1.12791 1.42029 0.752668
0.00011554 1.76161 0 2.14552 0.527513
1.84792 0.984558 2.17549 0 0
2.02349 2.02349 0.366667 0.357795 0
0.416987 0.742327 0.91176 1.37185 0.376784
1.37127 0.273367 1.39825 0.0213489 1.97754
0.822767 0.96168 0.569439 0.853313 0.63497
0.611818 0.515273 1.26597 0.603349 0.608866
1.25606 1.25606 0 1.454 1.21893
1.86021 0.843893 1.86423 0.0169866 0.936897
0.495475 2.59313 2.64004 0 0
0.863614 1.8127 0 0 1.70759
1.25154e-16 2.04391 2.51641 0 1.17589
2.18554 2.62956 0.113651 0 0
0.0532139 0.149685 2.10449 1.09835 0.472769
3.55677e-17 0.580864 0.580864 1.81301 0.98068
2.02499 0 2.50279 1.08961 0
1.95009 1.95009 1.3184 0 0
1.50681e-16 2.46081 0.375732 0 0.771084
0.378542 0.252049 1.40605 1.09659 0.669618
0.367807 1.05591 1.28714 0.0465937 1.13894
1.91832 1.22885 1.57528 0.13724 0.139972
2.0844 0 0 1.37375 1.85484
2.146 0.189045 1.16719 0 2.02094
1.37201e-16 2.24067 2.50306 0.967459 0.209559
0.687272 1.56717 0.104822 0.00381499 2.02543
0.2596 0.692531 0.120452 0.177218 1.36672
0.31222 0.749924 1.46902 0.782917 0.310622
0.278916 0.363819 1.43945 0 2.07405
0.398251 1.73787 2.14983 0.0316422 1.0321
1.53376 0 1.80867 1.53167 0.664189
0.772094 0.831536 0.000786181 2.16731 1.74657
0.923809 2.34755 2.11234 0 0.905689
2.06304 0.915445 0.87421 0.732156 0
1.44993e-16 2.36791 0.895844 0 1.73398
1.22802e-16 2.0055 2.0055 0 1.37501
6.37976e-17 6.37976e-17 1.47346 2.26499 1.76041
1.82325 1.58546 0.321814 1.75474 0
1.15759 0.699706 1.34416 0.276763 0.727068
0.635791 1.00384 0 1.18825 1.75151
2.0716 2.16891 0.437997 0 0
0.69035 2.2645 0 1.1333 1.25639
1.42276 0.699031 0.0440946 1.58582 1.28085
0.212606 1.46034 0.0324062 1.47609 1.76843
2.32243 1.1431 0.122595 0.336734 0.733117
1.27736 0.209999 0.46372 0.25878 1.3992
1.20431 0.831111 0.4728 0.87691 0.896732
0.624875 0.121767 1.37669 2.16035 0.423245
0.667141 0.409521 0.161971 1.79248 0.918595
0.974632 1.07576 0.196864 1.228 0.566646
0.338382 2.35049 0 0.0239639 1.81113
1.47212 0.462815 0 1.97485 1.09559
0.491914 1.85641 0.813489 0 1.79209
7.51121e-17 1.22667 0.874526 1.50649 1.50945
0.271895 0.506259 1.43545 0.591679 1.61183
1.74014 0 0.974361 1.99436 0.525708
1.37902 0.608518 0 1.50731 2.13166
1.27092 1.27092 1.64327 0 0
0.394887 0.958626 2.13022 0 1.40093
1.90721 0 1.68789 0 1.32824
0.831627 1.0146 0.343733 0.768529 1.22101
0.286365 0.357583 0.687031 1.14727 0.56911
0.775794 0.217641 0.784204 0.665414 1.86244
0.00587208 0.487782 0.844915 1.87407 1.94715
1.65111e-16 2.69647 0 0 0.950019
0.100733 0 0.969821 1.61801 2.006
1.44134 0.208284 2.70608 0.28763 0
0.402225 1.96099 0 0.0817181 2.00348
0.319808 1.99434 0 1.03218 1.67098
1.64298 0.39335 0.105788 0.78566 1.86616
0.130266 1.46047 0.419232 1.23751 1.54786
1.39324 0.915397 1.2972 0 2.11229
0.118588 0.126104 1.17008 2.02924 0.105166
0.23443 0.529623 1.35795 0.0368883 1.99509
1.11137 2.59024 0 0.484943 0.546352
0.699917 0.544836 0.0123651 2.0012 1.77046
0.146841 1.95823 1.96373 1.47189 0
1.03584e-16 1.69165 1.69165 0.248367 1.03537
0.184838 1.34173 1.2798 0.647412 0
2.11483 0 0 0.338843 2.1418
8.45876e-17 1.38142 0.471519 0.583992 1.64969
0.165713 0.228224 0.28204 1.21008 2.01661
0.314279 0.153573 1.63053 1.66763 0
1.32439 1.2331 1.80957 0.180548 0.233466
0.0178309 0.0229899 1.31035 1.31067 1.85357
0.849787 0.273405 0.892687 1.05693 0.199303
1.38568 0 0.594633 2.26177 0.578728
0.653876 0 1.32374 1.99084 1.21938
0.158488 0.918239 1.81987 0 2.04455
0.559508 0.408091 0 1.90402 1.86975
0.997956 1.60607 0 0.449492 0.802175
1.26914 1.26914 0.541981 0.768987 0.551215
