3513 51.3884
5857.47 1088.36 131.803 30.5404 641.212
1527.26 6130.08 95.9552 2.25368 154.213
1234.2 4749.18 1036.75 773.262 0.00391438
18.6729 61.9842 6218.79 60.9122 40.5705
2.22258 1.22665 3.55084 5960.74 19.9305
1.48624 0.000102036 5.6966 461.945 5660.72
0.00127064 0.00112798 0.00108794 0.000561979 4974.8
0.000115111 0.000216823 6.02141e-05 0.189041 4419.73
0.000160979 0.00585595 0.00405046 0.011352 5052.94
1084.04 2.02926 5880.43 19.7233 182.718
40.5809 5819.81 54.9553 118.547 460.165
0.115249 106.6 3373.34 4877.18 247.56
533.552 5495.3 318.759 207.958 45.9272
4.11907 0.316058 18.2658 5351.35 71.3859
0.0471992 0.00673249 26.6459 5557.76 59.4846
1526.54 5721.16 708.649 4.0193 154.43
5401.59 5.13589 659.933 68.4224 611.987
5596.86 371.25 895.049 35.7161 159.381
245.813 241.568 622.511 5288.12 0.595482
77.0147 71.8327 520.488 5066.02 0.75456
240.851 81.5229 728.251 5141.53 0.545102
2969.26 4183.05 1014.05 38.9833 318.154
0.490937 8.64425 193.878 2304.76 3923.76
0.0169642 0.0123838 35.7278 5614.05 208.585
4.88976 16.6702 5750.95 447.05 17.9281
0.97908 65.1522 5655.66 82.2398 518.363
68.8998 5267.09 2916.57 96.152 157.024
1638.08 5117.45 19.8835 257.25 827.132
5737.38 948.368 0.396708 423.517 1155.97
0.111187 0.018693 0.0516683 0.0499206 4917.41
0.375319 0.00116848 3.10418 5776.44 1068.96
4.50699 4.0891 4.78002 0.0221362 4563.57
0.00998209 0.00434763 0.263264 4738.11 1631.75
2304.06 4522.21 453.761 151.174 69.4638
1878.87 4303.93 1611.04 8.02107 1713.34
1985.85 545.623 2665.84 4408.93 2.99775
507.457 4092.56 21.7041 2059.65 1376.99
2693.15 887.78 3062.04 0.455906 3417.04
610.26 4787.05 137.765 27.4383 2551.32
3109.92 855.516 844.122 3527.93 126.338
0.0155044 0.0562145 0.53095 5842.07 740.349
743.703 374.56 2.308 656.95 4034.66
0.0519995 0.0263556 0.0198402 0.0719255 4778.11
73.7964 1655.65 4700.18 1417.47 3.11622
471.921 5353.58 950.44 256.367 9.84858
4883.65 789.4 1296.91 17.2814 2019.55
14.0833 385.773 5098.51 1198.62 1.44769
1301.37 0.0121534 1438.51 1553.03 3821.36
3760.95 458.878 1669.72 1037.64 1415.16
5617.44 70.4251 1150.22 99.8195 357.28
497.671 4415.35 994.191 17.1638 1455.85
300.903 3483.96 589.374 1010.42 2447.76
31.2632 717.115 475.25 4700.87 1.03945
5284.58 78.4435 287.487 323.094 1203.22
0.167372 0.0857838 0.117983 0.0860245 4450.33
89.0984 289.322 5562.99 28.4385 316.41
41.9797 94.2749 5185.46 166.457 24.0867
860.384 3663.72 1495.56 213.118 1534.21
721.729 522.345 1690.81 2509.31 2349.03
39.3783 4568.64 209.96 2948.17 1104
0.200502 0.0131056 1.50824 4597.25 249.741
2399.19 1243.98 1089.25 1468.91 2580.47
2366.05 2246.93 1397.63 1046.23 849.353
128.412 1179.63 5430.99 871.957 0.219502
2605.65 1359.28 3018.05 0.255488 3669.22
5770.03 564.464 1921.83 404.583 0.450663
3522.65 1812.98 1.3217 2641.81 3334.06
534.497 586.512 0.931529 1546.87 3731.17
3680.71 491.832 913.036 820.561 2928.85
4802.29 1828.05 114.408 124.159 360.924
1159.92 1204.38 1793.15 1447.83 2237.71
1.35196 0.594971 2380.01 937.033 4126.73
3496.56 100.107 3113.87 521.063 892.317
5.13377 206.071 4769.44 963.512 249.159
871.466 720.034 2460.54 4169.36 2.61582
60.4096 0.0246819 515.968 4002.24 3801.75
1217.09 2739.01 4.44615 4032.76 901.326
0.920399 0.517766 1.5487 4561.27 24.0075
13.4997 7.85161 0.618217 0.000592487 4635.22
1089.84 4251.1 1295.15 35.5033 1723.33
393.377 1793.64 5061.24 2.24529 220.759
38.4396 214.72 4980.88 855.049 25.316
155.932 262.914 0.820803 3736.96 3256.04
1665.15 2428.21 434.677 1135.98 2365.83
0.0971557 0.0383668 1.40243 1.26456 4248.71
2756.34 1097.08 2319.6 2334.9 80.3795
1355.15 1941.19 1334.57 3033.3 26.3648
298.072 704.93 4853.77 15.788 460.196
533.357 2050.95 2948.96 1493.35 714.502
254.509 684.387 4948.33 18.4252 95.6559
1573.37 1564.49 3315.9 32.1063 1649.45
206.094 9.01447 5235.39 5.34227 3068.41
2019.59 1197.54 1513.02 2375.33 1028.43
5326.47 354.521 150.618 13.391 1233.56
3925.33 4350.82 1909.05 146.189 16.9301
1467.49 1903.69 1740.99 2397.95 258.904
0.875448 56.7484 3215.98 530.123 3342.55
1683.5 3628.6 4.43723 1208.01 387.731
3643.62 1875.24 1577.36 295.906 221.097
92.315 0.603486 2165.24 1399.1 3702.44
2467.27 2138.22 1043.68 4000.23 2.95986
4345.41 51.7351 752.768 199.856 1642.61
767.813 2105.1 5296.05 1271.23 1.11164
5236.35 61.8405 825.73 813.595 595.727
1318.7 1547.82 1067.66 2921.07 299.883
0.141228 0.141244 0.0817201 0.0620477 4692.96
802.282 3864.97 191.641 585.63 1116.81
1907.54 1293.08 1440.72 1706.53 1838.78
1537.77 3840.67 2967.87 1176.32 19.5232
751.789 1695.76 4432.2 400.496 2.49653
1624.21 3797.9 1249.97 69.3787 587.076
0.315235 0.460268 0.194285 2.12866 4204.05
18.6704 5400.18 862.986 97.7002 1221.29
3432.2 23.1547 1565 3300.16 297.174
4.98597 2.65731 30.5378 1290.34 3990.44
112.593 16.143 125.457 4118.28 5.89478
4579.2 1452.36 2006.44 1732.54 12.3546
4622.12 937.775 275.853 581.025 909.64
3196.05 1313.16 852.28 52.5922 2724.12
3961.41 195.95 4556.59 626.679 64.4984
147.341 5728.45 935.198 1292.77 47.4741
82.5979 223.841 4009.74 146.106 987.067
642.629 5051.83 1728.39 138.543 297.648
46.5498 148.371 4638.22 29.9113 418.929
19.247 5457.35 677.002 650.668 241.344
4151.17 199.631 1148 751.881 1084.59
4777.74 1492.93 297.141 307.244 1506.78
91.1422 5284.49 475.627 82.5737 965.392
2166.21 3897.84 586.978 796.07 67.1298
1177.8 4371.46 680.919 24.1731 1667.56
2259.79 3041.21 1381.93 1110.5 825.143
0.0715985 96.7338 105.336 3471.73 3204.55
340.74 0.0167185 871.098 3929.82 2538.7
4.40111 91.9602 3806.6 2728.79 1782.01
2687.76 1280.99 2380.51 1294.6 998.401
110.197 2.52908 2315.96 3606.78 276.911
7.25707 47.2733 5494.03 172.864 288.385
5366.65 1973.18 31.6784 157.746 1231.83
1300.52 332.958 3828.58 0.108706 3455.51
3459.06 652.837 1927.93 1656.07 21.6296
5030.41 62.6299 15.8181 1370.74 2292.71
3564.4 761.691 1754.26 2150.4 265.778
4058.88 2509.95 111.815 298.575 2667.43
1071.69 5080.02 20.2746 778.387 801.033
1059.43 10.5982 3464.74 1565.08 1943.72
0.616607 1.43081 11.3139 1352.16 3643.81
1921.19 2740.35 98.5754 2011.95 2795.09
369.947 4981.41 600.464 613.701 317.261
1383.04 2325.36 1719.74 1191.19 2303.68
0.12161 0.00653928 0.179011 4336.09 438.318
2216.06 3123.95 1352.62 577.85 1569.34
2847.7 190.401 2245.36 753.996 1253.08
12.879 3011.63 3656.12 319.943 237.778
2064.76 2641.13 3003.78 2.27018 3141.94
5005.58 42.6994 700.005 590.556 2606.99
1.95294 16.7151 14.614 3780.97 2624.67
2003.88 2808.17 1840.83 482.695 2189.77
2884.46 838.604 1304.91 2741.95 391.521
1304.2 1514.94 2528.58 559.095 1437.7
1438.7 2973.64 1034.08 58.8052 2140.94
3993.45 250.313 972.255 1925.93 1916.55
2532.17 438.257 1941.79 1116.4 1904.97
3626.66 3582.38 205.516 363.731 1091.59
1489.92 2652.75 3309.45 1.599 864.144
4476.4 310.156 177.594 2050.49 1796.85
4177.61 569.634 1099.79 451.186 2221.31
2381.55 2463.53 66.2249 1536.59 2207.32
1525.8 4.52778 779.545 2088.52 3103.95
2776.71 33.8539 1257.6 2133.25 1870.31
2797.76 1594.13 814.485 3116.78 371.976
682.889 4903.89 2065.29 80.774 107.214
3031.84 713.257 958.561 3661.5 86.3178
3124.48 3192.01 1788.35 2093.75 29.5453
3245.4 3223.71 90.3627 184.074 2646.43
4327.09 971.441 321.713 390.693 416.116
1566.36 1857.77 2667.73 3723.49 0.259832
3274.05 153.371 1549.94 422.657 2940.1
7.19008 0.537035 76.2717 1822.54 3512
4549.11 160.312 1769.34 184.239 696.344
963.683 4839.11 1133.76 918.761 0.979728
3040.84 1530.76 607.965 26.6944 2887.33
4117.97 1398.08 0.160404 509.607 1278.18
4946.81 570.92 43.4325 193.5 1858.29
86.6426 145.799 258.597 2624.61 1187.68
676.635 3524.01 114.629 2790.39 1491.83
348.698 1424.91 419.932 2587.38 2470.9
2443.45 1786.85 1413.99 986.719 2500.73
569.05 2681.91 3136.22 2407.08 8.96717
171.416 46.0999 356.399 3373.7 456.968
0.340705 0.115182 4.79902 4461.01 72.098
54.8565 379.321 5369.3 92.9718 100.863
923.787 1018.99 884.834 2172.45 2694.9
158.337 545.69 4330.92 1581.14 0.287791
4707.44 512.395 269.012 22.4939 3051.68
4656.42 804.882 124.417 1005.11 814.242
823.362 4998.49 558.456 113.146 84.176
1695.93 416.359 2865.27 231.67 2909.08
4412.88 29.2967 836.701 1461.73 2705.35
2588.34 3394.22 92.2146 734.844 1765.49
1833.84 1640.7 2701.06 2708.41 48.5789
780.361 3303.79 1358.26 607.192 1582.97
1586.8 2908.03 3376.85 83.3018 619.519
3796.13 1017.44 436.565 2963.88 305.091
1756.59 2095.97 1533.6 737.879 1971.74
0.633783 0.116775 1.16668 1860.46 3594.86
4020.02 2565.37 492.554 1022.93 299.694
4395.02 22.1354 971.846 1755.7 599.074
234.903 27.5286 2895.16 3418.19 199.423
2959.52 8.76452 3529 711.326 1687.98
2547.24 2892.47 222.449 166.667 1340.77
4088.98 597.963 316.691 335.4 2870.29
3179.78 2948.04 2519.1 2194.92 5.18649
1094.37 3317.82 2715.03 2857.99 0.939765
2509.33 1170.01 2484.71 1978.23 471.751
2279.31 2204.94 568.202 1321.4 1301.33
2526.12 1380.62 2302.79 2466.83 76.4434
1199.97 2441.6 2063.11 2690.42 7.43056
0.110002 2.50212 4838.23 1007.11 2095.83
2873.48 2832.04 1589.54 494.975 1472.97
710.545 908.881 3205.07 549.874 636.65
0.736518 18.2326 1706.98 3859.1 810.145
0.476332 0.118889 2747.21 1728.5 2768.47
2722.11 2141.16 1962.37 978.091 1315.95
0.0944969 24.0456 173.518 29.2076 4333.88
3091.84 583.334 665.131 689.36 2534.03
693.973 4698.13 651.539 107.402 108.134
91.0566 1438.11 2558.68 3683.24 327.07
3299.03 589.472 2891.38 722.063 2114.68
3214.4 778.222 1397.19 1217 2001.66
4208.7 1550.7 1823.78 1960.16 77.3631
2704.48 2452.73 1200.61 619.497 1597.89
1941.3 1608.61 3710.07 130.448 216.845
331.337 1978.6 274.956 2039.72 1051.69
1780.67 3059.12 690.184 1997.1 144.607
5173.01 19.9699 902.758 456.788 2248.81
456.277 2075.97 2883.89 279.373 63.8418
1562.83 2790.06 1369.37 704.965 2164
0.174204 208.14 3741.54 3455.89 275.39
3339.01 2393.17 161.211 216.557 2846.51
3899.15 2194.31 143.687 566.918 1100.19
3696.23 360.641 451.767 1303.9 2460.47
410.906 1154.9 4057.9 93.8801 375.457
2015.2 632.409 2652.71 2232.26 177.667
844.43 1295.73 2074.64 2241.23 1335.89
7.06326 4468.94 1116.06 734.876 407.091
1079.19 4615.53 1423.82 27.9238 676.82
110.422 2267.71 2798.41 1628.08 1362.86
2801.53 749.53 2516.38 1061.09 1772.31
3322.02 2166.67 1637.74 2211.33 220.301
686.633 3962.14 2037.31 2386.91 45.2659
395.037 1624.78 5278.53 280.946 3.24122
4230.75 561.027 331.631 1609.01 1699.72
665.758 3512.94 2115.56 437.659 733.154
817.404 3942.09 1048.96 99.3419 1551.26
2826.92 1642.36 1408.47 1772.94 1294.71
419.851 768.495 4730.69 13.7041 98.8332
1223.56 960.383 2441.04 1.16139 3544.66
3914.27 1057.95 1706.78 361.632 1401.5
410.808 1179.3 4135.37 141.092 782.337
0.251295 0.148649 210.679 4297.53 610.799
3830.99 2544.64 2204.58 1744.15 16.174
1113.78 1944.09 896.54 2420.08 759.63
631.662 2672.62 2330.25 1241.77 1635.32
950.105 831.07 2638.75 7.13748 3085.55
3704.46 306.455 934.077 878.657 2956.02
2132.28 1250.36 3221.32 195.828 954.285
3420.64 3092.23 478.12 1084.33 552.791
4.09094 894.261 3856.04 1283.46 1138.99
1218.82 1719.82 1658.79 2759.95 247.487
3396.05 472.413 1101.94 1514.18 670.202
2092.29 1550.59 482.841 2265.88 1721.53
2141.86 2217.65 2545.87 1260.29 462.947
4670.04 1000.7 869.786 100.708 905.28
2123.62 2574.89 1969.36 312.279 363.91
2791.26 1138.77 1169.15 229.539 2750.29
5102.26 280.909 1595.53 994.41 1069.14
1333.58 3219.68 2742.63 1552.62 55.4021
14.8463 64.3211 3927.15 99.9671 3184.05
995.228 1963.48 1473.53 1323.01 2197.55
964.712 4838.35 1050.74 31.4146 152.375
2621.05 1634 794.918 478.662 2979.16
434.354 468.776 2379.46 3056.6 4.07109
1932.83 620.1 1288 3429.33 94.8192
3816.34 1323.78 2216.61 270.457 265.183
2808.13 50.3844 1220.46 2426.71 2405.83
2094.81 385.118 801.015 2524.63 775.989
0.815503 1744.63 1563.7 797.755 3469.55
742.061 27.4636 4252.05 378.87 99.2164
218.264 0.151078 238.848 2865.02 3287.04
3.44379 9.94197 2095.92 2542.85 3151.76
4767.22 341.103 962.419 91.9831 353.975
0.906355 0.743665 25.9748 4247.19 1941.84
1508.06 343.168 309.389 1640.85 2065.81
4913.95 1549.44 333.889 82.9149 1006.03
377.032 2489.12 3684.7 2174.09 2.233
166.081 4928.4 797.487 1273.3 95.0398
647.236 1750.16 1868.61 1912.24 2483.01
3351.83 2992.05 637.444 981.25 67.6669
930.489 3338.23 1879.69 1689.26 86.012
1964.14 2710.16 3386.18 1475.83 4.88986
0.65171 1.73542 9.72493 1664.77 4129.05
1105.78 2840.65 468.487 1591.11 1739.97
1850.1 2491.19 1764.59 550.517 1842.11
3080.23 600.605 2118.66 974.471 1031.66
1451.32 2240.3 1467.66 1578.81 1988.19
4718.07 76.904 559.172 97.4079 2082.87
11.2789 2.89842 164.869 3824.2 26.4284
2595.04 1220.62 1786.35 1090.49 2282.82
2039.9 2858.31 2131.95 352.909 425.249
1797.69 940.379 2841.66 255.202 2374.3
65.7563 6.08742 4032.04 909.298 2604.78
2929.5 2609.29 875.421 1729.92 437.718
122.537 619.875 2573.63 3244.43 258.192
51.7184 171.275 3954.96 1692.47 7.42861
2899.18 1525.37 1914.22 866.844 1693.07
4287.03 15.3752 2142.74 1780.43 744.178
2189.33 2475.2 2182.71 175.458 1362.94
0.879515 0.113569 4103.94 2816.41 1013.69
3002.18 1380.73 2040.71 2207.19 211.097
796.607 1106.63 3295.07 552.869 445.077
958.346 1577.78 4600.38 700.378 1.22068
3.36593 1147.31 4374.11 599.425 162.949
114.876 373.219 4464.48 77.9354 343.425
1.85764 0.749342 579.161 1671.4 3561.38
630.153 3997.82 920.614 3151.12 37.1094
488.502 3283.6 3773.31 397.321 4.37108
3152.36 1726.37 1643.56 3008.47 87.5432
1706.35 1372.79 2.73136 4144.14 103.997
7.09239 0.429885 5.44381 0.027728 4755.94
0.23054 0.122492 0.119331 0.171945 4334.07
2237.06 2322.67 1709.02 1846.76 1357.2
77.6692 1219.27 4529.64 1806.29 6.47368
3965.77 67.912 1318.95 665.751 1265.18
3162.45 1871.9 1173.56 2106.24 1827.62
549.855 1574.3 1622.6 2562.37 2174.86
119.932 669.232 2563.76 1157.71 1861.98
84.1478 3432.18 523.877 1776.2 1986.77
3587.88 767.717 1101.35 2113.69 1460
579.349 1696.95 2957.61 1931.24 469.946
121.529 3425.76 1531.3 1866.24 578.026
3386.82 2771.19 797.434 998.641 2191.44
1967.52 2352.47 31.4236 497.868 2974.91
912.486 2367.82 4514.72 1.89491 839.173
1022.06 2221.51 350.722 2008.23 2150.8
2668.1 1831.43 573.021 2960.34 86.8498
3735.27 163.997 1778.82 13.7174 807.554
3230.44 1306.93 1024.3 971.403 716.629
1268.69 2161.89 52.2367 3205.67 206.907
1698.97 3348.1 31.5468 2882.97 1036.01
2789.61 128.215 3253.3 1638.67 655.181
0.759144 102.311 4157 171.497 2322.5
228.365 1015.55 2610.91 2558.83 689.321
980.517 3995.38 142.441 2607.87 873.54
3619.06 274.849 25.8798 1498.98 2410.43
2421.76 239.506 817.937 1965.29 2110.01
181.365 4486.82 40.2471 2684.77 410.774
4520.31 940.527 506.952 20.8793 1820.51
2475.73 303.668 1850.35 963.799 2996.69
1033.74 1406.86 2065.16 1842.11 1608.05
176.757 887.139 5340.47 18.0847 1605.66
1267.59 1002.78 1783.3 16.3234 3311.38
37.2309 117.889 3542.06 1632.8 216.425
1084.9 821.984 2777.38 713.728 412.94
3889.78 124.552 3277.92 371.443 551.911
3875.66 1415.05 306.53 1255.72 1636.11
1725.47 278.465 979.892 458.08 3011.73
35.5017 255.939 4300.49 42.0812 1391.75
100.513 174.925 3036.32 3327.41 31.2684
5148.02 0.0780701 867.2 1773.82 390.172
327.64 3742.25 2.20643 85.5608 1557.35
11.3373 1478.03 2421.13 1324.73 2857.38
2169.63 1400.28 69.076 3193.04 1243.25
883.92 1122.11 3504.37 116.864 472.756
4443.4 26.6975 243.304 1073.18 191.824
200.096 2606.33 1213.17 1661.91 89.6792
1419.48 1777.81 3917.97 1888.95 10.6287
1282.79 537.179 4225.98 105.178 727.628
3016.55 1808.96 1606.1 989.585 1113.15
33.7716 686.652 3170.56 1063.2 186.048
4248.84 662.191 60.3816 97.6315 2112.61
1646.47 410.051 2299.7 1948.6 1309.95
445.173 1465.13 3473.96 145.095 532.823
5085.48 55.7341 1113.28 51.6412 1878.62
93.2996 1763.98 2987.96 2308.33 453.033
102.664 1676.4 3076.19 4.507 627.557
129.465 1772.75 4185.4 0.804698 1264.06
4064.72 912.187 21.8429 2214.6 1162.42
33.7812 2.33007 2816.54 2183.03 2432.46
454.582 310.882 677.522 3553.62 109.903
1135.38 3842.74 3152.99 134.261 19.8959
323.483 825.759 3078.84 1594.46 1725.03
500.037 2412.13 1239.11 1950.82 1892.47
5057.41 2302.57 14.6273 1623.99 663.172
3823.47 2877.08 551.853 36.3764 1022.96
2052.71 4016.71 1988.09 1785.74 24.6504
17.554 489.211 2616.9 1699.56 507.005
57.2209 1929.3 1996.34 1880.58 1957.4
3541.53 708.578 2705.21 455.23 1468.33
21.2247 756.232 4386.39 525.026 190.442
1749.39 2744.03 3829.14 364.006 15.7601
720.744 885.712 428.972 3350.14 50.1248
30.7717 5.56537 873.815 5102.08 4.43831
4031.65 1998.79 251.155 870.528 272.069
2253.92 4680.6 1531.36 0.477357 935.293
2676.71 171.462 1270.46 2214.66 956.016
3858.56 2416.01 594.824 70.2918 442.781
1814.5 51.9549 3382.19 185.51 2509.94
4978.44 931.505 3160.86 633.186 0.752351
28.9546 6.15513 59.5468 2984.04 3234.99
1405.11 2307.11 2556.81 619.791 675.499
947.491 2126.47 3879.38 67.7005 194.612
83.2943 4661.38 175.48 661.247 1214.67
116.97 1040.56 3490.66 103.367 1389.69
2204.47 1330.48 1682.37 2578.88 659.695
10.4569 2016.94 2458.53 2824.76 2100.18
1696.03 873.612 1554.65 2808.38 171.129
2625.32 1726.85 1465.06 139.193 3003.45
1225.23 2620.36 2838.21 3674.32 1.32026
481.829 3066.59 528.908 984.15 2895.1
52.3464 507.273 2354.42 2823.17 2267.18
624.987 1001.78 2027.44 2261.37 2032.47
3698.17 3108.22 927.058 405.448 560.168
2571.49 1300.04 631.007 881.27 2272.92
1808.36 1055.06 94.219 3580.2 473.065
2560.84 13.9918 1895.84 1735.52 1551.03
4079.99 2389.71 35.0439 791.153 2015.24
6.71286 1338.4 3618.69 1057.04 580.351
1634.98 4069.6 1506.09 24.1532 1073.42
3370.04 783.594 1990.21 597.882 2181.84
897.539 2159.86 1823.1 3572.01 28.3838
2742.87 1652.74 2012.08 113.722 877.154
151.568 3794.37 1329.48 88.6396 2049.97
167.792 1463.98 3587.34 63.3148 671.874
2500.5 111.63 3591.77 1329.21 365.439
61.7629 3770.99 2460.6 495.931 927.072
4460.65 1599.37 1971.2 773.567 402.668
296.434 3281.85 526.941 1521.68 2392.24
1283 166.022 2282.75 333.155 3020.53
1289.32 4049.03 59.4144 1223.89 1041.86
2991.75 286.736 1160.83 860.384 2473.89
4515.43 2499.54 211.073 1496.09 219.853
2407.5 3155.46 78.6309 1180.29 243.825
1178.73 3167.67 1254.57 257.649 1890.49
588.96 613.56 1702.27 2408.46 2297.45
40.0447 171.031 2939.1 293.782 3118.41
3604.91 1755.54 427.608 637.489 382.665
5214.36 717.167 197.999 31.389 21.5793
2522.12 2933.73 470.24 1897.02 1616.88
0.139224 0.175161 0.805567 4251.91 3287.52
4308.26 2534.18 536.979 522.574 1261.06
146.162 538.912 4490.92 2568.17 2.55035
587.972 2503.58 2165.17 2442.15 852.882
2244.89 760.873 2228.12 1891.13 1483.35
2239.12 1331.94 396.609 1478.02 2254.47
4289.55 76.0257 2480.26 2002.94 651.124
269.315 1132.04 2674.29 79.6102 1244.95
4.11016 32.0115 5534.2 149.625 158.96
328.601 3371.92 102.175 244.614 1712.32
944.252 2299.79 2348.61 2239.85 429.48
125.333 71.0587 964.787 3252.37 115.875
505.133 1737.9 118.562 2675.45 657.257
3145.84 412.18 3093.26 1039.9 1209.97
855.146 1503.53 4213.47 111.52 242.435
2179.28 3237.3 2682.46 1218.02 139.9
940.347 1995.66 3402.38 3.07647 1735.94
879.989 3146.57 633.395 348.939 171.268
207.928 680.359 4588.45 19.7969 53.5202
1141.75 3567.73 537.624 1818.68 1213.74
1090 3694.15 1565.13 1843.3 31.1206
392.17 1960.81 2106.88 835.495 2890.67
0.0342943 0.0528609 4.80381 5800.56 267.405
300.163 4619.17 2159.51 106.858 18.3527
25.0025 2211.22 3725.25 1029.52 1368.65
1646.75 1918.66 2929.21 41.6573 452.061
2479.34 2568.4 329.453 284.529 2333.46
19.5617 3544.95 1.46093 768.664 2057.66
2645.44 615.671 2815.42 687.626 1007.21
144.237 467.879 3005.85 2906.7 548.878
140.046 69.4221 1842.87 3077.24 14.5447
2858.69 648.606 2190.31 770.699 21.9129
258.578 1259.71 93.1762 4154.06 0.934097
348.261 21.956 2592.64 3132.76 453.277
2523.66 2617.16 177.26 676.837 2837.31
658.929 2723.79 742.57 3138.56 21.3699
8.39841 7.1421 32.1031 3917.12 178.855
30.9032 217.594 3431.41 192.365 35.9585
17.6496 30.8922 4279.38 923.387 448.614
253.673 1.03042 3644.87 1871.03 2242.66
2553.9 3388.47 986.332 8.52333 1932.5
625.507 1519.06 601.127 2074.63 2388.7
415.899 439.466 1091.78 316.205 2629.24
866.958 2339.25 594.825 1336.97 449.025
3.85946 1.5857 376.898 2832.85 619.08
1141.19 2145.04 967.037 2973.76 482.714
4976.96 1478.38 1156.32 18.0106 1015.58
16.3897 427.057 2423.41 1986.73 1880.3
0.182482 0.111067 744.364 4457.71 140.253
710.602 3683.78 2327.12 87.1074 1278.91
0.474696 4036.14 125.043 3073.64 1703.42
19.069 3231.31 2729.24 1287.28 1673.75
