225 1.41599
0.00142518 0.0141097 2.5068 29.2815 2806.88
0.122539 6.08394 1.28988 3.29363 2430.63
0.164971 1.14463 2.42574 682.453 1876.74
0.172569 0.878157 528.761 306.957 1464.68
0.30306 0.257243 17.4788 102.627 2462.29
0.379863 0.0752864 2.77879 8.61552 2249.85
0.506361 10.6039 25.3231 2473.01 183.803
0.741947 7.12698 0.521958 2.63196 2767.35
1.04122 1.07524 16.5409 886.893 1639.29
1.06049 0.762102 1.82362 136.728 1848.08
1.06827 4.47416 166.507 203.798 1844.73
1.3898 0.297695 1.41765 2.7428 2521.47
1.59848 184.62 407.205 2029.4 72.3707
2.63903 0.479915 7.86316 1192.27 1212.46
3.18423 2.08016 242.925 718.917 1698.65
3.23515 25.041 71.2747 755.799 1577.49
3.25034 0.980353 286.137 698.409 1453.05
3.30938 29.2288 193.084 113.506 1974.36
3.667 0.734896 7.81795 8.57441 2444.24
4.33804 3.37366 1.94598 1438.7 1237.44
4.96008 18.8357 179.454 2494.7 88.9963
5.30754 12.5917 1000.65 72.8562 1237.9
6.20058 612.681 562.915 359.252 1127.76
6.22652 10.6792 12.8 2.21137 2218.26
8.19219 36.5465 253.405 519.823 1592.56
8.79654 81.4255 247.544 1369.29 676.506
10.3928 9.79058 195.044 44.8938 1877.97
11.7332 64.8074 463.993 842.048 1224.8
12.8031 306.181 142.356 608.92 1102.55
13.8591 86.4103 29.6249 65.5329 1848.15
13.9024 2.56972 87.4667 651.07 1472.72
14.3957 6.348 12.0244 1927.93 506.239
16.6997 17.5752 985.185 487.275 1168.02
17.1096 10.0107 683.854 832.65 1290.26
18.4601 163.06 406.215 205.647 1232.53
19.3644 23.7961 57.7429 87.6008 2012.86
19.7087 978.094 83.2535 634.864 834.508
20.7392 338.389 119.939 1806.62 220.675
21.3054 194.44 1554.34 226.819 382.076
21.3278 220.401 212.037 36.6839 2014.43
22.5124 55.5591 4.92719 1940.46 643.48
24.406 3.50986 237.467 1520.03 722.236
25.3028 208.472 327.18 1275.75 445.164
27.9133 45.5129 828.144 955.959 658.221
29.347 714.276 38.3332 24.3935 1241.66
30.0007 208.848 886.437 464.426 983.446
30.0772 40.8303 386.299 1805.65 227.065
30.4128 282.572 37.5082 832.862 1264.38
31.6989 12.8742 217.369 1955.11 139.051
32.3186 34.9181 331.232 635.977 1177.35
33.0239 222.139 20.8685 947.864 1289.88
33.1855 44.2724 70.8368 23.7766 1929.77
34.5311 188.145 353.673 67.0918 1461.7
35.4712 836.52 309.03 613.343 671.055
38.4881 144.315 1029.53 1037.56 270.336
41.5137 690.618 299.971 902.631 865.626
42.4763 95.3483 694.249 321.988 1202.76
43.1446 129.114 62.327 1147.6 749.36
43.4222 133.037 967.391 1149.72 611.411
45.198 249.611 105.061 135.485 1722.97
45.4569 19.4681 274.923 938.778 1294.55
46.3312 3.65684 374.021 233.361 1378.03
48.4324 178.796 202.354 517.716 1418.08
49.2307 23.7393 211.311 305.58 1781.24
54.2464 167.737 817.212 774.008 527.691
55.5254 23.7327 377.326 583.035 1021.43
56.0137 25.8501 713.685 12.615 1738.65
56.7822 132.796 29.2797 546.088 1636.2
57.6812 18.2756 1502.67 441.628 602.286
60.908 6.62924 356.584 176.657 1641.58
61.6464 10.7905 42.8459 1963.6 320.936
63.9355 22.2753 152.999 46.6147 1778.83
64.2138 120.011 14.7827 2018.12 336.784
68.4174 86.2291 2404.94 223.579 11.2847
72.6428 64.9771 793.037 212.516 1172.79
76.7534 160.535 938.518 4.44846 1596.64
76.8144 234.915 1216.35 413.515 258.835
78.3478 228.223 489.953 463.871 1216.96
80.7047 20.4697 7.0727 3.96023 2292.81
80.8902 9.78119 337.687 142.57 1808.32
81.1017 331.791 550.454 386.28 961.72
83.7595 40.16 604.724 1401.71 270.864
84.1173 169.355 196.928 1524.48 235.673
91.5023 60.5356 1164.8 450.828 652.72
103.012 137.543 1075.01 148.631 1177.75
105.367 129.136 2104.38 17.8857 158.188
108.641 105.131 2353.84 268.868 180.937
111.383 673.973 184.285 329.33 1039.74
111.39 248.844 49.3122 554.074 1323.27
113.234 1.78009 96.4329 1424.71 1057.44
116.404 61.1806 67.6755 720.385 1688.75
116.585 19.5381 1629.28 346.225 508.029
120.752 217.492 282.275 415.129 1111.29
127.856 597.453 106.648 1213.99 77.0101
130.351 158.144 295.985 22.7097 1778.11
131.065 396.211 6.03369 1450.89 537.956
131.582 11.0347 959.226 597.581 409.014
135.218 345.017 547.343 1305.07 246.108
136.667 7.35043 682.642 969.791 705.901
140.002 89.436 1341.32 533.965 256.602
140.084 51.7595 598.72 746.383 937.738
143.771 88.8457 174.395 297.039 1490
144.652 176.095 160.061 840.183 932.612
151.205 248.25 215.776 501.02 942.957
154.835 30.3638 27.8663 324.132 1649.89
160.266 29.5028 60.0515 142.145 1736.28
163.085 135.347 1003.92 183.789 834.037
165.867 395.887 276.605 43.2082 1747.85
166.1 365.687 213.868 1370.48 464.934
167.056 751.803 628.167 871.953 171.198
173.507 26.0853 593.922 528.598 559.832
187.053 51.1043 2191.65 421.034 77.1648
190.885 6.07293 218.405 605.474 1468.57
192.863 50.2365 700.662 434.505 887.355
192.958 539.661 107.364 1251.8 149.81
196.744 161.992 753.451 1185.86 190.682
204.129 13.5672 515.357 482.635 1306.65
207.856 325.178 190.635 1410.9 317.557
208.003 74.2126 180.834 853.68 933.841
213.442 343.93 592.074 1085.76 315.886
218.793 1436.09 286.796 619.617 64.4333
221.157 239.035 551.64 799.851 380.219
221.591 765.557 273.391 114.867 1005.49
224.288 209.781 245.691 1298.82 407.425
226.104 371.237 894.666 164.402 721.732
228.206 1012.77 6.03375 130.589 1240.76
237.483 118.71 30.5823 2541.09 92.6129
238.004 39.5304 94.2334 532.823 1563.68
248.677 272.363 1008.3 400.113 311.77
257.531 537.251 1272.88 91.477 118.899
271.744 207.366 259.735 246.415 1642.17
272.63 11.8523 483.034 954.52 343.503
280.517 620.426 165.712 208.381 1028
284.746 131.758 357.437 170.836 1386.97
286.6 82.4871 103.398 364.866 1390.09
288.563 12.3559 126.208 584.897 1395.66
292.407 312.006 844.573 38.5822 915.59
321.64 112.05 142.849 69.561 1668.15
326.761 157.071 20.1877 109.585 1543.48
329.521 77.9932 1359.89 496.084 437.356
329.725 47.985 784.993 12.8723 1541.32
329.828 543.458 130.039 1245.69 375.863
331.819 243.956 139.476 981.824 652.086
335.339 613.217 309.938 403.611 847.066
345.855 1392.06 95.8315 35.6574 810.768
347.49 32.2805 1000.6 398.926 550.439
358.675 804.287 56.9462 1454.89 212.342
363.571 39.9921 348.166 400.858 1321.21
366.284 32.6843 291.76 441.92 1218.09
373.561 23.0734 1128.9 442.964 43.1715
375.458 382.243 385.738 737.549 236.528
381.982 224.607 145.235 595.539 1177.97
384.549 170.295 0.832211 359.621 1367.38
393.457 692.419 665.284 12.6996 385.292
400.935 494.281 14.2355 287.673 1294.13
403.079 30.8553 333.718 807.986 850.429
414.202 464.452 121.72 130.505 1115.17
429.179 253.782 251.096 490.384 1000.66
458.209 845.332 45.1871 858.983 417.452
460.006 456.453 136.097 622.112 760.32
467.837 426.153 314.658 864.822 478.439
477.451 88.7291 885.993 19.141 1427.5
498.739 215.644 410.527 121.467 1159.39
499.264 532.647 281.464 540.074 350.4
502.543 395.373 1216.78 100.509 101.643
506.871 288.343 808.228 978.112 105.527
514.663 481.709 346.843 682.09 573.463
516.166 20.6706 167.424 22.6302 1791.05
530.676 149.056 328.502 369.964 826.75
534.367 322.745 456.418 827.191 170.379
534.374 902.803 387.824 270.899 744.147
535.03 1.03551 57.7981 986.64 1071.46
552.564 252.671 1383.15 119.81 168.059
557.775 663.86 255.452 809.562 396.26
559.35 505.808 358.465 18.5189 1162.72
589.051 382.945 137.632 600.484 513.02
802.79 388.32 507.058 149.726 191.616
807.563 386.852 380.818 604.734 419.537
821.689 207.002 38.3741 657.218 377.515
849.749 33.575 87.7056 229.225 1553.81
862.829 207.561 507.618 329.115 586.606
942.017 8.93839 894.71 84.7501 550.274
953.251 42.619 886.027 17.1504 819.91
1049.77 284.186 840.916 297.628 218.871
1304.96 78.5885 191.64 639.905 82.83
1387.51 132.548 352.252 443.494 312.463
1684.35 276.524 425.557 398.234 136.411
238.044 1056.4 530.343 86.7275 541.274
855.012 500.263 801.62 8.14267 431.902
207.074 38.4819 78.2946 701.654 994.936
603.343 9.4875 493.355 353.017 875.375
143.812 794.255 162.562 183.653 1028.01
286.418 50.1817 535.659 111.781 1473.03
176.238 22.0945 979.436 75.8461 849.837
0.00344173 0.33996 0.0486249 23.0572 2069.72
8.22046 1.01824 15.8698 2.28801 2418.49
33.4486 15.2951 437.373 347.823 1389.98
10.0874 2.03231 188.456 2253.2 112.597
14.8264 7.48762 20.9938 2547.47 70.1258
192.114 228.647 1703.1 272.153 285.9
114.104 108.321 131.559 16.2539 2155.61
0.0784895 0.000745358 12.769 2104.51 256.104
40.7514 49.9443 1410.34 5.65334 533.88
497.527 81.6762 544.957 1427.78 10.3687
3.39515 2.59091 28.3737 2019.83 233.353
813.319 50.2329 724.061 203.426 933.884
677.036 1416.08 10.1898 115.148 101.786
16.0418 61.8423 152.106 1875.6 78.7222
0.414793 0.676341 16.9663 307.612 1895.96
10.7905 20.8695 74.9467 869.479 1320.43
16.2121 89.538 14.6487 2050.89 474.26
0.480613 0.0789047 410.305 1471.19 103.636
7.52905 23.0686 167.749 2302.78 137.714
0.270904 0.0163147 209.99 2362.16 118.026
728.463 722.86 553.076 14.5488 92.6441
0.184124 1.82289 3.91985 972.108 782.883
290.932 562.697 1537.44 153.978 10.322
159.852 489.75 611.176 762.617 441.956
231.42 867.719 598.048 921.504 207.866
286.283 284.09 349.455 1108.56 443.045
224.155 1072.73 352.329 719.83 108.686
83.6689 1.31454 1013.79 753.693 427.423
166.286 623.499 117.286 961.794 224.568
216.838 877.533 417.062 525.147 399.608
156.49 629.853 689.007 908.697 189.219
120.132 443.506 306.688 414.087 1246.21
8.02612 792.606 110.901 701.837 890.724
427.912 424.603 47.0115 1084.13 492.551
151.908 611.424 108.091 1039.26 587.694
21.7521 111.276 538.434 574.648 1052.62
174.714 221.447 634.469 66.3773 1523.28
7.17691 0.432251 1227.39 206.083 1217.35
319.535 1179.66 55.9157 141.727 370.638
229.528 884.799 154.384 807.989 219.108
52.8568 212.754 302.729 2061.42 10.6813
259.497 542.769 305.742 184.871 1092.15
57.9701 296.534 209.689 716.529 1035.2
235.029 454.563 97.6435 999.82 775.07
335.29 424.987 622.747 924.561 86.274
320.038 563.224 522.419 939.698 9.53167
259.827 309.23 1619.58 456.454 58.031
341.388 86.0054 402.112 138.422 1626.57
302.805 76.2833 432.056 542.269 295.645
444.563 203.28 383.194 174.483 1169.62
224.834 573.671 304.312 1400.62 114.847
1018.11 990.387 278.22 108.677 109.911
523.144 853.015 885.819 43.9615 9.37965
9.09746 23.2136 73.6466 1805.04 763.806
77.2136 197.02 168.008 468.922 1337.6
220.832 888.884 395.463 137.175 120.293
944.4 58.3306 49.0964 232.166 1245.83
9.00068 2.26761 175.189 2164.68 107.885
546.236 669.456 576.508 520.365 155.227
173.7 91.2944 517.035 42.803 1595.15
10.29 70.7329 76.2349 1825.82 209.218
27.1824 6.84819 168.047 2346.19 55.8903
234.503 123.258 1448.05 113.302 419.167
286.983 47.9184 182.235 616.768 1100.15
1.9668 27.3827 1.30589 1.45725 2832.32
472.004 28.4261 96.721 38.4538 1856.72
433.292 26.0982 335.122 35.1434 1814.21
216.489 293.875 1232.23 95.4113 193.94
772.106 135.141 1770.19 52.0787 117.269
788.494 414.422 654.54 82.1885 72.5212
3.531 7.36595 2.36494 14.0619 2408.6
82.8537 1153.34 268.286 66.5652 681.369
1055.57 26.5838 149.905 54.496 1086.73
37.9611 4.70221 382.814 451.161 1565.15
426.485 507.574 45.7247 1038.9 396.118
83.89 81.6087 669.893 885.821 516.373
60.2748 332.882 1591.48 438.042 111.158
563.224 92.4583 1279.28 124.591 247.502
850.932 844.368 234.833 175.88 96.6213
4.58209 452.219 63.2811 151.009 1467.43
115.426 637.434 445.305 1270.52 260.463
655.067 165.034 113.593 799.105 519.845
276.566 1021.22 179.754 1137.63 128.087
10.0508 992.223 1311.81 102.374 52.9783
487.394 85.3145 350.883 1113.15 444.896
222.694 220.966 696.345 22.1597 1127.57
703.735 684.354 821.067 16.0116 234.786
207.715 36.3586 987.872 4.65933 1199.79
127.889 126.901 1031.31 9.33453 1256.9
1215.38 376.512 606.624 120.36 244.631
444.145 1360.81 489.811 109.075 161.371
87.2714 327.243 253.955 1123.99 777.393
220.49 887.409 602.85 33.2646 380.93
41.7454 41.423 27.6852 1761.89 223.448
522.223 1330.34 256.616 439.878 56.6984
538.844 641.29 704.727 241.549 637.91
103.333 316.59 657.147 1142.1 266.65
144.257 737.988 43.203 17.9919 1649.95
8.1726 173.862 312.692 423.403 1296.66
800.401 366.015 689.919 409.715 156.821
454.144 471.413 1452.7 402.481 103.953
46.5549 55.407 14.1228 14.8756 2184.52
2.33059 230.369 364.157 683.381 1242.23
78.8286 41.9692 1084.02 1211 53.7563
250.001 637.865 781.247 73.8442 493.297
1264.84 304.26 217.35 84.9103 811.601
569.646 370.343 386.045 777.414 96.5137
1068.19 215.216 738.782 89.4762 222.813
85.584 104.888 770.902 1076.84 215.064
22.7438 2.81699 3.54047 1.38309 2694.82
611.709 728.029 232.159 850.646 289.034
254.587 116.408 1055.96 182.866 698.16
218.829 212.873 93.69 1279.27 354.102
350.823 184.387 92.7533 1055.89 596.669
189.843 971.173 413.749 266.521 361.274
121.153 669.16 171.525 1019.92 432.875
768.454 24.7206 302.258 1254.23 100.943
1.43675 1.70989 48.9304 827.626 1538.47
59.5863 75.5273 19.1302 2451.81 96.3915
357.654 187.973 77.2634 180.862 1405.56
28.7747 116.457 1162.36 790.913 743.62
10.7913 13.6779 42.0309 771.961 1466.21
9.62346 950.114 135.902 1161.83 103.574
790.409 361.396 163.098 119.813 1037.94
512.809 498.686 598.304 272.427 816.279
5.55889 118.251 6.06063 1458.97 689.096
1071.26 114 701.106 36.6659 421.03
5.80906 13.0259 6.71297 0.496515 2308.1
562.912 104.614 254.38 1099.46 396.632
8.16241 3.73239 90.1612 1622.18 610.99
6.15646 7.32683 12.7939 0.510891 2373.06
275.175 327.501 439.645 802.556 146.472
501.631 198.924 841.716 321.677 1029.04
123.402 146.863 37.4373 64.176 1953.78
229.486 14.1759 418.534 841.051 829.898
673.305 668.067 511.212 24.4317 471.981
14.9683 1477.04 206.666 287.486 703.836
256.555 575.304 296.454 868.744 238.269
104.882 579.292 1073.84 34.192 351.661
250.422 1383.23 226.289 88.396 584.488
558.279 17.9641 79.8204 1103.12 289.754
576.472 71.4046 89.7416 936.87 515.023
1.73231 9.56836 17.7376 0.222117 2581.67
9.43383 4.31378 8.1321 2.91713 2191.69
16.803 3.12255 7.59328 1.2175 2534.21
549.684 33.9482 126.668 902.179 890.177
91.3899 504.769 82.5745 777.152 803.747
104.844 124.783 929.423 795.029 586.22
86.6978 443.52 849.197 233.43 699.47
658.985 784.299 853.684 294.355 96.9079
154.831 2155.58 320.014 116.362 184.379
1487.69 184.283 595.828 290.572 95.6571
227.566 104.059 196.162 3.83492 2066.18
617.612 1235.02 102.142 576.04 128.82
1981.2 63.7281 283.264 16.9232 157.441
271.822 1390.56 81.3805 82.8878 792.194
23.9086 508.582 73.7663 694.144 1261.8
23.9304 1.5916 1.40727 4.55722 2780.77
818.703 101.422 50.7363 347.194 1096.49
181.888 930.485 605.288 678.643 160.874
32.5574 67.9225 1133.27 1412.61 98.9544
453.806 1017.59 203.817 906.592 96.5358
281.568 335.118 235.012 460.926 1115.21
727.668 48.3943 276.568 219.548 1234.43
71.285 69.3416 19.4779 1398.21 675.83
30.3441 30.1108 542.479 765.822 1039.43
3.05239 1.98434 2.97932 93.0564 1999.94
487.712 580.439 147.953 422.514 904.613
384.739 399.379 23.9754 168.538 1533.42
7.22455 8.59836 0.483772 12.5554 2550.79
2.0519 202.5 827.992 87.1232 1554.7
327.135 129.726 63.2827 660.613 1145.57
