387 6.01144
0.886194 0.184007 4.00761
0.862557 0.86147 2.63123
0.139341 0.887165 4.08955
0.0504197 5.78572e-09 5.96018
4.28579e-06 3.49045e-07 6.75363
9.56137e-09 0.000173678 6.01866
0.300178 0.804571 4.05569
0.627749 0.757433 4.297
0.701809 0.305452 4.70715
0.745288 0.626335 4.3855
0.0024597 1.19526e-07 6.33095
0.00244818 1.19526e-07 6.57009
0.295741 0.661988 4.98681
0.703777 0.296762 4.69405
0.737381 0.275319 4.40507
0.643281 0.291791 5.11898
0.287519 0.791479 4.09
0.641437 0.300686 5.14123
0.799717 0.698654 3.55733
0.221628 0.142567 5.32661
0.118585 0.00958237 5.78413
0.0698874 0.122821 5.67702
0.297434 0.675607 4.89029
0.743086 0.28126 4.39533
0.882315 0.807904 2.75516
0.0473985 0.0442695 5.8918
0.827253 0.238838 3.9528
0.663729 0.252104 4.94941
0.790429 0.81516 2.90393
0.256065 0.720351 4.53215
0.236194 0.707601 4.62812
0.884036 0.767055 2.96071
0.157075 0.00100626 5.70905
0.791634 0.789351 3.00207
0.80581 0.696478 3.54853
0.140978 0.686645 4.96624
0.22883 0.0794345 5.4728
0.249033 0.191577 5.22019
0.0087909 0.0189979 6.0081
0.251437 0.24523 5.17686
0.159268 0.6839 4.90695
0.174132 0.241068 5.25075
0.726682 0.877072 3.22601
0.233809 0.0589793 5.53098
0.778589 0.266857 4.15528
0.774695 0.133973 4.34029
0.0769159 0.140842 5.61653
0.0663571 0.774916 4.51215
0.644392 0.849312 3.8251
0.116362 0.103024 5.63053
0.772048 0.255202 4.18167
0.143845 0.821296 4.09797
0.681668 0.838135 3.57736
0.0850722 0.0822368 5.76789
0.794716 0.691076 3.64134
0.790324 0.173214 4.16512
0.733276 0.863732 3.19407
0.21986 0.21005 5.20566
0.183345 0.198678 5.27066
0.122365 0.0844756 5.64391
0.00592341 0.0690769 5.92061
0.677943 0.761706 3.91633
0.801941 0.873708 2.76911
0.148696 0.242524 5.31211
0.0269812 0.0323477 5.95141
0.0740039 0.283264 5.49102
0.78928 0.877701 2.83299
0.257143 0.664788 4.93967
0.128395 0.199767 5.40423
0.876798 0.750843 3.05555
0.853968 0.829238 2.66952
0.852117 0.854777 2.6395
0.872195 0.201882 3.94896
0.738898 0.8165 3.2001
0.259309 0.644435 5.08029
0.0444641 0.0466492 5.89602
0.721198 0.883567 3.28385
0.826228 0.729006 3.25027
0.880016 0.702136 3.41773
0.859219 0.638591 3.86096
0.0788149 0.0996206 5.73281
0.768055 0.187176 4.27744
0.67662 0.813174 3.69746
0.687198 0.0551655 5.12871
0.205009 0.132014 5.36864
0.242472 0.738567 4.41135
0.0426718 0.0247163 5.94129
0.735702 0.858047 3.15633
0.221218 0.257681 5.18175
0.165928 0.260696 5.2634
0.0150162 0.0237065 5.98425
0.835151 0.881493 2.68462
0.792869 0.170909 4.19761
0.783303 0.827619 2.88703
0.740559 0.805178 3.23594
0.280047 0.711963 4.60401
0.1646 0.00420932 5.6887
0.138167 0.666317 5.08231
0.188779 0.237139 5.2267
0.16069 0.0378827 5.65069
0.0217898 0.0231908 5.97516
0.797408 0.81968 2.84419
0.178344 0.680195 4.91806
0.196162 0.116223 5.42383
0.846964 0.688776 3.50406
0.710056 0.162621 4.71926
0.788261 0.030137 4.47752
0.063804 0.636693 5.52002
0.851269 0.164757 4.00818
0.802985 0.126572 4.20975
0.706588 0.806037 3.48216
0.0951888 0.722517 4.80501
0.0890898 0.128995 5.61554
0.687717 0.846961 3.5362
0.730357 0.233659 4.4575
0.725706 0.258872 4.48832
0.808612 0.0730724 4.30966
0.821317 0.204911 3.98765
0.849484 0.646475 3.81296
0.831739 0.785781 2.87265
0.0540525 0.14752 5.65819
0.812312 0.760101 3.07262
0.10431 0.106897 5.63768
0.0654813 0.0671075 5.81672
0.276588 0.178034 5.25246
0.208426 0.815675 3.99785
0.679239 0.262802 4.83505
0.845865 0.836109 2.68295
0.847492 0.136911 4.07861
0.655699 0.634414 4.99362
0.0425283 0.0991879 5.79141
0.631994 0.79792 4.04878
0.0509291 0.217042 5.54399
0.670845 0.0969275 5.15419
0.819249 0.702565 3.45826
0.093239 0.195435 5.48447
0.0863676 0.866139 4.18801
0.86093 0.649164 3.79249
0.854154 0.76086 2.98828
0.107649 0.628495 5.41431
0.0103251 0.225773 5.60058
0.170466 0.747946 4.42218
0.217022 0.690292 4.77163
0.690093 0.193039 4.82216
0.858132 0.669278 3.66578
0.114125 0.0426045 5.76102
0.168485 0.687358 4.8649
0.223672 0.0364368 5.55465
0.764561 0.841165 2.96558
0.689032 0.230665 4.78356
0.750896 0.719109 3.69031
0.868558 0.788308 2.82823
0.65301 0.275223 5.03364
0.0521451 0.711955 4.95108
0.63974 0.648067 5.01948
0.636306 0.851561 3.88215
0.20383 0.672142 4.92468
0.748406 0.807904 3.16286
0.714072 0.144584 4.71612
0.761033 0.732173 3.52749
0.236943 0.0646429 5.50165
0.0388103 0.0328403 5.93065
0.629395 0.756654 4.30248
0.786948 0.0284714 4.49514
0.814113 0.808795 2.81572
0.800813 0.839139 2.78629
0.283054 0.651317 5.05272
0.669769 0.289468 4.9284
0.265574 0.699426 4.68505
0.754885 0.860344 3.01654
0.767021 0.861771 2.94836
0.0131197 0.0646429 5.91267
0.709707 0.270668 4.61345
0.751573 0.287767 4.32889
0.839297 0.252965 3.92815
0.266382 0.635544 5.14916
0.030081 0.628575 5.59398
0.762878 0.0683365 4.54749
0.286654 0.680884 4.84907
0.191991 0.749539 4.37769
0.662177 0.269965 4.97445
0.785033 0.848532 2.84888
0.261975 0.181932 5.23701
0.690325 0.884818 3.51751
0.077622 0.870504 4.20466
0.810529 0.770303 3.00614
0.807394 0.853022 2.7371
0.664517 0.826365 3.73363
0.76948 0.759269 3.27369
0.697857 0.0405871 5.06832
0.171645 0.247946 5.26072
0.83279 0.640569 3.88633
0.799265 0.78517 2.98279
0.67267 0.872282 3.62212
0.132707 0.154773 5.46124
0.752773 0.288525 4.3209
0.855189 0.101119 4.14495
0.870079 0.714169 3.33958
0.225927 0.15365 5.29461
0.263677 0.138497 5.3303
0.106408 0.740292 4.63773
0.0602662 0.105366 5.74786
0.0846484 0.18534 5.51138
0.0922034 0.0339597 5.81956
0.769948 0.872576 2.93676
0.211568 0.764236 4.24766
0.100002 0.0715521 5.72838
0.843511 0.0706714 4.22745
0.705933 0.829757 3.40477
0.0619805 0.643292 5.44528
0.642372 0.810111 3.96191
0.85618 0.035125 4.28617
0.647988 0.859532 3.80244
0.837436 0.73459 3.1782
0.226202 0.853022 3.90757
0.119076 0.701335 4.87344
0.849117 0.765322 2.97253
0.0719715 0.108926 5.70515
0.657053 0.139352 5.1607
0.743138 0.0395378 4.74594
0.841246 0.851757 2.65553
0.124272 0.657971 5.19223
0.816131 0.175211 4.06213
0.720362 0.289653 4.56612
0.754197 0.874857 3.03778
0.106517 0.0224603 5.80296
0.142239 0.725444 4.66189
0.763063 0.660255 4.03932
0.00465518 0.734151 4.88127
0.134468 0.740292 4.57318
0.822617 0.721977 3.30744
0.793253 0.843129 2.80731
0.276159 0.717585 4.56254
0.261131 0.702963 4.68307
0.0171546 0.212477 5.61113
0.657112 0.672864 4.73411
0.818243 0.248779 3.96695
0.0120306 0.013212 5.99798
0.77629 0.16156 4.26857
0.024802 0.711943 5.00051
0.86504 0.157067 4.0273
0.0722234 0.724804 4.81301
0.197153 0.779102 4.19278
0.734318 0.715212 3.83871
0.69599 0.856977 3.44515
0.0985262 0.86543 4.17536
0.723679 0.811245 3.3242
0.75826 0.754437 3.39218
0.694078 0.829518 3.4924
0.21288 0.237139 5.19136
0.152605 0.200816 5.33937
0.71311 0.252965 4.60037
0.842492 0.791915 2.82056
0.0551298 0.716623 4.89776
0.722448 0.87478 3.25613
0.733771 0.0515413 4.77511
0.685603 0.800814 3.65013
0.783505 0.773649 3.1277
0.174928 0.670884 4.98285
0.282449 0.233065 5.18727
0.136486 0.268799 5.3325
0.110039 0.0426045 5.77551
0.198869 0.822419 4.00316
0.17696 0.0332584 5.63151
0.779847 0.736468 3.37648
0.20664 0.869078 3.93703
0.0448606 0.741408 4.74033
0.116573 0.6793 5.0442
0.0352692 0.161025 5.65467
0.185401 0.71409 4.65445
0.0905876 0.019821 5.83405
0.826533 0.244036 3.97785
0.853968 0.660475 3.72453
0.82353 0.790903 2.85929
0.154862 0.652396 5.15342
0.101655 0.0869191 5.69166
0.244182 0.0583634 5.5091
0.798423 0.754303 3.18179
0.0188391 0.0770428 5.87842
0.756843 0.119434 4.50568
9.56137e-09 0.0162294 6.01358
0.145778 0.0382308 5.69518
0.231418 0.693452 4.76381
0.786415 0.837326 2.85551
0.682998 0.196961 4.84767
0.785306 0.730838 3.38202
0.11184 0.0950328 5.64225
0.114548 0.706226 4.83883
0.746383 0.869818 3.08931
0.0425689 0.81243 4.35893
0.0577505 0.180733 5.57419
0.852353 0.822054 2.69426
0.834528 0.824916 2.70922
0.718465 0.795326 3.42741
0.253803 0.676684 4.85502
0.00801907 0.0920697 5.86231
0.68452 0.777256 3.77947
0.817875 0.673657 3.67772
0.280435 0.0933467 5.44932
0.0596813 0.07462 5.80881
0.702839 0.220978 4.72257
0.192217 0.795326 4.10353
0.742045 0.737444 3.60143
0.138764 0.222812 5.33392
0.714464 0.166687 4.66521
0.878 0.662222 3.71814
0.813197 0.118178 4.21715
0.795766 0.675219 3.75102
0.810475 0.838135 2.74724
0.194187 0.124251 5.40595
0.693528 0.0633662 5.05989
0.24797 0.0290758 5.55866
0.863135 0.669829 3.65686
0.665197 0.109978 5.17292
0.00222696 0.78767 4.51762
0.707058 0.113299 4.84468
0.635587 0.300071 5.1762
0.215192 0.84117 3.9416
0.767701 0.0202097 4.60746
0.0626576 0.206106 5.52602
0.0340158 0.77299 4.55572
0.0678907 0.0527987 5.84537
0.120819 0.0353907 5.75242
0.685569 0.632002 4.80076
0.641701 0.856977 3.84502
0.126632 0.114715 5.56485
0.87353 0.770536 2.92976
0.776666 0.834152 2.91197
0.0175546 0.175905 5.66314
0.741437 0.827104 3.17126
0.0244875 0.678553 5.23711
0.696739 0.235213 4.70754
0.75594 0.138497 4.43376
0.680731 0.0410404 5.23352
0.067884 0.777649 4.46766
0.704387 0.802999 3.50195
0.0325839 0.0525517 5.90614
0.661079 0.865215 3.70952
0.779835 0.745524 3.31731
0.19175 0.0536294 5.56901
0.194869 0.766913 4.25091
0.0492839 0.866401 4.26197
0.878799 0.704144 3.40935
0.00353586 0.0393612 5.9635
0.218809 0.110687 5.40973
0.877573 0.815457 2.71881
0.760001 0.650816 4.13013
0.809653 0.0258169 4.41482
0.252673 0.0781234 5.46369
0.749499 0.77166 3.33476
0.0815601 0.22754 5.47742
0.821321 0.844725 2.70162
0.109229 0.0616755 5.74306
0.677926 0.823607 3.63005
0.0974827 0.663327 5.21458
0.718236 0.793453 3.43805
0.0823153 0.117395 5.66827
0.67384 0.113685 5.09185
0.149944 0.744464 4.48672
0.775033 0.274258 4.16843
0.163147 0.0866353 5.54469
0.275084 0.0485225 5.54676
0.719534 0.830943 3.29516
0.181622 0.730512 4.51717
0.773055 0.864057 2.91766
0.201072 0.700291 4.71798
0.654842 0.832189 3.77785
0.8304 0.770625 2.95164
0.253803 0.682746 4.81173
0.214929 0.119491 5.38988
0.133046 0.204159 5.36659
0.781576 0.0899278 4.39053
0.736015 0.217719 4.44176
0.0171546 0.842899 4.34478
0.750282 0.816188 3.12447
0.840267 0.780064 2.87827
0.151443 0.00763631 5.71457
0.125748 0.146616 5.49257
0.766491 0.207479 4.24257
0.23843 0.656759 5.00758
0.179509 0.189543 5.28858
0.0565773 0.0237065 5.90525
0.167367 0.81813 4.06651
0.273423 0.672609 4.89612
0.203876 0.013212 5.60865
0.758135 0.272636 4.29282
0.267625 0.702136 4.66938
0.828809 0.682415 3.58178
0.728229 0.869167 3.21063
0.112669 0.779832 4.36253
0.637659 0.291791 5.15686
0.171645 0.150525 5.37897
0.631658 0.742184 4.37043
0.0077425 0.0660577 5.93431
0.801816 0.875266 2.77733
0.0341183 0.0700601 5.86974
0.110262 0.708937 4.83142
0.876067 0.128693 4.13107
0.0371411 0.692909 5.11142
0.85771 0.0323026 4.29197
0.173197 0.0655815 5.57975
0.668011 0.833125 3.68164
0.71907 0.135164 4.70144
0.650671 0.22634 5.04969
0.831739 0.80057 2.7983
0.867652 0.159855 4.01881
0.803906 0.169641 4.11739
0.753471 0.707601 3.74578
0.858132 0.652947 3.78635
0.0288223 0.076277 5.86329
0.667446 0.119433 5.13424
0.73675 0.149004 4.53743
0.645374 0.781724 4.03071
0.131356 0.275319 5.34339
0.815181 0.759098 3.06283
0.74277 0.0261811 4.75792
0.639305 0.0942249 5.38675
0.240195 0.128506 5.349
0.0402887 0.675125 5.28167
0.0302216 0.646168 5.46283
0.844672 0.866226 2.64803
0.0287797 0.0778105 5.8542
0.185166 0.0120925 5.64255
0.805937 0.763285 3.08001
0.239066 0.781349 4.12789
0.659855 0.12134 5.17384
0.190107 0.875213 3.97394
0.00983285 0.0599378 5.93363
0.217726 0.157796 5.30024
0.147139 0.273516 5.30649
0.665729 0.743537 4.12803
0.0371411 0.694246 5.10233
0.781479 0.736468 3.36455
0.644392 0.284686 5.10565
0.688366 0.0633662 5.09916
0.23843 0.655776 5.01236
0.123608 0.261628 5.36124
0.766025 0.839779 2.97217
0.0207702 0.00654763 5.99314
0.0804439 0.0260907 5.87452
0.787709 0.68645 3.70816
0.746812 0.725892 3.66736
0.063804 0.680896 5.20057
0.841371 0.654378 3.76509
0.820332 0.165097 4.06529
9.56137e-09 0.745915 4.79758
0.0110887 0.151799 5.7182
0.699867 0.0719932 4.99827
0.023034 0.0287626 5.95798
0.739998 0.83372 3.14692
0.798423 0.763285 3.10903
0.74255 0.285199 4.38917
0.690833 0.770828 3.76423
0.839087 0.0795178 4.21282
0.770493 0.860508 2.92295
0.653948 0.845737 3.76826
0.838572 0.169641 4.01799
0.859219 0.632348 3.8963
0.186721 0.77299 4.23257
0.846964 0.72718 3.21875
0.0465081 0.180733 5.59859
0.225116 0.150347 5.30695
0.849256 0.673984 3.61523
0.788158 0.177241 4.23762
0.245966 0.853022 3.89865
0.632819 0.727431 4.46916
0.136026 0.0619374 5.66723
0.733771 0.047058 4.78474
0.180866 0.0569309 5.59424
0.778361 0.804202 3.02455
0.715933 0.208799 4.58434
0.67384 0.145864 5.0169
0.878799 0.677773 3.59852
0.865771 0.819093 2.69891
0.707501 0.212641 4.64876
0.800759 0.853668 2.7797
0.653878 0.00531146 5.44153
0.173235 0.00849005 5.67301
0.0211518 0.088553 5.84969
0.635155 0.673845 4.86097
0.853968 0.768914 2.92978
0.713256 0.783593 3.52065
0.855307 0.00306814 4.32632
0.0970954 0.0747375 5.72365
0.0965948 0.015357 5.82993
0.274465 0.219267 5.19601
0.857754 0.786956 2.83574
0.761336 0.707601 3.69557
0.163147 0.229306 5.2762
0.694878 0.835588 3.47428
0.270767 0.104768 5.40904
0.0401613 0.766512 4.58921
0.737381 0.214867 4.42233
0.796043 0.264377 4.08806
0.747371 0.124891 4.53947
0.0371411 0.640976 5.4843
0.677496 0.86825 3.58974
0.126632 0.104768 5.58558
0.796043 0.281911 4.0755
0.239651 0.114307 5.39956
