56 10.9762
3518.94 341.963 1633.28 1095.46 2060.83 1042.37 1899.44 1398.97
1290.01 4156.01 2531.44 1255.55 752.921 50.7238 656.582 93.0034
573.111 340.639 4423.08 257.92 67.7739 450.296 175.278 887.397
506.478 517.744 106.374 2009.22 3278 290.524 1103.89 0.0884728
97.4773 59.2579 173.774 317.719 144.506 5258.9 79.1627 1315.8
8.00083 4.25784 15.077 4186.82 1696.88 770.105 1858.81 127.994
5.4393 2.64116 1.04276 5.64604 22.5077 38.3795 6042.89 383.982
4.72662 54.0776 10.2139 75.834 5763.93 476.623 475.443 901.279
2.35243 2.37422 1.36148 2.45148 34.799 0.02492 4803.58 474.951
0.156191 0.0451302 0.0843854 0.100538 0.00334617 1.63586 0.603946 4984.2
0.0930594 0.073329 0.000235847 6.23449 5.17115 68.2068 1670.26 4248.12
0.0109283 0.00246589 0.0127007 0.00657328 0.0374062 0.191374 0.00250523 5039.18
0.00225624 0.00903225 0.0645602 0.483768 11.3963 38.4838 331.034 5706.83
0.00163047 0.00101734 0.00630552 0.000324498 85.9692 627.21 480.642 5476.82
3.60414e-05 4.05733e-05 0.0093042 0.0280838 0.466512 3139.76 358.541 2702.12
394.224 3750.72 328.502 968.631 1416.17 1285.95 799.888 1075.46
1073.54 3341.23 2655.33 2303.33 367.43 346.198 1414.22 1215.2
1705.34 4149.6 868.604 691.278 1517.91 701.515 113.366 2880.39
3198.81 1.67522 1985.9 1119.34 1206.93 202.019 928.907 2622.96
48.9925 214.254 136.734 251.36 5307.6 648.962 188.849 612.625
545.259 2913.2 884.262 2647.41 2313.94 871.58 1434.45 16.4485
17.3439 9.2136 55.027 114.843 54.3176 188.836 5432.23 32.7126
3434.35 1001.22 778.551 87.8252 1449.02 903.686 113.303 2146.71
502.665 3275.54 785.461 1151.02 2195.88 1920.04 453.113 925.347
2342.96 495.891 2403.09 1063.01 308.475 1059.82 275.288 2558.49
2512.56 325.231 1072.32 1483.82 855.734 1763.71 2474.45 383.542
2944.72 246.016 1632.71 2528.13 2278.4 1049.75 1899.45 441.479
2763.09 696.211 1444.05 0.542668 2803.42 621.121 1097.3 1354.43
2840.1 1509.91 1186.62 37.163 2733.86 1536.42 612.038 1409.87
1.04644 1.58559 0.678921 5.67789 11.3788 2.05466 5240.53 638.997
3084.58 120.446 2602.9 1386.02 1672.91 1494.08 1944.98 1691.5
0.10543 0.65599 0.630758 96.174 29.1372 1217.18 4993.14 913.424
2628.34 821.603 145.024 3100.22 1933.34 2080.93 999.026 928.51
137.479 80.1381 4083.31 2288.27 1427.56 1334.68 222.025 1071.19
653.183 701.342 4230.96 1666.83 1095.75 747.739 279.37 884.86
832.378 926.291 3823.34 329.622 563.264 1597.8 219.517 151.935
213.423 190.15 3638.27 246.81 2502.2 1695.36 2014.47 398.249
14.1867 81.0644 0.169078 0.975175 179.273 254.598 4335.3 693.581
1998.58 880.784 928.294 4005.56 110.061 2383.17 1376.45 490.087
837.518 288.918 3529.89 1564.54 1158.24 1341.87 1969.82 1222.66
3053.16 1131.55 1011.96 128.722 1215.81 215.623 152.053 2095.6
1920.44 82.9004 1147.46 3177.39 685.612 1419.07 1135.11 483.214
303.785 92.1336 4336.92 403.602 591.119 408.818 729.102 1184.72
248.509 88.3103 1049.17 3760.42 1694.06 606.575 1977.11 1873.38
0.00730876 0.007395 0.0113895 529.79 1770.55 2326.32 478.099 4123.06
288.496 196.313 651.254 3695.73 498.588 933.128 1522.1 1427.82
2610.18 871.075 2367.97 38.3298 110.8 1703.28 1704.92 377.051
216.129 1300 3323.79 120.003 1298.74 1474.26 2037.25 589.135
658.844 382.748 2868.27 1022.46 1735.59 2090.2 295.333 1747.82
394.663 802.768 267.858 453.613 5171.6 913.12 24.2888 530.063
35.2158 178.304 3965.77 1114.26 2838.3 131.867 1601.53 423.778
570.762 2313.18 771.337 3334.68 297.69 1161.57 900.077 2749.39
269.11 480.793 318.668 1250.5 2973.37 0.53896 1023.57 3724.68
438.572 2685.51 1135.07 150.877 1212.77 1120.52 55.0012 2549.92
798.818 199.831 3845.61 150.29 830.769 583.458 1736.38 351.091
244.213 182.503 4000.77 2955.72 1250.14 696.036 1033.38 1991.71
285.324 49.3199 3622.04 2327.17 1140.41 2506.75 420.064 69.7389
0.221369 0.135923 6.07023 0.662139 0.042229 2748.38 4547.11 2075.82
1382.18 1996.66 837.616 2821.89 2253.68 769.462 831.814 712.515
2269.2 926.289 308.528 2829.63 1892.04 1163.67 240.859 1894.7
206.549 145.996 2630.4 3446.5 1467.96 1271.06 279.357 235.001
479.047 1737.8 2187.55 2767.35 2624.49 2054.21 649.852 153.071
322.558 960.1 62.0511 3921.27 970.584 503.403 3076.36 1115.28
185.745 450.062 166.552 179.366 1684.82 539.968 4045.29 27.071
2254.24 2393.9 460.228 1578.39 443.847 1355.26 652.652 1114.56
2008.4 2897.44 2095.03 535.082 1556.49 334.342 646.227 2398.4
1424.52 93.744 2174.35 1253.71 1708.48 1958.86 1222.39 2030.68
338.562 944.416 484.316 3856.19 961.928 1888.8 1071.04 1114.52
2159.71 1524.1 1678.72 740.973 1351.32 493.033 841.362 2194.57
16.6248 8.1758 25.5149 19.5036 47.1673 5134.85 1897.15 230.357
3.85072 1820.46 4250.95 2589.27 544.852 1091.65 392.898 676.499
275.208 2616.74 667.816 1322.51 2793.49 535.296 1584.69 9.13706
693.468 1017.95 3227.89 2661.85 668.267 2005.81 1581.91 167.311
90.2248 2785.88 1580.45 2156.53 1935.63 633.027 727.42 1283.27
228.092 2506.03 1780.04 470.537 504.657 2759.88 626.879 2119.62
2118.11 1852.75 1979.09 672.595 108.357 789.186 692.527 2152.97
2233.3 1209.1 857.593 1392.18 943.483 160.261 2773.63 1146.7
0.770401 0.727258 4.13323 941.68 3596.46 4015.08 1759.73 1177.05
176.386 2848.09 1707.51 1848.41 601.611 2.40645 1366.04 660.235
1234.89 108.935 1697.89 2865.49 1665.4 336.314 1834.76 513.033
1646.67 653.369 781.351 429.823 1873.66 392.83 2955.59 1032.32
549.871 2429.13 670.644 1492.08 952.333 171.741 2865.3 1660.72
1120.24 1506.13 1925.42 1301.7 1607.26 2508.1 1003.54 1416.01
379.141 31.1127 3433.07 2069.56 166.498 1977.07 775.187 281.808
2181.07 2233.19 757.984 1419.81 1654.5 178.942 1033.08 1833.46
558.737 506.778 1426.93 682.746 755.062 3860.96 326.744 97.5526
0.308198 1.24099 0.000249695 1.7233 0.316587 4.51254 802.618 4539.82
0.38607 0.938258 0.193138 1.80672 1.64474 581.456 4883.97 226.529
1563.32 66.3414 1798.8 381.959 548.235 1660.08 780.854 2705.42
1815.44 992.62 2012.21 1287.55 906.784 2430.91 779.133 1572.77
2187.74 1689.41 2086.73 1355.44 255.564 2379.76 808.856 876.846
1076.01 2794.11 71.3513 1458.52 11.4204 2166.19 525.207 1928.85
306.078 407.494 3353.08 3148.4 656.331 1687.5 3573.68 93.138
597.372 2452.81 1109.12 2889.93 853.415 846.625 944.221 409.212
710.877 1125.57 1335.72 2718.25 1495.07 1727.6 1296.08 381.526
287.561 564.676 187.475 3290.69 272.535 1916.82 2545.91 546.711
123.203 513.677 2246.75 1260.38 4126.74 572.756 83.8801 607.201
757.69 2094.66 1321.13 253.57 2948.6 2732.36 1048.26 123.249
1195.32 624.202 2144.95 3259.29 572.424 142.2 1280.08 1857.93
999.525 2661.31 2463.45 1908.74 1173.55 643.818 1627.4 558.392
2.54558 7.79952 1.10184 0.932842 46.7072 4.71258 5414.43 123.043
1885.63 315.592 1856.13 1921.72 3451.35 262.376 1198.44 116.434
2049.35 1545.41 94.3548 1218.01 2118.94 830.789 946.158 1009.1
1495.71 1393.23 747.142 1936.06 873.31 3906.19 259.981 1005.26
1020.59 2066.35 406.846 1807.86 566.534 3129.41 651.995 318.871
282.87 177.226 2765.11 2345.49 1277.78 1288.6 2001.63 1493.49
242.412 881.489 229.278 3601.32 93.947 142.985 1072.11 1975.63
130.918 2351.68 495.903 210.388 1962.63 2353.24 216.493 1918.65
1308.93 1496.76 877.796 1406.64 3177 1339.7 233.563 524.478
237.058 258.677 2921.82 1181.42 2174.21 1294.99 1047.87 1675.16
1695.32 1619.58 1651.55 1141.17 913.123 773.078 2133.75 2323.61
51.5086 57.2631 54.8603 4134.84 2904.44 271.235 1239.27 398.352
1351.08 604.072 3004.95 903.312 128.302 3665.16 1816.97 314.466
918.694 1705.35 469.487 2145.6 1591.18 672.836 276.439 2765.23
858.057 456.689 56.7347 814.664 36.3514 2005.11 4207.51 27.3587
262.982 1291.23 2745.69 1066.2 3313.78 180.615 918.857 374.962
640.329 606.014 3173.45 1438.38 511.921 45.9682 1921.27 1227.48
1.44034 1.4613 0.0051528 3.14949 41.0212 17.8256 121.65 3845.04
293.679 204.487 532.626 3521.57 464.031 865.967 593.693 972.908
944.697 1593.98 644.388 1703.63 1719.66 161.136 2272.15 2156.66
0.110081 0.16451 0.362097 3.07252 276.408 1127.31 436.672 3947.05
1164.13 745.514 607.283 538.038 1456.06 3943.59 53.199 1013.6
1346.36 1406.77 856.768 336.637 2498.7 2303.83 2936.52 108.825
587.077 1356.78 803.125 1714.17 2243.41 2045.15 151.67 1069.27
556.606 746.437 413.55 4076.8 179.14 1588.19 767.954 2110.49
501.025 977.598 590.735 109.522 4904.25 59.2871 100.6 2013.47
169.625 197.274 59.3106 161.348 684.989 106.839 3644.62 952.583
0.17302 0.297726 0.0866719 0.322175 2.76187 56.3088 602.195 4945.11
1596.77 463.35 2119.85 1757.22 576.962 2809.6 1440.42 661.36
256.319 1466.43 3238.43 432.157 117.183 553.838 1417.93 213.428
1735.28 1376.56 1552.68 18.5254 1172.37 1788.19 2297.61 711.293
416.121 602.816 1383.14 1338.75 1611.55 2861.28 1312.1 163.144
1111.53 910.704 182.29 1151.67 969.54 4681.08 146.857 729.918
453.074 810.789 273.524 602.73 195.091 4048.2 214.508 376.925
77.3108 3305.12 732.488 2424.44 1362.31 1821.05 167.603 1891.98
0.0178027 0.0342971 21.2752 499.9 68.3579 535.884 2661.77 3400.41
1.02584 16.4301 267.844 189.991 415.547 164.845 4249.82 677.125
217.733 245.263 113.945 592.993 5110.86 212.191 439.687 17.2653
18.4286 2.34035 3121.35 2687.05 1545.47 1313.79 387.459 1486.23
1752.98 814.722 649.299 1244.73 1129.73 3152.75 78.378 846.706
348.121 746.966 3384.08 856.375 797.552 1376.1 661.393 1395.82
608.134 1556.8 1640.73 3242.02 1018.81 2350.74 195.825 966.397
768.968 2030.88 648.851 3245.2 2581.17 915.69 777.498 730.825
928.133 2560.01 1283.89 233.427 1550.9 1860.89 525.867 1010.83
650.156 1629.81 1843.36 1864.82 220.936 887.63 1795.07 2310.45
977.95 30.0663 1885 756.012 2965.81 433.232 2804.85 215.058
994.821 802.417 964.609 1167.19 4224 63.4089 1034.86 287.642
402.118 543.53 3099.09 1638.57 2051.5 948.534 1491.54 1395.8
910.774 1066.06 1309.68 1148.76 342.111 2240.77 497.153 2233.24
1612.39 942.79 690.773 2151.22 2184.58 3104.39 534.345 605.434
1451.79 474.858 2335.38 473.28 1580.56 3491.03 552.839 643.561
362.134 2153.69 586.985 844.906 2504.62 367.961 2536.7 723.182
1055.9 2550.99 736.768 1371.85 1427.79 2315.39 1477.74 475.801
7.11899 13.3668 0.109447 5.7419 125.465 84.2918 248.913 3556.51
1475.76 1759.79 1661.93 476.562 1114.62 10.1879 2906.87 1203.16
92.0128 76.8429 68.584 262.234 639.037 4767.66 11.5406 1733.18
70.7795 91.4835 10.1455 80.7462 670.777 115.479 4689.63 0.546143
344.081 421.549 324.642 771.876 70.8706 4230.56 520.137 661.071
1836.54 1955.23 417.034 2510.98 1455.03 55.5348 225.933 1223.39
50.3853 27.9297 130.442 226.956 209.633 3353.39 3267.57 0.922568
1098.41 269.464 1509.64 71.1361 498.082 6.08171 3004.47 2302.26
1864.46 170.676 642.231 712.866 100.014 2592.08 2497.31 298.406
1395.72 51.3014 1956.7 914.965 2652.64 92.6719 1390.54 1878.73
165.311 425.004 176.435 28.944 3675.31 111.51 430.641 1793.97
20.8725 301.832 1318.02 3554.88 1442.89 120.331 3141.51 443.549
827.749 825.466 1955.44 1996 1155.29 5.21902 1566.56 2461.87
157.117 315.686 128.327 116.557 268.633 4104.15 343.428 870.494
1154.83 1137.48 796.844 239.197 3015.04 2423.04 2335.6 38.0043
289.196 599.171 101.021 2806.77 1644.23 1930.79 1138.13 123.635
273.026 1173.24 421.116 835.91 4612.82 110.158 59.8042 781.46
1906.94 522.211 2214.21 740.074 581.277 953.587 1529.4 2680.84
662.025 68.6189 2576.22 2513.24 2734.78 376.524 2084.65 1742.02
2016.82 930.014 2467.3 1620.94 2267.57 663.058 880.274 92.1012
32.8456 632.464 330.911 1234.27 3984.82 366.016 1348 353.084
4.36174 621.194 320.794 712.989 4078.41 215.729 1375.68 904.903
88.9885 662.303 99.3966 3056.06 656.883 3709.72 186.151 1607.07
618.461 1356.41 6.4014 1292.7 4809.65 444.69 354.997 1283.94
46.8812 212.32 14.7903 434.305 4489.99 619.739 311.951 570.163
0.128942 0.0209264 0.119091 0.00529413 8.94192 0.102885 1548.33 4746.19
1143.7 1911.14 87.5211 1585.34 1800.95 1681.56 234.369 2655.62
445.115 1677.86 1034.26 2750.25 1800.43 1788.68 1594.85 461.87
439.802 229.058 619.283 960.672 68.9446 2784.81 1206.6 2812.96
293.106 2191.4 1073.46 484.365 890.619 2811.52 135.134 1850.32
868.096 1200.15 608.663 1270.39 2551.79 1010.6 1985.55 367.021
1014.34 787.766 314.545 3395.23 521.534 248.603 1039.22 2343.8
2076.35 1224.49 840.146 823.912 3340.46 60.8488 401.275 1228.4
778.885 2073.68 678.755 3006.34 1256.81 724.985 1807.52 2205.61
19.1158 658.398 1002.2 797.63 508.329 4279.39 375.399 812.779
598.875 609.071 2506.23 668.668 993.748 1512.18 115.604 1620.65
969.756 814.967 337.586 400.97 2265.64 553.92 714.487 2776.08
1142.98 1421.81 1820.01 1534.46 353.757 3290.41 1076.11 463.523
1042.48 934.02 2226.13 2084.19 259.99 1392.11 1736.71 1444.05
1594.52 1338.17 434.47 1095.8 529.935 3684.16 322.075 936.578
1775.89 1793.13 749.455 15.4872 1948.67 2124.35 492.403 1119.44
89.3934 609.617 376.697 4009.7 295.236 1554.23 1763.52 729.847
625.635 180.028 2806.26 1868.68 2008.57 432.229 2587.31 362.555
0.829805 1.59672 0.80401 0.0177203 1.68189 6.72296 96.3849 4818.69
517.388 2209.2 928.433 2237.47 1400.36 2158.36 2298.67 1319.26
376.188 277.648 551.607 1889.63 2533.18 3027.27 216.644 1178.26
394.813 1561.16 1262.62 924.232 1989.28 2945.7 123.987 1580.76
817.415 447.48 36.4313 2189.78 427.276 3193.07 1583.61 1526.62
186.045 2484.96 892.006 2119.62 1883.12 88.4475 2023.98 354.913
1340.51 679.426 1200.65 2618.91 944.648 2955.66 155.749 806.139
291.486 371.668 1115.77 565.115 1817.12 2268.99 1211.65 1556.91
1615.71 2094.53 1502.26 1188.13 1054.1 1175.68 2701.43 765.534
110.413 2541.96 137.906 1959.87 773.698 2235.87 147.59 1728.85
474.752 414.202 379.054 900.326 1320.03 3199.27 42.5156 2986.39
738.551 2140.44 204.887 2305.94 268.572 1523.91 150.726 2623.72
1770.84 555.17 2438.65 1873.38 1878.93 412.925 2981.11 855.913
1502.71 540.683 2454 2315.28 1118.51 569.715 408.752 2857.03
244.331 1873.91 308.295 2053.85 3574.38 287.703 188.692 559.871
321.32 408.134 47.3632 1526.2 624.761 4949.53 206.488 1305.23
254.981 1814.98 935.567 2454.92 1531.67 2272.39 1116.28 1695.71
297.14 221.828 2067.97 738.262 1550.87 582.424 2503.95 1971.56
0.0484643 11.3409 4.47936 393.056 1179.63 1044.03 560.903 4396.66
1459.67 728.632 2933.42 53.7139 2359.07 2494.53 1386.83 1429.8
454.457 456.104 1222.54 2378.33 3398.7 122.529 575.876 118.094
947.037 1939.62 1787.41 1084.52 434.707 2893.32 566.886 2398.22
801.612 124.264 2699.6 482.258 1839.15 3617.4 1108.07 139.839
205.842 448.058 553.19 1613.71 3716.42 310.891 784.416 735.256
0.0458857 0.435262 0.036831 0.194197 2.51415 3.54456 60.4462 4422.22
197.501 616.087 506.41 2263.94 2646.16 964.83 1572.63 653.822
122.514 104.163 119.491 404.608 258.624 1614.28 4632.23 10.1273
724.042 59.7415 2713.83 1660.74 2793.69 1211.9 1083.07 794.588
185.829 161.493 0.166005 169.974 4575.87 1839.08 201.494 2261.24
200.135 1971.79 145.187 849.157 2665.61 2066.62 1498.49 829.78
163.078 386.889 257.185 710.553 4872.71 65.0631 210.546 86.0546
39.1282 444.787 286.505 3401.81 793.595 269.345 2397.84 1355.71
283.707 851.23 74.9208 7.62754 3491.15 918.187 3459.75 1349.62
2.69199 8.29729 1362 1036.3 1547.74 1566.85 49.6477 3303.55
199.031 24.5678 1234 646.104 1466.41 2663.17 2609.86 350.715
432.561 1252.05 660.196 1312.06 3128.64 1186.14 487.398 424.542
145.616 321.247 182.903 275.663 4337.95 278.197 251.08 687.915
5.29885 58.6605 40.2261 39.9072 37.2287 4993.85 1094.47 1117.31
1682.78 272.092 966.851 450.251 2531.97 1518 1623.62 2109.28
1322.65 1207.91 1055.47 107.805 2006.24 3272.37 1026.78 416.517
2.16268 11.6195 87.6095 3889.63 1628.63 870.158 973.93 1915.29
440.83 353.834 2273.68 768.01 1362.84 2144.95 1959.06 2039.67
1187.8 549.926 2284.39 2521.46 2091.95 2267.55 642.768 1074.88
209.147 688.643 422.518 463.975 4536.89 1043.11 117.556 51.8259
370.79 1053.51 1526.51 1098.99 2525.61 285.363 587.48 1864.09
428.11 216.818 750.116 2175.19 531.596 4583.51 355.845 102.205
3.57193 80.7964 1860.12 249.521 1593.59 261.208 4141.62 196.488
10.793 587.294 144.201 1854.6 3232.44 560.151 1454.72 2384.59
160.915 1490.03 146.762 985.459 3257.99 1371.84 21.7725 3272.9
156.744 602.4 1474.11 1994.71 1913 3610.65 630.726 991.013
0.19791 0.0358597 0.0373157 0.0304944 2.52543 35.014 37.58 4671.16
244.917 540.325 3468.27 82.7353 580.954 1486.87 833.02 996.764
0.636975 0.0654666 7.45125 16.3981 5.22389 1.75577 159.556 4322.58
469.815 912.593 545.843 1429.38 2231.91 1247.8 1993.42 1469.8
299.376 382.089 402.141 1792.61 3038.94 1444.36 51.0224 2196.6
38.1037 22.6259 129.238 263.333 633.803 4379.73 620.482 289.581
175.229 305.907 217.927 3208.18 385.416 1594.52 699.354 1217.75
0.0247812 0.128072 0.00242838 1.37807 0.80345 57.6373 811.095 4610.54
232.101 482.877 362.035 617.394 2835.7 4463.43 429.725 43.5726
308.582 193.272 3059.88 1076.43 701.825 2290.13 143.86 1709.64
757.063 889 705.518 2964.47 814.894 1710.36 765.968 492.066
997.071 435.729 279.076 3255.83 782.302 2548.59 50.9767 1984.28
1540.15 554.671 2021.43 3016.82 228.276 1873.71 1979.71 1680.1
1830.65 1672.44 1602.55 437.352 166.085 2135.04 2036.36 1574.55
1209.24 472.074 3160.64 678.916 4.52433 2172.14 283.801 1601.7
178.116 439.367 410.54 588.855 4662.67 257.619 508.46 460.353
1270.14 1313.06 362.47 1347.85 2602 1539.27 156.14 1836.64
21.2831 1786.98 622.32 447.203 4731.97 409.674 478.736 533.952
3.39799 5.47227 21.6507 29.731 2914.98 713.079 1164.4 3089.31
469.118 2094.25 1068.38 2207.56 649.942 1854.11 1980.27 255.592
1.17881 1.4511 16.4497 4.49252 52.349 4847.12 211.709 16.5696
236.264 34.8824 953.613 2487.46 2396.81 774.938 424.099 1421.37
75.2206 241.118 68.778 129.919 1032.19 95.4845 3716.53 1512.41
107.387 292.472 39.3459 2629.95 1393.55 2714.54 776.238 1150.94
820.329 748.478 568.432 748.345 2637.56 2045.18 954.517 1161.08
2107.28 610.436 2315.69 2214.37 1237.33 1484.91 33.6637 1131.66
93.9396 220.071 142.165 869.064 1331.77 3770.6 1722.46 377.833
1524.02 765.098 3043.29 694.923 1084.1 1882.27 426.034 1237.19
901.752 475.831 1449 35.002 527.926 3238.49 1266.58 1280.28
18.9388 35.8399 13.6634 3363.12 618.774 796.245 3370.86 557.742
1.72792 0.0472736 1.12132 2.50013 7.65961 39.2821 1.36613 4246.01
31.9071 62.8164 9.43145 141.364 6.49349 403.222 3801.53 1084.02
1178.65 480.699 1396 1507.57 516.112 1385.18 2720.42 671.412
246.965 898.141 555.543 782.403 4457.23 208.895 32.3777 1489.87
743.691 366.684 1299.51 1213.31 245.414 2721.43 1064.95 1005.67
1201.05 1370.76 435.651 3023.1 2568.9 151.399 554.824 1072.21
1289.95 756.811 539.149 1976.89 1410.89 1406.15 6.27564 2547.26
0.169809 0.0714134 2.9715 369.548 2002.87 2360.57 179.031 3458.03
591.708 1831.15 106.599 2110.01 2480.89 817.534 1021.23 1733.57
465.632 158.371 477.169 2408.27 721.839 2134.77 2348.14 529.229
83.1014 1318.52 509.048 1464.12 5003.64 557.688 53.6674 744.306
601.776 1158.06 629.038 1631.47 2988.82 17.5166 819.998 584.777
738.021 837.35 267.015 361.142 1569.02 2522.61 398.2 2418.74
3.69099 121.018 95.0175 299.665 5039.83 456.13 1086.69 186.264
0.00199066 0.000620516 0.0285197 0.115086 972.061 280.393 2476.73 3642.52
672.183 1937.6 650.344 797.371 2456.54 82.4013 1396.4 1635.36
105.833 74.7226 187.102 199.334 458.386 4436.93 619.262 123.586
479.491 1810.2 2320.72 1332.14 1607.31 624.047 1189.95 1976.78
24.246 77.4901 285.38 309.931 715.98 2097.92 3052.69 747.529
619.516 361.538 206.316 2850.32 2421.97 132.506 2183.65 2245.79
19.4901 11.7123 215.416 268.128 476.007 235.88 1602.56 2606.96
634.905 566.789 602.681 1637.2 618.755 2614.71 867.818 2712.91
123.732 869.514 798.477 777.567 3271.46 1024.92 23.8012 3180.95
1871.31 12.3833 3504.37 2705.69 233.335 2088.11 1232.53 145.881
1.36085 52.8335 5.14816 74.3268 4269.26 1975.76 858.764 1385.18
566.154 1044.9 404.335 2879.61 1667.21 482.01 1334.53 950.183
1370.97 395.696 424.5 1622.01 1715.28 823.61 2204.51 2331.11
420.136 959.962 2353.75 824.077 3638.06 9.20256 251.481 947.382
679.742 2266.36 786.694 314.022 2694.18 1137.99 1282.25 1210.1
411.356 332.431 128.692 791.072 1042.7 14.4401 3864.31 1043.41
0.00730909 0.025885 0.713812 261.786 1946.82 728.063 177.411 3892.54
407.255 1241.33 491.178 986.291 4992.28 13.9711 485.268 854.525
510.13 1288.3 2958.11 1993.17 1416.08 1271.48 114.205 1357.55
48.7872 19.8641 156.913 1056.77 898.24 2018.86 2774.5 43.5084
894.765 239.922 901.807 268.479 771.986 2768.32 492.249 2325.1
1208.39 1090.7 174.235 852.273 265.605 3746.59 1021.29 387.87
341.946 344.626 649.437 23.1316 357.653 4718.05 518.164 1275.19
503.584 316.864 2690.15 2182.75 2111.63 339.81 1251.42 2568.49
0.688766 0.280355 43.9372 46.3682 2039.43 1946.02 1936.4 3131.46
203.228 136.779 296.023 545.803 401.6 4618.61 198.195 1121.85
1143.09 340.158 2484.41 241.606 644.125 2116.37 1451.39 1255.01
112.931 1278.15 278.256 354.073 2385.28 1645.92 29.1235 3200.22
110.761 1010.34 1574.17 1737.63 818.927 1017.82 1390.06 2519.35
1183.4 1575.91 1826.63 50.9325 2013.57 2630.67 1096.73 868.001
15.0085 364.208 90.4082 325.095 4961.02 789.179 692.543 170.155
206.385 771.325 392.531 489.047 9.15332 3885.34 2676.24 1607.34
520.185 544.657 1713.25 549.039 1637.75 399.532 767.881 1908.89
223.011 1397.16 1271.6 723.196 1847.74 840.96 239.91 2514.29
439.423 604.235 2799.07 2022.36 604.411 883.685 688.973 2366.34
0.961864 1650.02 1137.81 1597.49 3149.82 838.693 1036.98 2248.1
356.839 789.106 255.893 406.926 3664.08 736.617 42.0553 1019.54
1628.3 62.9471 1594.31 1576.51 916.414 2354.11 931.649 44.5683
2080.62 1054.93 518.52 2932.41 1342.84 290.701 808.258 1237.62
194.957 13.4292 2358.99 2556.33 472.446 1017.9 2315.73 1197.86
511.257 1659.5 1286.43 1831.49 2548.97 1239.6 1887.6 392.407
1527.71 1744.07 2666.38 146.276 133.691 1014.35 1767.76 273.282
185.548 676.048 938.923 74.85 664.599 3440.17 1402.13 852.889
976.337 1889.45 1518.14 878.035 153.254 3134.6 37.0641 380.152
211.829 321.691 563.344 0.949474 1758.57 1107.43 3593.99 702.802
996.182 2283.56 1070.02 2585.08 551.583 410.826 2136.39 1609.38
432.447 80.0444 583.823 2029.14 241.518 3374.4 1023.29 603.19
58.1809 123.919 169.059 352.576 646.414 4337.58 29.7998 2132.32
0.294575 18.1074 1268.83 2984.53 1616.72 46.2878 1296.67 2867.3
523.416 773.917 1005.68 833.462 1896.14 3218.03 2235.72 19.7453
98.6371 1072.28 538.71 1784.39 4216.05 98.7931 142.372 203.231
1131.77 1091.86 1089.84 1592.22 1672.98 1014.97 543.078 2672.87
1519.16 468.507 2562.48 313.725 1426.09 1921.17 2771.48 480.591
275.126 1267.57 1051.68 3163.58 1235.42 1893.07 1308.45 226.679
33.0643 73.0844 14.7825 3596.79 2000.03 1514.23 745.323 1988.28
17.5769 15.307 4.13674 4.64477 17.2788 151.873 4765.09 1412.81
153.336 449.083 104.16 410.862 4285.4 185.232 932.853 553.433
313.39 409.275 281.072 630.397 2083.74 751.452 229.809 2885.54
146.664 423.815 122.399 7.08536 515.623 4515.35 1295.04 863.846
81.6393 947.845 2547.29 305.152 2297.93 1566.06 48.6467 300.714
287.449 1306.92 1156.16 1679.56 2037.2 1453.29 366.224 1658.35
905.099 645.525 777.046 1249.83 35.8145 3291.43 2578.56 58.1021
0.124561 0.351467 2.67573 3.82615 51.6328 119.457 2002.83 4046.02
1770.5 1118.87 1065.95 685.606 1605.75 973.273 3223.32 333.527
164.927 2307.51 173.061 369.285 3025.21 3796.07 3.63871 530.267
0.688311 0.366613 978.272 90.1655 2062.04 1634.49 3521.36 1946.08
366.399 444.133 220.912 2016.16 3200.29 930.657 443.369 103.877
773.677 1667.98 1083.88 1654.62 2211.77 997.072 899.408 311.738
1034.13 982.029 1676.76 2161.66 169.384 340.145 2592.87 1241.46
8.32707 13.822 6.80488 21.963 3927.33 154.451 1634.3 734.148
1280.53 1249.12 113.407 3196.95 734.851 2295.54 37.5105 1961.98
1170.67 1566.15 1168.02 942.936 1920.37 1240.84 1365.77 859.015
234.688 1375.73 1861.14 2359.24 2653.97 82.296 1932.84 473.399
258.765 54.9531 3068.21 2573.74 1462.46 2105.94 2344.26 855.877
103.695 517.404 1402.54 1188.98 1346.46 935.829 338.761 2572.97
11.3342 401.577 97.0376 2667.1 2867.04 3470.81 674.889 42.2365
264.63 68.4768 1250.17 1585.76 726.263 2994.44 1152.44 1007.14
246.701 2243.46 2112.41 2112.66 842.144 1311.6 2321.16 1467.54
18.0169 167.024 3.14938 419.386 177.198 4154.43 1511.24 189.789
1363.13 2071.17 1092.6 1359.51 2184.92 655.46 1413.41 1663.93
636.779 1337.7 946.187 1283.93 114.216 1764.7 2832.4 1499.02
1496.54 1372.69 2936.19 888.619 859.882 370.698 2363.03 513.746
685.944 141.142 2627.07 1752.78 470.585 2987.1 80.842 301.151
187.575 1762.65 494.829 755.776 2201.93 648.639 979.393 1718.32
534.05 633.579 114.831 562.068 1721.04 1552.29 1579 2493.37
43.9379 2.62091 6.86539 100.498 1032.36 4172.75 2051.34 944.876
319.834 267.71 2663.27 223.848 824.73 2448.42 1424.72 1730.51
207.478 581.165 2974.87 1818.39 1588.78 819.871 1163.89 1114.04
489.743 351.326 1071.97 2429.76 932.925 1372.95 1523.44 1866.88
539.959 396.369 669.323 1018.21 3546 188.952 21.497 2084.47
79.1307 260.557 72.3349 872.7 2439.99 17.2583 1841.18 3011.33
684.957 1188.21 26.2313 2734.31 2491.8 2229.48 464.325 268.221
47.7273 106.787 193.79 147.135 3369.87 84.3957 3359.83 504.335
331.566 873.055 1350.97 2904.59 2224.03 647.589 1999.85 963.253
270.477 967.277 907.815 2127.53 3470.8 588.401 29.3059 1647.82
684.489 1485.15 427.129 2421.15 463.887 1201.6 2803.12 1327.45
519.277 1970 1816.41 675.967 1974.56 1901.69 33.8886 2056.48
1061.72 210.622 464.248 830.756 3381.82 266.113 3166.95 189.105
88.2141 984.639 534.791 3093.09 2962.15 247.744 602.445 929.357
860.439 1821.22 445.702 1655.91 2558.32 189.543 341.263 2495.61
495.579 234.301 2022.51 75.8879 838.551 2924.92 814.693 721.015
13.5716 14.6416 35.5273 154.598 1018.49 4640.22 488.255 1444.74
767.034 1905.47 403.466 513.213 1975.08 1616.66 1280.67 2219.33
351.055 742.097 156.28 1313.63 2678.55 707.613 775.053 2837.82
352.298 195.418 1561.07 374.799 104.901 841.151 3315.87 1304.05
115.338 164.756 57.4015 350.262 1382.29 1460.13 1493.53 2909.16
454.788 296.951 8.35356 659.644 2880.06 1509.27 3100.05 136.825
0.0763059 0.00706069 2.86222 2.3312 444.772 3314.17 212.235 3167.04
31.1711 140.278 97.605 299.442 3831.3 66.6635 2437.85 537.07
380.986 1280.51 377.596 874.12 4189.28 8.01776 909.884 1324.37
257.147 717.021 783.458 2568 1653.43 1192.28 2696.54 1277.51
1288.62 1119.58 3492.57 625.878 24.9029 524.465 532.781 1736.71
380.3 1107.48 138.015 798.278 3854.81 1551.98 22.1159 1093.75
0.144457 0.055205 1.96853 0.63199 11.0994 89.3372 758.989 3490.6
20.7839 173.955 31.9113 1691.46 2815.76 1668.16 1740.41 144.165
735.506 3.46368 727.508 1629.57 3570.53 2742.73 1073.38 1301.34
641.486 1447.16 1045.24 2921.47 1435.05 2201.65 1337.12 923.323
6.18706 11.3312 2.41104 8.32394 1195.98 34.435 3722.09 30.2518
0.123731 0.229908 0.236293 46.2185 727.284 5069.22 871.495 1064.14
55.3624 297.332 45.5507 467.838 4427.52 241.76 764.668 209.676
220.625 346.455 1498.58 1885.61 150.793 2384.4 2118.25 531.277
133.606 414.168 248.57 577.696 3886.86 150.045 470.823 937.184
335.022 1533.55 700.333 2313.04 2329.94 427.725 1107.13 2323.32
685.885 474.748 879.75 1533.06 1342.75 4545.13 1790.31 57.4133
0.835479 923.694 403.003 1108.28 3638.97 1289.95 617.247 2283.99
786.232 2247.52 529.442 19.9603 1828.71 2629.43 372.584 1216.96
2.11823 237.067 146.49 4090.28 1941.72 485.288 1012.56 641.119
1763.1 769.023 275.535 654.649 1305.17 2905.36 765.685 1122.63
43.3676 132.501 2277.3 351.431 391.279 2374.83 946.785 2738.94
1213.53 1469.11 1987.94 769.462 2254.01 1548.25 1149.87 1462.95
780.391 512.7 643.56 2032.73 3876.02 366.923 1421.15 185.812
249.215 347.587 12.2981 266.359 2116.33 3406.71 90.5707 1960.38
54.1516 7.00602 434.324 930.58 971.096 4908.63 145.156 696.344
37.532 725.213 1292.05 1844.37 1515.1 1887.21 1011.16 2358.59
767.394 132.941 2034.29 740.226 1209.17 2049.81 3155.88 32.9276
636.792 194.917 71.4116 2450.88 190.862 943.2 3501.98 1458
35.8193 88.8225 14.4284 1081.59 3090.68 305.666 2898.61 520.126
50.5647 120.607 65.9926 299.173 4701.72 180.135 408.287 1454.93
135.49 733.888 32.829 3532.84 175.051 1038.7 128.884 2142.73
828.494 400.624 134.545 1.77278 1838.44 853.49 2727.93 3210.82
794.121 401.152 1587.09 512.444 1152.86 864.632 2825.63 1726.01
723.288 107.234 287.065 2242.15 2256.13 1037.89 413.095 2344.51
2.83167 22.6458 9.92663 27.3161 340.122 2477.54 3192.64 1676.09
628.742 4.34115 789.236 1102.01 1794.63 3669.75 3136.89 82.3564
320.102 573.638 782.911 1239.53 2605.06 996.034 2165.64 291.392
1272.18 1325.39 1205.19 3169.25 1455.61 182.546 332.156 714.266
1186.09 1017.04 1743.71 135.259 2351.34 420.262 756.367 1602.83
821.196 157.68 909.011 2167.58 1373.06 758.155 1751.48 2360.16
119.28 26.4804 465.887 206.881 779.611 4316.13 686.642 403.971
252.023 485.475 170.324 2388.79 2350.33 64.6067 398.104 1103.94
245.436 1747.53 627.791 3133.85 947.592 2207.46 1196.45 307.498
1089.81 451.442 1038.54 61.0416 3148.8 2110.59 286.668 587.946
616.236 493.663 714.393 1712.16 3100.55 2083.38 60.9196 6.05671
934.543 1190.48 949.579 3198.35 42.0963 2793.68 1762.55 426.851
335.498 1227.81 988.668 2944.36 1217.42 1825.41 1235.27 820.085
581.983 1172.39 351.264 2945.21 1172.66 1332.4 241.303 2695.46
205.342 565.913 276.769 708.159 4762.75 112.233 662.49 105.408
1170.53 1545.91 674.272 1818.61 113.996 2637.8 1402.24 2164.86
0.0400211 0.0478033 2.20728 952.588 1908.01 3553.17 1345.02 630.77
1462.29 526.253 1012.67 1413.56 122.022 422.11 3884.92 771.724
575.976 441.712 2311.06 153.038 2543.62 12.2394 160.25 3007.25
947.852 138.615 2005.32 1042.42 2061.64 2673.66 861.695 742.21
74.4118 354.07 56.0698 1002.83 3528.24 1128.9 1681.49 66.7593
923.784 69.5866 1741.86 936.972 1726.55 2200.56 2062.65 1406.06
192.596 1074.59 1479.93 1346.04 2702.32 150.401 1097.61 1246.62
1874.42 382.252 494.363 1921.05 1220.2 3804.95 458.342 603.296
0.078154 0.167042 0.230534 3.61536 15.078 36.9006 2225.75 4261.76
474.129 1124.91 3039.28 476.886 1494.86 587.302 2189.76 1755.01
1222.79 1405.44 764.935 2940.02 147.363 2950.57 899.674 786.138
1058.26 142.451 1391.1 744.673 1819.88 1345 1663.06 2345.64
25.5641 153.702 209.991 89.239 2467.07 3915.67 1224.94 655.229
0.096556 1.47664 10.0067 21.063 56.134 26.665 93.1031 3642.38
10.1043 467.182 530.412 589.768 844.131 3709.81 1361.43 1482.62
102.918 51.0746 131.621 87.8088 805.297 2674.75 1013.69 495.421
409.652 1443.97 1338.46 1522.58 2086.15 875.196 554.281 1339.54
24.5654 41.3895 29.8772 57.9484 584.599 7.25986 3955.74 414.1
15.0676 875.469 1094.6 2089.87 2544.81 1009.81 46.3361 1078.17
1.15343 2.76543 1.05429 2.33884 4151.45 293.967 1863.91 310.259
26.5598 63.4051 19.321 42.0112 459.21 22.2423 4585.11 393.705
628.26 1688.41 522.74 2453.74 3066.22 1070.22 525.219 301.372
512.32 349.257 2376.38 219.462 1678.96 740.132 2847.79 199.024
2.70362 3.17544 25.4073 3.45678 4.61464 302.094 3886.57 2004.84
1727.09 1206.48 1350.62 1250.47 2213.29 236.124 410.65 1660.4
180.374 209.184 337.796 707.614 2886.7 975.825 2799.76 230.41
921.282 164.557 1666.42 2672.26 3048.43 709.857 2060.93 302.563
1057.96 420.906 745.591 893.092 1319.11 1151.52 2971.29 792.299
127.304 279.788 106.918 665.351 3726.72 126.859 2845.15 305.661
899.269 665.24 306.34 771.318 2895.07 1924.16 1325.69 646.235
11.5534 470.359 65.1792 598.891 3410.97 1082.25 683.868 1245.15
517.679 1653.41 968.87 2220.12 2777.24 1345.6 1862.16 653.593
2.47656 172.533 155.485 285.787 4365.28 526.163 1020.8 2175.62
1.1458 4.05172 2.52225 7.08774 4392.46 518.017 70.5727 2266.76
76.7112 45.1621 66.1217 9.07642 188.979 261.574 3971.03 1428.73
13.0515 18.2114 20.2576 37.8776 409.29 3069.78 2251.79 2075.48
22.1349 336.613 48.0282 225.348 876.122 3908.71 3478.78 90.1321
1.10475 0.873508 8.54076 396.917 1472.06 2901.82 280.985 3257.52
0.104297 0.0243958 7.73295 8.17993 2405.52 598.18 3838.19 1109.83
648.342 1158.73 232.883 2603.7 2780.82 1052.74 1245.62 1.29017
378.977 834.465 562.227 1178.45 1846.28 1563.88 2631.95 787.952
595.145 1170.15 2004.63 2597.83 97.5076 93.0686 2681.96 692.338
94.1097 358.106 224.789 607.793 2326.69 21.4434 1910.9 1366.24
0.53359 1.97813 1.92936 14.9092 1448.9 5056.11 119.583 864.769
69.029 67.1046 85.047 2912.04 1476.74 2223.75 1343.09 979.369
107.892 276.749 79.8339 218.24 2781.78 81.9587 3546.84 414.527
16.1817 11.4333 38.8105 6.47049 14.9556 1903.94 2752.06 2628.14
343.725 272.765 937.905 584.773 3224.93 1949.47 1264.01 53.8784
0.970088 29.5836 17.299 195.267 1428.08 4890.31 98.7366 533.787
3.66562 1.12784 0.945216 4.08645 114.448 2196.41 2646.52 3053.88
184.032 1007.79 886.837 1192.96 2574.72 19.9199 2028.13 1703.73
28.4791 43.8647 25.4049 62.1651 3814.99 512.445 635.485 1299.17
