7 0.0715003
0.135811 4.46433 0.00663942 1.00352e-11 8.37218e-10 3.19987e-44 0.00083372 1.13244e-29
1.76897 3.83742e-16 4.78286e-24 5.61371e-14 1.78505e-26 1.17046e-35 2.65653e-110 4.21818
0.662174 6.37202e-39 4.17477 7.38448e-07 7.05161e-80 1.46296e-06 2.96051e-12 8.29868e-07
1.04571 2.81813e-69 4.16054e-14 5.60853e-05 3.57714e-249 5.3412e-138 2.08902e-47 3.31885
1.42348 0.00112998 2.21633e-189 1.79475e-70 0.000778868 1.02085e-45 5.34283e-68 3.55222
1.43764 3.7702 0.00698422 1.52545e-11 7.56353e-10 6.97847e-44 0.000188557 1.02306e-29
1.72584 0.000364957 4.66622e-24 5.47681e-14 1.74152e-26 1.14192e-35 0.00682345 4.11535
2.6747 3.98429e-09 1.92985e-08 1.02238e-26 2.83886e-43 3.23211 1.67833e-37 1.01865e-39
3.00424 9.73667e-17 2.94815e-96 0.760458 5.22759e-40 9.06648e-60 3.49227e-08 3.52693e-121
3.19159 1.87496e-105 0.0159398 2.86703e-80 8.93604e-50 8.85517e-59 2.8557e-22 0.0677975
3.2363 9.29396e-91 7.06684e-139 7.85407e-54 3.17653e-66 0.0279202 3.76343e-42 1.15311e-20
0.00547707 0.18004 7.83781e-97 4.55966e-13 4.25959 1.71007e-45 1.84579e-134 3.67346e-29
0.0905611 1.69935 4.60113e-24 5.40041e-14 1.71722e-26 2.88146e-35 0.00672826 4.05794
0.145165 4.77181 0.0448299 5.21746e-09 6.11751e-12 1.5107e-44 0.000680184 1.33925e-29
0.545502 1.27655e-39 3.4392 8.50083e-12 6.81163e-84 0.00335432 2.43888e-12 1.02802e-20
0.595881 5.85222e-40 3.75682 0.25886 7.45791e-84 0.000121127 3.15107e-12 0.0779636
0.614878 5.9169e-39 3.87659 6.85705e-07 2.33095e-83 1.38624e-06 0.15094 7.71165e-07
0.657167 6.45412e-40 4.14321 1.89057e-05 8.20598e-84 0.000133277 2.93812e-12 8.23594e-07
0.7544 0.00419664 0.00299937 2.14224e-12 3.9447 2.84567e-104 3.72558e-188 7.34679e-66
1.13401 6.23378e-26 3.68442e-59 8.37614e-44 3.3576e-99 5.30109e-15 7.29109e-10 3.34416
1.16563 5.11229e-81 2.00549e-47 7.75693e-06 1.67351e-27 7.45351e-76 1.39e-35 4.15256
1.7627 4.82188e-39 4.69367 2.0638e-64 0.290672 0.000423829 1.86804e-189 1.08173e-116
1.90408 1.62866e-103 2.56748 4.74976e-26 2.19886e-22 2.37102 1.58566e-39 7.17106e-39
2.01792 2.43147e-23 1.91864 8.4242e-24 5.81425e-86 7.48423e-51 7.36285e-31 3.64686
2.29994 5.36298e-17 3.67373e-06 2.1834 1.13575e-39 6.01387e-15 3.01771e-07 1.01502e-92
2.4093 2.23052e-22 4.33959e-51 1.35473e-47 4.90186e-35 2.69832 0.108756 2.26126e-29
2.59258 3.15904e-23 0.330368 1.15403e-45 4.27734 2.41414e-22 1.83114e-44 4.57925e-08
3.26365 8.86655e-93 1.07461e-78 8.32142e-53 1.09686e-67 1.06073e-101 1.81822e-26 0.937857
3.27432 5.82636e-71 1.09511e-45 2.04271e-23 0.64909 5.79512e-76 4.06354e-20 5.45811e-20
3.33341 9.06736e-68 9.5622e-34 3.66108 6.54193e-173 1.09285e-24 5.04501e-15 5.23527e-13
3.35024 1.05421 1.25991e-21 2.59704e-26 1.05902e-30 2.28633e-45 5.19626e-30 4.61423e-51
0.0380242 3.41068e-08 3.61604 5.3735e-26 2.48762e-22 2.68238 2.62091e-39 1.36947e-41
0.120595 3.96416 1.85447e-87 1.00396e-11 0.130343 4.10538e-58 2.61085e-144 6.41932e-27
0.127542 4.19251 0.00623517 9.42423e-12 2.10267e-08 3.00503e-44 0.000782957 1.28795e-29
0.134405 2.36567e-203 4.1411e-05 4.26228 5.52247e-16 2.70645e-14 5.39375e-15 1.2194e-99
0.299414 3.62542 0.00629664 1.75933e-23 1.39977e-07 3.87954e-44 0.000169994 0.00326596
0.359246 8.40683e-40 2.26492 3.73757e-09 3.78291e-34 3.76646 3.08847e-12 1.49027e-103
0.465462 0.88086 1.06382e-10 3.59411e-12 0.205871 5.19621e-138 2.03232e-47 3.22876
0.523396 1.96989e-42 4.64712 2.34893e-13 0.0349779 3.27472e-58 5.62832e-123 1.52704e-27
0.527196 1.70863e-17 3.25277e-47 0.133448 0.00578551 3.07747 3.52176e-08 3.55671e-121
0.58319 1.65064e-18 4.33866 0.00303778 3.58463e-31 1.12388e-49 9.15104e-83 6.34953e-38
0.68084 8.36041e-84 4.29245 1.51663e-05 6.91161e-07 6.59648e-88 4.18442e-17 7.17121e-94
0.769633 9.27358e-24 4.05769 2.92807e-06 2.57489e-83 5.74621e-50 1.09209e-30 6.04613e-07
1.0314 7.9295e-10 1.12687e-71 7.37914e-05 1.47305e-60 2.4354e-44 1.98975e-23 4.20146
1.03327 9.26218e-79 1.42569e-46 8.25111e-06 5.29387e-30 3.79592e-23 1.23216e-35 3.68101
1.17083 3.15531e-69 4.65833e-14 3.83318e-45 4.00513e-249 5.98025e-138 2.33897e-47 3.71594
1.22841 5.18936e-95 8.51245e-27 7.00217e-93 4.65152 8.2955e-74 5.429e-06 1.00972
1.58401 0.926078 1.2715e-26 5.28729e-103 0.259163 3.19522e-74 3.66939 6.26893e-49
1.67259 0.00151694 2.87772e-47 9.85864e-07 4.5782e-27 7.43692e-85 1.99454e-35 3.87748
2.13083 5.78897e-93 7.8516e-82 5.43305e-53 7.1614e-68 2.71504e-109 1.18712e-26 2.61447
2.28237 0.0126965 0.333099 1.29312e-18 3.27114 2.83603e-104 3.41065e-143 6.05568e-124
2.36041 2.15652e-16 1.48438e-50 1.32723e-47 4.80237e-35 2.64355 0.106548 0.917752
2.59538 0.00376157 2.37001e-63 5.30473e-26 0.128302 4.12722 6.04194e-35 3.11789e-32
2.74674 1.72055e-22 4.42435e-48 8.87257e-48 5.916e-35 2.51893 0.112047 1.47957e-29
2.7715 1.79543e-24 1.92056e-26 4.84765e-94 4.28484e-22 4.77886e-74 3.46325 6.09044e-50
2.80534 6.54146e-17 4.48101e-06 2.66318 1.38533e-39 2.11638e-46 1.72626e-26 1.23806e-92
2.82597 2.80256 2.84048e-132 4.46417e-57 4.22428e-43 2.72858e-131 1.5922e-37 1.33337e-09
3.19977 8.70385e-68 7.04941e-31 3.51431 1.35945e-13 6.03223e-142 1.74036e-14 4.67093e-14
0.0053396 0.175521 7.64108e-97 4.44521e-13 4.15267 1.66714e-45 1.79947e-134 1.57491e-10
0.0210205 1.12597e-19 9.10064e-68 4.30571 2.59528e-45 5.44915e-227 9.98727e-29 6.96496e-109
0.0481266 4.31685e-08 4.57677 6.80116e-26 2.15204e-22 1.16753 7.93644e-23 1.43672e-41
0.127941 2.25189e-203 3.94192e-05 4.05727 5.25685e-16 2.77222e-14 5.13432e-15 1.29004e-105
0.171197 3.6908e-142 7.44938e-97 4.33369e-13 4.04849 1.62532e-45 1.75432e-134 3.49141e-29
0.297956 3.60776 0.0131713 3.74281e-28 1.39296e-07 3.16055e-44 0.000169167 0.00265838
0.312664 3.81889 0.00788568 1.85311e-23 1.47439e-07 8.9898e-41 1.52224e-43 7.87802e-77
0.520232 0.172931 3.45634 1.17136e-06 2.07826e-83 1.23596e-06 0.0154444 2.15312
0.610516 7.50603e-55 3.76685e-47 3.50721e-35 0.00649502 3.45488 3.95365e-08 0.0702309
0.630343 6.19068e-40 3.97409 0.27383 7.88923e-84 0.000128132 1.02855e-23 0.0824724
0.683628 3.57045 3.90177e-132 4.07754e-57 5.76879e-35 0.0671894 3.91096e-42 1.21809e-09
0.727294 0.000160827 1.82663e-88 0.000385179 3.80288 4.65965e-109 1.33963e-141 7.08265e-66
0.938821 4.47496e-17 2.50021e-50 9.62361e-50 1.91008e-35 1.05144 0.0423782 4.37917
0.968341 2.07681 2.8233e-86 0.000669321 3.20097 1.12182e-49 1.4461e-145 2.91902
1.00478 0.00034409 1.09779e-71 0.000103085 4.07134e-32 7.53771e-45 5.12889e-40 4.09302
1.08379 3.43003e-88 0.285215 8.96951e-97 4.24365 7.56811e-74 4.95296e-06 0.285822
1.16026 9.9243e-104 1.5645 2.89428e-26 1.33989e-22 1.44479 5.56112e-22 3.55185
1.27645 3.3475 0.00620118 1.35442e-11 8.63173e-10 6.19607e-44 4.57949e-05 6.40502e-30
1.43994 3.60273e-27 1.4742e-48 2.26326 9.31986e-35 2.37918 4.29435e-42 0.691809
1.50861 4.34051 5.08818e-60 4.49874e-25 0.00236391 2.6523e-07 1.07906e-35 0.0211999
1.52362 2.88336 8.84409e-46 1.17648e-11 0.673886 1.23442 4.40187e-48 0.00557681
1.52945 1.55822e-55 7.35347e-128 0.0631612 1.76683e-60 2.21142 3.54462 3.08848e-66
1.55215 3.32891 2.37136e-47 0.00107285 3.62057 2.04247e-126 1.89456e-145 3.42881e-28
1.59134 3.01153 3.83939e-10 7.80882e-12 0.597414 3.25387e-94 4.22311e-46 6.2849e-74
1.7235 2.71827 3.15852e-96 0.814722 5.60062e-40 9.71344e-60 3.74147e-08 4.13396e-121
2.15906 1.84676e-103 2.9113 2.71715e-38 2.26385e-21 1.32721e-39 4.24534e-40 2.794e-41
2.17262 3.28412 0.0142113 1.70889e-09 0.000448778 3.2425 5.25411e-07 6.03457e-29
2.17914 1.29291e-54 3.56224e-15 3.91108 4.53965e-93 1.98331 6.72776e-38 5.42964e-173
2.62763 4.95127e-18 2.29762e-09 3.72344 6.04655e-118 1.08375e-44 9.53612e-23 1.14931e-80
2.66848 1.54057e-20 0.106562 3.68352e-46 4.37072 2.26698e-23 7.59838e-45 4.67922e-08
2.69706 1.19301e-10 0.776056 9.21188e-32 4.58154e-45 4.83918e-74 3.50697 3.67299e-62
2.71728 3.91948e-62 6.03764e-55 6.03915e-08 8.8206e-43 3.08016 8.92729e-87 2.12794
2.77864 7.55833e-68 6.12164e-31 3.006 0.0272691 5.36812e-88 3.7217e-163 6.05233e-17
2.78683 1.4471e-55 0.23649 7.36554e-56 3.59348 3.98543e-155 2.46584e-24 5.68747e-43
2.86864 3.31078e-48 1.12181 5.1982e-54 1.21675e-30 3.18284 2.77548e-77 1.17839e-42
2.95633 4.74926e-42 3.84262e-88 4.03426e-41 4.80455e-37 2.84601 4.23655e-141 3.60846e-64
3.0692 0.104144 0.0110806 4.48691e-31 2.66355 6.32145e-33 1.39911e-52 1.49963e-80
3.1673 2.67376 0.502472 1.88498e-111 1.29251e-74 7.3863e-79 1.43277e-47 5.65305e-70
3.19319 5.55018e-10 2.6202 5.71249e-20 1.15743e-29 9.5095e-65 8.08083e-34 6.6096e-43
3.25238 6.41698e-18 9.86918e-13 1.57137 6.46359e-39 6.84982e-15 1.55716e-09 1.15611e-92
0.0511264 3.67868 2.37527e-47 4.2656e-12 3.62653 0.291462 1.9007e-145 1.69822e-29
0.0582705 0.152893 1.02932e-83 0.0712964 4.22072 1.39557 1.66696e-115 2.29051e-10
0.0807566 1.51537 4.103e-24 6.01714e-13 1.53131e-26 2.5695e-35 4.81838e-32 3.61858
0.0942559 3.09834 0.00335422 2.16888e-36 1.55391e-08 1.58168 0.00134767 1.06857e-29
0.124161 4.08136 1.99787e-14 5.61451e-05 1.78289e-165 9.3852e-45 0.000762198 1.2538e-29
0.13176 4.33114 8.13742e-95 1.0969e-11 2.04554e-39 1.08367e-40 6.83236e-125 0.879337
0.186705 1.26414e-105 0.000758134 3.89391 1.06821 3.17331e-194 6.36906e-31 1.02225e-10
0.224735 4.36526 1.44685e-19 1.04966e-55 5.29727e-52 3.14156e-134 5.07096e-21 2.98463e-10
0.469276 5.23037e-115 3.0032 4.51672e-26 2.36507e-22 3.57072 3.62714e-21 0.000453598
0.474211 9.88343e-96 2.75731e-09 1.61105e-94 6.53411 5.09795e-31 1.05484e-29 1.76321e-36
0.558194 0.339592 4.52125 4.08554e-46 8.74e-120 8.36145e-23 5.51166e-45 1.10515e-15
0.653865 2.06938e-88 4.42185 0.00270331 1.11457e-80 9.13689e-10 5.83037e-06 0.291084
0.985974 1.23891 4.13786 6.58338e-26 2.08313e-22 1.60479e-43 7.44393e-23 1.34756e-41
0.998958 1.216e-64 1.02273e-48 4.4956e-09 2.51942e-43 3.20361 3.33985e-88 2.80903
1.12094 3.54758e-88 0.295098 3.55158e-94 4.38919 4.09145e-72 3.40874e-29 0.295624
1.19453 2.56192 3.48277e-86 0.000141353 3.94866 1.38386e-49 1.78388e-145 0.178626
1.20337 1.93318e-42 4.52551e-46 1.79045e-56 2.59184e-35 3.88847 4.20228e-141 1.87743e-10
1.20756 8.4401e-113 3.96693e-10 4.02151 3.21904e-147 1.95103e-86 8.37682e-23 0.734571
1.22056 5.17837e-45 8.45804e-27 6.95742e-93 4.62179 3.21758e-171 5.45915e-06 1.00327
1.3197 6.37345e-95 9.1451e-27 1.94554 0.283248 2.55949e-74 2.95891 5.20351e-50
1.39879 8.29922e-55 1.41244 3.5678 4.1412e-93 1.80923 0.00295238 4.95307e-173
1.43321 1.7384 0.022923 3.66012e-66 1.62113e-39 3.36887 4.17457e-07 1.66987e-203
1.5032 0.000317877 0.063377 2.03611e-11 7.42811e-75 9.95493e-36 0.14089 3.60331
1.72603 1.48445e-57 4.59604 3.76449e-07 0.0108492 6.63273e-05 1.45616e-32 1.12739
1.78949 9.79674e-154 2.44959e-125 2.11165e-252 3.3101 9.3132e-23 1.99678 1.25628e-56
1.84054 3.94743 3.05521e-47 0.00127219 2.61228 2.0113e-126 2.07669e-124 6.91553e-13
1.85146 1.50739e-43 4.92445 2.16558e-64 2.49216e-115 0.000443985 9.17561e-125 2.20125e-93
1.99195 0.00268064 2.45426e-86 0.462035 2.85644 1.00108e-49 1.29045e-145 2.60484
2.04154 7.7383e-23 9.28748e-05 1.41263e-22 7.14468e-66 7.91824e-229 0.426386 3.11734
2.15771 0.491422 2.98398 4.60403e-58 2.22109e-22 2.88261e-41 1.23565e-40 2.16554e-40
2.18713 2.98878 6.63205e-93 1.88138e-23 1.03494e-28 2.4109e-45 3.26979e-25 4.86564e-51
2.31957 1.17391e-18 1.39376e-09 4.16314 4.83221e-93 0.642856 8.78283e-23 5.33215e-173
2.36215 4.62263e-43 2.41836e-48 0.950538 2.17839e-79 2.25833 3.2076e-30 2.12654e-29
2.36578 5.83695e-184 4.99321e-126 9.48743e-53 5.6681e-164 1.06124e-35 4.21793 2.14933e-88
2.62165 0.742749 0.0977186 4.42922e-66 0.00030555 4.07677 5.05177e-07 2.02077e-203
2.64251 4.69549e-59 4.80662e-35 2.90227 1.27116e-05 3.71116e-25 0.00358658 6.5972e-14
2.69308 0.525468 0.000845397 2.82225 5.88283e-05 1.33668e-23 3.1649e-175 1.00663e-30
2.72442 1.1373e-94 2.2712e-26 4.92304e-26 0.33506 4.73307e-74 3.43007 0.913408
3.18248 8.85804e-22 0.0114829 1.69795e-30 2.76027 2.18336e-33 1.44991e-52 0.547265
3.35571 1.91409e-20 0.222796 8.66616e-115 6.4704e-68 1.44277e-143 2.3194 0.00838151
3.38868 5.18304e-78 1.32978e-269 7.73807e-118 1.23023e-22 1.4276e-20 4.07537e-36 7.45827e-66
0.0043126 3.91905 0.0368014 1.3142 5.29676e-12 1.51077e-59 0.000588928 1.65708e-29
0.00620308 0.203905 8.87674e-97 1.47539e-67 4.82421 1.93674e-45 1.75918e-133 4.30005e-89
0.00798934 3.89446 7.21021e-06 5.07178e-09 1.14949e-11 5.75073e-141 2.72199 1.05042e-88
0.01838 0.0251291 2.53312e-68 6.6323e-30 5.44558 2.38357e-91 1.11514e-23 9.31391e-20
0.0221959 1.59706 3.14408 0.546385 3.51767 0.372448 1.10653e-14 1.64916e-29
0.045582 0.391991 2.19961 1.73971e-05 1.92679e-99 1.26978e-88 3.80488 0.789201
0.0613653 0.565791 3.51137e-47 0.144058 0.00610762 3.32212 3.80173e-08 7.47809e-108
0.0669309 0.917217 8.87747e-81 1.95045e-15 3.88333e-75 1.1718e-109 1.21316 3.26473
0.0908947 1.70561 4.61808e-24 8.02118e-55 1.72355e-26 2.89207e-35 0.00675305 4.07289
0.118334 3.88983 3.8031e-50 1.43502e-11 7.08961e-70 0.856414 0.000743811 1.01032e-29
0.15491 3.00897 9.97314e-20 1.36024e-55 3.6514e-52 2.16547e-134 2.56935 2.70378e-10
0.294661 1.61315e-154 4.03355e-126 7.51174e-294 3.7094 5.28043e-25 1.82318 9.34303e-55
0.352515 3.47647e-107 2.0497e-09 1.91452e-94 4.85726 3.48788 3.46717e-29 1.6122e-36
0.41464 6.07117e-25 3.52646 6.63904e-07 6.94575e-84 1.77617 1.21256e-12 1.63022e-06
0.48467 0.294862 3.92572 1.92054 8.43155e-120 8.06636e-23 3.55698e-43 1.06615e-15
0.561628 0.186691 3.81171 1.29114e-06 4.75636e-83 1.36234e-06 0.648842 0.864953
0.563001 1.76663e-05 2.30108e-05 0.252681 1.58857e-65 2.39348e-229 0.011234 4.18499
0.589422 5.79215e-114 2.50075 1.09113e-07 9.06017e-37 3.68253 3.36127e-09 1.1072e-94
0.657882 0.991735 1.21842e-48 4.92432e-09 1.1551e-40 3.8166 2.48428e-77 1.08823e-49
0.7314 3.13345e-39 4.61636 3.00828e-115 0.630659 1.65901 0.254868 1.07826e-116
0.807158 0.471897 1.85747e-25 2.69422e-103 0.13206 1.81148e-74 4.29757 1.34007e-52
0.824603 0.0132329 2.13927 1.28535e-18 3.2515 1.3133e-110 8.98253e-305 6.01931e-124
0.940011 9.09427e-119 2.4462 2.56497e-21 4.89355e-31 2.09118 1.40221e-167 3.77285
0.951259 1.19529 4.23782 8.04099e-27 2.11806e-22 1.93233e-46 1.2211e-30 1.37016e-41
1.1093 4.96073e-97 2.95382 6.93688e-26 0.466929 3.32214e-79 3.79982 1.02424
1.16309 3.05178 2.05455e-82 0.000715452 2.59841 0.043578 1.56379e-115 1.92354e-09
1.2673 1.08399e-103 1.70884 3.16131e-26 1.4635e-22 0.000773077 4.87857e-22 3.11591
1.29621 3.27173e-71 1.32705e-48 1.76884e-41 2.79181e-35 4.18848 4.5265e-141 1.51635e-27
1.36283 4.06754 6.63394e-19 4.76133e-73 6.27968e-98 1.85847e-190 8.04372e-19 0.724784
1.37358 6.30921e-171 3.65341 1.99806e-63 0.226282 0.000329942 3.73971 1.10318e-118
1.41028 0.0415297 1.38455e-96 0.357138 3.12158 1.70841e-25 3.88128e-08 4.28844e-121
1.49759 1.86272 1.38603e-13 0.000763789 3.33872 5.48176e-129 8.30763e-89 3.04464
1.5147 0.0624024 4.03728e-50 8.10286e-38 1.79362e-35 2.75549e-24 7.80057e-47 4.80773
1.52166 7.97734e-06 5.22264 8.08663e-29 7.4512e-32 4.02497e-30 7.85863e-23 1.62362e-39
1.56072 2.20327e-05 1.79688e-48 2.77368e-14 1.84654e-35 2.83679e-24 1.79439e-45 4.84652
1.5711 1.69266e-169 4.14823 1.407e-06 0.00628754 0.00147607 0.0146033 2.85503
1.58872 6.00686e-05 1.56036 2.96506 4.30817e-75 0.764048 3.25072e-30 0.000305251
1.61529 7.80095e-95 4.24323e-31 1.74134 0.286172 4.04702e-87 2.98946 5.25723e-50
1.72585 3.53142e-55 2.41814 3.16473 4.69646e-92 8.87268e-10 1.20318e-35 9.9479e-228
1.84702 1.50378e-43 4.91265 4.33367e-33 0.304275 2.48262e-41 6.30343e-170 1.13235e-116
1.99611 3.77752 1.94681e-08 5.14316e-13 7.40678e-43 9.00739e-73 2.6254e-44 7.76495e-74
2.12563 1.26116e-54 1.44675e-88 3.81506 4.42819e-93 0.0588389 0.101602 4.84422e-173
2.15397 4.61965 3.57549e-47 0.787429 4.36387e-49 2.04252e-126 2.10892e-124 3.83394e-12
2.17808 3.33822 0.623331 4.09555e-39 1.0116e-85 4.77597e-138 1.4166e-94 0.721556
2.18282 0.325442 2.86008 1.07424e-14 0.794236 1.88926e-137 3.83434e-105 2.21436
2.20881 6.00829e-68 1.30575e-26 3.27078 0.0262914 6.3938e-75 3.58827e-163 5.83534e-17
2.37668 4.65106e-43 2.43323e-48 0.325092 4.36535e-73 2.12758 7.37469e-29 2.89076e-28
2.63054 0.513266 0.00690787 2.75673 0.000157439 0.00281667 4.01018e-138 1.50427e-91
2.68038 2.6168e-06 5.3422e-52 3.07508e-20 4.56358e-22 1.94226 1.21595e-145 2.5353
2.70208 4.691e-26 1.05141e-48 2.43781 1.2644e-34 1.72798e-68 4.35866e-42 0.651314
2.78508 4.71185e-75 3.23925e-34 3.05885 4.58224e-14 3.91138e-25 1.35996e-30 6.95313e-14
2.95527 8.22562e-22 4.40808e-06 1.57389 2.90402 9.48508e-34 2.51785e-27 3.16985e-106
3.13466 2.25729e-16 1.55304 5.96159e-120 0.771216 4.97047e-05 2.40287 1.07075e-168
3.26021 4.68154e-158 0.000452269 1.73942e-30 2.82767 1.51503e-105 1.48532e-52 0.560628
3.33878 0.0539842 9.93817e-48 0.00787008 1.57842e-42 1.69105e-141 2.30961 3.00207e-91
0.00303369 2.75685 3.16385 1.40716 1.43757e-22 1.58814e-59 0.000630585 3.21176e-40
0.0156934 6.19207e-20 1.59699 9.89873e-64 0.000289969 5.07933 1.86819e-22 2.84475e-116
0.0794333 5.71544 1.01643e-46 9.25607e-12 1.81313e-101 0.322495 0.0134603 1.87904e-29
0.0975825 1.62454e-34 2.05059e-45 1.97775e-132 3.11928e-175 4.55651 8.44218e-21 3.94301e-60
0.120717 5.83578e-07 1.15802 7.32008e-06 4.40875 2.77302e-48 3.42393e-29 0.296942
0.196307 0.00115458 1.24054e-97 1.31938e-73 4.64239 1.02091e-14 1.92367e-11 4.13798e-89
0.225532 5.00928 0.0284542 2.96498e-73 9.85754e-55 9.43169e-47 5.70764e-71 6.0198e-32
0.391634 0.0148873 2.27881e-09 9.12703e-95 5.40019 2.40504e-30 0.862892 3.46325e-36
0.403291 5.52612e-124 3.42994 0.121727 6.75984e-84 1.72863 6.78833e-29 1.58658e-06
0.46341 2.15431e-114 0.00215055 3.07803 2.67237e-37 1.14215e-82 3.37913e-183 3.50281
0.483473 4.15771 1.68817e-08 4.24919e-39 1.92952e-81 6.18082e-141 3.37152 5.43383e-37
0.516147 3.65231e-96 2.02545e-270 2.57447e-119 1.73669 3.17601e-170 2.1789e-36 3.52393
0.520983 0.0214634 3.87476e-48 2.78699e-38 6.16917e-36 4.23407e-81 5.5967e-49 4.88388
0.54093 2.77153 2.72585e-80 1.68467e-96 1.19239e-74 0.186691 3.73317 0.552799
0.584043 0.194142 3.96384 8.01292e-07 4.94618e-83 1.41671e-06 0.170538 0.887814
0.640261 4.27157e-24 3.95038e-47 0.162068 5.36523e-35 3.41691 4.05699e-09 7.71428e-108
0.642609 5.49658e-104 0.28432 1.21268 2.32696e-16 4.27419e-49 1.45138e-107 4.59838
0.661753 1.23776e-107 1.47419 2.18682e-11 1.60481e-21 0.128888 0.1518 3.88233
0.73638 2.78421e-05 0.675451 1.33051 8.73203e-80 3.75605 3.31433e-30 0.000331219
0.741552 8.63251e-120 4.74568 7.13735e-26 3.7373e-22 1.53706e-40 0.631872 2.5335e-05
0.746025 2.20367e-44 3.60335 1.5147e-64 0.138856 0.000598916 3.49002 1.09278e-116
0.7591 3.90552 2.78975e-21 1.0266 7.50657e-41 1.04633e-29 1.43431e-67 0.321006
0.786449 4.53016e-161 4.5404e-14 4.23902e-206 6.05136 9.29172e-47 1.66166e-29 7.29089e-49
0.821998 0.00738245 1.49738 1.78928 3.50821 1.41699e-110 9.69173e-305 6.49455e-124
0.845833 3.58856e-45 5.86134e-27 5.25325e-33 3.20285 0.00176751 3.78313e-06 2.46465
0.89918 0.525697 1.66293e-66 3.00138e-103 0.019608 3.62048e-75 4.74132 1.47844e-52
1.01003 3.19659e-88 0.265803 1.06897e-87 3.95483 1.03614e-14 3.07461e-06 0.0150585
1.02208 4.57817e-124 1.42399e-55 1.66581e-09 5.07945e-95 0.275958 0.0521478 4.42866
1.10604 0.0529998 5.39804 1.28328e-93 1.14836e-32 2.44771e-30 4.46796e-09 3.57725e-36
1.12748 1.26843e-44 3.64584e-12 6.71574e-76 4.26935 4.0973e-134 5.04286e-06 0.0727221
1.14458 2.4548 3.33715e-86 7.09551e-31 3.78356 6.09068e-52 1.70929e-145 3.45029
1.15404 0.330443 5.38753e-14 1.5791e-55 1.97736e-53 0.559727 2.77497e-19 4.20366
1.28422 3.4358 2.54177e-26 0.569025 1.6321e-100 2.0736e-126 4.63828 1.55405e-12
1.28993 1.62085 3.68754 7.54974e-27 1.98866e-22 1.81428e-46 1.1465e-30 1.94859e-41
1.31256 1.8773e-87 0.126524 1.05538e-96 4.9932 3.69258e-73 3.2263e-05 2.82265e-65
1.32402 2.36994e-81 7.51383e-50 0.787358 1.5388 4.09992e-73 5.0504e-29 3.3488
1.3353 2.31453e-114 1.65333 1.57919e-21 0.616313 1.76574 1.18399e-167 3.18571
1.35349 1.04778 5.66574e-20 4.11035e-56 4.5249 4.49166e-128 5.61247e-21 9.61965e-09
1.39193 7.51277e-115 3.64225 3.99321e-06 0.0806582 1.12308e-22 0.0128393 2.51018
1.44861 8.59479e-55 1.46274 3.69486 1.79281e-88 1.22383 1.0549e-23 4.88228e-173
1.45374 1.48109e-55 6.98949e-128 0.144715 0.753559 2.39143 3.14245 2.96902e-66
1.51455 3.60844 2.46188e-82 1.70523 2.73146e-62 1.4102 1.68443e-115 2.31453e-10
1.52897 1.05355e-41 4.0667 3.58742e-33 0.25188 3.15535e-61 3.42287e-12 9.37364e-117
1.7142 0.0895806 4.56559 1.05767e-09 0.0699899 2.41804 3.37712e-29 1.77122e-73
1.83069 9.24184e-05 1.798 2.97608 4.56539e-75 4.79519e-21 5.16275e-31 2.09475e-91
1.85725 1.50878e-43 1.82409 2.06136 4.97179e-73 1.00245e-21 4.36262e-31 5.40554e-94
1.89948 9.24538e-157 8.16529e-126 2.24145e-252 3.51356 4.21965e-27 0.385023 1.74357
1.90806 1.4756e-143 0.993929 2.15132e-09 6.66796e-200 3.53355 0.284595 8.32468e-101
1.91391 9.24313e-95 4.38245e-13 1.59802 0.300409 2.71456e-74 3.12076 5.8002e-51
1.9503 8.4639e-36 5.18735 1.90687e-09 2.67864e-211 2.71726e-30 0.000683046 6.96678e-86
2.01562 1.08936e-20 3.78848 3.06229e-107 2.27803 0.00266879 1.06993e-14 1.5946e-29
2.03207 1.55677e-110 0.160391 0.223508 2.36243e-39 0.0087214 4.70233e-22 3.00334
2.11698 2.55095e-121 1.7987e-26 2.71079 2.78913e-46 8.823e-28 2.69549 5.22044e-22
2.17715 5.09483e-39 0.18749 3.56152e-09 0.182327 3.60152 2.95322e-12 0.0133615
2.22968 1.07681e-94 1.54509e-26 1.21042 1.19435e-23 2.74231e-74 3.17027 5.5752e-50
2.26184 1.74992 2.92779e-48 5.52062e-10 2.16924e-33 2.34626 4.43029e-42 2.31126e-29
2.28622 1.35644e-54 7.22685e-43 4.10328 7.29185e-14 2.08077 7.05837e-38 3.55035e-205
2.44922 1.05094e-58 1.69722e-26 6.111e-102 5.0893 9.277e-73 0.00672495 3.12891e-51
2.59719 2.44617e-56 4.24563e-15 3.72016 3.42976e-93 5.80543e-06 6.23352e-38 5.03076e-173
2.6343 1.47516 2.40895 0.824964 0.0107156 1.76294 6.1907e-40 7.04453e-30
2.7944 3.36724e-121 7.42935e-13 2.11431 4.84885e-211 4.42412e-118 2.73474 1.63845e-22
2.8411 1.49764e-18 2.79037 0.919637 6.65456e-81 0.613392 1.10597e-51 5.1633e-08
2.90388 0.28334 6.99881e-91 4.01809 1.82016e-30 1.19153e-27 5.50166e-30 5.62854e-43
2.98175 2.6398e-18 1.79165e-09 3.2788 4.49369e-93 0.165171 8.09986e-23 5.30014e-199
2.9911 6.00147e-57 3.13823e-62 0.000713338 2.94535 1.96937 1.07552e-28 0.000292024
3.04398 8.28007e-68 2.1879e-34 3.3432 4.37392e-164 9.6509e-25 4.60697e-15 1.6059e-11
3.10904 5.89144e-19 2.04436 3.02129e-62 5.51456e-17 1.11172 4.76717e-103 1.1768
