1248 13.4376
1.00074 4.17878e-18 1.73711e-22 2.63935e-75 0.356168
0.160159 3.874e-65 1.3665e-07 1.39834 2.88408e-103
0.399396 2.46595e-64 8.32785e-06 1.35485 1.00224e-145
0.000478937 4.8233e-51 3.67608e-05 1.71453 9.20617e-108
0.000197002 2.89311e-50 2.85131e-09 2.01961 4.35779e-110
0.494309 3.03227e-57 0.868278 1.04043 1.03994e-97
0.000271224 2.43087e-59 0.00027351 1.73773 3.91565e-91
3.58421e-05 3.38838e-81 5.23845e-12 2.15118 1.97186e-52
0.542842 1.89807e-23 0.922969 1.07586e-47 4.75915e-27
0.873196 4.25129e-31 0.554171 6.29392e-32 1.09554e-29
0.945734 5.23661e-30 0.414152 3.89089e-35 7.40619e-13
0.0176279 1.21292e-25 1.06552 2.99502e-31 1.63839e-28
0.381419 5.50016e-28 1.00152 1.28582e-41 1.10922e-28
0.844647 2.51823e-25 0.612766 1.29597e-36 2.53233e-13
0.944027 8.32173e-26 0.445861 6.03397e-37 2.38715e-14
0.00236652 1.33216e-26 1.06684 1.43156e-35 4.35752e-36
2.56149e-06 2.25691e-30 1.12304 4.14332e-32 6.53087e-34
0.651098 4.36247e-13 0.900347 9.82346e-40 2.21282e-22
0.796908 3.32126e-43 8.44303e-21 2.78289e-53 0.71772
0.935908 2.22254e-47 8.77919e-26 2.53527e-48 0.541763
0.956406 3.80341e-15 0.484109 1.32189e-41 9.36479e-26
0.0790274 1.0795e-18 1.05862 3.17082e-41 4.91571e-24
0.990707 1.58554e-23 0.312783 1.33949e-41 2.58274e-22
0.655393 2.9053e-32 0.855841 3.07129e-40 8.04975e-33
0.660652 6.59893e-32 6.85037e-20 1.68434e-52 0.788408
0.78812 7.52621e-32 0.707123 9.19687e-37 5.30825e-36
0.762466 2.51459e-34 0.737112 8.94106e-40 8.51582e-19
0.65523 4.54463e-24 0.89191 1.8831e-43 1.81419e-31
0.716509 9.13252e-39 0.812167 1.65438e-32 9.32211e-31
0.27756 1.01472 9.3119e-18 9.44747e-39 1.0312e-14
0.823622 8.614e-27 0.676461 2.84542e-40 1.97319e-30
0.724554 6.95505e-30 0.810047 5.2224e-38 1.44214e-30
0.921042 1.5618e-32 0.496663 1.72257e-48 4.50974e-34
0.985927 2.43257e-33 0.339705 2.63993e-48 2.69125e-40
0.731231 1.54813e-31 0.764802 1.96435e-35 7.63446e-30
0.967582 2.54263e-19 0.438817 7.58925e-45 1.51556e-33
7.69484e-07 1.43553e-48 1.2311 4.29743e-39 1.39972e-37
0.150238 8.20185e-29 1.05442 2.65155e-41 6.88515e-25
0.78788 1.45151e-39 0.729688 2.4668e-41 2.14833e-36
5.91854e-08 9.1313e-116 1.43774 8.67269e-35 8.18042e-59
0.955525 1.66743e-18 1.23522e-22 4.05884e-51 0.417985
0.470208 2.86e-26 5.08664e-15 8.75131e-48 0.920514
0.386109 1.67063e-40 4.02941e-20 4.44289e-40 0.968767
0.425915 1.08728e-29 1.87981e-23 1.55676e-33 0.941409
0.446153 1.84571e-21 2.73061e-17 1.25083e-46 0.924758
1.00544 4.29195e-27 2.8074e-21 7.8105e-44 1.25832e-18
1.63253e-09 2.19961e-25 2.2841 2.14373e-55 5.77064e-64
1.69743e-09 2.77645e-25 2.00982 6.07478e-50 1.49505e-41
0.715462 5.45877e-25 4.50499e-17 6.68385e-40 0.744467
0.854753 1.62138e-27 2.93443e-20 8.25521e-43 0.562591
0.170113 3.12772e-28 8.81998e-19 1.1798e-41 1.02758
0.974462 6.51435e-14 0.398093 1.66829e-36 2.36842e-20
2.69771e-10 2.29193e-09 2.65239 4.93858e-216 1.54624e-122
9.90627e-10 5.62019e-09 1.83724 5.6802e-193 3.53873e-66
1.09579e-09 1.59225e-10 2.65466 0 1.41172e-118
1.43914e-08 1.96136e-08 1.44722 8.22141e-155 4.46743e-40
1.00107 1.16325e-47 2.82659e-18 3.95825e-32 0.232471
0.349983 8.76532e-38 7.98995e-18 3.35414e-36 0.982908
0.629591 1.01008e-18 2.64665e-14 4.00361e-31 0.820126
0.230114 6.78631e-37 1.01343e-17 9.38565e-37 1.02709
0.728808 2.66658e-27 9.4381e-17 4.0676e-39 0.740541
0.320147 6.08387e-47 1.25789e-19 7.95279e-40 0.984993
0.817887 1.71293e-53 8.93655e-16 6.45783e-34 0.699597
0.985402 0.241535 6.27636e-20 1.79134e-48 1.25586e-17
0.53829 0.864107 1.00146e-18 3.37526e-51 5.66998e-22
0.849916 0.57712 3.79342e-20 3.96921e-59 9.11906e-16
0.0817677 1.0375 6.93055e-26 1.65723e-60 2.46008e-18
0.0178588 1.08702 2.41138e-17 1.20981e-60 3.95028e-43
0.0694668 1.03994 1.96254e-17 5.06812e-59 3.8269e-25
0.00573735 1.10474 1.52555e-23 4.47478e-65 1.24461e-22
0.419735 0.955427 1.01691e-20 2.78415e-52 7.1761e-20
0.509748 0.905294 8.33183e-22 6.36508e-63 1.7942e-26
0.927025 0.453369 0.000993046 1.06178e-42 1.06681e-20
0.930985 0.47085 1.58788e-21 1.04347e-80 1.62219e-18
0.000545776 1.11555 1.31351e-17 2.92609e-58 2.88241e-47
0.0054173 0.996357 1.38531e-23 1.742e-65 0.666647
0.0292831 1.06807 1.97624e-17 2.94408e-80 3.51962e-42
0.0324032 1.04821 4.55784e-22 3.3165e-58 1.71186e-23
0.83851 2.86277e-106 3.40949e-22 1.9116e-32 0.696098
0.818125 5.67241e-273 1.99272e-10 1.07212e-35 0.657812
0.979801 2.38575e-143 2.10454e-13 7.00689e-40 0.325961
0.00239674 1.50543e-196 6.52515e-16 1.7135 0.0196511
0.949898 3.89633e-146 1.09042e-11 1.58408e-37 0.465694
0.73678 2.32571e-43 8.6917e-07 6.53787e-31 0.736839
0.687028 0.795459 4.18817e-17 3.14314e-46 7.43389e-18
2.07373e-06 1.25965e-20 5.5182e-22 1.50553e-52 1.19016
0.25544 3.40249e-51 5.64155e-20 1.21333e-59 1.01982
0.740328 0.781823 1.54049e-11 2.86729e-87 4.26304e-23
0.738272 0.78262 4.95816e-17 5.8525e-69 5.09209e-19
0.760261 0.699511 2.13601e-16 3.95737e-83 4.00084e-40
0.937163 0.430124 9.69987e-18 3.13413e-64 1.14251e-36
0.385287 0.971207 3.55e-16 2.98057e-152 1.05507e-24
3.84948e-08 4.39506e-172 0.012895 2.99968 2.08319e-22
0.943562 5.29075e-45 6.86881e-09 1.91415e-24 0.486275
0.246868 2.17697e-32 1.04665 2.63967e-38 3.06471e-15
0.54143 3.07579e-179 5.70189e-16 5.15834e-31 0.899555
0.649078 0.832103 2.17914e-08 2.2235e-83 6.43287e-25
0.164161 1.3286e-88 7.7328e-12 1.40377e-50 1.03106
0.821902 2.60386e-69 3.19906e-14 4.96298e-50 0.644878
0.0422659 2.20402e-22 4.10622e-15 1.46983e-58 1.04849
0.969268 0.39796 1.16998e-17 9.87565e-24 9.25701e-30
0.296774 1.81343e-37 5.77651e-20 7.40577e-27 1.00887
0.934742 0.443509 3.89565e-21 1.42346e-30 3.36042e-34
0.359489 0.978731 6.08623e-19 3.86018e-28 4.24492e-26
0.985372 1.25682e-175 4.74474e-16 5.24503e-33 0.329548
0.995882 5.63115e-77 3.21805e-12 1.40008e-35 0.325198
0.558018 3.02446e-67 0.901128 2.7993e-26 3.31463e-14
0.830379 2.11109e-30 8.28423e-16 3.74473e-44 0.687536
0.917944 7.57138e-127 4.80894e-16 6.86557e-53 0.498012
0.654777 3.52332e-113 6.17708e-21 8.30324e-45 0.798291
0.86406 0.556396 1.44097e-25 8.45855e-52 3.53543e-51
0.975553 4.78226e-176 6.76262e-20 3.66507e-50 0.359404
1.14924e-05 1.20152 8.71019e-25 6.74894e-81 2.44635e-25
0.511526 8.09933e-82 2.38371e-23 4.62029e-45 0.899668
0.860449 0.558725 4.46253e-27 3.59165e-52 6.28483e-33
0.874002 0.533805 2.14026e-21 2.10071e-46 2.88158e-35
2.94459e-06 1.21645 9.51768e-18 1.0185e-77 4.47391e-22
0.793907 0.672793 7.20082e-27 6.4981e-43 7.30873e-29
1.12206e-06 1.27701 8.17255e-44 2.08156e-87 1.38133e-31
0.952437 0.41636 1.16285e-31 9.91668e-32 2.21521e-44
0.0569448 5.73695e-149 5.18527e-22 3.38688e-37 1.05655
0.000165916 1.15163 8.91551e-32 2.90523e-248 1.20571e-37
0.0204994 2.56297e-88 8.43619e-23 1.44376e-37 1.06659
2.66681e-09 4.0458 2.78578e-08 1.44462e-93 1.70096e-112
1.11136e-08 3.68247 2.96327e-11 4.01823e-281 2.67101e-93
1.17936e-09 4.81772 2.50434e-08 0 2.96185e-49
3.52976e-09 4.10868 2.28897e-11 0 1.41164e-56
4.05704e-08 1.7288 9.80056e-34 6.28245e-49 1.74843e-159
2.07456e-05 1.51431e-128 8.96323e-20 8.05756e-25 1.10598
0.807803 1.68948e-107 1.98015e-14 1.13911 1.92966e-05
0.00563378 2.64377e-149 2.12747e-50 1.83952 9.56446e-11
4.07492e-06 8.35262e-191 2.7174e-10 2.03103 0.149772
6.12313e-06 2.3877e-188 4.50614e-18 2.046 2.55861e-05
0.0026542 5.44153e-174 3.17348e-28 1.92768 5.78361e-05
4.28422e-06 4.77766e-201 1.1229e-07 2.1546 1.27442e-16
0.0930957 3.00383e-205 0.023625 1.41502 0.000186959
0.500203 1.03883e-65 0.0185627 1.21028 2.39383e-15
1.17122e-08 3.61618e-106 1.09647e-16 3.31305 1.93714e-38
5.72806e-08 3.64961e-174 7.89524e-09 3.15937 1.35337e-29
1.27656e-07 3.76725e-244 1.19308e-07 2.1599 1.14023e-30
1.72668e-07 6.37318e-112 3.60192e-09 2.24427 3.58887e-34
0.264057 4.32478e-115 0.107491 1.32147 8.06398e-26
0.0500793 8.97135e-69 2.37394e-16 1.60285 1.65985e-81
0.015926 3.07861e-175 2.0721e-17 1.82082 3.60567e-62
0.682252 2.89519e-27 2.43673e-09 0.979009 7.92259e-38
0.516059 6.6442e-22 6.85309e-07 1.18318 4.86367e-55
0.649739 5.18075e-19 1.73029e-10 1.04217 3.55511e-47
0.625856 7.89198e-14 2.34919e-09 1.12695 3.3678e-36
0.920488 3.09272e-14 1.25794e-13 0.739625 1.05501e-49
0.309112 9.26237e-17 1.30867e-06 1.38094 9.48324e-29
0.505446 1.01212e-06 1.15367e-31 1.32001 3.35359e-38
0.864297 9.34348e-89 0.000108996 0.975523 2.22704e-61
0.939085 2.91498e-12 3.3858e-06 0.734284 7.3839e-32
0.940828 1.54739e-25 0.000239759 0.829003 2.43628e-36
0.39994 2.30349e-106 0.0620106 1.30681 9.82076e-48
0.130205 3.8049e-37 0.391013 1.33606 1.16501e-92
0.457519 2.11162e-225 1.05768e-05 1.28676 1.02511e-76
0.919643 1.56608e-93 1.6562e-30 1.2678e-31 0.554302
0.706868 6.93384e-16 5.32628e-23 2.91413e-77 0.78433
0.332116 1.02159 0.0176229 1.08465e-50 1.84739e-37
5.20216e-07 2.58698e-06 1.30862 6.1365e-65 5.88823e-64
0.000613178 0.000871869 1.11329 4.47432e-58 5.55939e-48
0.4494 1.17531e-28 0.924622 1.08981e-43 4.31678e-25
5.10058e-12 1.17073e-14 3.24942 4.9656e-49 6.57945e-141
1.11283e-10 4.34404e-13 3.23587 2.19472e-40 1.16965e-156
6.52779e-14 5.14734e-16 3.7085 1.44532e-41 3.55558e-232
1.21208e-10 3.3766e-15 3.0417 3.37749e-117 3.15904e-83
7.27709e-10 1.82215e-19 3.10846 2.73946e-88 2.71348e-128
1.4209e-10 7.57881e-09 2.7014 7.40906e-63 7.4549e-174
0.839801 9.65786e-10 0.612698 8.42445e-54 1.9558e-19
0.809267 1.65742e-32 0.679187 3.29075e-52 5.82659e-51
1.0009 1.58708e-26 1.02563e-14 8.23711e-32 0.326361
3.57342e-07 5.08722e-17 1.43006 8.564e-57 8.24391e-179
9.18279e-09 1.58363e-24 1.48752 2.77998e-40 4.15031e-81
0.0984424 1.9026e-54 7.19441e-20 1.14556e-41 1.04667
0.00199267 1.24848e-08 0.872177 5.86003e-35 0.989377
0.954553 3.03872e-32 3.11813e-19 9.90846e-49 0.470501
0.441849 1.99309e-32 3.36506e-20 9.52932e-39 0.926037
0.0232653 1.68663e-60 1.34375e-30 4.62705e-31 1.06488
0.00346069 4.79496e-33 3.30209e-17 4.59568e-32 1.07069
0.00171714 6.91152e-41 7.29522e-13 1.79261e-21 1.10388
0.973577 3.83017e-39 3.00029e-21 1.98046e-44 0.374579
0.944363 6.95408e-44 1.01429e-16 5.29069e-31 0.473603
0.843274 6.2406e-41 1.88952e-23 7.12246e-55 0.678533
0.968152 1.75963e-43 7.70176e-17 5.60499e-48 0.38943
0.954726 6.38758e-71 2.1798e-12 1.71049e-70 0.411292
0.562258 3.00981e-63 1.24597e-35 2.20818e-26 0.890818
0.0174442 1.09704 4.91741e-16 4.38669e-49 1.24238e-31
0.563845 1.63317e-52 1.49684e-18 1.24748e-68 0.860712
0.000280409 7.29327e-55 1.05641 4.81613e-128 0.838475
0.000743651 4.01629e-70 2.08811e-09 6.48712e-91 1.09461
0.280803 1.095e-54 1.03635 1.53553e-123 0.249361
0.00331778 1.95704e-92 6.97493e-10 2.67808e-264 1.08879
0.000292153 2.93309e-76 1.62749e-09 1.95194e-90 1.09465
0.9419 1.48487e-35 2.12104e-19 4.43631e-39 0.495331
0.817272 7.36678e-60 2.50002e-26 1.62896e-49 0.714585
0.915206 0.000524962 2.21306e-17 2.87274e-41 0.559452
0.0623131 7.97938e-86 1.08566e-71 1.3238 1.05319
0.561341 1.04413e-41 1.66977e-23 1.20036 2.78738e-103
0.0133318 9.33736e-06 0.819301 1.30958e-50 1.03114
0.263813 7.42572e-39 0.983916 2.957e-38 0.922346
4.81972e-12 0.000231199 2.50033 4.47882e-33 1.06471e-37
1.5775e-13 0.000192252 2.78338 5.02848e-31 4.28986e-62
0.0314651 1.04529 0.732842 9.72123e-55 9.13555e-29
9.54891e-05 0.796111 1.04184 5.5734e-60 3.57447e-69
0.0401231 0.922565 1.00623 4.21414e-42 1.71401e-10
8.06856e-17 6.98463e-128 4.01252e-58 1.69871e-34 1.3177
0.311328 7.19301e-48 0.99012 0.802248 0.145762
0.852432 4.30368e-29 0.044888 0.798436 0.00038973
0.754691 6.44245e-26 0.695852 0.745963 0.000253847
0.191577 2.72267e-49 0.766353 1.19864 0.00022722
0.992229 8.98441e-193 0.000437887 0.642422 1.19051e-12
0.0350891 2.35313e-46 0.140956 1.46132 1.49527e-19
0.200458 6.21908e-48 0.380264 1.20438 1.65575e-14
0.0164945 7.04564e-56 4.27367e-07 1.47485 1.51566e-24
0.553646 3.19826e-31 0.922889 1.80872e-28 9.33228e-15
0.528643 0.760183 0.833462 9.57313e-23 2.39372e-19
0.0239958 0.797971 1.00791 2.06572e-16 7.31665e-17
0.0609946 1.68086e-47 0.943542 2.33632e-11 0.90761
0.00119945 5.64985e-30 0.552828 1.5989 9.08228e-24
6.84832e-07 6.95167e-33 0.0144702 2.08419 7.39587e-08
0.125072 4.13747e-22 0.000279192 1.27447 1.2228e-06
0.0121148 3.87713e-09 0.66508 1.57057 3.23297e-23
0.0355843 1.63247e-95 6.67741e-24 1.53529 0.486439
0.222552 4.77444e-16 0.920411 1.17179e-25 0.669309
0.171085 1.24907e-63 1.9296e-32 1.35052 6.0894e-12
0.0182494 3.9746e-80 2.17967e-48 1.60607 3.95817e-05
0.885344 2.27164e-66 1.93824e-26 0.890675 1.12042e-08
0.0614981 2.38892e-94 1.54664e-75 1.73716 1.14194e-20
0.0114596 4.57026e-106 3.87456e-60 1.90639 3.6113e-30
0.0753734 4.40767e-35 6.9644e-31 1.47455 0.00026428
0.00123993 2.21564e-65 1.63154e-51 2.24364 8.63395e-77
0.00322195 9.6716e-23 3.22549e-42 2.01752 3.8611e-47
0.0629239 1.76474e-20 8.55242e-63 1.54707 2.46986e-11
0.885136 1.44307e-46 5.7545e-29 1.15885 7.81463e-27
0.458026 1.99705e-20 4.22816e-26 1.33108 4.73921e-46
0.0417409 3.8517e-24 1.70987e-10 1.72643 5.92553e-19
0.0777156 1.53446e-29 1.41278e-60 1.41767 1.23521e-27
0.344888 9.35661e-23 9.26106e-57 1.36169 4.48382e-61
0.0100163 8.70017e-21 7.79944e-14 1.54111 3.05857e-14
0.00131635 2.24621e-42 1.89388e-20 2.1869 2.13786e-16
3.3094e-05 8.4484e-86 6.61217e-37 2.53421 8.31623e-18
0.0540189 8.47933e-33 3.77735e-21 1.67913 1.37966e-07
0.000848932 3.97184e-13 2.09636e-13 1.80099 4.37564e-80
0.0410531 2.92686e-197 2.82728e-41 1.81486 3.25172e-08
1.95817e-11 9.38096e-68 8.17593e-25 9.25757e-40 1.26447
6.98247e-11 1.19588e-176 5.33661e-42 5.14304e-26 1.2002
