1414 53.4987
1 1 1 1 0.867795 0.732233 0.603028 14.3556
1 1 1 0.760229 1 0.750248 0.772099 14.2085
1 1 0.824949 1 0.942592 0.5 1 15.3556
1 0.94578 0.614457 1 0.570883 1 0.875474 15.1703
0.792609 1 1 0.884255 1 0.835844 1 9.01397
0 0 0 0 0 0 0 39.9615
0.154674 0.053904 0.957202 0.173647 0.0136499 0.238967 0.691089 34.1814
0.661728 0.754885 0.701935 0.941648 0.94373 0.850301 0.904439 11.7607
0.860798 0.972795 0.216075 0.441085 0.105267 0.0126404 0.0830206 38.2518
0.114184 0.88292 0.260259 0.192611 0.37213 0.49821 0.657934 32.7171
0.803374 0.839488 0.563403 0.0131272 0.505255 0.494373 0.963339 27.3343
0.905736 0.772972 0.840916 0.993783 0.859985 0.885588 0.927937 10.2036
0.518461 0.29105 0.177338 0.219783 0.0963777 0.320489 0.439084 39.227
0.321103 0.217972 0.221536 0.231407 0.493439 0.768072 0.294691 34.1235
0.00959404 0.121602 0.096443 0.680947 0.0458993 0.821127 0.532151 34.8382
0.102405 0.151033 0.0639266 0.329027 0.609753 0.336864 0.482038 39.013
0.0207722 0.133189 0 0.305725 0.522074 0.900521 0.168236 37.6726
0.469245 0.613925 0.145065 0.488134 0.763675 0.404141 0.283896 30.6533
0.00996293 0.0737757 0.805645 0.253215 0.0587022 0.379774 0.0786528 35.8561
0.0909145 0.244002 0.303237 0.199688 0.736373 0.223238 0.181621 35.2884
0.74209 0.0944592 0.0532884 0.982799 0.727405 0.877176 0.319257 30.9465
0.0799901 0.457438 0.453953 0.654034 0.614317 0.115333 0.232046 34.2328
0.375076 0.380946 0.0283397 0.856025 0.33233 0.928815 0.594521 31.1078
0.24554 0.476436 0.326626 0.525378 0.0633083 0.516957 0.469137 38.6152
0.157136 0.118926 0.415521 0.121599 0.575516 0.362078 0 39.3669
0.653538 0.590462 0.454791 0.397607 0.776163 0.231063 0.25548 30.8555
0.0582335 0.308059 0.129672 0.672922 0.690327 0.367608 0.210454 29.6183
0.385493 0.321498 0.552387 0.243814 0.219778 0.173238 0.121578 33.9536
0.421791 0.788872 0.362173 0.308999 0.0833174 0.589781 0.608955 28.7447
0.852283 0.647933 0.680076 0.827578 0.917507 0.954115 0.886384 11.0607
0.171038 0.758512 0.73608 0.752763 0.893783 0.533792 0.394563 22.0471
0.149714 0.853457 0.795731 0.866611 0.84651 0.685155 0.735665 13.8774
0.0183791 0.601222 0.818023 0.110051 0.937845 0.0979541 0.419604 25.3265
0.19104 0.903204 0.897886 0.278228 0.167155 0.574855 0.840399 22.2507
0.620098 0.71211 0.932572 0.775632 0.648193 0.6389 0.520086 21.0729
0.379632 0.871157 0.871024 0.812754 0.796648 0.806644 0.861076 9.71065
0.876252 0.926492 0.626612 0.123555 0.0409049 0.269755 0.503716 24.8334
0.971338 0.930008 0.588745 0.961243 0.555272 0.938406 0.914223 15.0135
0.800572 0.502815 0.612364 0.180096 0.799835 0.354132 0.254073 32.3019
1 0.668987 0.858903 0.991019 0.851541 0.814432 0.880322 9.11823
0.52756 0.672457 0.17112 0.822189 0.00421616 0.346793 0.413031 29.2752
0.43789 0.749607 0.756372 0.773639 0.83863 0.752582 0.827198 14.4057
0.413947 0.633189 0.291237 0.562242 0.120002 0.296963 0.500549 29.4239
0.561873 0.256486 0.268112 0.896107 0.0539122 0.495335 0.729495 29.7027
0.869296 0.314346 0.5 0.556833 0.0888323 0.318558 0.628214 32.0014
0.315215 0.530709 0.777696 0.014455 0.993834 0.523694 0.106351 31.2912
0.215287 0.595006 0.0404976 0.0364985 1 0.0669309 0.187838 30.5359
0.027681 0.571147 0.734914 0.720085 0.214597 0.071752 0.807376 28.9729
0.539326 0.561544 0.997788 0.973165 0.960592 0.856957 0.969214 13.4426
0.886377 0.872098 0.183201 0.0191796 0.20744 0.0640447 0.0395068 31.2691
0.394997 0.340583 0.464262 0.874272 0.475232 0.34497 0.189826 36.8399
0.84872 0.739829 0.759343 0.454628 0.681141 0.437396 0.783344 18.8842
0.226676 0.605742 0.257727 0.46299 0.802751 0.0471467 0.358826 27.8543
0.440495 0.51373 0.140436 0.414572 0.283913 0.45697 0.701423 32.6545
0.268313 0.139559 0.426755 0.321318 0.83741 0.289518 0.20506 31.1824
0.887861 0.684394 0.929645 0.971249 0.564981 0.825853 0.190283 18.9277
0.283312 0.960768 0.142975 0.263377 0.47357 0.741104 0.796202 30.7953
0.185921 0.963515 0.267946 0.944766 0.17926 0.200984 0.974318 25.389
0.0691546 0.609918 0.893596 0.748992 0.870796 0.411977 0.996575 17.4058
0.308373 0.296464 0.127279 0.250024 0 0.0258835 0.471279 34.5195
0.570848 0.616793 0.935441 0.20512 0.667978 0.77532 0.918964 21.5335
0.0796972 0.0901726 0.559229 0.224007 0.677669 0.552254 0.172563 32.5881
0.747599 0.901186 0.460474 0.729304 0.583524 0.757257 0.932587 19.014
0.553442 0.443875 0.949673 0.721451 0.692563 0.993383 0.874525 18.2253
0.775288 0.351046 1 0.0557909 0.4682 0.414266 0.394491 31.7809
0.0141626 0.0690452 0.505753 0.0846776 0.171836 0.402751 0.648944 33.9439
0.525039 0.0237647 0.0884792 0.129641 0.410386 0.342155 0.0524476 36.5301
0.899048 0.851071 0.69857 0.767566 0.905164 0.737486 0.798748 9.53072
0.786212 0.383844 0.916532 0.933847 0.908271 0.860775 0.541194 13.6088
0.354601 0.45451 0.0594175 0.361095 0.264754 0.136788 0.442369 35.6352
0.244712 0.630033 0.821814 0.922454 0.30838 0.963827 0.368377 19.8029
0.241618 0.962385 0.297835 0.357369 0.428454 0.90697 0.565826 29.9308
0.874301 0.708495 0.812656 0.948939 0.947598 0.872354 0.591676 18.3903
0.811054 0.665904 0.685802 0.382225 0.151336 0.169295 0.198951 33.4092
0.0539471 0.365047 0.437555 0.997353 0.238655 0.83191 0.496949 30.2261
0.420794 0.192302 0.571593 0.209009 1 0.314801 0.403009 29.6831
0.416121 0.335442 0.25065 0.986308 0.792072 0.128736 0.901171 26.408
0.500909 0.286523 0.188462 0.46114 0.95975 0.557381 0.665044 27.2581
0.269376 0.344274 0.241398 0.165691 0.177086 0.380428 0.686616 36.682
0.613444 0.34941 0.908413 0.535573 0.324183 0.50806 0.670756 25.5192
0.428883 0 0.468326 0.106327 0.257002 0.0380713 0.0893978 38.047
0.771144 1 0.511335 0.878812 0.138661 0.38846 0.71536 19.5824
0.462571 0.108577 0.513464 0.199305 0 0.275687 0.0718011 36.6783
0.934378 0.0853365 0.373879 0.112919 0.434781 0.216445 0.445186 33.3975
0.640741 0.38524 0.274571 0.401227 0.0742733 0.172984 0.0329563 36.2837
0.140562 0.982001 0.0997444 0.482741 0.209637 1 0.527111 30.8052
0.464293 0.821097 0.780699 0.440411 0.992693 0.749131 0.612972 19.9407
1 0.564677 0.967738 0.351903 0.381476 0.13119 0.431457 25.1752
0.703363 0.844924 0.822153 0.878873 0.836061 0.689274 0.898629 12.4905
0.696936 0.64393 0.0818827 0.624399 0.15999 0.152551 0.7627 33.1663
0.111397 0.819917 0.965117 0.101406 0.669216 0.39864 0.289732 31.653
0.616535 0.114883 0.671464 0.388978 0.278958 0.31722 0.15361 33.3275
0.902679 0.948736 0.609788 0.90669 0.6657 0.971033 0.713425 16.8038
0.815801 0.514377 0.954121 0.834841 0.779914 0.96303 0.562087 18.3739
0.369434 0.411994 0.858288 0.141079 0.388391 0.263877 0.310292 33.685
0.143599 0.16984 0.715653 0.335824 0.579561 0.394358 0.176463 33.371
0.146451 0.625238 0.76667 0.725589 0.986494 0.512154 0.849136 18.0364
0.601959 0.550319 0.5 0.129399 0.32708 0 0.337028 39.5958
0.906663 0.774547 0.679148 0.91742 0.732495 0.716225 0.913013 15.9984
0.575936 0.670594 0.311567 0.473053 0.113321 0.668571 0.582578 27.7668
0.392697 0.408841 0.642606 0.285659 0.269561 0 0.202985 29.9858
0.786818 0.645801 0.528317 0.755532 0.988917 0.943812 0.734771 14.5917
0.963972 0.0829316 0.915526 0.889978 0.42355 0.021741 0.11817 33.8784
0.0295683 0.342958 0.148661 0.580077 0.491248 0.0909962 0.534984 32.5513
0.418893 0.5 0.578101 0.665408 0.378861 0.642892 0.00946138 27.0999
0.883979 0.756546 0.996344 0.6939 0.511857 0.234836 0.11422 25.8015
0.290683 0.276569 0.323339 0.0709065 0.157669 0.499034 0.0760337 37.9268
0.247157 0.886065 0.225981 0.467829 0.590198 1 0.523406 34.4474
0.00468441 0.185815 0 0.741863 0.318071 0.811413 0.90988 29.104
0.147129 0.529682 0 0.0983352 0.525753 0.274778 0.386552 37.3262
0.512638 1 0.368209 0.303491 0.641709 0.301125 0.0132792 28.5342
0.220987 0.544189 0.795591 0.338632 0.957409 0.160543 0.197329 36.2039
0.5 0.0122469 0.977599 0.395904 0.421006 0.532216 0.615415 31.0222
0.380362 0.0434571 0.398591 0.348058 0.848171 0.39951 0.35091 35.0379
0.288308 0.285839 0.888084 0.312948 0.131444 0.761793 0.737452 27.689
0.0610605 0.656861 0.51402 0.130737 0.232706 0.139991 0.0932642 31.5585
0.736985 0.69558 0.269601 0.947455 0.726918 0.756629 0.754105 18.7931
0.53298 0.731059 0.274924 0.420445 0.832309 0.368554 0.179996 31.5354
0.560453 0.0580557 0.527808 0.605139 0.763281 0.6061 0.825591 21.7842
0.209975 0.354281 0.332015 0.245464 0.5 0.142704 0.30354 31.777
0.385266 0.889628 0.888435 0.966751 1 0.889454 0.621781 14.7455
0.673332 0.229586 0.49342 1 0.482819 0.796518 0.263654 27.8798
0.27931 0.833796 1 0.608989 0.585564 0.870773 0.855831 13.6546
0.297411 0.140857 0.0737179 0.380696 0.911874 0.391922 0.153106 36.2338
0.992985 0.211987 0.471546 0.985426 0.112617 0.262188 0.894545 31.1348
0.0040017 0.563938 0.597911 0.597413 0.124928 0.450558 0.771068 30.3721
0.410054 0.132972 0.661725 0.533088 0.708398 0.371345 0.236084 34.2547
0.488276 0.518089 0.763439 0.671357 0.5 0.700828 0.92384 25.9681
0.89475 0.742384 0.901737 0.817981 0.865716 0.629873 0.747774 11.4798
0.627824 0.950428 0.837077 0.259544 0.115024 0.512481 0.455234 31.904
0.922401 0.95214 0.501999 0.927135 0.428536 0.462358 0.958972 19.3706
0.557396 0.44181 0.31641 0.35281 0.939525 0.80418 0.508951 26.2445
0.347818 0.907175 0.386982 0.746129 0.326062 0.376544 0.630054 29.3875
0.753311 0.700914 0.919376 0.997036 0.816325 0.96745 0.837099 12.0588
0.112002 0.347646 0.391799 0.297161 0.313148 0.40803 0.0225161 28.4298
0.305 0.230035 0.0570932 0.728446 0.2469 0.667692 0.510373 36.9892
0.224435 0.24055 0.615591 0.592851 0.18492 0.746195 0.339245 28.1877
0.0634044 0.0379897 0.845149 0.364647 0.227397 0.853698 0.185969 33.7697
0.548231 0.222706 0.531422 0.926675 0.451249 0.778344 0.0197035 25.3412
0.828657 0.910699 1 0.429091 0.870016 0.793272 0.0616143 17.949
0.610507 0.814427 0.656619 0.00638563 0.728499 0.892383 0.5 24.1085
0.175994 0.180945 0.477491 0.524181 0.844683 0.433037 0.820772 33.2578
0.719922 0.990007 0.429516 0.842554 0.0936143 0.757749 0.590552 17.1865
0.915198 0.202189 0.42426 0.518458 0.0427563 0 0.721317 31.9463
0.682211 0.996341 0.584025 0.450398 0.676215 0.418656 0.525603 19.5406
0.507648 0.924531 0.521782 0.668606 0.55741 0.827837 0.652704 21.5188
0.951961 0.124327 0.350393 0.656719 0.619811 0.0821751 0.106662 35.0338
0.864871 0.63784 1 0.846529 0.75395 0.987078 0.704585 16.8964
0.115613 0.23025 0.167557 0.073413 0.102148 0.0192947 0.0871676 37.3033
0.945194 0.860402 0.77387 0.730748 0.765691 1 0.822876 12.1731
0.961425 0.744871 0.769795 0.938933 0.594115 0.75397 0.562225 17.622
0.783518 0.693756 0.709391 0.907712 0.0982283 0.484924 0.375321 20.4572
0.776629 0.702947 0.946555 0.686747 0.87046 0.579293 0.66353 15.2947
0.332713 0.957309 0.569113 0.998974 0.802647 0.790329 0.431023 17.3247
0.0513649 0.538568 0.930013 0.586009 0.0237925 0.782101 0.851898 19.9658
0.756069 0.245583 0.286517 0.0442149 0.627212 0.538807 0.331814 35.3882
0.5 0.329241 0.853189 0.292414 0.429642 0.465889 0.477968 21.6153
0.641967 0.796258 0.491137 0.145749 0.926498 0.917563 0.552349 29.1608
0.590831 0.483686 0.403866 0.114062 0.848801 0.0853866 0.431745 33.0219
0.0398637 0.29844 0.282744 0.5 0.0786713 0.83061 0 38.8908
0.912128 0.316309 0.762104 0.824615 0.424847 0.544721 1 18.6278
0.718648 0.267817 0.2653 0.0986007 0.706207 0.506562 0.991784 29.0241
0.679335 0.895887 0.771858 0.145095 0.744564 0.323636 0.936048 26.7454
0.271338 0.811963 0.91029 1 0.0205787 0.989842 0.0686845 23.0028
0.211505 0.00742787 0.208833 0.0309778 0.366951 0.371916 0.0500798 36.7807
0.26402 0.225313 0.0924305 0.137453 0.855112 0.103609 0.193056 37.4553
0.198281 0.159885 0.725891 0.22199 0.600913 0.895093 0.324152 32.6504
0.161464 0.00340003 0 0.133173 0.213856 0.922033 0.0558932 39.3371
0.496908 0.875603 0.39687 0.345377 0.973166 0.310701 0.266521 29.7656
0.126021 0.792313 0.545897 0.611825 0.117695 0.974284 0.162539 27.4657
0.89237 1 0.750262 0.960767 0.968898 0.938227 0.843435 12.6047
0.372498 0.223891 0.558637 0.179542 0.859459 0 0.273011 38.5402
0.592071 0.82228 0.715978 0.466478 0.66059 0.600955 0.719233 21.956
0.808332 0.597434 0.380769 0.831559 0.407688 0.621497 0.366705 29.617
0.771944 0.0490393 0.134612 0.234939 0.299902 0.591873 0.746221 23.4333
0.862301 0.809378 0.590147 0.918327 0.88109 0.765862 0.932347 11.2207
0.105488 0.842776 0.743393 0.964158 0.712479 0.932745 0.945861 16.1221
0.292316 0.237996 0.985345 0.841791 0.980889 0.249898 0.853799 23.7298
0.700899 0.954625 0.583178 0.993064 0.953549 1 0.681395 15.2335
0.637125 0.179083 0.596041 0.26659 0.998753 0.678472 0.968344 22.0747
1 0.39502 0.752882 0.0617132 0.336163 0.93839 0.958638 36.8868
0.542529 0.962534 0.564769 0.384006 0.0345979 0.629496 0.313799 34.6745
0.422401 0.753708 0.677344 0.522886 0.928536 0.962358 0.458972 23.289
0.5987 0.624517 0.604577 0.422212 0.706075 0.93135 0.817608 27.0252
0.952576 0.264123 0.557064 0.703687 0.32004 0.979635 0.155692 33.9887
0.660703 0.370813 0.634406 0.834257 0.874841 0.670765 0.803261 14.7106
0.847518 0.594774 0.941173 0.2935 0.78335 0.260614 0.956682 24.7244
0.765787 0.74158 0.832812 0.775723 0.416179 0.945921 0.826604 15.4215
0.658067 0.209515 0.925774 0.781452 0.297102 0.71351 0.440084 31.7375
0.161569 0.777985 0.405454 0.181688 0.20356 0.20385 0.245912 33.8186
0 0.569145 0.393071 0.951347 0.488331 0.882497 0.808015 25.6096
0.532651 0.294977 0.337593 0.809217 0.662399 0.5 0.772722 29.9853
0.0382584 0.486923 0.992584 0.909089 0.867325 0.904919 0.939877 18.3046
0.23479 0.266596 0.912612 0 0.237025 0.280984 0.0906434 36.3366
0.191627 0.533721 0.384887 0.5 0.263035 0.42556 0.738975 25.0449
0.758481 0.41365 0.742528 0.37693 0.840152 0.743318 0.717247 22.5696
0.222718 0.658581 0 0.735599 0.468661 0.481817 0.757563 23.9021
0.711505 0.507428 0.365302 0.530978 0.250508 0.871916 0.414531 23.1583
0.833828 0.651902 0.740417 0.556017 0.531736 0.851915 0.0366782 24.0345
0.986179 0.666851 0.910326 1 0.7589 0.772785 0.801099 10.8702
0.77328 0.317195 0.159563 1 0.107732 0.451383 1 22.6318
0.426002 0.675359 0.354729 0.707867 0.637518 0.546072 0.143248 33.8984
0.0481258 0.528121 0.901414 0.287332 0.715664 0.357193 0.522823 23.8235
0.724145 0.491431 0.489107 0.43132 0.254481 0.526236 0.10072 31.3521
0.045023 0.342021 0.424831 0.853708 0.292199 0.0499474 0.821138 29.3012
0.897124 0.428501 0.0208856 0.127741 0.518765 0.261602 0.906153 33.4962
0.93068 0.952526 0.522617 0.662205 0.782106 0.032541 0.183545 25.5462
0.10707 0.400793 0.230944 0.6971 0.115867 0.781916 0.215129 29.8108
0.251929 0.180578 0.290582 0.0868874 0.395673 0.0356361 0.240565 34.7858
0.924874 0.721635 0.870558 0.786788 0.966379 0.661784 1 13.0989
0.223569 0.0740106 0.807076 0.47216 0.0630964 0.257778 0.347412 37.2574
0.340625 0.643535 0.0620892 0.830083 0.825897 0.292177 0.895571 26.794
0.86726 0.685952 0.246182 0.715589 0.750157 0.576652 0.787412 21.4375
0.0723779 0.699853 0.877563 0.904266 0.812672 0.868192 0.259241 23.9607
0.493787 0.131922 0.623732 0.737698 0.511818 0.879685 0.43649 31.7354
0.157676 0.57734 0.206331 1 0.921366 0.905617 0.385889 24.1534
0.580978 0 0.458189 0.272898 0.433978 0.118616 0.282241 38.9226
0.994731 0.762731 0.488346 0.56575 0.782523 0.247994 0.802504 16.2184
0.203141 0.860297 0.855129 0.77647 0.834168 0.91773 0.74801 9.33824
0.841188 1 0.817974 0.784741 0.254525 0.956753 0.98029 15.1015
0.078555 0.673552 0.241061 0.0833301 0.0369291 0.469864 0.092627 35.1907
0.67779 0.708084 0.973278 0 0.604023 0.333285 0.783254 28.0119
0.454624 0.837616 0.545214 0.271539 0.552329 0.202979 0.599504 23.5913
0.386677 1 0.666637 0.543501 0.165087 0.123744 0.0183201 35.9694
0.279307 0.44428 0.96348 0.821378 0.557616 0.864949 0.790899 16.2977
0.0237479 0.686795 0.5 0.0952656 0.788793 0.490656 0.261062 34.9841
0.755256 0.903662 0.864308 0.858422 0.737701 1 0.447473 12.9139
0.121559 0.711401 0.974613 0.854967 0.587678 0.609905 1 20.6122
0.646783 0.272995 0.515713 0.264219 1 0.447371 0.141206 32.9054
0 0.280672 0.0113458 0.780917 0.597256 0.56839 0.270113 37.8463
0.546176 0.456877 0.185755 0.42603 0.860907 0.359724 0.128218 32.6675
0.294845 0.452615 0.229918 0.18728 0.983844 0.184075 0.761163 35.0272
0.826716 0.144846 0.56117 0.333248 0.0285108 0.318791 0.5 32.4703
0.445555 0.798514 0.860365 0.615929 0.0299509 0.310394 0.137229 28.1534
0.989104 0.489194 0.156235 0.547174 0.700462 0.446251 0.623712 29.7221
0.166029 0.805044 0.854946 0.904942 0.934006 0.948967 0.630762 12.8068
0.691686 0.0662703 0.171701 0.433636 0.208872 0.591833 0.28865 37.7093
0.823708 0.99218 0.763584 0.963123 0.941836 0.846257 1 10.6665
0.838164 0.377302 0.993817 0.813536 0.887854 0.445659 1 16.5555
0.923207 0.736293 0.946013 0.887565 0.696932 0.301892 0.603945 19.7349
0.629322 1 0.719723 0.551147 0.0333749 0.157578 0.298945 29.368
0.0282842 0.15634 0.637125 0.444535 0.48541 0.846833 0.407184 36.0284
0.456857 0.234643 1 0.299199 0.181363 0.533942 0.491909 35.7047
0.91968 0.64539 0.879957 0.660027 0.498383 0.425953 0.606661 24.5454
0.0579588 0.45026 0.136179 0.374272 0.143315 0.84497 0.145078 35.9799
0.821921 0.472481 0.484252 0.562028 0.547068 0.308359 0.5 28.519
0.761729 0.276315 0.576764 0.560681 0.755224 0.608374 0.954225 23.8657
0.5 0.251653 0.598983 0.665901 0.891183 0.995428 0.5 26.4026
0.593481 0.372098 0.683201 0.51918 0.70744 0.0863798 0.539507 33.5822
0.594435 0.16711 0 0.802937 0.0487008 0.102875 0.951959 25.2707
0.449134 0.545211 0.718261 0.00424252 0.529576 0 0.573021 36.1159
0.26236 0.879312 0.641283 0.935418 0 0.677293 0.451376 31.6859
0.704969 0.89234 0.732864 0.506153 0.776051 0.642165 0.5 15.0015
0.684314 0.857598 0.35917 0.528644 0.946918 1 0.150057 23.4222
0.979194 0.729515 0.397969 0.754206 0 0.712116 0.64835 20.9695
0.845149 0.830255 0.905214 0.90038 0.948564 0.696381 0.906127 10.8885
0.0880882 0.302228 0.5 0.0844771 0.5 0.995958 0.374078 36.7603
0.666262 0.138007 0.660481 0.448732 0.444799 0.290102 0.567266 33.5356
0.0226803 0.021663 0.164207 0.799585 0.972287 0.488761 0.455593 35.6659
0.20061 0.482705 0.0919175 0.621636 0.417606 0.222295 0.530138 38.4453
0.789203 0.0293822 0.986613 0.855039 0.885741 0.419521 0.890155 20.294
0.995074 0.332637 0.81182 0.763273 0.853191 0.787405 0.940499 15.8935
0.73512 0.5 0.674666 0.771234 0.655651 0.663517 0.756395 22.3638
0.448786 0.426631 0.70462 0.658093 0.528467 0.613303 0.718561 26.4865
0.51731 0.0970656 0.00771604 0.78272 0.513838 0.1349 0.675634 31.4261
0.203717 1 0.254771 0.917335 0.271934 0.293575 0.703726 29.4009
0.40498 0.584052 0.689633 0.216339 1 0.682208 0.430492 27.5642
0.28791 0.803813 1 0.493058 0.629841 0.211524 0.818413 25.7086
0.133404 0.0344655 0.0339433 0.203453 0.283981 0.647128 0.329601 36.5374
1 0.360048 0.5 0.830589 0.5 0.122337 0.14519 30.3582
0.846331 0.900598 0.64564 0.797663 1 0.685504 0.736409 13.3076
0.587991 0.464218 0.371767 0.285368 0.642151 0.42016 0.28783 34.1254
0.739957 0.805547 0.113905 0.995363 0.951923 0.459753 0.53794 26.6569
0.919774 0.955166 0.0207497 0.84623 0.934736 0.185995 0.985623 24.3657
0.795526 0.702388 0.910027 1 0.924239 0.972753 0.857078 12.3428
0.858236 0.334185 0.753279 0.807412 0.40127 0.478764 0.787049 28.4084
0.256762 0.72667 0.799145 0.568867 0.5 0.788795 0.46151 19.3224
0.706939 0.938517 0.474637 0.988208 1 0.948917 1 14.8487
0.217552 0.83099 0.823589 0.586052 0.807503 1 0.436777 20.436
0.703209 1 0.617388 0.870532 0.694882 0.631944 0.988168 18.7031
0.278678 0.859996 0.321379 0.319704 0.447116 0.146173 0.636869 31.0311
0.658046 0.165914 0.123032 0.538642 0.65219 0.692263 0.546089 26.8852
0.842083 0.0320026 0.532846 0.207346 0.979044 0.339119 0.846867 29.4232
0.160088 0.785971 0.884787 0.93691 0.829148 0.898743 0.178719 21.4753
0.6492 0.365859 0.880334 0.0794082 0.465557 0.507997 0.504398 32.0883
0.709888 0.0242145 0.542395 0.540954 0.746468 0.625367 0.846097 26.0763
0.609065 0.215299 0.409146 0.479325 0.140825 0.113719 0.678011 34.6485
0.0363256 0.557355 0.527442 0.51733 0.796036 0.880693 0.838184 23.7492
0.306834 0.430325 0.69743 0.125758 0.101542 0.62414 0.754667 38.2263
0.259661 0.245563 0.194702 0.314866 0.193703 0.687446 0.529816 34.3717
0 0.933908 0.257868 0.886098 0.385022 0.391724 0.763841 22.7137
0.470522 0.171781 0.196981 0.578415 0.463459 0.21886 0.539321 34.3699
0.851438 0.105937 0.0709091 0.157593 0.634076 0.463481 0.194802 36.8415
0.733756 0.969737 1 0.923936 0.963972 0.848219 0.675803 11.3339
0.778859 0.0840683 0.63321 0.0660246 0.230521 0.327383 0.513424 35.3068
0.312979 0.176866 0 0.178384 0.168857 0.626889 0.601117 37.4029
0.989752 0.681537 0.730056 0.575946 0.5 0.363656 0.921865 20.0887
0.722651 0.326567 0.00219197 0.414158 0.0683575 0.424298 0.151563 31.652
0.976389 0.5 0.239168 0 0.25268 0.163161 0.481217 36.7856
0.910664 0.215669 0.158093 0.740824 0.967697 0.926109 0.457287 20.9094
0.829452 0.894254 0.843826 0.899627 0.4537 0.669438 0.94135 16.8078
0.301875 0.784696 0.984686 0.788287 0.787595 0.728131 0.458584 23.3443
0.947873 0.23185 0.295425 0.871664 0.905688 0.775406 0.219358 20.529
0.256069 0.152602 0.786517 0.544215 0.818033 0.0388068 0.470737 32.9292
0.164318 0.5 0.341917 0.311357 0.278738 0.673554 0.343993 34.7687
0.506399 0.793929 0.842279 0.778642 0.986973 0.895929 0.728326 16.5032
0.725441 0.312418 0.153086 1 0.900575 0.02333 0.573413 31.0132
0.633796 0.194564 0.0312884 0.491699 0.512009 0.596025 0.599515 36.385
0.876455 0.530065 0.401235 0.0813345 0.457743 0.281878 0.69547 31.5647
0.76037 0.178035 0.744733 0.862752 0.255926 0.794227 0.775556 27.4113
0.554026 0.783153 0.99999 0.997668 0.461578 0.968323 0.710762 18.0375
0.720987 0.841624 0.295591 0.838632 0.589478 0.660543 0.697329 18.4794
0.73375 0.437236 0.433878 0.276114 0.376929 0.243518 0 34.1662
0.46115 0.697879 0.486653 0.156645 0.683189 0.705493 0.488651 28.1009
0.668781 0.128787 0.460818 0.380111 0.0331905 0.00649713 0.648728 32.6557
0.942327 0.82894 0.730969 0.797958 0.240206 0 0.132181 29.312
0.927964 0.412362 0.440995 0.971621 0.890961 0.967929 0.587725 18.111
0.937196 0.411114 0.0504586 0.134539 0.0947286 0.350943 0.930679 35.9024
0.196587 0.38513 0.541423 0.31719 0.355637 0 0.749353 31.6943
0 0.0397751 0.117674 0 0.130137 0.0301572 0.00367117 37.9884
0.0520943 0.0810394 0.99111 0.683554 0.543398 0 0.110986 35.8737
0.115177 0.916476 0.789012 0.576865 0.936261 0.933018 0.672918 16.971
0.814225 0.324925 0.586438 0.355776 0.593444 0.502289 0.223716 33.5394
0.485763 0.480775 0.729009 0.0582656 0.367561 0.574189 0.142621 35.3625
0.997985 0.504915 0.747688 0.154328 0.623086 0.0313145 0.635317 26.9321
0.0290166 0.283431 0.159207 0.430959 0.582964 0.0188774 0.0970793 37.1374
0.230147 0.18822 0.447542 0.990278 0.657652 0.801145 0.949743 23.5188
0.00166462 0.651789 0.635067 0.73743 0.724376 0.32387 0.175069 29.6165
0.949919 0.760186 0.199824 0.394511 0.543733 0.303072 0.944204 25.8498
0.997999 0.840481 0.74142 0.646065 0.873683 0.164063 0.8933 20.8225
0.184737 0.467382 0.318928 0.411742 0.822535 0.472742 0.682362 33.7552
0.86429 0.790705 0.918517 0.792717 0.947975 0.77383 0.79431 9.95363
0.769232 0.553459 0.0865541 0.397975 0.259845 0.0837306 0.214744 32.6942
0 0.829241 0.722427 0.792414 0.929642 0.843214 0.977968 17.7148
0.0960818 0.386087 0.538475 0.365411 0.611812 0.520288 1 25.0577
0.423173 0.975137 0.0901529 0.712986 0.5 0.569153 0.742921 24.9837
0.443029 0.767627 0.724606 0.860724 0.0532889 0.313655 0.194861 30.1572
0.831437 0.806712 0.089421 0.25828 0.415373 0.19125 0.768752 30.7757
0.597756 0.64503 1 0.69995 0.756996 0.957402 0.990719 13.0779
0.461852 0.678564 0.862069 0.90526 0.516603 0.305094 0.797763 22.4864
0.838189 0.73787 0.68793 0.213176 0.878206 0.428119 0.564503 26.9144
0.325553 1 0.900393 0.929527 0.701528 0.987906 0.824318 14.0019
0.727213 0.941505 0.474937 0.92087 0.644506 0.0644866 0.559245 26.7803
0.0531085 0.0450353 0.885304 0.362938 0.743396 0.205598 0.463416 31.5655
0.732294 0.676632 0.649556 0.85185 0.564016 0.865243 0.949057 15.737
0.137691 0.0773487 1 0.194416 0.0203704 0.624422 0.247531 36.1922
0.240123 0.417057 0.20324 0.374854 1 0.218342 0.749908 34.9086
0.31127 0.298514 0.360365 0.332668 0.529951 0.810394 0.637229 28.68
0.735567 0.551057 0.652527 0.978914 0.679672 0.892434 0.690468 18.1293
0.697329 0.5 0.0654037 0.387259 0.456207 1 1 29.5904
0.191138 0.986473 0.313389 0.977116 0.0398683 0.321486 0.0442457 29.0422
0.0992487 0.207916 0.328811 0.868463 0.191732 0.478472 0.115564 36.1585
1 0.0202675 0.905712 0.971722 0.988459 0.785257 0.153911 28.7009
0.337924 0.527554 0.303353 0.696292 0.365588 0.801743 0.5 32.0888
0.618218 0.64678 0.801978 0.913556 0.966814 0.620056 0.597562 16.3115
0.178161 0.994171 0.61731 0.149224 0.178161 0.312875 0.0489807 34.4094
0.128417 0.79392 0.365396 0.758247 0.389784 0.369475 0.323886 33.1012
0.683921 0.49071 0.782243 0.0159537 0.856603 0.554787 0.714598 25.7921
0.433919 0.581593 0.948514 0.769608 0.756953 0.940718 0.809853 13.5481
0.64476 0.100543 0.973338 0.361705 0.518223 0.540087 0.517303 31.4692
0.433908 0.722817 0.246599 0.76589 0.288934 0.327837 0.76482 22.0636
0.444417 0.869743 0.673812 0.654488 0.216839 0.657424 0.362507 25.2446
0.587372 0.404914 0.550258 0.150046 0.668393 0.882104 0.5 28.7673
0.2278 0.188673 0.462521 0.6679 0.685789 0.810704 0.7437 27.6079
0.580512 0.508287 0.24535 0.639696 0.196249 0.5 0.698473 34.3253
0.460463 0.474025 0.245987 0.995323 0.773845 0.282421 0.876438 31.0595
0.853302 1 0.629119 0.693779 0.914838 0.475637 0.862953 18.6588
0.174088 0.433356 0.708003 0.921634 0.0218364 0.430626 0.488224 33.1069
0.143282 0.991741 0.665501 1 0.5 0.653799 0.327032 28.3361
0.954624 0.337616 0.0452139 0.771539 0.0523289 0.702979 0.0995045 32.8596
0.361742 0.334293 0.107497 0.44571 0.347154 0.604995 0 31.4029
0.446155 1 0.27858 0.569867 0.395879 0.946436 0.602244 28.8213
1 0.579897 0.110692 0.326641 0.746847 0.661128 0.125635 31.967
0.765865 0.256592 0.432844 0.242446 0.385653 0.750596 0.76469 20.7362
0.574661 0.652602 0.324799 0.602808 0.318033 0.538807 0.970737 26.8105
0.135455 0.701204 0.866217 0.0757964 0.571717 0.42344 0.157374 34.3394
0.954244 0.521312 0.623036 0.797623 0.879557 0.930961 0.341214 21.842
0.474182 0.91379 0.389787 0.0830017 0.382941 0.73566 0.0751254 26.791
0.623009 0.75528 0.555934 0.529842 0.241598 0.458559 0.754946 25.0681
0.100705 0.735281 0.0369185 0.867886 0.940416 0.173886 0.818181 30.2784
0 0.815254 0.520559 0.618623 0.910526 0.689697 0.951452 18.1754
0.886621 0.621883 0 0.189267 0.00906846 0.150182 0.357879 34.9451
1 0.875567 0.2824 0.616058 0.198982 0.598938 0.508337 28.3483
0.95719 0.386572 0.278573 0.638539 0.989179 0.195889 0.36514 27.303
0.850481 0.714237 0.511074 0.968357 0.561197 0.688834 0.535702 27.3069
0.714805 0.416603 0.827529 0.820928 0.703923 0.785851 0.476883 24.378
0.181902 0.458357 0.0150924 0.587625 0.656006 0.977487 0.353674 36.8732
0.342426 0.945027 0.511326 0.787973 0.794511 0.370063 0.873175 21.1289
0.0146104 0.708105 0.789607 0.384566 0 0.285093 0.0443698 33.613
0.663318 0.904914 0.857768 0.642646 0.168393 0.382104 1 25.5624
0.824815 0.646672 0.155316 0.573502 0.741897 0.487492 0.051177 37.56
0.723102 0.422592 0 0.0241414 0.5 0.246018 0.174498 34.5334
0.0661487 0.0609793 0.5 0.482105 0.853161 0.837233 0.225098 36.3857
0.630368 0.82717 0.211988 0.806902 0.351771 1 1 24.251
0.108082 0.103478 0.177455 0.227878 0.5 0.330591 0.221122 35.9506
0.483281 0.657306 0.062203 0.820699 0.124024 0.705188 0.843948 28.6475
0.273794 0.0838198 0.84163 0.0772693 0.34076 0.0265388 0.408549 34.31
0 0.0407669 0.806955 0.674879 0.178286 0.596361 0.057132 32.7598
0.860363 1 0.446013 0.476859 0.975614 0.801892 0.918497 18.1708
0 0.897701 0 0.626752 0.596233 0.188465 0.81478 34.5604
0.939887 0.861338 1 0.750583 0.947866 0.742048 0.859742 10.4428
0.479738 0.662319 0.400757 0.0892128 0.562582 0.0705779 0.767391 31.6055
0.898928 0.344826 0.440973 0.404887 0.884847 0.108374 0.454225 30.7717
0.837182 0.287127 0.388144 0.689554 0.550249 0.508435 0.327604 29.2202
0.0736569 0.204904 0.0397604 0.825803 0.850879 0.284467 0.793516 33.9916
0.37495 0.560351 0.29498 0.159543 0.595942 0.119347 0.303152 34.2701
0.227273 0.255787 0.377258 0.479816 0.0141571 0.701414 0.639187 35.4814
0.402961 0.411544 0.153477 0.478555 0.34506 0.27815 0.361974 32.8777
1 0.207916 0.537829 0.00311325 0.479179 0.853195 0.812743 25.1642
0.12088 0.605054 0.30613 0.470326 0.287987 0.441059 0.499232 32.8155
0.413571 0.164327 0 0.486518 0.653047 0.167174 0.557902 36.8521
0.736591 0.58719 0.379267 0.240362 0.5 0.828973 0.831328 33.208
0.5 0.599586 0.714415 0.649133 0.0720251 0.673584 0.12443 31.1278
0.0893462 0.871593 0.668961 0.708957 0.36442 0.0439056 0.257083 33.6027
0.305347 0.447343 0.993207 0.942898 0.415352 0.590947 0.0651873 26.6167
0.977451 0.177136 0.474641 0.83012 0 0.055326 0.181098 39.4918
0.240852 0.0980788 0 0.0476844 0.126593 0.152551 0.0270467 39.7346
0.42652 0 0.643191 0.803831 0.830037 0.628349 0.24919 21.3733
0.613945 0.476593 0.927093 0.0786616 0.68355 0.92041 0.543354 25.0011
0.607608 0.851542 0.67243 0.930488 0.91895 0.737686 0.814732 18.2494
0.229831 0.0612367 0.74535 0.398422 0.538944 1 0.973039 31.375
0.854661 0.977283 0.796278 0.412279 0.236657 0.231112 0.730767 24.291
0.771321 0.246035 0.322011 0.945061 0.437883 0.327007 0.292782 30.5306
0 0.638823 1 0.300582 0.461688 0.649719 1 21.2116
0.768465 0.471746 0.102692 0.367378 0.641992 0.336838 0.0650707 37.3953
0.209888 0.524214 0.632344 0.856334 1 0.562651 0.577937 24.7095
0 0.498529 0 0.255183 0.585256 0.300309 0.550196 37.1225
0.12926 0.922278 0 0.5 0.721111 0.0741902 0 34.0903
0.690149 0.199621 0.98084 0.202336 0.486921 0.871496 0.590085 21.2079
0.7974 0.374095 0.0142879 0.522583 0.207463 0.897174 0.791903 24.3367
0.206175 0.146762 0.622634 0.125139 0.499522 0.366471 0 39.6781
0.939636 0.664655 0.151208 0 0 0.00502816 0.758101 39.7622
0.50994 0.5 0.416454 0.5 0.285565 0.524624 0.298685 37.0729
0.618677 0 0.218872 0.387403 0.316009 0 0.712064 38.3405
0.730569 0.151843 0.192509 0.0922958 0.605573 0.696114 0 36.0308
0.781619 0.960298 0.717334 0.68817 0.858077 0.848061 0.5 16.6729
1 0.843545 0.89047 0.960609 0.59506 0.987029 0.917767 15.1423
0.293633 0.411854 0.449562 0.820987 0.0779256 0.778347 0.781491 30.1616
0.801785 1 0.940214 1 0.991596 0.797523 0.987288 9.88283
0.669359 1 0.785021 0.771572 0.705133 0.63375 0.646113 22.5479
1 0.939818 0.324172 0.343957 0.850168 0.105107 0.64492 24.3783
0.407122 0.405628 0.900184 0.453619 0.187835 0.899217 0.918451 24.777
0.947648 0.335877 0.83025 0.344572 0.742679 0.175439 0.243618 28.3932
0.757109 0.028233 0.584236 0.840152 0.671678 0.712782 0.858261 24.9204
0.325831 0.482094 0.120935 0.225912 0.499006 0.219925 0.456346 37.2177
0 0.390012 0.852646 0.87604 0.0809833 0.583042 0.381199 29.3104
0.199247 0.317119 0.902622 0.00958913 0.348821 0.698749 0.641002 31.8236
0.0841404 0.466907 0.0814374 0.5 0.549368 0.5 0.228967 34.5288
0.754385 0.962933 0.686117 0.548942 0.770012 0.734084 0.271429 22.8497
0.176281 0.662777 0.886709 0.500556 0.966806 0.722888 0.698098 20.17
0.866832 0.816927 0.0319728 0.0253645 0.5 0.753333 0.00599294 34.8209
0.501185 0.116854 0.277535 0.160901 0.5 0.0159593 0 38.0418
0.369788 0 0.477181 0.0294812 0.640237 0.409736 0.425356 37.364
0.0188878 0.434693 0.495658 0.508841 0.508241 0.157778 0.406144 35.5887
0.460618 0.402101 0.358288 0.641079 0.888391 0.763877 0.489704 28.3697
0.933049 0.278449 0.651339 0.762016 0.816142 0.62354 0.141878 26.5256
0.847867 0.367707 0.920907 0.8433 0.717142 0.852021 0.84493 16.3356
0.537072 0 0 0.201732 0.988491 0.0624608 0 38.9404
0 0.784799 0.572656 0.664998 0.30307 1 0.554272 36.3402
0.0314219 0.205291 0.213266 0.699625 0.402182 0.573183 0.552051 33.0452
0.984083 0.781122 0.262228 0.592078 0.5 0.726363 0.678475 23.4543
0.504575 0.358094 0.573592 0.337655 0.419606 0.5 0.00129025 35.0321
0.471991 0.759083 0.849452 0.15788 0.829829 0.416142 0.335348 15.871
0.447873 0.71771 0.795425 0.371664 0.947116 0.275406 0.604585 29.9556
0.71992 0.519557 0.892562 0.728035 0.179617 0.839141 0.830341 17.876
0.279172 0.724277 0.726907 0.511225 1 0.547606 0.615369 23.6168
0.333933 0.484231 0.626449 0.558266 0.798503 0.074189 0.642621 24.3658
1 0.0368383 0.180005 0.703415 0.903054 0.307742 0.804348 26.4293
0.759301 0.524965 0.475944 0.480725 0.403348 0.356168 0.580598 27.1658
0.445274 0.849599 0.0483122 0.591348 0.0934383 0.658285 0.267498 33.1222
0.430525 0.295428 0.333432 0.515383 0.597383 0.504454 0.308578 30.2723
0.633404 0 0.533943 0.601156 0.783981 0.509473 0.829601 27.5198
0.442327 0.456303 0.230969 0.297958 0.740206 0.5 0.632181 28.8053
0.253129 0.335004 0.846336 0.336421 0.509929 0.254075 0.342696 32.998
0.5 0.969872 0.467738 0.851903 0.881476 0.178971 0.931457 23.8828
0.649527 0.475485 0.930799 0.709009 0.680381 0.57268 0.829734 17.5348
0.59868 0.44845 0.550885 0.789595 0.300881 0.73787 0.452039 26.1329
0.812651 0.704311 0.983007 0.592779 0.602932 0.560272 0.38573 26.9629
0.81385 0.665508 0.738455 0.255689 0.845207 0.93407 0.493844 20.5053
0.875501 0.727639 0.68711 0.87814 0.80217 1 0.888545 10.5261
0.295829 0.391244 0.290372 0.5 0.452535 0.37762 0.546507 34.6472
0.473401 0.42994 0.505073 0.802525 0.763319 0.543099 0.429742 22.7981
0.137332 0.289135 1 0.955993 0.718313 0.765677 0.88998 27.7611
0 0.0822682 0.16758 0.281841 0.5 0.426392 0.834457 33.4717
1 0.247939 0.692644 0.169504 0.343359 1 0.5 33.504
0.961771 1 0.670943 1 0.998999 0.747675 0.731072 15.6793
0.986553 0.623774 0.5 0.890042 0.592416 0.466687 0.46399 28.3869
0.411964 0.768631 0.202916 0.317515 0.63005 0.312545 0.0313203 37.3481
1 0.261481 0.735638 0.826948 0.996238 0.529847 0.694 20.8323
0.324004 0.477998 0.577552 0.60654 0.925603 0.373317 1 24.2363
0.0986996 0.124517 0.104577 0.922212 0.206075 0.43135 0.555805 33.384
0.908026 0.909785 0.946524 0.793503 0.626665 0.917964 0.978237 11.2089
0.853378 0.821918 0.792942 0.355217 0.358125 0.253398 0.380536 26.8474
0.439014 0.717972 0.326788 0.731407 0.737783 0.940101 0.794691 24.4303
0.419642 0.604254 0.497725 0.138808 0.342185 0.321866 0.494191 30.2269
0.352957 0.62804 0 0.0755066 0.398033 0.350601 0.117537 37.7646
0.715387 0.5 0 0.0488018 0.15075 0.360528 0.945572 38.9174
0.443627 0.259025 0.613723 0.0312893 0.893703 0.221353 0.758221 35.9272
0.120098 0.674515 0.432572 0.583892 0.148193 1 1 32.5679
0.159528 0.813516 0.930851 0.98074 0.340556 1 0.437538 20.2153
