1173 26.4088
588.541 1.48898e-13 4.02943e-14
37.9563 0 399.221
8.12191e-09 582.586 0
1.59119e-14 1.96978e-14 413.536
1.90016e-27 1.17617e-12 398.998
504.819 0.000220733 0
577.309 3.76573e-10 0
1.52608e-12 517.7 3.37486e-14
0.00051839 474.885 0
466.763 0.00331337 0
6.4653e-13 551.903 5.08471e-14
455.256 0 9.12856e-06
2.83876e-14 463.604 55.8152
425.959 0.00273528 0.00832632
1.58723e-13 560.309 5.41173e-12
0.000268938 437.076 7.06258e-05
423.618 10.0555 0.00653278
399.711 0 0.0761085
0.0621283 424.462 0
5.78566e-13 415.189 0.0473972
5.08086e-13 433.722 0.140513
0.436273 405.695 5.54434
208.015 98.6239 328.641
4.80784e-13 410.416 0.229793
344.953 184.69 41.0844
247.655 122.771 290.605
2.26052e-14 1.06129e-14 407.833
396.095 0.888314 17.6317
2.83596e-15 2.45151e-14 403.031
178.925 84.6424 344.521
320.56 29.4705 234.163
2.9552 3.91201 395.333
38.01 272.664 288.032
157.059 362.795 6.96101
340.514 204.301 37.2512
49.5519 217.635 331.301
100.585 19.9057 385.756
192.507 282.553 219.237
69.0274 27.673 391.238
217.082 105.133 315.031
356.105 166.013 66.6003
95.8658 328.611 213.234
150.694 351.5 110.358
68.3787 246.143 303.453
229.068 320.775 33.3229
350.988 15.6908 187.93
103.272 364.274 128.307
212.417 27.0635 334.505
225.85 284.207 164.081
379.138 76.7118 103.665
19.4755 270.755 289.303
294.048 88.6149 255.378
366.906 131.691 63.0477
268.654 129.031 266.55
4.00298 229.82 326.204
167.098 32.2525 357.045
232.182 263.091 193.712
370.334 24.4234 144.407
118.477 377.957 52.5002
83.8505 14.3782 392.718
289.99 145.852 230.351
10.0062 83.3966 389.094
255.906 248.904 189.796
240.002 318.656 12.4639
20.5162 170.992 361.65
297.652 190.836 184.044
110.341 139.422 353.751
330.194 53.0255 215.577
235.249 77.833 306.263
313.542 75.6749 231.874
172.79 353.292 63.4858
332.24 11.4158 211.618
34.7123 251.068 301.067
13.119 264.105 307.293
152.87 331.203 155.164
14.918 349.366 185.912
237.845 202.069 248.385
94.4712 378.78 60.9255
328.604 219.625 45.5351
367.751 117.051 102.11
359.598 123.251 120.27
325.254 162.833 162.894
238.583 178.457 258.996
17.0677 187.8 352.061
336.759 57.4549 209.855
188.58 38.9258 346.327
259.422 278.793 117.521
12.2459 268.847 294.211
86.2727 381.529 56.5867
152.355 22.0058 370.12
173.811 196.949 295.57
223.238 326.444 34.5892
51.3248 371.507 118.585
51.0746 339.854 204.285
315.513 149.591 194.294
209.478 26.689 338.735
291.606 203.974 181.967
198.045 253.351 233.677
289.457 40.5484 276.078
334.367 192.056 93.508
57.51 228.5 320.523
389.923 44.2899 72.4493
157.904 240.604 281.969
155.718 307.305 202.463
140.175 342.862 138.073
162.604 247.766 271.781
1.21257e-12 3.68256e-15 411.348
201.443 257.698 222.828
181.325 251.483 254.2
36.0131 399.761 0.00389956
28.7438 346.832 192.359
33.4873 60.7234 388.552
381.031 99.9268 53.0149
296.987 258.983 47.4795
117.256 291.38 239.452
131.468 73.4177 364.905
53.9947 390.534 26.5438
92.339 384.491 18.6294
169.999 336.236 134.513
252.164 220.627 213.901
338.196 148.305 150.447
124.982 300.147 233.125
307.81 252.463 49.4178
350.044 177.676 35.9791
171.634 114.713 341.343
333.412 200.553 67.5214
248.542 294.153 86.5979
65.738 103.287 380.255
39.8231 372.117 125.176
282.836 172.698 221.578
202.83 41.3337 339.697
250.192 160.407 268.098
353.816 167.376 64.4391
254.668 108.44 286.413
145.141 76.3382 359.292
199.97 126.222 319.445
282.636 95.1789 260.125
298.348 260.17 43.4611
284.146 169.043 228.786
63.6585 347.765 180.343
243.153 298.142 100.681
374.6 121.054 77.3868
114.167 151.581 350.359
292.08 7.82706 271.136
257.659 288.546 73.7254
64.4821 106.28 376.022
344.089 48.9297 181.846
171.179 345.828 105.032
342.888 193.346 2.56645
353.058 118.894 148.424
63.0617 80.5005 384.28
139.144 360.05 111.764
135.312 2.22355 374.356
377.87 156.669 0.426351
285.159 174.485 217.753
206.588 283.046 183.997
107.57 283.069 257.465
292.654 176.898 205.271
241.527 291.999 121.766
183.346 354.427 8.07027
361.074 168.329 28.9831
88.8231 356.134 156.967
51.1672 237.403 315.706
60.4814 239.334 314.336
111.851 260.912 278.321
384.064 54.428 91.995
214.306 169.195 287.062
381.786 11.7738 139.525
116.179 25.2388 380.148
386.635 86.6296 33.9636
346.602 72.8532 175.965
274.789 241.642 152.417
56.2589 389.191 57.6964
25.6759 264.404 296.124
90.9529 93.1077 372.382
392.846 9.32506 4.63194
321.795 235.048 18.7979
194.029 255.761 235.355
148.384 96.4393 354.876
350.445 184.206 13.9544
276.054 275.736 83.9477
149.935 367.454 47.1532
129.905 206.533 317.032
0.00915845 0.0942439 397.676
195.775 225.029 264.87
266.481 284.836 90.7116
260.857 128.67 273.099
22.4053 396.849 1.4103
356.179 54.4296 169.307
325.518 222.516 89.126
66.1679 289.528 269.501
140.715 367.529 75.0396
373.164 119.605 80.9919
45.1516 208.152 332.983
369.076 111.226 85.7359
71.8501 337.911 207.043
99.0235 374.06 76.0704
265.388 185.652 227.09
119.606 336.363 191.452
272.76 9.37208 283.134
155.072 338.854 149.686
197.384 223.66 264.353
8.77486 388.527 72.84
383.005 13.1601 95.545
163.973 197.446 302.112
138.286 316.43 199.833
372.331 20.8357 145.097
1.16102e-12 2.33631e-13 401.755
65.4025 305.247 247.057
47.9573 206.243 336.365
344.563 182.882 78.4215
176.956 315.259 165.269
6.39471 387.003 107.347
294.437 125.374 235.939
48.4099 137.634 371.701
241.027 68.8643 308.825
326.744 188.722 127.279
27.221 365.898 161.309
320.72 224.339 97.7732
370.454 112.903 83.2448
221.257 293.766 150.079
310.275 243.612 58.6249
288.346 97.102 251.653
335.555 164.199 147.346
316.421 28.4097 237.701
318.186 208.949 108.806
306.129 265.873 3.95723
381.914 72.8388 88.0122
274.28 280.778 48.6386
199.264 231.888 250.294
46.9463 369.426 128.886
332.032 195.908 99.0745
143.454 368.547 9.50056
342.427 192.444 69.4333
97.9463 47.0707 382.16
222.048 35.5938 323.525
161.642 226.664 292.165
187.37 262.741 241.452
353.831 66.4595 171.401
364.861 56.8953 148.896
365.736 143.722 53.7188
341.325 159.122 122.931
303.286 216.491 140.698
134.557 312.573 201.322
338.618 136.198 159.922
4.62679 378.536 125.833
322.335 102.64 205.75
298.164 38.6912 261.363
16.1625 157.711 366.493
160.514 85.9404 348.842
295.632 144.508 224.246
77.8554 393.694 14.8659
352.397 146.882 106.153
309.486 67.6502 240.526
287.304 244.089 128.998
227.69 297.029 141.632
357.674 178.188 22.3374
6.97101 370.038 145.399
52.9606 390.188 44.0205
59.2994 260.446 296.916
302.961 186.875 186.746
146.883 299.588 220.903
187.118 38.1319 347.84
104.903 244.708 302.501
115.752 134.562 355.935
0.687786 401.802 0.22497
288.033 214.301 168.306
219.124 310.212 141.962
184.685 43.3641 349.221
165.644 358.877 16.4224
21.6841 210.126 337.501
113.054 329.671 208.872
141.347 5.78494 372.632
41.944 58.1728 392.849
1.76714e-14 1.77572e-14 409.128
357.71 166.761 41.8542
86.8761 361.744 137.441
177.071 345.424 95.6836
244.811 87.9893 302.437
198.984 340.578 20.2403
311.218 155.251 187.477
79.267 55.946 387.698
391.414 44.3815 70.6282
216.123 303.059 142.108
308.907 207.395 158.87
219.79 322.634 96.7718
62.3561 281.535 274.607
301.12 256.946 50.8104
54.7401 386.439 89.5966
98.4525 382.215 54.6552
331.481 185.115 114.44
142.959 198.273 318.293
107.078 37.0482 383.304
133.918 74.7862 363.978
223.929 327.454 31.7676
3.69172 303.82 256.571
299.63 100.902 247.807
72.8024 169.827 355.241
204.675 143.727 310
385.347 90.463 21.1877
125.475 174.024 340.13
330.522 204.856 102.55
313.122 180.456 170.025
142.458 325.576 177.462
279.145 266.556 81.7965
242.126 315.058 68.934
99.1852 231.367 312.596
10.8445 213.529 332.069
31.0807 343.823 199.442
143.643 335.077 155.675
376.641 110.164 60.922
36.7173 380.546 108.694
249.37 18.6882 309.002
280.653 69.4782 277.576
280.244 235.653 152.513
9.65962 22.7366 394.184
189.94 324.808 124.061
8.96932 397.137 4.14211
75.5194 50.4739 388.132
332.494 181.786 135.441
14.1232 376.527 114.648
188.249 201.706 285.491
145.538 357.253 115.097
113.286 126.964 362.857
256.257 111.817 283.908
203.993 286.022 197.421
168.536 341.595 120.737
209.906 129.095 311.858
57.4789 115.516 378.91
133.206 47.8108 368.756
226.929 0.29991 324.198
304.902 91.8861 238.47
4.56442 313.823 242.287
2.9927 275.006 298.576
82.0818 40.7809 386.949
278.132 269.257 84.8526
175.568 220.932 275.052
301.084 261.491 20.3769
122.81 45.3664 374.026
361.813 124.01 112.72
360.658 171.751 24.4479
72.2547 319.463 224.958
101.432 59.0629 376.347
74.5742 325.074 216.282
119.597 322.364 201.614
27.9676 355.556 176.653
233.823 302.374 115.742
21.9991 391.79 56.2499
354.264 209.071 2.13448
244.591 310.558 10.783
94.1634 79.5357 378.602
270.419 276.826 73.789
312.322 59.5662 239.974
232.413 295.939 132.204
237.411 308.923 80.2794
77.2421 386.57 15.7258
253.892 165.197 260.161
23.6898 117.029 378.294
394.981 7.18899 8.25174
267.471 132.085 263.103
324.956 23.7068 229.072
376.142 130.142 30.5399
79.6443 158.964 356.539
280.794 90.2204 264.838
318.025 213.307 112.855
263.948 256.726 162.485
182.465 358.089 23.7394
211.756 287.482 179.414
210.706 107.563 321.507
341.119 189.03 106.115
2.99774 348.329 195.736
348.355 157.343 115.894
303.69 185.825 178.308
17.9276 401.668 0.0612648
61.3964 390.284 25.1347
51.5973 227.065 325.556
256.934 62.0124 299.475
162.068 212.337 297.766
73.8173 333.282 206.64
277.566 270.431 94.8476
339.605 121.892 157.438
273.369 249.867 154.505
11.4513 211.383 337.753
269.818 285.876 60.0577
77.6015 359.262 172.397
92.5878 157.037 360.553
16.7629 136.987 374.694
166.973 328.045 151.457
124.512 286.667 253.582
323.313 225.595 1.28405
194.61 37.9679 349.536
24.5211 366.948 151.747
40.6156 307.631 243.276
391.928 72.3525 23.3264
279.323 266.725 80.6298
70.0145 306.359 244.01
314.509 211.021 136.062
332.376 101.169 196.372
121.46 341.577 190.268
271.407 271.652 93.9851
236.63 306.139 85.442
350.428 82.5688 173.285
251.703 277.46 130.404
390.979 74.5676 28.1709
151.626 257.171 273.614
290.759 58.9735 262.738
126.21 303.096 220.582
137.888 311.005 208.611
306.954 132.903 216.074
261.612 297.363 11.7546
388.111 86.3664 14.733
105.821 133.71 362.542
304.666 151.176 209.29
328.103 142.885 167.434
159.177 94.1345 353.146
70.4316 304.023 252.317
216.089 140.345 305.82
169.089 355.923 31.9289
138.914 317.867 198.2
158.624 62.5609 358.072
179.424 208.635 284.737
185.7 351.719 0
263.208 257.087 156.618
323.185 228.212 36.9698
97.4131 98.2126 371.439
52.7456 302.617 258.576
335.357 218.131 1.65676
267.552 187.149 225.936
90.2898 373.463 116.467
301.283 130.447 225.608
353.97 64.0276 174.523
23.7757 393.839 30.4285
370.924 34.5783 136.727
224.566 325.568 8.26134
7.54196 311.661 247.966
113.69 69.9233 373.901
4.40255 232.721 322.314
109.83 128.277 360.264
175.406 220.728 278.95
66.3185 290.187 268.827
109.049 255.921 293.323
234.328 294.952 128.167
317.265 233.645 58.2222
114.638 42.3476 376.973
26.8123 4.86852 393.894
215.037 71.1458 323.585
357.915 50.8958 161.476
158.847 341.362 131.729
114.741 77.0533 371.125
263.787 257.652 153.83
196.691 8.79298 342.696
153.867 6.76559 368.669
277.369 114.057 268.223
132.713 343.34 170.848
73.9654 323.647 218.028
106.593 106.922 366.728
265.304 63.2386 298.033
120.996 1.0799 382.859
237.268 71.3206 313.295
55.363 249.962 304.936
375.323 61.8046 117.384
325.774 205.66 96.7896
123.388 153.361 342.606
285.809 280.075 52.7688
30.3239 194.452 346.974
50.1221 135.595 368.296
90.104 60.2217 383.953
2.14696 199.2 346.882
15.8319 265.53 299.127
4.46318 33.805 393.68
315.213 52.5238 235.844
136.956 317.223 199.615
71.1351 140.696 367.572
343.67 152.678 124.537
222.216 308.195 121.297
211.182 175.792 292.555
59.5241 236.503 316.886
44.3458 233.946 321.743
327.668 109.372 194.1
287.903 141.29 236.953
358.118 119.502 133.147
126.923 1.46657 377.425
243.131 277.909 147.511
347.116 64.7861 174.267
81.699 390.724 10.1903
310.123 17.3546 250.802
180.186 180.741 304.89
190.552 348.635 45.3961
253.661 279.619 123.571
159.629 358.314 68.1744
127.085 215.546 318.857
125.708 320.742 198.793
146.373 142.368 353.342
155.679 361.637 27.9192
251.945 297.655 79.2334
205.709 46.9651 336.652
50.4635 323.598 229.451
123.139 349.863 165.844
81.0767 385.26 11.8725
161.073 160.287 325.053
