539 8.24182
180.147 14.0759 9.10355
84.438 159.522 0.535736
1.9973 180.62 15.3598
0.887103 0.083913 181.267
0.875604 0.199839 182.271
0.36409 1.32766 180.796
53.4784 172.942 17.6999
87.9014 159.003 10.4825
92.3685 17.6657 152.292
125.246 50.206 119.282
86.659 156.74 15.0783
7.32019 125.857 130.283
14.7014 179.221 31.7167
165.581 60.2757 27.2297
90.5258 156.398 2.99147
162.63 44.3533 61.7317
140.665 51.207 95.2134
132.378 78.1333 93.1432
8.62465 141.961 108.184
168.772 51.6817 46.7311
178.176 8.26905 19.8107
2.50462 177.056 34.5248
179.792 20.1015 4.80402
164.772 7.64907 68.5365
146.96 104.336 24.931
95.0923 150.251 32.9163
33.0378 173.863 32.7626
12.6121 166.458 71.0374
116.846 120.645 65.3717
150.197 100.432 16.0791
103.942 147.056 20.6178
115.175 129.259 59.0707
167.357 18.8763 64.3889
10.9508 133.438 121.409
107.23 74.7326 127.208
6.31302 128.768 125.11
4.0404 144.442 109.994
174.98 8.31928 35.979
73.8377 123.953 108.718
172.187 34.6366 43.024
129.706 102.515 76.3008
56.7739 145.802 90.9972
121.901 9.52627 132.799
91.0689 42.2479 149.903
29.1339 170.592 53.4063
148.303 80.6299 67.3575
1.95147 176.653 41.9554
118.544 112.711 74.5203
77.4313 160.882 30.469
34.1235 112.086 140.232
20.5013 3.78799 178.984
33.4121 175.833 23.1298
65.2723 57.6131 158.733
50.1463 164.681 49.2154
98.1253 84.7132 125.801
153.633 79.726 50.0281
158.024 21.9882 79.3172
64.4245 112.628 128.249
48.4208 23.9111 172.316
53.9807 24.8963 170.174
89.2404 154.633 27.9802
63.4994 171.443 6.38947
116.447 100.53 97.8486
30.237 3.38152 177.077
23.792 119.676 134.511
47.6111 82.7642 148.706
123.477 70.3389 108.973
0.788206 150.273 102.988
169.757 30.9402 52.3208
171.446 60.3875 6.92804
148.064 68.285 79.8088
173.121 47.2068 23.1895
6.05907 162.196 85.1017
56.6108 26.8486 169.349
118.745 104.814 81.5607
108.345 14.8176 141.165
33.5952 170.734 47.9364
47.1968 94.5167 146.397
102.755 110.276 99.3835
109.943 49.0017 133.565
96.4204 10.7829 151.105
159.581 61.553 54.9587
170.835 63.3657 8.05059
20.0632 148.08 102.211
112.076 76.0844 122.831
81.0278 132.874 88.5938
97.6665 107.522 104.766
163.261 75.3027 10.3707
54.1256 158.62 69.6382
105.83 93.4148 115.081
89.0889 153.712 40.9699
156.217 12.2063 89.1998
127.394 71.4636 105.351
14.801 180.374 9.11676
15.2043 31.1178 174.878
102.91 76.5061 130.361
119.641 105.602 79.3309
151.423 20.0281 95.8733
11.1955 136.325 114.051
19.686 103.598 146.14
138.841 89.4109 72.7537
114.788 27.7074 137.332
156.759 72.2991 55.4693
122.806 101.867 82.1608
127.801 122.777 36.0557
101.935 36.7599 144.557
58.8793 157.641 58.3823
23.4887 20.5187 176.401
45.6424 149.903 89.1991
131.164 89.0476 84.5247
61.0325 125.551 113.808
52.7987 76.7901 153.836
130.132 71.2111 107.296
108.606 99.1026 106.04
37.2452 167.769 57.106
35.7847 76.9541 159.352
36.9877 66.4931 163.802
80.5377 53.6567 150.724
131.539 114.114 38.6742
177.35 8.22185 39.376
18.0219 94.8145 150.311
151.402 43.5278 82.6767
87.8063 60.0715 147.431
49.1273 161.34 61.7604
79.3691 68.5248 145.799
150.479 54.7742 82.4613
7.02553 63.2751 168.831
98.8036 146.557 40.1106
136.449 74.1908 90.3293
83.3462 79.5857 137.929
60.0217 140.207 97.01
51.2037 167.766 44.7376
176.179 27.2315 33.0007
16.7832 129.115 124.872
144.894 16.2018 105.155
151.013 41.1807 89.1057
73.1403 131.482 101.674
40.6391 108.807 135.078
57.4775 69.2293 155.803
78.1835 145.082 70.5359
102.472 45.1414 143.019
9.91807 52.1849 170.633
17.0044 90.5897 154.726
110.911 48.4548 131.455
138.169 109.616 36.6991
54.9581 56.5979 160.814
140.358 76.3098 87.854
26.406 102.761 147.03
144.91 96.5382 44.2413
46.2172 14.534 175.753
139.503 44.3729 105.582
57.4721 167.761 22.0159
169.213 10.8915 64.8268
146.475 89.3562 51.4832
115.535 21.3137 137.846
28.8839 112.409 138.91
43.1591 88.3361 150.334
109.393 48.1909 136.145
143.843 58.7312 85.4357
97.864 9.87959 152.707
153.624 70.8568 58.6975
131.163 87.3857 85.0156
78.8066 103.875 126.529
15.115 138.9 111.219
76.264 156.085 44.1412
175.648 36.8788 10.3576
89.446 152.344 37.6873
17.0528 72.1826 164.567
48.5565 131.89 111.83
84.3277 114.544 112.327
51.6872 169.766 37.8576
20.9318 158.002 87.6416
85.3845 154.445 35.4548
179.315 20.3569 6.87829
14.8972 78.4025 162.778
136.675 15.2811 115.792
39.0081 43.6943 170.264
25.5512 134.439 117.277
167.44 36.7344 56.8067
104.606 97.8243 112.946
21.9256 165.492 69.3649
67.3895 121.155 116.663
97.217 105.279 111.196
74.369 133.692 97.3042
111.197 85.4274 114.319
39.4107 62.2708 163.466
44.4239 29.5961 171.479
147.721 98.4101 39.3656
14.0934 171.723 51.6993
130.792 119.351 24.491
31.0697 163.484 69.1491
133.72 65.2781 104.049
69.6139 37.8502 162.179
72.6969 125.707 104.73
98.5262 18.2953 150.083
39.7157 77.9958 156.692
125.867 122.299 46.8903
106.23 125.599 66.6119
1.58269 118.258 136.483
66.0983 5.16677 165.671
125.954 58.0946 113.073
132.476 116.934 27.8921
158.14 72.9383 44.2513
24.1389 93.9315 151.041
32.4584 164.96 64.2764
5.32708 28.4064 176.283
69.218 31.9248 164.094
43.9366 40.0921 170.268
90.1129 142.381 68.2342
121.477 110.851 72.7762
10.0799 0.370145 179.671
133.037 102.204 66.9405
54.6892 23.1611 170.015
70.1383 163.839 27.6448
37.7822 170.16 37.1805
120.167 43.2191 126.277
102.528 131.234 71.0686
110.381 67.3379 125.472
113.073 107.968 90.9259
161.382 74.4381 22.1676
109.993 118.84 78.5518
34.6432 134.829 116.069
70.9778 146.008 77.2473
64.2615 150.116 77.6964
102.427 53.1197 138.1
82.1539 147.689 61.8878
42.1209 75.724 157.978
37.4845 33.0878 173.237
152.405 92.9707 23.071
49.7175 5.55953 173.331
71.409 129.166 106.446
154.614 86.0098 37.7425
6.54634 39.1707 174.529
129.879 86.5275 85.8164
27.9923 73.759 162.387
26.6612 113.2 136.405
22.4798 157.423 86.5255
87.6085 12.9206 157.571
142.92 95.2165 51.5306
141.149 86.102 78.6726
61.4743 31.8811 168.223
112.801 138.731 23.3731
71.8444 147.787 68.2809
56.7144 168.383 33.4856
154.542 6.42984 89.9544
101.458 28.8183 146.312
136.968 6.36222 114.33
63.9841 89.3748 144.663
167.714 61.0475 8.98872
141.548 44.9031 101.339
35.5323 153.188 90.9173
25.6214 82.6042 154.829
172.869 12.6527 47.753
2.1963 1.46321 179.342
66.4444 136.681 96.6641
68.0168 81.0669 148.22
50.7164 130.246 113.943
31.2063 148.947 96.4113
59.4507 122.304 123.31
120.819 82.0243 105.323
88.3327 143.504 68.6953
159.572 58.0863 58.9193
1.25384 59.0454 169.514
24.6717 45.481 171.704
97.3599 92.9619 122.065
82.8038 148.852 51.1081
18.0116 46.2512 171.982
30.8115 164.463 74.0414
75.5523 155.423 51.8577
42.5162 40.5966 168.274
119.093 68.8537 118.604
88.515 67.8336 142.439
85.4164 154.132 33.4055
84.6045 23.0739 156.991
43.1601 143.601 104.127
3.06501 57.9811 171.755
63.5851 21.0114 167.11
157.134 72.4719 51.9253
99.8394 96.9171 113.435
1.15898 166.906 67.5894
67.7786 121.847 113.664
30.5415 155.225 86.9931
21.3191 39.5626 174.295
98.6963 27.526 149.175
62.1928 159.714 55.0705
41.1723 160.207 68.7306
96.9495 64.5857 139.429
4.40641 4.24016 177.037
69.936 151.412 67.9862
58.9019 56.2443 160.431
16.7834 30.356 175.137
172.982 35.8948 31.1595
68.2088 65.1296 154.252
84.9691 81.1356 136.637
143.359 66.1201 86.8099
151.81 60.858 72.3786
124.249 109.673 68.8653
60.6136 52.3289 161.458
148.226 68.3693 72.2387
84.9503 147.686 63.6672
49.8769 4.71891 173.781
7.65976 48.9406 171.625
152.157 11.8877 97.0736
51.609 92.7828 147.13
38.0471 66.1473 164.269
75.1212 135.054 89.8775
105.06 100.318 104.769
29.3933 64.652 165.06
57.4712 35.0709 168.292
66.2097 135.516 100.13
68.7369 141.394 86.4539
86.158 74.3851 136.241
135.375 32.6818 113.524
117.679 103.873 86.3141
116.558 13.9636 136.529
134.316 118.561 20.2457
14.0702 74.6136 166.089
25.3388 135.22 117.812
160.494 74.023 39.1999
120.545 115.105 69.2529
58.0732 78.0846 151.553
74.2194 152.672 62.165
47.6606 37.0864 170.383
77.9637 17.0982 163.357
55.7288 129.81 114.185
1.17845 91.0741 157.628
117.756 64.0242 121.541
170.643 33.1922 52.1626
64.4345 115.836 124.426
100.263 95.7385 115.587
118.859 130.85 39.5434
2.54409 65.4244 169.027
42.0008 151.297 89.3823
175.244 34.0942 23.0742
133.828 104.278 62.8236
110.796 2.99357 142.205
128.306 110.763 62.072
113.959 17.6178 138.019
138.312 16.5717 113.561
89.9918 54.8986 146.086
128.961 113.829 51.6139
48.4713 41.8477 167.388
80.3367 115.42 115.5
76.4912 164.106 15.7706
172.272 36.1659 39.0423
86.9643 156.342 22.3151
79.9268 144.57 73.1063
34.4973 70.6067 161.75
68.497 140.904 89.1818
63.1851 33.2611 166.779
51.1263 29.559 169.065
106.683 14.6841 141.884
119.82 109.335 77.1833
13.6231 53.0119 170.576
5.79652 30.4988 176.169
78.3616 42.2145 157.381
32.1236 169.04 51.6299
73.6686 38.3537 161.467
60.0545 2.38701 172.056
41.4298 38.452 171.174
28.3381 149.12 96.5427
4.78177 75.6406 164.479
68.3411 103.69 131.899
76.3015 138.01 86.7134
76.6882 138.71 81.6152
172.695 5.91963 51.8447
22.0838 116.226 137.588
151.144 100.685 10.4776
79.7534 36.46 160.81
87.1676 69.8024 142.75
2.41597 1.11431 180.533
76.7017 157.774 37.4274
106.291 91.7622 114.477
80.9751 110.151 116.843
29.7142 72.2007 163.182
84.1935 72.6817 142.706
77.3167 130.532 96.4915
99.8268 109.895 100.609
28.2044 101.598 146.113
27.2738 143.506 105.346
119.939 132.037 8.98576
20.6104 108.433 141.622
85.0065 33.7391 156.243
73.7994 24.4706 163.803
85.392 46.4292 151.377
158.095 63.369 62.3744
52.8992 148.682 86.7784
69.7793 10.1264 165.212
134.999 98.134 69.3485
60.1021 160.925 55.1971
53.3548 137.027 104.897
71.1921 121.296 114.647
98.0796 69.7893 132.607
82.674 72.9734 141.486
141.452 97.5375 51.555
56.34 119.382 123.812
21.6003 55.4704 170.403
69.9702 143.94 84.8332
58.1061 88.9879 145.864
28.617 147.373 100.333
77.595 147.406 73.7138
108.409 99.4745 105.768
41.8643 58.6173 167.871
55.2192 95.9949 142.088
44.4062 39.1952 169.559
69.9862 119.245 118.496
99.2648 35.8387 146.25
97.8424 115.829 99.8513
132.755 121.141 15.1275
113.909 109.606 86.9287
154.089 35.7358 89.6265
13.7814 148.851 100.748
134.538 82.0692 86.6573
19.7877 73.2293 163.297
0.612767 88.7497 158.882
117.903 132.067 27.8431
138.225 92.0847 69.0085
128.571 14.3768 125.541
52.1986 58.2357 162.606
101.069 146.311 39.382
26.0562 134.99 114.76
35.4583 72.9385 159.753
52.0048 12.836 170.939
2.49277 0.90737 180.008
77.6309 159.687 22.9458
130.337 69.5603 105.717
130.23 100.05 68.2337
77.499 134.731 88.4816
134.126 35.6141 114.079
76.4115 137.365 86.4352
130.888 47.6435 113.552
154.378 61.8847 69.1962
89.0623 154.835 33.0637
25.7441 52.9542 168.32
64.4139 49.6033 160.143
63.2044 113.626 126.172
160.029 64.1492 51.7331
68.3189 77.3881 148.8
106.396 122.423 85.6218
85.0431 77.6014 137.797
64.7834 138.806 97.4307
123.879 118.287 51.3946
68.6496 45.7316 162.486
46.1192 103.662 139.709
121.414 80.8847 105.216
64.7456 132.331 105.201
100.746 96.199 113.558
83.131 11.2057 160.151
1.0872 157.215 89.4959
55.9835 36.9054 167.554
132.262 11.2597 124.953
54.7926 52.725 163.697
127.785 116.607 51.9093
0.493674 2.59729 179.464
112.285 135.276 44.6693
55.539 168.478 33.0915
112.476 37.06 135.788
62.8803 168.873 15.3784
119.414 114.023 73.0663
100.409 57.8076 139.987
135.434 119.379 10.4164
32.738 58.7256 165.251
20.7207 55.4794 169.533
62.6741 49.6968 163.512
58.9324 151.347 79.4974
161.067 58.6271 55.0755
40.6611 146.471 96.6889
41.4786 28.6025 174.237
66.2916 168.705 6.67277
33.041 67.6209 162.02
16.8344 47.3187 174.022
142.348 67.5194 86.6345
70.097 118.346 117.879
63.1771 169.178 10.4207
56.2566 101.748 135.218
60.6977 0.743368 171.407
132.109 60.9353 104.928
80.1585 144.989 68.8385
59.7697 3.34101 171.361
110.966 40.3896 137.336
76.3285 31.4984 162.657
7.62584 97.948 150.683
141.966 89.183 67.4928
136.872 49.8237 105.056
86.6228 119.472 105.378
1.17378 168.957 63.1369
84.2325 30.66 156.35
56.438 116.098 125.268
78.0894 160.636 8.9983
89.1438 4.13144 159.75
129.713 5.15936 125.97
76.0969 72.6638 145.814
141.73 86.4587 68.9827
59.8855 66.2553 157.029
97.1032 85.7103 125.685
142.226 109.264 23.1789
53.4621 69.0866 159.124
160.121 75.4099 39.5181
4.21304 85.9133 156.823
49.892 102.105 136.015
