7 0.0740865
7.55511e-05 0.285136 0.170282 0.965447 32.8411
0.000681641 0.609822 0.0563035 0.825287 29.083
0.114686 0.0415394 0.225434 0.0177266 34.1301
0.734566 0.00172778 0.18365 0.586036 29.249
5.59191e-05 0.816356 0.21394 0.659174 27.3022
0.0795813 0.001897 0.00362514 0.278934 29.5375
0.18011 0.0198412 0.288799 0.0331625 31.5452
0.212231 0.159194 0.4867 0.000551551 31.4549
0.0361852 0.480288 0.97094 0.00362932 28.4574
0.605133 0.675446 0.00301682 0.0464671 31.2139
0.620419 0.000204578 0.0125084 0.360105 33.4043
0.702678 0.0131942 0.00933305 0.0310479 33.6308
0.0364383 0.00227465 0.047298 0.0958548 29.9115
0.0480589 0.00523427 0.687869 0.0386917 31.6112
0.15398 0.383149 0.000509352 0.0993334 30.6585
0.24406 0.118378 0.0416136 0.0297953 31.3169
0.413879 0.00676952 0.0517915 0.000578993 31.8866
0.532678 0.00741179 0.640421 0.0165705 28.2139
0.89565 0.0107897 0.126712 0.0311914 27.2088
0.0358732 0.073928 0.0344785 0.0454996 32.8929
0.0465677 0.40225 0.000519976 0.158478 29.8066
0.0959605 0.0144014 0.0757068 0.069557 27.9598
0.144217 0.159874 0.0206236 0.047406 25.6649
0.190553 0.000931347 0.227822 0.616517 27.1415
0.23043 0.2116 0.748018 0.000468441 27.6619
0.235574 0.166743 0.000540459 0.553724 26.7012
0.309617 0.00152207 0.744515 0.0215942 28.1798
0.334649 0.0359871 0.00598327 0.0592317 27.6122
0.368278 0.632762 0.00353352 0.0504512 29.5877
0.462298 0.0784758 0.282231 0.000538907 31.1598
0.593565 0.0129648 0.0935009 0.0172844 28.7926
0.640912 0.0184717 0.0462961 0.0169762 28.6676
0.648532 0.00117119 0.854793 0.0104198 26.8721
0.670561 0.0816101 0.842867 0.168119 22.5343
0.780048 0.00868454 0.268258 0.0554469 27.1179
0.0140925 0.00235445 0.0636696 0.188365 26.7614
0.0232574 0.162026 0.164977 0.0386252 24.3321
0.0356259 0.00258696 0.0531529 0.14975 27.5358
0.0386191 0.015936 0.0258569 0.261391 27.45
0.0469366 0.058968 0.109603 0.173373 26.0377
0.0522096 0.0390076 0.625161 0.168444 26.1392
0.057516 0.252908 0.00496562 0.0770845 28.2375
0.140204 0.162171 0.0772581 0.00753313 27.0937
0.146205 0.0927957 0.050707 0.047403 27.0767
0.167029 0.213307 0.0316277 0.0240508 26.8045
0.184107 0.162123 0.131644 0.0917174 24.6446
0.21693 0.0430808 0.105778 0.0040075 28.8439
0.256709 0.0241259 0.00676814 0.00260358 27.2028
0.259175 0.0155651 0.330186 0.173844 24.9181
0.260194 0.441238 0.0163213 0.0347623 26.8476
0.266303 0.0579307 0.115466 0.0477877 26.3504
0.297208 0.119047 0.00103377 0.24136 27.5109
0.304659 0.263677 0.0466199 0.499608 23.7656
0.331336 0.0734489 0.103758 0.14293 24.5176
0.408524 0.00315595 0.159385 0.0944245 28.811
0.414704 0.485694 0.515808 3.90626e-05 30.1154
0.525285 0.180562 0.00846593 0.023249 25.1898
0.000858498 0.518084 0.00416393 0.19904 25.0621
0.00595025 0.228217 0.0613138 0.111552 25.9017
0.00861684 0.349549 0.148868 0.101328 24.4673
0.0110849 0.198999 0.267256 0.134656 25.9446
0.0133174 0.0179092 0.175379 0.336706 26.1445
0.015929 0.0160067 0.111073 0.148709 26.4777
0.0184697 0.309569 0.120164 0.080839 24.6239
0.0186321 0.366655 0.0289205 0.154977 25.563
0.0190063 0.200763 0.0597275 0.11585 25.5013
0.0199919 0.167985 0.0388288 0.0353717 25.2873
0.0215344 0.31628 0.047233 0.0297553 26.2636
0.024379 0.134132 0.359707 0.0193902 26.5585
0.0258019 0.229583 0.162667 0.318383 24.9174
0.0269286 0.378265 0.212607 0.0427727 24.2788
0.0303734 0.343056 0.097552 0.196927 25.0439
0.036231 0.0759087 0.219501 0.161095 25.9757
0.0370129 0.230633 0.368874 0.0433859 24.1111
0.0382526 0.0905565 0.0940128 0.29478 24.0959
0.0382575 0.156731 0.10941 0.0751242 26.3609
0.0391373 0.50612 0.00344072 0.0628229 25.6906
0.0405008 0.670849 0.185583 0.0564184 23.9036
0.0405502 0.120642 0.123807 0.265055 25.1052
0.0427692 0.249869 0.32984 0.155786 22.4865
0.0467964 0.22396 0.319152 0.0766518 24.0045
0.047814 0.260688 0.00532652 0.107278 25.5231
0.0487377 0.022482 0.263586 0.175974 25.4866
0.0491944 0.0110875 0.223652 0.224022 26.5155
0.0508641 0.077575 0.00136819 0.0788393 26.8106
0.051197 0.129819 0.179918 0.0839158 24.624
0.0517914 0.370579 0.0688268 0.137569 24.4915
0.0577517 0.201299 0.0383829 0.0404858 25.1695
0.0616694 0.185511 0.172752 0.00713699 25.9271
0.0624882 0.12798 0.105798 0.220463 24.0602
0.0642195 0.289837 0.149025 0.125438 24.9146
0.0651814 0.269277 0.312343 0.157535 24.0192
0.0670705 0.257735 0.213291 0.179762 24.1488
0.0736879 0.00373803 0.364718 0.102114 24.4642
0.073843 0.0505454 0.397061 0.0944266 25.7216
0.0757665 0.0931348 0.179942 0.202004 25.3439
0.0826425 0.264055 0.0852733 0.258336 24.4474
0.0835767 0.191177 0.104018 0.258533 25.0358
0.0847241 0.0202555 0.253168 0.0025343 25.2142
0.0882814 0.271267 0.161364 0.118152 22.9861
0.0917278 0.0679667 0.0800598 0.0181289 25.5315
0.0927087 0.333727 0.164952 0.0463867 24.9472
0.0929221 0.135913 0.227423 0.178008 24.6097
0.0974584 0.142296 0.0380633 0.445963 23.9421
0.0989398 0.0987053 0.0134023 0.10346 24.1336
0.101902 0.116664 0.0340609 0.0543149 25.5629
0.104881 0.0682111 0.0792709 0.701701 23.9416
0.111642 0.0734795 0.177127 0.322494 24.3979
0.112386 0.0295329 0.129789 0.0502752 26.0457
0.114458 0.233341 0.10291 0.224973 22.8603
0.116369 0.401576 0.00836164 0.186321 23.7376
0.116567 0.245819 0.42458 0.0019824 27.3705
0.124998 0.0700545 0.0635211 0.263252 25.4476
0.132015 0.412412 0.0767798 0.018418 26.6127
0.139456 0.105079 0.251793 0.0285511 25.4437
0.143254 0.128175 0.171175 0.0404623 24.7793
0.149229 0.182927 0.0959449 0.019765 23.9975
0.149458 0.161731 0.207122 0.0201726 24.8472
0.158514 0.231701 0.0074918 0.164653 25.6223
0.167387 0.454814 0.0210396 0.00304372 24.121
0.177522 0.217632 0.00966109 0.116745 25.2879
0.179943 0.431581 0.0989307 0.168472 23.7878
0.18445 0.0497129 0.0162564 0.0849913 26.0087
0.185613 0.126896 0.194747 0.249976 23.1386
0.190314 0.267514 0.169308 0.00543429 23.3631
0.207086 0.090172 0.193117 0.147693 25.1942
0.211682 0.100885 0.351341 0.0700458 25.1757
0.211742 0.148428 0.0140861 0.0640568 26.3558
0.213049 0.0887926 0.00186234 0.199044 25.9267
0.220187 0.0163603 0.127342 0.0352495 24.7623
0.235728 0.188762 0.0552952 0.0834496 24.3222
0.24225 0.291553 0.0357911 0.421037 22.9423
0.246102 0.0275365 0.322192 0.224232 23.7592
0.254667 0.198045 0.0115767 0.463406 23.8408
0.286329 0.364866 0.251291 0.00274719 25.1351
0.295423 0.058988 0.10412 0.202132 25.2852
0.305229 0.383703 0.00572324 0.350085 23.6078
0.310014 0.54067 0.00570196 0.206332 24.2138
0.315662 0.103667 0.144733 0.200187 23.4805
0.327474 0.527422 0.0116479 0.00829511 25.382
0.351448 0.00942914 0.363522 0.00840439 25.7778
0.00147015 0.0888028 0.22964 0.260725 22.4916
0.00265331 0.0817479 0.138298 0.0362494 26.1151
0.00347338 0.0229321 0.00600391 0.0659244 26.623
0.00606317 0.347994 0.0392792 0.0260493 24.5668
0.00627815 0.294855 0.389422 0.125653 24.9302
0.00853448 0.265709 0.265834 0.256017 23.1043
0.0114564 0.0695701 0.194986 0.197239 23.5817
0.0198119 0.18212 0.430477 0.107101 24.3189
0.0238795 0.049203 0.22166 0.19813 24.0474
0.0251365 0.124945 0.161778 0.516406 23.1622
0.027334 0.375348 0.207548 0.299482 23.2349
0.0297614 0.270379 0.312884 0.165303 21.6899
0.0359018 0.289524 0.282648 0.0519834 24.0215
0.0363279 0.0306393 0.466258 0.213497 23.8521
0.0368081 0.27027 0.307709 0.196681 23.8227
0.0387493 0.105955 0.362243 0.330861 22.4149
0.0418363 0.419666 0.324262 0.112315 23.2856
0.0480942 0.223233 0.267099 0.23445 22.0069
0.0481374 0.133127 0.452036 0.0610204 22.9498
0.0512869 0.155231 0.476751 0.026441 24.8546
0.052656 0.14335 0.263358 0.0755434 24.9228
0.0526775 0.0616695 0.206064 0.124368 25.1237
0.0562759 0.35885 0.263215 0.152963 21.8474
0.0586372 0.22826 0.353482 0.336208 21.9054
0.0603681 0.0955276 0.122402 0.256612 22.6273
0.0622628 0.136386 0.367597 0.0672171 25.5399
0.0648579 0.124823 0.241826 0.243126 22.8479
0.067117 0.374422 0.270054 0.128745 23.528
0.0695764 0.00678221 0.407424 0.521417 24.7171
0.0781826 0.695553 0.330742 0.149551 22.9932
0.0786712 0.372075 0.342386 0.124892 23.4277
0.0793055 0.0212114 0.0461349 0.118585 25.4552
0.080647 0.129314 0.299528 0.371465 21.2178
0.0820052 0.269807 0.187389 0.246541 22.4535
0.0840097 0.375064 0.066773 0.266268 23.3566
0.088193 0.444235 0.182791 0.185821 23.5353
0.0891837 0.207414 0.258559 0.234516 21.9365
0.0897297 0.185549 0.253901 0.249626 22.7444
0.0959798 0.0375857 0.289053 0.275009 23.0676
0.0964282 0.137402 0.24694 0.33117 21.1493
0.0973306 0.0376624 0.366787 0.203158 22.2899
0.103004 0.00732085 0.42705 0.580852 23.2349
0.105138 0.0872803 0.129088 0.264884 23.2895
0.106933 0.300105 0.262704 0.00155174 25.3771
0.110662 0.158654 0.142343 0.0726088 23.4439
0.117356 0.150008 0.337253 0.230228 23.0493
0.118464 0.188559 0.394652 0.308787 22.0747
0.126083 0.311251 0.304071 0.200839 22.6589
0.127603 0.245876 0.18454 0.446981 22.6105
0.133731 0.278031 0.217427 0.240244 22.2114
0.136681 0.164962 0.284093 0.291915 21.9749
0.139451 0.529473 0.383408 0.0863182 23.3882
0.142999 0.0406994 0.527888 0.149816 23.8133
0.148909 0.190417 0.272657 0.22233 22.2922
0.159882 0.23615 0.175414 0.170502 22.4937
0.160963 0.427749 0.404366 0.106738 23.43
0.166866 0.18993 0.194951 0.250957 21.2376
0.168695 0.0827544 0.128527 0.25534 22.2135
0.173103 0.129276 0.256839 0.289138 21.0189
0.17573 0.190957 0.245458 0.194007 22.27
0.180101 0.00381508 0.249266 0.42394 23.847
0.18176 0.239935 0.319098 0.154897 23.2178
0.184037 0.119309 0.356823 0.179755 22.7243
0.18699 0.269626 0.260401 0.205479 22.0839
0.188145 0.0782112 0.316951 0.118858 24.4012
0.188532 0.0704165 0.387766 0.31831 21.8324
0.19422 0.34725 0.295021 0.103563 22.8316
0.197772 0.146511 0.193056 0.354608 21.6707
0.199955 0.0494165 0.26984 0.340567 22.6032
0.200209 0.479706 0.153811 0.254048 22.4287
0.200545 0.19228 0.428676 0.0169259 24.3445
0.217832 0.14114 0.130113 0.0811345 23.8595
0.219902 0.188936 0.22499 0.207747 22.2145
0.224243 0.00274607 0.22914 0.352573 22.5718
0.229188 0.295957 0.0456539 0.322104 23.5712
0.232601 0.194833 0.317348 0.208151 21.5502
0.233965 0.101831 0.50856 0.181656 24.0709
0.244728 0.23827 0.252696 0.177701 21.7848
0.260006 0.0727164 0.151631 0.515536 23.7658
0.273687 0.328638 0.265882 0.101039 22.0406
0.276246 0.0490192 0.251999 0.275395 23.2549
0.286143 0.114038 0.314184 0.0702111 23.2542
0.291907 0.00501493 0.125307 0.172671 23.6384
0.305956 0.126966 0.000252982 0.338177 25.2851
0.314911 0.0276311 0.313804 0.270877 23.3722
0.332469 0.375589 0.0596361 0.313604 23.3079
0.352007 0.12011 0.320312 0.362103 21.3061
0.384804 0.106672 0.35672 0.346775 21.4558
