3 0.0345986
0.135811 4.46433 0.00663942 1.00352e-11 8.37218e-10 3.19987e-44 0.00083372 1.13244e-29
1.76897 3.83742e-16 4.78286e-24 5.61371e-14 1.78505e-26 1.17046e-35 2.65653e-110 4.21818
2.26705 1.93913e-103 3.05692 6.039e-35 2.27538e-22 2.95307e-41 1.51632e-39 5.16154e-40
2.64506 7.72729e-175 5.58266e-126 1.06074e-52 7.78132e-77 4.90689e-30 4.71586 9.39917e-86
2.91323 5.70106e-43 2.98254e-48 0.622221 6.4161e-35 2.64211 4.76893e-42 2.48792e-29
3.41278 1.10607e-16 3.34906e-96 0.035826 2.58771e-12 9.98506e-60 2.40873e-08 3.16964e-120
0.662174 6.37202e-39 4.17477 7.38448e-07 7.05161e-80 1.46296e-06 2.96051e-12 8.29868e-07
0.748748 0.0041652 0.0029769 0.00039655 3.91515 2.82435e-104 3.39661e-143 7.29175e-66
0.777732 0.000171981 9.58236e-87 0.000411891 4.06661 2.93361e-104 3.52801e-143 7.57384e-66
1.04571 2.81813e-69 4.16054e-14 5.60853e-05 3.57714e-249 5.3412e-138 2.08902e-47 3.31885
1.42348 0.00112998 2.21633e-189 1.79475e-70 0.000778868 1.02085e-45 5.34283e-68 3.55222
1.43764 3.7702 0.00698422 1.52545e-11 7.56353e-10 6.97847e-44 0.000188557 1.02306e-29
1.72584 0.000364957 4.66622e-24 5.47681e-14 1.74152e-26 1.14192e-35 0.00682345 4.11535
2.6747 3.98429e-09 1.92985e-08 1.02238e-26 2.83886e-43 3.23211 1.67833e-37 1.01865e-39
2.6951 5.25405e-17 9.25649e-09 3.81904 1.34223e-174 2.11061e-35 4.62245e-23 1.93725e-88
3.00424 9.73667e-17 2.94815e-96 0.760458 5.22759e-40 9.06648e-60 3.49227e-08 3.52693e-121
3.19159 1.87496e-105 0.0159398 2.86703e-80 8.93604e-50 8.85517e-59 2.8557e-22 0.0677975
3.2363 9.29396e-91 7.06684e-139 7.85407e-54 3.17653e-66 0.0279202 3.76343e-42 1.15311e-20
0.00547707 0.18004 7.83781e-97 4.55966e-13 4.25959 1.71007e-45 1.84579e-134 3.67346e-29
0.0905611 1.69935 4.60113e-24 5.40041e-14 1.71722e-26 2.88146e-35 0.00672826 4.05794
0.145165 4.77181 0.0448299 5.21746e-09 6.11751e-12 1.5107e-44 0.000680184 1.33925e-29
0.545502 1.27655e-39 3.4392 8.50083e-12 6.81163e-84 0.00335432 2.43888e-12 1.02802e-20
0.595881 5.85222e-40 3.75682 0.25886 7.45791e-84 0.000121127 3.15107e-12 0.0779636
0.614878 5.9169e-39 3.87659 6.85705e-07 2.33095e-83 1.38624e-06 0.15094 7.71165e-07
0.657167 6.45412e-40 4.14321 1.89057e-05 8.20598e-84 0.000133277 2.93812e-12 8.23594e-07
0.7544 0.00419664 0.00299937 2.14224e-12 3.9447 2.84567e-104 3.72558e-188 7.34679e-66
1.13401 6.23378e-26 3.68442e-59 8.37614e-44 3.3576e-99 5.30109e-15 7.29109e-10 3.34416
1.16563 5.11229e-81 2.00549e-47 7.75693e-06 1.67351e-27 7.45351e-76 1.39e-35 4.15256
1.7627 4.82188e-39 4.69367 2.0638e-64 0.290672 0.000423829 1.86804e-189 1.08173e-116
1.90408 1.62866e-103 2.56748 4.74976e-26 2.19886e-22 2.37102 1.58566e-39 7.17106e-39
2.01792 2.43147e-23 1.91864 8.4242e-24 5.81425e-86 7.48423e-51 7.36285e-31 3.64686
2.23339 6.75823e-74 3.21469 4.71776e-44 4.05929e-71 3.71432e-154 3.48034e-25 1.51493e-60
2.29994 5.36298e-17 3.67373e-06 2.1834 1.13575e-39 6.01387e-15 3.01771e-07 1.01502e-92
2.4093 2.23052e-22 4.33959e-51 1.35473e-47 4.90186e-35 2.69832 0.108756 2.26126e-29
2.59258 3.15904e-23 0.330368 1.15403e-45 4.27734 2.41414e-22 1.83114e-44 4.57925e-08
3.13989 3.65528 4.02593e-37 1.09525e-10 1.02471e-25 3.13482e-07 4.85343e-53 1.78758e-15
3.26365 8.86655e-93 1.07461e-78 8.32142e-53 1.09686e-67 1.06073e-101 1.81822e-26 0.937857
3.27432 5.82636e-71 1.09511e-45 2.04271e-23 0.64909 5.79512e-76 4.06354e-20 5.45811e-20
3.33341 9.06736e-68 9.5622e-34 3.66108 6.54193e-173 1.09285e-24 5.04501e-15 5.23527e-13
3.35024 1.05421 1.25991e-21 2.59704e-26 1.05902e-30 2.28633e-45 5.19626e-30 4.61423e-51
3.41736 1.10942e-75 9.58263e-21 1.56488e-150 3.81372e-44 2.76255e-102 2.40842e-48 2.13634e-135
0.0380242 3.41068e-08 3.61604 5.3735e-26 2.48762e-22 2.68238 2.62091e-39 1.36947e-41
0.120595 3.96416 1.85447e-87 1.00396e-11 0.130343 4.10538e-58 2.61085e-144 6.41932e-27
0.121914 4.00749 3.91815e-50 1.47843e-11 7.51544e-10 0.882321 0.000766312 1.04088e-29
0.127542 4.19251 0.00623517 9.42423e-12 2.10267e-08 3.00503e-44 0.000782957 1.28795e-29
0.134405 2.36567e-203 4.1411e-05 4.26228 5.52247e-16 2.70645e-14 5.39375e-15 1.2194e-99
0.299414 3.62542 0.00629664 1.75933e-23 1.39977e-07 3.87954e-44 0.000169994 0.00326596
0.359246 8.40683e-40 2.26492 3.73757e-09 3.78291e-34 3.76646 3.08847e-12 1.49027e-103
0.465462 0.88086 1.06382e-10 3.59411e-12 0.205871 5.19621e-138 2.03232e-47 3.22876
0.523396 1.96989e-42 4.64712 2.34893e-13 0.0349779 3.27472e-58 5.62832e-123 1.52704e-27
0.527196 1.70863e-17 3.25277e-47 0.133448 0.00578551 3.07747 3.52176e-08 3.55671e-121
0.58319 1.65064e-18 4.33866 0.00303778 3.58463e-31 1.12388e-49 9.15104e-83 6.34953e-38
0.68084 8.36041e-84 4.29245 1.51663e-05 6.91161e-07 6.59648e-88 4.18442e-17 7.17121e-94
0.769633 9.27358e-24 4.05769 2.92807e-06 2.57489e-83 5.74621e-50 1.09209e-30 6.04613e-07
0.885938 1.24124e-94 5.1513e-09 7.12661e-83 6.52556 5.12451e-31 1.06033e-29 2.22639e-49
1.0314 7.9295e-10 1.12687e-71 7.37914e-05 1.47305e-60 2.4354e-44 1.98975e-23 4.20146
1.03327 9.26218e-79 1.42569e-46 8.25111e-06 5.29387e-30 3.79592e-23 1.23216e-35 3.68101
1.17083 3.15531e-69 4.65833e-14 3.83318e-45 4.00513e-249 5.98025e-138 2.33897e-47 3.71594
1.19947 2.57252 3.49718e-86 0.000829079 3.965 3.45506e-104 1.79126e-145 8.92008e-66
1.22841 5.18936e-95 8.51245e-27 7.00217e-93 4.65152 8.2955e-74 5.429e-06 1.00972
1.31855 2.11821e-42 1.34992e-48 1.79931e-41 2.83991e-35 4.26065 4.60449e-141 1.54248e-27
1.58401 0.926078 1.2715e-26 5.28729e-103 0.259163 3.19522e-74 3.66939 6.26893e-49
1.67259 0.00151694 2.87772e-47 9.85864e-07 4.5782e-27 7.43692e-85 1.99454e-35 3.87748
2.13083 5.78897e-93 7.8516e-82 5.43305e-53 7.1614e-68 2.71504e-109 1.18712e-26 2.61447
2.28237 0.0126965 0.333099 1.29312e-18 3.27114 2.83603e-104 3.41065e-143 6.05568e-124
2.36041 2.15652e-16 1.48438e-50 1.32723e-47 4.80237e-35 2.64355 0.106548 0.917752
2.52614 4.94355e-43 2.58625e-48 1.01653 9.46061e-35 2.41511 4.3592e-42 2.27417e-29
2.59538 0.00376157 2.37001e-63 5.30473e-26 0.128302 4.12722 6.04194e-35 3.11789e-32
2.74674 1.72055e-22 4.42435e-48 8.87257e-48 5.916e-35 2.51893 0.112047 1.47957e-29
2.76803 5.21581e-18 2.42038e-09 3.92238 1.37855e-174 2.16772e-35 1.00456e-22 1.98967e-88
2.7715 1.79543e-24 1.92056e-26 4.84765e-94 4.28484e-22 4.77886e-74 3.46325 6.09044e-50
2.79978 0.546289 0.000878895 2.93408 0.000167568 1.38965e-23 3.2903e-175 8.06973e-90
2.80534 6.54146e-17 4.48101e-06 2.66318 1.38533e-39 2.11638e-46 1.72626e-26 1.23806e-92
2.82597 2.80256 2.84048e-132 4.46417e-57 4.22428e-43 2.72858e-131 1.5922e-37 1.33337e-09
2.90539 5.68572e-43 2.97452e-48 0.620546 0.0354468 2.63519 4.75643e-42 1.28217e-34
2.9435 8.00676e-68 2.58343e-34 3.23285 4.84289e-14 4.13387e-25 9.29918e-30 7.34864e-14
2.96688 3.31246 0.00661041 9.9914e-12 2.23763e-09 4.92653e-58 0.000858462 1.12749e-29
3.11305 3.53297 3.93411e-37 1.07028e-10 2.89529e-26 1.67133e-08 7.44486e-53 1.71656e-13
3.16106 4.8055 3.38069e-70 7.71119e-135 1.2805e-34 8.33163e-10 8.7484e-30 2.66928e-65
3.19977 8.70385e-68 7.04941e-31 3.51431 1.35945e-13 6.03223e-142 1.74036e-14 4.67093e-14
