138 0.735299
192.977 2237.55 7.09332
249.011 1699.75 209.88
253.514 1216.68 630.667
317.44 2028.14 52.9826
470.669 777.064 721.351
1069.71 1331.68 4.60123
1076.48 108.895 726.585
1394.75 591.863 59.4064
3.61917 1661.15 687.128
533.343 1306.31 192.507
1439.43 671.877 10.4553
16.3664 945.718 1292.65
277.687 0.375421 2047.37
681.348 718.693 410.682
690.441 1272.6 146.096
960.119 1418.95 1.86829
1405.07 619.382 13.9595
1484.56 1.26772 711.6
26.2283 2229.01 40.4969
33.9294 990.886 1059.01
410.706 1679.02 36.1144
465.293 787.859 689.515
570.702 777.158 671.08
657.52 1359.92 3.74299
1942.19 10.2026 16.6774
2.02966 954.994 1650.05
2.78639 1581.79 782.526
5.00352 1985.14 496.658
17.5155 2415.21 119.218
47.7568 977.582 1060.1
87.7288 700.051 1082.36
300.083 1117.12 592.851
324.4 1260.94 326.974
398.747 526.77 905.154
437.809 1554.85 161.52
564.297 1153.25 253.922
1250.84 526.602 205.137
41.3555 1847.82 274.614
416.754 1679.08 1.93509
656.635 108.767 1021.32
696.098 10.9458 1409.4
817.471 807.488 356.97
940.398 581.358 262.226
1401.88 172.642 381.691
0.0726215 2253.34 440.299
32.6192 2053.29 62.5792
65.509 1981.42 127.535
243.364 1739.28 164.46
282.22 1641.19 95.0445
383.408 1562.6 72.9225
1322.88 386.25 263.902
63.1785 619.252 1429.21
266.087 626.418 976.946
331.854 1209.55 352.584
640.674 116.864 661.64
696.071 0.617914 1707.73
457.321 1265.09 251.799
645.714 1263.29 187.926
933.204 0.0512775 1661.12
1769.06 450.479 26.8047
411.288 243.957 1258.39
1736.41 831.208 0.0264013
116.856 1985.47 78.2619
704.113 2.75828 1581.07
1097.09 1106.17 0.165112
27.6189 2468.15 6.66547
371.298 1557.31 89.1028
472.851 1319.5 71.0706
769.517 1091.91 158.424
783.651 1264.09 12.4706
878.121 1263.36 36.0466
2.08088 51.184 1886.69
382.833 1821.42 6.59065
412.085 885.623 686.535
915.204 0.151709 1853.13
1284.94 450.875 265.237
1642.76 553.114 14.5158
477.078 1567.7 1.85978
1200.09 0.37388 960.027
1515.22 129.469 390.938
5.97903 321.531 1714.13
22.334 900.606 1312.31
37.561 297.14 1550.87
1.71687 1006.96 1220.36
773.916 0.492325 1789.95
1798.41 422.349 23.9016
2080.39 7.89901 128.503
33.3709 229.652 1601.73
550.406 387.26 1001.32
585.28 1.37598 1686.82
559.389 79.2253 1272.11
26.6611 1398.63 856.234
794.3 992.71 80.2991
0.168502 187.372 2007.4
1199.15 662.094 14.9171
625.171 769.73 555.942
798.465 0.403428 1463.88
808.553 838.135 283.072
937.924 372.054 369.656
1471.57 257.364 211.282
762.206 36.1076 1176.12
406.769 339.841 1132.45
528.682 1078.03 332.883
636.245 166.718 1057.15
993.939 0.621842 1266.45
1077.5 26.5378 834.732
1528.71 19.9443 605.421
757.608 100.784 807.045
1111.85 52.6419 799.283
1283.09 518.646 103.507
1294.88 653.4 56.069
1300.16 463.15 259.289
2532.64 8.79544 16.0571
5.75721 1118.84 1035.79
617.244 1021.29 198.552
1295.86 136.428 510.908
14.8966 1777.68 316.033
191.707 1612.65 254.77
544.492 155.176 1124.89
1563.3 18.0335 488.441
1350.02 453.424 230.043
9.10924 771.497 1583.67
68.1256 209.571 1612.47
360.522 563.769 1118.53
4.43177 882.433 1626.94
172.172 592.129 1077.82
1328.7 4.24702 893.243
1427.8 32.329 663.783
166.542 361.653 1244.21
1.31177 121.774 1922.6
24.4498 1513.72 703.828
45.0649 1433.34 779.276
1405.3 907.907 7.82644
42.5837 1591.53 357.531
1007.83 1022.19 14.6385
14.6602 57.3815 1867.42
200.24 336.225 1375.56
7.04668 268.906 1743.19
931.256 659.609 47.1787
1200.89 6.09331 751.833
1413.01 3.06407 715.656
1142.61 284.839 490.213
1151.28 330.512 318.532
490.536 9.48357 1466.6
767.021 8.4703 1275.19
1386.82 1.90888 950.306
1533.71 0.157416 632.629
3.34551 1563.09 1185.34
82.5926 750.159 1000.48
102.199 217.867 1441.54
215.989 1246.28 490.1
275.493 2031.62 55.8597
324.193 1845.75 7.32777
1165.23 967.864 8.65975
60.8367 803.151 1350
91.1463 1147.79 807.378
1372.18 33.2118 630.383
53.3708 1967.63 169.065
396.707 998.816 658.586
472.878 1.70656 1915.77
1080.99 0.45318 1184.91
1413.67 124.928 485.443
51.1695 851.347 1251.56
79.6171 806.799 1291.51
571.891 201.393 1070.94
773.625 46.4914 1159.86
1017.49 28.0521 871.5
1373.17 258.814 277.794
1607.25 0.883585 482.321
12.6439 555.751 1665.62
243.927 1712.08 85.6111
469.975 1551.98 157.258
426.445 748.942 830.717
500.17 710.402 778.984
668.453 1275.71 102.011
567.601 465.827 948.039
1574.26 126.762 86.1351
1321.25 509.365 153.664
346.981 610.728 1077.14
1982.92 387.024 1.88178
1038.24 212.627 559.202
1229.73 66.4246 684.034
1245.89 53.1419 589.553
0.504453 107.797 2001.46
11.5226 1758.64 640.591
28.7651 160.177 1783.04
105.385 2076.61 38.9338
139.125 534.671 1348.63
182.803 1587 288.804
1547.21 512.336 49.2057
568.457 2.76632 1679.46
1173.62 188.248 382.694
1192.79 111.836 531.844
603.094 472.954 822.285
715.958 796.468 407.678
2028.32 0.676794 406.92
799.229 8.91593 928.282
1281.09 272.488 326.894
1397.67 0.228594 786.59
1884.02 456.106 11.2439
2456.41 63.0952 1.45954
841.139 30.1148 861.528
982.759 262.601 643.65
1476.98 65.2752 455.21
0.0383747 497.234 1698.44
15.9619 520.571 1593.91
1507.44 51.7475 527.915
0.532217 2072.91 178.888
33.7974 1459.07 478.179
44.8298 2406.24 21.8375
1751.23 18.9313 262.466
75.557 664.802 1326.52
492.609 189.783 1215.95
744.213 899.052 255.068
123.282 1850.39 197.009
504.423 609.103 788.25
537.607 924.3 571.84
348.034 1032.19 414.545
1186.01 177.33 547.171
1514.24 338.327 58.8822
1578.22 13.9285 521.47
1972.5 180.992 2.39019
395.887 696.046 884.621
779.85 36.3077 1143.65
643.559 307.682 443.525
1748.55 326.636 81.3133
1804.81 110.899 65.2061
587.297 303.506 987.031
1353.98 144.755 419.224
1803.67 227.666 28.451
2161.38 61.7966 2.08629
78.0254 2046.67 83.0496
204.43 1300.75 580.975
616.149 700.872 605.133
678.812 14.5823 1457.79
1150.68 469.421 276.635
20.7503 1103.47 1113.03
36.139 865.941 1287.21
358.257 457.225 1202.46
421.103 1474.82 170.761
431.385 882.131 710.356
639.897 740.641 441.389
712.596 3.75802 1506.45
223.806 861.75 870.138
1704.65 482.629 9.00599
611.74 29.8657 1447.36
901.049 95.0857 852.969
597.298 89.6228 1148.92
2260.09 2.23985 23.3557
1465.69 38.6705 629.232
9.74464 427.91 1693.12
40.8057 662.65 1469.67
43.6782 1195.13 813.616
71.2901 411.438 1349.45
169.875 1087.8 823.158
1237.32 99.987 650.229
1270.92 102.18 576.564
1341.91 1013.2 1.08034
24.4973 1471.96 921.531
557.944 1525.89 22.7537
669.476 1172.74 191.988
1597.81 821.497 6.23237
1835.58 69.5283 101.594
661.43 801.823 388.989
1149.16 196.458 604.017
1390.8 186.039 216.311
1931.05 172.233 22.2755
2178.06 0.00305407 329.076
0.918927 0.0184265 2185.8
98.1873 5.4966 1471.07
613.908 166.731 1113.21
743.629 8.19819 1284.84
1831.25 588.322 8.48966
21.918 350.348 1489.35
826.235 0.164042 1590.66
48.2551 28.6371 1784.66
1.0441 1958.68 839.011
1.42366 1573.83 806.218
1.73338 2059.01 558.367
4.0678 2069.65 299.072
4.86314 857.548 1399.13
15.3857 1549.71 598.913
55.9684 1020.08 905.726
65.8837 1258.68 641.518
69.6983 953.308 1207.15
77.2023 948.84 1162.01
79.8255 1270.09 616.632
105.682 1323.74 336.74
108.382 1635.34 265.888
199.466 1690.52 232.863
577.385 1502.37 24.277
703.137 1134.42 59.7043
1259.7 325.254 337.085
311.722 2235.44 1.39246
0.143637 0.0245802 2675.59
163.674 1898.24 69.2168
200.398 1756.49 217.878
0.0754007 4.07721 2380.85
13.8541 748.889 1418.13
619.787 15.7509 1393.21
984.531 86.9955 778.734
9.17087 0.00890434 2500.25
292.728 3.23202 1763.62
0.280692 0.0403171 2092.3
32.9263 5.39058 2054.45
617.942 4.17617 1566.43
33.2522 0.761854 1932.28
478.176 0.639663 1757.64
278.734 1649.5 230.982
947.246 1071.45 36.9802
996.762 1277.69 10.3949
2721.99 1.16466 170.391
0.0338219 0.0448737 2918.57
359.927 1131.49 265.804
447.412 36.8753 1300.58
95.8053 4.5927 1874.78
1242.34 52.4168 652.51
304.592 371.466 1226.4
617.019 676.181 657.216
1824.36 604.891 7.30866
19.2879 13.343 1789.44
236.654 49.9604 1345.66
938.732 1220.11 34.0778
1429.59 108.017 394.747
1436.49 13.368 686.565
1605.9 0.0545392 846.077
30.6954 7.06363 2061.3
37.8727 2002.86 199.71
266.005 2198.67 7.07621
983.868 293.611 449.362
297.876 968.295 729.571
319.938 2051.62 39.4131
328.691 1572.02 64.1584
631.644 970.543 266.253
929.769 824.662 256.245
2416.34 161.317 0.510092
11.1543 595.045 1566.33
216.863 359.112 1364.05
391.755 436.867 1080.67
399.128 1406.16 243.014
712.014 2.7462 1626.13
1304.66 0.249308 983.163
1536.07 615.202 38.1675
545.767 229.045 1076.23
429.39 834.67 712.419
492.387 231.924 1098.26
709.741 1019.39 216.392
890.204 877.719 251.13
1096.48 0.348047 1295.41
1545.63 298.149 173.712
814.051 693.562 377.515
525.998 158.596 1272.5
1896.44 421.029 1.30102
315.87 184.519 1299.62
1452.31 75.0846 412.365
1586.31 468.967 16.8907
2057.16 370.897 1.98047
6.25933 2626.14 140.983
22.8244 2270.7 105.901
61.4473 2057.34 40.2554
113.013 567.9 1278.95
168.491 1170.95 768.899
214.468 632.639 955.292
635.72 806.267 532.265
1823.45 13.0776 244.686
10.9565 1541.41 783.191
16.3511 1648.38 307.822
28.7366 924.367 1226.64
169.872 1033.49 830.463
435.87 286.867 1250.41
562.706 905.585 342.214
0.704997 0.0124447 2309.36
831.159 531.126 391.205
2156.39 1.93716 401.604
152.01 378.779 1364.18
361.818 304.882 1173.91
513.522 467.348 850.123
605.028 48.7023 1135.92
1169.79 174.186 565.214
1555.57 38.8664 569.29
2119.25 4.5962 314.993
1279.8 634.048 67.8537
1396.9 340.953 115.399
880.508 754.763 320.019
1070.26 569.555 133.065
22.9095 1532.2 906.215
42.1897 1922.64 269.098
2354.64 1.94155 72.8925
0.393688 1174.8 1630.31
1.11593 988.388 1695.87
1.19688 2059.45 736.831
2.15954 2.17269 2063.65
4.24938 1312.74 947.645
8.5066 782.598 1422.87
13.7865 2525.24 13.2622
14.192 1731.05 628.367
320.822 547.801 1218.07
506.571 1460.61 54.7938
742.073 727.819 374.221
906.366 0.763769 1057.03
6.26807 1002.85 1339.82
32.989 1594.83 376.494
42.8533 1113.35 851.772
44.3652 108.135 1631.69
89.1487 1202.23 685.357
231.647 1227.67 595.517
332.575 949.516 846.825
402.919 1018.95 614.772
743.031 1007.9 200.791
1676.13 104.89 142.098
73.2144 2165.04 22.681
362.56 913.987 833.341
1054.16 301.137 349.588
79.9265 0.00298831 3122.52
1197.69 53.8575 729.344
1408.38 971 2.09627
1961.13 6.47817 195.132
744.336 97.8911 940.567
1703.03 0.350627 418.828
1598.43 6.33758 273.976
592.644 446.285 945.789
2.74085 41.0649 2031.23
215.102 1011.56 784.06
509.297 1.36767 1720.31
562.239 569.998 691.598
1129.67 16.1395 731.825
1714.1 438.24 42.4733
3.90148 1929.69 514.946
25.5119 2294.01 101.792
224.203 1752.66 213.349
686.49 891.774 367.759
1482.86 605.81 44.2195
32.2651 851.105 1301.49
114.181 985.688 919.997
237.238 1097.87 661.808
325.634 725.362 915.141
426.378 327.022 1024.52
509.175 924.987 429.173
711.791 879.341 282.987
1332.89 367.28 242.54
1905.45 336.411 4.04866
495.919 271.587 1056.72
554.074 826.438 472.481
80.9756 1830.2 232.404
507.116 420.565 985.327
827.039 2.75622 1294.11
849.199 3.42702 1174.34
1226.57 4.84152 947.766
1389.69 0.824794 873.194
33.2303 1525.05 591.494
566.176 4.59702 1519.42
1893.08 54.9397 237.08
0.109768 0.964674 2131.34
9.52855 698.586 1514.83
73.5291 1407.61 432.086
226.613 2253.54 0.164164
455.931 973.825 550.221
1596.9 44.7741 459.517
26.5079 1082.65 917.802
348.435 2.78258 1568.61
1854.56 105.907 50.2121
400.634 788.684 813.625
532.632 371.548 1005.37
1249.29 178.492 482.952
621.452 130.575 1069.96
839.99 503.755 422.047
1448.95 483.734 111.149
1627.32 453.87 21.2062
1277.46 185.033 361.956
1363.56 42.9606 552.769
1501.13 571.094 81.9427
1791.81 78.7315 217.717
2065.18 173.515 0.801374
1.86805 1077.59 1202.53
115.654 693.414 1230.46
181.65 754.327 896.417
1523.1 50.2073 479.411
243.185 1741.01 64.922
1897.83 21.3576 162.167
284.449 2063.35 33.07
1764.97 691.805 6.63113
0.0410157 0.00740425 2739.79
380.937 0.2348 1974.21
646.247 26.0018 1303.16
1026.5 7.68023 902.18
