323 29.9158
8.38296 1.48613e-226 4.42186e-51 8.0073e-168 1.65433e-262
0.497722 9.65383e-125 12.1179 5.96398e-53 8.45436e-29
0.0973756 1.8887e-125 0.0367693 5.11843e-55 12.0613
0.0324718 11.4026 1.15392 5.63588e-53 0.891972
0.000920317 0 0.00272569 5.84453 7.08455
0.000264465 0.000324564 8.13463e-81 0.00120121 8.84762
0.000195122 0.000101949 0.00235067 11.7049 0.00551449
1.89103e-05 0.000302794 0.00483872 9.84946 0
8.73575e-09 1.02529e-07 1.64118e-06 0.00334071 8.89342
0.275312 4.34606e-140 11.5616 5.687e-53 1.15908
0.00175722 0.455673 11.0942 5.46016e-53 3.7565
0.0109183 0.00211105 0.000884898 10.9778 1.48657
0.71503 1.26761e-227 0.813296 10.0879 2.00223e-262
0.000206442 0.000261806 0.00531758 10.8242 2.91821
1.71614e-05 0.00445021 0.108349 11.3239 1.13498
1.07705 1.90939e-227 0.209299 10.3654 2.05699e-262
1.12622 1.99656e-227 0.0416817 10.4984 2.08371e-262
0.158197 10.7392 4.0556 1.52401 2.2855e-262
0.0020361 0.0962083 11.8659 7.25437e-158 0.199105
5.75293 2.56553 4.12464 4.03735 2.87563
0.260232 0.816253 10.622 0.0410124 2.09474e-264
0.552396 10.5934 3.41225 0.0428848 2.19904e-262
0.0829243 0.0194045 11.7606 7.18996e-158 1.47852
0.000520681 0.00216958 0.000601743 11.4567 0.192233
0.738191 0.329198 10.0212 0.0386924 2.71135
0.434845 10.355 2.05969 0.132978 4.18674
4.60903e-06 0.000217783 0.0023259 11.5816 0.460507
1.13523 5.44113 6.22942 4.09744 2.77557
2.84805 8.93329 0.389281 2.50966 3.77474e-239
4.42066 1.9714 0.0921271 1.95261 6.84263
0.041555 8.06001e-126 0.0930955 5.01331e-55 11.8137
1.1968 9.16136 0.118777 0.94415 4.67185
8.8454e-05 3.94463e-05 2.70054e-05 4.32902e-06 11.404
0.936672 1.66053e-227 0.466262 9.88468 0.0619709
5.37382 10.872 0.374831 5.96654e-53 2.39445e-262
2.80265 1.24985 0.987126 1.58518e-53 8.75438
0.599057 10.3345 0.0411905 1.91407 4.09818
0.0431324 11.1849 0.0818119 1.8927e-52 7.7971e-29
4.84798 0.993162 5.54619 2.21318 3.28492
0.00140962 0.494997 12.0516 5.93136e-53 8.40811e-29
3.35429 7.05039 0.737325 1.38809 1.90928
3.7016 7.48883 0.455952 4.48606 0.832627
3.33078 1.48537 8.17031 4.39982e-53 2.14494
0.199788 0.404199 10.7507 1.09949 2.13452e-262
7.80931 1.59982 2.56423 5.25785 1.95127e-262
1.26598 10.0132 1.51195 1.32323 2.03086e-262
4.9206 2.19435 6.12815 0.102686 4.13041
5.17615 9.17629e-227 1.02867 1.41133 8.6577
5.02958 10.1755 2.20575 5.97296e-05 2.2819e-262
0.227816 0.860885 11.0409 0.0439563 2.23112
2.03174 0.906061 8.00126 2.22094 0.950985
2.87261e-05 3.70124e-07 3.26766e-05 7.77748e-05 10.0985
2.88664 5.84006 4.26572 2.31854 4.20495
0.410377 3.14139 3.60347 2.35945e-53 8.98172
1.01349 0.736312 4.50566 4.41861 5.33662
0.993196 4.76037 3.18422 5.31319 4.51755
1.70364 4.52522 1.55539 0.612871 8.10823
0.518743 4.10296 4.63497 5.67805 3.56462
4.19917 11.1539 0.00542248 5.86071e-53 8.30796e-29
1.09754e-06 1.30596e-05 3.58594e-05 1.87746e-58 11.6551
0.885936 1.79237 7.19109 4.00225 0.494368
0.0424429 11.0061 3.0689 5.61871e-53 0.0350395
3.8007 4.81997 1.97451 3.4575 6.0687
1.21457 9.29742 0.47086 1.66171 1.88152e-262
7.15014 2.80903 0.237435 1.7765 3.07086
1.23172 9.74217 1.90824 0.301784 0.877795
1.52054 4.03887 1.62959 2.1017 8.03392
0.988838 7.56945 0.720905 7.00889 0.064767
6.56366 7.67698 0.516894 1.34254 2.05496
0.0558192 0.427291 10.2748 1.05082 2.04003e-262
0.613109 0.00789966 10.8635 1.11181 2.15845e-262
1.82634 5.72857 4.95968 7.36433 2.11614e-262
0.45015 0.356101 10.1692 1.04075 2.45446
7.86028e-05 3.42987e-06 2.1938e-05 1.44571e-05 9.39941
0.812725 5.79701 4.82857 2.02932 6.51531
6.17543 4.48651 6.29637 0.0380812 3.92023
5.2198 4.12924 1.85581 6.3158 1.56223
2.27591 4.60448 5.75641 0.187142 3.26862
0.86579 2.71567 0.566455 4.07037 7.92627
4.69156 2.09221 4.23732 6.29174 1.01345
9.02728e-05 3.9391e-06 2.51951e-05 2.51672e-06 10.6335
0.915369 0.408211 0.199183 9.6538 3.84605
1.27883 0.929084 5.68527 5.57543 2.18937
2.24681 4.5456 0.759588 2.06795 7.24681
0.838755 1.69692 6.80813 0.171415 2.99392
2.72509 5.51324 6.99513 0.0928154 0.610257
5.09842 4.19229 1.31177 6.35857 2.49689
7.52379 0.328305 2.09989 3.15335 5.61439
0.310572 8.84637 4.40631 0.588376 1.95477e-262
0.39375 8.18328 0.773693 6.04903 2.44842
3.52768 7.41485 0.105562 1.50937 5.56063
2.12891 5.65482 4.98413 0.0985697 3.96484
0.332517 0.148287 6.45054 1.14356 7.99302
8.36261 3.72932 0.0857825 0.544877 1.84765
1.35777 0.6055 3.72545 7.17003 1.96956
0.420062 0.187328 10.9667 0.954083 0.0686909
5.68978 2.53737 2.00401 0.389417 5.43784
4.88568 2.17878 1.7208 6.68923 0.766261
2.32578 6.17776 5.44504 1.0325 1.73607
5.49701 2.45141 0.0773769 2.4278 7.90687
0.706475 5.408 6.20348 0.744814 5.5234
6.18926 1.26794 4.13691 4.7417 3.00134
0.629996 0.280948 8.5524 2.29459 0.106429
8.12806 3.62473 0.455447 1.59491 1.44158e-319
4.56065 9.22681 0.971977 0.9322 0.0647156
2.49315 5.04399 1.09338 3.07347 5.39463
3.94472 1.75916 1.20434 8.01522 1.5327
7.13202 3.18054 2.51198 1.06361 3.50361
0.438579 0.0191376 10.4674 1.07051 2.07826e-262
1.8315 8.77836 0.489447 0.491177 0.357626
2.96699 7.88094 2.70881 0.111321 4.47773
0.57354 0.416683 8.78947 0.524713 1.77928
6.37047e-05 8.67232e-06 7.31278e-05 5.02978e-10 11.0338
0.814847 1.44456e-227 9.74704 1.2682 1.94639e-262
1.66919 3.37701 4.85854 5.61958 1.42101
0.752873 5.95479 6.72691 2.68434 0.825045
2.40833 1.074 2.17516 3.22976 7.45315
5.77956 2.57741 5.21998 2.19382 4.29805
0.0947246 0.120128 9.05526 1.17426 5.23879
3.84774 1.71591 4.7217 0.820484 5.29278
0.00164566 2.91743e-230 0.00184436 0.00294238 10.2302
0.654644 0.00679174 8.11693 1.45745 4.74564
0.4365 0.00562413 10.4087 1.06451 1.34766
2.34339 7.35036 1.53319 7.43187 2.13555e-262
1.88715 9.04507 0.175864 1.19824 1.83903e-262
0.446402 8.5607 2.75751 2.40819 3.69298
0.348536 2.75672 1.81948 3.95366 6.76855
8.46117e-05 3.77328e-05 2.58323e-05 8.67242e-06 10.9428
2.95568 1.31809 3.62703 1.29996 6.59571
1.89071 3.97409 5.00574 4.89942 1.98311
7.03603 1.44141 0.146392 6.5664 0.125901
1.93586 1.72737 2.95104 7.02389 3.13309
2.22523 4.50195 0.975886 6.08973 3.36874
8.84106e-05 1.20356e-05 2.48793e-05 5.5119e-06 10.515
1.3857 10.6074 0.137525 1.09317 2.12226e-262
2.91497 1.29994 7.15033 3.74407 3.37878
0.121187 3.45191 3.92872 8.49887 3.95383
1.94787 3.9408 4.9267 2.66311 4.08417
2.09703 4.24258 1.52235 4.54422 5.58668
0.075448 0.0336462 1.02423 9.70755 0.0726161
8.25847 3.68288 0.0110388 1.61838 0.36526
0.895704 1.88268 0.58134 9.36257 1.63944
2.60169 1.16023 3.24016 7.71203 1.47473
0.000974795 0.000199697 0.00032008 0.00299895 8.45464
0.204644 1.56653 3.53932 0.686033 7.36821
7.2769 5.75656 0.308247 3.7444 2.39978
5.93021 1.21487 1.94722 5.81247 0.342554
7.41708 1.51947 1.47127 4.8428 3.06533
2.53762 4.4987e-227 9.12704 2.53343 0.240863
4.2604 0.579982 4.89059 4.23268 5.17247
1.46209 3.88362 3.423 7.5345 3.77599
2.99686 9.40006 0.0924317 1.19052 1.96125e-262
2.37377 4.80246 0.505904 4.91857 6.04691
3.65414 2.65477 5.13742 1.82938 5.87339
1.09489 0.48827 4.31182 2.81007 6.92694
0.926858 0.413335 0.201683 9.77496 1.97988
5.56327 1.1397 6.36449 2.28109 1.74244e-262
1.6814 3.4017 1.22062 7.12519 4.10663
0.497189 0.221723 6.74949 9.4843 2.29976e-262
3.28119 3.83774 1.00344 0.306327 8.17309
5.41163 4.28099 0.34651 6.31525 1.59692
0.21378 10.1014 0.803983 1.8749 0.798674
2.77642 5.61707 0.443724 7.47729 0.856535
4.17271 3.03151 1.65909 4.95242 6.08852
4.85472e-05 2.16497e-05 6.04609e-05 1.42493e-05 9.26433
7.38456 3.29316 2.60093 3.42575 1.80737e-262
4.53691 2.02325 2.40743 5.0459 6.20345
2.25114 5.97949 5.27029 2.84226 2.73895
4.06366 1.8122 1.24065 8.25689 0.376193
1.22071 8.70707 2.66744 0.546726 3.64656
5.30663 2.3665 4.79284 0.448193 6.2586
4.62313 3.94949 6.91607 0.800451 0.127639
4.2989 1.9171 2.28113 6.22639 3.44433
7.45745 1.01521 0.151156 6.88095 1.73997
2.14139 6.71676 5.81524 2.44398 2.55119
1.52206e-06 3.19922e-06 6.27692e-05 5.74671e-05 9.65185
3.09558 6.26278 1.35758 4.46857 1.22352
0.298138 6.19618 7.05586 3.78932 0.402807
0.479919 2.30024 8.4514 0.212789 1.27757
1.39685 1.63379 7.73116 2.14597 4.76499
3.23616 6.54719 0.689699 2.95877 6.56105
4.35187 3.16168 1.06901 7.68155 1.86262e-262
3.91981 4.97102 7.09492 0.071527 1.38449
7.96353 6.29973 0.95891 1.80525 2.04405e-262
3.94884e-05 1.761e-05 1.2056e-05 8.0236e-05 10.4181
3.04728 6.40509 0.12914 6.48465 2.30414
1.77067 8.48679 2.78877 1.18081 1.81227e-262
0.0262864 0.546309 9.69029 0.99174 2.33887
0.305347 2.41512 0.67878 8.6417 0.358004
0.215222 0.435423 8.60544 0.231244 2.06701
0.213763 1.69074 0.8259 5.43348 7.5425
8.2791 6.01485 2.0337 0.620842 2.06264e-262
4.01701 8.44337 1.817 0.566791 0.0594901
1.46018 2.95414 3.6932 1.32368 6.71605
3.51179 7.10484 5.18954 1.22829 1.39085
2.75679 5.57736 1.73476 2.60505 5.77667
0.212661 9.42344 3.03206 1.28382 1.45372
3.7739 1.68298 4.70004 0.372393 7.63735
2.67279 3.95426 5.42876 4.69845 1.70137e-262
1.17741 9.01298 0.540898 1.61169 4.65127
6.4731 2.8867 0.0911165 4.60724 7.0122
0.673826 1.78982 6.87852 1.9093 4.23947
4.3315 1.93164 0.921632 3.03362 7.47801
4.97625 3.6153 1.22238 0.0789191 7.05764
1.05597 8.08337 0.409375 0.834035 6.80557
0.945995 2.51276 3.14801 7.57433 3.41935
0.262727 2.07802 2.34747 9.02645 3.21744
7.60345 5.52399 1.86774 2.56252 1.95742e-262
3.99933 7.09002e-227 3.29895 7.26143 3.53484
2.25749 0.46247 8.2881 1.11539 2.5889
0.965544 7.63689 2.47616 5.63067 1.94452e-262
6.59171 2.93959 2.32168 5.2794 1.82321e-262
1.33717 3.5518 3.13054 1.68829 8.24327
5.46803 2.43848 1.18983 1.63245 7.11057
0.102919 0.814027 2.95111 8.78824 1.35506
2.76587 4.90334e-227 9.94797 0.129938 0.0643788
5.89839 2.6304 0.609901 5.92967 2.10694
0.288896 5.54018 4.57616 6.79486 3.91979
0.438636 0.513036 8.36871 0.105657 6.9646
0.535291 0.0233577 9.49291 0.565772 0.378727
6.99781 5.08398 2.78238 3.11808 1.89575e-262
0.328633 1.0308 7.38946 2.56287 6.54922
6.24163 2.78347 4.47501 4.38031 0.368563
7.33268 3.27003 2.58266 1.09353 1.23826
3.90637 2.83802 5.49203 6.9094 0.0627235
6.68671 2.98195 1.42276 0.0743232 6.18679
3.98468 0.542448 4.5741 0.0606918 7.41995
0.0324189 0.248164 4.43413 7.93878 3.54119
1.85907 8.34014 2.38259 3.57788 0.0596344
5.80653 1.02938e-226 6.60451 1.16738 5.08897
1.50947 4.00946 4.87296 1.73521 5.57104
4.72122 2.10544 5.79357 4.16348 1.28279
6.51466 0.0839387 0.615271 5.98188 0.677288
1.15729 2.34136 1.71018 8.95696 1.38107
4.13407 5.24274 7.48275 0.22018 0.637623
0.493284 0.576954 9.41134 0.118821 3.74102
0.471859 9.80662 0.178751 0.097852 0.0612238
1.29652e-05 5.78186e-06 1.61469e-05 9.30016e-05 10.8165
1.16574 2.25549 2.88786 5.3858 5.48904
3.72912 4.36164 1.14042 8.19473 1.11386
4.12804 1.84091 1.45395 8.16955 1.86473e-262
3.60597 7.29536 2.61776 0.50868 1.69e-262
3.47144 0.711162 3.9714 4.86514 5.98122
0.687182 1.21824e-227 8.21994 0.200093 4.92792
3.82892 7.74643 0.111087 2.91372 4.58718
4.15886e-05 3.71094e-05 6.33979e-05 3.40476e-05 10.3144
2.10854 6.61374 5.72604 0.113242 5.16248
2.91322 2.11649 4.09575 4.98499 6.12857
3.30398 6.68439 2.39853 0.466079 2.34179
6.48125 2.89033 1.37905 0.651867 6.07901
1.67834 1.49758 5.03921 3.58692 5.45928
2.76353 5.59099 2.00619 4.1136 4.43766
0.948534 7.26093 2.0418 0.203954 6.30779
0.449342 0.0196073 7.96868 5.86685 1.68996
0.288425 0.558047 7.78834 3.5599 4.92558
0.217036 0.193661 5.15354 9.22678 0.420383
1.83847 3.71947 9.29506 0.273095 0.0634845
1.02998 4.93668 5.65189 6.92382 0.40805
2.2023 1.74218 3.19399 7.60214 0.346362
4.31664 7.65255e-227 3.56069 7.83756 1.93971
6.72806 3.00039 4.20719 3.42167 0.802327
1.43484 0.0184874 1.63217 9.40082 3.75613
3.47311 6.15713e-227 3.95041 1.4067 8.62929
5.07249 6.43283 2.63521 0.512072 1.70127e-262
1.64715 0.734553 2.02128 7.77221 4.72159
0.771834 5.90831 6.77738 3.63977 1.92028e-262
5.72759 1.17336 0.87583 0.143406 7.75153
3.06873 1.36851 3.76575 4.61321 5.6715
5.37974 9.53722e-227 0.0504002 0.0213495 8.52645
7.87951 1.6142 2.58728 1.09549 3.60863
5.99544e-05 4.74283e-05 1.39181e-06 5.62022e-05 10.7529
2.69695 8.04779 2.54077 0.5272 1.51421
0.973645 7.70097 3.76179 0.513274 2.57891
6.54552 1.34092 4.37503 5.01463 1.86101e-262
3.18087 1.41852 4.08353 5.07101 2.92534
3.73231 9.91378 2.05852 0.0415308 4.27534
3.8068 3.01145 5.52099 4.77827 4.41013
1.97423 4.14965 5.22688 6.3617 0.300344
7.21701 0.314918 0.252529 6.60721 0.389391
7.10031 3.1664 1.16462 4.21525 3.68092
1.36264 6.53108 2.14613 6.40621 1.38249
6.94703 1.42317 4.6434 2.26682 2.95328
5.63551 2.51317 0.336791 1.84 5.34819
1.87197 0.0816844 4.19777 8.21724 2.25723
5.59681 2.49591 6.9703 0.948353 0.0581648
1.06271 8.40542 1.12885 2.54493 2.66159
8.02363 1.64373 5.363 2.61811 1.99988e-262
2.018 4.24163 1.51098 0.293611 7.8338
2.29007 6.0829 1.2917 6.26128 2.45869
3.02705 0.620124 3.46301 2.91414 7.18349
7.70133 4.79017 0.856493 3.67431 2.35486
6.13307 0.0636287 5.08266 2.73357 4.8311
2.16082 6.7777 1.38241 6.84715 2.00817
7.25611 1.28636e-226 5.98538 3.2279 0.0620002
4.47754 0.0576913 0.422878 8.04003 2.20855
0.84862 4.06742 4.65669 5.70466 4.85039
1.5619 4.89912 0.0481735 7.2025 0.978995
6.41583 2.86116 0.352772 4.57185 4.21962
0.33864 9.64586 1.87561 3.37416 2.05144e-262
1.98875 6.23799 5.40073 2.26978 5.03989
5.09206 2.27082 0.0522337 7.80954 1.06151
0.458243 0.204355 8.88954 0.80285 1.49192
3.56669 7.21589 2.24441 3.37037 0.0561757
3.20982 6.4939 2.33017 0.452797 4.37288
5.54255 4.94561 0.701497 3.00939 6.67328
1.45053 0.646868 5.71237 0.352807 7.78564
7.93941 3.5406 2.79636 3.13375 1.90527e-262
3.7478 6.64409e-227 0.744808 3.49277 8.20451
3.59368 0.156812 8.05857 0.795749 0.0552428
1.0464 2.11701 0.0449471 8.07652 3.47247
3.63689 6.44749e-227 0.0741296 10.4368 2.18117e-262
4.60836 9.68634 0.1379 0.967312 0.0671531
6.02885 2.68858 0.0618431 6.23733 1.82932
0.555406 0.0242354 9.84963 1.00805 1.957e-262
4.73656 2.11228 0.181297 9.27618 0.0449639
5.35153 3.88794 0.381588 6.26028 3.6114
6.85833 4.98265 1.6847 0.108767 4.95847
6.81845 3.0407 1.45079 4.07814 1.25649
4.3405 3.15342 6.10238 2.17299 2.26831
1.62389 4.31338 3.80179 5.64504 4.7152
5.7072 2.54514 0.313808 5.71925 4.26384
0.277961 4.92769e-228 3.32491 9.57282 2.0006e-262
0.542558 0.00699064 9.61343 0.0946665 3.74851
0.00326043 5.7801e-230 0.0010488 0.000444077 9.19405
6.39999 1.31111 1.26952 6.08328 3.81902
6.33809 1.29843 7.25089 0.235728 0.852581
6.21831 2.77307 0.37162 3.34657 4.35729
4.82123 2.15004 5.9163 3.89148 1.74305e-262
5.59768 4.42817 0.249506 2.88051 6.44935
1.78432 0.795723 0.62846 8.87756 0.0568074
5.12158 9.07954e-227 5.73997 3.10272 1.20773
2.49039 0.0320877 2.83288 6.74265 3.88615
3.42044 0.700713 3.91305 1.56148 7.17251
1.98575 6.22859 0.33456 6.18495 2.42871
6.43394 4.67432 0.00568447 3.62324 5.01322
2.20609 6.91969 5.99094 0.0362339 1.85799e-262
1.5949 3.2267 4.03395 0.3217 7.09919
4.48791 3.26052 0.283886 5.07728 6.24202
1.87057 3.78442 1.35794 2.78441 6.8637
0.359595 6.896 1.37232 6.43547 3.77899
2.26186 4.37625 5.60322 0.443953 6.19939
4.44465 3.22909 4.5317 6.50975 1.94343
0.85566 1.51692e-227 3.07754 9.16475 0.385909
1.51308 3.06116 3.88397 4.72722 5.81166
7.02874 6.27174 1.98238 3.88264 0.65138
1.29536 1.64275 7.52438 4.18774 1.29026
0.190853 1.50954 5.47256 6.76149 2.63553
8.38198e-06 6.41633e-05 7.36012e-05 1.00139e-05 11.163
0.377914 0.168532 7.33121 2.96162 6.56737
8.20739 3.66011 1.78591 1.10553 1.02091
3.49907 2.54211 3.5676 5.29732 4.42475
3.87941 4.53742 1.18638 5.75077 4.80352
6.25418 2.78906 2.2028 5.54203 1.79204e-262
0.391498 0.17459 10.221 1.04531 1.32335
0.792086 9.88883 2.76618 5.06447e-53 2.03244e-262
0.669905 5.12806 5.88236 0.706259 6.5231
2.27585e-05 4.60435e-05 5.84194e-05 3.13739e-05 9.50446
3.45344 6.98678 0.148339 0.189091 3.21769
7.65152 1.04163 0.729246 3.12843 5.57002
0.0525791 9.32122e-229 3.11224 8.93065 4.00584
1.61353 5.06106 6.04206 2.76084 3.99797
3.25 2.36116 3.31365 0.309869 8.26759
0.48501 0.352365 7.43275 1.99419 6.40255
5.82654 1.19363 3.89446 1.9012 6.10399
6.60856 1.35383 2.16996 0.918791 5.92694
4.58147 2.04312 1.39874 4.76028 5.90897
5.90357 2.63271 2.07931 6.20676 0.74057
0.000433632 0.000877297 0.000314796 0.00294945 8.31508
6.06987 2.70687 2.13788 0.415431 4.01202
1.50807 0.672529 0.531162 5.93128 5.25066
2.82738 3.30696 0.864659 6.21317 4.37938
3.39396 6.86643 2.46385 0.195177 3.32124
1.29114 10.96 0.080721 1.86746e-52 7.69314e-29
1.78804 5.33558 6.40056 3.4374 0.0572929
5.04661 8.94663e-227 5.65595 3.72024 2.52006
2.05358 4.15466 5.27139 5.15942 0.0543107
7.99149 3.56382 2.8147 0.546949 1.81714e-262
0.414234 1.98541 2.27305 8.74031 3.11545
8.07969 3.60316 1.75813 0.536715 3.57978
5.52502 9.79477e-227 1.07366 7.88332 2.61225
2.04902 4.30685 0.0613147 8.52622 1.928e-262
1.18125 0.52678 4.6519 8.83906 4.20055e-194
3.61836e-06 3.22866e-06 8.59182e-05 8.79319e-06 9.8022
1.25018 9.56997 1.8755 0.58504 1.94369e-262
7.08781 3.16083 6.40157 1.33546 0.0632712
2.95196 0.0380348 3.35792 7.99232 0.291706
4.63455 5.42066 8.11191 0.0415691 2.1756
2.87551 6.04404 0.632082 6.14532 2.18357
1.81174 8.68363 1.32885 1.16299 1.78492e-262
5.99948 7.0171 1.79407 0.118355 3.72637
1.1625 3.64633 4.35312 5.47655 4.57447
1.32711 9.46601 3.07476 0.12636 1.98168e-262
5.28811e-05 2.30749e-06 6.02057e-05 5.89269e-05 11.2742
6.97518 3.1106 1.48414 1.43002 5.2683
6.88123 3.0687 4.42572 2.99866 3.66008
3.15623 6.38548 4.06794 3.30842 0.775771
2.1716 0.968432 5.32688 2.35283 5.21738
0.403903 1.9359 0.63614 5.96024 5.23546
5.23337 9.27772e-227 1.68345 5.19423 6.27338
6.11729 4.44428 0.0708378 2.0222 6.49246
3.39837 7.14304 0.276522 7.23498 0.426388
3.22833 10.1261 1.42406 0.0412691 4.2484
2.75753 1.22973 6.76414 2.98765 4.01753
3.40409 2.4731 3.47075 7.6396 1.85245e-262
0.903881 4.33228 2.89787 0.685886 6.99217
1.73394 0.773257 2.12779 8.18174 2.58591
0.623351 1.26112 5.05971 3.29747 5.14352
2.30322 2.05516 3.51105 8.35678 1.88969e-262
0.859747 6.8001 7.68184 0.249739 0.903253
1.20636 9.54163 0.183054 2.86416 1.46134
5.64134 2.51577 7.02576 0.84354 0.0585606
2.50107 6.64336 5.85542 3.15782 1.91991e-262
6.76597 1.38608 2.22165 4.55539 0.751374
1.0919 3.42491 2.96522 6.52685 4.60047
7.78984 3.4739 2.74367 0.807905 0.724197
4.45249 3.52225 1.58301 3.8309 5.83061
1.80476 3.79344 1.25752 4.00828 7.23739
2.18593 5.17892 0.889357 1.69457 7.78386
0.311141 6.46643 7.36361 1.00187 0.391889
1.1282 8.63629 0.822509 3.52852 0.375084
3.99555 3.16077 0.255838 9.11823 0.243807
6.53747 2.9154 4.68712 2.54759 1.29982
5.25634 1.07682 6.01335 4.32142 0.802069
0.135318 0.648574 7.92518 3.20763 1.6923e-262
4.21978 3.60492 6.31267 3.3902 4.55884
2.14275 0.955565 0.754703 8.42748 2.62053
7.61541 6.79522 2.84588 0.105586 0.421327
0.559376 4.28197 0.407809 7.75353 3.45856
0.409702 0.182707 7.94787 0.717804 6.62972
3.6295 7.34296 0.155901 0.0182153 4.69964
3.55333 1.58462 4.36042 0.347735 7.67374
5.91215e-05 5.2754e-05 1.53977e-05 5.93334e-05 11.7763
4.05255 8.19885 1.77726 2.77408 1.91839e-262
4.15326 1.85216 5.1725 0.409826 5.72284
5.32011 0.232146 6.057 1.4275 3.18841
8.18696 1.11452 0.288835 0.745487 6.8854
4.22992 1.88634 0.90002 8.43378 0.307819
6.88967 5.88577 1.76088 0.549285 3.59984
1.54659 0.689707 0.544729 5.10378 7.08483
2.3074 4.46437 4.14532 2.23557 5.71281
3.11903 1.39094 7.6509 0.755494 2.01673
3.41047 7.16849 0.655444 3.21272 5.7201
3.15742 1.40806 7.74507 1.50124 0.0537011
3.08131 2.23861 3.14166 4.66486 5.63403
7.84706e-05 3.4241e-06 2.19011e-05 3.28884e-05 9.96324
5.44764 2.42939 6.68499 2.66761 1.84477e-262
1.07046 3.35764 4.00847 7.47573 3.63916
1.04521 5.00967 0.994477 3.27339 5.10596
0.0016322 2.89357e-230 0.00279178 0.00173407 9.76867
4.64559 8.2357e-227 3.04194 0.330425 7.29172
0.680931 5.38577 6.08411 4.37227 3.91887
7.19941 3.21059 6.50236 0.128595 0.0637136
7.46616 3.32955 0.155596 2.43453 4.89391
4.66938 2.08232 1.64461 2.63586 4.96234
4.7816 5.18791 2.26953 4.3312 4.92433
3.36427 6.80638 2.4423 2.37473 1.64223e-262
2.1642 5.74174e-05 2.46162 9.09016 2.31652
0.581298 1.17604 1.49215 8.59436 1.50492
0.161571 0.144169 3.83651 6.8688 6.52834
5.42678 6.34726 2.53355 2.3338 5.18205
0.242102 1.91488 2.16318 8.31782 3.73096
4.8163 0.98667 0.00364954 3.08694 7.60945
3.74217 4.37691 4.7501 7.05314 2.02672e-262
3.9394 8.28024 1.7819 1.65337 1.22079
0.251413 7.16128 5.91079 2.48414 3.80946
0.734635 2.30428 0.0226582 7.63434 3.17276
0.141182 1.11667 1.26146 5.78098 5.11761
4.75271 8.42562e-227 5.32657 2.12554 6.17814
0.438049 0.195349 8.49778 5.53225 2.43356
1.6241 7.78429 3.8537 2.36315 1.33181
6.93359 3.09205 2.4421 3.914 1.75314e-262
8.31538 0.10714 0.785339 0.853526 4.22342
6.76792 0.0872019 7.69867 0.609979 0.327098
4.98673 1.17035 5.82617 0.792688 6.46818
0.789686 5.63268 4.69169 6.96641 1.12212
1.06844 3.85119 8.9537 0.263065 0.0611531
5.0417 2.24836 1.09707 5.14467 6.32487
1.48393 7.11242 2.33716 4.79224 1.77847e-262
7.89317 3.51998 0.111106 3.48608 0.370572
5.84668 2.60734 7.28149 0.576926 1.91673e-262
3.46408 1.54481 4.25089 0.738672 7.53029
3.1283e-05 2.67247e-05 4.67984e-05 5.6959e-05 9.5665
2.31214e-05 4.67777e-05 5.9351e-05 1.39877e-05 9.09426
0.874973 1.10962 5.08246 4.82198 4.09989
8.04734 3.58873 2.45689 0.934692 1.81459e-262
3.68235 2.67527 5.17709 6.51317 1.04912
2.98179 5.28612e-227 0.592578 4.25808 8.29181
2.80456 7.44949 1.54683 0.102045 6.72649
1.42172 4.45943 0.04385 1.6063 7.84293
0.0670753 0.513455 9.1743 0.546783 1.18461
1.39849 0.623661 3.43046 6.71522 3.87034
2.44824 4.34024e-227 0.787537 2.42993 8.56209
0.73641 5.25267 6.03297 2.75669 4.87195
0.588905 2.82261 0.431941 8.36508 0.352237
3.9379 7.96691 0.169149 1.15249 1.30501
2.9517 6.20419 2.21009 0.429462 5.99703
0.430066 0.00554123 7.62022 6.97655 2.47892
6.37991 0.278391 7.2636 0.872096 0.386124
2.30047 4.65417 1.67003 6.4919 1.23449
7.74976 3.45602 2.98914 1.08553 2.44382
