189 3.67993
1900.65 673.08 101.008 22454.9 0.340789
0.0914884 0.377257 0.983428 21192.8 242.46
776.111 242.077 693.119 22165.3 0.062296
1.22188 1.61426 2.04859 20631.5 332.041
9.20436 1.86848 0.499614 18891.2 1.55722
1.92379 0.482377 3.37744 19527.6 70.9876
97.4715 0.79203 151.284 19858.4 5.10016
1066.01 61.9458 1296.22 18634.6 0.309433
2113.5 18809.8 2230.43 1053.51 120.829
3308.96 69.3869 2.08788 18127.1 2292.86
3224.14 1124.01 1824.04 17875.8 104.117
112.889 2.07528 62.823 17408.8 2178.11
3417.78 8.63947 6.22353 18483.5 17.5855
3.01504 1.74319 5446.21 19641.7 45.426
0.00792139 0.000689145 18948.7 27.9849 850.228
2650.39 5863.27 7251.58 16854.3 1.80004
3.22993 4.59379 18.3453 17073.1 4685.26
0.0668932 0.00343963 0.00116189 17469.2 2660.01
34.0139 1.02124 0.0507333 18767.5 722.902
95.8367 0.0975639 66.8244 20440.2 93.2351
40.1356 16.3943 42.0774 17646.1 2407.17
843.868 5718.74 4523.14 17703.5 6.46275
12.8829 1.4224 0.619548 20386.4 63.3793
2.32472 2.2796 4395.52 17836.2 240.983
125.037 15799.6 9529.67 9620.53 30.9458
0.0641152 0.0581729 0.379422 19972.1 3154.44
0.473274 0.226223 6482.89 17742 8.2036
0.659684 0.175593 14.703 19760.3 1291.53
3845.28 369.544 1534.46 17765 69.6539
99.2719 306.374 17554.2 0.000112815 1076.59
2.528 0.0611034 0.0190167 18230.5 751.5
835.97 15.5788 6769.3 17390.3 50.2846
237.707 314.748 16460.1 9.31356e-05 692.562
0.0468556 6.19487e-05 11070.7 0.000870366 2.72966e-07
387.652 0.745148 11368.2 0.000652006 1.06193e-05
0.035145 0.616998 17541.9 905.69 921.681
2048.67 3.51847 10959.7 0.000168604 1.5503e-06
3942.26 6.57869 8364.86 0.000130901 5.90005e-07
3564.47 22.0098 10228.4 3.76123 63.9074
9.98517e-32 2.34055e-25 1.38316e-18 3.19025e-09 4901.48
8.1932e-41 1.2824e-31 2.11742e-17 0.00010196 4898.14
5026.3 1.51017e-14 0.0458116 2.61229e-16 3.86972e-10
4905.58 4.65728e-14 2.06807 0.000446212 0.0276512
5046.65 3.00607e-13 0.00238824 4.50456e-15 2.257e-10
4910.05 0.000385559 8.43904e-10 3.93778e-13 3.63881e-05
4900.96 4.56078e-07 2.00794e-10 1.41723e-07 8.05525e-05
4900.96 4.96659e-09 6.83873e-10 5.09314e-07 6.38011e-05
4888.79 1.78433e-07 3.78125e-10 4.17348e-07 9.92975e-05
0.992504 6.52339 41.6298 268.921 4650.08
4915.3 2.19424e-11 45.4382 4.79576e-07 1.21161e-09
4900.96 4.47586e-11 1.9235e-06 2.7852e-06 5.21038e-07
4910.41 4.69206e-10 49.1356 1.10831e-09 5.19944e-08
4890.47 349.234 1.55578e-06 3.90375e-06 2.70154e-07
4894.18 1.00311e-07 3.32667e-10 4.01812e-07 9.61813e-05
4900.97 5.12647e-12 1.16763e-07 8.82703e-07 4.38457e-07
5217.98 0.00519168 0.00776346 2.65276e-13 2.34255e-11
4900.98 1.28434e-12 2.67672e-08 7.18068e-09 2.48448e-07
4906 0.628683 0.0272027 3.33999e-11 4.42906e-12
4936.83 0.434579 0.0041883 4.85739e-12 8.21664e-11
4973.18 0.0722392 0.311941 19.9572 3.43002e-14
5109.53 0.110073 0.0851943 1.09482e-11 2.18197e-13
4900.99 6.72866e-13 2.22175e-08 2.37701e-09 6.11975e-08
4906.34 0.053998 0.0206819 2.46049e-11 5.79431e-11
4919.3 1.16299e-13 2.70807e-09 5.22793e-10 9.93752e-11
4900.98 2.56786e-12 7.31599e-08 1.91283e-07 2.14648e-07
4900.99 1.93774e-12 2.87915e-08 9.21104e-08 7.74487e-08
4895.5 232.645 3.48157e-07 2.94345e-06 2.68464e-07
4999.84 3.86689e-16 1.47281e-10 2.78612e-10 3.83988e-10
5011.1 4.59074e-15 1.89894e-09 1.21667e-10 8.29633e-10
5299.8 0.300745 0.00113704 1.55335e-13 5.16224e-12
4.53409e-45 2.68072e-38 5.88369e-27 3.1073e-13 5074.61
2.51008e-19 6.18132e-17 9.57398e-11 0.0421739 4856.85
5035.3 3.48663e-17 1.07546e-12 1.14548e-12 1.60374e-11
4899.27 134.502 1.28258e-06 7.30339e-07 7.18419e-08
4900.1 92.2158 3.28338e-07 9.36217e-07 1.84143e-09
4900.85 40.0029 1.57205e-07 3.00658e-07 7.09865e-08
4900.99 9.3539e-13 1.662e-08 4.26718e-08 6.79254e-09
4901 6.53161e-13 1.02354e-08 2.24174e-08 2.03046e-09
5122.29 0.225301 0.0032222 4.87342e-13 5.82875e-14
4900.99 1.94404e-13 1.85275e-08 3.69286e-08 4.33412e-08
5030.22 2.29302e-17 3.54199e-12 1.68683e-12 9.22396e-13
4855.79 2.9705e-05 663.959 2.82972e-11 2.04089e-07
4900.97 5.42038 6.59762e-07 4.52864e-08 3.41526e-08
4900.99 1.50587e-13 1.93434e-09 2.56737e-09 3.75842e-08
4971.66 3.30934e-14 3.06924e-10 4.2051e-10 3.54041e-09
4899.79 70.5113 4.94538e-07 143.886 8.03564e-09
4901.54 25.8042 3.33783e-07 77.3523 1.41422e-11
4920.27 1.30672e-13 2.12667e-10 2.7207e-08 2.82898e-08
4949.95 2.28988e-14 4.70466e-10 1.49046e-09 1.61152e-08
4992.44 7.07288e-14 1.1874e-10 2.25017e-08 2.45271e-08
5059.74 1.88611e-17 8.78634e-12 4.42422e-13 4.43061e-12
5227.65 4.11714e-20 1.10092e-12 2.25869e-13 4.0753e-13
5575.24 5.78983e-19 3.56721e-14 2.55258e-13 1.08963e-12
6163.08 2.31261e-17 1.00729 1.15888e-14 1.94084
4900.74 45.4248 1.41751e-07 1.92031e-06 1.47139e-07
4901 1.42731e-13 2.26382e-09 1.26239e-08 4.26516e-08
5014.65 6.13195e-17 1.69462e-12 2.061e-10 4.49327e-11
5232.37 1.0507e-16 8.27044e-13 6.22384e-11 6.05992e-12
1.32204 8.20135 48.0492 319.142 4049.7
4905.61 8.99021e-10 3.44953e-11 1.55028e-05 1.09766e-08
5274.52 7.75397e-18 1.91465e-13 3.76215e-12 1.68048e-12
5559.56 0.743426 1.13245e-13 16.9658 1.53796e-12
4974.56 0.0525965 0.0017674 0.552538 1.5049e-14
4947.38 5.63617e-08 5.11123e-05 1.68827e-13 5.90493
5161.39 1.58823 0.685104 0.649981 1.57763e-15
5212.38 60.5091 40.2727 12.778 4.96073e-16
4893.06 289.45 8.43066e-08 9.31081e-07 1.29256e-08
5027.62 0.00743186 7.7331e-05 0.0242086 1.12817e-14
4900.7 58.4852 5.85793e-09 4.50294e-07 2.83257e-09
5103.42 0.0829925 7.93114 12.9267 2.40811e-16
5230.48 0.00286969 1.8746e-06 0.00793609 1.07692e-14
5532.23 0.00106471 7.74265 5.89888 7.46876e-15
4901.62 49.8444 1.44069e-09 2.2341e-07 1.61225e-09
6302.12 7.86571e-05 16.8425 25.1708 4.45279e-15
4897.75 204.82 9.64677e-07 3.56069e-06 6.71549e-09
4902.01 43.852 3.15252e-08 5.33821e-08 8.77006e-10
4901.17 7.91026 3.57096e-07 3.00768e-06 6.88599e-11
4898.82 160.702 6.42549e-07 4.23054e-07 1.22369e-07
4899.39 130.866 2.95163e-08 1.99251e-06 1.93399e-08
4921.06 2.00965e-07 1.30727e-05 1.90307e-15 4.80719e-07
4908.46 7.44099e-13 4.72743e-14 3.03829e-10 8.86629e-07
4933 1.00066e-07 4.169e-06 2.17393e-16 1.4647e-07
4875.49 6.30163e-08 1.41028e-06 1.02505e-15 546.845
4897.52 192.869 1.25766e-06 2.20922e-06 8.13699e-08
4898.35 160.118 1.10279e-06 1.37008e-06 2.34076e-08
4899.76 108.974 1.16957e-06 1.24262e-06 2.48827e-08
4902.6 6.24094e-07 2.35571e-05 4.46407e-11 3.3094e-05
5458.69 3.68314 1.30322e-07 4.47186e-17 62.5376
5620.44 0.0386363 1.48971e-07 8.23927e-17 43.0671
44.0341 44.0306 62.2377 88.0125 124.489
4900.97 4.57375e-05 0.000377201 1.75878e-11 2.45155e-05
4900.35 78.6474 6.20038e-07 3.37786e-07 7.98461e-09
4892.22 307.208 1.33226e-06 1.68256e-06 2.63393e-07
4900.02 96.5178 1.0773e-06 1.23837e-06 2.26014e-07
4900.09 92.4785 9.23511e-07 4.30875e-09 8.70238e-08
4900.88 30.0621 3.29278e-07 3.09448e-07 1.12557e-07
4901.17 3.73921e-10 6.23738e-10 4.27097e-10 1.80554e-07
4905.79 2.9295e-09 2.36209e-10 8.89654e-09 3.59719e-05
4900.97 9.60902e-11 8.45709e-10 6.92905e-09 7.98173e-07
4899.88 106.289 3.16221e-07 5.81e-07 1.22021e-07
4900.97 1.49657e-05 0.000319664 1.14415e-11 1.94007e-05
5067.14 6.96082e-13 3.68407e-08 6.87133e-16 8.11257e-11
5680.5 0.989933 2.86662e-08 1.32273e-16 3.43793e-12
4900.98 12.3221 1.64926e-07 2.63246e-07 1.18205e-08
4903.78 2.99047e-10 5.26047e-12 1.77758e-08 3.24109e-05
4900.93 13.6191 6.29817e-07 3.38946e-06 2.28354e-07
4900.94 9.73751 5.48943e-07 1.68909e-06 5.24801e-08
4900.95 9.47198 1.60336e-07 4.37424e-07 2.7513e-08
4900.97 2.47649 1.36853e-07 3.86216e-07 1.4248e-08
4900.98 0.808415 7.13535e-08 5.73182e-08 1.5608e-09
4900.98 2.22397e-06 6.18399e-05 2.78467e-12 8.11262e-06
4900.98 7.89778e-07 2.04749e-07 2.02106e-12 2.7649e-06
4924.16 6.11613e-13 3.27358e-14 1.40511e-12 1.09121e-09
4914.74 3.95136e-11 2.31818e-15 5.63709e-12 2.35063e-10
4945.97 3.82629e-12 1.55911e-16 4.39292e-13 6.88835e-11
5224.86 9.24685e-13 3.99733e-17 5.89162e-14 5.10075e-11
5251.54 1.04349e-13 6.38852e-18 3.63667e-14 8.74189e-12
4898.2 208.485 9.10501e-07 1.12503e-07 1.26978e-09
4960.65 3.07218e-12 3.13451e-18 1.28966e-15 2.80084e-11
4964.32 2.13724e-13 1.58406e-15 2.01923e-14 1.06067e-10
4969.1 2.16494e-12 1.0238e-16 2.69101e-12 1.84422e-12
5015.99 2.01444e-13 1.0884e-15 1.28574e-13 6.24188e-11
4998.33 7.79817e-15 1.0611e-15 7.77159e-15 1.05253e-10
4900.98 2.76782e-05 0.000137418 1.92518e-12 9.68914e-06
5049.58 2.63825e-12 1.31333e-16 5.14301e-13 4.36294e-11
4909.32 4.65966e-07 4.64342e-05 6.32466e-16 1.83534e-06
5117.93 2.96079e-08 3.21169e-07 6.23231e-17 4.14647e-07
5272.79 1.48145e-07 2.56078e-08 3.10836e-16 1.58205e-06
4916.25 3.07833e-07 2.80724e-08 8.43234e-15 4.38748e-08
5049.04 2.79526e-13 4.31153 1.31365e-13 2.49027e-11
4895.81 247.7 1.88197e-08 2.75932e-06 1.68123e-08
5056.64 1.64755e-13 1.14189e-18 16.6247 2.14742e-12
5747.85 3.4891e-13 10.1829 2.57337e-14 1.14003e-11
23.1292 70.7919 228.92 737.327 2382.76
5609.23 1.06121e-14 1.71392e-19 3.74667 1.62209e-13
4899.1 166.62 2.3787e-07 1.45756e-06 1.2499e-07
4911.95 9.42471e-11 5.37759e-16 0.000329894 6.32309e-06
4936.71 0.504438 1.07955e-19 0.0181796 0.870916
4899.3 127.681 2.06468e-08 2.73994e-08 7.8114e-08
4898.66 151.669 2.64147e-07 2.22585e-06 1.52936e-07
4910.79 0.32606 0.0672922 8.76292e-10 3.73026e-11
4905.81 0.0137292 4.82077e-10 4.09227e-10 2.86748e-09
4892.28 309.497 1.13931e-06 1.32615e-06 1.95907e-07
2.24105e-33 1.12173e-29 3.47684e-19 1.40084e-12 4945.14
4903.71 4.56139e-09 1.43101e-11 4.70547e-08 1.61098e-05
4915.51 0.861659 1.46208e-13 1.04604 7.00587e-11
4900.99 1.54817e-05 0.000207977 5.04391e-12 4.11813e-07
4900.99 5.80251e-06 5.5289e-05 3.16087e-12 2.94576e-07
4910.83 2.12598e-10 4.56008e-11 1.17718e-10 1.82134e-05
4901 2.3456e-06 2.66121e-05 4.45863e-14 1.25615e-07
4901.37 6.74401e-07 8.04829e-06 3.05764e-12 7.56744e-07
5077.61 6.65586e-05 3.04278e-11 6.8371e-07 6.82139e-14
19.871 98.5239 309.889 1012.13 2655.82
4901.17 9.04656e-07 3.99691e-06 0.0001575 8.40323e-12
4901.82 3.46869e-08 2.35692e-10 0.0829892 0.42332
4902.41 0.00478327 3.18131e-11 1.79614e-09 5.28624e-11
4950.89 5.2519e-07 1.36111e-06 1.37439e-06 1.52154e-12
