1 0.0190764
0.0839849 0.0770451 89.0529
0.750917 46.3589 77.7718
0.847457 9.45128 88.6736
0.946827 6.89998 88.1529
1.03282 71.0578 56.0283
1.56458 5.03008 88.7163
1.57573 41.0391 79.8245
1.79413 61.629 63.1366
1.9774 23.1394 86.6882
4.07861 21.7628 85.8972
4.25985 38.4139 81.9188
4.65968 81.6638 39.8625
4.6751 61.3111 64.423
5.11781 29.5115 84.9469
5.16604 86.8089 25.0523
6.24871 86.5447 22.4763
6.66511 40.544 79.5601
6.67853 78.6123 45.8712
6.68735 78.6589 43.1175
6.79912 63.4008 63.0059
7.03566 24.4857 84.1957
9.02428 82.3694 36.1551
9.38004 86.6489 18.6395
9.96464 38.2302 80.8058
10.0922 88.6005 4.81933
10.1077 34.9875 82.3689
11.0929 54.6796 70.6691
12.0198 32.4847 82.2412
14.1498 22.8244 85.385
15.1884 56.5153 69.316
15.2014 30.4962 84.0549
15.406 26.1805 84.0988
15.5843 30.4811 83.0879
16.835 15.6127 86.1773
17.1679 42.2551 77.7926
17.951 85.6854 18.6723
18.5355 87.1351 7.56992
18.6683 55.9982 68.8023
18.7722 61.2241 62.7636
19.6226 55.6641 68.7204
19.9412 0.643007 87.3987
20.1506 83.612 28.6416
20.3042 52.2254 71.6385
20.774 33.8902 79.263
20.9193 71.9316 52.4376
21.4455 59.1463 65.375
21.9812 9.15463 86.6031
22.8722 85.2812 19.5089
22.8783 77.758 38.837
23.2322 83.1758 22.4354
23.8538 32.7316 80.2737
24.6531 61.3738 62.2137
25.5339 3.63301 84.6867
25.5391 85.313 15.2473
25.8793 24.7283 82.1344
26.3078 33.9588 77.7011
26.3253 48.4812 71.3305
26.415 11.9968 83.3274
27.0907 79.5892 25.6102
27.3145 49.2219 68.967
27.3583 17.4807 82.7816
28.0926 0.978223 84.1627
28.2486 31.3491 79.9693
28.773 68.5804 49.6919
28.8567 25.4895 81.1272
30.1739 76.7849 35.406
30.8647 74.4432 38.5616
31.3386 26.4191 78.7914
31.4585 31.2274 78.6329
31.6266 18.3708 81.999
31.9753 83.6781 16.0396
33.1173 9.89966 83.1452
33.481 55.5287 60.7623
33.5458 29.0698 78.459
34.3051 61.3175 54.9756
34.445 31.869 78.2961
34.5638 33.2158 78.0778
34.6457 30.1847 77.4523
34.694 52.9088 65.0362
34.8807 65.8159 49.4931
34.9873 1.10453 82.5705
34.9892 46.6382 68.964
35.0035 57.2258 60.2586
38.0419 68.3102 43.0602
38.218 33.4686 74.5573
38.2297 79.7778 9.1816
38.3543 9.36938 81.2337
39.2957 18.0612 78.3382
39.3779 37.8135 70.9162
39.6116 48.2804 63.6907
40.0177 79.8934 1.83334
40.0305 57.1492 57.2043
41.7767 79.6837 0.624608
42.0104 66.9872 43.9508
42.2947 41.1902 68.0145
42.8354 60.1272 53.81
42.9208 64.4915 47.2618
42.9261 4.22367 81.0889
43.0136 56.7211 54.3223
43.6606 8.04905 77.209
43.9131 77.0171 9.77839
44.3529 29.8499 72.6145
44.469 74.4041 20.8629
44.6932 39.5299 68.6946
45.2951 12.6521 76.3248
45.7435 29.5858 71.6549
45.7557 28.3702 70.5587
47.7981 75.2234 5.17914
47.9539 39.6545 63.0944
47.9954 5.92463 75.369
48.0605 25.0469 70.2018
48.1214 12.297 75.3002
48.4491 36.4922 64.8637
49.1295 34.7806 66.2065
51.3212 23.2244 69.8027
51.9087 64.4804 33.543
53.4338 70.3957 1.17115
53.657 52.6293 49.411
53.6885 34.5259 64.0083
54.4305 24.2915 68.2751
54.7583 6.51335 73.412
55.6093 60.1561 36.6015
56.4997 63.2432 32.0549
57.7695 16.673 66.3956
58.0505 43.2887 54.3828
58.5756 49.3148 46.835
58.6469 65.4545 11.893
58.8885 26.4079 63.9142
59.064 36.1973 56.0577
59.7214 62.6123 29.0901
59.9485 45.3018 48.7669
60.2221 51.2111 44.7985
60.8376 1.1504 68.8589
60.9161 57.5914 34.5343
61.2106 67.4058 0.330941
61.2711 15.9804 62.424
61.8625 12.0317 65.1622
62.6128 61.9574 14.3863
62.6214 22.0926 59.9839
62.7176 63.8082 4.45559
63.3037 59.5877 23.2068
63.3454 57.7082 25.6278
64.0666 1.46546 63.7011
64.2405 32.222 53.0713
64.2522 27.9918 58.518
65.1253 42.1957 45.7827
66.0934 19.1984 60.1759
67.0119 54.3465 28.1685
67.4532 29.5756 51.2075
68.3342 42.037 39.6124
68.9152 39.0093 42.8137
69.0626 56.3966 12.1839
74.0691 51.3481 1.73674
74.1948 14.239 46.5556
74.457 32.4798 38.3332
74.8114 43.1075 27.1155
74.8636 49.3037 12.1346
75.1598 32.1636 35.2133
75.3656 45.5972 7.67973
77.0924 33.6439 31.1715
79.7272 17.2606 38.9333
80.5163 27.6213 27.7791
80.6685 37.373 2.5643
80.9084 16.2686 35.4805
81.3628 37.5788 0.737575
81.3682 35.322 13.2772
81.8205 35.7113 7.56355
82.3878 1.41367 36.8528
82.6467 30.4294 19.0904
83.6912 28.3736 23.2254
83.8401 10.9608 27.0566
84.0533 30.9606 5.45033
85.7166 17.6215 15.8494
85.8255 21.0976 6.49718
87.4758 4.31175 9.75196
88.2338 11.7151 1.5666
90.0304 16.0977 0.825535
0.0182044 0.112125 88.7575
0.810964 89.4513 3.70072
0.811647 89.5614 0.648772
1.09109 67.3337 60.4254
2.44582 1.1241 87.795
2.61447 79.3489 43.2125
3.59694 81.425 41.3115
4.02237 70.9066 55.9931
5.20369 87.4109 21.9177
5.70921 32.9202 83.5376
5.97528 82.6394 36.152
7.05425 42.8976 77.5479
7.31797 85.3855 26.1053
7.88218 21.3013 86.0182
8.27658 73.8698 49.8792
8.34555 86.898 22.0476
9.59599 88.6485 2.16479
10.1422 34.8397 82.0696
10.7776 53.7497 70.6901
12.8824 18.1512 87.2471
13.2514 72.4218 49.4042
13.9848 89.0889 0.833133
15.1275 37.2319 80.4725
15.5864 26.9205 83.7059
15.8859 41.5735 79.5137
16.0752 50.9882 71.9142
16.4284 39.4693 79.2237
17.936 86.5626 17.3734
19.2599 10.4303 85.8288
19.4314 59.6501 65.2226
19.5664 16.9859 85.0795
20.8153 66.0199 56.5037
21.3104 55.7649 68.15
21.504 80.716 32.7646
21.6442 86.0732 11.8766
21.6751 58.1237 64.7332
22.3168 85.3454 18.8151
22.6748 37.6068 77.4178
22.7759 45.6813 74.5554
22.9161 3.26053 85.4491
23.8155 83.8446 18.8933
24.5149 61.3811 62.1718
24.7369 15.2998 83.541
24.9309 73.407 45.0744
25.1574 60.2109 62.1637
25.3189 40.8007 74.1813
26.2616 79.1623 35.7939
26.7804 40.4281 74.9158
27.407 75.5867 41.8041
27.6202 44.5538 73.0021
29.2467 17.8788 82.4853
29.434 74.7339 42.0548
29.6626 75.9817 38.0778
29.9205 23.385 81.5028
30.0303 7.58454 84.0447
31.017 27.0183 79.0715
31.6597 23.5854 81.2594
31.8449 1.63289 83.3932
31.9005 69.6479 46.0579
32.2286 82.8897 15.9883
32.7407 53.3142 64.312
32.9103 83.7517 3.23505
32.983 66.4494 49.292
33.1512 57.124 61.2941
33.9807 30.6253 78.3676
34.5547 73.8327 37.1009
34.9456 29.4653 77.0469
35.7433 39.2601 72.1635
36.3246 64.6696 50.2434
36.423 46.5738 67.7544
36.8868 59.0651 55.4561
37.5443 53.1726 61.4774
37.7877 62.1211 54.6063
38.0755 80.186 9.21295
38.1324 22.167 79.8954
38.3884 52.4985 61.4742
38.9477 34.1082 72.7642
39.3283 80.5265 5.99174
39.4617 62.9245 52.2736
40.1478 78.8618 17.2119
40.4312 61.9018 47.5071
41.3857 56.2467 57.2513
41.702 77.2285 10.2208
42.1859 64.8141 47.1797
42.4727 55.9126 54.441
43.3094 66.0671 42.7096
44.2616 78.6806 7.8797
45.061 75.0043 20.2637
45.0612 47.0124 62.89
45.0921 74.2587 23.6232
45.1716 73.6916 19.6137
45.3496 71.3687 27.7985
45.5748 11.7095 76.3671
45.6815 18.6691 75.6502
47.0908 38.3791 67.2744
47.1451 72.7231 21.1866
47.2852 40.5376 64.5162
47.717 64.6561 42.2115
48.5401 60.4388 46.315
48.6996 38.9921 63.257
49.9963 74.9921 6.76868
50.176 14.481 72.928
50.2287 66.176 33.5105
50.832 21.7418 69.8613
50.915 34.2663 65.999
52.9119 61.2768 36.1718
54.0388 37.5364 59.4363
54.1251 9.82362 73.2324
54.9538 32.214 62.6482
56.0177 55.3353 43.7871
56.3423 69.5515 7.58344
56.5944 68.5982 15.3485
56.9006 19.3742 67.0296
56.95 36.4788 57.0162
57.1834 53.6944 44.4522
57.2142 58.2092 36.595
58.7717 17.5689 65.7748
59.2792 66.7024 1.59431
59.8847 62.34 29.0619
60.2265 6.84965 66.6685
61.8105 32.1216 58.1622
62.1246 53.0958 36.5127
63.0569 28.3261 55.9392
64.5175 60.7863 21.1692
64.8633 58.5477 22.5894
66.037 61.4946 0.825263
66.2557 60.2131 18.305
66.7407 60.1459 4.47416
66.9127 59.449 3.92929
67.2659 55.5045 25.5977
68.955 52.2698 20.826
69.1646 17 53.3956
70.0731 30.1845 48.8902
70.3491 51.361 25.1224
70.5423 31.2627 44.3019
71.236 19.8525 49.6588
71.5752 41.4803 35.5801
71.7171 31.4468 42.9422
71.9826 51.5991 10.667
72.2302 29.4847 45.8413
72.8117 18.9893 51.5563
73.1334 50.2634 12.1527
73.2817 42.9549 27.1812
74.6942 50.6582 1.73916
74.8939 48.2943 12.295
75.6837 33.3108 33.5072
75.9948 15.623 43.4336
76.1724 9.69131 46.9671
76.5408 14.1434 44.1556
77.1132 45.1111 5.19159
77.2041 33.3089 31.3015
78.8502 39.5517 11.0493
79.4029 12.1074 39.6578
80.21 33.4234 22.9014
80.5176 32.3158 24.7656
80.7 24.3547 30.0333
80.9279 37.0832 2.5676
81.1279 27.8287 27.3378
81.5202 33.0057 13.6197
81.9844 21.5923 29.4773
82.3089 29.7624 22.7001
82.9779 30.5651 14.6481
83.833 13.9363 26.7397
84.8531 25.2152 23.2649
84.9114 29.1271 5.03323
86.649 11.5028 18.1463
86.7448 28.806 2.31196
87.3049 6.04045 9.74434
88.9046 1.53593 4.86965
89.9919 16.1465 0.82527
