123 2.62428
11.8544 1.18147e-07 0.0135564 1.26128 0.430946 0.775068 1.73491 3.23937
0.284402 0.524037 0.993396 0.57384 0.722772 7.83413 2.72066 1.37756e-08
0.25439 12.4416 0.442435 0.222016 1.99829 0.0600131 0.566366 3.17485
0.194655 0.223293 1.49323 1.91038 4.86212e-05 1.69998 2.7187e-11 8.76901
0.0661324 0.00451305 0.0101302 0.381645 0.0505351 18.6712 0.0849856 0.000120929
0.0124001 0.258853 12.2208 0.0634409 5.34252 1.14713 0.0009567 3.13717
0.00459976 1.7413e-07 0.0860389 0.0229072 14.8074 0.967045 3.20491 3.03975
1.70542e-05 5.1446e-05 0.106949 19.1826 1.99944 0.845951 0.0408599 0.0505956
2.98229e-09 4.19452e-06 4.70858e-06 1.77497e-05 5.38356e-07 0.00209443 16.0774 0.0239794
2.36418e-10 1.56325e-11 5.74704e-09 3.83279e-08 8.06689e-08 3.69079e-11 5.42081e-05 12.0006
4.84696e-14 2.2006e-12 3.09982e-09 2.06402e-06 0.00107926 0.00410016 0.00668829 13.7281
6.01565e-17 1.27354e-18 5.13781e-16 1.3435e-15 1.17678e-11 3.51187e-10 11.7254 2.27196
7.45537e-06 8.89727e-05 0.0796369 15.0623 0.163047 1.24306 3.01679 0.0305465
1.77007e-05 0.000154504 0.120886 17.4156 1.08469 1.63883 0.2873 0.0500822
1.24074 11.0995 0.0221799 5.15674 0.675708 1.49291 0.512568 0.291691
0.122516 4.04534 11.4986 3.50862 1.97738 0.620405 2.49606 0.135293
9.58693 2.49262 6.9752 0.0762421 6.20277 0.00332127 1.18202 1.70572
10.7417 5.93746e-05 1.27232 0.379037 0.315725 0.0724258 0.376308 4.13986
0.168271 0.0505207 0.810249 0.634999 0.00940517 16.6881 0.053112 0.00345533
6.26557 0.0656049 0.610527 13.016 0.804563 0.191558 1.68445 0.245944
0.0902345 0.27809 0.00174008 0.00437064 14.2043 0.805687 2.32083 0.246516
7.8523e-07 0.000710831 0.000301542 0.0346118 12.7455 0.437035 4.47313 0.0219248
2.26677 5.5677 10.4675 0.139427 0.000182108 3.42997 2.41331 0.000226341
1.72477e-12 1.63544e-12 3.30563e-12 2.22306e-11 3.16313e-09 6.54711e-09 15.1296 0.0279427
3.89103 10.5863 0.696101 1.48905 0.000246849 4.15121 0.37231 1.01137
9.13765 0.479779 2.70748 3.57938 1.64165 2.01502 1.63163 0.11802
11.0677 0.0312422 0.519249 0.0250048 1.25069 1.91319 5.45248 0.340714
1.19045e-10 7.93317e-11 1.83886e-10 7.46336e-10 7.30538e-09 1.22305e-08 14.4258 0.79713
8.58545 0.0301663 0.601679 0.0158567 1.72112 1.67927 0.745267 5.00054
11.6276 0.543936 0.0601509 1.9519 1.30131 2.88642 1.96643 0.815256
0.00214584 0.141279 0.0506351 0.0017443 0.199977 15.3318 0.0602923 0.00547372
0.000182523 0.01354 0.56073 0.149351 0.116523 17.7027 0.0383595 0.00985508
6.96758 7.12528 9.1251 1.64426 0.070089 1.54149 0.0768943 0.50641
0.0444822 9.56397 1.2308 4.64757 0.0102061 4.8443 0.396437 0.307255
2.69561e-10 5.26519e-09 5.02022e-08 0.00858994 0.0127088 1.04145 15.9997 0.00603894
0.792462 10.1167 0.294746 0.366237 2.39315 0.217231 0.016112 0.307564
7.53953 5.86044 5.54539 1.66929 0.390795 1.85254 0.13786 1.03402
0.000599294 0.00179485 0.0021017 0.012917 0.0339258 0.01846 9.04385e-06 9.24674
0.072884 0.000628761 0.000523069 2.31667 0.123678 18.0075 0.311632 1.3583e-05
0.142215 6.95427 9.95393 6.22953 0.453111 2.04498 0.3964 3.13443
7.22499 0.211824 4.44422 0.0560197 0.00126915 2.08163 0.148735 2.67237
0.631854 1.66262 10.3288 0.511299 0.00123373 3.77421 5.56659 0.000935961
0.268951 6.32049 9.48307 0.209131 1.66488 0.44066 2.82783 0.269294
4.72641 2.80918 8.42244 3.85032 1.10465 0.0715167 0.281563 1.19893
4.92926e-11 4.79806e-11 1.2714e-11 9.66061e-11 1.29736e-07 1.54688 0.551747 12.7876
0.488658 0.364726 7.42956 0.0815946 0.0238674 3.84568 1.03986 1.17621
1.14903e-13 2.74466e-15 1.08962e-12 1.73511e-12 2.51434e-09 2.10591e-08 5.84634 11.3817
5.56922 8.62123 3.75095 0.160653 6.54592 0.0071016 1.02045 0.0224805
4.09814e-09 2.93844e-10 1.25004e-06 1.6239e-06 8.75442e-09 0.00181473 13.8148 0.0134766
5.34187 9.85788 1.40553 2.45621 8.71485e-07 3.06871 1.90232 3.17731
7.82017e-10 6.99116e-10 2.47185e-09 1.55086e-08 1.3156e-07 7.39551e-08 1.96822e-06 9.80711
6.25691 8.95815 0.045366 0.762595 4.65499 5.58293 0.453155 0.0991041
0.0880084 3.58714 6.41974 0.11669 0.000455701 9.10472 0.0143923 2.55525
0.445075 0.0446403 0.218651 0.0474053 9.42637 0.37028 2.07898 4.30664
0.46826 0.0983585 0.108493 4.1814 0.00527269 2.21245 4.50314e-10 10.3785
5.16875 0.571071 4.86189 0.945322 6.18126 0.695065 2.09769 2.00393
3.52589e-05 0.000119235 1.44212e-07 7.68011 1.41769 0.170364 1.12386e-08 11.0915
0.00177983 0.000174292 0.00504993 1.84576 14.4278 0.478063 0.118847 0.294257
1.17694 0.909562 5.69666 10.7967 3.54757 1.77185 0.138346 0.107034
9.43016 0.00540934 2.84891 0.0889657 5.37236 1.10345 0.0857672 2.49487
0.18894 9.15364 0.0585414 3.95654 0.0256319 1.43985 4.10463 0.425103
0.000127653 0.00351122 3.20565 1.8146 11.6264 1.50715 0.172644 0.282918
0.0022603 0.00119075 0.00366216 2.26084 0.325244 1.04928 7.25563e-08 10.0951
8.36627 1.23073 3.33731 1.55053 2.15295 1.77304 0.120795 1.40449
3.95285 0.736484 4.04581 0.0522949 7.69362 0.96921 3.23684 2.63031
7.81836 0.0685155 0.28981 0.115954 0.0165651 9.71928 0.0340681 0.890972
5.09003 7.82577 1.8354 5.7115 3.87312 0.0400331 2.11017 1.94475
0.294479 0.00862485 8.71352 0.793521 0.0552022 1.08095 1.34963 0.886926
0.000101869 0.000764207 0.000296571 0.00060031 0.0975403 0.00239732 12.9796 4.0337e-05
4.17224 3.82287 8.5484 0.380478 0.000172096 2.65217 4.9319 0.000618505
6.30861 3.98965 4.17735 0.430472 6.68684 0.00485412 3.99291 1.33293
0.355614 2.37249 7.76141 4.76534 0.0692457 3.14582 0.0859815 2.79951
3.82725e-06 9.69604e-07 3.5262e-06 8.32506e-08 6.13889e-10 1.18397e-07 12.469 1.83753
3.3657 1.92463 5.64558 0.179747 10.3375 0.0763812 0.765157 0.843122
2.32539e-13 1.37204e-10 8.06276e-08 1.51462e-07 1.91833e-06 1.16272e-05 4.48956e-05 13.1711
2.66391e-08 4.99622e-05 2.87859e-05 0.0168113 12.6817 0.229957 7.53922 0.00486166
0.00502181 0.0594995 0.0721557 2.22356 12.3943 2.8856 2.55798 0.059871
0.0415927 7.24957 4.31774 1.55306 0.112312 4.51098 4.1474 1.22941
2.85376e-10 1.48176e-13 2.5706e-08 1.16543e-07 1.23852e-06 3.85813e-05 3.80817e-06 12.4559
6.6225e-05 2.87128e-07 0.000146274 0.00018238 0.0316724 14.8788 6.30078 0.0144426
6.43849 0.430757 3.08083 6.87658 0.0226307 1.31127 0.0585605 3.25488
1.4637 0.000592874 8.14974 0.889296 0.10231 6.29947 0.796173 0.71689
2.32842 7.50144 4.56914 2.26621 1.35899 0.0915544 1.1851 0.167868
7.9636 0.973806 2.20178 2.85903 3.72772 4.94708 0.081883 2.5396
7.60797 0.859262 3.72533 2.49164 0.411323 0.392445 0.000321159 0.294525
9.51144 4.11254 6.72035 0.25556 0.207891 4.31823 0.113215 2.42609
1.32934 1.63958 0.132607 0.617343 1.18367 13.6119 1.71607 2.13543e-06
4.63129 0.891245 7.84276 2.21167 0.0188742 3.86494 2.16575 0.737802
1.96832 2.36419 1.00731 0.562574 0.00222354 1.62455 11.4425 0.000172161
0.686668 0.667231 8.15783 4.24187 1.87275 2.80165 0.336543 2.23056
8.15325 1.01026 2.61879 3.78567 3.39747 0.284533 3.79324 0.230558
8.78979e-05 0.00403894 0.000717863 0.00412182 0.2483 0.0381902 13.3896 7.87962e-05
6.83188 8.17229 1.13935 0.744798 0.576542 0.0259903 1.33118 3.38484
5.96939 0.390106 3.65012 1.44266 2.55808 3.45905 0.161949 1.5445
1.85872 1.75706 1.40403 2.10621 0.167902 3.46639 2.22591e-10 8.35334
1.97346 3.05514 2.9982 3.5032 2.53107e-07 2.0544 1.52912 8.07542
0.143065 0.0696342 2.63726 2.81535 1.46439 1.93995 9.72556 4.00311e-05
1.86687 7.39063 5.89826 3.89898 0.0325897 1.78412 3.73295 5.56935
1.28213 1.42388 6.21461 0.855666 2.08198e-05 7.30414 0.637004 0.0636152
0.36075 1.8943 9.74463 0.400452 0.0281596 4.60132 0.96473 0.712942
5.39844 8.32966 0.201684 4.00446 0.592638 3.23238 0.293078 4.81324
0.00103803 0.0280859 0.709129 7.05654 6.437 6.15544 2.20013 1.25328
1.03517 5.42468 4.69823 2.5472 3.40192 4.24874 0.0283183 2.2785
6.47592e-16 7.80103e-16 1.26974e-07 9.56479e-05 5.43983 0.651656 1.76697 9.06308
6.68912 2.09968 2.22168 1.60001 3.9522 4.49646 1.39144 0.141495
0.000624738 0.00014443 0.0774551 3.4509 0.386456 8.36604 0.920271 6.87928
0.652133 7.594 3.51318 3.49514 4.68327e-06 0.27709 0.0738248 4.03104
5.87918e-08 2.10354e-08 3.03383e-08 8.82388e-07 9.87082e-05 4.18069e-08 0.000309029 11.658
0.430012 3.28596 6.61809 2.71184 0.753142 0.107024 5.24429 0.00227784
2.34203 1.60839 5.39301 6.92336 6.96609e-06 2.98031 3.57034 3.10506
4.88395 1.34321 0.0564572 6.52429 0.716355 3.13005 1.66953 5.61132
0.748518 2.06549 0.794459 10.1198 3.03922 0.213133 4.55675 0.888448
1.53825e-05 0.000438875 0.000630788 0.409236 11.8908 0.00689011 1.50091e-05 1.43951
8.23784 1.65577 2.43387 2.68507 3.35846 4.79782 0.258568 2.05409
3.2896 2.8673 0.208313 1.22292 9.14056 0.179118 3.6698 3.53393
1.58893 0.543535 9.90143 8.01446 3.8656 0.386476 0.336674 0.510415
1.54593 4.29276 0.504678 0.14131 4.82511 11.1069 3.94807 0.0172296
0.488782 6.88087 6.19536 1.2037 1.25293 0.0506275 0.667331 1.48959
0.00386169 0.000327457 0.0176365 0.115652 0.124509 10.1001 4.23102e-06 8.59612
1.19492e-08 1.66604e-10 1.53627e-07 8.28112e-08 1.72372e-06 2.34931e-08 12.7497 0.00669512
1.24192 1.51704 7.23811 2.20673 5.26318 1.43505 4.31101 0.19086
7.23677e-09 1.46334e-08 7.17003e-09 8.23591e-09 9.22884e-08 0.00274725 9.06352 0.00339392
1.22817 0.605186 0.519041 0.701563 0.150377 12.6967 0.543439 1.83444e-07
3.69493 5.62813 2.09553 1.83839 2.83487 6.7747 0.34671 0.0957868
0.000453586 0.00035617 0.00066428 0.00135821 1.07258 2.39482 9.39041 0.00163215
7.50884e-06 3.68122e-06 1.96849e-05 0.000129722 0.00023975 0.0176748 10.2988 0.000276076
4.59262 5.27475 0.0360593 4.28319 1.31413 5.44049 2.58872 1.95991
0.034999 0.0266889 0.0788734 1.36885 9.98227 1.32457 0.490192 0.340139
6.55793 6.2056 2.1805 0.0780836 11.0343 0.00517119 0.849664 0.671797
0.000359935 0.0499024 1.40318 2.9521 1.59416 12.2768 0.126574 0.398974
0.238285 0.0886237 0.279665 9.94063 1.49931 5.50176 0.0800665 2.35266
2.14888 0.822367 3.88571 10.5171 0.227833 0.107991 1.8351 1.17101
0.0682588 0.246123 0.565277 0.0279467 0.0305153 14.0428 0.00084726 4.27062
0.010058 0.293662 0.180849 3.46243 7.07861 0.90442 8.38357 0.0419253
1.49803e-10 4.5293e-12 1.10767e-09 2.8838e-09 5.56145e-07 6.13417e-07 0.000371601 7.5464
0.0213181 2.87142 0.0393373 7.19555 4.36176 0.911974 6.67603 0.00285151
2.23382 7.93916 0.863583 1.82201 1.89962 5.72541 0.19908 1.75367
0.605568 7.64616 1.42529 2.89342 4.00372e-06 1.44001 2.19201 2.83621
2.91332 2.67826 2.78233 2.28152 0.00152807 5.33873 0.91679 3.6879
3.49653 4.60273 9.19005 1.01865 0.0144819 7.94854 0.0198143 0.470103
0.541685 5.939 0.271811 4.7864 0.00182341 1.18164 3.48085 1.12975
6.59848 1.08981e-05 2.06231 9.68653 2.03753 0.538053 2.23603 0.0338985
6.84938 1.84511 3.66093 0.734294 6.35938 0.180603 1.2523 1.00561
0.00983148 3.95033 2.38729 1.16847 3.80671 1.10433 3.11391 3.85062
0.0204658 0.400433 0.0248805 12.0077 0.00189795 4.51479 1.80605 0.143541
0.139228 0.313026 9.50162e-06 0.000915709 0.485249 13.3427 4.17067 0.129971
0.0168961 0.00230366 0.0229282 2.33703 10.8492 1.35454 0.47892 3.63002
3.74008e-15 4.91962e-16 1.02406e-07 1.08497e-05 0.000124481 5.08284e-05 3.84231 13.3262
0.0568648 1.53873 0.594123 11.0519 0.813148 0.000349765 3.87039 0.115238
3.23076 3.79528 3.59244 0.225212 7.85358 1.98342 1.60872 1.23395
1.51444 4.4736 9.31476 2.9042 2.05488 1.70244 0.464019 0.572972
2.47552e-11 7.34805e-11 3.91433e-07 4.85191e-08 2.56202e-06 2.56277e-05 7.15113e-06 13.5457
0.165357 1.1906 0.043069 3.03534 5.87938 1.44297 5.96204 2.13687
0.308209 0.338732 0.13364 1.71076 1.15379 2.7046 6.86604e-09 8.93979
7.06075 0.0552324 0.0272373 2.42789 2.89801 4.23802 5.78887 0.018901
0.638083 0.370449 0.302439 0.645836 2.76013 4.54888 8.27756 0.00933324
1.96138 5.1042 2.52717 0.809586 0.667152 2.55738 6.02583 0.243641
3.08275 3.91003 4.17957 7.6334 0.017596 1.26639 3.66622 1.31494
0.121692 0.0900751 0.270772 0.518089 0.247923 0.195948 0.000323412 7.90448
1.68417 1.33265 3.40251 3.43467 6.03792 7.0989 1.57685 9.11779e-06
4.16837 1.45363 6.81657 0.0100057 1.47392 2.07297 4.37341 0.0229464
0.361243 0.567329 0.796408 9.4411 6.59654 0.000169528 3.35259 0.565286
1.95849 3.36249 4.65102 2.6123 3.6766 0.159721 2.27042 1.78587
0.438319 1.51335 5.68407 11.2405 0.74494 2.4292 0.0614547 0.0288074
0.00400098 0.0734294 0.0581892 0.000563725 0.147887 12.4787 0.608682 4.77287
5.72451e-05 2.5423e-05 2.67132e-05 0.000300727 0.000544401 0.000189043 2.63011e-07 10.6414
0.171208 6.45385 5.43692 2.04169 1.73269 0.863255 2.03708 1.19801
0.873832 2.02518 7.06485 6.53305 2.6595 2.36703 1.75396 0.00143479
0.3123 0.000199481 0.0524407 3.93918 7.58597 3.27219 2.91933 5.37157
0.267843 0.341246 5.21589 7.8716 6.10247 1.00534 0.127378 0.420214
3.20108 2.52711 2.70393 1.76699 0.268405 6.68757 4.00427 8.55571e-06
0.407738 5.80133 2.34567 0.70809 1.37286 6.82432 0.307221 1.37739
0.0239149 4.01602 1.62112 7.23713 5.15261 0.00839076 6.00944e-09 3.32613
0.411125 4.919 1.22813 9.0785 0.10537 6.31031 1.28861 0.234509
2.66789 0.117361 2.4865 3.36736 0.0344296 10.5428 0.640771 0.0405364
0.0461945 0.160993 0.0624474 8.67384 0.0628045 8.84798 0.0509014 1.08353
1.55288 1.05555 4.44499 0.000438606 0.0215793 8.05629 6.93562 0.0942972
3.79638 6.10885 0.0319895 5.64492 1.57302 7.15009 0.00110618 2.884
5.44146 6.01254 0.986452 8.31553 0.884283 0.00242904 2.73915 0.125496
1.33009 1.37033 0.0723462 5.54503 2.26492 0.305533 7.11286 0.220987
8.0453e-05 0.00206538 0.195953 0.592562 11.171 4.86589 1.72822 0.370531
0.321651 8.09958 2.27619 2.59177 3.98851 0.010125 0.916203 2.16091
4.2441 5.15045 1.45483 4.32202 8.08437e-07 2.26764 0.0915519 4.11858
0.792853 9.95076 0.491363 1.80087 0.0583658 2.70145 0.312982 3.04776
0.182957 0.144197 0.0125801 10.0056 3.61765 2.29271 1.44134 3.58143
0.024213 1.78089 0.901371 8.43699 1.18676 2.4462 3.1943 1.57655
0.495947 0.705013 0.0549535 0.00308137 12.2252 0.143592 5.70948 2.36739
2.06693 4.56816 3.44861 3.24655 0.0326621 9.54569 0.286276 0.0345333
1.64972 2.94164 0.72349 10.6152 2.30005 0.000415301 1.95241 1.51787
0.0351362 0.0957481 5.78544 0.910364 2.63227 0.610787 1.81482 1.25441
5.03782 2.77045 1.23687 4.40688 3.24786 0.171709 1.46493 2.39108
0.00466693 0.00734101 0.00303067 1.93767 9.73535 0.043807 0.158147 0.798159
0.000628836 0.0083138 3.80021 3.69227 7.37329 6.38435 0.176342 0.283282
3.64582 7.89128 1.72811 2.01113 0.237869 2.50742 0.328094 2.49214
4.12415 2.74668 0.399331 0.651852 0.219823 8.24569 1.33774 0.112858
6.14202 2.08812 0.253477 3.62865 0.233553 1.42677 0.042695 5.81231
2.99815 3.44425 2.28975 5.25959 4.80766 0.982805 0.502898 1.3237
3.5628 8.57769 6.10235 3.85881 2.51914 0.0363698 0.909963 1.06888
9.55906e-06 4.2353e-08 4.75051e-06 0.00337612 0.059034 2.11971 10.6013 0.000182256
3.90252 1.24699 4.50313 4.90238 1.46772 3.2012 0.88106 1.4193
4.02144 4.18051 5.87206 0.712357 1.85469 0.729765 5.48574 0.325796
7.82389e-16 2.19916e-16 7.4827e-08 7.17254e-05 2.34256 1.21922 2.64616 8.69922
1.20104 2.69715 8.7107 3.45751 0.354583 2.96886 0.458927 1.29159
0.0329178 1.97797 6.04666 0.458116 0.616155 2.95242 4.05746 1.38713
3.8716 3.20829 1.36342 6.22308 1.68139e-05 2.01946 0.136426 4.22082
2.80181 4.97062 2.23316 1.06746 8.85357 0.00637307 0.454858 0.0508567
0.00305546 0.000413136 0.000557739 0.00333094 0.108674 0.432781 8.70938 0.103359
4.32242 3.9109 2.02842 0.837939 10.1928 0.848269 0.400564 0.421528
0.533479 1.01754 2.36395 11.4958 0.114785 1.45335 0.21463 1.85966
0.00702657 0.0108666 0.000743205 0.0240109 1.23709 3.2322 9.89546 3.98273e-05
0.149799 0.017638 6.79052 0.0600554 6.53431 6.74398 2.12029 1.82626
3.87877e-05 0.00288504 0.00127489 10.2939 7.27377 0.000178919 0.220302 0.142945
1.66191 7.03471 0.0741197 0.355433 6.79657 1.56436 0.97355 0.986593
4.47445 4.92572 1.79151 0.328784 1.66708 4.89948 0.231134 0.722972
7.89923 5.02924 1.91567 0.729081 0.401468 4.23293 9.28144e-05 3.9692
0.601078 0.24149 0.0271489 2.3236 0.00617032 1.74558 3.64425e-10 9.86325
0.0100433 2.2154 1.51699 1.30502 0.311496 4.72335 10.0717 7.5629e-05
0.0413802 0.031798 6.33845 2.99577 0.555651 5.19504 1.54742 1.75156
2.0039e-07 3.07178e-08 1.96266e-07 0.0162766 0.0244228 5.83019 8.8818 1.62447
0.0579474 0.01029 1.6696 0.0160644 1.05887e-05 14.2496 6.54041e-05 0.065713
2.60874 6.7803 1.46271 1.90117 0.381114 0.190045 5.43061 1.60276
2.52744 3.68379 1.2049 4.19284 4.88985 0.0630753 3.38229 3.1414
2.09341 0.409009 5.87169 5.00558 6.76178 1.08599 0.0395879 0.418591
1.8121e-16 8.39016e-18 6.70743e-15 2.57341e-13 2.84125e-10 2.16783e-09 11.1655 6.9804
0.707542 0.990881 0.0375256 8.90493 4.1692 0.0330476 0.0639022 4.90624
0.00636947 0.15507 0.089179 0.00219103 0.285805 14.6972 1.40994 0.00614666
3.51242 5.37782 3.12716 0.0155315 4.36946 2.76133 4.70709 0.375287
0.00117706 0.000224351 0.111285 1.94186 11.3539 1.12748 0.76093 4.55668
3.76925 4.43245 0.257093 6.81574 2.23694 9.43508 1.01644 0.0022742
2.20827 0.530868 2.8639 1.68901 9.54197e-05 3.60773 4.64234 4.75613
0.0668171 4.26767 4.7405 9.21509 0.0223615 0.0255124 1.85417 0.0174433
1.39684 3.27553 0.62902 0.326057 6.31274 10.7119 0.00284389 0.0376437
2.41232e-09 1.20852e-10 3.13459e-08 2.67684e-07 7.68274e-07 0.00649015 11.9083 0.000245735
2.24954 1.98756 0.139536 11.3731 0.0962665 0.0632817 5.0456 1.31757
1.33946e-05 1.30526e-05 1.12756e-07 3.94815e-06 4.55653e-09 0.000298899 0.000180392 11.8408
2.57954 4.23976 2.68992 5.49262 2.80331e-05 2.68504 0.778601 5.33041
6.18816 0.586886 5.1285 0.904683 1.37253 0.629237 2.36526 1.13228
0.000435954 0.0168003 9.61605e-08 0.0570724 0.000270507 15.3209 0.330705 0.0201091
8.31345 6.49002 0.529051 1.38571 3.57997e-05 3.49347 0.00825656 0.225723
0.00096531 3.49102e-05 0.194842 0.158967 12.0292 0.0786636 0.0680898 3.96656
0.00989145 0.110286 0.0298534 1.60576e-06 0.00142033 14.4558 0.000424859 0.00601717
5.33788 0.287312 3.78453 6.51502 0.797755 0.993145 0.000594803 0.593705
0.154544 0.135868 5.26719 5.70333 8.92486 0.471204 0.243292 0.355774
5.85086 0.661807 0.286023 2.67298 0.974356 4.62524 5.94156 0.0348078
0.87362 1.56541 0.574426 0.574164 0.171691 12.1311 5.0419 1.15828e-06
2.50025 2.63456 2.28674 0.194083 9.91274e-06 4.76534 5.90189 3.87468
2.76204 1.43789 6.68666 2.84517 7.44784 0.463097 0.988869 0.915087
5.5186 1.31315 2.16856 4.45372 6.33063 4.19422 0.271554 0.0363905
3.42223 0.870386 2.54223 4.67343 5.09496 5.20159 0.0374774 0.465162
0.758756 5.56281 2.89901 2.46969 8.02952e-06 6.77654 0.250182 1.65629
1.43912e-12 2.30573e-13 2.39184e-12 3.09109e-11 4.69001e-08 2.29916e-08 9.50724 2.57286
5.76036 4.55346 0.495995 2.83788 0.119278 8.51371 0.0282385 0.962627
3.14553 3.33112 3.47164 1.46465 3.37356e-07 5.91975 0.0238742 1.79637
7.80303e-15 9.27305e-16 0.0033806 0.040592 0.205015 0.178584 0.112882 10.9569
0.000322902 0.00147257 0.0220867 0.0456346 11.4356 4.66728 0.00171578 0.0243471
4.37892 4.55023 0.0168633 1.1355 3.2342 2.15432 1.68558 3.23952
0.367898 0.660638 0.000839737 7.96959 0.0536576 4.00877 1.83215e-08 7.14586
6.00465 0.00570408 4.97446 0.88384 4.43207 1.12164 0.0726861 2.1879
2.93948 1.14097 1.90692 3.3508 4.01999e-06 4.11386 0.0858719 2.66707
0.484409 0.381792 7.19338 6.00758 7.93075 0.568002 0.27858 0.383537
8.10984e-12 1.68757e-12 1.14555e-11 6.16255e-11 4.27773e-10 1.49951e-09 12.1551 2.21976
5.64547e-11 2.00937e-10 4.11872e-09 6.12417e-08 7.3306e-07 2.31549e-06 6.02238e-05 12.5291
1.75995 2.57622 1.63918 3.39264 0.433145 0.0809692 7.71784 0.216391
0.000229605 0.0341139 0.0157998 8.95252 8.48193 0.049627 0.916712 1.77923
0.23045 0.327548 0.0171115 0.311321 10.6341 6.85551 7.3905 0.0181124
0.316799 0.319016 0.000383104 7.38043 0.00770992 6.61574 3.73405e-08 6.27938
0.579737 0.560729 1.06679 0.47427 0.627626 7.50528 1.06813 0.250969
1.47388 1.63975 3.13152 7.30589 8.62687 0.0149732 3.05544 0.0818243
1.74842 6.1488 0.31082 1.81196 1.42922 1.72074 5.40854 0.213511
0.0861666 0.622181 9.39269 0.123038 7.52257 1.45325 0.0134542 4.39632
0.0104392 1.62024 1.96021 1.05803 0.469513 11.9646 0.0177002 0.540104
3.12453 4.66591 0.256498 4.55255 0.149049 5.69534 0.00110881 1.96713
7.13393 4.00668 1.85622 4.6578 1.00099e-05 3.59582 0.861668 2.77764
0.0897831 0.271447 1.63456 5.78048 7.81877 1.81079 0.0325141 1.27009
2.7789 8.99347 0.0389326 6.33472 0.615631 5.57968 0.677877 1.04365
3.57563 3.1973 0.821625 4.85704 4.04403 2.13536 0.426695 0.666334
0.0481288 0.831531 9.80587 1.22924 0.00165783 4.51638 5.57314 0.00160778
5.65249 2.06442 0.928751 8.21729 0.0822959 0.40058 2.38938 0.597601
0.282408 0.843979 0.00607881 12.748 0.296135 0.0745683 0.399708 1.49098
2.68421 1.60219 0.780672 9.72859 0.107755 0.0784752 3.92228 1.09557
3.46127 3.36712 2.26906 0.537653 5.94031 2.70123 2.41822 0.00254028
0.66964 0.0615392 0.363243 0.306112 5.80874 2.8433 5.00964 0.621644
4.76382 0.0151487 2.09094 9.28331 1.99636 0.926778 3.56287 0.158806
1.01037 3.74641 0.853153 10.7054 2.39619 1.30429 0.111566 1.19204
1.07346 0.00576249 0.43045 1.5533 0.641546 5.23598 10.9018 3.43501e-05
1.33517 0.158651 1.88048 2.54806 10.1732 1.03302 2.15146 0.737247
0.0124596 0.377709 0.0662295 12.3289 0.00101574 2.19812 0.828174 0.0637322
2.6379 3.24442 5.05618 0.110935 2.9353 2.7356 0.0252527 4.45926
1.78291e-08 2.02854e-11 1.54221e-06 1.77651e-06 1.04661e-05 3.19678e-05 1.28558e-06 10.7691
2.04225 4.84809 1.88839 0.495162 2.83467 4.5391 2.00152 1.50847
0.5668 0.621284 0.0753764 0.548376 9.77918 6.82665 2.97635 0.0297301
0.970285 7.1645 2.15039 2.12407 0.0492019 2.95888 0.717269 2.75605
0.188262 6.65406 0.135312 5.405 0.527786 2.22038 1.77321 1.17804
3.60965 1.79352 7.83048 1.97042 3.59089 1.61807 1.4481 1.35862
0.700682 5.26965 0.114697 5.34454 3.91352 0.771224 0.865666 0.318248
2.45826 5.2042 1.29188 0.0047262 0.042101 9.35367 1.15697 0.104565
1.52866 1.48589 1.83828 4.03807 5.29403 0.146135 2.59519 0.308319
4.98807 2.07217 1.65993 3.33986 4.27605 0.0150675 6.43542 0.106942
6.48651 1.16362 2.50017 3.19524 0.826022 3.51259 3.96142 0.0159382
0.027431 0.00306677 0.0751039 0.0407691 0.000143876 12.8843 0.801088 0.817343
5.80317 2.44445 1.88746 1.72013 2.61237e-05 1.25372 5.54089 2.61941
2.56153 1.07766 4.14078 4.88796 2.13582 6.48014 2.15226 0.128831
0.0701563 0.00688699 0.0256115 11.8089 0.19661 6.06122 0.906164 0.885591
4.2251 4.14163 0.0407 2.3348 8.79027 5.61307 1.29405 0.24869
0.00347647 1.22717 0.0749275 6.77479 6.22737 0.0573308 1.13252 2.97364
3.99907 6.61141 0.0437814 0.309386 4.31803e-06 7.37277 0.00462938 0.205268
2.1645 4.9905 2.82028 5.24678 1.27111e-05 2.17613 0.111445 5.13718
1.80765 1.09005 4.78009 5.68158 7.45642 0.137889 1.49235 2.24797
0.14667 2.0927 2.00638 11.6925 0.0234667 2.58379 2.30579 0.0768974
0.0365495 2.14584 0.0308391 12.4623 1.82479 1.06923 0.142492 1.65433
2.13368 0.200393 0.458796 9.52545 0.605453 4.17341 0.610011 0.199127
0.517709 1.25937 2.6081 7.44743 0.358201 1.48588 3.45363 0.0937375
3.65005 1.36186 4.92502 3.97846 2.27325 2.60595 0.383506 0.852668
0.187404 3.12334 0.57122 8.73343 0.123961 3.55639 0.0130296 2.77898
4.4366 3.40053 2.09882 1.20684 2.35252 3.14534 4.73858 0.0498397
1.92527 3.54846 0.011011 2.51309 0.471115 2.46076 4.81726 0.156717
0.0576604 0.0858102 1.00749 4.32457 5.58412 3.47389 1.69544 2.60599
0.206547 3.01483 0.00228371 5.4635 4.53185 9.94149 0.264049 3.41535
0.894977 8.44327 0.442168 2.96814 1.45831 0.725089 0.0660408 0.149249
0.278648 0.0452122 0.653713 4.49444 8.52279 3.71816 1.14903 3.04171
0.106955 0.0668264 0.315691 1.39055 9.02823 0.335155 1.20154 3.21286
0.212777 6.19165 3.31289 2.67743 3.10032 0.319295 2.11649 1.75302
2.02454 1.42877 5.63092 4.92172 0.000215744 3.55688 2.38305 6.03448
5.61008 4.36281 0.486549 6.02559 1.13977e-05 0.216553 0.0695386 3.71986
9.83723e-06 6.3726e-07 0.000234594 0.0193536 0.071451 0.303739 7.89931e-06 8.13168
2.93936 2.33795 4.99385 1.15067 1.01748 2.18789 0.806082 2.08679
1.92405e-05 1.23254e-05 0.000304783 0.000694118 0.0109464 0.00903662 8.49817 0.749545
0.0244954 6.56125 1.80674 3.21067 4.41602 2.05849 2.01389 1.16958
2.74626 0.0373281 2.10888 5.06809 4.70885 7.11815 0.00777376 3.44897
0.436553 0.352752 0.265728 0.0953306 8.18601 0.401754 6.75228 0.352212
4.78086 2.67092 1.45956 3.51482 1.69923 5.14098 0.416334 1.24876
1.22227e-05 0.000356978 0.0557925 12.9134 0.0125305 8.61987 0.963465 1.0169
0.0967952 4.00594e-05 0.0806518 0.33867 0.324209 13.0916 4.6897 1.57482
0.901767 2.14084 1.63691 2.22761 7.01099 0.114736 5.16439 1.6518
3.74959 2.96382 0.0539998 3.8132 5.74888 3.15399 4.12524 0.86212
2.30798 4.14849 0.706835 5.07623 8.33774 0.00231591 0.0422321 3.74999
4.97717 1.53558 5.99462 3.94129 6.35048 3.1769 0.0381007 0.953136
2.07384 4.21053 3.92037 1.59509 0.00822738 3.42964 2.93836 3.72426
0.830413 3.16655 1.31324 2.75422 4.20053 0.0401009 3.83016 4.30257
0.0556833 1.04534 1.59151 6.9516 4.97502 0.311595 0.568352 5.47765
0.825084 2.22144 5.46167 5.48559 5.53885 1.33624 1.42147 0.290571
2.88475 1.18476 1.04149 4.71279 3.97684 1.27017 5.43225 0.396867
1.4039 1.67778 1.94099 1.34989 5.2597 3.82678 5.30814 0.127749
4.63666 0.0413614 1.89744 5.82304 2.20123 1.14234 3.3636 0.329196
1.2715 1.03534 1.58122 6.79891 0.722071 3.95814 4.6229e-07 5.45516
0.0723597 0.0973675 0.453013 4.12484 7.22627 0.478683 1.79486 3.36545
6.63855 0.128281 2.31342 4.41264 2.42104 3.20657 0.0133437 0.170083
2.00883e-08 1.77067e-08 0.0112603 0.113586 9.2807 2.25758 2.35842 4.94678
2.44898 2.92469 1.64521 3.29824 6.97604 5.86485 0.0378038 0.44693
0.0581512 0.00016258 1.64274 2.07208 10.2695 1.39489 4.93875 3.02016
0.078536 0.0283474 0.105809 0.137037 0.890952 0.509251 2.03369 5.73523
4.76909 1.43894 4.23583 7.41212 2.13134 0.00117808 1.24112 1.05764
0.0417321 9.11015 0.247805 2.04227 0.359338 7.61233 0.77259 1.08242
1.12358 3.91376 0.327153 2.1483 0.0157188 8.75853 1.61762 1.99468
0.805945 0.940985 4.10132 5.12691 4.24236 3.81574 0.348637 0.76102
0.107529 0.438118 0.00857728 2.74555 4.99782 3.3599 4.88659 1.78107
3.69257 0.153794 5.30983 1.71089 0.000436045 9.04402 6.51349e-05 0.0638212
2.85496 4.41938 0.675169 8.16378 0.18449 3.8203 1.74775 0.799299
3.96493 4.39469 3.90492 0.0134124 4.76909 2.09776 6.2715 0.331518
3.02346 1.29568 1.98853 3.16567 3.06077e-05 3.88836 0.120769 2.35983
0.390929 4.47581 0.0899202 6.63822 4.53608e-05 2.67667 3.24446 3.89287
3.01925 3.66257 5.56936 0.148911 0.589076 2.3307 0.0662847 2.10327
5.02814 2.41732 0.544455 6.67825 0.45498 0.817231 5.29877 1.04415
0.629468 0.792141 0.00257596 0.218549 0.217454 3.6053 1.23108 6.40462
1.85791 8.19061 2.0929 3.40311 2.04635 0.161782 0.302797 1.0052
0.17016 0.477667 0.00811795 1.23023 3.31564 8.61237 3.63683 0.392476
3.55323 2.39723 0.0114116 2.6376 7.87895 0.938132 6.54731 0.0503934
1.35707 1.83395 0.142691 1.02861 0.650985 7.03554 0.478439 4.62597
0.0533717 0.335741 1.53463 1.28361 0.544975 10.6477 1.04993 0.0376784
7.86433e-05 0.00620006 1.32372 2.19373 8.67794 2.77582 4.92144 0.335273
0.856565 1.87072 1.97237 0.0163656 4.87839 8.42986 0.796858 2.26592
0.0214984 4.87805 1.31408 4.19597 3.00527 2.12545 1.02089 3.47615
0.779434 0.0114871 2.9825 6.16576 5.50066 3.12822 0.149002 1.08535
0.0978414 1.28853 5.09892 6.38961 0.491056 1.45016 3.13263 0.527851
0.493068 4.76075 7.19699 4.18607 0.260936 2.37062 4.17665 0.141107
0.0430211 0.958994 3.95544 3.43573 6.00845 2.50585 1.36277 0.731411
6.07839 0.037949 2.66835 2.60412 0.0542558 6.0724 0.401255 0.183807
8.54148e-07 1.63322e-07 3.62289e-06 0.0200085 1.42171 8.94207 6.57807 2.95058
0.862041 2.2795 0.00117693 0.930618 7.07298 0.212123 6.50219 1.49241
0.901105 0.355023 0.133033 12.3748 0.568349 2.56514 0.0875974 5.15159
0.983146 0.660941 0.298508 0.00273758 1.05958 5.21927 0.450556 7.42978
1.60949e-10 1.19996e-10 1.77751e-10 3.30102e-10 1.74344e-09 4.58885e-09 10.7068 1.37105
0.46766 0.314344 5.93845 3.75649 4.14799 0.536265 0.0148306 5.82756
0.126048 0.00788861 0.0335879 0.243247 0.00762568 10.9185 3.57681 2.0111
0.151343 6.30786e-05 0.200561 12.5443 0.255198 0.159452 1.40549 2.03959
0.19919 2.90057 4.00903 2.57184 4.53993 3.96405 4.26404 0.125422
3.82631 3.47343 0.225113 4.85707 2.64637 3.25915 6.18279 0.120849
3.64181 1.56212 1.02747 5.9063 3.46863e-05 7.84672 1.12189 4.41644
3.17656e-05 9.32867e-06 9.0955e-05 3.90329 4.87139 3.60473 0.824159 6.54614
1.71871 0.944141 0.782632 0.68675 1.84379 4.27669 2.485 2.07393
0.12115 1.80915 3.8459 8.43534 2.74383 3.13653 0.460991 0.0014805
0.0947035 1.70144 2.71042 7.37591 0.158308 2.73811 2.84897 0.882515
5.64652 6.75395 3.22651 0.0711979 1.28954 0.00619083 4.34382 3.25293
1.7945 2.28554 0.0385125 2.46549 2.88693 6.95323 0.0218157 1.95461
0.214579 2.05931 0.852213 0.270562 9.25988 0.810399 0.181992 1.24184
1.75462 4.68241 0.000527561 0.53276 8.28741 0.0455433 7.13457 0.183493
1.69224 3.08883 1.59352 4.55265 8.10727 0.726442 0.446871 1.94258
0.00412158 0.00896102 0.133978 0.596334 10.547 4.55789 0.0142013 0.0504607
0.0235044 0.060817 0.0118714 0.000563848 0.0337563 11.8436 5.10327 1.25794
2.65298 3.75787 0.685608 7.52214 2.51197 4.97983 0.0213531 0.595969
0.00043747 0.000895858 0.000955066 1.90759 3.36354 11.7148 2.80632 0.102822
1.80396 4.69609 0.973376 5.23864 0.654273 0.118415 2.97373 0.442048
1.91111 2.57004 0.72984 0.342632 1.92717 8.1201 0.504918 0.280958
0.000382316 0.000857707 0.00331531 1.3088 10.708 4.62435 1.106 0.0079894
4.92896 0.039485 7.02271 3.55613 0.179063 5.12412 0.292942 0.450474
0.0138732 3.07256 0.662001 0.00984102 1.2042 8.68006 0.402489 2.7164
0.000596514 0.0669492 0.856462 0.376139 0.223374 13.1376 0.613041 2.02841
1.49436 0.920042 1.28013 1.9428 3.03171 9.61707 0.332296 0.941072
2.73329 5.04284 0.166368 1.32819 0.40889 3.6474 3.77563 0.0378726
1.01838 2.19439 2.96847 0.766767 0.0183019 3.46779 5.16951 2.29976
2.54722 6.05156 0.577529 2.45311 1.55862 2.71959 3.66 0.0505295
2.68489 5.30762 0.547887 2.89162 0.0147022 5.29008 2.17346 2.12242
6.82008e-07 2.82023e-08 7.689e-07 1.99255e-06 0.000841293 0.019386 8.08911 0.411455
2.44758 0.429718 0.172373 2.56214 6.91585 0.123041 0.815447 4.78704
0.953667 2.18476 0.763583 7.56825 0.395536 0.543458 0.211382 2.44586
2.1889 0.568234 4.27399 1.34475 0.0825837 2.38927 4.57467 3.23639
0.0254611 0.0801006 0.00371615 0.0847797 0.210334 11.5487 0.842321 0.210082
0.075776 0.0053775 0.224883 0.296403 3.46753 1.33881 3.66613 4.69993
0.474366 0.514925 0.0486378 3.0038 4.10921 6.65231 1.41371 0.563674
3.36648 4.92757 7.76871 0.503944 1.02752 4.93702 3.37226 0.266989
0.000224098 0.000192575 0.000389361 0.00331925 0.0201097 0.0236636 6.90908e-06 8.48038
3.2765e-11 6.74498e-15 4.64539e-11 2.33583e-10 6.05137e-09 1.22976e-05 13.5448 1.37287
4.10151 0.279068 3.48824 4.66808 2.07865 5.80987 0.357562 0.0736483
0.458969 5.23011 5.51289 5.08251 4.64262 2.21908 0.061862 0.851472
0.00386661 1.86055e-05 0.00555978 0.0105671 0.0283004 11.3185 0.730606 2.09759
1.415 3.35792 0.559882 0.318133 1.85133 6.795 5.67768 0.0226169
2.29316 0.886606 0.00979916 3.70615 6.84752 3.32078 0.400529 4.12679
2.80724e-10 9.35266e-11 3.48712e-10 8.64454e-10 7.71006e-09 1.46048e-08 13.6734 1.61651
0.933979 0.0855067 0.502593 0.978985 0.0581442 6.51393 1.08162 2.53678
0.00114756 4.41102e-05 3.18133e-06 0.00241267 0.0110385 0.0043752 11.6791 0.000829728
1.83782 1.51989 0.152665 6.57807 7.49316 1.32925 2.297 0.646329
1.11379 1.62325 1.63944 0.67528 1.91073 0.0270953 0.871799 6.68965
5.97411 0.0336459 0.0923396 8.10915 0.206809 3.53407 0.257554 4.37169
1.03571 0.269181 1.6086 4.11963 0.0514375 6.02376 2.896 0.0932077
1.50017 3.50753 1.10514 0.503506 1.87247 0.0472215 3.37446 3.64029
0.480461 0.589683 7.46961e-06 7.80087 0.815738 9.8887 1.14331 1.23557
4.10011 5.06332 1.49202 3.19047 2.69786e-08 6.88855 0.0390867 4.41073
5.46959 0.613066 3.77861 6.5195 3.78465 0.122898 0.254695 1.15282
3.20077e-10 1.41622e-10 1.82648e-10 8.11076e-10 7.81499e-08 0.00295982 11.2122 0.00217878
2.23278e-06 1.30627e-07 7.42268e-06 0.0666548 0.464045 1.31575 3.43993 6.69376
0.609636 1.67844 1.44914 6.30838 7.47129 2.70335 5.00201 0.125247
0.994058 6.74157 0.226082 1.99142 1.31791 0.520602 0.384018 1.10355
1.87295 6.93699 0.748541 6.12328 0.820793 0.015513 0.379329 3.15154
0.00369361 0.0233079 0.00360153 0.00796364 0.228685 2.62941 10.1028 0.0013714
2.40874 0.353662 0.371713 2.3296 0.000180233 7.32805 0.0136123 3.92671
1.61402 0.254931 0.000155101 2.75174 0.593055 9.30543 0.137896 6.40756
1.88982 0.14449 0.010756 2.44514 0.951062 5.07538 0.930338 5.06179
0.246323 8.50047 0.333078 4.00499 0.292968 1.14353 4.4374 0.657166
0.0326438 2.99517 0.0573476 7.02319 8.59564 0.447103 2.00823 0.00228347
1.19549 0.242084 0.42056 0.0184174 0.00038408 10.8277 1.14882 2.92104
2.18975 0.446167 1.20623 2.78925 2.37242 5.28129 3.29118 0.00580772
1.11768 1.08 0.240901 8.341 0.730798 5.29104 0.188264 3.01819
0.0416314 0.0116429 9.2037 3.17094 0.752754 8.01587 0.392395 1.15057
0.000101806 0.00226618 0.00162675 0.0204971 11.0097 2.80687 1.35487e-06 0.640795
3.25938 3.25488 1.35393 0.000426372 4.02367 1.76116 1.29655 4.11921
5.98005e-07 2.60534e-10 1.19907e-06 4.40194e-07 0.0263044 0.681094 11.0266 0.0168492
0.167555 0.110501 0.17398 0.0326164 0.558803 2.52372 7.64659 0.109974
4.63334 0.690063 2.52764 3.88226 8.25557 3.58712 0.0647676 0.705777
0.140327 0.0410139 0.233193 0.0264232 1.37489 0.0610287 3.70382 6.1225
0.261567 0.953582 0.0505692 2.14897 3.1453 1.59262 5.20586 1.91753
0.078769 1.19039 0.588633 8.2647 4.56662 0.64895 3.82325 0.485155
0.196751 0.426733 0.178587 0.579199 2.72334 3.03237 7.88913 0.0153021
4.70501 2.98998 1.48264 1.98719 0.589063 0.202629 3.04697 1.60968
0.939006 4.85647 1.69085 2.21843 4.98078 0.55944 3.4067 0.950699
1.36527 4.44999 0.616668 0.327036 3.27269 0.230756 0.565739 5.57135
0.0389952 3.21597 0.0952738 1.78963 8.75829 2.11242 1.2317 2.11629
0.286293 7.10375 0.201754 4.31577 7.92073 1.12506 0.192333 0.551618
2.00089 8.56038 0.0434548 6.94895 0.202377 0.723642 3.43022 1.67343
0.205485 0.249369 1.6174 0.619318 0.0683716 10.2511 2.38524 3.40379
0.0167379 6.27031 4.99016 5.94052 0.0393814 2.38849 2.85818 0.0263866
0.00610303 0.420542 0.183549 2.67087 2.49185 3.96414 6.26345 3.95317
1.45912 2.40519 0.443747 6.45736 0.241536 9.00587 0.0115997 0.378895
0.183641 6.26412 0.148176 0.285855 6.15433 1.02576 1.67504 1.63038
0.130598 0.157368 0.276337 0.169393 1.73612 1.26941 8.00006 0.0115558
0.0419825 0.0227818 0.0187174 0.00410984 3.02292 3.80689 6.96104 0.229738
0.00302714 0.195155 2.84755 2.56834 8.09553 0.0529722 3.75075 4.82367
4.92556 3.96445 0.235832 6.07068 0.963245 1.02243 1.59655 0.148178
1.45165 0.261153 0.519501 2.58535 0.0898128 9.22262 1.30176 0.104381
0.12291 0.411228 0.148061 1.50817 3.22177 5.98726 3.07342 0.00406179
1.20524 2.66576 2.36576 4.59314 2.96045e-06 4.24224 0.277637 4.62319
0.000609863 0.000761608 0.00180116 5.46032e-05 12.2294 2.59188 2.98205 1.95666
2.00716e-11 2.0587e-12 1.69953e-11 8.38777e-11 5.89239e-08 3.38169e-08 5.21824 5.26448
4.4937e-08 3.62417e-08 1.70229e-07 8.35879e-06 4.4662e-05 0.00974855 12.1301 0.000149039
0.621519 2.84695 0.162942 0.220698 7.9819 2.21256 0.248294 0.685418
0.000582768 0.00311736 6.13489e-05 0.0142181 1.68037 13.8241 0.109924 0.0202147
0.0905155 0.0270518 0.0348273 2.36875 2.94402 7.58978 3.12439 1.87708
0.000366425 0.000305403 0.00119677 5.68303 1.01858 2.56976 1.51046e-07 7.91473
0.00640966 0.000430803 0.00963235 0.00152359 0.154383 0.500927 6.78601 1.67961
3.23007 3.67408 2.00132 2.74305 1.7548e-05 5.46082 0.802772 7.28105
0.00838959 0.00201874 0.762178 1.86056 2.90564 1.34401 10.9396 3.9059e-05
0.0103363 0.000244551 0.0086792 0.00584435 0.00124054 11.1783 7.30471 0.00823503
0.0544645 0.481552 3.25325 5.88408 6.77156 3.1568 0.388279 0.0121842
1.82274 0.233042 0.003782 1.99084 0.519559 9.97032 6.77684e-10 1.5042
1.11703 0.942311 0.479907 0.131186 10.558 0.094796 0.817515 5.05056
2.30033 0.257452 1.82472 0.182328 8.05524 0.0773565 0.117309 5.94374
0.0561367 9.87922 7.8122 0.117013 0.0285803 0.63083 0.610975 0.38546
1.90858 2.41358 2.50542 2.79111 3.48963 4.59646 0.421291 2.03061
0.0370399 0.0902403 0.054627 0.503527 2.45243 2.1605 7.24691 0.715213
0.0079796 0.170352 0.157693 6.77893 1.87102 3.48101 1.08654 5.89429
0.304434 1.76968 0.865754 0.545572 0.000521493 6.98523 2.1871 4.89171
