173 6.46688
180.473 5.52713 6.17526 3.69452 2.55365 3.14395 3.20953 2.49945
5.2019 1.63682 0.605 5.8147 0.058556 167.284 47.4364 8.34733e-06
4.29713 180.611 1.50514 1.22252 11.9556 2.04028 2.68624 0.702539
1.68564 0.723053 182.365 2.11644 4.6769 2.14346 5.48963 1.31338
0.64448 6.12906 3.26191 181.436 2.84202 5.88205 9.96837 5.191
0.546023 1.34422 0.0736148 0.995868 182.371 8.85139 8.57145 1.24109
0.134652 0.159443 0.986824 0.329749 1.44233 181.803 2.84365 1.59204
0.00354734 0.000743575 0.00209912 0.803934 0.00730222 0.0658397 182.408 4.28274
9.40484e-05 0.000112765 8.23899e-05 0.000249327 0.000227464 0.000162598 1.99406e-06 178.431
1.2938e-06 1.65083e-06 4.54589e-07 1.52582e-07 1.40663e-06 1.80198e-08 0.00041175 178.88
2.37858e-07 9.66138e-07 6.33862e-07 9.71091e-06 1.48398e-06 0.000421856 8.04752e-06 183.35
1.07668e-09 3.00711e-09 4.15714e-10 2.05303e-09 7.80997e-11 7.96098e-07 0.00018082 181.445
1.34282e-10 1.99593e-12 2.17458e-12 1.08591e-08 2.94334e-07 1.82449e-06 0.000415722 180.604
2.04754e-11 4.47371e-12 2.54126e-13 3.38153e-09 3.25523e-08 1.8497e-06 0.000413386 179.461
1.17728e-11 1.08152e-10 8.52762e-11 8.23393e-11 3.83343e-09 7.96033e-07 0.000179949 180.571
3.39349e-12 3.53937e-11 5.75977e-13 5.75629e-09 1.55986e-07 1.84144e-06 0.000415058 180.315
1.11037 3.01526 0.171956 42.2831 136.555 97.0879 45.5146 9.42586
40.5641 15.9344 78.968 98.3424 73.6629 7.19522 42.1076 86.0477
0.539875 0.283305 0.329709 0.23551 0.624959 0.0168214 179.447 27.0027
167.973 31.5319 8.82722 1.99695 6.6378 13.1625 9.17991 51.4077
10.9358 13.0526 29.2695 23.2947 164.263 61.4777 5.19278 23.7637
165.816 30.2648 33.7868 25.8858 20.8836 2.90059 7.70546 30.0697
94.8242 124.989 31.2901 15.2413 14.2468 56.8092 29.8407 13.9757
10.0987 21.3321 146.834 44.2658 45.3933 16.165 38.4955 62.0958
35.5807 40.1475 23.8818 22.7666 8.20767 150.088 45.0018 59.794
33.2427 6.69676 63.7669 19.9922 101.854 128.103 2.81748 21.7479
70.3475 112.314 71.8515 9.74969 57.5518 48.0015 27.4649 53.2662
7.13898 78.4876 40.2662 71.5133 6.81197 119.096 10.098 61.1238
100.106 23.5497 31.8679 129.145 42.4978 31.6922 11.9618 39.0786
85.0134 5.09207 65.4889 10.397 20.3527 137.408 36.6568 10.8497
21.8029 24.7196 151.842 34.218 9.5931 15.105 72.3668 42.8276
1.44594 1.67426 27.4191 22.2601 140.209 6.8526 103.151 33.1
25.4729 77.4057 62.6622 9.94973 19.4755 140.342 37.0413 7.03164
18.7977 9.76201 41.4217 142.902 38.5174 61.1027 58.4782 33.3142
6.12167 1.31406 15.0348 13.3516 5.51917 5.95656 171.225 55.4381
2.74487 8.01074 5.36256 6.09334 4.43929 176.95 37.5452 1.38411
32.8571 40.6045 30.9519 55.7335 5.84828 76.9535 134.499 0.335711
49.2203 130.038 81.1353 4.33503 7.74797 30.001 76.9767 9.28349
57.3558 47.4887 11.8994 50.5364 46.2365 142.752 31.1772 22.3434
14.6523 81.2631 39.845 26.2254 80.4516 129.923 11.0149 7.24523
113.958 55.0163 56.3885 93.5234 48.1025 6.26707 23.1986 46.6058
73.173 32.535 149.127 10.9349 15.3143 1.50841 42.2809 31.945
17.7001 8.05132 3.43782 140.292 78.4885 54.7221 1.5239 58.2547
34.2171 49.0896 2.99009 38.5184 17.1683 1.27113 167.475 2.52751
10.4215 5.7346 119.499 17.3914 36.1236 85.4132 52.0323 84.0305
17.0811 20.3493 17.809 18.7774 126.822 84.5833 84.3947 25.6189
30.3103 34.8658 24.4983 41.6649 1.63671 95.1064 1.51478 134.843
147.112 61.8796 17.6523 12.9554 2.38677 3.42453 82.9214 0.315212
12.809 121.364 0.825393 70.6435 102.036 4.43795 46.1704 8.51793
92.1872 114.823 30.6485 42.9429 47.2731 18.2613 66.5206 23.4399
88.6085 27.9058 44.9803 134.176 8.01321 13.5038 9.49838 59.3008
41.8374 56.6738 120.792 101.469 46.5033 19.3536 6.04341 8.25357
25.4208 162.743 34.209 16.7983 34.12 51.2525 1.75668 17.6208
4.35994 19.0602 3.89115 1.25002 12.2834 179.202 4.27663 3.2362
89.7647 46.7607 15.736 34.5996 92.2996 44.5776 30.7879 98.0979
143.751 47.737 75.3652 3.94045 27.5554 22.2037 47.2565 8.6095
148.595 4.54775 90.2973 3.55335 1.20982 52.1349 4.32175 2.51188
4.43476 11.1179 8.97724 121.456 21.4508 118.129 51.9734 3.81245
163.629 52.7391 17.3097 4.19932 1.57759 22.3241 9.56398 50.0764
38.6932 20.7106 10.8655 150.858 22.6901 36.8621 7.0478 73.6354
70.7715 16.3774 48.3838 66.1697 28.612 96.4748 93.5741 34.6313
5.53962 8.84286 164.641 60.525 11.5863 33.5264 2.65765 7.03531
4.61522 6.08361 1.70389 2.48096 13.9144 4.74106 176.364 18.7328
104.816 57.7573 17.449 31.7954 37.4772 14.5877 52.6559 110.324
53.3255 152.112 25.6811 41.5645 12.5787 35.8631 31.8615 43.2662
127.142 75.1188 16.8829 25.6626 27.9222 79.8497 35.0955 32.6383
125.795 28.69 11.5931 41.9756 59.5386 62.4868 23.9795 76.4875
30.536 14.909 118.2 83.5154 48.9961 21.3155 68.947 56.5378
4.59495 83.0836 51.3732 57.7761 115.917 72.2739 5.89348 34.0019
106.33 40.1588 49.5164 0.841799 6.75038 1.15258 56.7013 117.534
59.1297 15.7209 32.5769 32.1207 162.094 1.06956 12.1621 13.5129
81.7885 102.939 6.57248 84.4799 37.7043 53.8614 65.5477 1.77257
20.913 50.8895 102.968 29.0165 52.1777 68.8832 100.206 24.5202
43.709 18.3214 81.9268 118.682 12.8785 6.66719 13.9185 97.1201
13.2789 25.6014 14.0507 31.0905 34.4894 146.634 49.6457 71.6627
21.4026 60.8453 2.95943 56.9565 20.0595 136.436 73.3122 11.3136
55.9097 60.8298 9.4448 11.1252 2.68283 53.3571 41.7295 142.439
10.6281 13.9524 11.9533 149.656 26.6238 48.9246 60.9651 50.1402
33.4249 39.013 96.8261 24.486 50.8327 62.7041 86.9338 72.3125
22.2512 5.63481 102.092 94.2553 6.34755 7.3352 17.2141 111.445
20.5992 9.8111 117.007 107.225 5.61225 8.34714 72.1034 41.271
19.1327 4.72075 87.1072 4.87438 100.286 70.5912 25.7344 93.7211
4.77415 12.7327 10.3516 8.3854 166.189 17.4292 42.4149 46.0523
13.7857 6.3093 2.68061 109.368 108.503 52.3131 47.5333 57.9265
0.0360976 0.105826 0.00119858 5.80491 179.817 1.92349 3.237 0.200752
2.20829 55.5207 8.61956 7.37146 15.9151 31.4413 165.449 21.1984
25.7585 55.8425 51.5172 42.8377 35.1327 37.9973 16.2394 144.528
5.49766 70.9839 31.3491 5.59086 9.43563 11.3907 138.061 82.8074
6.62704 166.616 32.675 18.8209 47.9773 2.30906 7.34303 26.2309
154.685 16.1015 37.1137 47.9365 44.183 25.6558 13.1119 36.0015
171.315 40.39 1.47357 3.12869 1.25421 1.99088 34.3895 2.5449
62.3192 69.6399 58.6774 2.20443 35.1886 91.2264 19.0159 102.584
1.89391 10.0201 6.90613 132.37 25.5089 122.371 3.01265 15.0849
62.7038 31.4892 2.5333 4.28047 18.8427 154.703 54.3658 22.8223
20.3541 28.039 18.7387 0.353852 6.14104 78.1871 23.9591 154.608
29.6855 36.3536 159.464 61.4029 7.05651 25.1473 12.3407 7.1239
48.7175 138.966 27.9729 43.8151 14.4286 52.921 45.2582 56.2466
1.52134 22.0743 97.8111 5.47154 112.609 21.8065 25.845 94.1322
44.3688 21.6887 0.699663 48.8348 3.58902 36.9727 162.768 3.84064
11.6219 6.10612 131.868 43.8653 0.925889 93.82 57.3302 35.7152
90.9942 101.824 67.1492 8.12907 65.8108 32.128 63.62 5.96523
20.9312 177.537 11.1748 2.08898 5.42515 2.44017 6.56284 12.7099
24.1563 3.11241 157.056 4.02826 68.717 14.1749 8.53335 53.6774
123.244 28.402 58.2458 53.9018 64.084 11.6722 5.46833 78.3017
137.387 54.3384 42.8648 5.44625 48.198 57.3068 46.7314 23.2228
0.654984 20.8586 0.287211 169.159 7.80142 42.106 14.2465 40.3191
31.5354 8.82913 130.22 91.0946 2.93057 0.948597 19.5256 73.5607
89.0476 15.5207 31.6228 78.1604 103.401 32.7506 70.4847 20.3322
122.017 56.6653 34.9244 96.2656 16.8571 12.4121 11.0365 50.6498
18.0856 146.968 35.9814 46.8819 72.8006 2.45257 13.1639 35.3719
20.7207 28.61 106.123 106.019 23.7245 30.2143 67.2645 50.5934
0.379507 0.452964 17.5148 3.02799 80.7915 26.4161 0.416614 158.906
18.9054 160.367 22.5019 3.10413 74.4786 2.43904 13.6283 12.7424
8.1632 119.585 48.7517 65.7254 59.7143 73.0758 3.30331 45.1374
66.0396 71.7329 5.83273 78.08 81.5226 39.6497 62.7436 65.3456
69.8645 157.83 2.70644 16.9755 31.2382 4.26707 36.3902 11.0052
65.5917 37.0965 49.5853 3.83331 94.7314 81.8896 81.5454 41.8047
26.6581 28.8325 3.35327 166.302 17.3972 2.55115 48.8946 20.5712
43.7896 10.3021 13.9408 56.4927 156.051 32.0379 11.9087 38.8943
2.59934 20.0794 36.3691 125.75 61.9438 76.0742 55.7875 48.9666
23.8839 26.5048 1.07592 5.78209 13.6274 8.44951 0.777752 174.961
14.6082 15.2641 14.1595 19.0608 148.119 32.1043 80.8895 43.6366
5.23252 7.47541 6.00738 119.484 36.0461 52.7836 20.8141 114.77
20.2254 36.234 23.0975 22.9731 49.915 164.071 16.3061 2.92988
153.705 60.4616 20.6014 15.7623 32.3731 26.0826 32.4263 39.5941
52.245 44.6701 113.841 96.1657 54.7393 7.58038 16.8237 48.5512
132.002 58.9846 18.0987 12.5472 98.1111 3.31232 17.3292 35.9068
90.586 17.7351 48.853 8.20311 24.8546 102.748 16.5531 99.893
34.429 52.6075 7.78058 14.2155 24.5883 13.0885 143.546 83.0579
151.578 70.3952 43.3878 11.1583 15.6255 12.6937 11.2872 31.7762
10.6558 77.9156 0.532239 28.3452 60.4888 27.0682 108.869 96.0159
50.8982 84.2301 54.0362 64.2261 30.9609 111.459 47.6743 3.98323
14.961 32.7992 133.457 29.7094 61.452 59.9273 26.8686 66.3741
28.2793 15.9939 21.3783 0.322953 120.505 79.2366 89.9696 41.7537
3.14219 4.79281 23.4099 2.05527 169.277 10.0301 34.024 43.0735
2.45937 23.988 14.1211 4.7258 176.982 21.955 15.6606 0.808488
80.1996 23.5312 45.3782 59.2385 2.28911 135.299 27.2068 30.173
1.50377 6.96563 0.786728 1.32443 1.77797 0.21554 173.887 43.5165
27.0906 30.4456 116.242 45.1159 86.9988 56.49 59.6669 31.1856
51.1295 105.024 55.5239 105.466 39.9997 24.9485 28.8814 40.9502
32.0025 86.9077 4.24682 32.6002 22.8941 37.5768 109.511 93.6134
157.465 16.3894 27.6408 46.5855 44.2895 25.7168 13.1422 36.0892
68.6416 32.5479 50.5977 53.534 42.312 100.874 91.399 33.6464
23.3812 37.2702 25.8713 6.69071 8.74162 50.8789 11.2366 163.441
18.1951 8.122 60.0297 43.3161 18.26 11.6826 145.27 69.2461
60.9155 66.9888 39.275 123.42 70.7296 36.0587 29.7212 9.80098
10.5611 5.96323 1.03629 0.679975 118.355 105.183 78.4421 34.9077
86.2815 96.6017 17.1706 8.68262 30.212 96.6054 54.8156 40.4557
33.9311 59.8781 41.1087 26.0601 132.566 23.6915 74.6451 41.3288
11.7547 18.7374 43.7949 8.80839 8.4645 49.2694 14.1445 164.895
69.802 94.6561 71.3221 51.2611 63.0061 17.3624 5.40305 77.2339
6.55218 34.1985 93.4537 58.4172 83.3494 92.4863 30.0523 52.4572
77.7297 29.526 50.3024 1.13718 21.3544 90.345 21.5684 118.655
20.0984 25.4554 96.5134 95.273 111.942 2.73743 18.8131 14.5276
2.7622 43.958 7.95033 53.6864 129.031 101.22 2.35489 15.339
17.9464 5.43033 84.4791 112.854 71.111 2.71288 72.3181 42.5587
18.5992 24.1553 122.242 75.0028 16.357 60.0268 34.6319 75.8187
21.6441 122.806 74.64 52.7336 2.22111 24.749 85.96 4.78514
79.7009 88.0159 60.9955 20.7875 58.7687 26.4489 42.7982 91.2302
28.8339 118.238 56.0483 54.6433 69.6709 10.4577 25.5586 78.125
77.0049 141.293 14.4358 22.4373 5.15925 21.9753 69.0822 16.362
47.481 128.94 6.30195 78.1938 36.8604 60.4994 45.6508 9.01606
1.245 48.7795 26.4823 40.1609 8.44287 162.085 33.4803 24.6826
117.607 55.8305 69.0459 37.4523 8.19625 82.7595 28.9155 47.2159
116.825 26.9206 72.6984 52.2452 64.2164 17.6857 5.49416 78.7241
78.0359 105.707 79.6789 55.3213 67.8969 23.3538 5.99742 9.38456
48.3003 111.048 16.1483 80.3437 27.9983 34.2967 73.9568 58.5059
40.0875 108.36 63.0677 104.194 26.9155 48.8573 2.21778 29.5696
0.230886 2.04603 0.898403 76.1163 56.3044 21.1812 5.89125 150.652
56.9675 21.6408 36.8675 0.893589 17.2622 75.1538 63.0274 130.47
45.5118 80.3129 55.1392 1.59336 87.8259 20.9416 103.865 40.6826
145.255 64.9076 3.12694 11.0897 78.2357 3.54557 20.4614 21.5581
103.397 49.9179 78.1841 23.0328 41.2585 5.28825 19.5709 104.365
24.523 31.3939 175.842 2.06196 2.45477 10.6348 10.4627 18.1
108.534 127.409 33.7088 37.601 10.5436 16.6 8.00246 38.1437
3.45504 21.5943 10.5124 21.1591 6.23515 172.451 30.0046 30.8128
75.8336 31.7872 38.9738 114.906 12.4356 7.02153 41.3414 97.0145
29.7777 27.2434 20.5505 37.1069 22.7676 39.758 153.733 55.5754
160.29 35.3846 23.9602 13.3972 11.8623 67.2453 4.31011 3.45464
115.096 17.0089 51.9772 46.403 60.7077 47.7041 69.4901 54.3913
41.8415 17.5388 82.2075 102.377 75.4461 7.4595 15.1123 86.4177
49.3976 75.3479 49.5171 8.76416 55.9974 137.916 4.24115 0.225739
58.7807 13.203 109.511 6.35725 13.1646 114.483 63.2008 9.34629
9.8904 126.347 6.52997 45.7409 106.029 4.37879 0.90023 51.9514
90.0411 38.0031 23.8174 86.2099 13.8323 87.0581 25.2386 80.0417
23.9041 4.33437 89.9368 25.576 53.3861 120.851 34.2815 67.9391
54.8433 126.096 18.333 72.3409 29.9538 5.50738 77.3899 35.6886
15.1328 40.7555 115.124 56.6088 75.1718 58.4721 43.6565 51.5647
4.13949 65.9141 41.3928 109.118 1.12481 6.52108 6.57714 120.521
93.3657 109.527 1.96764 25.197 48.6979 10.3024 53.8968 74.58
42.837 48.3353 10.7622 22.8804 9.03799 159.119 46.652 4.23453
79.1906 19.4705 52.7981 18.4747 67.2264 45.7934 65.918 109.086
56.5058 24.7089 7.63134 16.1087 24.311 12.9404 141.932 87.6061
26.5259 17.542 160.7 12.8482 50.2015 16.7221 23.4995 47.6518
101.639 45.3724 12.7501 76.5814 2.21859 108.363 21.6465 32.137
51.5304 86.0789 65.7998 66.805 26.2888 17.8483 112.994 19.5533
14.5565 164.29 37.0723 3.66222 43.9691 21.4391 27.289 15.7292
72.1915 78.5312 88.1208 21.5505 54.1263 26.956 23.6356 90.4493
45.1117 64.4503 51.7914 12.7957 37.1923 88.4926 20.8156 119.341
14.8604 22.0437 80.0689 126.754 18.6607 10.7625 67.0276 58.7649
111.153 39.4719 23.8779 23.5781 85.1944 30.4507 64.873 67.6127
9.49528 4.11194 172.46 7.83042 32.0429 35.2882 3.21476 1.98906
3.84102 4.03782 19.8007 13.7409 174.831 26.0602 7.51629 24.2632
31.6813 35.605 125.218 47.3262 54.3078 73.4776 60.2688 29.1851
52.9614 156.353 15.3534 32.7135 44.8092 25.1063 34.3323 12.1975
41.4302 48.6511 139.563 36.864 1.39735 66.5236 55.2329 1.50604
128.694 59.7674 21.0211 9.27021 5.79373 10.5116 98.0695 31.7653
109.263 43.2131 61.4524 45.749 24.839 50.607 41.2668 88.9776
2.86444 0.560799 1.54479 0.283429 0.0411078 144.196 40.6188 99.9604
38.8991 20.1284 1.58124 137.607 38.6511 80.3747 58.0824 23.4416
13.485 26.965 0.777015 29.6025 38.2534 148.104 50.1398 70.7985
51.3664 67.708 4.18486 88.3618 8.70317 105.943 26.2811 63.1579
57.8916 86.7542 67.7371 11.467 117.533 6.62935 57.4803 11.218
12.8388 94.9771 62.0515 21.5689 53.2805 2.52292 65.8192 108.921
52.0864 59.9148 42.0982 71.5979 2.81054 33.0434 1.55586 132.902
61.6666 9.2054 107.567 32.2115 6.43188 14.9123 83.9418 91.8797
5.3951 2.78546 9.78477 36.4256 122.13 66.5727 106.536 23.4317
49.7782 25.371 110.583 111.438 70.421 8.86134 3.44814 7.70845
35.7753 104.404 69.8914 79.4163 57.86 41.8639 35.716 52.7116
39.1433 45.1556 112.366 6.89286 23.6216 68.0978 99.0622 26.5051
61.3613 23.5984 2.07526 44.4839 17.3792 85.8812 17.4105 135.623
33.9267 17.287 162.788 2.63487 11.8514 53.1622 27.2146 25.2902
135.961 42.8449 74.559 1.44173 28.4887 58.2066 47.3453 13.1889
1.57702 1.74154 1.29523 0.472762 1.18502 145.459 17.8479 105.477
60.1184 36.0024 46.6724 62.5455 41.268 99.7664 94.6955 34.0315
24.0876 45.4131 34.6481 10.0053 16.1277 2.14517 46.9674 161.671
4.74002 1.08098 0.436737 135.924 59.4654 68.3618 11.2559 76.8711
133.208 90.1136 37.7387 24.772 65.4243 13.4765 17.7468 15.4578
55.6618 25.9382 37.5222 85.6619 62.1102 41.2556 119.399 1.83412
24.484 25.7919 144.28 22.6362 45.0315 64.4291 35.9074 45.6711
161.233 76.7948 6.13589 14.4309 12.7775 9.82356 4.31225 2.64271
3.10518 12.9639 8.85196 171.95 33.1394 45.2434 3.00157 14.7613
0.383153 0.174253 0.81559 99.8047 89.8227 122.157 0.849902 9.49485
38.0061 56.4092 44.7794 11.0642 33.0353 76.7923 18.0648 136.505
8.2456 29.1397 19.1071 21.2277 119.654 14.5955 33.8155 123.754
19.4125 140.889 19.8902 13.9391 66.7449 2.40912 82.2978 12.5079
17.6509 9.46895 88.5311 5.5008 96.7113 69.6102 23.2841 95.4322
7.05168 9.62528 93.7977 70.168 21.482 55.6198 118.442 34.3823
140.42 25.0019 90.9143 20.4558 11.0035 20.4455 49.8005 27.3057
83.3404 83.4635 76.0469 9.01996 79.4786 51.7544 37.8797 44.4506
5.55155 41.5242 95.7634 34.4019 9.45386 77.6066 85.1145 82.1681
19.9219 30.3877 19.9727 3.53429 171.329 1.70544 32.8475 28.4543
88.088 134.437 27.6377 39.7768 38.8989 18.7464 14.387 39.8376
55.0535 65.8784 46.3469 33.884 8.61259 65.412 125.927 28.6612
81.2656 71.0695 61.2903 31.9223 87.6363 83.6136 29.3625 29.5842
17.0606 1.98877 0.188828 159.538 0.79733 14.563 11.3143 80.412
38.9691 33.319 88.749 74.1175 42.1886 97.7501 71.2824 17.5173
56.332 75.5705 67.4701 64.8111 51.1481 50.2231 59.2166 81.631
25.3307 32.0563 128.094 26.739 111.046 9.72861 35.7894 7.61144
7.91399 10.3893 8.05914 144.975 28.0705 9.34667 87.2969 50.2101
9.17413 3.97287 166.626 54.8999 32.5569 13.4004 6.50919 5.19736
6.99586 2.86143 126.044 47.4303 24.3423 3.96787 117.912 2.52169
8.65482 82.0076 0.557295 29.7223 63.4284 2.75821 110.46 93.1827
35.9019 16.5309 26.9374 24.8594 146.058 44.2815 75.7887 27.6114
46.8297 69.3754 53.7453 131.063 72.1211 3.52022 27.6504 7.05916
86.4088 110.264 73.192 49.0759 52.6268 8.32393 8.1661 52.0244
15.1411 15.8209 13.4241 18.7118 142.716 63.0177 83.167 5.31334
4.14967 174.164 1.87992 4.19854 1.56622 42.9397 7.53143 0.69692
138.41 24.1212 47.206 15.5785 2.07442 98.5626 30.1595 3.71392
4.05319 43.1666 19.8658 1.03565 25.2225 169.452 22.799 7.96397
64.8438 25.7273 42.619 27.6885 89.0612 40.1609 88.3454 86.1842
119.795 11.475 12.9003 1.43587 14.438 124.97 32.6566 16.4222
98.6133 24.4056 69.4108 52.0285 79.5233 22.4697 3.78114 90.73
68.8116 79.798 84.687 77.6086 60.319 58.9879 7.10557 32.6983
0.0349595 0.387371 0.728523 5.95908 153.99 40.9568 86.1667 0.11661
115.179 45.5542 64.7812 8.82327 24.8036 3.62834 40.0707 101.815
0.677733 17.7947 2.03511 9.91381 127.718 22.9255 38.8783 115.514
74.8591 97.1553 85.149 1.22248 14.2287 83.2486 31.8994 44.3822
31.38 91.5754 61.3041 69.6588 51.8797 87.7548 35.6552 52.6205
109.472 36.5577 16.0644 15.7731 45.7398 28.7592 123.749 26.6081
55.5056 26.6486 8.87605 41.9261 19.3865 11.2322 149.945 63.6407
36.7117 33.5872 26.9228 35.9266 26.0655 26.6302 158.563 35.0796
133.99 23.8574 91.0296 19.8026 8.90528 19.7802 48.1486 52.3707
0.737081 0.35998 2.78941 0.426779 0.954077 19.1171 170.101 56.1558
5.74512 2.53213 46.4233 15.4877 6.50982 171.807 5.86452 6.33919
4.93367 36.9039 85.1084 30.5739 18.0522 69.8793 104.704 80.9773
27.2353 39.4159 21.3191 14.6996 18.9716 1.86975 114.468 128.177
68.9949 23.0435 11.8796 103.068 11.6093 8.28155 121.934 26.47
19.2965 3.89556 66.0074 7.72165 79.2523 1.59002 39.5077 138.548
42.7186 9.04557 10.8101 147.809 23.0165 39.8523 2.0381 80.0953
26.2374 29.4869 112.587 43.695 82.5807 73.1955 60.0379 31.3809
1.33261 1.59054 20.2463 2.3808 93.0701 30.4345 0.485399 148.236
20.328 10.2396 3.62645 153.11 14.7815 49.7534 1.05298 77.5352
42.3244 58.9857 8.29799 23.9606 14.0076 15.2712 68.486 146.872
2.03914 3.56547 141.781 6.97301 28.3004 92.1742 53.8707 2.7383
24.8616 26.7058 24.4844 7.26529 147.213 25.1378 82.1664 34.2016
19.8966 34.7022 21.8454 59.7599 1.22973 156.987 14.8158 40.1296
44.7664 135.809 83.443 4.45774 7.96778 32.2212 65.9069 9.29145
22.5896 41.1822 107.369 39.1485 7.69677 66.7491 19.9942 109.522
67.0675 29.9699 137.922 11.4112 76.8475 2.79949 17.0319 38.2604
31.004 2.63675 169.458 15.7857 23.0188 24.0133 32.4822 26.761
5.88177 0.0873878 0.0952128 0.505736 160.065 68.1049 19.4458 45.19
50.424 27.1631 26.2575 80.102 110.172 78.8731 26.3371 51.2821
96.7962 106.895 68.2828 15.9279 74.3216 9.73001 6.67877 37.0146
128.273 69.0813 40.4157 53.1678 40.245 61.5392 5.32066 28.7906
37.2702 44.3559 9.84119 4.24257 3.96265 18.178 0.77179 167.843
40.5685 19.1807 25.3323 35.9707 45.9372 14.5744 20.9079 160.657
14.4828 6.43947 29.5161 5.6465 16.7903 0.335504 10.6811 174.13
42.9437 50.377 138.346 35.1841 0.790737 47.6155 55.7461 43.6666
4.21718 13.1319 6.04214 154.966 11.9655 13.1461 86.653 17.544
20.5269 116.468 70.7878 50.3379 35.6277 41.7584 86.0035 4.78757
14.2582 5.80041 168.043 1.95994 1.93377 12.9615 33.7695 57.1447
62.3764 3.2256 83.0825 33.9884 29.4026 131.667 42.6378 3.59317
59.622 98.9359 78.6575 23.1697 41.1819 5.42918 19.6749 104.935
22.6061 34.4822 145.997 17.5011 86.4092 3.03172 48.0332 7.06494
3.52116 15.3935 3.41052 7.11347 10.5083 156.995 3.81293 87.6238
11.0961 13.3197 134.927 98.5535 29.5953 7.23396 55.2322 20.6359
107.265 7.48002 12.3109 34.192 7.10561 89.5808 17.4138 106.58
20.6322 10.4425 92.7682 65.2569 50.2069 65.6948 97.9468 53.4801
28.1938 168.969 3.37451 11.7453 37.4527 5.04294 20.3963 21.3353
25.765 154.43 3.08057 54.9605 36.1892 49.715 27.5481 7.13395
1.66277 0.713281 179.172 7.81862 21.2061 2.12906 8.82643 1.45222
75.0753 98.4071 16.9643 83.3699 16.63 20.2397 65.1365 68.5949
93.6318 137.134 18.9832 28.8554 31.3962 13.8551 35.1163 32.658
24.932 11.9706 111.052 87.8933 7.4856 38.7469 44.2817 87.1818
8.97404 13.5302 58.8565 1.68341 35.0192 64.9793 26.0826 151.862
8.51547 89.4188 13.9438 31.5317 8.09038 71.7977 134.353 0.796908
19.9999 172.294 3.41052 12.0915 34.051 3.5379 20.0891 22.6653
93.0864 122.698 30.1839 8.18562 34.4158 56.65 29.9923 18.3114
84.4635 12.9956 10.9097 12.6816 21.2686 8.52549 151.304 43.2109
51.9045 29.1664 8.65916 56.8381 14.5891 34.9166 106.731 113.192
76.4766 16.7194 36.0431 33.4971 3.77579 140.776 8.25894 63.5302
4.93116 85.2585 55.986 51.6301 107.932 83.3278 4.18255 34.3093
67.497 15.9999 46.203 42.8035 17.4975 82.0896 79.8123 98.8461
40.987 11.2994 33.3876 78.68 4.07985 72.0485 120.897 60.1327
1.22445 1.46145 18.61 2.22628 85.5806 27.9827 0.442383 155.419
29.0108 5.85583 99.1738 11.6014 16.6933 1.57289 39.5775 138.794
55.2343 12.3454 29.9864 9.02023 7.84832 34.2657 140.418 83.5942
95.3824 46.0477 59.6676 30.8959 87.1331 82.478 28.9598 46.7347
6.0918 1.38931 0.540006 174.578 4.50471 44.5606 5.43892 2.21196
17.4703 32.9136 17.1684 173.126 18.1105 2.65513 18.0613 8.66942
5.29047 9.3606 7.16151 6.92632 122.894 68.1407 105.561 36.4952
31.6908 12.5405 19.7606 13.6862 129.363 55.0121 100.935 10.1021
87.1866 42.5797 4.37781 111.823 86.799 32.554 1.92372 47.6873
34.0663 107.4 76.384 82.5726 12.2467 48.6273 64.7896 16.9385
178.552 1.83754 17.8812 4.52482 4.01615 1.35729 6.19163 14.9415
32.6654 38.329 94.9165 23.7484 49.6376 65.096 89.2663 72.1863
124.392 22.4995 57.0919 50.1475 66.1466 17.1314 79.4738 1.20327
124.732 23.751 100.532 37.8742 7.24515 11.8729 27.1064 66.5156
177.51 5.43574 8.88172 3.63562 2.59081 3.09375 5.4996 32.6379
57.082 25.4624 34.5189 76.9366 58.1478 133.796 4.36657 0.442733
50.647 143.981 7.00463 16.2984 35.8005 30.9755 76.132 11.2796
1.23295 12.7075 0.658839 170.547 23.952 13.264 15.0201 52.2571
34.6018 132.015 18.2997 35.4002 53.7033 28.8946 90.3718 1.84966
2.29282 22.3621 1.16103 176.464 24.916 13.5885 15.6243 6.74834
16.8945 15.2872 79.0548 40.688 93.7661 64.1609 97.5069 37.2413
64.7427 11.8726 121.451 49.9448 66.3697 17.1322 79.2538 1.19993
12.1637 10.7607 43.5867 27.2458 40.5207 43.7693 153.02 51.0741
12.8616 51.6988 8.04261 3.96554 20.5725 1.02679 0.884925 171.299
54.2453 72.6927 50.5406 68.7398 48.1838 47.1198 113.752 8.8069
47.5325 50.1974 45.3679 41.8867 33.426 89.225 22.3025 119.017
21.072 150.774 1.03302 1.5813 9.26938 3.69854 18.3526 92.5982
1.54824 22.471 99.5761 5.56818 114.641 22.1972 3.11903 94.8843
2.81048 68.3032 127.4 37.0894 9.6301 80.2027 50.206 24.0623
31.1289 8.43049 91.9937 35.7025 70.1004 63.8434 102.099 52.8341
172.591 33.6016 15.9112 3.21065 1.38033 15.0434 34.5397 9.77511
71.6229 26.8831 43.4544 21.1749 22.0448 50.9821 62.0917 133.084
72.231 131.782 76.0982 17.126 11.4804 38.41 25.5187 32.3507
27.7326 13.209 170.836 14.0186 43.4316 9.81066 4.30722 2.63896
142.339 63.6046 19.5177 13.5316 77.347 2.78674 17.0232 35.8264
4.91931 0.897946 155.633 23.4495 18.9187 67.6134 7.58917 40.0202
28.9728 73.5889 143.079 24.9009 49.5397 22.9688 7.65053 45.0586
40.703 7.75033 153.286 37.1365 28.6689 14.3875 26.9947 65.7542
11.9604 19.9297 15.2492 2.62304 176.099 20.0712 6.61356 16.2884
3.89015 0.610102 26.5887 178.424 4.41815 15.0254 17.6999 7.53945
75.6679 33.752 45.7572 117.261 82.2597 56.0364 6.11776 1.84318
11.752 19.6311 141.286 79.6957 31.3625 17.7047 7.88989 68.4201
27.178 12.9626 111.471 31.7001 8.41142 116.274 3.74611 67.7742
74.0525 29.2875 42.2576 66.1008 19.7958 86.6179 40.2141 102.183
40.8789 70.032 10.1819 18.1784 23.4185 100.168 110.786 38.5515
70.5639 22.0269 4.77264 5.72838 65.5538 28.5581 129.789 64.6075
0.416096 0.510206 0.0924069 19.4946 88.6023 28.972 4.52023 152.406
112.762 72.2387 73.883 42.8766 59.9665 18.9647 31.3084 48.0989
22.7318 4.17966 77.5 9.06543 91.3361 1.84638 45.9033 122.047
73.6924 34.5792 19.0131 86.8066 10.0565 112.631 26.7577 53.8239
28.1352 11.37 91.8126 146.899 39.3978 1.47368 8.47861 4.23549
79.4543 22.0457 19.4425 20.6849 56.9622 29.3847 57.1724 131.863
1.71069 116.222 66.5703 90.056 47.6429 24.8571 51.6341 28.132
37.107 100.763 4.92783 37.8005 26.8475 43.5969 127.048 6.51581
64.2288 11.1447 52.9198 26.9 130.535 21.4987 74.4409 41.2946
7.34237 2.91297 3.44926 143.725 47.0479 18.5046 68.4004 69.6249
50.2262 148.28 14.5599 31.0236 42.4947 61.8451 34.3615 10.3584
66.2806 26.9675 14.0217 75.7917 7.46296 98.2009 13.319 99.5572
87.6275 48.4448 14.6 92.7169 41.0969 59.523 60.7669 64.9199
56.8365 100.299 68.8594 1.98751 109.68 26.0244 2.87437 40.8467
20.6341 9.38623 4.09352 138.815 77.9578 54.3542 1.51859 57.86
2.44411 16.361 2.35001 156.727 47.5038 70.6871 8.42357 5.73486
22.5188 34.3486 28.5138 4.26264 168.044 10.2829 32.6649 28.349
83.7899 99.7201 66.6184 80.1546 12.1818 53.0478 28.5924 25.2676
50.263 143.371 28.8611 45.2055 14.8877 54.6002 11.3454 56.0988
41.1312 45.1499 3.23266 39.3221 17.5282 10.4638 160.907 35.0199
10.3334 4.37984 5.84297 77.909 13.9787 104.84 34.0799 116.314
0.60816 6.73752 12.671 103.633 76.1268 93.2972 82.8102 16.4147
11.4352 59.7843 45.6299 31.7342 0.388622 63.1445 37.7042 140.154
13.765 55.3286 8.60773 4.24446 22.0173 1.09945 0.947623 169.467
90.9014 44.3927 3.55611 116.476 90.4304 34.7233 2.2917 2.33956
5.97802 145.378 1.49318 37.3241 9.68788 80.7142 50.5238 24.2161
16.1745 18.8579 4.65777 12.7287 143.986 1.22971 96.3442 37.2267
39.3454 137.678 12.8653 46.1226 66.0127 42.7423 25.3195 53.4332
98.0993 57.9589 64.7756 16.3727 84.1954 81.5347 27.6624 21.6199
15.8907 30.929 6.51914 17.8192 142.063 10.7447 94.9433 36.0289
33.1469 54.6899 35.4074 108.247 98.7528 13.9778 31.3932 66.6017
5.56963 1.53507 0.657907 161.892 4.17621 40.5658 5.03691 68.8227
24.1258 14.1382 109.749 23.6508 131.534 16.6038 6.78372 37.9079
3.86804 1.91913 2.15379 4.40321 0.99167 174.152 3.25857 49.5829
1.9268 14.3425 7.58026 153.309 95.6579 8.8097 8.53121 1.23471
2.74273 9.79474 1.36015 1.98564 7.30147 152.657 89.4862 33.3016
80.0054 69.9678 60.3417 31.4307 88.3328 82.9502 29.1338 29.3489
23.0174 24.1987 136.137 21.4505 43.3328 62.1303 58.2292 44.0798
42.0109 49.4228 44.3374 52.3729 125.156 4.61958 64.5749 57.5969
30.9877 87.9653 51.4549 29.8615 41.7635 86.8006 26.8825 100.474
175.12 40.8595 1.49772 1.21641 16.5404 7.82137 12.5862 0.702929
47.4411 5.83753 148.035 62.2269 9.87221 61.1383 18.5887 8.09561
28.7313 36.8315 37.5435 36.0702 27.0676 26.4704 63.4963 148.412
22.826 26.5281 61.5591 82.0756 59.0157 5.82526 122.436 48.3579
80.6513 89.0654 55.035 20.5813 61.111 26.4004 42.7191 91.06
2.26634 3.02206 7.3108 0.802809 50.3836 0.937359 19.5624 172.238
129.866 9.05921 14.9078 41.3988 2.2413 108.26 21.7996 33.8224
99.3665 49.3016 55.3302 113.116 23.7212 37.3328 12.8755 47.5956
15.1847 42.2673 8.38114 56.2909 39.5808 160.05 17.1981 8.7042
13.8265 142.61 12.2417 10.6747 91.8329 8.22624 58.0792 12.2393
55.1194 79.0399 39.5813 68.9653 48.341 47.2733 114.125 8.83577
64.4629 92.0968 17.1004 29.2172 45.9379 125.637 33.0905 7.15905
27.9718 10.53 3.69928 6.75824 11.6701 43.8129 155.705 70.1597
60.7448 16.151 33.4673 21.8083 158.012 28.1499 26.6287 13.4617
20.9304 81.5833 53.1406 59.0384 45.1583 14.3163 33.1691 126.64
82.6446 12.2116 37.9993 33.6861 8.73279 106.747 105.855 15.5236
44.6371 62.2092 8.75079 25.2695 14.8075 74.032 95.2814 106.758
26.2795 11.0153 13.3421 39.7318 4.29896 46.7557 61.5906 156.705
22.7195 5.75346 104.24 95.5589 6.46107 8.93736 17.5314 107.796
11.8045 45.3704 31.1316 26.2841 99.3628 41.1541 127.863 19.0631
45.4678 20.6125 37.5544 42.7817 23.8062 11.7655 146.311 67.5551
78.7936 29.3974 39.862 117.523 12.7209 6.90231 23.4486 96.6738
54.6446 125.5 105.256 17.1909 32.7203 10.6445 31.5091 10.9852
130.811 19.3308 59.0737 53.101 69.0519 54.2607 2.38315 26.3211
64.0575 85.8413 86.0835 79.6583 61.4607 60.1039 7.23658 13.5978
1.00701 0.399514 0.661839 76.8543 79.3139 4.52375 71.0588 124.863
1.1961 1.3837 181.64 2.79648 2.31085 2.13664 10.8675 2.94846
59.7862 18.831 30.3509 90.5323 25.1446 121.19 11.0711 58.7817
71.7347 28.3856 44.7287 30.2726 98.876 55.2644 101.4 10.1487
46.3645 69.0039 54.7313 13.5246 17.0561 94.6228 21.8376 112.362
0.303148 1.16508 0.79945 64.0961 101.035 30.7954 127.208 19.9824
0.10396 0.904979 5.66731 122.461 17.7536 131.011 15.0562 0.886538
108.035 50.9972 73.6405 34.8313 31.8596 90.0947 25.4666 45.5362
5.46639 35.481 60.1448 20.1359 21.0003 13.0447 38.304 157.283
4.17555 167.797 32.8894 12.4572 51.157 2.32524 6.44098 19.2352
24.0402 155.593 83.3305 6.15591 3.01492 12.6091 9.80513 33.024
8.22568 20.4381 16.328 21.2523 26.1992 58.2135 1.74868 166.412
86.0438 21.7887 55.9632 94.5153 6.36346 7.35385 17.2601 111.753
18.7275 17.2024 13.7998 23.6861 15.7228 42.3805 155.723 61.5838
139.376 26.051 12.5243 83.0816 6.02203 12.8229 75.3134 7.64027
15.2148 92.7823 73.8355 46.3154 22.4139 98.1414 44.1835 59.7016
9.97989 11.9115 26.7101 21.2584 149.884 56.3217 69.0255 24.6609
1.6703 0.664862 178.283 11.9481 30.8666 2.13515 5.46089 1.59161
131.192 45.5026 12.1305 81.3581 5.89868 12.1957 73.739 35.6031
132.56 56.7877 36.1654 48.9162 8.60528 44.8976 76.3494 3.20796
19.8581 22.8414 108.338 68.2394 29.6173 113.677 4.01957 31.7504
19.4201 6.66297 2.05159 14.7811 51.3598 50.4653 157.506 49.9778
22.0907 53.7536 108.762 30.6182 51.5466 104.417 45.3429 23.0701
52.7462 62.6667 56.3351 47.9472 43.1865 56.4381 22.6333 123.043
26.6735 5.07973 100.521 24.3525 125.995 14.3751 26.9443 65.6287
22.0593 62.7138 3.04944 63.1192 21.3687 133.141 73.5408 11.349
102.72 45.8528 22.4473 78.4068 2.26694 110.946 22.1575 6.21363
41.6667 48.5412 39.8253 88.2128 2.58545 9.92918 15.2833 137.156
11.9755 85.6909 46.9863 79.1581 105.678 24.2054 28.092 66.9126
56.7062 27.6946 119.77 3.5847 60.5136 28.9243 64.0021 74.1255
64.3124 91.8815 17.0609 29.1493 45.831 126.464 29.9664 6.71939
13.2961 36.1076 90.5328 36.1698 23.6405 40.0108 105.912 89.5659
56.3285 71.7818 47.7348 66.0859 47.3459 46.3004 116.857 0.948484
9.67677 62.9625 13.2314 58.2232 15.7607 155.592 2.16185 11.2607
15.3814 8.25146 76.9144 4.77934 84.0337 59.2209 95.8159 78.735
113.213 16.6119 73.8371 19.1808 42.8692 60.7934 21.2663 83.1979
0.545499 7.24921 0.706894 53.166 134.043 104.006 26.776 16.4277
46.7599 66.8052 54.226 27.4505 39.7943 94.409 21.8897 107.8
121.641 74.4984 1.02865 25.5907 49.8194 74.0845 55.1397 2.99052
46.3787 106.093 3.52718 7.4864 8.77456 8.50619 133.071 9.72239
20.4556 37.2921 97.2274 34.9275 9.59334 75.3888 85.1992 82.25
45.4262 75.8812 58.0053 58.8919 23.1762 13.0838 130.405 19.8233
21.2703 77.5946 55.7061 18.6099 71.6424 46.9898 67.6402 103.898
23.2753 11.7804 104.647 72.9965 56.4871 2.38737 95.6372 55.8501
28.5459 120.955 57.2335 55.7985 68.4135 11.696 5.47866 78.4706
14.0629 145.029 11.1027 39.997 96.4893 9.44719 9.43116 12.1972
89.56 20.0656 77.0028 8.89134 76.5075 96.1316 58.3078 13.2922
34.7847 132.712 19.0021 34.8301 55.1789 30.5214 87.7693 1.849
8.79177 48.5632 122.024 48.2917 11.5972 27.4249 88.9734 60.6192
4.10658 107.79 21.2497 60.9128 29.0305 22.8643 38.7734 115.199
16.9086 25.7909 21.41 2.62349 172.468 10.3534 19.886 28.1841
141.924 90.7026 13.1311 12.3913 1.82294 8.15827 57.4319 11.8338
14.3883 6.585 2.79764 114.156 113.253 54.6017 1.52216 58.1255
53.9738 29.8393 29.8909 85.0681 32.7122 107.997 62.2089 58.7386
35.6985 18.5464 114.839 11.175 104.34 48.4552 40.1596 48.7156
0.594132 7.89636 6.41472 74.1838 123.796 104.218 26.8292 16.4612
81.8583 39.5186 52.0841 61.7281 124.55 5.6474 23.5067 48.0664
32.6096 38.7664 123.418 2.47525 25.959 26.4173 115.722 9.24777
89.6312 27.1213 18.3816 124.457 78.4224 2.99243 8.65868 38.0072
36.2025 64.1621 46.2094 22.0669 116.827 42.4547 68.2531 60.4198
19.7635 170.251 3.37086 17.6855 33.7447 4.37148 19.9829 31.7412
96.1945 16.9608 43.1829 36.7779 9.59947 32.6738 132.352 11.3452
6.10406 3.48209 13.2607 14.2803 82.1399 35.193 107.581 114.093
63.4094 4.45676 3.17781 40.9185 18.2391 10.8877 163.925 1.77157
