367 4.59459
0.934959 1.58176e-37 2.24712e-74 1.30809 2.47857e-74
1.00386e-16 1.63943 4.27369e-24 5.40769e-61 1.96344e-107
9.49661e-17 4.12896e-90 1.55323e-61 1.55091 1.72194e-45
9.74631e-17 2.48681e-20 1.59169 6.0445e-26 4.21474e-49
1.06455 3.61648e-41 1.31913e-30 1.15978 6.36262e-73
8.7501e-17 1.08426e-46 4.32962e-75 2.03727e-79 1.429
9.5741e-17 1.4944e-133 1.56357 4.73472e-13 1.93748e-30
1.29428 5.99859e-17 3.07727e-26 5.24653e-37 1.42523e-51
9.33886e-17 6.84878e-93 3.65783e-60 1.52515 1.13727e-14
9.71258e-17 1.58618 7.07019e-09 1.40844e-125 0
1.20449 1.12878e-119 1.48892 2.49244e-10 3.81787e-167
9.53664e-17 1.55745 3.91987e-08 0 5.68462e-81
