525 15.0748
3147.7 4.89699 7.25713 0.495795 0.512396
10.0966 3167.52 0.369789 0.0455554 0.0673689
6.00346 269.357 800.113 57.8405 6.9896e-09
0.0133388 2.44332 2816.6 0.0973468 12.0565
0.013213 0.000525952 5.66495e-06 3110.18 12.039
6.27637e-11 9.33923e-09 3.84941e-09 4.08341e-16 1968.05
2.48265e-12 4.57631e-08 9.99791e-12 5.62889e-11 2861.17
3.04271e-14 9.4355e-14 2.50444e-21 2.82638e-08 1954.76
3.22023e-23 5.93591e-19 1.12464e-13 2.41375e-08 1667.9
1.22672e-08 5.4242e-10 6.30583e-10 3.73799e-09 2569.47
3004.04 8.82616 134.86 0.0223351 0.982129
0.0122499 0.00071852 0.000138388 2968.76 0.00192345
9.66161 3031.04 0.353856 0.0435925 1.98151
1.81662 0.00624404 2720.98 2.78508 0.0269225
2871.35 0.0205396 0.172779 43.9754 0.321275
2757.33 27.0454 15.7758 77.5153 0.0338398
0.00108776 121.904 2584.62 54.2131 0.0635262
2902.36 0.0207614 6.65061 4.35117 0.336007
9.26479 2906.55 38.7701 0.042353 0.0626331
0.0123473 0.000399183 0.000153304 2772.29 0.00019103
4.32155 0.38415 2792.21 0.0400928 0.263594
0.000718517 3.03963e-05 0.0119087 2720.24 0.000187443
2.18232 0.136183 2658.2 0.0918724 0.0299575
25.2335 2839.67 0.193956 11.9557 0.0114652
2.7638 2007.19 40.9289 83.1908 356.193
0.00259869 7.8892 2503.49 56.8097 0.0590957
2627.69 21.2974 11.8871 0.718895 0.43153
2446.7 57.538 143.985 0.079582 0.0457726
7.32126e-08 0.000717221 0.0114059 2605.39 0.0211609
0.0408063 123.881 2444.26 0.0920269 0.00067798
3.15509e-05 0.00068801 0.0111493 2550.73 0.000175762
2489.62 8.19951 269.671 124.965 0.761842
0.0117533 0.000431563 2.56214e-05 2830.54 5.9928
1993.47 0.103726 28.7194 17.1179 864.749
28.8543 1432.06 873.445 2.52638 152.355
0.00816886 0.194533 0.00238211 2669.94 0.00130374
91.5139 2098.71 126.595 21.7054 1.99165
76.5932 17.8747 1551.04 25.2751 849.983
1.42656e-12 3.92118e-14 4.62284e-09 1.26422e-08 2210.31
2377.75 39.6978 5.56485 28.973 0.0181614
0.000467094 0.00893765 1.53837e-06 2130.57 131.724
2673.37 44.6333 6.25671 21.0165 0.0201921
2266.44 326.098 42.4359 0.711899 69.0964
2.23444e-08 7.93986e-09 6.07822e-16 9.92101e-10 2163.11
2546.91 95.2233 17.7351 13.7441 13.4369
6.89346 2510.59 20.4976 160.231 0.000613578
2583.07 0.743647 8.79656 18.5357 72.1257
1797.44 58.5743 4.70546 41.3029 172.937
1.33867 101.761 768.569 882.405 406.594
9.12601 1954.83 564.007 2.87485 8.16112
14.7256 730.845 445.758 1392.52 168.455
1412.65 134.99 274.814 162.766 37.3543
154.5 347.948 906.091 26.5993 915.888
9.42556e-09 2.25733e-10 2.81431e-11 9.01391e-09 2297.54
0.000332511 0.00522103 0.00530289 2459.04 23.8728
58.1313 11.8495 821.576 1473.5 35.0091
3.78002e-05 0.000349409 0.00903552 2025.03 0.000769349
58.6188 2321.49 10.7145 76.2769 29.2195
3.79323e-05 0.0099728 1.3542e-05 2267.69 53.4356
2.0223e-07 2.01479e-05 0.0132368 2856.83 10.3755
1151.77 48.0405 3.49865 1120.58 211.107
9.72486 2209.4 18.1053 140.06 0.00412953
1640.14 0.0853408 1319.64 25.0541 82.4501
8.17265e-08 0.000800626 0.0127323 2908.37 0.000200406
2223.63 126.996 4.4164 211.698 4.17403
33.8791 2125.86 558.111 0.915916 3.13658
1053.87 36.6252 961.801 90.5197 59.7674
781.78 1274.88 1.0852 388.14 20.5911
1.94695e-08 6.91828e-09 5.29617e-16 6.45989e-09 2050.59
6.53993e-13 4.94444e-13 5.42487e-09 5.47078e-11 1897.37
335.35 81.5649 1696.41 16.5351 251.895
10.455 775.309 1350.86 50.9935 245.063
160.334 254.735 701.84 902.173 357.96
24.0688 8.67617 1058.69 797.891 742.871
1.89408e-08 1.34463e-11 5.50238e-11 1.11304e-09 2473.17
101.215 1322.88 741.894 337.533 21.697
903.417 276.757 720.615 88.1004 372.509
0.0114236 0.000233525 4.80654e-06 2638.89 342.368
44.8138 2969.17 6.93805 0.043304 0.489797
6.07482e-09 1.11576e-10 1.01647e-08 4.3609e-10 1158.96
7.44951 69.0233 40.6524 1819.21 436.037
2132.54 80.1773 31.1403 48.041 114.677
1.63938e-08 1.16382e-11 4.76247e-11 1.91139e-09 2257.12
5.63709 2808.39 2.22846 121.817 61.1002
105.258 920.451 449.842 21.8657 1063.48
8.82403e-11 1.31301e-08 8.67844e-10 4.34066e-16 2092.03
0.00585777 57.3851 941.336 1628.58 475.359
6.53548e-09 3.62783e-10 1.13343e-08 5.61835e-16 1264.65
995.512 48.5822 109.4 946.675 191.676
7.26024 0.230792 2141.13 122.964 0.338569
8.05342 1300.88 1083.48 4.7628 62.2885
0.000288429 0.00911898 0.000241506 2070.89 252.191
675.647 1508.24 45.0444 0.208758 65.5753
55.5514 2679.16 4.11974 14.1521 13.8357
1.94984e-11 1.76965e-10 1.32829e-08 4.15366e-16 2001.9
1.63504e-08 1.4575e-09 5.16958e-11 1.04572e-09 2323.58
2027.97 148.497 410.759 7.53486 0.0369412
180.496 1016.59 85.423 563.191 808.202
6.00817 182.705 2103.21 41.0693 122.638
1176.79 245.304 106.802 144.565 690.635
2104.51 226.481 62.7931 7.27801 204.511
2702.07 63.5436 22.1917 0.0837768 0.0481853
616.616 75.766 2213.36 3.35867 0.0182318
761.489 387.21 119.239 1090.02 14.5707
2341.59 72.7814 10.6948 1.88166 15.8433
23.9522 2963.21 6.36177 0.144515 0.503793
0.174036 112.612 2253.88 10.4404 0.000128806
1532.53 86.3405 492.932 4.76191 162.309
0.000376192 1.11295 1661.86 36.7676 605.4
1852.42 19.4846 138.515 534.676 0.0299289
3.36359e-09 2.543e-09 1.73978e-08 4.71269e-13 1616.47
244.076 0.160613 1933.21 249.173 3.07098
10.9696 0.000570776 1855.07 1.00247 837.991
0.768114 2593.37 41.3872 58.5058 0.0619913
746.782 0.41409 1373.35 234.403 0.00756699
5.69523e-12 1.01594e-13 1.68478e-08 2.66144e-09 1356.23
382.857 443.171 249.935 302.961 977.305
1.95777e-07 3.14832e-06 0.00923168 2089.14 122.816
6.23748 1635.32 28.9079 440.148 643.137
1441.25 983.346 200.147 52.575 0.0616066
1761.04 9.65565 969.23 0.121488 121.094
1.46739e-15 1.00393e-13 5.29082e-14 3.50116e-08 2429.75
5.45017 570.525 60.559 649.169 926.046
3.89431e-09 2.32472e-11 6.4368e-09 9.74818e-09 1387.84
535.405 38.2772 1673.34 62.9065 141.227
1020.58 14.3705 3.01791 966.601 460.842
2166.24 89.5679 9.75091 0.00420901 101.025
21.0682 0.0484431 2401.06 1.33631 0.0418874
1.7708e-05 7.20282e-08 8.96589e-05 2498.66 0.0123401
1.3464 0.00462779 2016.67 601.654 0.145952
1703.3 217.069 3.85428e-05 181.581 263.753
193.466 14.4358 1629.08 34.5538 665.164
1.34564e-08 8.10503e-10 2.0765e-10 2.50078e-09 2534.4
358.38 593.917 150.177 560.517 350.023
3.44922e-06 4.05429e-08 0.0096338 2180.14 115.679
522.476 1937.15 56.8114 4.89654 13.3508
68.2824 709.689 405.291 323.925 959.549
19.9554 2564.99 0.318785 5.14673 64.0226
6.20598 2737.18 11.9385 61.1651 82.9089
5.59614e-10 2.06018e-08 3.58421e-09 3.4003e-10 1544.89
273.53 149.013 1880.12 63.7437 50.5042
856.919 293.002 656.196 437.363 52.0352
1579.51 0.15644 1412.18 132.02 30.8807
689.07 9.11216 528.452 1055.66 76.2299
308.277 254.438 1314.63 0.0269112 505.803
1.65288 184.917 1391.03 493.466 736.078
438.476 13.4898 252.697 1839.34 3.60296
7.97159e-09 3.42629e-10 1.36608e-08 6.77159e-16 1522.05
471.913 7.90889 94.9698 1500.35 569.205
1680.44 632.657 16.4216 0.212953 28.7461
341.942 40.488 1802.21 605.352 0.0682458
117.552 1250.11 796.747 208.388 2.76481
2.04957e-13 1.71236e-14 6.13073e-10 1.78721e-08 2140.27
8.54254 2348.66 48.0715 293.691 14.2174
825.108 79.5003 201.209 1439.43 28.235
24.5232 2169.86 18.5317 148.223 68.4718
2734.95 64.3167 1.98943 0.0841809 0.0484178
16.3447 6.02913 1263.18 681.477 179.524
4.74135e-12 3.07067e-12 1.54276e-11 2.37282e-08 1647.45
247.182 193.379 252.841 1710.82 150.366
52.9457 0.181983 2289.29 2.39599 0.0649583
293.315 464.981 395.041 315.732 935.281
23.3476 1670.53 221.044 5.90083e-05 118.602
1487.93 0.077421 93.5555 488.154 14.8371
83.7308 9.60203 2040.74 102.98 9.90762
737.648 834.848 94.0531 281.391 525.446
488.107 845.607 232.454 92.3944 701.762
14.479 508.175 1958.44 29.745 0.000136052
2.06018 1099.59 14.7231 1004.41 580.559
11.0552 231.303 562.318 708.706 465.764
1898.06 2.31467 118.286 48.1191 882.698
0.586163 1718.4 353.959 220.516 2.87396
889.422 0.165345 461.809 506.271 1012.07
211.505 337.261 395.506 864.803 482.643
990.877 74.7059 229.318 1685.56 0.000205373
598.593 1586.59 16.384 347.724 0.006029
238.86 276.489 153.333 751.687 1006.68
1.4807e-07 1.42737e-07 4.79193e-14 2.43343e-07 1123.56
258.016 54.949 0.654504 1790.54 252.339
0.745564 14.195 237.575 2345.27 0.000179004
0.623321 2034.29 19.4921 49.0313 235.632
72.3414 2414.24 8.48314 291.988 9.42613e-05
1361.75 447.303 192.008 477.111 91.172
704.059 269.59 207.134 1537.02 0.000187274
0.0399255 14.2762 227.645 2232.68 0.000322791
325.052 30.5561 1013.07 634.265 127.423
27.8606 2382.92 6.25611 395.948 23.6816
499.673 548.686 0.55317 1607.97 23.51
30.0546 167.291 2175.68 0.64702 5.54802
378.074 1135.05 452.633 827.298 77.5539
2186.9 36.0686 280.607 12.0684 3.78938
946.998 328.716 163.192 372.625 694.942
1465.54 317.615 29.3478 596.077 89.8345
6.01769e-18 1.10925e-13 7.0074e-15 2.53124e-08 1749.08
2301.43 37.9575 176.246 12.1265 3.44354
2062.28 305.033 50.8973 53.9114 0.017897
1.71868e-10 1.29939e-10 2.03265e-08 4.17152e-13 1430.85
565.018 74.0599 390.016 931.881 541.143
320.074 11.5992 927.609 148.722 528.552
3.34531e-09 2.47402e-09 2.50035e-11 1.58383e-11 2028.73
2.53614 0.00583147 289.034 1919.85 0.0382218
372.755 23.5566 1585.17 0.157901 482.695
1507.8 8.87111 883.553 28.6786 1.34184
0.000593614 1.75619 2622.34 2.68411 0.923682
39.6529 2637 6.16152 0.0766971 0.434984
1.55718e-05 3.89721e-07 0.0102763 2300.08 1.03089
362.361 454.034 1477.17 26.0218 0.112968
2.04023e-09 2.56404e-08 3.39415e-11 1.64995e-09 2111.2
458.153 751.559 224.782 724.837 10.781
167.268 975.918 142.376 1548.54 0.572457
7.40693 363.71 671.493 1425.75 0.120213
2.45046e-09 1.74428e-10 4.31287e-09 2.42147e-11 1331.32
233.074 586.342 82.4263 1309.34 144.195
1.17426e-06 0.000692438 0.0110293 2519.37 0.000173602
1.44137e-08 1.08973e-08 1.15918e-09 5.35288e-13 1836.06
709.641 0.0702854 634.463 1728.7 30.4596
724.841 609.246 358.245 676.662 6.01935
38.2884 1033.12 558.159 6.06038 1041.32
623.97 238.924 183.572 1362.18 0.0292783
2482.42 0.213835 336.606 176.362 0.60307
1073.33 111.396 788.176 521.584 7.69426
12.9498 470.393 366.085 695.822 971.127
935.697 1543.81 369.18 2.91384 7.62824
1293.99 741.5 1.07403 367.045 20.2352
219.765 84.8616 1421.9 406.874 28.2076
286.923 42.4388 1456.98 430.477 0.0160487
24.4903 659.129 203.399 997.125 424.049
0.00224388 6.25439e-05 0.0111852 2899.47 0.00187857
392.104 679.289 193.252 1173.52 119.679
1.77133e-11 3.90691e-09 1.62171e-08 1.45211e-09 1492.12
77.6155 211.395 1174.72 38.4519 1022.22
1750.36 35.9855 283.358 199.269 2.49888
554.578 59.6822 1749.93 6.18257 13.4593
795.261 996.451 0.233662 245.247 418.826
1731.85 68.4306 29.6298 532.267 88.104
605.621 1218.19 62.5049 7.7513 677.346
2.02546e-09 8.50639e-09 4.31201e-09 2.12519e-10 2236.12
519.783 1523.79 31.6533 6.40183 38.3118
59.8787 899.686 319.982 1360.78 8.02993
0.00904436 4.51067 0.00554198 2156.68 78.128
410.235 0.227475 754.433 1507.67 86.732
0.631166 1854.62 30.5345 548.518 65.243
39.3939 1.86261 2475.26 0.0360735 12.0264
5.24552 353.802 1768.1 620.392 1.19454
30.3369 40.0325 2064.86 60.8085 55.0818
1.33832e-09 2.23076e-11 2.18346e-09 8.8409e-09 1723.79
912.025 1203.51 445.563 4.19711 64.3436
441.159 156.761 985.184 149.691 360.305
0.796226 253.346 1019.02 373.864 596.402
45.4303 458.877 325.491 581.453 886.914
6.21489 1337.88 274.518 1049.31 37.5406
44.6999 1653.87 189.856 99.2753 96.1451
856.546 58.8583 1889.77 2.77594 0.027736
272.658 523.719 414.879 341.287 993.518
2291.28 24.4119 70.3391 95.1603 0.0291774
0.000153368 0.00928624 0.00121335 2412.95 103.084
120.561 968.09 162.628 60.3805 824.668
68.418 2283.3 8.02307 276.152 0.0127182
1387.65 788.454 347.739 56.2518 0.274646
30.2877 1063.6 538.834 98.2859 509.117
47.2577 1401.73 316.444 241.618 412.629
4.66557 354.66 607.582 977.479 450.709
0.00856361 0.000354915 0.000192174 1957.97 380.723
1.95056e-17 3.78416e-16 1.88572e-13 2.47005e-08 1576.03
74.4017 2482.99 8.72474 0.0771148 4.91941
1373.99 11.0029 177.171 404.544 395.203
0.761425 30.1728 6.3369 1569.02 1100.71
841.447 1697.52 11.4499 0.123206 75.426
239.559 84.7083 1715.28 28.9884 409.748
1595.41 21.0975 846.342 0.887932 113.602
4.15429 320.529 1533.4 0.0785132 686.905
389.29 1555.32 594.519 6.65074 18.9152
1042 370.263 401.339 371.394 444.663
176.501 4.6178 800.462 1020.66 621.814
583.411 105.522 1507.88 102.359 0.0249025
125.186 1052.16 737.254 262.033 498.294
158.737 818.386 617.962 223.346 183.673
315.085 356.604 25.4304 1068.67 551.065
2085.29 72.4697 37.8471 96.8403 63.9407
1120.91 120.629 33.445 27.4308 1046.8
170.556 1006.04 1.47128 1081.74 306.643
927.123 42.8889 185.44 1330.45 49.7227
32.4022 743.086 1611.58 0.0237395 0.041258
1.26409e-08 9.00236e-10 5.71096e-09 5.93251e-16 1185.63
269.085 93.4032 1160.73 394.459 735.663
1130 50.9538 1203.11 0.113323 34.5056
1.99534e-07 2.83678e-06 0.00838204 1896.87 47.5848
1.78246 18.64 2322.13 0.151969 0.0404908
507.215 199.17 1970.62 103.209 4.27266
0.013332 0.362548 1037.65 991.778 1.31252
1.68407e-12 1.63904e-11 2.96976e-11 1.99175e-08 1461.16
0.0306507 93.0505 2344.97 54.1221 0.0573465
301.105 477.332 405.533 287.793 945.215
0.613504 303.194 1168.58 5.19373 1108.82
876.959 21.8975 684.646 672.72 0.0298608
35.7168 2627.42 54.3104 0.0389537 14.315
4.79027e-09 3.23496e-07 5.4095e-14 2.68355e-07 1303.16
869.9 297.44 666.137 357.388 51.2427
35.3442 1187.44 263.321 425.689 313.575
1.44024 694.018 4.00441 1759.75 5.80215
158.367 11.8168 1268.86 419.669 660.606
88.6046 706.61 4.8329 748.471 973.181
1.14836e-12 2.36345e-10 3.37367e-08 1.04691e-15 2356.52
110.889 858.763 855.215 8.17922 290.165
422.518 0.0658355 1841.61 0.331019 116.382
19.25 1365.24 448.378 800.862 0.23938
4.16236e-12 7.425e-14 1.23132e-08 8.00001e-09 1412
1334.72 526.962 346.96 252.969 3.78303
1187.55 714.116 88.2038 46.9022 521.65
42.7077 978.381 485.518 376.097 787.937
715.115 1179.87 239.076 512.396 7.07947
962.416 1896.59 89.18 9.06771 0.0347757
0.238796 2229.29 576.145 0.945511 0.302286
10.7633 130.556 1819.78 203.467 137.705
348.224 394.11 0.391695 1138.59 587.116
2.6652e-05 0.000480434 0.0102089 2427.23 0.691483
5.7995 634.907 600.797 969.571 201.798
366.86 1387.81 586.505 119.717 17.4507
1686.22 410.127 113.257 17.2883 263.37
628.813 1232.41 1.45417 117.989 421.348
211.052 43.9943 1.46944 1633.4 779.966
2.47908e-11 1.4533e-09 3.02376e-09 1.05476e-08 1926.5
450.258 1735.46 535.563 33.258 0.00840306
0.00639557 0.00130368 0.000455522 1752.54 748.492
145.514 1149.34 175.141 3.38242 156.198
94.8316 1081.89 175.785 68.9837 893.722
1256.05 18.2984 708.533 465.048 59.7604
15.7874 2243.93 37.1913 40.9732 3.26527
1092.21 568.277 505.605 4.88433 171.851
0.448242 162.482 0.408869 1653.74 199.461
400.68 16.299 638.402 717.665 278.789
5.63459e-10 2.01791e-10 4.28786e-11 1.72577e-08 2514.47
0.0012798 0.00811909 0.00139725 2320.19 0.725208
0.0029906 0.00248167 0.0041109 2367.81 124.126
2464.54 155.749 146.661 0.0396633 13.9061
2.5389 1576.31 25.9853 466.797 55.5228
1145.3 91.9193 223.642 1357.17 16.0062
730.883 5.86929 1188.54 1.59225 302.189
7.35291e-11 8.59394e-11 3.40582e-10 1.97801e-08 2492.56
15.6022 27.8793 1290.52 6.97811 861.219
1116.38 1469.86 82.239 0.89928 3.07961
382.101 683.911 76.0696 501.524 719.708
1950.51 6.81923 750.765 39.2061 0.0271369
0.54741 258.16 1441.04 776.588 0.0785599
3.66169e-09 2.38752e-09 9.93926e-09 1.92876e-09 1242.77
78.4837 647.88 9.11717 636.352 862.141
1196.94 249.504 8.3336 391.407 761.917
1096.79 402.486 781.06 371.442 22.9819
1554.89 13.7898 7.03931 24.0203 797.881
1717.7 137.859 995.349 0.0408669 14.3281
152.497 11.3789 1221.83 433.443 646.544
656.273 20.5594 1144.45 68.4119 304.546
18.8074 1817.4 331.236 1.53191 91.0138
1.97227e-08 2.41934e-10 2.93597e-09 2.66663e-11 1590.28
1833.81 427.14 7.71339 265.493 0.0122273
1626.69 344.359 3.95601e-05 186.374 258.726
375.307 23.2565 1594.18 57.3306 499.365
132.196 1608.62 7.83664 0.00473212 609.479
52.0639 64.7085 12.2776 1192.1 944.708
576.193 75.5246 397.508 768.049 492.219
54.8911 824.747 261.721 1246.7 99.4331
143.321 11.7102 0.355016 1987.58 0.551925
200.797 316.745 1197.29 4.88157 529.265
815.126 2.80172 1994.67 1.7813 0.0277996
282.832 489.984 139.396 846.484 762.232
1345.08 459.916 52.7345 507.971 183.584
406.826 297.783 46.4752 660.977 629.679
70.9247 792.68 0.0551303 1585.26 291.755
1005.57 40.9779 222.786 822.878 236.576
1273.06 1105.46 169.163 1.85827 6.59039
7.979e-09 1.46343e-08 2.95094e-09 7.87761e-16 1773.19
425.325 1261.19 213.09 46.784 83.4022
1363.98 535.63 81.9599 190.09 286.158
1876.53 128.306 377.72 2.45581 11.3735
135.038 178.265 578.358 1259.64 4.93396
186.521 1702.02 117.01 14.5577 326.139
0.00482442 0.000177145 0.00455004 2214.17 394.549
0.799967 577.292 1244.59 4.30851 782.712
179.603 1763.69 18.6145 1.38665 219.934
645.853 1118.89 312.88 122.567 30.8514
395.833 431.883 9.10741 1226.07 305.876
80.9898 1413.14 112.212 151.889 725.621
96.5196 184.953 801.869 502.036 280.878
1826.18 4.69957 4.2146 4.69277 731.538
46.4602 2429.61 12.76 3.69683 2.3144
36.5498 1288.61 179.782 188.541 565.828
480.86 844.449 99.7584 134.748 643.735
1562.44 613.565 93.8852 370.204 0.0550685
8.09394e-09 6.11933e-09 6.50934e-10 1.19979e-08 1863.2
59.7428 4.7018 1283.07 1293.07 0.00574095
95.5348 3.59183 2363.91 52.7336 0.00162996
622.675 24.6529 1044.28 23.6873 269.006
83.8362 2703.34 26.3948 0.0403316 2.72552
169.325 6.40711 835.306 1051.3 648.021
1616.02 342.099 96.9126 205.785 271.125
615.826 463.836 632.789 3.28785 514.068
1038.35 42.3137 213.216 838.791 241.151
81.7516 883.029 862.488 23.7952 767.176
250.127 936.64 63.1386 6.73365 901.534
1258.51 71.22 441.446 1073.46 0.471
1542.02 37.5324 1361.44 0.0883802 0.050833
7.98964e-11 9.09013e-10 6.31294e-14 6.70505e-11 2417.29
53.6129 3.9718 1331.32 1217.09 0.00566576
21.8264 0.686897 15.7671 1942.34 0.0262133
659.542 875.207 442.772 300.132 5.82885
207.725 75.7511 479.329 1129.34 335.455
462.151 1748.29 117.6 6.09784 17.2641
376.628 1047.09 182.124 415.854 374.187
44.5666 1836.67 828.024 40.0939 20.7904
522.08 941.264 295.364 57.8723 768.622
360.129 263.602 1110.52 68.3097 486.019
15.3556 2284.9 20.4786 7.15134e-05 33.179
125.981 163.881 490.127 1154.78 343.012
352.987 15.1698 729.655 1276.78 36.6183
799.658 33.3538 419.88 1166.75 224.909
329.741 381.687 12.4347 813.718 1089.75
1239.36 395.242 209.101 458.231 30.0309
360.869 0.018777 1777.16 623.57 1.20066
154.702 658.641 146.721 1412.06 17.6435
443.058 49.7815 308.504 807.624 706.664
570.01 333.006 425.135 11.7967 1092.72
83.074 2759.52 22.8094 0.0861087 0.0495266
1279.86 24.5536 769.893 110.425 145.556
1236.06 725.428 116.384 59.5288 0.00573675
6.65388 448.794 2242.81 42.1893 1.19146
150.512 1478.02 293.774 1.35866 228.545
338.795 365.673 1124.68 25.6132 290.877
51.1335 1795.64 51.5082 14.8045 553.38
1.35752 0.405638 2631.86 2.69385 0.0260406
1499.74 459.438 38.9989 92.6141 391.595
0.010681 1.90938 89.3802 1872.72 359.029
627.051 754.783 209.878 32.1865 80.248
590.487 39.7378 303.494 1214.95 262.346
1935.38 243.758 3.00654 1.69317 97.6842
10.4582 32.4311 1231.6 3.76398 529.927
814.534 15.6373 745.553 919.273 5.87252
122.529 1902.89 7.76082 48.4076 10.0185
13.4564 0.336005 10.5055 1999.77 0.0267882
0.0905525 53.3998 1525.83 721.564 0.0729936
347.604 966.392 168.089 383.806 715.796
1461.79 554.431 375.761 6.96624 0.0341534
7.39872 1195.13 995.399 2.57198 259.414
0.635756 1868.11 30.7565 552.507 3.42467
2213.51 73.4842 62.2259 50.2969 0.00155464
970.949 553.765 31.4485 409.862 321.558
546.826 658.216 209.035 46.0987 615.421
1310.36 448.046 442.444 28.2784 51.7025
179.215 928.796 215.496 113.911 1078.68
1136.58 224.461 726.581 134.2 99.527
1031.5 81.1797 86.3915 1150.63 381.28
6.40398 701.084 583.892 1008.52 209.905
323.259 785.009 648.842 353.988 48.1543
1202.54 99.9706 16.998 72.7058 1030.99
468.413 29.6018 1098.72 115.401 417.048
69.2122 1613.18 512.276 4.94877 168.678
2.92452e-14 3.43902e-12 1.00801e-08 7.52366e-09 1223.65
994.052 141.486 144.912 569.968 194.36
125.184 1491.73 384.471 1.52236 845.424
531.843 15.4622 47.9752 1239.78 564.764
988.221 20.2016 55.5642 1336.07 320.036
547.162 209.79 430.637 924.404 6.4009
86.8353 2777.7 4.31532 0.208071 14.4191
3.36234e-14 6.19786e-10 1.52779e-10 2.37384e-08 1693.69
583.139 12.7245 14.4814 1663.39 77.4394
162.847 509.53 0.385501 1130.76 748.449
186.489 2144.93 19.4322 0.00130727 68.1733
109.471 1137.78 649.766 519.319 54.961
10.2692 2066.4 19.7235 29.1111 47.26
55.5445 488.659 238.064 660.948 907.641
388.534 2.59477 1114.26 697.62 140.151
32.414 699.212 1136.33 26.1566 297.049
0.0520087 88.5744 2225.77 49.8341 1.95304
262.639 3.63938 148.621 1105.08 367.506
218.729 62.2694 475.139 442.437 726.512
509.862 180.287 72.5633 623.146 990.979
1.45083 699.12 6.17601 1784.2 5.51872
411.211 0.0640738 1792.33 3.8585 113.449
2.96909e-09 4.86441e-11 4.512e-09 6.62162e-09 1969.64
0.0203893 11.236 863.459 786.99 454.886
839.962 29.1911 417.206 56.7368 1071.87
0.0681014 2.1725 2302.59 0.0111015 0.342376
3.60989e-10 4.67658e-09 8.47299e-09 1.27196e-08 1810.88
194.378 66.5418 1489.65 428.549 50.5424
2558.31 3.51101 6.6947 1.27537 0.416647
1212.86 476.287 314.805 39.6704 17.7385
893.106 1118.61 529.273 4.3429 63.8431
141.311 1168.77 16.4439 78.1371 882.774
371.836 14.7217 623.602 815.946 286.384
1328.35 675.455 256.723 65.0878 14.3709
5.19022 1881.38 136.241 273.431 0.00052217
2.72328 1077.93 1443.03 55.0948 67.2568
7.77059 1488.99 369.057 255.357 436.091
143.237 2367.85 1.78463 0.0755147 0.0434333
880.819 1162.33 537.541 4.41074 64.8404
1116.03 675.055 13.0793 305.906 3.33418
1111.41 377.359 775.587 368.839 22.8209
760.105 23.8122 1325.52 0.91682 340.108
433.04 7.40578 89.3456 664.025 1029.33
564.088 1548.64 435.034 51.6257 0.00215696
548.569 963.354 113.805 2.13665 675.747
