6821 90.0053
9.11174 1.74325 0.0361367 3.43273 1.32619 1.39392 0.909658 0.857739
4.50508 8.67137 3.46464 0.399357 0.551843 0.929425 0.414056 2.33504
1.99972 0.991505 1.05679 1.21409 9.98142 1.40246 1.90789 0.0313243
0.639105 0.0191289 0.421885 1.1991 4.15802 5.74443 2.58581 0.022673
0.261635 1.80456 9.43469 0.288644 0.588534 2.72958 2.06782 2.28613
0.235351 0.0488884 0.0347706 0.371381 0.346331 10.0659 1.84088 1.67178
0.036572 0.0478547 0.162253 0.270903 0.253096 0.039553 10.0537 0.311009
0.0136589 0.0745347 0.111595 10.2897 2.05716 0.435116 1.91808 0.58911
0.00410314 0.0057236 0.00651431 0.00710888 0.00433943 0.00449403 0.00530313 10.9468
0.00226407 0.000284146 0.000330056 0.00121585 0.00948876 0.000407858 1.0293e-06 8.87166
0.000713199 0.000610559 0.000678982 0.000218756 0.00036706 0.000110438 0.0109561 9.49574
1.415e-05 5.64826e-08 4.27143 3.21815 4.51419 4.1128 0.967558 5.84042
2.45947e-06 3.0861e-07 5.30571e-07 7.70151e-05 1.54073e-05 0.00156226 0.0106041 9.4485
1.59454e-06 2.0587e-05 2.98647e-06 5.88746e-07 1.6247e-06 0.0103009 0.000595551 9.21929
9.32832e-08 1.79569e-07 0.0120384 1.92094 4.36356 4.03093 4.29569 5.41445
0.0272824 0.617951 0.0894488 9.63019 1.9968 0.952203 1.80789 1.09637
1.67858 0.0480068 9.07071 2.33682 3.30867 0.389219 1.2012 1.6042
8.5064 1.06756 0.500706 2.15728 1.83225 3.19845 0.827246 2.75239
8.12327 0.229887 1.73948 3.59899 1.87382 0.893632 4.00122 0.558124
0.0536871 0.37494 0.486975 0.965632 9.52199 0.630063 1.59592 1.73253
0.384962 8.47867 1.86317 1.64061 0.934823 2.52011 1.10155 2.08223
1.58829 1.13634 0.692421 8.82051 0.0561793 3.16915 0.356094 0.829033
0.790882 8.23139 1.19567 2.0989 4.53875 1.77921 0.752316 2.35477
1.57629 2.38118 4.07949 1.57573 1.08082 7.36377 3.91575 0.248531
2.21549 0.956183 8.40357 2.21486 0.552163 2.56074 3.35829 2.23129
0.225003 0.0420511 0.0496772 9.30922 0.53176 1.6137 4.04515 1.72122
0.742846 7.60469 0.21188 2.41899 2.76721 1.42745 1.77707 1.9646
1.28071 1.89075 8.76937 3.92399 2.043 0.974557 0.58549 2.90132
7.35534 2.73094 1.13501 0.073967 2.46815 1.13842 1.73098 4.25424
5.86805 2.47745 1.36338 5.04802 6.43143 0.935426 1.25085 1.15154
0.265274 0.316014 0.445916 8.4717 4.37253 3.89065 1.22901 0.702693
7.88792 3.16214 1.22922 0.257935 0.525894 0.769686 3.09013 1.84359
0.0133414 0.0971328 8.18731 1.54594 2.29983 2.44963 3.87002 2.20439
0.770364 7.88665 1.69593 0.737473 2.05893 0.751271 3.62899 2.62307
0.000362497 0.000306209 0.00164824 0.00037154 0.00143057 0.000800879 0.0100053 7.82638
8.35917 1.57524 0.455636 0.184557 0.486535 2.40581 0.966414 2.38307
6.11561 3.72502 2.20878 1.41497 5.95132 0.865293 2.12554 2.75431
1.91015 7.13307 0.256975 0.91533 2.55948 0.704406 5.93074 3.42631
7.14391 1.30915 1.05055 1.38562 1.19446 3.24597 3.26746 0.457537
3.48204 2.27131 1.96824 0.326493 1.92142 8.47896 0.748368 2.34108
1.2472 0.538249 8.54217 1.63358 0.0280056 0.787672 1.05315 0.459932
0.434966 0.140538 0.207662 8.95752 1.2468 1.10275 1.88478 2.08406
0.209354 0.056894 2.67321 4.50037 4.08864 9.02491 1.99892 1.24061
0.00390095 0.0315655 0.110472 0.179939 0.373619 0.626413 9.39099 0.0521909
0.0598955 0.613388 3.18659 2.51536 3.20483 9.2124 0.256938 2.36829
7.04377 3.83232 1.15961 0.57521 4.27963 1.6774 0.80507 2.22193
2.43853 4.03694 3.39271 0.163992 7.21626 0.89513 0.537913 2.0859
0.00177298 0.000260522 0.00220749 0.00725992 0.00365669 0.00527742 0.00906328 10.1697
0.738407 0.378083 2.00287 0.947043 0.469826 1.0395 9.57446 0.0293702
2.32228 1.96171 4.81439 1.80157 3.10655 2.38089 5.68874 0.172237
1.33309 1.53344 0.762503 3.39704 0.157459 6.84716 5.18484 3.23417
0.745432 1.43512 8.73483 1.67745 0.868313 0.0243224 1.08273 0.618762
1.73829 6.30561 2.75538 5.46044 2.78803 1.28559 4.20509 0.602985
0.446437 0.267544 3.47619 2.64825 1.36992 0.178059 7.67066 0.772384
2.74273 3.02584 5.83421 4.86703 1.72465 3.11156 0.539577 5.6547
0.413592 2.93153 7.34026 2.00469 2.542 0.764601 1.56811 0.135413
0.665747 0.765745 0.551277 1.80756 7.04071 0.101554 5.59728 0.877182
0.0752252 0.144832 0.599998 0.711184 0.328461 0.407302 9.78713 0.261231
2.16903 8.10086 1.21302 2.61471 2.76075 3.97202 1.20386 0.525762
9.2633e-07 1.78313e-06 0.222781 0.745742 0.195407 0.400307 0.616996 9.82616
0.225994 0.558915 1.64684 3.72289 0.851349 8.65732 0.347608 2.7357
0.407701 1.86654 0.37255 0.850309 1.41013 7.56805 0.99386 3.49425
6.26424 5.29168 1.34895 1.33639 1.74194 3.04003 1.40526 5.01033
2.62451 5.70761 0.90853 4.92024 0.625066 4.57859 3.99032 1.09897
6.325 0.955954 3.02886 4.81182 2.31191 5.43287 1.89845 0.0313264
3.76799 3.22566 0.717396 0.961806 3.98196 4.41182 5.87743 1.06671
0.0428082 0.0288689 0.180362 1.76495 1.39478 1.38339 9.1105 0.293538
2.37105 0.350641 5.46291 1.88761 5.10054 1.47469 0.474364 4.40025
2.29625 1.16016 0.965482 4.30127 2.3937 1.70452 7.53196 0.90694
4.1766 6.16592 1.22537 2.38823 4.10981 3.15465 1.95321 3.84869
6.84676 1.13634 1.48565 1.3622 5.64033 1.54305 0.395205 2.08143
6.77079 2.51413 1.0448 2.31013 0.806011 4.36499 1.38107 2.00341
0.857678 0.946182 4.90413 3.53699 1.27864 5.53606 1.53294 3.90667
0.0728026 0.0344458 0.00264672 1.29997 0.86468 0.297031 9.26481 3.20381
2.01012 4.0625 3.76445 6.73849 0.548 1.22952 2.33427 4.64724
3.68592 2.80609 3.06901 1.94917 1.21844 3.65308 4.88296 1.91596
0.00205357 0.00231339 0.0107424 0.00488336 0.00592511 0.00237118 0.000497005 10.3809
0.00636245 0.175024 0.215757 0.121395 1.09999 5.88516 8.47011 0.984255
7.45262 1.39625 1.1187 1.44732 2.42815 3.49302 0.156442 1.45522
3.97268 1.72807 0.470178 6.9289 2.5485 0.310714 5.0558 0.673632
2.7845 3.64377 5.64903 1.16992 6.2516 1.68988 0.354177 1.74551
1.44585 0.47156 5.28172 5.27328 3.17375 0.797209 2.96413 4.75814
0.623201 2.90389 1.2512 7.23107 2.75249 0.323972 0.999486 6.09511
1.34 5.00369 4.70552 0.587716 2.18602 3.14503 2.86051 4.22373
6.46236 3.56324 5.41849 5.3 0.647805 0.948096 1.26807 2.39731
4.2469 1.70216 6.3059 3.83973 2.70432 3.70557 2.02902 1.11423
4.90527 3.07053 4.85333 1.44991 0.998082 1.62417 5.57213 2.16714
3.7993 2.53158 0.266817 3.20939 6.78331 5.22324 3.6551 1.18273
0.431092 0.495872 2.28199 4.11567 8.76683 1.82206 1.30416 0.973137
4.55864 4.46165 1.24396 7.13066 0.376786 2.14327 1.80562 0.0296766
0.00972381 0.220192 0.674663 0.424005 1.00374 4.97343 0.297263 7.19904
1.19201 0.514409 0.187775 8.33789 2.93494 0.979532 1.07133 1.393
0.789798 5.44651 1.88766 3.2027 2.06787 0.622244 7.34324 0.68524
0.524503 0.686349 3.00035 2.19121 5.17224 1.17424 7.01419 2.27349
2.33606 5.09634 1.97384 5.34225 1.19841 3.45569 1.04726 0.457427
3.10483 4.33094 2.52269 2.57556 2.3381 4.2275 3.16614 2.47177
0.482451 0.0262155 0.0698788 0.896875 9.24867 0.832796 1.11342 0.561444
0.157495 2.625 5.99352 1.05261 2.26878 1.082 0.611745 6.72749
5.96575 4.50911 2.01641 5.83531 1.02113 2.93606 2.62624 2.91321
0.397081 0.580855 0.590068 0.676786 0.890326 9.73627 1.79733 1.08999
0.797615 2.97869 7.05509 2.83004 2.85317 2.46137 3.2277 3.32394
1.08414 1.79478 7.78656 2.55164 6.60119 1.80573 1.98665 1.20472
0.852224 1.11528 0.230967 1.28296 1.50537 0.235399 8.16028 1.51505
1.69524 0.629529 0.26159 0.563811 9.10008 2.63519 2.49256 0.515958
4.75403 7.01912 1.22596 4.44876 0.528665 0.905755 2.00598 2.2179
3.07481 1.67302 5.00073 4.28407 1.54292 5.73884 0.724948 1.04211
0.169254 0.338521 1.13646 0.666922 0.654122 7.28602 0.275971 5.32118
4.69581 0.232138 4.64981 1.61058 2.11853 2.90296 0.917232 5.53723
0.0776276 0.108284 0.202386 8.20564 1.6987 5.17697 0.214745 1.75274
3.20923 3.14095 2.63282 5.71142 1.5989 1.56978 2.37941 0.0247419
0.5283 0.0663036 1.02435 2.11004 1.59667 6.29251 6.13975 1.64549
0.23134 0.703825 2.84495 1.27313 2.5004 7.92294 1.62596 0.986266
3.17803 1.42452 1.38079 7.84566 3.02272 1.26187 1.10698 2.09283
2.06165 0.82649 1.17689 1.82555 8.54293 0.351074 1.08395 0.533571
0.692693 0.421923 5.10047 5.90665 2.44283 4.66037 2.43638 4.85029
1.39695 0.577082 0.248743 1.13519 8.93074 0.882436 1.41388 4.24994
5.24908 3.28579 1.32562 2.74572 3.12598 0.677914 0.95973 3.20808
1.60391 2.09891 0.814381 2.04865 3.234 8.01417 0.53764 2.66415
0.97398 1.87485 7.45842 2.25657 2.51346 1.46301 3.81151 0.810302
1.57293 0.353481 5.92686 7.02501 3.24448 0.883582 3.54678 3.38449
1.68 2.19841 0.161615 4.33824 4.04557 4.01295 2.74544 3.73337
1.83087 2.6908 2.15632 1.96435 8.06489 0.66127 3.96073 1.09083
0.974047 1.02045 0.66794 1.71259 8.43122 3.76842 1.73805 0.0288074
4.15224 1.25895 3.93843 4.54133 0.577835 0.665173 2.66917 4.81869
2.70192 6.82012 2.31959 0.231139 2.92172 1.12864 0.990666 5.08832
1.34446 2.98957 2.17189 3.04787 1.02953 0.490997 6.26429 4.36662
0.867051 5.97938 4.6005 0.228133 2.6416 0.310686 3.00677 1.92212
0.00162922 0.00413605 0.00547603 0.00308108 0.00604858 0.00295988 0.00362814 8.03877
1.02515 0.159854 3.60395 5.87018 3.38338 4.78256 1.17093 1.63168
4.8261 0.60566 0.94826 7.75719 4.31683 1.3771 3.58847 0.0320734
0.0201776 0.00460956 0.00299368 1.59637 3.78266 9.4248 1.22513 2.95965
3.36535 5.79574 4.44034 5.64214 2.48542 0.978866 0.773727 2.91869
1.21367 0.152305 0.520235 0.906554 1.94522 6.77286 2.91567 6.00166
1.10076 0.335055 7.23628 1.85612 2.35319 2.24354 0.073487 1.84063
1.15999 8.00098 1.16944 0.245576 0.500016 0.732359 0.979385 2.65995
7.64464 1.60712 1.12979 1.26942 1.65422 2.88753 1.58098 4.02958
3.84583 2.40745 6.6823 4.06409 0.704747 2.91964 1.13568 0.113855
2.9957 3.92036 1.52105 0.829985 4.91522 5.09388 0.508713 2.52027
4.42755 1.34767 3.84365 2.96471 5.23421 3.42117 2.36469 2.6233
1.28653 2.21582 3.6603 3.31102 1.15079 7.71207 0.744308 2.27852
0.00188411 0.000360494 0.00666218 0.00502042 0.00672692 0.00385089 0.000667544 8.6637
0.0919534 0.0175824 0.115331 0.232508 0.103638 0.104264 8.83486 1.76864
0.857307 6.9377 1.10478 1.11298 1.48215 1.33666 4.51472 1.43417
5.04177 0.931752 0.162689 1.62331 4.19924 6.42688 1.93664 2.14152
1.80227 5.15917 1.72811 0.124075 4.83879 1.29787 3.38139 3.62958
5.31232 0.666675 7.64838 3.45465 2.05969 1.85696 0.597225 1.12752
2.7915 4.80768 4.54909 5.56801 0.707707 1.66518 3.31331 2.81356
3.33664 0.625181 6.73574 1.077 2.3718 3.41262 2.23821 4.45586
0.38615 0.293161 1.68375 0.765411 6.93576 4.40902 3.31967 3.09056
2.2906 0.259816 2.69969 1.12331 2.90599 3.93874 2.19916 6.2125
1.72214 3.31522 8.08588 0.192514 3.09741 3.03269 0.367665 0.856008
2.83453 4.2593 2.42214 1.28934 5.45705 3.54587 0.663115 2.50067
6.41826 2.57271 0.732672 0.650557 0.670967 3.97925 6.68369 0.527416
0.759118 2.12793 2.84913 2.47198 1.3133 7.78829 3.55687 1.9436
0.582111 0.76176 3.32951 0.557125 4.45071 2.00493 6.08235 0.931387
0.145022 0.526117 0.0789363 0.105819 0.322132 9.54302 0.23218 3.31747
0.0725491 0.498184 1.74831 0.695531 9.41871 0.706631 1.08857 3.30761
5.67041 4.85462 2.30231 1.47521 2.01157 2.32392 3.67067 2.07565
1.80641 6.74606 1.01032 1.33242 0.756139 0.990016 5.46849 2.87528
0.457458 4.76116 0.283855 3.36244 4.60001 1.36011 2.70587 5.1082
6.71198 0.443781 0.653412 5.19949 0.819035 3.48866 4.10831 1.59908
3.30697 4.55124 6.08009 2.62167 1.38945 0.787194 2.27801 2.52761
6.9394 0.87077 1.49697 2.50884 1.56822 4.59548 1.64368 1.49266
7.54141 1.81008 0.0501347 0.194395 4.52238 1.00736 2.41831 2.07468
2.1407 0.858042 6.92487 5.4989 0.334151 3.19865 1.15429 0.842068
4.19987 7.23342 0.488636 1.34724 1.75631 0.837522 1.02904 1.55882
1.21825 6.53659 1.09433 0.478301 1.16776 6.01382 3.26074 2.29714
2.42515 4.66907 5.51598 3.90137 2.97727 5.1421 1.24205 0.278498
0.334706 0.166294 0.460377 0.403129 3.03338 0.691936 4.08321 7.37113
4.46119 1.35258 5.73982 0.214458 2.5532 1.67048 3.44594 3.98869
4.3145 0.190897 2.56988 2.08207 4.24533 4.70303 4.5742 2.12995
2.91287 0.454244 0.574855 4.70158 0.0955242 1.97376 2.32904 7.42461
3.53614 7.14614 3.35875 0.259985 2.69423 3.69201 1.16639 3.16744
1.78265 0.223709 6.24005 2.40296 6.50848 0.918226 1.84102 2.30627
0.633032 6.4803 3.79251 1.50413 0.598934 2.02414 1.64627 2.32605
1.36439 1.5052 3.13513 2.76847 8.13599 0.905315 3.36579 2.37153
1.68765 0.211779 5.90728 1.42885 1.09096 4.82633 4.80839 1.66287
0.32299 1.20618 7.85219 3.91812 3.36471 2.68684 1.17422 0.578009
0.00230781 0.00436183 0.000962152 0.009759 0.00671808 0.00285698 0.000476469 9.93433
6.56695 0.824037 1.29031 2.57783 1.49359 1.40073 1.38097 7.10601
7.80067 3.12681 1.21553 2.15093 2.7269 0.354443 1.8962 2.96594
0.392406 0.542694 2.32549 3.78785 2.16228 9.362 0.383321 1.88741
5.42732 0.846338 0.32077 3.86145 2.80076 2.25474 1.17495 1.37147
2.46092 4.28391 4.14328 0.689589 5.06066 0.736345 1.70601 3.10992
3.60805 0.452747 5.19442 3.34368 1.81378 0.714435 5.52315 2.0715
3.72939 6.4225 1.07423 2.37451 0.431054 4.78792 1.42128 2.66765
0.00258308 0.00775853 0.0011825 0.0113509 0.00248301 0.00260496 0.00223328 10.8867
0.000219557 5.70917e-05 0.00101045 0.000327751 0.000847578 0.0750646 9.98835 1.088
2.26699 3.94637 6.83741 1.57035 1.67212 0.824036 3.06361 2.03568
1.30878 4.90615 0.296693 2.22184 0.216919 5.9484 1.25437 1.46431
0.992771 0.272774 1.2683 0.512277 6.20982 4.89944 2.79314 0.812363
1.9935 0.346047 2.49223 6.81458 3.53284 2.94336 1.4655 1.7899
1.43258 5.24025 2.8639 3.02638 5.34302 3.86265 1.13278 1.56752
3.90491 2.6601 0.683517 6.20072 4.39376 3.07927 2.40244 1.32344
2.57699 0.0729202 3.15867 3.16017 3.09561 0.581137 7.41736 3.11901
0.0481315 0.0136751 0.002542 6.02219 4.73289 5.12988 3.29575 1.74059
1.09242 7.53401 4.01323 2.17982 3.08677 2.66355 2.01751 2.23092
0.000631795 0.00647144 0.00430749 0.00147414 0.00619513 0.000973012 0.00439903 9.65926
2.75613 5.56982 6.39153 2.25832 1.47081 0.359835 3.79473 2.2507
0.261373 1.63675 4.18266 0.0974245 4.63379 8.33474 0.391093 0.531177
4.86849 6.73286 1.62007 3.69784 3.35697 2.18164 1.67164 0.0299572
2.38242 5.63362 1.00643 0.996722 1.299 2.26776 5.41774 3.68894
3.04404 1.55865 0.66671 2.36873 2.1229 3.30709 7.12783 1.62959
5.36055 0.151752 3.5529 4.98619 0.445877 4.63304 1.937 1.54699
0.0446978 0.312168 0.781003 0.591119 3.74439 6.59078 6.44221 0.948687
1.51135 1.97772 0.485291 1.77973 0.587213 5.35182 2.22078 6.14393
1.37557 7.91758 1.16256 4.00138 1.44784 2.59809 3.4071 0.268529
5.5602 6.57293 0.437197 3.73249 1.87833 1.75038 1.50065 2.81715
0.766675 0.479933 0.488713 7.49523 2.60067 2.26715 2.63916 3.02468
0.00241036 0.00252515 0.000680648 0.00556685 0.00438533 0.00744046 0.00198512 8.19203
1.8813 0.157587 6.55622 4.63833 5.4765 4.2677 1.96895 2.19293
1.25282 0.157207 2.40171 7.07092 3.94008 3.01977 0.688398 4.1576
5.21602 2.42517 6.02766 3.97623 2.87398 0.373739 1.15293 0.258598
1.24264 1.37093 1.58114 3.33051 5.00823 5.69177 3.71653 3.06314
0.756388 0.125104 1.74741 2.0937 2.23036 8.07364 3.47922 0.90124
1.46172 5.40239 0.326854 1.52364 4.56532 1.34966 0.571123 4.55755
0.0660107 0.0533973 3.97139 9.12713 0.545225 0.963124 1.82929 1.10935
0.691864 0.763224 6.10862 2.6823 5.30494 1.56886 5.23317 2.4138
2.62733 3.43795 0.843768 3.26721 4.31181 1.27497 4.2534 6.04033
0.653433 0.385287 0.409865 6.36181 2.68136 1.97172 3.11459 3.91465
2.09516 3.09319 0.614812 0.951138 3.06779 5.29043 6.56969 2.79824
5.16469 3.77252 1.20857 2.05974 1.10249 4.10579 3.46337 3.7149
1.18708 3.39407 3.01551 3.63702 4.16354 1.51859 2.64713 0.0932677
0.0793456 0.0776545 0.0216502 0.391482 7.87469 0.579479 3.74587 3.79854
1.53877 0.963184 7.52674 2.45049 2.80303 1.44592 3.75168 2.122
0.34285 0.214618 0.0865893 0.427303 1.09744 0.210091 9.65989 0.425701
3.24154 2.02906 2.2275 1.40061 3.62211 3.49597 5.13771 2.9681
1.64067 2.14702 3.47417 6.88921 1.63443 0.916669 3.30057 0.383223
0.50349 0.0632021 1.99451 3.22148 0.790887 5.10268 2.29663 6.92506
2.67365 3.49861 3.23113 2.38573 4.68364 3.2666 2.95082 4.01288
0.0532233 0.00829884 2.18398 0.95441 8.67497 1.70945 1.75117 2.64893
6.37171 1.20955 4.2969 2.46197 1.68838 4.94753 3.46479 0.504092
6.60988 2.05787 2.189 1.83931 0.975086 4.81991 3.97959 0.260534
4.73118 2.57408 0.778772 1.72205 3.84098 2.43361 0.554741 4.9303
3.90754 1.84879 2.71247 2.22931 3.88367 1.50717 1.27013 5.44422
2.82171 1.71874 6.1361 5.40368 3.68341 0.854896 2.4745 0.511908
6.19147 2.37197 3.49531 0.225271 5.85199 1.30425 3.43304 0.526899
1.35763 2.96163 0.480716 5.88038 1.33153 1.94704 0.125644 7.03562
0.00228876 0.00180597 0.00359141 0.00724068 0.00570399 0.00444424 0.000899036 8.366
1.59719 0.869081 3.20515 5.76809 5.37892 3.07953 4.37467 0.969189
0.688427 0.430914 0.681112 0.55897 8.85209 1.50355 1.07966 4.17639
6.05315 0.171314 4.01183 5.0978 1.83587 2.07162 1.43235 1.53427
1.25816 1.75488 1.02228 0.990924 0.535223 6.35731 2.46119 5.62998
4.84759 5.34794 1.18762 5.13358 1.84896 3.22778 1.49174 2.80027
0.00885592 0.00439089 0.00192726 0.00439955 0.00218246 0.00396341 0.00775407 10.6254
1.87392 2.45227 0.601815 1.37368 7.92848 5.29436 1.26109 0.968614
1.62335 6.31541 1.07299 2.86172 5.61966 3.23091 1.76934 0.482224
4.10107 1.11446 5.23485 4.58392 1.61929 1.65358 1.54748 2.44784
1.8196 0.520962 2.04557 5.95003 0.691927 0.590959 4.97667 4.12282
0.402091 4.1174 2.23535 0.502915 6.84213 1.39987 1.06402 5.23965
0.202978 1.64264 0.51026 2.71099 7.41981 0.290916 2.89343 1.99992
0.31363 0.592776 2.32887 1.64767 7.99953 3.01359 1.65009 0.0271212
0.927709 0.386158 0.377123 1.68001 0.395921 9.91504 1.84836 0.31808
0.7129 4.91619 1.76125 3.82759 2.26473 0.616981 4.08051 5.7687
0.110084 2.63932 3.2539 6.56055 1.61052 1.58147 1.48004 6.34507
2.00111 0.946809 0.483311 0.36438 8.32397 3.05445 1.67219 2.64485
3.14062 5.19893 0.878441 1.1151 4.86857 0.764842 2.68795 5.72175
3.86633 2.03934 2.0697 7.57065 0.351028 0.690118 0.325612 4.13061
1.32531 1.94773 7.99103 5.40856 3.34794 0.938188 2.94825 1.19046
2.95831 0.371256 2.75798 1.77428 3.48293 5.66617 1.63424 4.58635
0.248754 0.0312126 0.358142 0.428011 0.126606 5.84253 7.21084 3.3069
2.87407 7.35141 1.71307 1.57352 0.0509826 2.80092 2.89878 4.03705
5.82269 2.25084 0.902935 4.42651 3.85821 1.57436 3.77257 1.55586
1.3831 1.52586 0.974986 0.7209 7.65978 2.83813 3.043 0.984499
0.777232 0.425199 2.07165 0.570715 0.0849564 5.58525 0.72107 6.88255
1.50216 0.940254 6.80533 2.46675 1.49005 4.51209 1.82623 2.58037
5.50031 3.44317 1.38898 5.14328 0.654291 0.753638 4.63136 1.05025
2.56677 0.445573 3.20903 6.46982 3.69314 3.67173 1.69371 3.4516
8.43256 3.79607 1.33778 0.280727 2.91026 0.378098 2.02361 3.46882
1.17084 1.53222 4.39497 3.55662 1.23596 1.84438 5.0768 4.4254
0.000240879 3.02293e-05 0.000843214 0.00442716 0.000902433 0.00849867 0.0017651 7.53252
0.0633021 0.12973 0.177827 0.358535 8.21971 5.04406 1.08955 2.76006
0.231965 0.303554 0.0628748 0.204165 0.0905715 0.158095 8.91259 4.08571
0.57314 0.987113 3.96465 2.89554 7.57541 3.21836 0.734053 1.7212
0.516612 0.0648476 0.0287073 6.58436 1.31177 0.442319 4.40284 4.53011
3.65833 4.20804 1.0871 2.48167 0.673977 3.82188 2.61471 3.55585
0.0927091 1.28902 4.4879 7.31035 1.79498 3.81762 1.08898 3.30847
4.26933 0.535735 1.35085 1.13289 3.65423 4.45664 5.89914 1.68359
1.14359 0.603187 1.59272 4.52189 2.3287 1.21737 6.55319 0.818666
0.457219 0.598325 1.71637 2.93389 0.720313 1.25757 6.85492 0.0230271
0.757781 3.17579 1.0066 2.53209 3.34166 1.91309 4.57058 3.35822
7.7373 1.44954 1.1615 1.50253 0.301311 3.46497 1.05015 1.45376
0.0465721 0.77675 1.00049 0.150827 3.90588 6.97399 1.47808 3.76696
3.01374 3.32473 0.738429 0.322813 3.58286 2.05078 4.89996 4.27105
5.64214 3.5319 0.962685 3.54669 5.93322 0.931866 4.17291 2.36021
0.565422 0.739912 2.12264 1.01253 9.17406 4.96289 0.387378 0.0314664
0.0944008 0.0509787 0.372586 0.328251 0.105103 8.83821 1.36413 1.59274
0.810668 0.493796 0.140064 1.45945 4.77914 2.17591 4.15165 6.81532
9.69178e-05 0.000150149 0.0007025 0.000316662 0.00382538 0.0112835 0.00198284 9.00729
2.03695 1.02917 1.578 1.0607 0.614653 6.61144 1.32832 5.87712
0.0588146 0.318931 0.62398 0.0466138 0.955724 6.52891 5.28702 4.09545
4.12653 0.716365 5.15952 1.06813 3.1565 2.62997 1.30942 6.15563
4.63302 2.52082 2.49711 4.32445 2.63968 4.7364 0.523954 3.04475
3.51842 0.246172 0.754994 1.56186 2.04061 2.10012 1.01198 6.99743
0.216665 0.226983 1.08976 0.770966 4.97385 8.75654 3.63329 1.02392
0.0117202 0.0425182 0.0623038 9.16372 1.89666 2.95358 0.846605 1.07282
0.546282 0.628401 2.89164 5.21531 3.90249 1.31081 6.46846 0.30155
0.876283 0.96672 2.51051 2.92137 3.82254 3.73805 5.35148 2.88029
0.593917 6.08021 1.30773 1.17973 0.169317 0.568996 2.28165 4.57161
2.53959 0.318681 1.69575 7.64302 2.08399 0.821007 1.76366 1.95036
3.80163 4.19387 0.931427 4.02594 1.40125 1.30565 2.59766 3.53203
0.301954 5.03665 0.983901 8.0465 1.03823 1.75489 1.25611 1.75041
5.70242 0.715562 3.74861 1.10352 6.5327 1.74266 1.77058 2.13428
0.000972092 0.000264169 0.000196389 0.00217868 0.0085836 0.00678626 0.00186069 8.50944
5.08162 3.5566 0.897206 1.18338 4.97717 1.3615 4.49369 1.01882
4.43435 0.847948 5.56152 1.15152 3.45181 4.92366 3.84813 1.80987
2.85532 2.30973 0.786049 6.47621 2.61657 4.41612 0.143116 2.03146
4.02492 2.1898 6.17851 2.43426 1.66939 4.89175 3.42596 0.498401
3.40688 2.05075 1.24836 3.75901 2.91984 4.29525 5.72957 1.69912
1.85525 4.38844 3.86553 1.93087 5.0201 0.788355 2.93115 0.948463
2.038 1.04357 7.95175 3.30695 4.49 1.35164 1.67211 2.92033
3.44557 6.6333 2.91579 2.03263 2.87756 5.41994 0.382278 0.868046
0.0218401 0.364094 0.351604 0.401475 1.13109 9.12675 0.533186 0.875656
0.130006 3.8952 0.759996 1.73455 5.87611 2.06216 4.94962 3.08734
4.42012 2.7668 0.304592 3.66594 1.32021 1.19054 4.60177 4.381
1.16242 0.20177 1.45336 0.301041 2.63531 6.68818 0.268477 5.72864
6.96064 1.33083 3.56187 1.27518 2.39955 2.96583 0.321123 1.58245
0.310053 2.1656 2.8128 3.90995 4.15723 2.38004 1.45918 6.78435
3.43862 3.79352 0.842601 2.24673 2.35603 2.16663 2.32305 6.42645
1.85685 4.71397 2.39003 3.80845 3.25847 2.65898 3.7774 2.5242
3.25061 3.66194 6.03165 3.39354 1.75397 1.1726 1.45069 2.51599
0.101569 0.174922 0.029252 7.36082 2.15233 2.71361 2.90951 2.47099
2.06558 2.88136 2.96027 5.06753 1.37084 2.11411 2.61149 4.36151
1.06063 1.11116 5.33487 2.42508 2.2016 3.95034 1.38012 5.91786
5.79054 1.08478 0.865757 4.32459 5.74318 0.835046 1.11706 1.45214
5.33061 0.831123 2.55428 2.60747 5.11858 2.93047 5.2687 1.82211
0.465926 0.941571 6.60695 1.69465 5.38573 1.20035 1.82511 2.01835
0.142852 0.0247941 0.278952 0.49212 0.157764 0.21399 7.76049 4.37816
1.37338 0.680955 2.70182 4.64374 6.03533 1.92291 0.676254 0.262248
1.51873 5.90895 1.30593 2.94452 5.38483 0.845836 3.78118 1.70176
0.75592 0.0948551 2.6457 0.442695 5.14478 3.58661 4.11532 4.4991
0.899625 1.54941 5.06151 1.69883 7.32765 3.26872 0.845559 1.74947
3.46381 2.16837 3.42722 4.13345 5.2661 1.44059 3.73787 2.1141
4.01751 4.62124 3.07789 2.9937 4.96472 3.86855 1.78464 0.942644
2.94615 1.32064 1.14469 0.997271 5.44244 0.251481 4.44571 1.89998
3.16641 0.493701 0.530832 3.60823 3.81524 3.88648 4.75988 4.89753
0.174629 0.182952 0.486574 0.0881479 0.539837 1.56078 6.35224 6.68617
0.350252 3.58662 3.27263 1.67036 1.60192 2.3051 6.31394 1.92735
3.59214 4.13195 2.05479 6.41641 3.1552 3.26757 1.78887 1.77103
0.0841485 0.0526729 0.344784 0.251807 0.555953 4.12928 7.85434 2.54552
0.421276 0.474585 0.047417 0.277996 0.0755016 0.301058 8.36342 2.86217
4.04772 0.773845 1.95136 1.99193 2.36732 0.746412 4.21563 4.29044
0.0968487 0.0313436 0.195851 0.345488 1.49177 3.37193 6.74346 2.81702
1.16807 1.62937 6.96286 1.16491 5.76677 3.30156 2.02429 2.88914
2.6196 1.11268 0.411684 6.27957 5.57209 1.21663 3.20294 1.50305
2.51635 6.38803 1.33888 1.12454 2.11599 4.53178 1.44015 2.99623
1.2679 0.684646 0.0584853 0.980427 6.34498 2.3276 6.18964 1.65869
1.0827 7.46773 1.09155 1.4397 6.05511 1.34935 1.18375 2.23798
3.34885 5.82952 1.43893 3.45933 2.65632 0.786607 0.347647 5.51965
0.502983 0.554874 1.70679 6.53663 1.40651 1.26803 3.03871 7.15494
1.41496 0.769918 5.59492 4.6138 1.53693 5.08057 3.26453 2.77209
5.94685 0.811804 3.01661 1.07995 1.35125 1.37981 2.85295 2.16682
0.309472 1.14385 4.11587 2.98939 1.04434 3.89994 1.01737 5.1903
2.49477 2.7522 4.77604 0.719982 4.78829 5.67403 1.48001 2.26154
4.54142 2.84286 1.14683 1.73384 4.48543 6.67181 1.80473 2.29632
3.44378 0.390558 0.741843 7.93856 0.910543 1.47107 0.512304 0.967135
8.58241e-05 0.000165217 6.35767 3.49973 6.15236 3.87516 1.22397 0.892767
2.92212 7.41825 1.55476 0.534757 1.68435 0.959163 0.302329 3.83348
1.19802 0.646941 0.637189 1.64942 8.1202 0.866998 4.01091 0.289724
2.65644 0.333385 3.29798 1.85567 3.07733 2.39771 7.06728 4.0417
4.61261 0.864182 2.47383 3.85269 0.0192118 1.99488 1.84907 5.97871
1.41466 0.457829 3.68247 6.21653 0.288195 1.29093 1.36826 5.55334
2.07822 2.71941 0.199916 3.53992 2.40453 4.63518 7.26418 0.434237
5.47917 2.32728 2.11065 4.85903 2.4808 0.746612 3.41203 3.13699
0.809035 0.930623 4.51244 3.46683 2.116 1.87314 2.54686 6.47736
0.000697848 0.00087147 0.00387755 0.16865 3.25835 1.15413 8.63213 0.027324
2.24145 0.731021 7.21834 1.22084 1.53801 2.77444 1.51919 3.87141
4.35952 1.93768 1.34961 1.56877 2.98349 6.15401 3.07219 2.98451
0.204592 1.28134 0.321399 8.40328 2.00208 0.338273 0.324384 0.755449
0.0286389 0.0541289 0.0289964 0.0460654 0.292041 0.0501221 8.68782 0.454061
2.35827 3.08594 0.226808 6.08946 5.6892 2.63253 1.47433 1.72116
0.0758125 0.0118218 0.147619 0.211295 0.0556434 0.0992767 8.25727 0.255628
1.05891 0.534983 0.596313 0.579976 5.27237 3.35127 1.17099 6.61704
0.558487 0.730848 1.7696 3.12169 0.76642 8.24503 1.50607 0.0270091
2.39584 0.743457 3.09002 4.36689 3.92245 1.34762 2.58093 5.58842
0.872761 2.21572 4.19752 1.19827 1.80708 3.24228 7.93562 0.0295549
0.369951 1.64126 2.07258 0.429267 6.68021 4.18025 0.100881 2.36755
3.70277 0.577397 0.730731 4.18927 1.17269 1.01207 4.46822 5.68464
0.206693 0.91718 0.445176 0.0407611 5.0345 2.21572 7.15947 3.09739
0.6348 0.40146 1.86675 3.14983 0.406431 1.32993 5.10013 5.76085
1.26381 5.51104 2.67716 0.857073 4.85141 1.58408 2.90256 3.9473
1.96733e-06 4.71678e-05 0.000163942 0.000362176 7.95057e-05 0.00014439 0.0122383 9.16493
0.13716 0.957958 1.24423 1.7295 0.484189 7.09314 6.6374 2.86027
3.64782 6.89471 2.92732 1.33999 1.74583 1.39114 3.43463 1.66827
5.58217 4.30869 1.50932 4.01091 2.84795 3.35855 1.11468 2.69279
1.5855 2.07472 0.106003 4.09048 6.58237 0.842052 3.2355 0.350169
0.128905 0.0806865 0.22847 0.0249669 0.0697272 0.0606813 8.02737 3.67748
3.49932 4.57922 2.72862 4.72504 0.862874 2.82405 3.33224 0.026772
1.29632 1.46038 4.45101 2.12306 2.67365 0.593441 5.02723 3.5729
0.603134 1.53111 2.02718 5.54288 6.84016 3.2487 1.61777 1.97559
0.992999 0.447002 4.04012 6.65353 1.51336 3.26005 3.839 0.250903
1.96417 1.9224 4.4628 0.842796 2.52563 1.30492 4.57926 5.82541
1.64952 1.61441 0.127265 1.04725 5.86361 7.02213 1.5762 0.912834
0.807344 0.125897 2.85427 1.297 0.643423 7.19939 6.02344 0.0294064
5.28929 2.18497 4.41569 5.07289 1.52654 1.63759 0.822259 2.61516
0.45188 0.473427 0.945703 0.184905 3.88938 8.18162 1.51663 1.85241
0.727224 3.09484 3.91605 3.42918 4.79354 3.34346 1.87153 1.53844
0.0134354 0.00233218 0.0473576 0.033504 7.75054 1.66405 1.44747 4.53068
0.0550786 0.0471506 0.0777115 8.10628 2.05136 1.75108 0.207374 3.91283
1.47603 0.458007 5.36717 6.1279 1.03586 1.66226 0.307795 3.12033
0.592927 0.280525 0.947874 1.26479 6.09931 0.652099 0.230096 6.04011
1.6927 0.0194217 0.367379 0.886576 7.4392 2.4722 3.58757 0.234605
0.0322864 0.44895 0.0877526 0.783192 1.842 6.09502 6.92754 0.0279451
0.171077 2.85215 6.5122 1.93281 5.79116 1.71264 1.4684 3.233
1.71017 1.07048 7.74784 5.58819 0.534695 0.94475 1.51376 2.8419
4.07689 2.55194 6.87066 3.63182 3.11417 0.932793 0.560762 4.44826
2.18384 2.4092 2.1542 3.0231 3.28013 5.19799 3.39431 3.27681
2.31587 4.45842 1.78137 6.0968 1.13892 3.33058 1.05255 4.88796
6.2186 0.9698 2.97986 3.04208 3.56387 0.551253 2.94192 1.58447
2.86186 0.35908 6.57344 2.65621 2.61941 5.41793 1.19428 3.26023
5.24976 5.84358 0.433171 3.43664 1.77624 1.94611 1.01376 1.607
0.423262 2.91893 7.58996 0.244868 2.53609 0.763164 3.80448 3.01149
0.00510137 0.00220632 0.0987823 0.0432207 0.294709 0.0425136 8.95187 1.59256
1.45197 0.594017 1.93242 1.69214 0.622803 3.61509 0.86634 6.49683
2.93563 3.8415 5.95572 1.23334 2.8236 0.799245 1.51645 2.39879
2.27034 1.07413 1.26248 4.40027 4.1035 2.34542 6.31984 2.68861
1.3399 1.47814 0.116501 1.48105 0.514711 6.06137 5.82822 1.56179
1.11229 1.08862 5.40515 2.45701 3.60884 3.06838 1.41547 6.06924
5.99727 3.65268 1.50341 2.32436 2.59492 0.713875 6.01226 1.6407
0.0391297 0.0739593 0.0163164 1.00491 0.109652 8.98009 3.20614 1.7053
4.94269 3.76291 1.48314 4.45744 3.04335 2.83347 0.510321 1.44255
4.7997 0.89922 4.24033 2.04685 1.71636 1.98283 4.33395 2.345
1.64225 7.28702 0.411877 1.20256 2.047 2.77647 1.38263 1.68857
5.29098 0.80417 0.295162 0.861629 2.73521 2.15045 5.7856 5.20016
2.55182 6.68296 0.046207 2.0825 3.01224 2.81086 2.70114 1.98101
3.86838 0.115776 1.83246 6.70247 1.64577 2.87283 3.05627 1.62543
0.170066 0.321442 0.172187 0.064677 0.110092 5.9064 6.90713 0.710999
2.77629 3.88426 4.00412 2.01686 1.65717 5.72016 4.6405 1.08867
0.00531651 0.00082965 0.000891401 0.228029 4.40662 9.88103 1.80985 1.95132
0.234484 0.66976 1.6527 1.53689 6.70253 0.687225 1.46015 5.61285
0.716033 1.15128 4.70909 3.63113 0.663069 3.78871 6.39445 1.71365
3.31676 3.47476 1.80267 5.62956 0.827978 1.11354 3.66784 2.91996
4.96577 0.623 7.14932 1.40335 1.82886 3.19256 1.47565 1.7224
0.922824 1.77651 2.87967 3.47354 7.52955 0.510052 1.07483 2.03132
1.75905 0.47804 6.33086 4.47902 2.15213 3.55656 1.49219 0.864248
0.759882 1.69056 6.43644 1.0771 2.02644 4.33905 5.00621 1.94002
1.7114 0.71239 0.931747 2.27645 0.637197 5.33839 5.5597 2.83714
3.00037 1.49231 0.653348 7.70866 2.51792 3.11274 1.05354 0.890961
0.195358 4.68459 5.77605 3.24999 2.19311 5.15347 0.356346 1.75492
0.712309 0.74625 0.96951 0.618454 5.50646 0.588803 7.35276 1.86735
0.255638 1.39211 4.91623 8.0083 0.162853 1.73645 1.97558 1.75359
2.79037 1.47187 4.33366 0.861738 2.73551 1.30519 4.72836 3.39177
3.55253 0.553959 2.10793 1.82064 0.941173 5.81566 4.46248 4.87872
0.000318159 0.0491572 0.0866447 0.415637 0.75065 7.64553 2.75094 2.99055
4.97975 4.26335 0.18171 5.65183 0.402736 2.45635 3.87921 4.49018
0.072142 0.0451559 1.18944 1.2319 0.591791 9.62929 2.02435 1.09005
2.57955 3.37572 5.2332 1.08402 3.2841 1.50716 3.03927 4.66678
2.87234 1.47081 6.20831 3.71983 1.57357 1.73446 0.932801 3.61036
4.32629 1.17572 5.52289 1.14357 3.46579 3.44539 1.44564 1.56908
0.13344 0.068327 0.21663 0.0256839 0.0525696 0.095464 8.09438 4.98021
5.11559 1.59699 0.29573 0.862841 2.6149 1.33891 4.69882 2.22086
0.125361 0.174866 3.15409 4.94862 1.21496 1.09562 5.40594 2.7322
0.432972 0.566575 0.384337 1.26799 7.27647 2.62841 5.14207 1.67347
1.73189 1.91061 2.88461 0.62206 1.42416 7.07676 2.93682 1.13278
5.7349 5.61278 0.32576 1.29146 1.68318 4.69671 1.07707 0.296964
3.24864 6.14012 1.35438 1.13786 1.93643 4.5503 1.44602 3.83277
2.39484 4.61453 3.44435 3.28875 5.5026 0.864172 3.21277 5.15657
0.0594469 1.42535 4.95446 2.25244 1.16408 1.09172 2.09097 6.30405
1.00539 0.542946 1.40751 2.83781 6.29446 2.52495 2.97952 0.771881
0.946478 0.484584 0.207308 0.339715 2.17862 1.05877 7.98013 2.40908
5.01875 4.15684 2.3106 2.01454 4.49881 1.16387 0.340355 4.26387
0.00432015 0.00341397 0.00169749 0.00427014 0.00674102 0.00698606 0.00723656 10.5734
1.93341 0.293877 0.107849 3.06579 5.05645 0.843687 4.10116 5.77993
0.64124 0.3034 2.46328 2.81277 5.2895 1.44639 5.98943 3.05652
1.62715 3.59898 2.13846 0.722071 6.32264 3.35686 1.40852 3.93635
3.12318 1.15982 1.94672 1.69233 1.4654 3.77721 2.51791 6.26974
4.77865 0.72224 0.619228 3.3124 1.21887 6.47073 1.467 0.849894
1.61058 1.57628 2.77613 1.1213 0.744203 1.6464 5.32037 6.85534
3.64023 6.02631 3.30008 2.46049 1.68751 2.85885 3.79173 2.14508
3.48695 1.3246 1.39983 6.23657 2.21024 2.73212 2.92871 3.77758
4.50135 1.8596 2.86213 1.41913 1.20529 4.48224 2.34777 4.96337
0.271945 3.78133 6.68234 3.35605 5.56582 1.75968 3.65206 1.92926
0.34584 0.486164 2.0722 3.37533 1.45559 6.20321 5.99569 0.912507
0.660561 0.897236 0.527508 1.92963 6.65149 4.31119 3.24679 2.5352
0.407491 0.208656 1.59001 4.22496 0.9011 1.0268 5.86239 4.63514
3.94521 4.35256 2.78132 0.46136 4.38464 0.758782 2.93861 3.85448
3.42673 1.94352 0.569651 0.379851 7.14231 1.49549 3.58335 4.89573
1.93018 5.52549 2.65053 4.82207 3.24752 3.52897 1.11508 0.474266
3.54013 1.03865 1.74692 6.38976 3.55593 5.80809 0.368296 3.47582
0.280605 1.24514 0.248845 2.0355 1.21705 1.65756 7.84634 2.88459
1.17759 1.62862 2.47561 0.512506 5.78844 1.90667 1.14546 7.09692
1.42451 0.178765 4.98662 0.809674 2.33873 1.0505 3.50399 5.24753
2.22691 0.386548 2.78422 5.6131 1.98943 2.99605 3.58625 5.15033
0.934028 0.788978 3.93229 2.89006 6.38062 1.48434 2.95346 2.08054
1.39892 0.212625 1.74309 4.76631 2.65465 1.30959 2.14392 4.93767
0.464753 0.29092 1.90424 1.38308 8.25196 3.04118 3.26095 0.465441
0.00299796 0.00392305 5.86767 2.56328 3.00286 4.33465 1.51441 4.74066
2.58421 1.03576 7.16425 0.764194 0.741896 3.16063 0.998865 6.05651
4.38209 2.07334 0.267404 3.30099 1.58613 0.823806 2.41441 5.07848
5.36688 2.71145 2.25653 2.80555 1.45021 1.15528 1.32369 4.54516
0.275144 0.130174 0.734893 0.127918 0.159989 8.38228 1.53771 2.91799
1.69841 3.73254 5.85837 1.94343 5.82322 3.33338 1.54074 1.79865
0.763047 0.361036 1.21982 3.78771 1.09885 7.15105 0.100542 1.47591
0.540535 1.78102 6.46324 1.08163 3.43253 4.67511 1.4857 1.61298
0.0702994 1.935 1.8197 4.15937 0.98014 2.16867 7.06257 0.959045
2.40635 1.19561 3.31002 6.67367 1.57265 3.47942 0.106476 0.834219
0.622966 3.34227 0.491698 1.0869 4.10383 0.20961 4.35347 6.50754
3.895 0.463216 5.77664 3.68195 1.57856 0.333737 2.88077 0.931975
1.86028 0.545767 2.15805 4.54078 7.48906 1.83518 2.56576 0.301494
1.32618 2.13607 2.71733 0.699004 4.42373 0.519844 2.0859 5.91385
