1 0.114355
177.701 4.58039 17.7701 21.2441 13.6235
27.5224 20.2892 178.189 6.15921 5.57265
26.7625 131.708 79.7268 84.8634 0.451379
2.34831 176.809 25.7161 14.1262 10.1834
0.480154 0.0893027 5.1521 180.508 14.2651
0.225636 0.133873 0.16926 0.192676 179.982
0.144054 0.0359674 0.321896 0.0551361 177.83
0.105434 0.00679272 1.26109 1.72961 178.505
0.0023877 0.00694046 0.00817223 0.622951 175.963
13.8377 165.628 39.7858 56.9702 6.97514
10.9416 173.757 29.3185 21.0571 14.6509
80.9376 153.728 14.991 40.9097 13.7634
13.5563 162.214 48.5955 56.6325 6.93347
158.587 34.0919 66.0953 28.0789 24.8637
175.047 17.0094 25.1903 34.4326 9.94531
163.776 15.9139 45.5051 40.047 46.1094
75.1736 144.239 58.1025 20.3055 45.5559
171.25 1.63241 2.63923 47.8449 28.9712
157.303 43.3793 9.86938 62.8185 31.4815
51.386 108.966 48.0606 103.937 69.3561
16.4508 158.753 74.2566 27.3691 30.4064
144.196 98.3237 25.0036 34.1752 4.10381
153.75 45.5471 6.288 8.21184 76.8799
164.394 21.0401 30.4227 23.3331 54.0963
44.5598 147.616 79.478 42.2745 20.3544
168.138 49.8117 6.87986 8.9837 23.6981
140.128 18.9433 19.1581 88.365 59.4258
153.12 17.9281 87.6276 19.6439 8.12954
79.084 150.205 14.6504 39.9748 36.9083
6.05879 142.607 69.0276 3.98813 84.4324
85.2858 107.795 78.03 84.5724 11.0835
69.69 12.7126 161.052 7.37452 28.3754
45.3717 112.116 99.2468 11.3637 90.5621
168.894 30.8055 32.4401 29.285 28.546
34.8287 93.405 124.229 68.4572 42.5875
60.4304 136.225 80.7034 34.1924 51.8507
136.231 42.0332 85.0945 66.647 25.3639
123.651 112.182 59.6345 5.13068 22.3493
141.742 41.8442 23.7834 17.741 95.9277
150.728 17.9464 40.6838 84.3694 15.521
54.1227 114.766 72.0326 78.0723 69.0514
42.9966 123.409 12.7749 125.009 0.814618
88.4997 80.2584 111.078 60.5963 49.8662
96.7069 71.2934 7.30663 85.7152 100.022
23.3263 24.886 177.745 6.146 3.19752
119.213 70.5094 66.1186 54.8078 75.2893
107.712 39.5264 100.311 83.9165 31.153
71.8805 0.440365 13.1944 30.3044 160.343
22.0018 117.891 70.0091 104.791 40.8772
143.463 35.564 63.0791 20.7113 77.5385
37.5654 125.634 86.6663 83.1342 32.6727
8 38.444 84.4628 150.949 3.0853
89.2778 53.7751 72.3763 38.7842 121.599
115.748 126.462 2.65064 47.9009 4.72957
137.164 17.5223 64.8942 40.5308 86.2012
18.9468 130.637 61.8289 106.148 13.1725
66.5076 134.885 24.8214 65.526 67.1343
134.023 57.1537 20.7591 73.4854 71.7834
2.32794 175.508 25.5244 14.0194 28.9856
81.9878 95.4073 37.5935 27.588 116.141
90.8857 42.3399 43.725 79.7905 117.492
15.9356 15.4549 173.193 10.7435 25.4925
34.5505 84.0224 150.952 27.5826 29.9785
98.905 9.7266 32.0041 133.499 60.7395
117.815 88.6307 85.8254 22.7172 49.7261
121.601 20.8314 71.7518 82.6197 72.4016
41.5675 40.5332 101.776 95.919 95.8301
10.5994 96.9951 1.63069 94.2105 116.579
68.2948 5.33079 23.1979 150.151 64.2161
28.7543 68.1585 119.652 101.918 43.6279
124.12 58.4634 105.474 3.82838 47.6269
10.3288 14.3129 175.433 4.96976 30.051
10.332 61.5763 126.41 109.027 16.4982
58.2619 134.393 27.676 24.984 97.971
60.0173 67.0322 145.033 58.6261 1.14948
3.55191 25.8953 38.3436 112.767 131.236
103.937 54.9073 82.9527 82.0474 65.3871
113.732 30.9049 134.969 5.50586 9.75537
40.4481 132.726 32.5752 94.7714 45.6168
44.1169 17.9638 141.572 48.1378 86.7112
80.5116 157.645 11.126 23.6154 20.3976
100.172 90.8435 59.9946 0.688955 103.285
1.73109 0.477351 152.535 73.8794 57.3679
129.751 77.4766 8.66975 2.42857 92.0888
26.5638 128.86 106.17 51.6751 34.7188
147.626 16.6478 58.561 69.1894 44.1363
37.704 86.5535 56.6496 89.0301 108.299
146.055 19.2986 24.9346 76.98 65.9413
9.21765 15.511 37.0883 167.911 41.7751
118.039 52.8776 82.8221 60.0211 73.0167
49.3605 139.49 68.7769 0.763438 74.8712
86.7238 80.0152 15.2384 96.835 90.3774
57.324 19.9874 34.3223 154.708 55.4775
136.675 6.66001 4.67988 113.715 20.0355
28.563 138.819 63.009 81.8883 33.9128
39.5974 28.0267 171.021 14.6315 8.99368
46.13 62.0927 128.139 61.036 74.17
27.6816 69.7005 106.596 122.826 12.5994
39.883 100.422 21.8064 103.88 95.987
109.451 46.1571 23.6775 22.0598 129.041
115.554 52.2229 4.3674 98.1605 79.7022
5.87042 56.6426 26.4951 167.135 23.1879
120.382 48.775 24.374 97.682 71.9164
10.038 16.4337 162.889 70.2888 4.88038
102.382 41.3754 3.94221 46.6895 135.284
128.364 19.0703 108.484 50.7242 39.5915
2.11187 0.525068 26.9746 52.8197 169.84
1.01899 2.74951 175.157 26.8647 10.1078
65.9269 126.9 75.7467 18.5869 69.7952
93.4685 90.1072 116.434 32.9258 20.2316
7.03388 14.7755 140.693 105.787 19.1546
16.5316 32.0514 17.0302 9.54932 175.294
77.5202 36.8682 102.85 120.584 10.4651
84.059 102.478 76.0029 80.8546 44.4267
13.5374 124.854 21.2575 65.6223 108.386
44.1847 9.77693 1.3159 162.903 58.4659
106.328 72.5018 18.4367 123.8 9.86564
55.9701 81.5602 146.432 25.8808 18.0059
12.1597 9.37047 65.3518 54.4606 156.938
58.5404 87.099 124.306 72.5073 27.5478
71.1909 34.9451 124.995 99.3683 13.663
9.1429 1.17637 42.3241 28.1161 172.338
78.5585 66.6562 63.9228 39.8661 126.524
21.6085 61.0607 34.3078 0.345541 162.3
32.846 6.34491 70.8757 121.893 103.66
145.492 86.8708 57.3801 2.85764 20.6937
140.677 81.6581 14.0283 10.2289 72.249
38.0006 83.2153 94.8389 114.673 44.3329
64.51 11.9999 166.295 10.9878 14.1488
114.444 75.052 81.7682 78.6433 17.6165
68.9894 73.6106 57.9625 93.3604 97.0531
48.5202 121.752 58.1486 32.5258 102.647
14.6195 105.815 15.4139 61.5685 127.362
75.8878 69.3898 63.6994 95.2783 90.519
57.5677 116.751 78.1091 65.2629 66.8634
127.213 67.7438 37.6544 80.6138 60.1994
60.2795 85.9895 128.362 62.2988 5.53036
73.5949 47.5731 43.8699 135.686 61.9809
7.92558 45.2252 99.0722 90.2814 109.71
7.5894 4.23715 12.1182 177.101 29.3259
91.3896 74.4387 95.3843 80.2439 44.09
101.871 3.44631 72.9243 128.107 19.2911
37.002 156.271 11.1128 40.073 64.7712
5.05262 2.42632 14.3499 178.726 7.48298
46.7168 78.395 66.5895 19.7987 137.234
126.398 82.8915 90.3091 12.7681 28.7088
19.7408 8.14266 3.75409 173.207 31.8733
61.4044 17.1214 2.24542 161.29 37.2805
70.3173 13.5128 31.6983 157.821 38.0153
108.843 23.4507 6.38323 104.451 92.9454
35.3582 45.3641 58.8199 154.486 36.3107
20.6647 5.3623 15.7328 158.324 80.6053
6.96529 50.7771 31.3276 117.968 120.001
69.4621 23.9841 17.1129 160.437 22.0394
10.003 23.2794 41.9261 164.766 50.7904
74.1936 140.923 13.7379 37.4982 75.8773
20.8592 21.7024 165.212 58.2457 27.044
12.4422 128.86 96.0093 31.2923 73.3634
34.8949 9.62239 81.0912 137.962 71.1256
43.6801 11.3326 155.322 77.3967 13.0987
80.1245 127.614 22.4504 55.6726 76.9052
17.0474 56.551 96.8764 66.1998 119.122
79.1052 116.084 5.92689 3.107 113.216
29.9434 9.07603 157.368 77.7436 14.6911
77.7223 38.1504 136.464 14.5646 76.6981
14.9563 37.1182 155.987 36.7942 64.7728
12.9173 2.85911 50.0847 1.49656 173.317
13.0952 22.0259 44.2011 32.6498 169.273
21.6882 58.5227 152.68 25.2921 62.8162
8.72658 3.87512 22.0354 169.735 48.9892
149.794 16.8959 59.4238 70.2088 25.4196
102.974 36.1127 43.0489 18.39 132.1
30.7232 149.301 22.7169 81.3683 33.6968
17.1115 84.9888 118.895 50.2306 89.6269
23.4567 27.412 170.439 45.3269 1.53918
111.872 115.338 14.5474 48.1041 59.6793
27.0832 12.4961 129.774 45.264 109.195
8.52424 3.08955 35.7119 122.361 124.812
94.7052 29.4121 117.463 92.6775 7.35016
15.2078 35.3896 13.4577 175.171 4.44865
54.451 33.2452 102.283 28.7735 127.222
7.89146 35.6163 81.7283 139.048 71.685
34.1173 76.5932 73.9642 129.923 54.5606
25.8313 41.1404 142.9 55.1594 76.1915
62.6362 8.96998 147.547 32.906 71.7627
0.918168 0.709282 79.0492 111.864 112.334
37.9106 101.677 135.231 24.2135 43.0052
58.3381 21.4079 139.216 83.9453 31.1637
43.0756 26.3301 68.663 22.6421 155.869
0.74497 52.4216 3.5723 101.271 138.772
66.1622 25.8845 159.559 36.2059 2.59625
0.759997 3.02616 158.248 7.5451 84.014
7.27859 22.9567 87.3959 63.5661 142.065
51.9766 128.419 54.654 37.4717 88.659
61.3494 90.0269 51.2379 71.369 112.67
131.405 55.4145 28.4253 19.3655 102.359
126.133 102.484 31.1274 22.7246 66.322
30.2085 8.90256 17.8883 174.248 19.5926
52.2095 39.2328 145.353 85.104 9.92775
50.0704 88.0326 39.3633 87.2717 113.627
16.3645 137.96 58.1122 78.3978 59.5071
9.71402 38.7337 32.2012 53.4716 164.077
72.6057 54.6338 47.1512 39.2501 142.658
52.8098 50.9795 29.1738 9.3913 163.017
22.5946 10.8508 133.062 27.0132 111.178
38.1838 0.437175 113.726 6.37459 133.056
47.9467 53.2379 64.5786 147.428 34.8906
33.3367 30.6431 43.459 109.963 128.293
64.8024 44.8589 43.5287 141.853 64.6823
68.9699 122.907 108.347 3.93458 21.239
55.4507 21.6817 12.6511 141.3 91.6837
112.27 39.0392 119.586 21.9194 52.4702
3.64216 7.59885 39.9229 49.431 168.458
15.3919 46.3388 171.832 19.4829 5.60948
27.9013 8.66537 26.7958 78.6128 156.116
11.6654 91.7545 52.45 86.9089 117.881
49.1632 22.605 66.2949 102.428 118.229
41.7906 119.058 115.841 50.4209 26.8898
4.63849 42.9031 74.7676 33.8119 153.429
40.0794 103.357 118.232 53.0673 60.5706
6.25007 4.64558 19.0121 177.927 13.5623
41.7593 23.6005 93.3873 40.7234 139.668
75.0962 1.26782 62.7864 145.596 39.3357
83.0929 36.9915 135.539 3.19544 77.1939
15.4869 106.784 50.5393 86.7661 105.017
4.33158 13.9765 48.6897 24.2928 171.726
7.34803 0.341328 41.0347 148.12 87.8323
24.1392 103.865 112.377 90.611 20.7599
9.29829 156.44 54.6748 12.063 66.0793
14.5987 18.575 69.7213 100.353 132.866
123.193 34.0034 61.8072 67.328 83.6427
31.9172 56.1161 122.445 16.3734 113.644
66.6915 10.1229 60.9205 19.0688 154.413
39.2467 41.768 73.788 67.6639 138.485
114.076 51.1048 109.783 65.019 2.23361
69.6151 64.9892 57.6588 138.238 26.6812
25.9247 140.758 74.1496 48.6874 61.4508
18.7708 38.562 49.3489 19.0155 164.605
11.3139 25.1654 164.696 48.8893 36.7948
110.375 120.593 2.51885 45.6713 60.77
63.8774 16.3682 43.8522 46.1349 153.632
19.853 15.2977 33.8403 149.169 85.2188
110.996 72.3031 78.5747 83.6341 50.0899
55.0643 43.3555 93.9479 134.004 12.5248
4.10739 20.2139 18.5924 148.166 94.1642
42.5567 59.5859 10.6536 157.339 41.483
56.5285 62.7669 5.10473 155.151 34.9997
2.97178 65.6149 65.6813 20.5653 154.307
12.7184 66.4998 12.2865 99.0157 134.358
8.20853 51.9982 86.5425 2.8 147.081
42.1601 51.0949 74.7941 107.421 104.321
72.0531 48.6395 58.5583 47.1551 136.483
17.4269 89.7626 52.0294 128.087 69.6287
94.4656 49.671 0.56361 103.752 99.2409
4.4653 9.54417 45.1079 169.316 32.4032
105.119 89.1931 85.5363 75.8803 0.454638
69.7444 64.7711 20.8022 90.8657 122.85
35.4858 52.7979 75.352 149.196 27.6613
73.3345 121.136 27.9987 10.232 105.173
57.1335 59.1369 26.3476 50.7632 145.183
29.8304 2.89881 167.92 39.1804 46.0196
91.7903 6.70975 94.2444 15.7068 121.58
15.9518 79.383 3.50149 36.3123 155.064
70.0873 59.3313 67.267 25.926 135.905
53.1831 80.2697 82.4517 16.4494 121.796
121.133 2.49742 105.951 79.3923 17.785
23.8573 23.048 21.2881 136.769 110.176
40.9766 0.845295 166.737 50.5437 17.7373
60.4763 5.24363 136.015 31.7422 98.7182
131.629 4.45071 94.2257 20.8661 78.1349
26.4351 128.459 80.3647 81.2114 33.6316
16.0482 71.7194 11.5083 127.451 101.556
18.1953 25.4716 167.524 12.9615 46.3725
9.15544 122.282 129.229 26.2114 7.37328
105.655 69.2863 89.1589 88.1835 28.9486
23.9519 6.54259 106.283 102.857 95.0419
18.9805 67.2421 107.242 21.7548 123.659
70.477 17.5949 137.772 18.4252 86.6554
74.6226 22.8867 45.7857 132.18 81.6736
12.7775 16.7531 120.983 104.333 82.6764
27.3812 30.3327 76.4303 152.354 35.1506
32.7707 14.7924 7.24273 61.3527 166.035
50.9152 90.7316 141.088 25.678 21.1624
18.4605 12.32 114.563 98.8998 93.2495
130.618 20.4051 115.999 2.90642 35.1634
1.18619 0.13929 0.0583835 170.025 56.7647
39.9237 82.0172 53.7049 47.6695 133.871
37.1497 48.0158 5.62459 21.6729 166.565
103.35 92.0596 23.3088 108.9 9.57972
32.9248 17.392 154.022 58.0713 66.6278
3.99463 9.71382 17.4511 36.221 174.108
150.528 64.1937 23.3181 29.0932 61.5222
2.06864 7.7851 77.3708 8.78097 161.154
65.1499 3.53438 30.9594 134.983 91.9157
133.039 11.4951 76.5696 81.4566 44.7585
7.75485 1.84127 25.4655 166.425 65.2519
122.628 3.48845 29.8603 38.4113 121.672
99.2349 21.0739 91.4467 109.324 39.5402
0.613466 13.7677 102.268 124.026 80.2712
13.9819 101.082 80.9006 118.045 25.5744
46.1974 82.3251 128.016 18.8179 79.5772
20.1735 63.219 18.7386 160.163 30.7575
50.9511 55.0561 104.53 110.56 54.5991
59.6852 76.3493 92.7956 23.6182 114.028
68.6383 96.0879 15.2494 96.9068 90.4443
8.06887 70.8535 28.7385 66.6502 148.44
74.2193 21.6923 20.3625 121.122 106.753
0.807847 4.81203 39.1465 174.401 26.1949
136.735 19.5845 41.24 48.0603 92.4327
72.9863 68.5258 124.897 13.3529 76.8496
1.28255 5.90989 17.2852 163.64 70.7704
43.7638 47.1338 19.8687 145.141 74.998
36.9239 4.99098 144.07 79.1356 59.675
14.3888 5.45834 9.04266 49.7567 170.881
46.5665 14.4606 0.970402 74.5446 157.956
101.601 69.0132 86.6741 85.7274 45.0382
137.156 18.1266 67.7493 64.0181 65.4451
57.8795 89.8469 46.6224 27.7103 130.755
48.8676 15.1768 46.9312 67.031 151.171
34.8013 86.3651 20.6292 38.1099 146.348
14.7188 11.7777 100.908 130.375 68.0589
104.457 54.9254 19.9794 76.9149 107.627
39.1746 0.441818 55.7263 57.1606 155.027
1.05077 12.5737 169.469 56.6521 6.93589
92.7876 32.675 5.91135 146.709 26.6705
126.704 62.4671 62.9382 39.56 78.0337
68.5497 23.4111 120.468 79.7295 78.9943
55.6836 66.0976 24.3988 154.257 31.4839
6.74664 16.5836 134.245 88.4985 72.0582
86.0999 23.5153 103.372 16.1098 115.818
1.27247 148.05 71.6009 4.13752 71.7708
29.0527 26.9811 169.757 34.6988 30.49
29.5987 98.056 52.7937 28.0804 135.584
129.353 5.72737 51.655 111.708 11.4745
31.757 37.3917 8.08531 165.893 40.1096
17.9543 6.2463 93.7508 146.525 43.0269
33.0668 14.9437 137.361 109.912 6.75533
8.86352 11.1199 149.112 92.4362 38.1921
81.3465 87.1137 95.6062 73.9636 58.8542
16.674 15.6566 30.6605 43.7331 168.005
0.908467 1.70909 32.7398 87.8857 151.448
24.3086 12.8235 92.63 35.3394 147.984
78.8993 2.67682 56.4827 146.554 11.8555
43.8101 34.1761 68.2098 134.19 82.2838
24.34 119.801 110.19 63.2409 31.6944
77.137 34.5894 36.2946 145.857 53.8399
33.1238 28.6183 121.928 86.5841 88.6809
47.7883 7.96043 33.5233 56.1012 159.563
1.67298 2.34206 172.323 13.1 46.8958
67.2048 30.1056 100.034 119.139 53.1212
53.5906 36.9592 3.23834 90.3355 140.057
12.4731 149.304 44.7162 52.1208 73.6442
148.631 5.64237 36.1827 70.5173 61.5063
19.4107 131.868 12.6769 50.1806 107.121
45.5422 7.03073 3.07084 83.5884 151.983
105.907 74.9278 28.2362 120.352 26.0743
49.1006 77.7612 65.3327 12.8838 138.076
31.2928 15.464 94.4547 126.037 77.1226
38.0967 40.1467 118.421 109.459 53.7786
34.678 0.3982 21.8158 108.389 139.017
9.95548 6.36894 15.1603 135.364 114.676
74.7665 16.3038 99.8976 98.3516 83.417
35.5687 29.7753 24.2869 172.625 9.11271
63.1367 27.6223 55.6066 71.0781 135.279
25.0713 53.1228 150.476 73.1714 2.25845
54.1478 0.916184 67.3961 128.586 88.108
10.096 7.80179 10.3176 109.422 140.991
125.713 71.5689 1.07756 33.2866 101.397
1.22803 8.99207 156.348 83.8014 10.9821
29.5718 22.2242 115.388 86.1002 100.172
84.7269 121.532 80.2336 24.7975 51.0728
59.3537 4.48749 24.0956 11.6633 164.854
47.5413 44.3823 71.406 119.928 88.898
42.0794 2.03235 70.6662 155.956 42.505
36.7103 51.3913 0.334996 159.702 46.5954
60.5853 44.664 126.509 16.0582 100.233
1.99682 37.4725 98.1521 116.1 91.6667
10.8386 5.93944 5.52813 106.596 141.744
12.5724 57.9511 1.34637 73.097 152.999
31.589 25.6242 108.039 110.41 79.9292
95.8194 61.1659 129.515 43.3558 13.6546
33.2494 12.3622 138.417 51.2237 93.3317
54.0529 78.6902 30.0457 127.051 78.3084
39.9179 50.6957 55.1189 54.8345 145.566
7.57015 13.6431 7.51582 35.6766 175.817
5.3108 5.64245 138.947 4.446 110.48
62.958 69.094 36.0162 34.9058 143.777
23.5892 67.1964 153.187 49.7337 26.5199
42.4056 149.576 18.1293 48.6402 75.7462
24.1409 28.4136 130.449 37.8059 109.758
65.4472 41.0824 76.9487 102.621 96.5869
59.2835 104.229 9.59096 14.2311 131.779
3.30731 19.6926 160.115 69.1479 25.7174
8.13867 58.9036 97.5304 65.1637 119.253
13.9838 30.7557 91.3475 91.6666 117.924
2.09426 4.28358 6.91551 64.2318 165.539
47.2348 4.08065 54.1156 45.8897 158.965
81.6554 28.9998 69.2758 142.3 0.79531
82.9156 88.7944 111.534 48.5424 59.6034
93.9303 9.23747 30.3944 104.474 107.928
67.3248 34.1164 25.2217 80.536 137.126
61.4449 8.30618 128.691 88.4604 59.4901
3.9238 69.8642 86.0383 36.4631 137.712
149.03 41.1417 33.3358 75.0152 11.8056
2.5207 2.1407 7.09701 129.023 124.568
79.9016 2.66066 37.9637 90.941 126.66
50.5819 32.4868 4.80629 29.1372 167.678
100.848 31.3206 111.288 92.4911 7.33534
76.7326 17.1278 126.904 48.1102 86.6611
37.7633 103.647 86.6587 6.00601 111.817
101.463 4.04371 33.1602 31.6895 141.472
2.8361 32.9921 60.0952 159.098 37.477
16.291 22.0268 50.832 131.932 110.198
21.2997 55.6906 50.3232 9.86312 158.918
38.5785 20.4474 16.2331 157.398 71.7869
75.5737 33.6449 123.273 66.1688 76.8516
8.55459 5.10675 146.606 95.4634 35.3889
23.3852 0.779503 115.534 44.1814 125.652
30.3037 1.15651 53.932 11.0341 170.934
63.4604 40.8941 35.3612 24.0042 158.554
35.9437 104.91 36.8547 59.2912 123.226
7.86156 104.953 110.916 92.1823 7.3108
2.22302 16.7646 132.596 116.999 28.6218
49.9473 12.0051 8.26447 143.497 97.1369
124.779 5.52796 49.8307 115.638 14.4791
11.4701 10.5238 171.402 44.4782 27.0081
13.5786 92.2545 96.6707 50.3385 107.46
0.286006 12.9931 99.4648 71.6249 129.179
11.8455 57.4699 57.4509 142.166 72.8362
82.228 75.8674 14.4516 102.273 89.7089
20.2919 56.1814 52.5112 119.92 108.54
95.7356 83.1746 7.29553 15.2669 124.174
29.1098 55.8112 4.7451 134.387 100.464
15.7311 23.0302 47.4686 139.506 99.5112
149.261 63.6506 23.1173 19.5427 72.0308
133.411 8.25572 98.4607 45.4495 52.39
15.0745 49.3615 46.3234 161.183 23.401
65.7509 14.1332 108.556 98.7926 80.2159
72.3526 74.1427 18.6037 57.5153 130.485
13.8584 47.2352 107.708 125.846 45.2276
36.0784 89.1485 105.589 62.8278 90.0785
20.2404 12.9364 150.148 40.3496 85.8116
17.2865 14.9841 60.5887 132.765 103.15
42.0107 38.7608 7.38014 46.9081 163.308
24.7514 84.364 148.679 28.9327 36.4698
28.9502 27.2461 104.119 94.2787 101.855
11.7428 1.31499 10.0871 100.083 147.254
20.7777 42.5906 78.3137 104.356 115.685
30.2411 12.3132 154.082 31.6876 82.5378
45.8957 17.9865 127.544 21.8778 116.332
47.6721 21.3548 155.266 25.4682 73.4097
39.3213 2.27193 109.076 125.717 57.221
82.3058 58.6184 34.5792 40.0905 137.639
39.708 7.05908 31.2216 139.861 101.058
14.7029 106.451 131.199 38.9578 45.7545
14.9499 81.1655 42.7576 151.882 14.3212
0.737887 1.02079 164.049 52.421 41.6117
13.2303 11.5852 158.467 62.4186 52.6326
0.127389 0.370314 0.436035 0.22522 177.323
34.155 8.31857 2.37908 57.5751 167.393
69.8154 24.2421 17.5877 160.4 24.024
51.5791 13.0387 125.712 26.332 116.657
22.1599 23.0396 29.4066 65.8796 159.85
63.5874 4.96264 21.5984 139.803 89.4491
56.569 7.23953 159.001 23.3891 54.2296
15.0792 10.6686 37.9699 171.914 25.7578
73.8747 5.76817 157.304 25.1983 25.2913
16.4154 39.8047 70.4179 155.467 23.8472
49.6596 138.308 19.9076 27.0732 96.2482
16.8643 2.958 101.089 5.516 147.682
7.71615 12.9841 31.0453 140.54 101.278
2.42687 18.1099 163.473 68.5542 13.4142
5.39288 72.8401 116.11 96.5368 61.4851
23.4848 70.7017 137.368 17.0451 86.2834
51.2793 46.5041 64.3621 144.785 49.5471
25.7784 22.8604 27.7521 153.518 83.6308
2.83916 15.1536 23.5066 162.979 68.5966
91.6708 2.36507 24.5773 50.9688 143.451
44.2914 36.0758 46.2266 78.7798 143.017
7.90778 7.37487 14.3096 169.197 53.8855
39.6507 50.1085 103.845 51.5252 119.264
86.4085 7.49534 108.086 59.5592 97.7775
44.1915 54.4901 43.0778 102.97 116.93
63.2442 3.63257 18.6496 165.438 22.4559
51.9744 15.8617 123.434 115.974 14.5212
110.851 71.655 66.0763 80.654 62.2885
125.175 15.2323 92.0184 31.4106 81.8042
39.234 78.6603 119.204 41.5623 93.2267
9.60315 28.7624 48.592 35.1896 166.543
53.8917 3.47082 89.4619 142.822 30.1498
21.0131 10.5663 34.7535 123.632 123.506
18.216 21.2402 29.6469 2.18831 175.345
1.92327 0.358945 7.86454 143.851 104.334
74.2867 78.2841 34.0362 94.7598 99.4635
0.456379 0.42849 52.8766 149.926 76.0619
5.62817 89.4343 91.7623 15.2925 125.616
52.3745 106.221 113.403 70.4895 13.7147
0.220381 1.74916 172.269 21.6799 48.214
46.4328 29.9221 61.5421 23.8134 157.282
22.7701 66.9786 80.2022 41.6173 139.897
