141 3.24736
10.1503 0.0987584 0.639432 0.337852 0.00145959
2.09186 10.0775 0.0284595 0.000560918 0.120006
0.412203 3.92805 3.6952 1.24606 1.95314e-08
0.273626 0.0021283 9.96814 0.0014537 0.6848
0.0555381 1.41251e-05 0.00314189 10.1562 0.00161354
0.000144928 0.00029748 0.000435882 4.86369e-08 5.77248
5.21074e-05 0.000191155 0.0146098 1.07351e-05 9.53499
1.84123e-05 4.26236e-05 7.52169e-09 0.00912173 5.88881
3.76359e-09 1.61698e-12 0.000185495 0.595238 8.22834
1.9804e-10 7.51531e-08 0.00370405 1.41615 6.0216
0.768037 8.76389 0.107937 0.0407811 0.000789543
0.39076 9.50587 0.361041 0.000465375 0.494474
9.67657 1.68802 0.0967811 0.00268049 0.0161219
0.00047966 0.0143111 2.72545e-05 6.01121e-06 9.34446
9.38471 1.67204 1.0649 0.00139829 0.00154549
10.0405 1.72877 0.681515 0.00113286 0.105858
7.12493e-05 0.000166917 0.0133826 9.83338e-06 8.73407
1.68082e-06 6.03504e-07 3.88665e-05 0.199283 8.96459
2.04165 9.83567 0.207186 8.78019e-05 0.127552
9.15729 0.00187781 0.304108 0.279823 0.0220136
0.00359379 8.48413e-05 0.000249811 9.94681 0.842649
0.527304 8.46217 0.0159248 0.0392999 1.01619
1.47246e-06 0.000404212 0.000253777 4.89538e-05 5.06072
0.0528718 1.68144e-05 0.00319299 9.67074 0.00153642
2.84326e-05 1.35604e-08 0.000414285 0.00586993 8.38459
0.00400569 4.68962e-06 0.00390563 1.64062e-05 7.97142
0.00536116 0.0001052 9.23952 0.936287 0.000126089
1.64079 9.6288 0.0338014 0.00053232 0.116662
0.0179195 0.000351626 9.47951 0.384292 0.154619
8.92614 0.00160898 0.0220252 0.954279 0.211484
9.66057e-07 4.15056e-10 0.0476137 1.39269 6.61626
1.63856 4.23551 2.00936 5.09565 2.01597e-05
1.20223e-05 9.04654e-05 5.82425e-05 1.78287e-05 7.74671
1.21269 2.34887 3.28442 3.48426 3.99002
0.000400105 0.000166411 0.000273903 2.71999e-05 5.41493
0.00454774 0.255755 7.36438 0.00398521 2.86627
3.56365 2.5797 3.4281 2.53702 0.955811
4.36022 0.443055 4.81692 0.446592 1.65059
8.5867 0.0015478 0.561439 0.0437695 1.75725
0.000329154 4.78156e-05 0.000367884 2.63145e-05 5.23865
0.0057437 0.000818735 9.88008 0.261351 0.0356774
0.945238 0.398437 7.5153 0.0782882 0.0139595
1.67493e-08 4.37069e-07 0.00075366 0.0117169 7.55695
0.127234 2.02312 0.0644815 8.13695 0.0180743
1.2537 2.64688 2.28218 5.66038 0.8097
3.76905 2.88322 0.520416 1.63168 4.2353
5.3187e-10 8.38363e-07 5.67015e-05 0.1551 7.11297
8.408 0.696443 0.0410193 0.506978 0.00168102
0.0269648 4.86055e-06 0.812369 9.24294 0.00234231
6.89476 0.479118 0.0799187 3.36823 2.29031
7.12905 4.3708 0.528258 0.00228639 0.878437
2.16467 1.06229 0.0671065 7.50268 0.000113497
0.0406817 1.42701 1.55012 6.74688 0.00414606
1.02783 0.00021077 9.1449 0.281049 0.00104084
8.7955 0.00710402 0.0440203 0.957719 0.165551
6.121e-07 0.000220709 0.00040469 2.44581e-05 4.86908
4.71706 0.913914 1.75216 4.44783 0.769709
2.262 0.892925 6.70136 3.29061 0.133755
6.99145 0.0312701 1.20538 2.53121 0.106875
1.83183 0.0149626 0.841775 6.36883 0.958843
1.47047 0.10466 1.76287 6.19847 0.937479
0.729651 2.78367 2.05889 5.39425 0.27731
2.21243 1.14053 1.93861 4.87832 1.40538
1.97276 1.2427 3.5494 3.40738 3.25312
1.8155 1.11776 5.29681 3.68913 1.68499
2.29278 4.54448 0.793501 0.521436 4.63943
0.40712 8.16788 0.88604 0.0221027 0.163153
0.0748888 0.200458 0.0564565 8.7453 0.00355523
0.448046 5.34734 2.24335 1.33992 3.21492
2.39739 1.51019 3.90768 3.96544 1.36424
1.0685 2.00801 1.42021 6.11538 1.1527
0.691654 0.276837 6.57762 0.0199514 3.35195
1.34443e-05 6.84554e-05 0.00209785 7.6378 1.86538
2.85901 2.00386 2.75796 4.38014 0.35609
0.000107352 7.17273e-07 0.00233637 8.51046 0.00413778
1.24679 0.088997 2.34291 5.33445 0.553693
3.14315 2.15191 6.21162 0.0816749 2.15672
0.711846 1.58012 4.8906 1.73297 3.8409
1.55982 6.91682 0.676843 0.563222 0.0210092
0.233466 4.20833e-05 0.0189782 9.56079 0.00240498
0.0547306 1.39197e-05 0.00730629 10.0812 0.00160162
4.4822 3.24462 4.3117 0.90676 1.10338
0.00278139 5.03263e-07 0.000354195 8.99734 0.0965523
1.26304 0.00604118 7.64941 0.236781 3.19025
0.238925 0.000220039 7.19811 4.55059 0.063626
2.02649 0.767194 3.93294 3.30615 4.32297
3.46688 3.03639 0.505412 1.58464 3.76421
5.13136 1.08233 0.115124 5.75365 1.19991
2.1127 1.15633 3.21964 2.9743 3.47032
0.000618776 0.00134124 2.39289e-07 0.000664883 5.57018
0.352695 3.80207 4.72717 0.761899 2.31158
0.208248 3.22912 5.41579 3.45463 0.475925
2.95228 0.210737 1.06367 5.88666 0.828637
3.1731 0.353836 1.01548 5.45169 1.47703e-05
7.77505 0.192609 0.100929 0.416894 3.29532
1.91536 3.13596 4.27232 2.49603 1.53412
3.89185 1.38429 0.24709 3.90808 1.62435
0.0163613 0.00152832 8.26921 2.20028 0.0841741
8.2788 0.40997 0.0403004 0.356631 2.8642
4.95357 0.124579 5.56892 1.49711 0.147384
0.00025954 0.000107948 0.00051541 2.72365e-06 6.19258
3.90202e-07 8.0093e-07 0.000112606 0.000600243 6.44182
0.163961 4.57521 2.54279 5.05796 1.35058
6.83462e-06 1.34113e-07 0.0117789 0.000397957 7.69113
0.553239 0.000647698 8.06111 0.716351 0.122432
2.51501 1.82059 2.41934 1.79047 4.41417
5.69916 0.118637 7.2945 0.0639369 0.227602
4.58941 1.13924 6.78311 0.151916 0.00208772
0.0200365 1.6036e-06 6.20025e-05 9.46594 0.00269583
0.564788 1.61648 5.67767 0.700954 3.96823
0.0309625 0.113585 8.68119 0.131245 1.98548
5.79938 3.85443 1.68118 1.4744 0.043658
0.0941817 2.49076 0.174137 6.81218 0.0421907
0.224831 6.45906 0.271671 1.03946 3.9036
0.600053 0.0416977 6.02123 2.93055 2.71333
4.45017 4.02881 1.34833 2.33224 0.00256551
8.66174 0.00225757 0.507143 0.0626593 1.26783
0.992358 7.4673 0.0122327 1.7573 9.20048e-06
0.0190694 3.43736e-06 8.97643 1.11334 0.388916
3.16546 0.805296 3.09118 2.388 4.5158
2.29219e-05 1.26679e-05 0.00448148 1.71341 5.68769
0.255092 0.15596 6.98573 2.62665 0.228711
4.06357 2.0948 3.64075 0.470885 1.41835
4.24529e-06 3.1945e-05 5.23311e-08 0.000109983 8.09172
0.451494 2.80814 3.12601 2.24701 4.80003
3.20558 2.36911 2.53756 0.778151 4.71649
0.00329763 5.03778e-06 4.34216e-07 8.99839e-07 8.85542
4.54545 0.782638 8.81935 0.00271581 9.2142e-05
0.342729 1.51802 8.75293 0.0684815 0.00078169
0.00072634 0.208301 8.50842 0.528432 0.579684
0.0523495 7.86832 0.0371122 1.96831 0.411502
0.0337557 5.29117 3.38712 0.64216 1.59689
0.416521 2.8529 3.12822 5.48281 1.04993
1.65674 1.1993 1.59372 3.95007 4.46683
4.80778 0.0242116 6.39506 3.17894 0.00799471
2.61024 4.90536 3.03543 0.682745 1.09934
0.47152 4.9399 2.07457 1.23911 2.97304
0.99952 0.000204964 8.89298 0.273307 0.0374154
0.414075 0.00483747 6.9265 0.615176 2.92413
0.0319203 0.000626358 0.990999 8.83966 0.0021882
0.000222219 9.2425e-05 0.000441296 2.66704e-05 5.3095
1.46456 3.00539 2.69913 4.62763 2.23273
1.17065 7.079 0.182643 0.00557311 4.20751
3.6257 0.448461 4.17744 0.224975 3.9475
1.64891 0.000899111 9.0392 0.0211175 0.00103876
0.392503 3.35447 1.42764 6.05274 0.445647
4.64329 3.31286 1.23253 0.342996 0.92664
0.0135577 3.06141 2.18665 3.07259 4.56765
2.64715 2.19546 1.45375 5.78703 0.436192
0.732918 4.43201 3.5217 0.74871 3.14187
0.00224012 1.49674e-05 0.000496737 8.34946 0.00405951
7.9957 3.95542 0.556481 0.0454627 0.00224765
8.05979 0.523012 0.460396 0.0582966 0.358702
2.8254 7.56289 1.25126 0.358938 0.00254523
0.625193 0.0813343 2.74196 4.80107 3.86546
0.0353548 5.17436 4.10959 2.21745 1.72962
3.51837 2.466 4.77831 1.13658 0.469209
4.92655 4.08592 2.70554 2.03206 0.458539
5.89961 0.588684 1.23916 0.13183 3.25704
2.68991 4.78889 3.00049 2.56358 1.16754
0.316302 0.00520716 9.58885 0.404967 0.00103709
2.60297 0.712098 2.966 2.12932 4.55307
0.179343 4.67701 3.98524 5.92607 0.00174458
0.0206415 3.72073e-06 9.71643 1.20512 0.000212577
5.40916 0.356355 1.83744 1.31866 0.0306263
0.885749 3.42495 4.68756 1.71058 3.49689
0.000296585 0.268362 9.74767 0.00319386 0.0240225
8.17914 0.00425703 0.107003 1.92983 0.00211346
0.00792581 2.26929 1.62086 4.31512 4.8313
1.88347 3.86503 3.47117 1.89893 2.0659
4.75707 0.000857485 6.1047 2.06595 0.735533
0.0798518 0.166794 0.0747814 7.79158 0.689269
3.78908e-05 0.000192931 0.00236661 8.64121 0.00420136
0.317768 7.5323 0.0366542 0.828778 2.59093
2.05018 1.28375 4.30543 0.451867 3.62696
0.577769 5.88171 0.125872 0.833985 1.78321
6.95809 3.32259 2.88097 0.0390822 0.00672545
5.24941 2.21273 2.51413 0.401432 3.43629
6.09074e-08 2.31134e-05 1.13918 1.13095 6.82558
0.297573 0.009311 7.06132 0.0498942 2.13578
2.53605 1.94001 3.86973 0.172831 4.21428
6.78526 2.70778 1.38785 0.296676 0.00436535
2.33523 1.75522 4.36362 3.03758 0.441794
6.03451 0.198513 2.15469 0.412578 3.57705
6.16189 1.69127 1.5205 0.119609 1.91677
5.78115 0.605523 6.47487 0.0403321 0.0017306
2.4622 5.00963 0.940876 1.85043 2.781
7.1964 2.2187 0.492391 6.01489 0.00242682
3.41713 0.398609 5.19306 0.326092 2.49525
0.861226 6.65384 0.00893463 1.62825 1.02701
0.0412576 6.20118 0.22731 1.55229 3.04538
7.45404 0.617425 0.0363652 2.78775 0.141391
3.08931 0.0935245 8.12179 0.170064 0.105611
5.98679 2.38914 1.22453 2.3253 0.00408313
0.18358 5.54066 0.638387 4.7155 1.04925
5.17919 3.55346 0.163703 1.69263 1.48661
5.10475 1.75344 0.447259 4.19453 1.61672
1.19272e-05 1.09897e-08 0.587851 0.0500721 8.15565
0.0178281 0.000404958 8.39426 1.04113 0.116712
1.02226 0.0029536 6.19662 3.18389 3.06744
2.67222 5.42981 1.9448 2.1844 2.44768
6.9801e-08 3.34304e-08 0.00381447 1.45836 6.74487
7.63679 0.111215 0.55854 4.34285 0.00208553
0.361075 3.08587 1.50555 5.69913 0.0146202
1.19805 0.0014026 7.74026 0.694395 2.61943
0.792359 6.98311 0.0341694 4.04926 0.00173595
1.09601 5.98854 2.59743 0.148333 2.94373
2.38831 4.387 0.0236881 4.57049 1.46293
0.144448 0.101242 7.14858 1.26478 0.522135
2.36576 6.0692 3.17026 0.210675 2.05343e-05
2.46225 5.45861 2.98266 0.157919 2.20795
0.238316 4.17 4.51063 3.20477 0.264443
5.64134 4.03112 1.45987 1.00295 0.0661516
0.678307 0.28592 6.49909 0.421664 3.53005
0.00321127 0.045762 1.97219 8.06088 0.0659749
2.99655 7.03571 1.81997 0.00481007 3.3358
0.536587 0.140162 0.0359351 9.12659 2.59061e-05
2.11981 5.75384 0.124654 3.73793 0.488658
2.91315 2.1088 2.79143 3.7714 1.34302
1.75259 3.39461 0.747382 2.77831 3.31851
1.94424 1.38929 1.72154 3.62867 4.39464
5.39012 0.0684461 3.47494 3.98849 0.0935735
7.09946 0.0205123 4.12169 0.0417562 0.602048
2.9602 7.9237 0.369501 0.37198 0.00263771
3.23735 2.28857 4.43301 2.0053 1.3905
1.70056 1.33981 4.14586 3.61529 3.68472
4.1975 2.91914 2.42985 3.13382 0.680055
5.9153 0.456302 0.996645 0.358027 4.08452
0.0236614 3.46297 5.64714 0.0934031 2.06876
0.479825 0.235469 2.32804 7.42928 0.000112386
5.2845 2.22752 2.53093 0.424748 2.75096
3.34487 2.28636 4.47369 0.675389 2.40554
0.739531 0.0526356 2.47063 6.95762 0.000832209
1.34097 2.9766 4.48089 1.92666 1.8771
4.46163 0.267458 5.89902 1.30906 0.540414
0.00580758 6.79916e-06 0.000187292 0.000515148 8.31163
5.0313 2.272 0.976515 3.60813 1.94081
1.58846e-06 8.69773e-05 0.0118634 0.000396479 7.38154
7.68 1.1083 0.0861763 0.0775618 0.167335
0.0639117 8.06935 0.039234 0.0374046 0.0363411
7.36247 1.42065 0.490274 0.0382215 1.61968
0.537289 1.53777 5.40123 0.666826 4.34705
0.401677 3.0226 1.4103 5.54568 0.368151
1.01405 6.3575 2.97763 0.183551 0.219263
6.11415 0.0171932 3.15805 0.637474 3.03202
0.00114773 0.53044 0.139945 8.56813 0.00348922
0.348357 7.16744 0.777467 0.0193943 0.522353
2.7941 5.54184 1.16105 1.27936 0.59854
8.39794 0.0667996 0.850081 0.388647 0.00046818
3.06274 0.972466 3.87342 4.77287 0.237331
0.0711947 0.208933 6.35484 0.0034389 4.83733
7.58586 0.317607 0.286179 0.600793 0.151715
3.67782 2.60052 0.268848 6.30911 0.0251632
7.8344 0.387963 0.0381371 2.01307 2.79571
0.00067771 0.00155845 2.08125e-05 5.41093e-06 7.45101
1.72935 6.26943 0.426798 0.791873 3.58311
0.348201 0.00928302 2.47876 7.8408 0.026831
5.62688 1.69368 1.22302 4.2596 0.253365
0.497702 3.51702 5.9315 2.72838 0.161362
4.86108 1.02532 3.49205 0.370623 1.16868
1.45116 3.87297 1.2923 3.28494 4.16556
0.0144714 8.37302 0.79971 3.00837 0.490559
8.87013 0.734721 0.0432738 0.041256 0.00177024
4.51162 0.492476 0.120643 3.01843 4.38464
7.26525 0.0108656 0.313317 1.37739 0.291003
0.67402 8.01375 0.120564 0.0316494 0.0168974
0.686804 7.70893 0.890692 0.020933 0.154521
8.56386e-08 3.67937e-11 0.00422083 1.61373 6.86172
3.99806 2.82634 5.47469 0.0124441 1.537
2.50109 5.08209 2.16738 2.08411 2.3353
0.202361 3.9216 6.13101 0.0133634 1.74589
1.63169 4.64098 0.0239182 5.28032 2.64204
6.068 4.61831 1.10357 0.598847 0.287465
4.08392 0.0117996 4.98503 3.63879 3.16404
3.84424 2.87853 3.89641 2.28692 0.419664
3.56227e-05 2.42068e-05 0.00338737 8.26692 0.152207
6.38499 1.83255 0.303496 2.66151 1.1022
4.66988 3.10578 2.66538 1.16485 1.6928
2.58117 1.20719 0.397639 4.74228 0.75804
5.59034 3.96157 1.28312 1.43475 0.0424837
0.817521 0.000517087 8.58858 2.45359 0.00119871
0.000531164 0.00114256 0.00210244 8.91893 0.00433638
6.73297 0.393123 0.0780853 5.14029 0.267717
0.176113 0.488135 7.56125 0.671931 0.11484
6.51887 0.143972 1.12417 2.36026 1.645
3.3947 0.235898 5.01671 3.0749 2.74309
3.42322 2.51939 0.831514 0.536063 3.02447
6.32866 1.18612 2.31395 0.441093 0.891197
0.0229824 3.59633 5.64007 1.20227 2.23033
3.71691 1.02019 5.47509 0.121931 2.02369
1.04295 4.46854 1.7269 4.38827 0.156064
0.372378 3.18247 1.48199 5.8276 0.398886
0.0367543 5.37918 4.27226 2.291 1.06324
2.76732 0.0124516 6.86348 3.39966 0.0114957
0.861001 4.96499 1.79829 4.44321 1.2752
4.34736 3.90238 1.64487 2.09924 0.624823
3.89791 1.71115 3.76031 2.10039 1.94338
0.976421 2.01303 3.78944 3.58855 4.26795
0.0524546 1.88513 6.25314 0.772001 2.57962
7.30848 0.187097 0.440969 5.8375 0.03882
0.017944 8.29304 0.38035 0.486022 0.00337236
1.40337 4.89077 4.56285 0.807708 0.0199005
1.13109 6.83976 0.201233 0.00538528 3.96943
0.38254 7.41333 0.416281 0.0128001 1.8028
1.31918 3.50309 2.99949 4.42504 1.13688
0.0784259 6.52287 0.0290667 2.42907 2.10348
3.28268 6.2937 0.199936 0.167626 2.34367
4.03025 1.96281 3.56992 2.16876 1.48222
3.04877 0.47061 4.65656 2.15047 2.47232
6.66509e-07 3.25797e-09 4.50789e-05 0.123308 6.2128
0.180422 3.61687 0.298076 6.89433 0.000848584
2.56452 1.89462 4.24943 0.213824 2.96338
5.443 0.128413 0.02582 4.99928 1.57859
0.227954 7.36199 0.154084 2.70025 0.420823
0.0111817 0.36011 1.9951 7.92555 0.000568185
5.66457 0.959386 3.81511 0.135258 2.04155
0.0916373 0.646933 6.05403 1.4259 4.33775
0.175842 2.19917 0.869695 7.33872 2.18513e-05
5.07122 0.258148 2.28447 4.6852 0.797428
0.0873535 2.67566 3.57876 3.26236 3.83945
2.15379 0.0363404 1.67853 4.16317 4.70682
7.88981e-05 6.22026e-05 0.00218653 7.96467 0.99592
1.61701 1.6368 1.64338 4.25673 4.80535
2.24371 5.57787 0.339136 2.63404 1.63603
4.21761 3.69136 1.57812 2.20725 0.00579465
3.94851e-07 7.57882e-07 5.77977e-05 0.158099 7.25049
7.90845 3.79218 0.547128 0.0446635 0.00286477
1.16762 0.00489478 1.7683 5.12187 4.06771
6.31793 0.736988 0.323327 0.337806 2.5701
0.256223 6.7238 0.190703 2.60186 0.148005
0.0748039 2.40908 2.83481 7.06004 0.000554283
2.48328 0.788479 3.14059 3.86986 0.6066
0.91515 5.73745 2.68722 3.08301 0.219558
5.4731 2.32872 2.58539 0.399342 2.84509
5.13862e-08 1.67374e-06 3.0377e-06 0.0126217 7.01647
1.35535 0.00673196 7.09549 0.0715462 4.1236
0.077143 4.10092 3.95899 4.40269 3.1183
2.33381 0.626289 1.77339 3.69293 4.47246
1.49777 7.62092 0.30503 0.0305859 0.0163296
1.72111 0.000310238 0.125865 9.14531 0.00234036
3.31178 1.71591 1.667 3.5207 0.665282
4.17511 2.05469 5.86879 0.451393 0.000108058
7.5311 1.55034 1.32758 0.0443984 0.265189
8.20859 1.7627 0.43068 0.042761 1.81205
0.240115 2.59094e-05 7.23395 4.66322 0.0636784
0.583996 6.56491 0.0322324 0.0425278 3.71027
0.000165704 1.66876e-05 0.000576615 5.33406e-08 6.33074
1.30416e-05 5.60316e-09 0.642774 0.0547503 8.91764
0.12161 0.816595 3.55635 6.57178 0.339392
1.15255 3.15265 5.2679 3.14873 0.660344
2.43322 5.80041 2.64563 0.171638 0.0684982
0.440287 0.822005 5.75513 3.04908 2.72333
0.0203079 3.66059e-06 9.55939 1.18564 0.0878238
4.31482 0.710974 0.222697 3.63628 2.26098
4.99213 3.93888 0.718183 0.0267513 1.4254
2.90449 5.97696 0.0672057 2.7861 1.84683
1.54682 7.77048 0.118778 0.0311806 1.45528
5.30851 1.39501 0.250771 4.80478 1.08884
3.38355 0.810838 0.533069 4.11371 3.04775
0.441776 6.78649 2.11892 0.0322942 2.52851
0.308588 7.3147 0.0355953 0.430527 2.88798
2.74631 5.2171 2.95538 0.155679 2.17663
3.64532 0.698629 4.22873 2.97349 2.55824
0.000561981 7.04474e-06 3.89347e-05 7.68204e-05 5.99744
0.841636 4.85332 0.250846 4.09591 2.54677
3.64013 2.60268 0.29123 4.13859 1.76989
6.49083 0.500698 1.09361 2.25487 1.73699
4.90269 3.86831 0.705317 1.53148 1.44081
0.624414 0.462956 0.608789 5.24634 4.15622
0.228845 0.134979 7.7101 0.00795411 2.7725
3.82551e-08 1.73025e-06 3.13955e-06 0.0130448 7.25172
2.5464 4.78538 3.32583 0.556279 1.10203
1.84841 1.3151 1.80119 3.39202 4.19441
0.0171105 7.90786 2.08631 3.53553 0.003621
7.80579 3.76648 0.0777267 0.452127 0.0666875
8.26251 0.0977658 0.176438 0.295136 0.724623
6.44656e-05 3.07679e-05 1.15719e-08 0.0103642 6.69103
0.39299 0.00499036 5.72662 3.49733 0.0832781
0.546279 4.14496 4.08903 1.03162 0.633797
0.652884 5.23142 4.01301 0.00347841 1.96094
1.52963 0.0686059 1.9914 6.7756 0.00628796
2.14056 5.11042 1.36287 0.23191 3.81571
2.43719 1.66557 4.0351 4.82419 0.0346294
2.45306 1.71933 2.36635 3.34657 4.1378
6.6906 0.03364 2.63752 0.137526 0.17164
4.25098 1.29614 4.94253 1.17564 0.485334
1.4399 5.05246 0.0862519 5.19748 2.55142
6.56978 1.05 3.87709 0.0217211 0.0321804
1.78043 0.917827 2.45194 4.89557 1.41035
1.10978 5.33524 0.980602 2.74129 1.42613e-05
3.22506 2.7365 4.95043 2.47875 0.00170952
3.46964e-08 6.94387e-08 0.00382585 1.46272 6.94491
2.79458 1.7823 4.77608 0.943718 1.82622
1.05744 6.62404 2.1107 0.031881 2.4963
1.09548 2.43168 4.03994 1.61981 3.74613
0.137056 4.76407 4.7957 0.127176 1.91742
3.08225 0.000392255 2.40176 5.95698 0.166077
4.74922 3.3437 0.0143318 6.27323 0.201405
0.827615 0.34422 5.25952 2.59691 3.83716
2.38144 0.169989 0.787611 4.93359 3.09892
0.0869612 5.04956 5.23111 1.24732 0.552575
1.01534 7.64021 0.0125159 1.07076 9.25542e-06
3.03984 0.0127434 4.60467 1.88268 4.27836
3.84544 1.84886 4.99399 0.523083 0.187692
4.28064 2.94044 3.34777 3.57342 0.0625174
0.165984 5.27524 0.022551 1.67095 3.36475
5.23985 3.73729 1.45122 1.14696 0.857037
6.65165 0.775917 2.39106 0.377152 1.342
1.43708 0.279958 0.589314 6.25687 0.46252
0.0448732 5.65161 0.0274787 5.59069 2.74444
0.749446 0.32057 0.154851 7.12856 0.00202994
2.00294 5.43663 0.117782 3.42232 1.52617
1.59755 4.11344 0.133111 4.24221 1.56186
5.84384 0.862636 0.00972155 0.166182 1.21695
0.0654266 8.26062 0.040164 0.0382912 0.00168788
0.498961 1.40615 3.97597 3.84181 3.80547
0.207547 6.0727 0.27426 0.977392 3.3045
5.50103 4.19072 0.41431 1.10225 0.391441
7.11031 4.5124 0.399618 0.0434793 3.02989
0.27281 4.91754e-05 8.18538 0.233018 3.09565
1.10445 0.675827 5.83612 3.32496 0.125273
5.73933 1.0989 3.62143 0.0625703 0.589987
3.63015 0.465507 5.9681 0.538222 2.23266
6.26003 0.120492 2.67065 1.66307 0.593432
4.77594 0.00620239 0.427647 5.81153 2.68163
1.29321 6.49645 3.35537 0.0292188 2.38722
0.838531 3.42793 4.63036 2.99871 2.71066
6.47584 0.0552609 2.30167 0.140106 3.64451
1.58062 0.112499 2.06091 7.01211 0.000838726
2.92435 6.80129 0.899343 0.16 0.779371
6.22785 4.38474 0.0187939 2.62949 0.189826
0.0478331 7.25387 0.268966 1.81583 0.156172
2.83563e-08 1.11129e-08 0.000697545 1.90785 6.34861
3.2059 0.879931 5.50108 0.116289 1.96586
2.66533 2.03667 5.0634 2.44576 1.40839
2.1975 4.87168 2.81806 0.241355 1.24028
5.75281 0.895089 1.20655 2.47074 0.375088
0.00881281 1.11269 7.99269 0.037405 0.00165634
4.10665 0.155036 3.34744 1.81295 4.59371
0.569627 6.40339 0.0261464 1.64524 3.73552
4.18438 0.0172263 5.33325 0.849936 2.81237
3.94125 2.7624 4.40887 2.53354 0.503424
5.35367 3.58775 2.29051 4.16724 0.0992301
5.34472 3.71884 0.0979344 2.72975 2.38379
2.31878 1.65693 0.240586 3.52386 4.18643
4.68287 1.06529 6.24601 0.129799 1.82218
2.73937 2.0161 0.665405 1.58787 2.63871
0.20611 4.64645 2.36304 5.55275 1.95578
1.08969 6.83172 3.19974 0.0547782 0.235545
1.00067 4.00277 3.246 0.688593 2.8896
5.23029 0.00056792 3.51159 4.05879 0.0554247
0.118811 0.0100685 2.51095 6.49794 1.55686
6.41838 0.042491 4.31071 0.786165 0.510655
7.15369 0.00188745 0.32684 1.2202 0.505201
3.24297 0.378293 4.92838 2.276 2.53465
0.0036619 6.60076e-07 0.715898 9.36194 0.00237025
0.000358588 1.32831e-05 0.000391111 3.65867e-05 5.61197
0.458879 5.15843 5.14608 0.371721 1.11608
3.26382 0.154447 2.5461 1.87668 4.49522
4.15641 1.65866 6.49214 0.883843 0.415587
1.57042 6.15095 1.24978 0.765542 4.32953
0.853717 5.69401 4.63123 0.000295435 2.14762
4.84104 0.558787 6.88395 0.086243 0.00480977
0.29032 5.62029 2.80312 0.180579 3.30583
0.576565 6.12797 2.57318 1.53693 0.0476748
4.00452 0.0590365 4.46583 0.752108 2.28188
0.798983 0.332312 5.07756 2.66916 3.20519
6.81034 0.0189109 0.201462 0.0599171 0.302106
0.668602 0.0611718 2.91998 5.11278 4.11643
3.03471 2.65788 0.454253 2.56697 3.6901
2.04472 3.41454 4.55406 1.4241 1.54662
4.9005 0.938294 3.16481 1.10211 0.515795
0.093702 7.79342 0.130457 2.07411 0.00202843
3.96422 0.0178322 4.90777 0.791006 2.39989
0.00342364 0.000200748 4.55377e-05 9.35423 0.0285261
5.34693 0.662289 0.753914 1.36389 3.38399
2.21733 5.78764 0.672818 0.794543 1.32395
7.33114 5.1018 0.532391 1.08769 0.0292399
6.0665 0.504479 5.09445 0.000317378 2.34935
0.668289 2.04682 0.853266 7.16741 2.13412e-05
2.41973 0.860672 3.09573 3.81459 1.22063
2.71386 1.97181 4.98631 0.210447 0.648617
1.66125 3.99613 3.11809 2.88423 0.597671
2.23969 1.55759 4.07495 2.83663 0.595426
8.0552 0.559 0.476941 0.0365468 0.00208471
0.929434 2.54546 3.2664 3.79281 0.613945
3.01955 5.50295 0.0965761 1.14364 1.93942
3.43182 2.39447 0.374697 4.99715 3.65596
1.37004 0.674235 1.78957 7.32085 0.00011074
0.160278 0.0719994 6.54978 0.182935 3.60973
4.95092 2.3155 0.762709 2.89196 0.851467
0.00284633 0.699346 7.81775 1.05069 0.16488
6.61614 0.845615 5.14565 0.0277557 0.0106898
2.4008 0.853937 3.0715 3.78474 1.56964
2.67321 5.13222 0.194951 3.16803 0.675344
0.650093 0.0124189 7.84875 2.80984 0.118639
1.57304 1.20202 3.82405 1.94944 4.6081
0.000114841 3.64098e-06 0.00224802 7.22315 1.25
1.4225 2.2623 3.57244 3.28629 3.84485
2.89143 6.41009 0.110331 0.166015 1.34764
