3 0.0587627
1.55306e-16 1.92446e-46 2.83525e-28 1.87617e-76 5.47793e-97 1.22983e-29 1.24056e-20 2.53634
1.81063e-16 3.9827e-44 3.35381e-54 1.19371e-57 2.24362e-46 2.95698 4.42203e-37 1.01838e-46
1.86077e-16 2.26099e-65 2.30576e-46 2.30576e-46 3.03887 3.76559e-30 5.30401e-93 6.73389e-70
8.39972e-33 1.04084e-62 1.37178e-16 2.24028 2.77602e-30 4.01629e-23 6.56715e-62 2.77602e-30
1.47611e-16 6.08987e-34 2.41067 7.71004e-26 6.54753e-20 3.16717e-27 5.20499e-27 1.9066e-92
2.20297e-16 3.59772 4.45808e-30 2.89283e-31 1.83327e-42 4.146e-44 1.07157e-21 0
2.31461 0.00110759 7.35581e-63 3.05716e-65 3.91378e-31 2.86813e-30 2.17966e-51 8.96415e-38
2.35072 6.367e-33 0 2.91287e-30 1.68748e-48 2.61273e-37 2.91287e-30 2.91287e-30
1.88702e-16 9.21806e-67 3.82759e-49 1.52717e-98 1.34339e-23 2.55628e-33 3.08174 2.08682e-49
1.19804 3.28505 5.10319e-94 1.31091e-11 3.38848e-12 2.0746e-37 2.64553e-62 2.24334e-24
