7 0.170235
0.117742 0.660171 0.26699 4.67643 2.56085
0.118615 0.384604 0.948836 4.1887 2.31975
0.207619 0.877372 4.92264 1.68704 0.494575
0.207652 0.168522 0.920434 4.08384 1.84767
0.258509 1.2827 3.55793 3.30454 0.180307
0.259139 1.35278 5.03032 0.863426 0.513525
0.27301 0.150984 0.802851 3.93019 1.74151
0.281331 0.793055 0.306741 4.3589 0.77397
0.305837 0.441568 2.36446 2.01311 2.28851
0.337095 1.115 3.97242 2.56818 0.0465446
0.411346 1.03106 1.79108 4.18159 0.0697789
0.524655 0.195319 0.562791 5.68512 1.26587
0.585959 0.675765 4.29361 0.988682 0.0907637
0.624576 1.16414 0.72031 3.4715 0.374241
0.697096 4.03802 1.18207 0.930737 1.56468
0.852778 0.18445 0.471804 4.54571 0.0063775
0.858994 0.364267 0.186799 5.11115 0.0338666
0.860684 3.89746 1.47364 2.29903 1.26535
1.21183 0.437093 0.440345 3.28563 0.952613
1.44832 3.08587 1.16588 1.11474 1.85279
1.70712 4.43322 1.33098 1.71519 0.248057
2.97657 1.13231 1.27715 2.91587 0.179676
3.15046 0.644381 0.961977 1.65278 1.8895
3.35538 2.31246 0.778846 1.73632 0.501388
3.82841 2.17424 1.29012 1.81349 0.374564
0.00176005 0.000817222 0.00333061 0.000940067 4.23066
0.145872 0.410078 1.68729 3.18501 1.57419
0.158677 0.541956 2.08104 4.08901 0.17497
0.251842 0.702526 2.57362 2.20969 0.562946
0.347568 0.958032 0.57598 3.14573 1.41672
0.353588 0.733045 2.90528 0.66581 2.30426
0.382164 0.136055 1.81726 3.11517 0.0289026
0.404734 0.809623 0.443714 3.75368 2.43258
0.445756 1.05539 0.222879 4.01779 1.16078
0.658715 2.95529 3.40209 0.790398 0.525635
0.766078 1.04129 0.537012 2.18872 2.36336
0.83254 0.286837 0.260663 3.09453 2.79205
1.03867 0.407557 0.413974 3.13079 2.30233
1.32719 2.05035 1.13007 2.37561 1.13086
1.34759 2.76339 0.572376 2.43165 1.8386
1.44248 1.22851 0.454999 3.46462 0.774053
2.05566 0.920928 1.43208 1.74269 1.81842
3.64774 1.02021 1.2346 2.54297 0.960556
3.67524 1.37256 1.51188 1.8706 1.29368
3.6853 0.813633 1.06407 1.91463 1.50332
0.00106905 0.000830492 0.00520504 0.0140211 4.80573
0.0814135 0.3786 1.95532 3.46229 2.28119
0.126119 0.167984 1.00806 3.06319 2.22419
0.151605 0.229957 0.784618 4.2622 0.426991
0.158102 0.120265 0.854107 3.06449 2.35988
0.184995 0.190421 1.22594 4.45067 0.896125
0.19073 0.685827 2.11095 2.50631 1.76838
0.195817 0.214821 1.26357 3.42993 1.126
0.210144 0.0449917 0.807731 3.98952 2.4698
0.213898 0.832672 3.03561 1.72549 2.34349
0.232733 0.130725 1.19028 4.08173 0.710882
0.233418 0.353527 0.750495 5.68725 0.753753
0.241038 0.831205 0.899252 2.5363 2.16683
0.242855 0.236033 0.55968 2.87285 2.51771
0.278459 0.246115 1.07619 2.8502 2.8319
0.299831 0.630167 0.674429 4.2025 0.0708313
0.326239 0.321086 1.93109 2.39443 2.02039
0.342635 0.245059 0.883332 3.58355 0.211287
0.345008 0.23903 0.578132 3.42502 2.28633
0.378335 0.10865 0.724365 4.75728 1.56439
0.42193 0.536255 0.290355 3.82518 2.41954
0.427638 0.169479 0.680806 2.12151 2.80071
0.430331 0.190073 1.56684 3.91171 0.0644675
0.476267 0.381176 0.398315 3.61093 1.85737
0.497726 1.56548 0.979516 3.95495 0.0605392
0.502527 0.223046 0.759302 4.22599 0.753438
0.509379 0.254254 0.350775 3.17731 2.39795
0.515641 0.541946 2.4594 2.88132 0.772786
0.627231 3.17163 1.77188 1.74553 1.04734
0.649382 0.230594 0.434349 5.0956 0.440546
0.68759 0.407781 0.229769 3.47982 1.20944
0.751984 0.490074 3.25049 1.03538 0.51475
0.833435 0.380466 0.633319 2.46968 1.06282
0.883675 1.71641 1.23615 2.09998 1.69251
1.03801 1.06524 3.01668 2.41902 0.0329314
1.28608 2.50217 1.6142 3.05185 0.198506
1.48633 4.16603 2.37912 0.781178 0.663212
1.77901 2.48622 1.60485 1.50488 1.16
1.83277 2.22501 1.89895 1.82569 0.227793
1.9901 2.49089 0.628558 2.80446 0.198877
2.09954 1.16784 0.728341 2.46027 1.72169
2.52404 1.66826 2.54618 1.12701 0.0684865
2.70752 0.779851 1.5553 2.29683 1.60161
2.98765 2.76729 1.28339 0.987618 0.353235
0.0823541 0.145563 0.801547 3.56759 2.64903
0.121402 0.445951 0.933627 3.35208 1.92186
0.130521 0.229093 1.03133 3.39617 1.7579
0.280976 0.344343 2.18798 3.05373 1.32684
0.355219 0.165412 0.837634 3.21063 0.517326
0.473825 0.0974343 2.76483 2.91862 2.78044
0.506622 0.38172 0.635475 5.08105 1.63226
0.562817 0.376827 2.70346 1.82552 0.170535
0.579518 0.191329 0.52474 3.88248 0.629199
0.688716 0.506567 3.13285 0.724755 1.3203
0.716737 0.225809 0.3748 2.87821 2.40234
0.815408 0.763354 0.21917 4.14981 1.20246
0.901403 0.464883 1.49751 3.31521 0.239123
0.970981 0.284858 1.43451 3.03417 0.58566
1.04505 2.83332 1.60303 2.28629 0.0480633
1.16037 1.73176 1.24766 1.35703 2.36918
1.25663 0.287714 1.07065 1.9617 2.52458
1.8684 3.55924 0.781677 1.08246 0.945381
2.07916 2.23614 0.997301 0.75788 1.75729
2.51411 0.676097 0.957911 2.3506 1.51763
2.64949 1.24907 0.850365 0.8554 1.60744
3.1239 1.51658 0.838336 1.10927 1.15896
3.92504 0.940469 0.908667 1.84664 1.90805
0.00120889 0.00161446 0.00277686 0.00199341 4.08519
0.159658 0.257272 0.770694 1.09923 2.66819
0.161987 0.30389 1.19825 3.51187 0.1677
0.171933 0.161884 1.17547 3.72152 1.12381
0.254067 0.104302 0.946787 3.44595 0.790492
0.282679 0.170803 0.711448 3.03805 0.904511
0.285241 0.891828 0.659176 3.61571 0.444277
0.310006 0.726069 2.47006 1.79138 0.41738
0.310282 0.353032 2.37581 2.84131 1.57726
0.333542 0.386045 0.614485 2.54995 2.74722
0.367369 0.102141 0.752884 4.15318 1.57058
0.386778 0.285141 0.510127 2.83421 2.31795
0.393512 0.980739 2.71459 2.78088 0.225102
0.43246 0.30886 0.46942 2.65936 2.55803
0.432686 0.378391 1.26019 3.0118 1.70866
0.443807 0.44625 0.451051 3.20171 1.90415
0.451268 0.126496 0.763199 2.84691 1.9801
0.496973 0.539156 1.8861 0.814555 1.82001
0.499059 0.121309 0.737419 2.02432 2.55135
0.501642 0.16387 0.706845 3.47383 2.55613
0.520788 0.22396 1.33201 1.93909 2.41204
0.525111 0.343147 0.383926 3.89188 1.77359
0.536546 0.114009 0.61452 3.73153 0.70138
0.555938 0.43657 0.197777 2.8069 2.63664
0.5603 0.425942 0.253122 2.83227 1.18009
0.565678 0.282132 0.369875 3.20605 1.779
0.566517 0.262878 0.300187 4.06572 2.36464
0.592007 0.38738 0.69748 3.15678 2.26942
0.609542 0.304681 0.775225 2.08379 1.80616
0.62283 0.17632 0.784594 2.96391 0.646074
0.63101 0.3264 0.571233 1.26667 2.53255
0.639604 0.181785 1.93298 2.85591 1.04009
0.641005 0.344827 0.552234 3.03413 0.842205
0.65197 0.163195 0.570793 3.79662 2.0315
0.652857 0.181377 0.457421 2.79707 2.34395
0.906542 0.416464 0.333532 3.87187 0.154693
0.907826 0.21408 0.198555 3.78352 0.175039
0.935502 0.754593 1.72098 2.79633 0.109916
0.985244 0.909411 0.508504 3.36413 0.863945
1.12148 1.67797 0.442324 3.77926 0.0790672
1.14867 0.322606 2.5986 2.06641 1.34321
1.15875 0.345344 0.398177 2.68572 1.10442
1.22685 0.859624 1.61242 2.15263 1.48635
1.27161 0.491639 1.41416 3.34169 0.370027
1.3144 0.593977 1.05392 1.8898 2.515
1.36135 0.357618 1.50728 0.670414 2.68586
1.44126 0.365063 1.18055 1.24424 2.54413
1.45683 1.71555 1.50871 2.56953 0.690602
1.49783 0.62456 0.347384 3.42977 0.768901
1.54647 1.36359 0.884866 2.79323 0.392776
1.56709 0.664272 1.1887 2.62627 0.450321
1.89801 1.33376 0.792434 2.19637 0.240393
2.11691 0.747541 1.15759 2.42763 1.32949
2.25685 1.3908 1.96031 1.12185 0.0691638
2.37745 1.50448 2.34559 0.938454 0.42622
2.40543 1.22929 0.947799 0.75318 2.55574
0.0888618 0.146275 0.884505 3.20242 2.79124
0.147598 0.492173 1.50769 1.07487 2.44951
0.170454 0.405302 1.94746 1.37515 2.62552
0.183411 0.611357 1.82843 1.41523 2.41311
0.270376 0.55476 2.1262 1.05739 2.57732
0.274395 0.529879 2.12536 1.6494 1.49514
0.276665 0.0856601 0.942637 3.43888 0.716869
0.287042 0.521578 1.53995 0.667944 2.06619
0.293639 0.358717 1.6817 2.41326 1.13418
0.330567 0.108383 0.930697 3.27334 0.383755
0.333538 0.48568 1.65342 1.16212 2.60099
0.335834 0.558521 2.56185 1.39025 1.45208
0.339879 1.09419 2.12626 0.794504 1.39686
0.35429 1.01862 2.52108 1.10694 0.276584
0.357934 0.43365 2.24206 1.16093 2.21923
0.359637 0.628251 2.38979 1.46923 1.99614
0.373371 0.727834 2.18507 1.20583 1.9413
0.407478 0.479951 2.71563 0.677535 2.17481
0.409839 0.533112 2.49114 2.28855 0.570088
0.424064 0.456047 1.76078 1.8985 1.48761
0.436749 0.623664 1.35266 1.10174 2.45437
0.43989 0.31176 2.44358 2.04479 1.68141
0.440409 0.153975 0.891623 3.64892 0.0833657
0.444473 0.699363 2.36613 1.19516 1.94671
0.471881 0.188889 1.18549 2.57091 0.820675
0.519602 0.194132 1.98506 2.7024 0.094692
0.523615 0.549807 1.63723 0.611079 2.418
0.532337 0.60796 1.74276 1.36209 1.97061
0.540758 0.449232 2.74562 1.22609 0.877738
0.540992 0.380503 2.02906 1.16902 1.84781
0.566441 0.412636 1.76743 0.774136 1.9784
0.571466 0.639789 3.43756 0.829434 0.229366
0.581477 0.420201 0.332791 1.70835 2.71869
0.589361 1.32715 1.48917 0.740748 2.41669
0.624983 0.285377 2.35224 2.53158 0.00261262
0.629599 0.416024 0.674849 3.3814 1.07527
0.640145 1.13108 2.47362 1.04255 0.679582
0.652835 0.687846 2.46883 0.599042 2.50908
0.705874 1.03129 2.36503 2.41727 0.220571
0.713444 1.52321 1.66338 1.55512 1.44123
0.713962 0.3336 1.49512 3.25067 0.506854
0.740238 0.227174 1.87774 0.560834 2.69743
0.744544 0.814946 2.81447 1.31724 0.650774
0.770292 0.91967 2.14226 0.629866 1.89816
0.784 1.34446 1.38477 2.36443 1.72165
0.80015 0.478035 2.54154 1.25679 0.67746
0.802792 1.04325 1.53907 0.967382 2.10702
0.807313 0.365195 1.88946 2.4034 0.153557
0.893114 0.487724 1.35954 1.92481 1.76219
1.03919 0.723375 0.665709 3.02505 0.383574
1.17454 0.814689 1.62951 4.37276 0.0300211
1.21942 1.2171 2.34755 0.710139 1.8561
1.35804 1.72486 1.23572 0.701715 1.64734
1.38739 0.849401 1.26987 2.93624 0.00898878
1.43236 0.718452 2.42754 1.51446 0.141403
1.69267 0.932247 1.35785 1.89697 1.52395
0.228362 0.697345 2.56801 1.02727 0.784292
0.314459 0.647599 2.99477 1.17169 0.595897
0.378591 0.783077 3.2853 0.848102 0.0761017
0.379624 0.117756 1.49105 2.30197 1.33829
0.396488 0.314024 1.70481 0.841789 2.18997
0.411149 0.339648 1.3629 1.2302 2.28823
0.416962 0.986417 0.26925 4.21587 1.78888
0.439432 0.164419 1.73819 1.04113 2.69115
0.469388 0.813698 2.03042 1.39884 0.467512
0.474589 0.424733 0.270732 3.72384 2.84411
0.482188 0.314095 1.83394 1.8263 1.67572
0.497081 0.347568 0.219078 2.79152 2.44404
0.514081 0.403485 2.38293 1.16102 1.51797
0.514439 0.360381 2.50835 1.86662 0.443795
0.566382 0.212164 2.07997 0.667117 2.1617
0.578892 0.440237 2.99003 0.693362 2.01262
0.581437 0.500958 2.52402 1.69868 1.49261
0.582579 0.511115 2.13244 1.0365 1.0798
0.590506 0.287047 1.62573 1.38078 2.44182
0.60071 0.474357 3.01202 1.14557 1.51349
0.601475 0.484728 2.0669 1.0804 1.26014
0.605288 0.171172 0.533786 3.67376 1.81122
0.607167 0.380128 1.66116 2.11523 0.555723
0.614695 0.334577 1.38166 1.33995 2.09201
0.615188 0.350388 1.88148 0.98963 0.936538
0.61749 0.499995 0.55579 3.71085 1.08136
0.623322 0.383339 1.66848 0.721118 1.75693
0.633766 0.318292 2.26091 2.25032 1.15227
0.647597 0.209361 1.67634 1.29455 1.97801
0.654243 0.344044 0.151746 3.17034 2.28889
0.664257 0.373161 1.197 1.85628 2.20899
0.664428 0.373867 0.252827 3.7634 0.630731
0.674828 0.169843 0.261839 3.41581 1.66915
0.676733 0.172226 3.48801 1.40467 1.52033
0.681447 0.559379 1.77692 0.540285 2.26175
0.70474 0.790732 3.01101 0.806567 0.253621
0.709466 0.347965 1.74822 1.79053 1.60352
0.709555 0.278289 0.257739 3.62993 1.2927
0.72661 0.923243 1.78355 0.724385 1.20979
0.735724 0.372633 2.05073 1.53828 0.880045
0.747784 0.275799 1.36477 0.8761 2.37632
0.749024 0.632799 1.21057 0.899615 2.51903
0.752225 0.360988 3.24315 1.40494 0.774956
0.752754 0.202318 3.06523 1.07403 0.0104835
0.763195 0.339537 2.60748 0.88576 0.241747
0.77394 0.328719 0.161246 4.49568 0.876035
0.782369 0.310134 2.82512 0.721527 1.65261
0.78671 1.14508 2.51568 1.2988 0.155551
0.787666 1.0093 2.53241 0.745096 1.10507
0.813877 0.436324 2.40836 1.70536 0.730188
0.836898 0.211197 2.51788 1.83627 1.60857
0.846995 0.402282 2.08932 2.04818 0.858332
0.861482 0.206051 2.15401 2.09573 1.23867
0.868407 0.306436 2.694 2.25258 0.420366
0.870408 0.304202 3.11388 0.910833 0.287142
0.879499 0.238717 1.32575 1.32216 2.1135
0.896704 1.04879 0.684232 2.58301 0.590425
0.900369 0.509339 2.74855 1.87154 0.0950828
0.904512 0.286401 2.18155 0.721171 2.01734
0.919616 0.978056 3.01161 0.788709 0.782844
0.979978 0.314353 1.99218 1.23548 1.48869
1.02653 0.256953 3.0399 0.958338 1.9954
1.07026 0.883219 2.10161 1.82837 0.335123
1.11694 0.299083 3.63477 1.02997 0.242124
1.13631 0.283167 3.41441 0.703804 1.9709
1.25941 0.392374 1.97906 0.540563 2.67896
1.25965 0.310782 2.03102 0.94533 2.24407
1.32506 0.444121 0.331157 3.50525 0.510687
1.38407 0.918562 2.1015 0.897303 0.699445
1.40401 0.356449 0.625066 3.02892 0.305429
1.45739 0.577346 2.12042 0.779665 1.39452
1.46553 0.779456 2.54108 2.08032 0.00144976
1.47659 0.50705 0.480143 3.46859 0.857456
1.47805 0.488957 1.98627 1.52373 0.195555
1.53928 0.436108 0.766051 2.32392 2.13086
1.59358 1.67134 1.72223 0.904572 1.52884
1.78249 0.759006 0.854472 2.37904 1.44652
1.80002 0.453243 2.69173 0.86379 0.298276
1.81692 0.637592 2.26069 1.26305 0.845121
1.86284 0.908987 2.75212 1.17314 0.222396
1.96821 0.734524 0.573611 3.37523 0.294084
2.05023 1.57714 1.74205 1.10665 0.343824
2.18472 0.683742 1.89376 1.15297 0.734639
2.32992 0.768257 1.53388 2.89671 0.437166
2.58444 1.68811 2.08919 0.913634 0.640807
0.0017201 0.00308444 0.00840855 0.011624 3.11918
0.0170552 0.0108468 0.0319743 0.00859473 3.9365
0.0243391 0.0473139 0.14184 0.0798776 3.07125
0.0485772 0.0413013 0.128186 0.133606 2.84425
0.361491 0.724986 1.37233 1.7364 2.55185
0.428147 0.43192 1.8469 0.550962 2.64567
0.453454 0.477397 0.825151 0.710878 2.6912
0.480229 0.20395 1.93419 1.07628 2.50595
0.598227 0.638045 1.64061 1.6041 2.03614
0.702435 0.262483 0.271678 3.59027 0.164626
0.741054 0.498043 0.838378 0.465831 2.68796
1.1116 0.607774 1.9205 2.38025 0.16407
1.36021 1.24837 0.746776 0.877477 2.2332
1.47537 0.464528 1.45158 0.611864 1.93698
2.03692 0.417513 3.05794 0.771839 1.50948
