167 2.47579
5.65274 1.28026 2.72956 0.849766 1.20148 1.85765 0.87464 0.586692
1.19609 7.31294 0.746116 0.743098 0.913204 0.750245 2.35279 0.337695
0.380463 1.07589 6.97405 1.23434 0.794221 0.780153 1.62984 0.632333
0.135189 0.729628 0.0690224 0.0700893 0.194838 8.16327 2.12352 0.0461497
0.121345 0.133834 0.886579 0.311539 3.39096 2.09629 1.98503 5.20107e-14
0.0677153 0.258995 1.51927 4.89743 2.43188 0.860183 1.25845 1.0014
0.066171 0.0121467 0.435255 0.602718 7.18563 2.74829 1.43771 2.14916
0.0152962 0.00473677 0.166874 0.55786 0.0840865 0.532192 8.55624 0.0052239
1.36464e-14 6.62233e-15 1.75503e-14 2.30497e-14 1.7879e-13 3.99337e-13 1.24553e-13 5.31758
6.24677e-15 2.69264e-14 7.35123e-15 1.30876e-13 8.84008e-13 3.15553e-13 3.49328e-13 5.22902
5.22444e-15 1.86657e-15 2.63695e-15 5.45164e-14 3.72254e-13 7.0804e-13 6.41385e-12 7.00899
1.05661e-14 1.53573e-14 4.05392e-14 1.46e-13 1.01785e-12 5.35817e-12 4.68744e-12 5.32439
0.105722 0.906659 5.8828 2.90361 0.847019 0.799657 0.851649 0.00184579
1.52001 0.238545 6.93731 1.23824 0.890782 0.846439 0.846773 0.00653847
0.735432 6.70318 0.868865 1.92905 0.778679 1.11373 0.855823 0.14218
5.0515 2.76814 0.735835 3.1857 2.08752 0.993479 0.879735 0.0333917
3.97447 1.88819 3.3322 0.828935 0.830807 1.29267 0.767592 1.19499
8.86958e-13 1.37862e-12 2.44819e-12 3.8838e-12 4.30599e-12 6.99163e-12 1.12519e-11 3.19947
4.44893 0.915365 1.79976 0.917725 0.746007 1.25139 0.781154 1.07957
0.0355432 0.0828307 0.18708 0.724992 6.48013 2.04249 1.46823 0.360606
1.11001 2.94995 1.14182 4.5079 2.15585 0.806228 0.922929 1.09841
4.61936 3.30972 1.04782 1.81963 0.782514 0.868703 0.798186 1.11155
0.995901 0.832293 2.62161 4.06713 3.14666 0.751764 1.84911 0.111422
0.193407 0.430693 3.55422 4.60897 4.38112 1.11011 0.801108 0.250249
9.18105e-12 5.00702e-12 9.46035e-12 2.62522e-11 9.39018e-11 1.06065e-10 1.23418e-10 2.57214
4.94997 2.74371 1.01378 0.743515 1.05012 1.56016 1.20241 0.0348197
0.408702 0.543823 1.55974 3.75705 1.07456 1.06514 2.34948 0.0358348
0.934933 6.25279 0.923654 0.941108 0.715577 2.80228 0.831829 0.00342247
3.79569 2.65254 1.64396 0.594822 1.49004 4.79233 0.787317 0.00444507
1.21881 4.95587 4.73 1.10631 1.51497 0.94468 1.12845 6.84652e-07
0.0329916 0.00491666 0.323937 0.100543 0.702034 7.67952 0.848577 0.0301447
1.61037 5.40958 1.41278 0.675387 3.04394 1.13044 1.06974 0.483539
2.99872 6.13843 0.853219 1.46633 1.85628 0.776849 0.999803 0.199131
3.64463 4.13529 3.9409 0.808573 0.693761 3.54311 0.784218 0.000273396
0.572182 2.34985 5.27995 1.33058 1.32573 0.919759 0.867444 0.0938786
0.341814 3.0294 5.69011 2.10224 0.781034 0.882957 1.38576 0.106305
1.24899 0.320349 0.660074 3.52802 0.825957 0.769505 2.51895 0.144575
3.56795 2.96578 3.16329 0.665905 0.960239 3.2705 0.810643 0.184293
2.49891 2.03071 3.50175 1.09422 0.515575 5.58097 0.784155 0.000804799
0.0577467 0.0121363 0.397842 3.34487 6.41429 0.748717 2.27925 0.00227281
1.64391e-13 3.36718e-13 3.1712e-13 8.75446e-13 5.54139e-12 8.82694e-12 6.91775e-12 4.3988
0.574195 0.20902 5.55173 1.66125 4.09672 0.776659 0.98972 0.0110396
3.3939 2.06561 3.59563 0.765554 2.33892 1.67137 0.855905 0.000210987
1.51999 4.77756 3.57083 0.724802 1.1745 3.15262 1.50607 0.609979
5.76409e-13 3.0102e-13 1.29431e-12 5.99782e-12 1.33406e-11 3.77269e-11 4.41378e-11 3.81881
3.47661e-13 3.39671e-13 1.26566e-12 2.06043e-12 9.05727e-12 9.23598e-12 1.3147e-11 3.47341
1.27341 2.36443 3.66353 3.12196 0.894971 0.789056 0.932082 0.497563
0.294723 0.991709 5.38896 2.89098 0.787214 0.778681 1.46461 0.037924
7.14282e-13 4.27785e-13 1.02794e-12 6.87308e-12 3.64954e-11 2.23185e-11 6.02029e-11 4.15483
0.792701 5.90888 1.31974 0.94496 0.770115 0.941479 0.889633 0.355452
0.588328 0.249766 5.03374 1.81025 2.88884 0.769829 1.18268 0.0124473
0.739836 5.60711 1.63303 0.723305 2.40888 1.89451 0.882081 8.5349e-10
5.81033e-13 2.26932e-13 7.30101e-13 4.25654e-12 2.08452e-11 7.75992e-11 1.17055e-10 3.83407
0.640774 0.269493 4.94906 0.8359 0.791807 1.72455 1.56873 0.0011608
0.667055 0.779438 0.174881 3.8952 0.845035 1.95343 1.18674 0.525579
0.00574058 0.0582185 0.104767 0.97358 0.688481 0.367087 7.96147 0.543946
0.00358969 0.00109414 0.0363589 0.016587 0.319994 0.74658 8.29551 0.434452
2.85608 4.24824 1.0006 2.53296 1.827 0.773669 1.16201 0.182557
0.184639 0.0446863 1.58967 0.609492 6.20651 1.33255 0.785031 0.29354
5.37849e-14 2.16466e-14 1.15557e-13 1.35068e-13 9.33688e-13 1.44278e-12 3.77245e-12 5.01262
0.00122602 0.00226608 0.0166822 0.0221029 0.272027 0.816937 8.20072 0.0115827
1.23475 5.20086 0.862568 1.29408 1.1988 0.780086 1.1267 0.0164877
0.827464 1.01615 3.03882 4.52359 0.770121 0.726969 2.29289 0.118913
3.11532 2.31736 0.669959 2.48932 0.832413 0.9817 1.03089 0.187573
2.34014 1.01065 0.538488 2.14614 2.04952 2.61518 0.775431 1.13832
1.37874 5.67585 0.6721 0.670601 2.60109 0.757091 2.48268 0.812972
1.71256 3.79246 3.84409 0.687392 3.43503 0.785076 1.04848 1.57938e-10
3.28735 0.387657 0.351994 0.34133 0.342766 6.87809 0.789432 0.0292991
0.0262422 0.0343322 0.0484396 0.0736589 0.0853977 0.107982 0.284856 1.91912
4.67985e-12 1.38648e-12 2.43434e-12 1.4834e-11 6.80818e-11 1.4694e-10 1.47151e-10 3.4614
2.58413e-13 1.37309e-13 4.60157e-13 1.56959e-12 9.47403e-12 3.71869e-11 4.49722e-11 4.58276
0.0861606 0.036959 0.808065 0.119529 0.156202 0.0824894 7.81774 1.84686
2.17668 0.512536 0.867319 0.673879 0.327751 5.41015 0.792545 0.182024
2.95419 0.459031 0.354159 0.343776 0.346612 6.14468 0.799839 0.472552
0.770756 4.65983 1.6825 1.7801 0.742762 1.55169 1.1424 0.00704707
1.66892 1.73049 0.591215 4.05505 0.61448 3.76047 0.79515 0.631251
1.03466 4.45276 3.32611 1.49251 0.939569 1.45187 0.871757 0.390548
0.951323 3.69042 1.0029 1.22583 1.14438 4.26255 0.812263 0.0286914
1.12821 4.02303 2.33582 0.943938 1.31978 1.50475 0.802114 0.44707
3.01973 2.49045 1.79202 1.81024 1.10608 0.891524 1.07589 0.0137236
2.25189 4.26225 0.815165 0.684893 1.26639 2.42054 1.17012 0.0508365
0.420656 0.45014 3.57151 3.04293 3.11726 0.789507 1.67008 0.651765
0.219789 1.59653 3.60527 2.91962 1.028 1.06877 2.58568 0.00130229
1.54751 2.22519 1.61968 2.55824 1.21115 2.16163 1.28171 0.311517
0.472024 0.160404 0.390822 0.119443 4.64611 2.823 0.751471 1.61992
3.21527 1.95486 1.87246 1.93995 1.04446 1.58426 0.795431 0.0472919
0.0671598 0.0288388 0.735902 0.451487 0.745686 0.112207 7.72377 2.01937
1.20708 5.14696 2.77993 1.05535 4.05595 3.01813 0.784238 2.78012e-05
2.53129 0.735406 4.52512 1.06814 2.49986 0.885505 1.83022 0.0080555
0.131468 0.0147713 0.611363 0.366402 6.16333 1.018 3.30665 0.0944427
0.307176 0.75285 2.3787 1.83852 0.493931 5.47634 0.820866 0.00612403
2.79341 1.41833 3.29358 2.44837 2.26426 1.13269 1.26281 0.330464
4.37443e-13 9.23123e-14 5.16525e-13 3.55044e-12 1.79242e-11 8.36016e-11 1.92309e-11 4.1812
0.111946 0.0143247 0.654165 0.342767 6.04475 1.17449 1.53559 0.29141
0.679545 0.191616 0.236033 1.29883 0.290159 5.73618 1.91532 0.4035
0.509353 0.231517 4.26535 1.71216 3.80517 0.776986 0.878041 0.0920197
1.88647 2.20147 0.659302 2.78895 0.719828 3.7673 0.823518 0.269959
1.14343 3.20094 2.82389 1.73611 0.923687 1.12121 2.16391 0.415671
2.6741 2.31726 2.62387 0.808714 1.59018 0.795964 0.894384 0.308976
0.0118401 0.00858122 0.0172259 0.0414447 0.038763 0.0477106 0.123819 2.29721
0.337371 0.0492833 1.56296 1.12925 0.36142 4.68147 2.11629 0.168879
3.18158 0.854469 2.257 2.53671 0.745281 0.921637 1.59095 0.692201
2.78694 1.68026 3.37298 1.4001 2.79922 0.806496 1.17701 0.554666
0.0766661 0.580438 1.76628 0.282647 5.60478 1.0937 0.786091 0.0317495
0.644461 1.02685 3.89099 3.2122 3.38426 0.822106 0.828108 0.611198
1.08497 4.21562 0.564243 2.63857 3.56572 1.59787 1.19892 1.55858e-08
2.3968 2.34568 0.875355 1.29973 1.17041 1.97633 0.800518 0.100923
1.13502 0.340878 0.349982 0.234879 0.14802 0.135751 7.16943 1.29864
1.02901 3.13119 0.752372 3.36075 2.60697 0.774957 2.07605 1.04395
0.231315 0.473168 1.21846 2.59683 3.48399 1.34336 1.43725 3.79747e-09
2.11628 2.49414 4.06553 0.906164 0.756668 2.06838 0.792587 0.0779365
0.000306826 0.000380125 0.00113216 0.000945741 0.00145007 0.00222102 0.00453456 2.48691
0.740688 2.15903 1.75045 2.36139 1.06325 0.904881 1.84448 0.148198
2.00959 0.357499 2.13312 1.16977 2.29667 2.3085 1.46611 0.308863
0.0998509 0.0349459 0.420661 2.73665 5.36083 0.773906 1.37877 0.00324422
0.101275 0.0138095 0.610996 0.439563 5.94667 0.908337 1.20653 0.04787
0.962681 0.329275 1.4727 2.39617 3.73839 1.12124 0.768011 1.2105
0.288401 0.328251 0.529678 0.247405 0.135927 0.301639 6.57785 0.337632
3.42274e-14 9.93908e-15 7.72408e-14 9.76325e-14 5.83324e-13 2.34742e-12 1.27202e-12 4.83528
1.67213 0.307349 0.913794 3.01701 0.932777 2.45282 1.5545 0.441896
0.703612 2.61425 2.9587 1.04132 1.3626 0.664468 3.99574 9.98283e-06
1.63456 1.36803 3.48313 0.88949 0.785431 1.17557 2.32482 0.122659
6.14639e-14 2.0761e-14 9.69221e-14 2.79047e-13 1.21221e-12 2.20573e-12 1.58422e-12 5.13982
0.531788 0.411614 2.5804 1.55062 2.70482 1.24156 0.911421 0.716363
1.68115 1.57364 2.85493 2.11419 0.656842 1.062 3.58571 0.0362128
0.68452 0.672359 0.291555 3.95476 0.637082 2.83496 0.787991 0.771749
2.51449e-13 4.54399e-14 2.26441e-13 2.01054e-12 9.30288e-12 1.77061e-11 3.74183e-12 4.67623
0.100688 0.798896 0.968172 0.528816 5.67065 0.837674 2.22636 0.0328526
1.06174 4.5486 2.2608 0.614623 4.0469 1.26444 0.855844 8.49151e-10
1.44774 1.37762 0.996343 1.00594 0.358601 0.402655 5.87745 5.01662e-06
0.18431 0.0223761 0.59484 0.124889 0.449004 7.00678 0.900876 0.677482
1.29746 0.18378 1.51407 1.77261 0.462534 4.86574 1.82277 0.00705679
0.546344 2.85514 3.43477 0.952579 1.22838 3.82653 1.99445 0.0644361
1.01143 1.85589 4.47802 1.22887 1.27909 1.08401 0.910428 0.092096
1.06044 5.08218 0.734902 0.664187 2.85334 1.16921 1.06334 0.59397
0.0447091 0.274888 1.1544 0.277302 2.21352 2.66448 5.26147 0.0106543
0.040841 0.0565277 0.0778914 0.0383701 0.598759 4.37198 3.26508 1.73
0.561025 3.91556 1.51434 2.15378 0.840522 1.36761 3.17201 4.18693e-09
1.41275 0.485996 1.30707 3.43173 2.43312 1.15626 0.782812 0.565418
0.0285114 0.00459248 0.176665 1.19335 1.05084 2.92435 3.70014 1.80551
0.106779 0.116431 0.185487 0.24403 0.577987 0.583966 0.408612 1.87222
1.33875 1.11629 0.211123 0.733775 0.228116 6.21313 0.924721 0.456968
2.63989 2.5872 1.5356 0.634201 1.15324 3.39677 0.808273 0.26727
0.061088 0.038862 0.511186 0.224641 0.298493 0.602723 5.40285 1.45185
1.09726 2.9824 2.66924 0.929484 0.82269 1.81929 1.50252 0.0335194
0.00400295 0.000638092 0.00874164 0.0315327 0.125577 0.778379 4.66243 2.4081
0.0765317 0.536755 3.64486 0.534695 4.00365 2.38844 0.78376 0.26018
2.24155 1.22272 2.82958 0.640082 2.44262 0.683447 2.47505 0.83853
1.40152 0.328364 3.61972 2.07398 3.76457 0.721511 2.74191 0.00348387
2.04143 2.87514 4.37653 0.84304 0.724452 2.85722 1.40257 0.0499481
0.988356 0.197746 0.869104 3.2903 1.11775 0.619225 3.27617 0.149811
0.603813 0.381242 1.75815 2.69581 0.605404 2.40353 4.62544 4.26299e-10
0.900531 1.11815 3.08091 2.19727 1.4439 2.19363 1.45405 1.68133e-08
0.00387145 0.0260621 0.150997 0.0358262 0.0369753 1.2008 5.3611 2.23278
0.521725 0.431932 1.28781 3.18147 5.26576 0.744231 1.81685 1.09206
0.605224 3.83517 0.939583 2.05841 1.65191 2.51133 0.782724 0.0169574
0.236432 0.197679 1.08808 0.680765 0.202487 6.08046 1.73665 0.124695
0.0863835 0.141158 0.0843535 0.114127 0.971721 6.60263 0.851514 0.553993
3.34673 4.57748 0.713132 2.00938 3.13157 0.775906 0.983318 0.117626
0.633528 2.8777 4.2289 0.964558 1.85149 2.34867 1.00414 0.172814
1.15504 0.95259 0.232717 2.81087 1.62333 1.47016 3.32937 0.161355
0.25565 0.22834 0.0805119 1.02292 0.317402 3.11428 1.88717 1.75781
0.520139 0.391337 1.2425 0.307836 0.460015 6.29481 2.45092 0.0273736
0.0511096 0.211936 1.35344 0.426605 0.173273 1.12376 6.34866 0.000173726
1.49961 3.44997 3.2456 0.552373 5.13437 0.781075 1.05867 9.73941e-12
0.543235 0.690093 0.262491 0.361335 2.9818 5.15138 1.08545 0.00706036
0.76211 5.80016 2.34687 0.773577 1.15139 1.48306 0.784112 4.03258e-10
0.0225023 0.172427 0.625296 0.246652 0.131297 1.584 6.16273 0.000507582
0.513444 0.662549 1.99706 0.219683 0.475725 7.41063 0.822431 0.0276034
2.41455 2.2898 2.05225 0.650996 2.68178 2.02511 1.12516 0.000182799
0.0202487 0.157353 0.753073 0.257559 0.277095 5.78945 1.79899 1.32776
1.34283 1.34724 1.20592 0.637628 1.13202 4.29521 3.14703 0.00105883
0.208051 0.309867 1.1848 0.329163 1.54125 5.21428 2.54564 0.0225749
0.867851 0.400055 0.763507 0.194041 4.58465 0.781733 1.69864 0.479575
0.179666 0.730595 0.0967841 0.223711 0.546181 0.175886 7.33872 0.908084
0.0460884 0.207116 1.06464 2.67192 3.7044 1.40155 0.817731 1.23977
0.125502 0.222018 1.24855 0.179269 0.726935 1.76176 6.2278 0.00082106
0.174382 0.850798 4.17458 0.75897 1.71396 2.30944 2.63646 9.86712e-10
0.351498 0.749719 4.68798 0.544488 0.570117 2.55962 4.28085 0.00026472
0.123213 0.145729 0.295416 0.481276 0.100275 0.436269 4.41408 1.49735
0.667905 0.895187 0.892053 0.234502 0.238991 6.69054 0.784883 2.08402e-05
1.06573 3.79001 3.71744 2.05716 0.889029 1.00592 1.92431 0.0730725
0.41836 2.39957 1.16976 3.45056 1.99665 1.7645 1.29895 0.0306969
1.53682 3.12355 1.89062 0.628455 0.508983 4.75097 0.783765 0.00223957
0.489256 2.90305 1.79925 0.895214 3.34743 0.927448 1.70866 1.10117
1.31292 3.41999 0.635146 0.577925 2.38545 2.19394 1.03999 0.525741
0.046837 0.117828 0.476939 0.0491541 5.04035 6.18047 0.78307 0.427789
0.526065 2.46342 1.3051 2.32423 1.31073 4.15044 1.10108 0.019619
2.75051 0.752226 0.664264 0.510338 0.672238 1.93402 2.7788 0.0403842
0.912955 3.59268 2.28812 1.96091 1.0611 0.725671 2.40265 0.412986
1.07839 4.13423 2.06803 2.10094 1.75347 1.09164 0.844259 0.0194479
0.240705 0.480909 1.81025 0.489633 0.355278 3.51594 3.55533 0.0424
0.0154416 0.00900679 0.122284 0.0505252 0.0526521 0.849828 6.03872 0.00123466
0.0426415 0.165773 0.661634 0.090345 5.4357 3.60097 0.918006 0.64981
0.121358 0.0138395 0.546906 0.110255 0.920857 7.33808 1.62184 0.313738
0.436596 0.346786 1.90792 1.3449 1.28474 2.43447 2.81238 0.59843
0.436434 2.52367 3.70083 1.6758 0.776021 1.05251 1.30454 0.226029
0.564903 0.15186 5.00801 1.31485 4.32351 0.779262 0.797084 0.0996433
0.580577 0.508135 3.7033 0.488044 0.518481 4.57941 1.29897 0.0681014
0.0582299 0.123697 0.0438031 0.770583 0.431216 0.13777 4.93746 2.10569
0.843312 1.63266 2.29089 1.50044 1.29384 3.03551 1.23562 1.80314e-10
0.792832 5.00572 2.36122 0.745878 1.41014 1.94064 0.91384 8.62477e-10
0.14264 0.958747 4.39315 2.00707 2.2167 1.49101 0.840906 0.373422
0.0834929 0.627087 4.0786 1.89633 1.66243 2.97916 1.71466 0.00153865
0.324492 0.454775 2.09216 0.33976 1.95625 3.99367 1.12213 0.1849
0.170334 0.873214 2.3638 3.93331 1.27287 1.31248 1.86505 0.0326282
0.127031 0.0383649 0.401418 0.906736 5.52837 0.784569 1.58093 0.307524
0.222085 1.86838 2.92266 0.505774 5.78133 0.829095 0.870347 0.747316
0.2976 1.50711 2.80202 0.550038 3.97152 0.777656 2.39356 0.385669
0.0944788 0.0760542 0.114653 0.185031 0.25851 0.403186 0.537791 1.53396
0.432604 0.196093 0.969775 1.1987 2.23117 3.87359 1.3498 0.0654914
0.75622 1.65203 1.31843 0.418955 2.56853 2.78165 0.761335 1.08564
0.665117 0.703755 4.62124 0.765287 0.708015 2.15079 0.823628 0.469768
0.00812272 0.025652 0.251084 0.306251 0.505521 0.432553 7.23991 1.16883
0.332369 1.89078 1.85242 1.12099 4.70759 0.955013 0.834235 0.182607
0.287797 0.525096 4.97374 0.860811 3.40961 1.0323 2.3864 0.448487
1.97492 2.70469 1.81558 1.98656 0.692287 2.16631 0.791589 0.223827
0.498083 3.93678 1.17478 1.18267 3.28535 3.62088 0.78352 0.04356
1.02707 0.218628 4.0359 0.649653 0.616285 3.32499 1.08031 0.720046
0.0450875 0.307222 0.569796 0.557817 0.182472 0.158712 5.76516 0.579049
0.176252 0.0948208 0.579581 0.140629 0.101909 0.477457 6.70992 0.35841
0.388635 0.77336 2.51764 1.13929 3.26266 1.8565 0.868888 1.06855
2.57798 3.30436 2.69877 0.958552 2.64488 2.41246 0.781848 0.41907
0.940753 3.45417 2.04666 1.65516 1.81387 0.794439 1.15909 0.901188
0.689104 4.34375 2.79081 2.05259 0.830959 1.21317 0.805016 0.374245
0.0705663 0.0112979 0.617166 0.162312 0.452256 7.07493 0.895756 0.1653
0.0498991 0.145599 1.23218 0.151904 0.847232 3.44244 5.48313 0.010291
2.45522 0.94289 3.23582 1.28427 0.743889 0.861647 1.03453 0.756287
1.57815 1.09036 3.22588 0.860063 1.47439 0.660733 3.27637 0.0597791
0.716923 0.0824865 3.15358 0.41554 0.356469 6.46916 1.02514 0.00687338
0.934226 2.62232 2.20147 3.23531 1.60955 0.930299 1.17477 0.589832
2.14496 2.00533 1.5511 0.721226 0.694396 1.28391 1.01333 0.942527
0.677751 0.51452 2.26748 0.251629 0.62483 7.16854 0.865447 0.0283638
0.196108 1.30748 0.3681 0.745814 3.8826 0.941221 3.19833 0.00103737
0.00203417 0.0174251 0.0029679 0.0173967 0.222727 1.27358 7.61227 0.239383
1.83518 1.31602 2.14438 1.07457 0.581512 2.69981 1.19012 0.924702
0.399277 3.05873 1.94264 0.957602 3.54326 3.27922 0.783285 0.0302621
2.54096 3.43604 2.23012 1.59661 0.64798 3.40123 0.783503 0.00142041
1.13309 1.46016 0.676412 0.335135 1.91972 5.08046 0.817258 0.0715327
1.45443 0.23347 3.79391 0.696112 0.532924 4.80371 1.36835 0.172578
0.76519 0.777504 0.657368 2.86176 1.44107 1.55267 1.22855 0.00110613
0.0534939 0.0980795 0.847854 0.527308 5.842 0.780977 1.46044 1.07788
0.500565 3.62994 0.483848 0.514521 4.9203 0.981865 1.20622 0.0161471
0.522003 1.82819 2.43875 3.47227 2.01389 0.761971 1.00075 0.832236
0.0174281 0.0991491 0.603878 0.569033 3.587 1.47311 2.50254 1.13344
0.0210562 0.0593344 0.371306 0.150645 0.635502 0.113125 6.42602 1.55954
2.77159 1.88224 2.89473 1.91483 0.675313 2.75653 1.5353 0.440064
0.133013 0.830239 0.148753 0.193165 0.138231 0.10591 6.80463 1.92846
2.80204 1.7936 2.22884 1.47058 0.7066 2.96002 1.06325 0.470946
0.190868 1.09517 0.76276 0.173699 4.84201 3.20702 1.52878 0.00787051
0.485143 0.222742 3.34323 2.23772 4.26378 1.66615 0.817929 1.0104
0.0376987 0.257869 0.704107 0.082055 0.0942698 6.51933 3.16939 0.5294
0.482929 1.93358 0.455226 1.32131 4.51536 0.795342 2.42222 0.0160128
0.590453 3.38025 2.27971 0.857241 1.16684 3.31973 1.06906 3.98038e-09
0.00883769 0.00167677 0.067391 0.507204 2.4836 2.579 5.03659 0.206523
0.0493289 0.0383526 0.271679 0.0420194 2.36042 6.82085 0.786502 0.273342
1.93387 2.84607 2.39096 2.00383 1.51779 1.90093 1.50465 0.265945
0.250444 0.750297 1.4434 2.28602 2.83157 0.78856 2.38144 0.48297
0.72873 5.8241 0.852116 1.86306 0.863263 1.28604 0.867929 0.179462
0.625094 1.12287 1.07337 2.4674 1.34941 2.18162 1.04974 0.863201
0.542006 0.839105 1.05646 1.4086 1.36007 3.17361 0.766156 0.855315
0.549774 0.434947 0.18463 1.18876 0.368564 0.557297 3.48887 1.01443
0.854314 1.55959 0.767457 1.92704 3.48926 1.14566 1.20142 0.0784201
2.0726 1.13287 0.861154 0.630168 0.745113 2.32927 1.25307 0.313304
1.01558 3.96678 0.551687 0.6895 0.601654 4.33393 0.89921 0.0141832
1.23037 3.3421 2.75147 2.09214 1.31201 0.707045 2.56374 0.701819
0.060547 0.0521663 0.0976005 0.177393 0.243811 0.410071 0.601353 1.69585
0.592985 2.1085 0.48348 0.313845 5.22785 1.29966 1.02744 0.951107
1.74858 2.6816 3.7401 0.900545 2.12774 0.798155 0.823769 0.0982755
1.94964 0.893743 1.01107 0.345511 0.406281 4.85353 0.816672 0.656111
0.788416 1.60249 0.820365 1.26194 2.78437 1.91759 0.967193 0.316174
2.49987 0.974382 2.59922 1.92604 1.37564 1.87247 1.51481 0.0122857
1.12475 3.15147 0.608278 0.621823 0.651281 3.69471 0.88796 0.0305444
0.2478 0.827906 2.71805 1.36771 3.16705 1.3709 1.70634 0.247732
0.247684 0.946543 4.59513 0.721906 2.04015 2.11219 1.06634 0.462509
0.282307 0.26014 0.0752646 0.258749 0.152707 0.608191 4.81123 1.77646
1.45521 0.270237 0.445981 2.45821 2.0963 1.68559 1.564 0.512725
2.1363e-13 5.92394e-14 2.33399e-13 6.23955e-13 3.54554e-12 7.35617e-12 6.69767e-12 4.79557
0.390929 0.131067 0.290777 2.14062 3.92321 0.754487 1.09514 1.05406
1.48918 1.49125 0.804793 0.570905 2.84274 1.28611 1.66036 0.140405
0.36041 1.08501 3.1321 0.927761 0.810162 2.60581 0.963877 1.05516
0.0935454 0.634806 4.34102 0.632829 1.57379 2.44742 1.52217 0.00448051
0.460966 2.72909 0.867848 1.85249 1.88224 3.24385 1.01599 0.258683
0.0243034 0.158979 0.678922 0.227835 4.14738 3.06255 1.20915 0.817466
0.195836 0.215782 2.03317 2.65389 4.1852 0.792208 2.46879 0.033512
0.807909 1.26162 1.84445 0.408122 1.98128 2.55012 2.43299 0.00197122
1.93481 0.885636 3.18608 1.51936 0.674893 2.62817 0.78684 1.21216
1.73853 1.79881 1.21914 2.02728 1.87131 2.64287 1.36285 0.00310978
0.200679 0.177545 1.19912 0.938151 4.43586 2.27444 1.29359 0.0507031
1.10158 1.80244 1.45963 0.501366 0.892767 4.95743 1.54343 2.39682e-08
0.0357923 0.0068634 0.286697 0.609248 0.0886294 0.503242 6.6736 0.232374
0.792817 0.806565 0.71819 0.472122 1.02383 0.774087 3.10855 1.17751
0.0348721 0.0446499 0.0901636 0.145748 0.197916 0.394841 0.476433 1.88971
0.0114688 0.00149547 0.0177162 0.129035 0.049815 1.1674 6.4768 0.234319
0.433472 0.28403 2.48343 0.981798 2.93692 2.89883 0.945711 0.0120252
0.388139 0.180982 0.993509 0.791457 3.81902 0.919689 1.89692 0.920533
0.983815 1.27036 2.90272 1.98995 1.03884 0.647188 2.91056 0.142778
0.0960097 0.391243 0.778969 0.16088 0.111964 0.186454 6.29237 0.0748573
0.0324042 0.00437807 0.0921914 0.704118 1.10706 0.169621 5.54034 2.27282
0.0703786 0.0497804 0.0705504 0.753286 3.02495 4.4516 0.776745 0.866914
1.80659 1.46372 2.13539 0.722157 2.02212 1.23622 1.49587 0.4122
0.101628 0.331384 2.30031 3.50547 1.74693 2.52983 1.10382 0.0243349
0.32995 0.246997 0.0577517 0.0693644 0.788756 6.36624 0.937454 1.02419
1.22474 1.20358 1.59365 1.2714 2.62303 1.12177 1.31498 0.190113
0.220462 0.559251 1.02938 1.43393 1.45395 0.890658 1.48767 0.549035
0.532543 0.436695 0.641741 0.914347 0.632351 0.283317 5.09917 0.952241
0.0862841 0.0462463 0.0776394 0.22902 0.0502462 0.674428 4.76445 1.96343
0.0881196 0.847982 0.0910195 0.154893 0.0947423 7.48032 0.91105 0.0150341
1.1191 2.54122 3.2801 1.11151 1.79205 1.12977 0.786095 0.0493004
0.127703 0.113591 0.949184 0.304968 5.09654 1.63102 1.02865 3.69395e-10
0.422563 2.32389 1.65771 0.511548 0.476469 4.17553 0.844107 0.256155
0.10223 0.671861 0.849617 0.272871 5.71513 0.804298 1.09849 0.279156
1.42326 1.4101 2.46245 1.86662 1.30477 2.44052 0.933683 0.170588
0.138172 1.09417 2.35554 0.720121 4.77516 0.719596 2.9293 0.155257
1.13552 4.62791 1.97735 3.02063 1.05977 0.928709 1.45677 0.525849
0.759989 0.496248 0.261165 0.398226 5.27831 1.83595 0.915006 0.882126
0.657822 2.17461 0.460059 1.28225 2.54576 0.769146 2.72515 0.657605
1.74858 1.76515 1.71846 1.58283 2.47529 0.956289 0.864415 0.606591
0.914647 3.28489 0.481581 1.62869 3.65358 1.38377 0.777089 1.16825
1.76147 1.04681 1.95683 1.72431 1.77967 0.707735 1.85793 0.0190699
0.675152 0.803636 2.55243 0.515269 3.63873 2.53109 1.35008 0.888187
0.999962 2.68634 3.53645 1.88158 0.851922 1.11798 2.77266 0.0990551
0.0317006 0.108932 0.775369 1.52455 2.25085 4.46003 1.1908 0.0547922
0.12582 0.0834083 1.02466 0.206939 5.47809 2.49579 0.924602 0.0488486
1.4982 1.30663 2.40884 2.71677 0.829659 2.40177 1.18165 0.0159316
0.908268 1.06344 0.23175 0.356639 1.98967 0.509739 5.15902 0.0254198
1.26228 0.656928 3.79422 1.49407 0.494701 5.26317 0.781847 0.492993
0.59357 3.53256 3.17993 1.16277 2.18647 1.7196 1.09594 1.33538e-10
0.0908616 0.0473199 0.273438 0.469789 0.591998 2.10292 5.20777 0.0204138
0.0421073 0.207293 0.380281 0.346436 0.244483 0.584534 5.60408 1.65111
0.289268 0.0375889 0.150344 0.683972 0.146583 6.758 1.29452 0.341846
0.261789 1.8946 0.669516 0.373011 4.78503 2.59278 0.798021 0.51089
0.247271 0.403104 0.197663 1.61932 1.19997 1.53231 4.85156 0.00259077
1.41863 1.78811 2.99943 0.875492 3.23435 0.930445 0.812681 0.951819
0.0117084 0.101654 0.181023 0.112732 0.420433 0.634165 7.08279 1.27039
0.160995 0.478529 0.212883 0.289393 0.247601 2.53265 0.694447 1.3988
0.315029 0.344987 0.0926783 2.22439 0.506946 3.42153 2.30719 0.66672
0.469276 0.214212 1.49737 0.288324 2.93186 3.48147 1.92759 0.290355
0.284918 2.06146 0.637566 0.791594 4.21231 3.26586 1.27191 0.551855
0.260743 1.97523 1.99927 0.37489 0.377788 1.70866 4.96443 0.000538596
0.884293 1.17209 1.29754 0.806095 3.36809 0.670714 2.61667 0.112848
0.0554905 0.0652977 0.0212963 0.00940992 0.76972 7.26509 0.782126 0.881661
0.0679689 0.420434 0.203404 0.386923 0.383856 0.281469 4.72889 1.261
0.575187 1.32782 0.741441 0.443741 5.18657 2.84541 0.784441 0.0353356
0.875866 3.53292 1.36203 0.637488 2.38969 2.09066 1.1283 0.372866
0.764839 4.38786 2.06277 0.998045 1.47326 0.845912 0.854802 0.21617
1.60901 4.18952 2.75977 0.770383 1.46067 2.12385 1.51213 0.270703
0.0975259 0.132369 0.261633 0.845012 2.66409 4.92289 0.775754 0.914629
0.0967169 0.0316578 0.235624 0.129304 0.320776 0.63296 4.53632 1.47462
0.70314 1.70522 1.40081 0.397488 0.457397 3.83457 0.939885 0.191916
0.557865 1.58208 0.421718 0.304007 1.69177 0.42092 4.04126 0.117513
1.39287 1.68477 3.97263 0.712314 1.55683 4.02986 0.936875 0.0244895
0.00875468 0.00503023 0.10187 0.0880403 0.0928118 0.771086 7.90766 0.408299
0.194312 0.0286866 0.0323435 0.306827 0.775426 5.24982 2.05024 1.58478
1.13869 2.27183 1.60707 0.964912 1.8913 1.42721 0.982336 0.810484
1.11033 1.85885 1.63997 0.413322 1.09154 4.2435 2.25709 0.000571379
0.264138 0.495346 0.140572 0.381022 5.80084 0.760232 3.0406 0.105924
0.798488 3.23561 0.910198 0.806392 3.02986 0.710366 2.44114 0.0139559
0.015944 0.0127317 0.0243208 0.0408125 0.0785357 0.0525162 0.0896068 2.13414
1.04306 0.741309 2.32278 1.06881 0.969325 2.01414 2.68415 5.56319e-09
0.687026 3.08264 2.26567 1.03217 1.97682 2.93767 1.54096 0.00241004
0.434539 2.17408 1.68907 1.51304 3.06665 0.894476 0.796935 0.159603
0.336612 0.348119 0.287761 0.500538 2.11241 3.63683 2.0143 0.0127963
0.760405 0.172497 0.0806717 0.0808985 0.0812961 7.55799 0.787181 0.112413
0.886283 0.334429 0.1655 0.643728 1.27654 5.34339 0.772313 1.14106
0.00436606 0.00333044 0.00638792 0.0171304 0.0195287 0.0188418 0.0409891 2.37664
0.413123 2.28172 1.00098 3.26131 0.719656 2.88247 0.812413 0.0556942
0.500335 2.12553 1.31722 1.34139 0.863174 4.05621 1.32634 0.113437
0.0612714 0.00728299 0.377232 0.410364 0.51863 0.219269 7.11133 1.02237
1.17998 1.51099 1.04926 1.3161 2.81242 1.02583 0.860069 0.675423
0.00277489 0.00266756 0.00577641 0.00806581 0.0115269 0.0323163 0.0308634 2.34406
0.172577 0.470203 3.00351 2.24268 2.32814 0.945368 2.15158 0.124139
0.769209 0.545771 3.97427 1.29674 0.810083 2.72143 0.92691 0.409379
0.229867 0.29254 0.561584 0.32483 4.53148 2.22951 0.892108 0.775486
0.0845403 0.00942483 0.410669 0.075413 0.655312 7.60908 0.855231 0.331552
0.045873 0.0539262 0.647068 0.14651 0.069058 0.448773 7.57741 0.285928
1.37637 2.7923 1.30887 3.22941 0.884449 1.76428 0.863641 0.286918
0.266567 0.157275 1.73708 0.293038 0.492903 2.83239 3.62774 0.0629301
0.0292923 0.0265878 0.0134399 0.341076 1.48569 6.14234 2.25818 2.20335
0.177697 0.948213 0.555604 0.189513 1.18529 4.07709 1.52369 0.594655
0.0418826 0.0714143 0.470524 0.238822 3.515 4.21155 0.784548 0.0531632
0.260585 0.613368 3.17842 2.18659 1.93881 0.757422 1.9837 0.0129559
0.167202 0.497531 1.88165 2.32566 2.76324 0.997936 0.838283 0.302492
0.0166231 0.0163005 0.11608 0.0505013 0.0273449 0.968354 5.85457 0.174969
0.0574632 0.264914 0.713637 0.191925 0.185864 0.323402 4.16602 0.0696357
2.78595 3.65643 1.85923 0.715608 1.61309 2.65407 0.813535 0.0123997
0.0729312 0.128438 1.13574 0.312654 0.300837 0.201392 5.9499 0.211637
1.22968 3.51236 1.2912 0.867302 1.79758 1.85928 0.900672 0.355741
1.0533 1.2252 0.424808 1.06636 4.28371 0.698037 2.42676 0.994211
3.30049 0.789825 1.11587 1.47782 1.49832 2.07977 0.871053 0.0442145
0.052737 0.0190855 0.100206 0.811937 0.117529 0.264569 5.73361 2.06673
0.713535 1.93736 1.71901 2.76692 1.51585 1.86667 0.939936 0.365537
0.0269039 0.133973 0.248115 0.803806 4.99008 1.30316 0.880584 0.022151
1.00555 1.83509 4.09455 0.640817 3.65192 0.816248 1.45305 0.138649
0.486425 0.364042 4.35489 2.05002 2.29141 0.786628 1.74124 0.000206172
1.01618 1.82491 3.46379 0.590933 0.94159 2.12452 2.85367 1.40338e-08
0.107192 0.105715 0.257804 0.266852 0.576233 1.93768 3.83762 0.159572
0.0125794 0.00786161 0.0975406 0.0286234 0.0959589 1.13399 5.98386 2.05712
0.820828 3.6162 0.574336 1.71256 2.24732 1.70894 0.891734 0.734605
0.0916316 0.0883736 0.0884707 0.0996878 0.21984 0.434167 0.656887 1.82251
0.955055 4.30133 2.82472 0.928264 1.04913 1.74935 0.941737 0.0487092
0.0194031 0.0486263 0.202736 0.08617 0.555838 0.505792 7.0271 0.258514
0.185339 0.385505 0.284968 0.106835 1.01536 2.64062 3.34245 1.63355
0.15229 0.193875 1.18525 2.5559 4.84009 0.82898 1.76678 0.658366
0.307112 0.099679 0.164428 0.648245 0.33778 5.91235 0.80674 0.0392815
1.355 0.38355 1.37798 0.370297 4.94476 1.70158 0.791519 1.01653
0.00439534 0.00147433 0.0224141 0.0847713 0.684199 0.245697 5.69915 2.20382
0.0699788 0.0263182 0.20349 0.199709 0.074538 1.57865 3.9509 1.54433
0.399878 2.58041 1.12796 1.29041 1.67581 2.93043 2.6964 0.498612
0.150775 0.394914 2.1712 0.299539 0.295759 5.99686 0.94308 0.204
0.97691 0.450458 0.317124 1.12407 0.739128 5.83118 1.75048 0.166669
1.34739 1.15914 0.422716 0.258036 1.60714 5.83181 0.919545 0.750683
0.109061 0.0263945 0.378652 0.106074 1.64764 3.72146 0.705612 1.99981
0.0162022 0.0574981 0.101075 0.109359 0.560084 3.65627 3.06928 1.34214
0.315078 0.164788 0.270291 1.9196 4.47042 1.60874 0.808164 0.143439
0.992834 2.05005 1.93559 1.57973 1.52386 1.88177 1.0312 0.494743
1.84826 2.79738 2.7696 1.27841 1.78371 2.80378 0.803455 0.0229549
0.0120472 0.0123387 0.0770548 0.0423308 0.232036 0.948999 4.1241 2.16892
0.0113746 0.0991269 0.751304 0.201774 0.151099 0.164111 7.51278 0.0774068
0.525076 0.776078 0.147489 0.412219 5.4045 0.878329 2.46137 1.13748
0.746987 0.357395 1.72886 1.05909 2.95034 0.676482 3.0074 1.533e-05
0.354549 0.513907 0.654157 1.85655 2.01109 0.564276 2.96042 0.999017
1.1413 4.59873 0.704273 0.848638 1.84693 2.14142 0.869574 0.825267
0.218151 0.224654 1.29108 0.704142 1.04159 3.71019 2.84492 1.36504
0.0450414 0.223881 0.617105 0.0699912 0.266486 0.342041 7.44781 0.184197
0.318726 0.0980889 0.95519 0.133965 2.71796 5.27176 1.15415 0.320985
0.239381 0.154781 0.492602 0.349026 0.150512 2.33341 3.90886 1.20905
0.185422 0.802865 0.888456 1.64351 0.373496 4.32348 2.19485 0.0631744
0.35828 0.083378 1.52592 3.52576 1.93108 1.77893 1.30488 0.508962
0.0787998 0.334626 0.137927 0.0488081 0.842831 6.40664 0.828835 0.0288184
0.0334588 0.0205047 0.0428782 0.177489 0.362861 0.734179 4.56573 0.874896
0.347066 0.0908683 1.61282 0.271258 2.52635 1.60751 3.61969 0.420594
3.32353 1.46746 2.22892 2.024 0.811444 1.62181 1.43845 0.679719
0.572809 0.187351 0.134957 0.103702 2.91782 5.11242 0.79231 0.36029
0.0119046 0.00133337 0.113546 0.013313 1.03162 0.16202 7.39958 0.0845204
0.148528 0.600499 2.941 0.444241 4.20256 0.973923 0.835576 0.34563
0.369797 0.0797082 0.0479127 0.582495 0.141746 0.333182 6.96487 0.821705
1.42403 0.858171 1.47987 1.26398 1.90161 1.40936 1.92723 0.179785
1.07328 1.14839 2.15286 1.03985 0.763189 3.65839 1.00847 0.00275764
1.58948 2.12292 2.51318 1.88866 1.41855 0.905656 1.20899 1.60636e-08
2.58036 0.979286 1.47894 1.08894 0.598795 3.6284 0.791737 0.0146571
0.00790351 0.00762542 0.0785801 0.0152407 0.558714 3.88901 4.08382 0.10865
0.985215 2.45286 1.28875 1.26597 2.74708 0.884036 0.979782 1.03731
0.441884 0.061188 1.03585 2.51022 4.06172 2.78896 0.934405 1.07385
0.606733 1.87916 0.307298 2.5171 3.12948 1.02445 2.1909 0.0343657
0.801329 3.26606 1.88796 0.66261 1.75554 1.80025 0.891309 0.0373386
1.76689 1.30161 1.55088 1.7171 1.85154 0.789016 1.08269 0.610732
0.0722122 0.00951007 0.29803 0.0846255 0.927513 5.32764 3.0219 0.934616
0.0523533 0.0856019 0.527285 1.37671 1.13697 2.8556 2.15167 1.38503
1.06333 1.70285 1.28164 1.7951 0.609576 2.47345 0.789699 0.767642
0.364539 0.205186 1.11904 0.232726 0.476304 1.46672 3.75254 0.432873
1.1085 4.40675 0.828451 0.677971 1.89283 2.25422 0.900971 0.320056
0.00741398 0.0130912 0.0206149 0.0199617 0.0211366 0.0309801 0.0712852 2.31971
1.35155 0.609638 4.12851 0.581497 4.38868 0.767873 0.937952 0.893119
0.629604 2.82219 0.7461 0.710244 1.54609 3.72892 0.803571 0.0188954
0.183248 1.01076 3.90219 0.817699 0.945945 2.84191 0.819305 0.0661149
0.154041 0.108299 0.212152 1.60589 4.41795 2.54784 0.786589 0.134714
0.00707599 0.00638863 0.0519813 0.0267375 0.301492 0.697902 4.27667 0.970393
0.0370846 0.0106561 0.0916403 0.134075 0.0442303 1.0928 4.70512 1.92908
0.230301 0.324941 0.751256 0.203671 3.30768 3.75672 1.30059 0.314752
0.731551 1.16266 2.71126 0.591567 2.72244 0.682111 2.76553 0.397433
3.32073 0.638449 0.919656 0.452361 0.526224 5.01933 0.802899 0.351051
0.028766 0.0980049 0.829735 0.213291 0.0986505 0.595874 6.8827 4.43114e-05
1.17787 2.31243 1.10703 2.45368 0.901674 0.826132 1.45735 1.08061
0.365879 0.183578 2.538 1.27752 0.893631 3.34833 1.95638 0.349402
0.139688 0.990941 1.96699 0.524844 3.68015 0.868594 3.9221 0.83002
0.552202 0.66148 0.583607 0.156047 0.162369 4.04002 3.22962 3.05351e-07
0.430786 0.519677 1.87702 2.30036 0.425983 0.971662 5.10471 5.77991e-12
0.042979 0.023374 0.0605061 0.0159885 0.572742 2.8703 4.98951 0.685736
0.0139693 0.0544785 0.048776 0.0371984 0.772309 7.2108 0.969289 0.168099
0.612089 2.73152 0.788099 0.540388 0.587741 3.08801 1.00201 0.944183
0.508397 0.985731 0.500277 0.521511 1.42868 2.25138 1.77664 1.02473
1.22077 1.78901 2.15727 2.0931 3.21045 0.956001 1.65005 0.201669
0.151797 0.789542 0.604261 1.11554 0.468644 5.01213 2.12145 0.567315
1.1784 1.69067 1.41637 0.74748 0.670723 2.1633 1.72113 0.783501
0.0531673 0.0532711 0.0860096 0.165887 0.361152 0.358896 0.448981 1.7088
0.425903 0.640863 1.04631 0.510689 0.995987 1.43683 1.73409 0.3788
1.68957 1.79054 2.69902 0.546765 3.66735 1.06534 1.23461 1.37541
0.237061 0.244378 0.094122 0.855378 0.542728 1.31744 2.52997 1.5984
1.03963 4.19528 0.730923 0.783277 1.91455 0.810563 1.20804 0.666735
0.0381534 0.0241873 0.190982 0.171151 0.52878 0.451419 2.6004 2.08216
0.194114 0.0676666 0.483922 0.954614 1.39018 1.36043 2.93722 1.66199
2.7982 5.80283 0.731303 2.24439 1.02166 0.777956 0.834866 0.220047
0.119423 0.493762 0.48453 0.157173 0.253666 0.299493 3.43104 1.67155
0.0087852 0.0184622 0.110769 0.15084 1.4142 3.36169 4.87161 0.230638
0.737718 0.51481 4.1384 0.519008 0.700862 4.75524 0.85656 0.000476351
0.0598654 0.185483 1.38979 0.456076 4.30317 3.94982 1.68205 0.0022457
0.0381938 0.138125 0.84054 0.22113 3.18429 3.77517 0.9011 0.947318
0.0462758 0.269104 1.09395 0.176328 4.08172 2.65394 2.67634 0.540759
0.48666 0.147829 0.779666 0.109349 0.131338 3.5306 5.65174 1.06464e-07
1.39368 2.67563 2.49087 1.08063 3.02803 1.54412 0.941516 0.0385738
0.355131 1.30346 0.557269 2.12481 0.844994 0.472497 3.77806 0.0478805
0.390085 0.422497 0.0842495 0.0861659 2.78292 4.51959 0.869238 0.356915
0.125765 0.0498144 0.490349 0.266644 0.107222 3.98797 3.78985 0.00620831
1.98374 1.72894 1.8154 0.723976 0.896405 2.73986 1.44204 0.221932
0.594918 0.370675 0.48132 1.33112 0.709431 0.338809 6.02579 0.00011622
0.229082 0.06871 0.79942 0.106986 1.28284 5.92056 0.919921 0.047622
0.245407 0.215822 1.13513 0.313496 0.378258 2.21204 4.49487 0.366317
0.409093 0.23475 1.93365 0.359417 3.23978 1.80677 1.5544 0.936576
0.155768 1.08022 0.173421 0.164686 1.64951 5.994 0.802083 0.894839
