2261 52.1685
22.0771 1.53352 1.64846 0.147955 0.109345 0.826481 1.5807 1.36779
4.79958 17.0709 2.63039 2.71215 0.956663 0.0120127 3.87259 2.63615e-11
1.20157 22.2266 0.837368 0.950961 0.659637 0.773614 0.0879898 0.20211
0.857369 0.269864 0.25003 22.1533 0.657314 0.966636 0.0590974 1.88929
0.383014 0.194341 22.4348 1.33243 0.715109 0.615627 0.152009 0.104993
0.11834 0.0374072 0.0348479 2.14217 21.8834 0.964545 0.0585804 0.46913
0.0115165 0.206411 0.128963 0.0811569 0.0112882 22.4426 0.547069 1.20284
0.000127486 0.000411677 0.000287447 2.2199e-05 5.86837e-06 1.36281e-05 22.5406 0.773885
1.02249e-14 3.33914e-14 5.19387e-15 8.05845e-15 1.29888e-14 3.25443e-15 4.89163e-23 18.7462
1.54233e-16 5.728e-16 1.13666e-15 9.12512e-17 2.09267e-16 3.53187e-16 9.65344e-17 22.0929
1.6505e-20 1.5689e-20 3.90402e-19 6.43106e-20 2.00352e-20 4.82869e-29 1.84175e-14 19.3989
1.67502e-27 2.73165e-26 1.53197e-27 1.30227e-28 2.35322e-31 1.45983e-17 1.58802e-13 19.1862
1.90487e-34 7.38254e-34 1.26771e-34 3.68007e-36 3.30524e-28 2.07814e-19 1.01275e-14 20.0418
5.58547e-28 1.05945e-29 2.08535e-28 1.59837e-23 4.22953e-24 1.0489e-14 2.12142e-16 20.7612
0.00036704 2.22996e-05 0.000102404 1.63572e-05 0.000322555 1.31412e-05 21.7351 0.746232
0.000234051 0.00478605 0.0137904 0.000127645 1.5845e-05 0.32458 21.0863 0.521722
0.00790688 0.14003 0.0534218 0.0109153 2.99565 0.078721 22.1625 0.368852
6.19845 2.35051 9.05936 1.7723 2.5693 0.393666 1.94931 18.3447
1.381 4.10356 2.56442 0.424858 15.8361 2.90622 1.55906 13.129
1.61139 0.479523 13.3797 1.79667 1.94372 6.36831 14.8551 5.19155
7.01076 3.24287 6.52919 7.86897 11.9272 6.25934 10.7008 0.885327
0.801858 14.6458 2.69842 4.88227 6.75104 4.22488 10.278 7.77895
5.84415 2.05837 13.8815 10.7949 7.09335 3.141 8.92336 1.23282
4.33811 15.2172 1.61115 1.21162 0.47217 7.24116 11.0304 5.60663
5.72257 18.485 5.38505 3.57195 0.597973 0.611918 2.38827 7.65112
7.68893 2.31435 17.8412 5.28367 2.83171 7.08202 2.15532 1.72387
9.49588 7.24835 5.79082 12.3473 9.60675 4.76496 4.32655 3.13623
1.18553 21.9298 0.826188 2.01809 1.79981 0.549317 0.768709 0.200705
8.50815 2.67987 12.3721 2.20786 11.4516 7.7863 7.94355 1.5334
11.4108 1.76392 1.58737 0.577628 5.22933 2.59959 17.4216 1.09593
8.37576e-25 8.90529e-28 3.19242e-25 2.40266e-20 1.02746e-14 2.0605e-15 2.18244e-15 21.1826
0.183029 2.18534 1.27583 1.53566 13.6437 13.2299 8.83032 3.91587
2.0602 6.88451 6.0458 1.15074 2.90404 0.945209 19.3629 0.240218
2.4004 6.8343 4.83828 2.54754 11.1899 5.9765 14.0499 2.18097
1.20114 0.277614 0.712896 16.7646 5.18138 7.65941 1.80031 10.2447
1.24948 18.6802 0.893283 2.77021 2.55066 9.67092 2.17494 3.76915
9.62848 2.22539 5.74662 5.12107 1.5804 15.3206 9.16133 1.47733
1.60021 0.0744998 0.22532 21.8194 0.648608 0.953833 0.066634 0.068396
2.94049 8.73753 5.4603 0.904631 11.609 5.59303 1.55067 13.4327
3.27119 1.89543 19.3268 4.69801 6.99974 2.2715 0.711421 5.33314
5.27251 14.3951 7.16585 2.46794 8.27046 8.28207 2.00171 7.03961
0.269908 0.00727961 0.239977 0.0290659 0.781585 21.3483 3.27739 0.651953
3.85111 1.30008 2.59087 8.30139 11.8355 6.15213 13.9109 0.036393
2.24294 9.60284 3.9013 2.79731 4.26584 15.158 7.98794 5.98931
6.74393 1.70923 4.59594 4.20808 4.48984 14.3537 10.3883 5.03438
7.16309 5.46286 18.151 1.46771 2.40604 3.97033 4.00702 3.68511
2.81077 2.15337 0.536731 17.3993 4.06314 1.64675 2.61163 10.1573
3.32227 1.53255 19.9993 2.84732 2.26757 0.449391 5.28039 2.96479
1.61677 5.71065 9.95976 1.64996 5.53637 16.0632 7.3373 2.57222
6.00934 17.8534 5.24232 3.34001 0.581432 0.887093 3.38237 7.49957
6.6489 1.139 1.62282 14.8863 13.4176 3.45865 1.42756 1.49699
5.44517 9.85943 15.3481 1.12295 1.05169 10.6556 0.787709 0.939087
0.0293123 0.403276 0.204008 0.790372 0.0824488 21.874 1.71284 1.42348
11.5432 9.45445 1.06207 14.6225 0.620094 4.05563 3.63763 0.625699
0.730246 0.74373 0.294614 6.39066 21.5034 0.978678 0.0694722 0.0701775
12.6438 0.851416 3.51865 0.0575676 0.181737 17.2384 5.17179 2.36592
10.0572 3.12849 1.10984 17.687 0.141556 5.71857 5.76809 0.492292
8.83397 7.00035 1.70036 2.11949 10.6963 11.2198 5.42798 8.48594
9.29763 1.37258 1.60438 6.9705 0.952141 1.01993 0.853381 17.9174
4.39036 7.6229 12.1822 5.71154 7.06303 10.1609 5.97197 4.64789
14.9637 9.20957 8.32991 0.983881 8.31243 2.73043 0.76474 3.99141
9.52347 3.89569 10.85 9.64808 5.6776 1.25916 9.95078 2.86229
13.2054 11.8241 6.59141 2.64511 1.89156 8.03966 6.43642 2.81135
6.81656 2.5849 9.04653 1.83429 0.594262 0.397913 1.97034 18.1743
15.5512 5.76806 3.09724 5.73391 3.50422 5.0613 1.67278 10.661
1.9159 5.56717 3.93257 10.2174 15.638 7.92711 1.55289 0.186389
1.30499 1.28156 5.62555 3.64854 2.08519 20.427 0.0672875 0.615763
2.78464 0.949584 3.46299 2.5624 18.5694 4.91535 2.85252 8.26513
12.1073 4.37909 5.99489 0.651219 3.66728 14.665 0.642113 6.54072
15.9398 9.68394 8.84205 1.04437 3.17653 5.59729 0.798362 4.38163
0.0739038 0.403951 0.103865 20.3526 6.17972 6.50769 0.0887619 2.07225
19.6044 5.83431 0.872342 2.69005 6.83922 1.45857 0.247178 2.81489
12.5291 3.08637 2.0395 5.54348 10.5641 0.291071 0.372795 12.8876
2.11356 0.561382 1.26831 1.4183 17.8524 6.26658 8.13683 4.90237
8.79078 7.53644 14.8838 9.78835 2.52481 3.54593 3.14463 1.99697
0.601906 19.3904 4.57687 7.69531 2.90153 2.85778 1.83335 1.992
2.74411 12.8152 7.27456 5.10926 1.85873 9.76034 8.60942 7.33272
8.17796 2.57587 12.2884 0.794398 10.3669 7.39601 7.54538 6.64909
21.7711 1.51226 0.421902 4.60235 0.243291 0.83082 1.61853 0.54259
3.37892 12.2246 5.36297 12.8073 8.89597 4.83125 4.28697 3.16749
1.16241 21.5022 1.56345 0.907343 3.15456 0.757438 0.08615 0.406672
6.07234 2.42592 1.83603 15.465 13.8074 1.47061 0.235904 2.90305
1.8194 9.48136 2.68513 5.60074 2.5411 2.83324 13.6553 12.3395
2.31424 6.09629 3.76941 13.1905 12.5239 8.50555 3.65132 0.188171
14.0532 4.23262 8.59978 1.87504 1.45175 3.04487 0.664681 13.5239
0.522552 2.09977 8.67965 14.4938 7.31949 0.145158 11.6925 0.0531244
6.96503 4.99785 14.0473 1.39177 4.55558 3.12337 5.72489 12.1444
0.050859 0.016312 0.750037 21.4535 3.92934 0.950977 0.292705 0.831961
2.04261 5.75473 0.559635 4.95027 17.6416 0.588258 0.330795 9.85974
6.2769 2.11898 4.22283 2.9366 9.43615 9.2401 13.2431 6.05226
5.17164 21.0923 0.450702 4.08306 1.94943 1.16488 0.0875967 0.679005
3.07424 1.04834 3.89622 2.83128 18.253 4.81807 2.83061 8.20162
3.41044 0.149825 3.15639 3.89058 17.2914 4.3266 5.0601 8.31154
11.4011 3.55283 1.33951 0.370387 13.3107 7.55181 6.91152 4.44737
3.22801 2.39534 0.366707 7.3726 17.4797 3.29745 3.81983 6.76469
11.9326 3.76566 11.3308 1.47394 7.42301 2.56951 8.08996 7.39993
4.13909 14.9749 6.29605 7.9697 8.78061 4.90534 4.23767 3.39088
9.26804 1.43268 1.24109 0.523422 4.24573 1.98793 17.1811 6.44012
4.94178 9.06684 3.36023 5.96126 5.70073 0.182049 16.0259 3.27186
4.09085 15.0098 10.7416 1.77111 2.78326 6.34783 7.21193 4.76257
11.2813 6.04954 9.85574 1.41654 5.85938 1.18154 10.1239 9.03065
7.23927 12.0946 10.9411 5.75036 6.52676 6.70701 0.688793 6.54042
5.39595 3.1649 1.82862 3.62257 3.34992 19.1663 5.46943 2.4144
1.3613 11.202 2.73021 8.67574 14.2062 3.94592 0.875824 6.83833
0.000732609 0.000298142 0.000660111 0.413103 0.121664 9.34671 20.0521 0.0744426
4.28717 1.29123 2.65189 0.573601 16.4171 3.01283 0.666586 13.5627
19.1855 5.97231 5.34146 3.83965 1.37159 5.53476 0.986608 2.06676
0.390579 0.784684 14.7023 0.874578 16.5265 0.759649 0.212262 1.77679
1.88054 18.9014 0.757454 2.18722 1.8955 0.791156 5.66297 9.21626
3.27752 0.502968 1.93239 7.87182 1.70781 3.09712 18.5082 4.8499
5.9969 12.6069 1.73776 0.36746 10.9476 1.14829 3.4437 12.5174
1.51557 6.19569 5.59151 5.57583 1.93848 0.815705 18.2105 3.30286
5.87293 7.77855 13.112 1.64424 5.08988 11.1265 3.42394 3.17392
15.3091 6.60037 1.56176 2.5994 3.37589 1.36836 7.8032 10.5792
10.8862 3.34409 1.20455 16.4559 1.26437 7.70565 4.10771 2.27864
1.55757 0.526804 12.6021 0.558848 16.1828 0.719992 6.03272 4.58596
6.08215 18.0697 5.30584 3.49717 0.589063 0.898735 2.33824 7.54057
1.52963 0.517882 0.30156 0.558277 20.8737 5.83704 1.9274 1.24192
17.5324 2.52934 5.82931 2.68661 3.02456 5.18915 9.738 3.52998
7.92663 13.243 6.43758 5.38915 6.11677 6.9733 3.96893 6.32073
12.9614 2.9957 7.6928 8.88546 2.23958 7.78433 9.0041 1.45197
9.34857 0.269257 2.53777 4.41362 2.79021 10.4306 1.77258 15.5832
1.14408 6.04761 2.08164 0.914976 0.999314 20.1258 3.33998 1.90623
0.972208 0.121414 0.658287 19.1761 6.80241 4.5657 6.08716 2.42878
13.3586 4.98335 8.16677 3.23362 9.40187 5.09717 6.58312 5.69768
2.63905 11.9351 16.7044 3.26792 1.156 0.709084 3.51116 5.09593
3.29532 1.66199 4.13314 2.11477 16.7116 10.7814 4.24723 5.41793
1.5866 0.785929 15.6171 5.8326 10.1324 1.24326 8.46125 1.3723
13.4408 4.12515 3.42995 0.812419 10.0143 7.14447 7.60556 6.4594
3.73819 2.2258 6.99841 3.99749 1.0474 17.5275 4.19437 6.4306
2.50712 2.4272 8.79654 7.14588 7.89832 6.5791 13.7414 4.90064
5.76003 18.1779 6.70853 6.32778 3.71891 3.96546 2.00056 0.129687
0.115638 10.0255 13.7018 1.70871 5.28944 11.5627 3.55818 2.25606
4.95475 11.3639 16.9353 0.983739 1.80769 3.76357 3.33407 1.53975
2.65077 2.13246 0.219084 18.8495 8.18272 2.43517 2.99338 4.21403
1.45925 13.1796 3.35381 9.33778 5.43558 5.33185 1.15256 12.3892
8.67611 8.07126 2.2332 0.338342 12.7007 6.2317 0.693297 11.2904
0.165272 3.54071 1.39171 1.89179 0.0153391 15.0409 0.0105687 14.0675
1.91823 10.6582 3.68734 0.9606 5.61148 0.0988639 16.9603 3.41872
20.7205 1.43929 1.25633 0.828126 2.93519 1.57408 6.83414 1.27038
1.0683 20.2167 7.7474 3.3651 0.073139 1.73731 0.190589 0.254048
2.68248 9.30658 10.5766 11.5175 8.64689 0.504277 5.17287 0.964129
1.98611 10.8559 4.12487 6.9791 2.08982 4.51723 15.8902 2.69384
14.5573 4.70928 1.48788 2.27197 7.64158 9.1229 0.262188 9.95737
7.15296 2.9018 6.17194 7.06938 3.63416 15.7814 4.55823 7.30497
13.0854 5.61845 4.91645 12.0643 9.27817 0.2765 1.80145 0.167625
9.71463 7.41533 5.86058 12.606 9.0018 4.78 4.34021 1.94591
4.96415 8.48114 3.23392 1.49045 11.0436 9.03243 10.5625 8.29293
9.49082 1.8366 6.0174 16.3625 3.24943 7.8299 4.41305 2.02206
5.81027 1.50742 4.79947 5.44949 2.81772 12.1718 13.3832 7.24772
20.5586 1.38929 5.80082 0.801881 0.637794 4.40668 1.10185 0.626509
1.17415 11.4966 4.31935 7.30858 15.4115 2.07836 4.47151 2.06848
3.66189 10.1884 4.52698 6.02939 1.27279 4.4539 16.6667 4.29416
13.9679 5.04991 0.688724 2.15229 12.0395 8.25278 0.0436294 7.20988
6.92927 14.2818 11.2001 1.94837 1.6562 7.21849 0.425435 4.49822
3.08016 1.40651 18.5092 2.78159 2.10092 0.416363 9.27174 1.45756
3.50257 9.97237 7.05985 5.66896 6.30233 2.70565 15.0308 2.24428
18.6215 6.1045 2.87203 5.57311 1.1637 7.004 0.85599 1.31315
0.613497 0.636429 0.378113 18.0498 8.01746 8.09998 4.81121 0.870327
4.57387 12.3421 2.44011 9.8935 7.48747 3.35827 9.52142 6.16667
15.3906 9.39301 6.76654 4.44276 6.94686 5.267 0.713395 5.34946
3.69533 16.9389 0.82337 3.39913 11.1187 1.08975 0.112932 5.81752
0.143046 2.8567 5.17961 0.183671 21.0559 0.646327 0.0371746 0.102526
1.15944 0.267977 0.688149 16.1826 2.04905 7.12207 12.3391 0.00892353
4.24896 14.7174 0.531485 4.6671 12.2631 1.17181 7.65539 4.76982
15.2141 2.70954 2.93427 9.23587 3.58678 5.18054 1.86505 9.73181
0.797073 0.0787443 0.53815 14.1072 3.9835 13.9201 6.07974 4.03621
6.65858 19.8615 0.405949 1.16005 4.12155 1.69362 3.82342 0.711906
0.687982 1.20255 1.85745 0.736887 1.76183 20.6883 5.18171 0.615028
8.43543 4.8983 9.01914 0.269829 0.0990374 1.97363 3.58461 16.1649
0.633415 2.56172 16.4558 1.07522 7.3288 0.593226 11.5089 3.49297
19.8764 1.38065 1.00073 0.793939 9.17248 1.20361 1.46253 1.57336
2.61808 11.7157 3.32101 7.42245 0.197575 1.43167 16.506 2.75114
7.34484 13.6301 4.37934 4.52766 7.34433 6.22886 5.76604 6.25528
2.96343 5.48957 8.07087 8.7793 10.096 11.6665 5.31634 3.53074
6.14596 3.6513 2.58546 1.54639 0.836314 18.1082 2.55314 8.39119
3.24216 8.8702 4.25624 3.77382 0.317368 18.8038 1.51859 1.99425
3.53452 17.5524 0.40516 6.93605 3.59817 2.04934 2.86073 9.38606
3.62781 11.7185 12.7979 3.15259 8.20956 0.476777 5.1799 7.08748
11.8134 6.25219 3.64787 1.99481 1.91233 0.482242 1.4914 16.7709
7.95718 2.45856 8.78201 8.36867 6.60586 2.96767 8.61701 11.4692
0.196434 0.364121 18.9699 2.25933 9.17688 0.598188 4.06762 2.55718
17.2663 7.87513 6.6391 2.86882 0.602013 8.71086 0.358624 2.58442
4.54593 14.8729 6.34388 8.12482 8.14587 2.52865 5.5921 1.84847
7.20392 2.67199 10.1307 10.3348 3.22194 4.64208 7.46833 10.5409
1.04707 3.6984 5.58155 13.659 0.943453 1.99444 14.165 5.43069
2.8939 15.8178 4.06709 11.3237 6.59162 6.46583 1.38798 2.06296
5.26979 20.5033 2.89888 0.586242 1.51279 2.97639 2.08424 3.23484
6.41401 1.39998 5.01778 6.31798 4.82037 12.5793 6.33424 11.7063
9.10614 8.96276 3.68253 4.15914 14.3916 3.87803 1.90997 8.53037
13.2653 0.939507 5.29178 7.95061 7.85936 0.528474 0.538279 11.7738
0.000809777 0.000254884 0.0253889 0.41228 2.93858 20.9404 0.439184 6.35244
4.41686 0.393137 3.06138 2.50094 20.1997 4.17394 2.81725 1.48272
1.93357 1.67281 0.426239 15.731 3.68662 9.01259 1.89892 9.55104
4.68459 19.1162 5.83813 3.77164 1.88653 3.90298 0.115086 4.81037
5.48013 1.77623 4.40264 14.308 5.01728 2.14845 8.19632 10.7901
20.2954 2.94958 1.75978 5.5649 1.2186 4.28522 3.91778 1.63212
4.64718 1.224 3.32124 0.319873 19.8933 4.11063 2.77452 2.69498
1.77325 1.39305 2.31023 20.5826 6.45482 0.956286 2.41729 1.66457
14.4142 4.42208 4.09823 5.39297 4.11188 3.30813 11.3207 1.44846
0.157127 0.698393 0.853973 21.0094 2.7715 1.04063 0.105222 5.29116
6.05289 5.23776 10.289 6.76655 14.922 3.46996 3.07726 2.05612
1.30727 4.61747 3.66756 12.1734 6.72289 1.97936 14.492 5.7163
0.104792 0.0628539 0.357177 7.09762 2.23159 19.7381 1.18186 4.96477
9.46889 6.61714 3.50545 0.375049 0.0632142 14.0779 4.64031 9.49133
2.9937 2.29351 0.571662 18.5317 8.0823 1.85924 2.94861 4.19279
18.9532 1.0764 0.353035 11.1097 0.480571 1.12738 0.5423 0.106134
5.52467 13.3851 6.37163 8.56633 2.06838 1.5239 12.2437 2.07545
10.6938 4.65634 2.80585 6.68444 1.82128 12.9297 4.76717 8.03218
0.328176 0.150233 20.3159 2.84562 0.0316117 0.753408 5.24628 2.94634
6.32112 6.92725 0.326006 0.740911 0.383123 0.53871 19.6453 2.45416
5.92537 10.9072 14.3224 1.11796 1.0891 10.6095 0.784304 0.82219
20.1876 6.40245 1.43359 1.98078 0.632005 4.13336 3.77293 0.787196
19.3998 6.15262 1.44235 1.90391 0.0933194 8.79004 0.0147644 0.886704
7.08916 5.23385 14.6617 1.44669 4.73537 3.24664 1.59642 12.0389
3.2432 13.1005 4.39402 3.43652 15.4685 3.26264 2.27062 0.169802
8.08028 4.56396 5.50415 1.21292 3.00487 2.5512 13.042 13.8557
1.07209 6.4889 6.8003 0.186134 3.65982 16.3353 0.0253824 9.13272
1.0966 0.653041 2.05308 1.17272 8.96464 17.7937 4.30973 5.09401
2.21821 1.18287 2.78402 20.6737 1.77036 1.47575 2.08446 4.67312
10.4379 3.24692 1.15185 18.3565 0.150714 0.689193 5.64047 1.34601
3.71236 6.87691 9.92419 11.0035 12.8648 2.70802 1.06574 3.82463
3.51134 12.8835 9.18522 1.51837 2.38458 12.0584 7.27773 4.74915
12.8402 3.6225 7.73764 9.11106 4.92057 6.43646 8.35742 5.03527
2.51112 1.28193 17.6939 1.1449 2.47614 0.589505 11.4367 3.47106
3.12231 0.578191 6.25688 14.2265 13.0791 4.43003 5.68476 0.496158
10.6123 2.65759 11.3914 2.29931 3.74499 2.63106 8.90996 11.3702
4.72086 15.4452 4.56814 5.24313 7.75889 2.38718 5.7889 6.28008
2.44759 13.3782 3.43984 0.857618 4.6135 0.749213 0.896963 16.6771
18.2442 1.23643 0.918448 0.72866 8.4183 1.10465 8.61273 1.56638
21.5248 2.25038 1.30905 0.862878 0.02959 4.31838 1.4705 1.73435
7.4413 5.90775 3.5466 0.673521 1.78778 6.12443 13.108 12.1189
8.23122 7.8651 2.77145 8.16898 14.472 7.23457 0.698525 2.13573
6.14791 2.49407 9.32664 3.52709 3.58197 15.5547 4.48391 7.19938
2.50635 7.14418 4.94556 6.61143 0.897726 0.42222 11.0669 14.6814
0.765121 14.1531 16.332 0.0732196 0.639809 4.08824 1.66897 0.211589
3.37992 10.5069 3.86554 7.90821 14.3035 0.488726 2.28875 7.84302
6.44909 1.15258 10.3367 7.46077 5.38551 13.7 0.401817 7.21117
2.09332 3.56705 5.63597 0.303828 16.257 9.87418 0.404314 8.70229
4.43596 4.29455 3.18754 11.8974 0.427302 6.36511 14.4101 4.91785
0.060134 1.3787 18.603 6.73761 6.94849 5.72348 0.155705 0.583696
0.09579 1.85363 20.7049 5.79376 3.47416 0.312632 2.00585 0.227699
3.5828 2.57844 0.97942 3.44988 18.3529 3.26657 5.43506 6.59948
9.19183 0.99531 5.51634 6.28594 1.87509 8.8735 1.92684 15.257
5.96796 5.1164 10.1045 6.6452 1.71852 2.40738 15.676 2.73653
1.48853 16.6359 3.80954 10.5224 0.340931 0.160698 1.18862 3.72689
5.80869 20.7273 0.73861 3.02021 0.691911 0.764386 3.77041 0.0968002
10.3785 2.75053 3.17344 3.07912 12.7087 10.0117 1.75022 8.6839
0.151607 3.58236 0.515104 1.69937 0.0803478 14.8524 0.0162584 13.844
6.48754 13.7391 2.00645 6.03439 12.323 8.32652 0.177239 1.01185
1.05606 10.3403 12.9621 9.84267 8.9315 2.10068 4.51952 2.09069
3.56349e-16 1.10843e-15 1.10826e-16 4.6293e-18 5.23143e-16 1.00854e-16 3.0234e-16 21.5619
3.4161 1.29501 0.553784 17.9522 2.72613 1.67452 2.19692 10.296
8.89016 2.35608 12.7365 4.32057 4.37701 9.81188 3.62699 8.62303
0.374573 0.197419 22.117 1.31356 3.02281 0.370214 0.455191 0.104406
10.5395 2.02499 5.42203 5.04092 3.7588 2.26124 6.98905 14.4966
1.9594 10.7099 4.0694 6.87246 4.6614 1.39987 16.2592 2.70999
13.6495 8.40076 7.59836 0.345786 7.57416 2.48793 0.69682 9.06401
0.845937 0.195517 0.32621 19.8335 0.108315 8.63473 0.330075 1.00156
10.2657 4.87252 3.73946 1.72344 12.7699 0.928338 10.5154 8.25593
7.427 4.31541 7.94218 0.237609 0.0872114 1.8932 3.1778 17.2593
2.57672 1.91635 0.223829 17.7984 8.55565 2.33916 2.87536 6.41306
5.60253 10.2333 8.21779 3.73583 6.94268 11.4341 6.1412 3.52987
2.99506 0.975205 0.940211 0.668674 7.12855 18.2841 2.59224 8.47349
1.1724 7.09605 7.43659 0.525335 4.00664 17.8833 0.0277878 4.09853
7.87472 2.54739 18.8477 5.55913 2.97933 3.17549 2.29682 1.60128
15.7486 1.51276 4.45393 1.58996 7.96249 11.9493 1.11098 3.66328
16.7891 2.7784 4.03509 2.06368 7.6753 3.48852 5.00554 7.81006
17.9585 5.67346 6.9485 1.74352 0.0917621 8.76577 0.0145502 1.05193
6.32693e-07 1.71618e-05 0.000114015 0.00172309 0.05074 1.77453 20.23 4.28893
0.516233 12.0869 3.87659 4.86498 0.440464 1.33676 3.68209 16.4662
2.29152 4.04848 6.59366 2.21929 13.9966 9.43722 4.14309 8.83609
3.80404 6.9123 4.6796 0.994876 2.75451 6.05564 12.8436 14.1936
4.18585 1.26072 2.58922 0.428968 15.9893 2.93433 1.43841 13.2467
8.26634 0.98226 17.1575 7.09963 1.42779 6.00211 2.21015 2.27617
5.31468 1.75966 3.13699 9.71994 14.7941 7.68716 6.03546 4.68045
3.7273 0.978556 19.6998 4.78868 7.13483 2.31534 0.725151 2.93006
8.36263 1.11423 11.9802 4.02978 6.67704 9.6056 3.76805 8.08691
0.244362 4.08076 0.598229 8.2597 3.92671 12.7329 0.150138 14.7847
7.79628 4.38639 5.55398 1.93746 2.93179 2.67486 12.8919 13.6963
2.69773 5.40833 4.62105 0.633063 9.07608 5.0753 16.6118 3.28116
16.4129 3.72109 2.61583 2.82936 6.01477 6.06296 10.1912 1.79361
0.912503 10.563 2.41821 6.57991 5.93468 13.4645 8.69906 3.94109
5.57536 11.2733 1.98782 5.40301 10.7859 0.288576 0.369599 12.7771
0.726241 0.69174 0.652487 0.446382 15.2159 2.52811 2.61493 15.0169
6.58529 4.99371 7.64156 0.198735 2.68734 1.87258 3.14318 17.0712
11.079 4.7561 2.35288 6.90402 2.3339 12.8675 4.83634 8.14872
0.822743 0.375251 20.5708 2.93809 0.616548 6.76057 0.354937 2.57894
7.53394 2.54334 5.06852 3.51907 11.3237 2.05922 12.7178 5.88787
1.36475 4.04008 2.49185 9.92711 5.48534 1.62829 11.8259 13.6845
3.6744 20.0839 5.16401 1.08217 6.92216 0.667572 1.39431 2.07236
4.33527 10.3847 3.60888 4.2621 10.0675 0.232422 5.62761 11.9068
1.24972 0.331002 15.5205 12.7855 3.68395 3.74879 0.112418 4.68515
3.8015 8.25901 8.42787 2.2312 0.249169 2.54954 0.880799 17.3313
2.53931 6.34658 2.38861 3.98665 3.85085 12.0535 14.6258 1.46044
17.7084 5.86952 5.14364 4.77879 0.446708 9.30107 0.605312 0.424875
0.00164351 0.0247375 0.00966509 0.171245 21.3438 0.584435 0.232703 0.30616
0.220285 4.71929 1.85496 2.52149 0.020445 20.0475 4.32071 3.03033
8.87353 1.21917 10.1627 13.5236 8.16874 5.52366 5.10699 2.06672
7.81472 0.426251 1.55345 0.341922 9.60484 0.28457 17.6627 0.742805
13.6957 2.44769 2.25332 1.24071 5.32021 13.9808 0.402684 7.44223
8.00397 5.37867 17.4017 3.22521 2.61962 0.98976 7.04216 3.34243
0.679529 0.215055 1.0644 19.4855 4.70699 0.870243 9.34143 0.130534
4.03291 16.4569 5.02598 3.24697 1.63181 3.36016 0.0990798 11.5499
7.65764 3.37353 11.5788 11.7483 3.63704 5.36289 6.62294 0.499335
0.413216 3.49963 21.3565 0.692963 0.866696 0.751534 3.7126 1.23858
4.90906 9.72946 3.71062 0.966663 5.88176 0.103322 16.7792 3.33734
10.1443 7.46291 1.9325 0.395835 1.42735 13.8276 4.71954 9.65103
4.01869 13.8844 4.08835 7.27594 3.17667 12.1407 5.88582 0.405393
0.42192 0.139468 3.79386 12.9234 6.47821 0.231398 15.5786 1.17916
5.90196 0.995488 9.26888 0.345619 11.7209 7.00189 12.5102 0.973479
7.86735 0.226595 2.49234 5.64076 4.45456 10.2655 3.56718 15.7431
3.20526 9.28126 2.32512 3.68379 0.309224 17.4358 1.53591 7.48883
20.8833 1.41123 5.89245 0.814564 0.287217 4.4747 1.11886 0.636179
0.703369 0.348417 6.92334 2.61972 9.87926 16.7437 5.368 1.93109
8.09164 2.33459 11.7711 8.66509 2.82666 7.97831 10.0219 1.32675
5.24017 5.25122 2.351 5.51805 2.85317 12.3047 13.5381 7.00893
7.1333 5.01583 5.74093 1.10566 1.17558 11.3885 3.88705 14.4516
8.1149 4.35158 7.03715 1.01616 4.20325 17.3469 4.95029 3.57294
9.94105 3.21792 10.4762 2.25059 7.26026 8.38902 4.91779 9.80137
10.9801 4.16376 1.62403 1.46281 2.70041 0.413755 2.07055 17.4747
2.43719 11.5051 8.52242 11.4082 2.1723 4.96124 7.21635 5.74691
6.37408 2.05885 0.537348 4.84508 10.628 16.7671 5.49816 1.96969
3.64806 5.70987 2.10701 6.55922 4.32231 9.92733 1.66041 15.8329
1.73864 5.88425 2.29514 3.16012 0.644027 18.4186 2.50247 8.42845
5.97065 1.56076 4.71634 15.3275 2.31813 2.21649 8.43797 10.2359
6.88414 1.06174 4.05927 5.14857 3.00337 3.48021 18.0012 4.93817
5.10736 7.75648 2.9374 2.38367 4.60298 10.3477 3.60881 15.5258
1.02946 0.518439 1.93425 11.343 5.46709 15.8622 7.24548 2.54004
0.129898 3.3561 1.03248 2.81864 3.4098 18.9498 5.7391 2.59939
3.94603 12.9102 3.81838 6.79548 6.87838 12.1753 5.90255 1.87558
2.93924 12.4929 9.32291 11.5972 1.57471 2.01658 7.42994 4.74767
1.78193 6.53812 9.49137 0.463553 12.2451 12.3987 3.54071 4.41344
3.70663 13.5393 8.01558 3.95923 0.177473 10.8652 2.16389 9.24481
3.07022 0.875143 10.8876 0.706247 3.29502 18.0602 3.19335 2.53124
0.875296 7.98699 2.3487 4.5738 4.92618 16.1427 1.15579 9.81004
2.58765 0.179744 0.130733 21.2887 0.029246 0.798705 1.46174 1.92672
3.98653 1.04661 21.0699 0.765739 2.48075 1.92966 0.718034 2.89725
7.57064 4.53338 9.64419 3.60091 0.0995791 0.0521535 3.01374 16.1489
4.85722 19.2421 6.46138 5.05339 2.98603 3.3252 2.31416 0.0324636
3.57535 0.429723 1.96032 19.358 2.49729 6.60454 0.928022 3.22082
7.88423e-16 9.31208e-17 9.78882e-16 1.32226e-16 2.06318e-16 3.54834e-16 3.53156e-18 21.7547
0.646215 4.84349 1.15546 10.1326 12.2455 1.5357 10.192 7.92083
6.65629 2.15745 5.21129 17.2169 6.03731 0.502809 7.92459 2.74015
17.0696 3.94521 5.05541 8.16847 1.08764 0.447493 9.12752 0.928093
16.0505 5.02977 0.763274 10.6048 3.41979 0.701355 6.9895 3.31837
8.38187 7.79753 2.15747 3.95301 12.3384 6.18492 0.942791 10.9093
3.01652 3.08776 0.784899 7.39933 2.33314 4.04363 19.0568 0.0723739
1.98197 0.589803 10.5755 1.38282 11.6842 0.782389 14.3235 4.98778
8.99867 4.52676 7.69828 13.0353 5.593 2.37621 1.37376 10.0352
13.6088 8.18387 2.39815 2.62216 11.2676 5.22881 2.23023 7.60424
5.77891 1.86584 0.915029 12.4979 13.3877 0.686791 9.32718 3.35974
5.03489 19.6041 0.702252 6.16666 3.15796 1.24312 0.115747 4.69645
4.39892 7.34926 6.54654 3.25687 5.21895 13.6195 1.08685 11.6266
5.41178 1.05787 2.19054 12.0139 2.56763 12.9328 4.88487 9.19291
0.350572 9.1637 13.2481 13.4211 0.24479 3.83894 4.09098 1.13629
14.7105 4.75885 1.50355 2.29589 7.72202 9.03799 0.349024 10.1931
9.85849 7.04816 1.5066 0.379401 0.759723 14.2324 4.69751 9.60597
10.0502 5.27856 3.28978 0.425034 11.2992 12.2912 6.71713 0.0191789
3.01376 1.14249 0.488561 15.8378 9.90329 1.47789 2.22154 10.5232
4.68274 15.3205 4.53126 8.05343 8.16049 2.51074 5.55248 1.83537
12.7702 3.97842 2.13864 5.70192 0.821265 2.43708 0.162086 14.2747
1.68245 0.122765 0.085022 13.845 0.01902 16.4843 1.26261 1.7113
7.50355 1.18193 11.3232 11.213 3.47134 5.51419 7.16994 6.38091
9.83911 8.25119 1.97127 5.16978 10.9033 3.61203 2.43589 10.4796
21.1413 3.07253 1.2922 0.860794 1.50224 4.30823 1.96153 1.73226
18.4207 3.95624 8.44734 2.18031 3.07809 5.61862 0.739913 5.39583
1.11121 15.373 6.87154 10.6506 2.98793 7.29426 0.67952 4.01769
3.45995 10.9192 15.8773 6.1285 3.41893 3.83489 5.61004 1.35777
2.16667 7.56668 0.663681 15.1659 7.44771 0.846823 2.74258 10.8954
14.2277 2.61297 6.82344 7.6236 10.4625 2.36054 4.51545 1.84253
7.41487 3.26658 12.0782 11.9607 3.70278 5.88184 6.62993 0.510236
21.3322 1.74801 0.80519 6.47762 0.662058 0.776453 0.154214 0.202855
0.855907 8.60278 0.344747 0.410455 4.31332 11.9069 4.67357 15.3441
5.56104 3.99735 9.59228 0.514699 12.1429 5.22688 12.1408 4.0273
9.88841 9.57895 7.9846 10.1637 5.9289 6.87027 2.74828 4.99336
1.50554 16.8261 3.94601 10.6555 0.37936 0.162735 2.04879 3.44828
2.15459 5.18244 7.8609 0.383922 10.3582 10.5074 12.0864 4.43675
12.8579 2.9718 7.63141 9.03212 5.62815 5.96796 9.01066 1.45303
2.7361 0.839744 1.16544 0.166993 18.7699 7.71452 7.87032 0.322629
0.711968 5.12617 1.22379 16.9481 4.51504 1.68858 11.2066 1.85551
3.87694 11.0382 7.81441 1.74383 6.35036 0.561781 15.0584 2.24842
0.0616558 0.0373136 20.1366 3.2086 2.78147 0.340656 0.418849 8.58463
1.33081 7.03468 2.37285 1.06214 1.16242 19.6169 0.751419 2.60636
11.6672 5.42696 11.703 1.03283 0.620837 0.597835 4.86179 12.6233
12.38 3.84086 8.2783 9.78895 10.2308 1.94559 6.16749 2.06163
3.95936 7.33448 11.1746 4.43319 6.88499 11.077 8.03996 3.5392
0.00118371 0.0293279 0.283772 0.227139 0.273878 10.9738 18.7839 3.03489
5.84195 13.9901 6.67101 7.19715 0.385948 1.42841 12.2081 2.02022
2.02615 9.01923 7.06465 1.1718 6.18157 2.01565 12.5975 11.0758
1.71313 12.7391 0.897701 1.28065 0.564082 2.63484 17.6579 3.86057
16.6184 7.60758 7.10497 2.74622 2.8071 6.94962 5.25234 1.19457
3.14943 12.4013 3.43382 4.14989 14.3401 7.44721 1.99426 0.889679
2.41963 0.537524 0.382112 17.1403 0.366629 0.837097 2.46032 12.7583
4.53277 17.6408 0.589121 3.36066 1.67482 2.78371 0.101562 11.2398
0.374168 0.934447 0.365918 0.604271 20.6445 3.79602 4.36956 2.44327
4.0258 0.115951 5.89032 5.8905 4.13882 9.50591 4.58228 15.8603
5.27963 12.7019 4.98813 8.49729 0.971842 0.587827 4.4636 12.6778
3.13037 17.1102 6.50133 10.9795 0.525517 1.1985 1.38756 2.64923
2.4457 2.41522 2.23615 1.31939 14.6474 2.52783 2.61464 15.0152
15.6116 5.42529 5.09103 4.86623 2.66123 6.1725 5.83678 6.23121
12.4613 12.9925 7.90008 6.34986 0.44151 8.46483 0.858299 0.887972
0.695903 10.7853 4.22102 3.7354 5.42994 17.0523 0.68538 2.73958
2.43006 0.618942 3.62307 2.17886 17.128 1.75667 10.6285 4.61213
2.99389 11.0577 5.3906 2.29675 0.461019 4.96993 15.4175 6.12984
1.71332 6.05167 4.80671 15.9545 8.81103 2.75786 8.27651 2.42969
10.1763 1.60293 14.5139 1.65371 2.29128 5.64961 7.196 6.25321
2.15832 3.38354 8.70775 2.73419 6.2649 7.73222 2.59459 16.0415
10.314 6.17616 0.838492 3.30769 0.0931408 5.44576 3.26124 16.2959
3.5883 10.2164 7.23264 5.80771 6.3868 0.565004 15.1448 2.26132
16.2186 5.36945 9.50914 3.61084 0.888416 5.28238 6.82233 4.77011
8.1544 4.79099 15.2135 8.68995 2.27689 1.99028 4.26523 6.53925
18.4229 9.75018 6.37971 3.13853 3.06237 0.723236 2.34714 0.328666
16.1797 7.67955 5.89375 2.82513 3.06053 1.0111 11.5638 0.97308
11.0573 1.61334 3.03047 8.46462 1.18724 1.30051 6.24916 14.649
1.65326 0.198695 3.43203 19.7312 1.60908 6.72106 0.819479 5.64546
11.3496 8.15543 2.7644 0.0272506 1.59738 15.4543 3.11522 2.79152
0.620171 6.22813 15.3312 13.7796 4.02075 0.703992 2.12697 1.02744
6.94839 2.93751 11.2453 11.1359 7.86373 5.88911 6.63813 1.94143
17.1271 6.09721 4.83718 6.50648 3.91423 0.978752 1.80202 7.17676
12.0324 2.82873 4.1982 8.42273 4.90147 9.02762 9.89912 2.8456
12.4877 7.05384 7.26524 3.83545 4.39362 1.81352 0.628754 13.7074
14.5387 0.638703 13.4556 1.45116 0.148119 4.69266 5.48822 0.833344
5.91929 2.36478 1.78976 15.0752 13.4764 1.43427 1.46355 2.8378
12.3586 2.89194 7.38076 6.57732 3.30533 4.60713 7.87187 11.439
0.469758 4.73111 5.92903 4.50216 4.08537 18.6271 4.44259 2.0551
3.82772 16.7229 7.01079 0.937708 10.2665 3.2072 0.730368 5.32622
4.18888 0.816261 2.94633 2.40694 19.4406 4.01707 2.71137 4.41669
13.8711 0.842744 3.87002 0.618171 15.0849 1.26101 5.51361 4.60823
11.1545 5.09886 1.50229 7.48292 1.06657 14.5461 0.77452 7.47726
1.04706 0.610452 0.354293 0.698576 8.14803 19.4016 5.53659 2.58959
2.88345 0.98328 3.58588 2.47414 18.9232 1.77976 0.0186015 8.11226
14.7986 9.08871 2.5711 4.1891 8.05815 1.25517 2.49437 8.42494
2.67084 1.35518 19.4503 9.27229 0.339359 0.595573 0.176684 3.75582
14.335 4.63738 2.99215 2.49451 7.65274 8.95691 0.493699 10.1033
19.9996 6.42113 1.03407 1.46779 3.16067 1.03812 0.135451 3.31301
4.22868 7.83336 11.9347 4.73473 7.77831 11.9573 4.57786 3.61652
1.27096 3.3611 16.1539 1.61269 7.57449 3.57137 12.006 0.414867
8.12498 12.2991 11.8714 6.15008 7.03181 0.639628 0.694143 6.59122
2.64995 9.19373 10.4483 11.667 8.62781 0.163616 5.16003 1.34442
5.07951 10.5399 3.19323 4.55595 1.76996 5.7449 0.116905 16.8515
13.5248 6.16863 9.42119 2.51123 9.51524 8.6448 0.355905 2.02775
0.0117356 0.0441674 0.115202 0.0935842 0.103438 0.0885329 20.7576 3.98536
8.99838 8.61964 3.59135 4.05617 14.0353 3.78201 1.86268 8.74684
13.494 8.30502 7.51176 0.461743 7.61986 2.46664 0.570295 8.9846
0.211216 0.201822 0.0711164 0.209619 0.291947 21.5453 0.697487 2.0935
5.50816 1.78532 4.42516 14.3812 4.85599 2.17036 7.63326 10.9705
12.2843 3.07629 8.54762 7.76724 7.69826 2.79698 9.62747 1.9635
0.27283 0.681366 0.266814 0.14435 20.474 5.40579 4.38298 2.46184
1.28794 0.917373 2.00398 5.02876 20.3912 0.433812 0.60997 0.918983
7.60684 1.9592 0.928146 0.433113 19.0621 4.09215 2.76205 5.09775
4.82517 16.5276 11.0891 0.482208 3.03692 0.718088 7.11196 1.23328
0.825045 0.2662 14.5415 0.86501 16.8083 0.609315 0.150451 1.96437
2.9145 15.9208 7.04828 9.57068 1.18077 2.26963 3.97104 5.5194
0.768268 4.06107 1.39786 0.614421 0.672428 13.5154 15.5207 2.63121
3.91804 1.26993 3.14768 16.9199 5.44302 2.35568 1.3373 10.7269
0.00478206 0.0503911 0.00283342 0.00192754 0.000745782 0.376997 19.6852 1.05372
4.10771 15.9948 4.0457 4.50323 5.13429 8.45698 9.44633 0.333002
1.70006 3.14925 4.6301 13.9936 7.13826 11.4946 5.03819 3.49544
10.2048 2.00276 4.13123 7.06601 4.10778 13.1358 3.75305 9.27564
6.76224 11.5753 9.44285 5.27909 8.10766 1.94288 7.85103 3.59331
6.43956 2.11102 15.0573 4.64626 10.402 6.81804 0.643992 1.63484
9.98807 5.26423 17.5636 2.30985 4.21028 0.441271 6.32643 0.55866
4.07112 2.36325 3.25328 0.313327 19.4862 4.02651 2.71774 5.01598
7.0721 2.68181 12.9094 2.36216 3.45865 0.591165 2.59975 15.1094
10.7913 6.23234 0.90478 0.35451 1.82469 0.438124 17.916 0.408051
5.53882 4.06664 0.57666 3.49824 4.91765 11.8032 2.93714 14.9166
2.47223 13.6793 3.93182 6.99737 7.08273 12.537 3.09362 1.87791
9.83053 4.72901 1.67396 0.434833 1.23675 11.3217 4.04334 14.3569
2.73276 0.826904 4.29631 2.55084 20.0522 2.05657 1.98784 4.66398
16.3757 6.07388 4.71357 6.25683 3.76404 5.43658 1.79682 6.92091
5.19533 1.97227 11.2979 7.49115 15.9574 0.812271 2.23925 2.32795
4.11103 6.86947 6.11888 3.04411 4.87801 12.7298 6.40998 11.6845
1.97499 8.88786 6.95814 1.15413 6.6928 2.02995 12.6869 11.1543
0.300524 0.0556511 0.602227 16.0543 13.2488 4.48751 5.75853 0.502596
2.85729 15.6177 5.93419 10.0404 6.24091 6.59111 0.87303 2.21816
0.961743 4.9767 0.763765 10.4318 10.0986 1.29389 7.45618 13.3866
8.96139 2.37353 3.71126 18.1819 6.09718 4.19592 0.118897 0.625696
7.64603 14.0366 6.96056 9.45156 0.834206 2.23949 3.91831 5.44611
2.78807 4.73711 7.79087 1.42548 16.1231 0.849974 5.00758 8.91319
9.971 1.57059 14.2211 1.90563 3.4496 5.605 7.13918 6.3563
3.98936 0.114901 1.4664 8.79389 4.35166 10.0283 3.48478 15.3795
0.61354 0.163387 0.278656 0.0994109 0.519954 20.8625 8.17208 0.984492
4.46672 10.3656 16.7052 4.11379 2.03269 0.807576 2.25024 6.76303
5.92535 5.78441 3.69568 8.44888 12.5573 3.68067 0.559675 11.6799
1.24141e-21 3.36734e-20 2.23711e-19 6.0438e-15 2.58455e-09 0.850872 20.4905 1.23937
1.71758 3.00869 5.42389 14.4057 7.42535 11.3049 5.15116 0.425316
4.14303 7.6747 11.693 4.63883 7.20436 11.5908 5.08319 3.52996
4.90485 17.4453 2.68808 2.87147 5.72478 0.0128405 1.35092 0.3434
0.622154 2.51618 16.1633 1.0561 7.19851 0.309306 11.6471 3.45988
10.3408 4.50804 3.24279 6.39653 6.19076 14.4843 7.09009 0.850064
5.74176 10.7278 1.8674 5.22371 10.4279 3.43545 2.32918 12.7132
2.44002 2.40961 2.23095 1.65145 15.0017 2.58896 2.67787 15.1612
13.1738 3.7166 8.59323 9.53577 5.15469 2.61335 8.33424 5.02772
15.715 12.0248 5.41869 0.779547 5.03034 1.1261 3.01055 0.860515
2.52853 1.29082 18.3051 1.18368 2.58105 0.609563 11.8258 0.311157
0.22954 2.00657 0.375182 3.29693 8.38294 3.52505 19.0261 3.06747
2.91869 5.34421 8.44701 2.90469 14.0908 10.2947 1.41462 5.47592
10.1758 5.64451 1.31764 0.360958 1.93763 0.313366 4.36194 17.6622
14.1976 6.73878 5.17174 2.38355 2.68338 0.8865 10.1246 10.5256
