28 0.698461
1.38061 5.59522e-158 8.96365e-100 8.54641e-27 3.5262e-72
1.16433 2.54217e-54 1.5399e-19 0.947986 1.37496e-112
0.0218046 1.52561 9.90608e-100 9.44497e-27 3.89694e-72
0.0217699 1.25494e-181 0.0106603 2.13838 1.61043e-82
0.000943099 8.39504e-194 0.0707921 1.62795 1.01814e-29
0.000769762 0.0433141 2.06361e-23 2.6817e-28 2.14946
0.000477804 0.000504396 1.98683 3.87664e-83 1.13401e-99
8.99841e-05 0.00629595 2.01703e-315 0.00219456 1.64276
1.91592e-05 1.96549e-05 0.0784923 2.27309e-188 1.86345
8.2053e-08 4.61707e-06 0.000346627 0.00797111 1.96563
0.0859708 0.122684 0.201555 1.40228 0.281594
0.000414473 0.00050133 1.86015 3.62947e-83 0.774614
0.620539 0.750579 1.31028 3.18541e-83 0.0491576
1.25618 5.09092e-158 0.87584 4.04934e-31 9.56831e-30
4.65079e-06 1.36818e-82 0.000349103 0.00802805 1.97967
0.000306199 6.68547e-58 0.0383846 1.9242 0.380426
0.00623284 0.00516655 1.51107 0.506156 0.663619
1.34972 1.41567e-27 0.660936 3.32572e-60 0.870088
0.000614352 8.22017e-72 1.75685 3.4279e-83 1.00275e-99
1.22114 0.97647 5.36093e-141 0.309241 5.19024e-24
0.00038142 0.00046135 1.71181 0.573388 0.751766
0.271734 1.42084 5.45531e-48 0.384474 0.565057
0.288348 0.304396 1.37939 0.482913 8.67809e-100
0.000319965 2.17702e-29 0.0401103 2.01071 1.14787e-99
0.000170764 0.00960878 0.72138 0.625468 1.46853
0.000283865 2.30346e-162 0.0355849 1.78385 0.742989
0.0194367 1.35993 6.47877e-22 3.5964e-31 1.01143
0.000801505 9.05298e-22 0.100475 1.79731 0.355824
0.353989 1.50418 2.09992e-117 3.41956e-60 1.88713e-25
4.29914e-06 3.98081e-05 0.1145 2.04812 1.17082e-99
0.881271 0.930319 0.245197 0.0153296 0.895331
0.00474099 0.331715 2.15388e-100 1.25138 0.962745
2.29514e-05 1.9025e-05 0.00373711 0.187339 1.69397
0.0200875 0.264412 5.93423e-18 1.48069 8.58575e-100
0.208308 0.213697 0.401512 0.407315 1.20463
1.06013 0.628275 1.09298 1.40358e-143 1.0292e-29
0.0837163 0.0883755 3.75622e-102 0.679733 1.28947
0.466262 1.2752 4.6554e-141 0.268543 0.801316
0.00319948 0.22386 0.198568 1.12881 0.868444
0.00467419 1.37507e-79 2.22657e-24 0.00584083 1.843
1.20402 4.87956e-158 5.73542e-22 3.18377e-31 0.895381
0.642239 0.513559 1.18515 6.16873e-34 0.83514
0.00525915 4.26759e-161 0.0339695 1.72311 0.340669
0.106836 0.989253 1.33871 0.0195979 0.00465624
0.444023 0.355058 0.819375 1.14672 1.85594e-25
0.00714895 2.1031e-79 3.40544e-24 4.42542e-29 1.76123
0.234396 0.995999 0.501047 2.52119e-60 1.27915
4.09601e-06 0.00023048 0.00514453 0.118413 1.76036
0.0161581 1.13054 1.00281 9.35537e-27 9.4429e-30
0.11647 0.196617 5.11407e-18 1.27605 0.889537
1.10266 4.46877e-158 0.768805 0.357265 0.525069
0.93163 0.955732 2.98682e-17 0.0367186 0.916181
0.0191614 1.34067 0.934846 4.32215e-31 1.02129e-29
0.538054 0.446006 0.940282 0.953873 0.629122
0.507901 0.421011 0.887589 0.900418 0.978573
1.09481 2.39039e-54 1.12466 3.58346e-59 0.310247
0.80817 1.03497 0.643017 3.23555e-60 0.846499
0.571959 0.603792 0.854359 0.970777 0.0462964
0.149181 0.633901 0.938552 3.9551e-12 1.06674
0.308562 1.31115 0.659586 3.31892e-60 4.884e-24
0.0203428 1.42333 4.55991e-313 0.496126 9.41893e-30
0.78308 0.626181 0.490982 2.47054e-60 1.25345
0.360868 0.609194 0.952637 0.966407 1.40167e-112
0.425376 0.466877 0.910279 4.73802e-34 1.0346
6.61164e-05 0.00462599 0.347277 1.31007 0.42155
0.489609 0.59221 1.03382 0.431463 0.932144
1.02208 4.14221e-158 4.86874e-22 2.70267e-31 1.15017
0.371487 0.530126 0.870934 0.883523 0.960212
1.03778 0.829853 0.650679 3.27411e-60 1.11418e-82
0.188227 8.96458e-37 0.166944 0.949033 1.10486
0.309891 0.374831 0.499603 0.233545 1.37305
0.0753777 0.134616 5.28992e-142 1.10537 1.09986
0.941544 0.557997 5.21356e-22 0.290887 1.27439
0.000192203 0.0155075 1.16413 1.00935 0.479255
0.0194583 1.09491 0.971264 3.87055e-31 9.14583e-30
0.596727 1.00736 1.20275 3.27509e-83 9.58046e-100
0.00851663 0.00899063 1.55244 0.520023 1.08531e-22
0.00409823 0.286742 1.86187e-100 1.08172 1.25933
0.0208977 1.46216 9.49405e-100 0.480388 3.93122e-72
0.00272899 5.9584e-57 0.179702 4.10329e-60 1.62478
0.0621877 0.818579 1.83715e-17 1.60179e-83 1.53294
0.0112529 0.787335 0.698384 0.0897625 1.1887
0.562961 0.450166 0.352971 0.922855 1.14208
0.395664 0.417685 7.6092e-20 0.468433 1.38539
0.638362 2.58709e-158 0.566183 0.739756 1.27082
0.687878 0.550054 0.431292 1.12763 1.12539e-82
0.998167 0.798173 0.9826 3.56749e-60 5.24978e-24
0.534451 0.564197 1.04559 0.436378 0.942761
0.112955 0.590621 0.533335 0.213624 1.27912
0.248585 1.21244 1.6819e-117 2.73885e-60 1.15574
1.12755 4.56964e-158 1.00006 0.495119 4.05177e-72
0.0133487 9.08233e-28 1.67337 3.82061e-59 9.5513e-100
0.0054024 0.022956 8.08594e-143 2.08045 1.5668e-82
0.0241316 2.11891e-27 8.27399e-143 2.12883 6.93288e-24
0.843459 0.890403 1.12229 3.79559e-59 0.019733
0.305237 0.834809 1.28105 3.45044e-60 5.07753e-24
0.390196 0.696849 1.15104 5.9912e-34 0.811105
0.0218742 1.04179e-37 1.64195 4.34215e-31 1.02602e-29
0.824994 3.34346e-158 3.9299e-22 1.47088 0.524537
0.160205 4.71295e-78 0.142091 0.807746 1.28524
0.844496 0.675292 0.52949 0.238124 1.14606
0.559761 0.716852 0.445371 1.16444 1.88461e-25
0.0210772 1.47472 5.56194e-48 0.391989 4.59369e-07
0.958979 1.22811 0.763007 3.83932e-60 5.6498e-24
0.108865 0.114924 0.144853 1.19814 0.835228
0.733254 1.60097e-54 0.986539 2.39836e-83 0.843456
1.15363 4.67532e-158 1.02319 1.31396e-143 8.85762e-67
0.0874965 1.15172 1.52762e-19 0.940421 0.62025
0.687924 0.832085 1.10907 0.518446 0.322653
0.393598 0.504057 0.313164 0.81878 1.21831
0.125713 0.21222 3.26224e-20 1.37731 0.582672
0.0689871 2.89695e-107 2.36536e-142 1.84891 6.02508e-24
0.01856 1.2986 4.89769e-48 0.110762 0.969315
0.013015 0.171317 3.84489e-18 3.35231e-84 1.55325
0.32926 1.3344e-158 1.56845e-22 1.242 0.955525
0.710017 2.98155e-106 0.347683 0.90903 1.12497
0.529667 0.755854 1.24178 0.0425659 8.83432e-100
0.551191 0.930484 1.11097 0.0426546 8.85272e-100
0.406815 0.492067 0.858999 0.871415 0.574737
1.10335 1.16476 2.12191e-19 3.13042e-83 9.15727e-100
0.492983 0.631334 1.15443 4.86484e-12 0.813495
0.430192 1.17656 1.11642e-41 2.77221e-60 1.16982
0.0652596 0.859015 1.15907 0.483738 1.04508
0.00839422 0.587322 0.520968 1.3998 9.21919e-67
0.46369 1.8792e-158 0.323297 0.706356 1.39143
0.61851 0.366554 0.501284 1.31139 9.85546e-30
0.00170178 0.00100855 1.69596 0.45075 1.26231e-06
0.534013 0.645921 0.860931 0.978245 0.306259
0.0177797 1.244 4.69177e-48 0.48197 0.992203
0.136197 0.108908 0.561092 1.30024e-60 1.42397
0.241229 1.26134 6.11734e-22 3.39577e-31 0.955004
0.00721901 0.00762079 0.691233 0.231562 1.36139
0.664667 1.18702 0.666186 3.35213e-60 0.876999
0.950051 3.85028e-158 6.16822e-100 0.823662 0.935064
0.0394883 0.0666615 0.254895 1.4876 0.629327
1.11492 2.43428e-54 1.14531 3.64926e-59 1.05952e-22
4.95885e-05 4.11051e-05 0.184192 0.0616969 1.75611
6.0522e-05 0.000560407 1.6119 0.539922 1.55671e-112
0.583238 0.48346 1.01924 0.425381 0.919004
0.000119205 1.59499e-72 0.340888 1.90347 1.10372e-99
0.272904 0.487378 0.805043 1.12667 0.864464
0.457047 1.91926e-106 1.47056 3.40778e-60 1.88062e-25
0.667193 0.533513 0.656787 2.38458e-60 1.20984
0.533466 4.74867e-191 0.473147 0.891034 1.28424
0.751396 8.48701e-19 1.01095 1.02556 9.271e-100
0.524683 0.885735 1.05754 3.3696e-59 0.614591
0.718092 1.21224 1.86345e-19 3.21682e-59 0.966808
0.101032 0.106655 1.94299e-20 1.31232 0.906121
0.0985392 0.912429 0.839778 2.84013e-59 0.853594
0.570206 7.62949e-69 0.767171 0.77826 0.845812
0.894591 3.75663e-106 0.438066 2.20427e-60 1.11836
3.10497e-06 8.84994e-05 0.0759197 1.74571 1.09179e-29
0.759588 0.450163 0.615623 0.933193 1.05941
0.0722426 3.44066e-37 3.44131e-23 1.66116 1.03891e-29
0.953934 3.86602e-158 0.665108 0.382032 0.910277
0.00488165 1.97839e-160 0.366432 1.38233 0.539867
1.09559 3.278e-77 0.971715 0.567315 9.02117e-67
0.438074 2.98063e-26 0.589397 1.67665e-59 1.37129
0.00560675 0.39229 1.47953e-48 1.4799 9.56615e-30
0.022555 4.9246e-56 1.48523 2.89827e-83 0.618559
0.180504 0.149624 3.10082e-20 1.30916 0.55384
0.313827 0.401899 0.734898 1.0285 0.789142
0.0374316 3.03743e-160 8.37668e-19 1.87637 1.07118e-99
0.772577 0.792564 1.13699 3.09601e-83 0.660761
0.00597889 0.418327 0.371065 0.698792 1.37653
0.514486 0.527797 0.757159 0.860332 0.935008
1.05218 0.872179 0.0663044 2.66974e-83 0.938891
0.475641 0.802945 0.853974 1.02995 0.322447
0.0829244 0.767843 1.03908 1.0541 9.52902e-100
0.204289 0.163357 0.965965 1.1507 1.14842e-82
0.0187517 1.64652e-27 0.0603339 1.6933 5.51797e-24
7.74629e-07 1.03647e-74 0.00221519 0.855914 1.59826
0.285718 1.21408 0.958913 6.72791e-34 5.12323e-24
0.542118 0.57229 0.809785 0.920128 0.288065
0.636984 0.770469 2.23716e-17 0.813934 0.884583
1.35986 1.0874 5.96992e-141 3.85306e-60 1.3112e-82
0.848159 0.502654 0.687408 1.04201 5.75532e-70
0.000749142 0.00391712 0.29936 1.12931 1.31473
0.794315 1.06281e-68 0.726842 0.876621 0.952711
0.00938936 0.656949 0.582728 1.0974 1.04523
0.970439 1.02445 1.8663e-19 2.75332e-83 0.587624
0.000997941 0.0561536 1.2534 0.333461 0.965426
0.052195 3.00881e-181 0.0401289 1.76451 3.1211e-49
0.447296 0.472191 0.875085 0.887733 0.5855
4.28725e-07 3.9698e-06 0.0114184 0.204246 1.84936
0.00187758 0.0024045 0.0150462 1.35435 1.33475
0.00420015 2.85775e-28 0.276577 1.54455 0.65342
0.654989 0.523755 7.4739e-42 0.964306 1.19338
0.424728 0.716997 1.12122 2.72578e-83 0.958599
1.05153 1.27188 3.69308e-17 1.03105e-14 7.47271e-63
0.000954874 0.00499285 3.30037e-102 0.00440709 1.65746
0.00722731 0.406676 0.360751 0.969309 1.25064
0.0104163 3.11655e-79 0.781884 1.39414 0.497171
0.00829854 2.44129e-79 1.45322 0.38624 0.467696
0.475766 0.502245 0.930782 0.944235 0.295612
0.53174 0.897649 2.33481e-17 0.849463 0.923195
0.618712 0.679075 1.32401 6.89147e-34 5.24778e-24
0.726477 1.22639 1.88521e-19 0.0392149 8.13884e-100
1.12623 3.31319e-77 0.998892 3.98065e-31 0.568294
5.29064e-05 0.00048989 1.40907 1.14725 0.756666
0.127675 0.667587 0.602836 7.7415e-144 1.3973
0.17666 0.750667 2.64413e-141 0.886723 1.09737
0.609582 0.737326 0.982763 2.67606e-83 0.941116
0.604367 1.02025 0.0575305 0.96662 0.637529
0.831407 0.664825 0.521283 2.62301e-60 1.16808
0.917372 3.71784e-158 0.639616 0.969562 8.5021e-67
0.0116725 0.816692 3.89075e-22 0.708117 1.21647
0.0167959 6.80689e-160 1.26075 0.335112 0.970205
6.10427e-05 8.71103e-05 0.304182 1.69851 1.58016e-112
0.980304 1.07594 0.712761 7.51665e-25 1.97925e-25
0.695901 2.82028e-158 0.4852 5.25154e-27 1.30477
0.0308018 0.0394461 0.161028 1.20813 1.1391
0.241161 7.09454e-78 7.72525e-314 0.909676 1.44743
0.00144223 0.00754112 2.89541e-50 0.000654799 1.89838
0.506416 1.48979e-77 0.449156 1.01279 0.905904
0.866382 0.718165 1.48833e-19 0.916237 0.6043
0.155874 0.164549 6.99382e-102 1.26562 0.882264
0.907119 1.98058e-54 1.22046 2.96705e-83 8.67937e-100
0.547425 0.662143 0.786153 0.390073 0.842724
0.448821 1.81894e-158 4.20397e-23 0.800199 1.41109
0.321353 0.573902 0.947963 2.55328e-60 1.29544
0.824223 2.42472e-77 3.92622e-22 1.23321 1.10306
0.0532732 3.07096e-181 0.0260869 1.58976 1.19801e-82
0.938016 0.750074 1.63213e-117 0.237543 1.14326
0.0123626 0.695636 0.617079 7.92442e-144 1.43031
0.00545996 2.21276e-160 0.409842 1.54609 9.18789e-67
0.00386038 0.000123931 0.00342565 0.00447584 1.68332
0.0632127 2.56183e-159 3.01117e-23 1.45352 1.08195
0.990349 1.1186e-18 1.3098e-19 0.806333 0.876321
0.0330661 0.0324533 2.20701e-23 1.06535 1.19999
7.9838e-05 2.3487e-81 0.0059929 0.00519611 1.9542
0.678978 0.542937 1.25295 3.37475e-60 1.8624e-25
0.035779 0.152033 5.35516e-142 1.119 1.11343
0.0464998 2.21462e-37 0.0412421 1.42918 3.6537e-72
0.000792819 0.0225973 0.980748 1.22586 9.81013e-30
0.00355556 1.69339e-38 0.266892 1.00683 1.17214
0.0066713 3.22675e-08 0.836304 1.63182e-83 1.56169
0.0243476 5.316e-56 1.60328 3.66089e-59 9.152e-100
0.0238223 0.0425441 0.156885 1.17704 1.17118
0.163727 1.51604 2.01673e-19 3.48143e-59 8.70336e-100
0.761866 0.921521 2.67576e-17 0.400504 0.865259
0.0169952 1.18911 5.66497e-22 1.01336e-143 1.33827
0.024173 1.15127e-37 0.539477 0.962794 1.24224
0.408979 1.94782e-36 2.96291e-87 1.5427 9.9721e-30
0.464682 0.562061 0.749157 0.851239 0.56143
0.87482 0.69954 0.548502 2.75997e-60 1.16465
0.452508 0.808131 1.33486 6.94796e-34 1.98414e-25
0.0386868 0.202286 0.182665 1.0384 1.2089
0.00182091 7.37961e-161 1.56112 0.414912 9.27874e-67
0.529628 0.945857 0.530837 2.67108e-60 1.18949
0.588471 1.05095 4.12982e-141 2.66544e-60 1.12476
0.443864 1.30577e-77 0.393677 1.05778 0.901911
0.12361 1.14458 1.04438e-19 0.937322 0.618206
1.15383 0.683809 5.05801e-48 3.54661e-31 0.997424
0.0138651 0.0167707 1.43289 0.480015 0.298736
0.909437 0.727221 1.5824e-117 4.97965e-34 1.30738
2.70122e-05 0.00188997 1.62049 0.430693 1.04767e-29
0.645568 3.07461e-36 0.572575 1.07828 3.5273e-72
0.0129552 0.906439 0.804032 0.398067 0.948484
0.648052 0.783857 0.930662 2.68988e-83 0.945975
0.613006 0.874782 1.09731 0.512949 1.07055e-22
0.00557914 1.21814e-56 0.0360364 1.82795 1.04354e-99
0.0182472 7.83382e-42 0.407228 2.5234e-27 1.5856
0.0108223 2.36291e-56 1.35666 0.454443 0.981791
0.015128 1.05847 5.04257e-22 0.917749 1.04188
0.763849 1.28948 0.0727119 3.42583e-59 0.624847
1.09131e-06 7.63564e-05 0.00573214 0.00497002 1.86917
0.605261 0.501715 1.05773 2.57144e-83 0.904321
0.60229 1.07562 0.947785 3.44109e-60 5.06377e-24
0.639202 1.07906 1.65872e-19 1.02113 1.48105e-112
0.0234824 0.000120242 8.05153e-143 2.07159 2.53005e-25
0.001498 0.00783276 0.598608 0.748083 1.07821
0.874917 3.54578e-158 8.19508e-23 0.758523 1.30306
0.00590642 2.3937e-160 2.2274e-50 0.0015698 1.50563
0.014666 1.02614 4.88857e-22 0.272754 1.19495
0.425966 1.46599 1.38493e-19 0.017937 0.635768
0.0105162 0.591741 0.524916 0.685838 1.17819
0.000100782 2.96484e-81 0.00756502 0.0020108 1.9286
2.15372e-06 2.27359e-06 0.00895574 0.0799997 1.9111
0.00308338 0.00302623 0.756564 1.132 1.01253
0.451692 0.806673 0.710799 1.10259e-56 1.30933
0.00727347 2.94772e-160 0.54597 0.6823 1.34404
0.0183223 7.69403e-108 0.0589524 1.65452 0.496846
0.845694 0.701016 1.12841 0.527488 1.10089e-22
0.627635 2.9892e-36 0.556669 5.19324e-27 1.29029
0.000792703 0.000840105 0.00371641 1.81657 5.91559e-24
0.0130314 1.05141 0.932601 3.71648e-31 0.437149
0.0338295 0.143749 0.728341 0.854513 1.05751
0.153811 0.804246 0.726239 2.89411e-31 1.23164
0.000158599 0.000191834 0.0312024 1.56416 1.03705e-22
0.0436595 4.93133e-20 1.22468 2.39107e-83 0.840889
0.0111235 0.77828 3.70775e-22 0.972633 0.926401
0.00361067 0.0188795 1.44284 0.38351 0.563641
0.00775674 0.0405585 1.55724e-49 0.94951 1.46174
0.864176 1.04527 3.03508e-17 0.454287 8.16368e-100
0.858761 3.48031e-158 4.09075e-22 1.53108 1.09686e-29
0.130805 0.555817 0.822942 1.15172 4.97047e-24
0.00263995 0.0138038 1.05494 1.31836 1.05504e-29
0.70219 0.849341 1.13206 3.60705e-59 9.01741e-100
1.35726 5.69949e-106 4.65363e-141 3.00351e-60 0.785791
0.500849 0.894461 0.788153 1.94114e-22 1.2075
0.879138 3.69174e-106 1.26704 0.305012 1.91982e-25
0.010925 0.0571248 1.29798 3.43566e-31 0.966221
0.754985 0.797004 1.12775 4.55781e-187 0.655395
0.00417869 0.00596314 1.35909 3.9359e-187 0.565967
0.577516 1.03138 1.05344e-41 4.0926e-12 1.32716
0.013214 0.0169224 7.36156e-143 1.89407 2.31324e-25
0.0960226 2.82482e-78 0.921495 1.38622 1.04178e-29
0.653616 0.689994 1.27873 0.0187198 0.663515
6.50317e-05 0.0045501 0.34158 1.28858 0.991364
0.00955156 0.668298 3.18379e-22 1.19162 1.01603
0.000752371 0.0526414 3.81408e-88 1.21057 1.36356
0.000204892 0.0143358 1.0762 2.74159e-153 1.21117
0.84539 1.84581e-54 0.868437 0.986774 0.650822
0.395336 0.706028 7.21125e-42 0.930419 1.15145
0.0303808 0.881362 0.905927 1.02937 9.30545e-100
0.879794 1.06416 1.82614e-19 2.69408e-83 0.947452
0.0331388 0.16163 5.6571e-142 1.18209 1.1762
0.000251954 0.0141773 1.06436 1.33014 1.22547e-06
0.782047 0.858345 0.568612 2.86116e-60 1.27414
0.00145794 0.0820376 0.78741 1.41147 1.01117e-29
0.00658645 0.00695303 0.630665 0.51354 1.34293
0.000128325 0.00897858 0.67403 1.20183 1.02474
0.773747 3.13577e-158 0.686261 0.400658 1.24812
0.00556256 2.25434e-160 0.0533819 1.23412 1.39009
0.000418931 0.0119406 0.896849 5.55226e-27 1.37949
0.021106 4.60824e-56 1.38982 3.17349e-59 0.953785
0.00168094 0.0479108 1.0699 0.928499 1.05408
0.0186042 1.95132e-29 6.37883e-143 1.64122 0.950253
0.000144436 0.00411679 0.309209 1.16646 0.897416
0.011847 0.828903 0.735255 2.82254e-153 1.24693
7.31524e-05 0.00511828 0.384234 1.44949 8.61381e-67
0.00603664 0.00637261 0.578019 0.470672 1.39201
0.000312617 0.000378129 1.40302 0.469956 1.01531
0.00154397 0.0203233 1.34213 0.449613 0.971355
0.179348 0.143414 1.13258 2.55731e-60 1.07913
0.0496546 0.0524181 0.00350294 1.41045e-84 1.71615
0.098892 0.420214 0.622168 0.870731 1.07758
0.473159 0.572313 0.999084 1.01353 1.47001e-112
0.134259 0.654831 0.963392 2.59484e-60 1.15554
0.503792 0.850468 1.01543 3.23543e-59 0.972401
0.00273621 0.0793787 7.20539e-21 1.42073 0.976405
0.764274 1.2902 1.98329e-19 3.4237e-59 8.55905e-100
0.124567 0.651337 3.15891e-22 1.18231 1.00809
0.279794 6.10896e-55 3.70047e-20 1.56233 9.05911e-100
0.0193022 4.21439e-56 1.27104 0.0105666 0.872298
0.00299214 0.00505112 1.09579 0.892193 0.588442
0.0509573 2.13983e-107 0.0249529 1.52065 0.456644
0.00151216 3.30162e-57 0.189562 4.32807e-60 1.71379
0.776236 0.938903 2.72623e-17 0.99187 1.04135e-22
0.000249082 0.0174276 1.3083 0.111588 0.976549
0.779669 0.823062 3.49825e-101 0.923062 0.608801
0.0372487 0.0628808 0.00354576 1.30885 0.899516
0.0163373 1.14308 7.4222e-100 0.99111 3.86434e-72
0.926665 2.02326e-54 0.951927 2.5921e-83 0.911587
0.512463 0.731304 1.20145 2.92082e-83 0.623373
0.0121673 0.0147171 0.0256915 1.60463 9.16049e-100
3.26772e-05 0.00183873 1.57664 0.419038 1.01932e-29
0.171351 3.74123e-55 2.26623e-20 1.53064 0.641377
0.0413492 3.68072e-192 0.396813 1.50492 9.72786e-30
0.000175277 0.0122636 0.920643 7.84561e-144 1.41609
0.875688 0.0281126 0.777075 0.384721 0.916684
0.0335908 1.36134e-159 0.749658 1.3379 0.579088
0.895054 3.62739e-158 0.793852 0.393027 0.936475
0.956503 0.764857 0.599717 3.01768e-60 0.789497
0.0086843 0.00916763 1.58301 3.08881e-83 9.03555e-100
0.840322 0.696563 1.44356e-19 0.888677 0.965813
0.610535 1.03066 1.58434e-19 0.975338 0.643279
0.0282713 0.805801 0.71513 9.18357e-144 1.2128
0.698749 0.845178 1.12652 3.58937e-59 0.654677
0.801531 1.02647 1.16063e-41 4.50904e-12 1.21614
0.719872 9.63205e-69 0.968535 0.982535 0.307603
0.0167097 2.23579e-70 1.10032 0.895976 0.973746
0.0144936 0.815547 0.723449 2.88299e-31 1.22691
0.000422869 6.17727e-71 1.20927 0.984576 8.9005e-100
0.0535344 0.704675 1.58151e-17 0.236718 1.3917
0.00099491 0.0696112 6.52094e-24 1.60082 4.09248e-72
0.0640582 0.843201 1.8924e-17 1.64997e-83 1.39621
0.240266 1.38503e-180 0.773061 0.930835 1.21568
0.00035006 0.000369542 1.45564 2.84019e-83 0.998837
0.019684 0.0351535 0.019729 1.2023 1.18565
0.681387 0.824178 1.41432e-19 0.870673 0.574248
0.763201 2.24521e-77 0.676907 0.884425 1.00404
0.00438684 0.125036 5.9598e-23 7.74486e-28 1.85821
0.00292949 1.39521e-38 0.00259826 0.00489305 1.54394
0.0100963 0.0103575 0.952462 0.775575 0.842894
0.00281291 0.196812 0.943146 1.20394 8.85755e-67
0.000570194 0.039895 0.0278187 1.11843 1.25978
0.00492532 1.99609e-160 0.369711 1.3947 0.448781
0.0110476 4.47727e-160 0.829268 1.03634 0.987079
0.0142239 4.25576e-79 1.06769 0.925732 0.439551
0.07519 5.11587e-27 6.82112e-21 1.34496 0.924332
0.0086468 9.06925e-30 0.012462 1.33809 1.31872
0.869681 4.14198e-36 4.14277e-22 1.08675 3.55501e-72
0.000333574 0.0233393 1.01243 1.26546 1.01271e-29
0.0172055 6.97288e-160 1.2915 3.41538e-31 0.960518
0.0695992 4.01208e-181 6.20257e-43 6.58039e-58 1.70567
0.62824 0.896522 1.44786e-19 0.89132 0.587865
0.00436212 0.0046049 0.795144 1.55151e-83 1.48483
0.0172389 9.93745e-182 0.0554665 1.55669 0.90188
0.879498 1.92028e-54 0.903475 0.42234 0.912434
0.00773096 0.540915 2.57694e-22 0.964493 1.24443
0.50955 0.65255 1.19323 6.21078e-34 0.840833
0.0626351 0.824468 1.11246 1.12854 1.63683e-112
0.0104337 0.73002 6.83857e-23 1.30168 9.32517e-30
0.00258315 1.08473e-108 3.51033e-120 0.0692306 1.69782
0.00528895 1.55592e-79 0.00469094 6.02402e-146 1.74165
1.09695 4.60639e-106 9.77586e-42 2.42747e-60 1.02434
1.23947e-05 0.000867223 0.0651032 1.49713 8.60796e-67
0.00392828 0.0166921 5.87958e-143 1.51277 0.453991
0.010043 0.702682 0.623295 0.814376 0.924522
0.0114041 2.48994e-56 1.4296 3.26405e-59 0.981001
0.000242615 3.24625e-72 0.0304139 1.52463 1.04639
0.00136081 0.0387865 1.84875e-23 3.30708e-145 1.92566
0.0134588 0.941675 0.835287 1.07266e-143 0.936134
0.616706 1.81424e-77 0.546976 1.23336 0.560022
0.010962 0.0465799 1.64072e-142 1.28248 1.26472
0.0112126 3.3548e-79 0.841655 1.50071 9.88383e-67
0.0183326 7.42966e-160 0.795165 0.993896 0.946654
0.000132938 0.00930131 0.698258 0.872615 1.2577
0.681231 0.719146 2.21678e-17 0.80652 0.876525
0.022249 9.01686e-160 0.0197333 1.84095e-28 1.47558
0.778571 3.26943e-106 1.1221 3.0223e-60 0.790708
0.723043 1.03181 1.66634e-19 1.02582 1.48785e-112
0.0131566 0.121824 1.1116e-20 0.684204 1.29795
1.15505e-06 8.08159e-05 0.00606692 1.6044e-33 1.49479
0.32029 1.34498e-106 1.57968 3.56684e-60 1.2138e-82
0.0360588 3.20979e-192 0.804738 1.4362 1.18451e-06
0.845268 0.892312 1.62557e-19 1.00073 1.45145e-112
0.327906 7.15942e-55 7.33808e-18 5.62041e-58 1.41138
0.000184004 0.00524457 0.00465444 5.97714e-146 1.7281
3.55822e-06 4.30387e-06 0.0159692 1.47221 1.01027
0.0118622 0.0125224 1.13583 0.924886 0.289554
5.4614e-05 0.000232067 0.000767077 0.0708627 1.73675
0.000238048 0.0166556 1.25035 1.08411 1.03407e-29
0.0165777 6.71845e-160 0.719048 0.898755 1.29537
0.0159508 6.46441e-160 1.19732 0.393371 0.937295
0.00805669 0.0103177 1.16662e-43 1.15483 1.29667
0.0135512 5.49193e-160 1.0172 0.881957 1.00124
0.618062 0.652461 0.923226 0.431573 0.932381
0.0015569 0.0876058 0.840855 2.23549e-31 1.30025
0.00026985 0.0188807 1.41739 3.7483e-31 3.62045e-72
0.0335074 0.0343742 1.34653 2.62897e-83 0.924555
0.0123276 3.62656e-79 0.925346 5.72868e-27 1.42332
1.35931 1.08695 0.000782616 6.02589e-12 1.31067e-82
0.012778 0.894041 0.793034 1.03615 9.88324e-30
0.00249412 0.0328302 4.35452e-21 1.65045 7.47501e-63
0.00701268 0.00740297 1.2783 0.428193 0.925078
2.1059e-05 0.00178727 9.18461e-293 0.00318674 1.90731
0.491528 0.70143 1.15237 0.480939 0.630558
0.164889 6.68248e-159 1.58238 4.20691e-31 9.13879e-67
1.53965e-05 0.000866352 0.0375835 0.86443 1.33076
0.00218144 0.0287144 3.80862e-21 1.44354 0.990733
0.864078 3.62849e-106 2.96267e-141 0.993547 1.22957
0.0500495 0.052835 0.0035308 1.30333 0.895721
0.00020362 5.99015e-81 0.000141969 0.00570775 1.4075
0.000138588 0.00019777 0.0302734 1.51759 0.632087
0.0230138 0.0388503 1.26663 0.42454 0.917187
0.00409714 0.0379377 1.07036 0.872034 0.947726
0.929451 0.0298385 0.824784 1.05917e-143 0.924363
0.869471 0.891965 2.78754e-17 0.417235 0.901405
0.0236617 0.0422572 0.0237157 1.44525 0.837318
0.00118652 0.066765 3.18089e-23 1.53545 1.14293
0.00148701 0.0423835 2.0202e-23 0.975173 1.50125
0.000905044 0.0047323 0.0042733 5.48769e-146 1.58659
0.00967089 0.0138007 0.022673 1.4161 0.971902
0.00969424 0.0163652 0.0255913 1.59837 9.12478e-100
0.00369289 0.0156919 5.52727e-143 1.42212 1.32807
0.0128862 0.901615 4.29532e-22 1.12677 9.01711e-30
0.505346 0.404094 0.932537 2.51173e-60 1.27435
0.000154204 0.0107893 0.809959 1.4442 1.03462e-29
0.0131294 5.32098e-160 0.985537 2.60626e-31 1.10914
0.654785 0.691228 1.28101 3.11426e-83 1.05802e-22
0.00222119 0.00943832 0.0139744 1.50047 0.450302
0.000175687 0.000186193 0.000823672 0.0760909 1.86488
0.00487384 0.00695515 1.06465 0.866855 0.942097
0.0112996 1.27629e-20 1.4165 0.0166437 0.972082
0.0106643 0.0112578 0.0208635 1.30309 0.894336
0.0381393 1.08706 5.18147e-22 2.87626e-31 1.22405
6.18169e-06 7.47711e-06 0.0277433 1.39072 0.954478
0.0427627 3.80654e-192 0.0379276 1.31432 0.978329
0.0203945 0.0246683 7.16277e-19 1.60445 9.15948e-100
0.0081965 0.00991415 1.61257 1.00753e-14 1.06897e-22
0.0126854 5.14103e-160 0.952209 1.18998 3.8927e-72
0.000718878 2.9134e-161 0.0539613 1.2409 0.92368
0.002552 0.0133439 1.01979 2.69684e-31 1.14769
5.154e-06 8.70064e-06 0.0289188 1.44964 0.994917
8.24201e-05 0.00576672 0.00402112 2.12239e-36 1.7321
0.00950191 2.07463e-56 1.19115 0.96985 1.40667e-112
0.512617 1.11924e-54 0.526592 1.43391e-83 1.37228
0.00193246 7.83171e-161 9.93004e-293 0.0072894 1.85786
0.0204185 2.73204e-70 1.34455 8.40143e-15 0.922716
3.91515e-06 0.000273933 1.77869e-103 0.00629949 1.55342
0.930741 3.77202e-158 0.825503 3.28968e-31 0.925169
0.0182534 1.02711 3.874e-48 0.890612 1.01107
0.957064 0.765306 4.20161e-141 4.24272e-12 1.20761
0.843848 3.41987e-158 4.01971e-22 1.05447 1.00435
0.0158397 0.0673065 2.37078e-142 2.95695e-35 1.69455
0.00827774 0.0147831 0.0545141 1.52996 4.98571e-24
0.00296224 0.00236872 0.0122036 1.12737 1.26583
