498 36.2179
7668.88 0.538265 0.130324 19.8701 24.3543 1.49252 0.0129495 2.99775e-07
35.0187 0.0115205 7760.27 15.4398 26.2653 0.0570699 0.013154 3.04507e-07
12.6951 5004.4 0.127143 12.9985 1008.5 148.767 0.043127 2.33564e-11
5.63184 7386.15 0.125606 0.381656 24.8582 0.0540125 0.00601121 3.39738e-05
0.0473993 5.81131 0.00639184 0.0141717 7965.42 5.48859 0.0763401 3.09939e-07
0.0262704 8.64245e-06 1.57239e-06 0.0204727 63.3429 0.0122651 7671.54 6.81333e-08
0.010061 0.0426214 5.74764e-05 0.00174339 0.000183211 7969.12 0.00503366 7.01966e-08
0.00978512 0.0414529 11.3508 7739.06 51.9236 1.50967 0.0130983 3.03219e-07
5.91843e-05 5.03428e-05 6.01735e-06 0.000102603 6.90926e-07 5.49704e-05 4.59569e-10 7936.19
4.15427e-07 2.00529e-06 0.000175034 3.20071e-07 1.34393e-05 4.39873e-05 4.8972e-12 6817.18
2.12547e-12 1.10429e-12 1.77441e-13 8.13777e-14 1.17311e-14 2.54896e-17 1.83647e-06 6920.31
9.71512e-17 4.11563e-16 3.56946e-17 1.41044e-18 6.13778e-14 9.02705e-09 0.000218126 6322.52
5.1087e-19 2.01384e-16 5.11642e-21 7.33066e-13 8.79604e-15 4.49131e-12 2.74573e-06 6926.79
2.08292e-22 1.08218e-22 8.97622e-21 3.37404e-17 1.1349e-19 4.93648e-12 2.58998e-06 6533.86
7326.2 2.41018 174.591 19.4391 23.826 1.46015 0.00476759 6.6486e-08
0.532033 209.727 7435.81 18.475 24.2755 0.018303 0.0535915 6.93189e-08
847.993 3592.37 243.95 5.78814 8.66694 0.0111853 619.203 2004.44
1538.1 711.834 123.61 3542.07 18.7362 0.0432146 495.162 667.113
16.0222 67.8751 0.0915319 5552.76 17.853 0.399936 2075.96 1.4693e-07
2.09642e-05 1.78324e-05 2.13146e-06 0.00270588 0.30888 2.2693e-06 7530.04 1.43117e-07
508.475 391.451 0.25189 799.353 1352.14 2519.76 498.572 799.793
57.5333 7053.76 0.4255 69.8728 22.7459 1.39395 0.0062581 1.27452e-07
69.0743 0.0227241 4.84828 4888.75 539.862 0.0130987 725.126 993.813
75.0697 57.7927 2425.31 0.132082 256.49 10.923 760.545 4022.34
0.000301655 0.0369838 1.01338 0.00272204 1677.07 41.3415 2224.98 3851.22
39.8932 18.4626 1654.97 4.31963 1468.65 111.436 4267.26 6.82019e-08
3.252 0.251598 0.192485 2508.69 7.95735 173.286 1066.83 3671.59
2234.95 172.912 80.2621 82.2484 8.14101 0.498911 946.762 3779.11
5935.22 1.95257 416.589 15.3524 11.7696 0.0464663 532.42 6.2327e-08
25.7817 0.00848169 700.951 566.136 1105.46 1045.04 72.9007 3433.17
4220.38 1.38843 0.252607 0.21799 3610.18 1.51548 3.09591 6.90326e-08
340.039 2008.59 1104.93 134.706 12.0663 1688.3 659.89 1240.39
0.0121272 3.98962e-06 0.000289003 0.000122029 0.0107241 3391.7 0.00214235 3311.56
8.16952 0.000573404 0.44886 5850.06 18.5559 320.722 0.0104028 290.731
7.4133 0.00243884 0.407416 5309.92 16.8426 1.03218 2113.21 1.31752e-07
0.00123301 0.000122937 0.300383 0.000781739 0.00101729 5.87309e-05 7335.95 3.3603e-05
0.211206 0.894735 0.0775998 0.00306629 1607.65 740.285 736.025 3932.02
6831.23 2.24735 26.2224 17.7719 12.709 240.974 0.0497044 6.42911e-08
44.8641 243.794 15.8587 2.99189 262.933 3232.95 1.50307 3714.96
2.26296 0.000744471 80.056 5442.41 601.002 0.0108601 0.0426966 977.549
4089.6 3283.85 17.9581 19.1495 23.471 1.43839 0.0711595 1.41315e-07
6.62159 0.00217838 0.363905 4742.84 15.0439 534.377 2.09422 1474.39
2884.54 223.169 218.057 8.61632 177.737 807.934 1162.75 2156.38
7.26695e-06 1.02067e-06 2.74247e-09 4.28045e-10 2.17085e-08 0.0553188 5.29495e-07 5845.43
23.9144 11.0676 950.778 767.913 1499.46 1525.49 262.932 1402.13
1135.85 4811.81 326.761 7.75295 11.609 220.116 0.0454021 238.661
95.9054 44.3851 9.84366 224.048 4232.2 2160.06 372.307 6.43591e-08
12.6546 5.85656 654.648 1004.57 182.51 872.317 3535.91 650.398
1585.76 122.686 24.3157 6.03369 306.108 7.93537 311.747 4276.45
54.8609 0.891933 2281.25 0.120663 7.40224 1099.41 0.00217533 3362.54
0.789666 3.34527 0.227171 0.01054 5924.21 409.294 348.726 1.1827e-07
115.979 8.97295 3396.06 9.12216 3018.41 834.314 0.00641193 2.82612e-07
6678.38 0.468743 366.932 18.254 15.6562 1.36983 0.0118851 2.75133e-07
34.2339 4197.19 2157.9 15.4383 462.666 169.183 592.879 2.96441e-07
0.000961845 3.16429e-07 0.0393689 0.000104489 3.44938e-05 0.00515607 5926.7 1102.12
597.718 494.468 0.0185591 969.871 155.887 1831.37 1240.55 2080.5
14.5274 6.72332 751.534 1153.24 1646.83 1675.41 691.614 947.883
59.0433 7238.9 0.436668 0.376827 23.1169 1.41669 0.0063602 1.29532e-07
0.0386419 1.27124e-05 0.00212366 0.000105647 7.55502e-05 0.0014325 5506.58 1850.1
55.7872 6839.69 164.272 0.364506 6.02267 174.078 0.00457322 6.37756e-08
1735.23 803.067 139.452 3996.05 726.002 0.0538861 15.3009 6.6851e-08
5252.43 1.72795 288.66 14.3602 84.1072 1291.94 0.0483248 2.6939e-07
3899.3 1804.6 313.369 15.5894 19.1075 149.094 0.0432216 643.409
929.976 71.9495 0.688726 3.49122 3.38324 8.36642 912.872 4832.6
0.024276 2.97632 0.164851 2.4659 7629.54 1.47731 0.0730848 6.72681e-08
196.028 15.1661 1252.8 552.779 46.054 17.0963 0.0228728 4939.36
54.623 0.0179699 1485.09 1199.46 2342.11 2382.76 0.00648245 2.90014e-07
0.536103 0.456015 0.0010824 65.6635 7495.6 1.4632 0.0126952 1.43751e-07
359.119 305.47 36.5121 622.574 1131.79 616.794 3679.4 452.748
2125.37 129.995 0.631277 0.116481 78.3438 232.455 786.393 4125.41
5.96645e-05 0.0235197 0.00129543 0.0220886 8.67847e-05 3.42624e-07 6111.72 409.838
24.6194 1.93698 5883.07 15.3105 18.7657 1493.01 0.0711714 3.40635e-05
0.00105028 0.128768 5.31179 0.000280959 7372.84 1.42761 0.00466133 2.48003e-07
65.4563 0.0215339 3.59731 4566.77 504.306 0.012236 1587.56 6.06534e-08
0.00119674 0.00650314 0.315057 0.25143 777.927 4412.11 285.601 1523.02
44.288 176.309 6256.11 63.6338 20.7149 25.2103 362.393 6.12073e-08
126.48 0.0416094 8.87752 202.058 3816.82 145.29 1327.93 898.034
25.2602 137.265 4609.22 0.122917 15.1137 2244.75 2.77888 1.24424e-07
8.3072 0.000583067 0.456424 5948.65 18.8686 115.483 0.0102246 1331.69
241.803 207.209 24.6685 1.2272 5371.47 204.469 332.933 7.60764e-09
3.48499 2.96437 0.354324 0.0176268 767.062 4683.9 0.0091605 1881.43
2.23549e-12 5.00186e-11 1.24236e-13 1.2656e-13 5.05899e-07 0.00857105 61.2863 5316.48
4564.55 1.50165 250.856 12.4795 217.995 566.061 0.00487521 1561.19
0.183581 6.03946e-05 7.51409 5224.79 4.4636 2455.75 0.0536184 6.77617e-08
0.182999 0.0141581 1.16953 927.633 3.12396 21.5529 855.313 4527.89
1061.05 4494.92 6.06156 598.791 19.5128 119.426 0.0105737 422.445
0.0653371 0.0555765 26.7861 1778.91 1544.04 0.648156 4012.62 3.37261e-05
50.8209 6230.8 6.85325 15.1947 5.37739 803.801 0.0495768 55.1669
0.587121 3.15765 829.582 739.989 1345.25 102.073 3617.57 311.381
0.151895 0.0117516 0.970746 769.962 2.59297 909.149 154.914 4599.89
0.906933 3.84205 1052.05 2.73792 905.944 68.7398 2436.22 2890.35
5354.62 0.375831 53.0119 14.0109 17.1728 190.228 2.2247 1941.36
1.33703 527.053 29.0294 1.34688 6319.96 0.0163746 0.0479451 6.20154e-08
0.0168294 0.0153046 0.911321 62.3747 7120.18 1.38992 81.3095 3.32821e-05
51.6727 0.0169993 2115 3.12798 1855.28 1887.48 2.3366 1645.03
1197.25 5071.91 344.423 16.6742 22.2956 0.0360776 0.0463687 754.717
3998.26 3400.96 2.07105 19.1751 16.4462 1.43895 0.0124848 3.40707e-05
0.0168312 0.0077895 0.00135265 6.27586e-05 0.0222619 7040.74 0.0490746 6.34764e-08
2.70155 0.000189617 598.519 531.288 949.33 0.197093 2493.48 2958.29
336.704 0.110769 18.5044 0.858548 4028.57 1004.17 296.512 907.279
2.76021 2.08657 1073.71 2.7943 924.601 70.1554 2486.38 3261.22
21.9409 3830.4 119.04 9.16123 2811.77 0.0494623 373.733 6.46056e-08
6.59592 27.9424 1.89751 0.0012521 4097.38 79.8798 1301.41 1008.23
3.11457e-09 2.40965e-10 4.7758e-11 1.18507e-11 5.63578e-09 0.00131942 0.0525035 5686.46
0.0184459 0.0014271 2.16814e-05 0.0154981 47.9512 0.00928481 5807.43 1628.49
174.243 13.4807 6638.85 16.4949 12.6455 0.0499241 0.0477849 8.17017e-09
774.923 358.635 62.277 2.88946 1024.96 0.0161931 2877.46 1713.87
5132.06 1.68835 360.216 13.8514 599.162 150.449 344.3 5.95176e-08
9.76534 0.000685411 0.536539 6992.8 22.1805 135.753 0.0120193 4.23166e-08
3761.29 1740.73 302.277 7.17204 18.4063 203.892 331.993 660.493
3.3333 14.1209 3866.64 3449.06 24.6593 0.324621 0.0633138 3.37035e-05
640.801 296.563 51.4982 2.38936 847.559 862.271 3495.19 865.791
1.02355 4.33607 1187.32 1059.09 7.57207 0.0164528 2705.85 3210.25
5.17445 2.40221 0.000453345 5142.92 16.3129 2422.86 2.99938 6.68801e-08
25.9213 109.811 5553.77 0.293758 290.928 761.971 371 162.395
6.62453e-07 3.44177e-07 2.93404e-07 1.16493e-06 0.000277187 6.88939e-06 0.13587 5442.02
872.684 671.839 108.373 3.99385 1318.22 11.5451 0.0285831 4180.27
2.69732 11.4267 400.557 368.234 2.47968 4753.57 2033.36 3.46843e-05
86.8504 0.00609588 4.77184 6057.83 211.389 0.0463204 0.0106763 483.632
1085.32 930.047 110.723 1887.96 3432.17 0.0542241 0.0519007 2.89325e-07
63.0594 0.0207453 4.4261 4463.04 492.851 0.0119581 1551.5 5.92758e-08
45.795 3.54302 1399.22 1286.31 9.1966 95.9701 877.157 2657.01
4373.19 1.4387 104.218 11.6037 14.2223 505.196 1839.13 6.03295e-08
1097.73 4650.32 315.794 15.7101 20.4438 117.873 2.45725 291.78
498.196 2110.51 6.35354 6.77504 8.304 0.5089 3150.51 1263.78
881.418 407.921 90.4681 2059.11 6.35485 120.493 1101.3 2517.94
4.01466 15.3113 525.259 1.31587 0.465684 3096.51 0.00316379 3556.78
57.203 0.930012 1580 16.0947 1414.43 0.593747 1126.73 2394.05
827.874 3507.13 103.274 43.6062 53.7633 2126.9 2.63299 5.87103e-08
0.0208563 7.78696e-06 0.00608128 0.00104293 0.000249007 0.102125 5.15181e-05 5212.5
61.1887 28.3182 6.28037 6332.79 699.327 175.6 0.0509057 6.58449e-08
0.000263413 0.000121908 0.0356126 9.0758e-05 7.84921e-05 5272.35 0.0367487 1771.41
21.477 3749.4 207.169 1.25387 3402.46 0.0175721 0.0514512 83.1143
2634.86 1219.42 211.751 9.82461 13.7059 1917.71 0.0100828 839.383
69.9792 5.41409 2666.29 4091.45 12.6271 0.0498516 0.0477155 140.523
0.000721647 2.37408e-07 0.0295375 0.0235722 0.00018102 7873.8 0.0403683 3.05938e-07
0.00139626 0.00634866 2.56289e-06 4.7028e-06 0.00125322 75.7833 1694.48 4430.98
1880.14 1599.27 3.79603 2.51836 11.7215 0.676712 4189.41 3.5212e-05
3841.4 0.269621 4.19126 3415.1 16.0927 1.40802 0.0122164 1.3833e-07
0.245014 96.5842 5.31973 6753.38 23.0532 0.0163743 0.047944 2.67268e-07
0.0490115 1.61238e-05 0.00269354 0.000130399 9.58176e-05 3.78286e-07 6747.85 700.143
802.276 4314.79 281.129 13.9855 17.1417 1363.8 0.0114018 455.529
2173.11 1005.72 174.643 4.1437 2870.9 0.0148268 820.793 2.73899e-07
1.48511 182.079 5205.87 13.0223 17.1109 259.841 2.24446 1580.16
15.5289 6121.46 430.61 15.8691 20.8515 0.0480934 0.0460327 7.87057e-09
900.488 4230.32 281.883 53.1798 17.3118 376.996 0.0050895 1089.75
391.821 1659.88 112.719 1686.1 12.1955 0.747387 212.577 2913.5
0.0966333 38.0927 1350.57 3.59795 983.531 0.00565573 3074.4 1831.17
3.81967 0.295517 0.00136177 892.501 1479.63 19.6938 0.026348 4333.2
1.26358e-05 8.86883e-10 0.00279941 0.185913 0.000597739 0.00365838 4663.1 3015.04
0.0133924 0.00619804 0.00137459 0.0290328 0.000599758 3.68457e-07 6572.52 5.92547e-08
2.51167 1.16241 104.197 7131.67 13.3781 0.0528165 0.0505535 6.53893e-08
43.2905 0.00303848 1227.8 1128.73 2218.03 207.625 1490.36 1154.62
2.09568e-06 1.7826e-06 4.2312e-09 0.000256685 8.2528e-07 5.05762e-08 4.38814e-10 7577.78
281.792 226.272 0.554298 451.65 3.04141 5830.39 76.8825 460.722
6952.37 2.2872 382.084 72.0836 23.4655 1.43806 0.00469545 6.54801e-08
0.0196452 7.74412 0.426536 541.486 6217.14 0.0161082 0.047165 2.62925e-07
118.131 54.6711 6111.15 15.8431 685.317 0.0508663 0.0486868 6.29748e-08
8.41714 0.000590784 0.00918374 5719.72 18.1424 1.11184 1775.1 30.5541
5430.08 1.78639 381.134 15.0602 10.7698 1337.18 0.050017 2.78824e-07
9.10812 0.0029964 0.500559 6523.87 20.6931 450.631 2.76824 2.72277e-07
472.061 2538.83 165.417 8.22911 10.0862 0.618121 3826.68 265.337
0.0256981 8.45419e-06 0.0014123 7.02588e-05 8.61146e-05 3976.1 1459.65 1511.77
74.9221 0.0246479 2036.98 1645.2 11.8997 1767.4 2.18795 1540.37
9.9576e-07 0.00020988 1.47963e-05 1.10961e-05 2.71379e-05 3.99802e-06 0.127032 5088.04
138.344 64.0258 7156.81 17.7818 23.3646 1.43187 0.0515905 6.67307e-08
1667.89 129.04 38.6684 6.39178 6.19409 15.3174 47.1879 4782.46
9.41676 39.8924 2017.59 5.35487 1771.86 94.7019 1445.95 1497.59
280.09 21.6698 7.18888 240.673 469.949 5778.36 2.68649 5.99033e-08
78.5683 36.3615 3259.41 8.74215 7.35812 0.0246895 4387.25 7.01196e-08
35.9961 30.8463 3.67228 4661.94 14.9889 2226.21 383.709 6.633e-08
1907.27 882.686 153.278 4392.23 13.5554 0.0535163 0.00870022 8.758e-09
38.9592 165.043 5785.51 0.309248 306.269 706.103 0.00442288 2.72068e-07
0.00541676 1.78201e-06 0.000129087 3.76542 5109.03 2397.54 0.00474384 1.3284e-07
132.825 0.043697 4698.91 11.6749 526.89 0.012784 1971.47 6.61899e-08
1.10857e-07 4.36999e-05 0.00404914 9.88967e-06 0.0464054 7362.94 0.0513203 2.86089e-07
9.73242 41.2296 2.79982 0.139285 6061.22 1.1832 0.0102658 410.143
65.3335 55.9865 4290.49 10.6601 9.61877 1015.01 1999.64 3.41091e-05
0.834948 329.135 18.1283 0.901845 3947.39 0.0102274 0.029946 2317.98
39.1635 165.909 11.2666 192.108 349.238 4585.86 179.811 1904.04
1242.31 5262.8 7.09706 16.8716 373.146 1.33549 0.0115871 323.829
7.39477e-06 3.13266e-05 1.08381e-08 0.0025607 0.292308 2.14755e-06 7126.04 2.76892e-07
1117.55 4734.29 321.496 15.9937 19.6031 338.823 2.58762 2.54512e-07
204.833 1113.07 72.4049 1083.06 1896.5 2049.15 353.191 2.63132e-07
0.122814 0.52028 0.0353312 460.477 394.306 4848.28 2.25407 1586.93
5.14192e-10 2.17828e-09 1.47923e-10 1.9279e-06 0.000217113 4.2327e-06 3.74755e-10 6471.56
1.03843 0.883297 425.721 0.309186 23.2561 2730.92 3810.97 553.336
32.4631 3980.08 95.5916 0.21211 13.0121 283.364 0.0421544 3094.25
0.575104 226.705 6445.67 17.2881 101.256 237.523 0.0489925 6.33702e-08
13.3167 1.04772 3182.16 8.28147 10.1504 116.158 1028.82 2818.9
4.38121e-05 0.000185602 0.0508223 0.000132263 0.000162112 7485.08 0.0716348 3.42853e-05
0.000394661 0.000335703 7.96826e-07 0.0483393 0.000155418 7176 0.0120445 336.611
11.2346 5.19939 466.068 1.25005 5471.5 0.00596951 0.0415084 617.905
1957.48 90.2406 1.40761 7.13529 6.91461 40.6585 0.364857 4996.94
15.2996 6031.07 424.251 16.3137 20.5457 160.316 0.0464748 2.59077e-07
145.569 616.678 41.8774 626.418 1223.17 65.3757 839.8 3474.77
1.26085 6.78108 0.00877374 532.256 1.71129 3280.54 1403.27 1801.47
970.753 449.266 99.6375 2267.81 3238.43 0.012456 0.0489708 3.21817e-05
1398.48 647.22 112.39 5.21454 6.85173 972.948 4067.17 6.5004e-08
0.894245 4.85938 0.000344264 0.0149072 7815.86 1.51339 0.0545276 6.89107e-08
0.654119 2.77105 0.00373686 2327.35 1992.91 1086.08 1670.83 332.133
5514.18 0.387031 6.01639 14.3026 17.5304 107.292 0.00949943 1951.05
6.11565 25.9078 870.365 702.966 1372.64 1396.47 0.00379917 2495.89
0.378351 149.145 5287.91 14.0872 9.90525 1250.75 369.321 2.75149e-07
29.5996 2.3288 7073.13 18.4076 23.9542 1.38294 0.0119988 3.27444e-05
1.13597e-07 4.651e-07 0.000128199 3.33635e-07 0.000110396 5.90039e-06 4.11899e-10 7113
1620.02 749.746 130.193 24.5621 2158.57 2196.03 0.00597444 554.813
1.39063 548.185 30.1934 865.199 1235.51 0.00268689 3468.53 638.004
15.9705 67.6561 2371.65 2180.27 14.6819 1168.1 0.055683 390.165
52.0103 6376.63 353.186 66.6316 21.6908 1.32929 0.00434031 2.66989e-07
0.0199985 0.108673 3.49717 2461.02 2.10248 1156.73 0.00228874 3537.84
1.56771e-05 7.2554e-06 0.000938335 0.652455 885.269 5020.92 96.723 1116.41
2528.31 0.831767 138.949 0.137758 2281.44 2585.03 2.97766 6.63958e-08
1383.61 5861.41 2.02789 18.7755 24.4329 0.186116 0.0122365 2.83268e-07
6.48929 5.51986 0.659775 837.581 2.69295 5162.4 202.417 491.987
358.077 1925.8 2.49171 5.92348 1960 0.0309657 0.00713724 3039.52
0.0393601 0.213885 10.3621 7205.1 86.5573 1.4129 35.0733 1.29805e-07
12.1693 51.5528 1807.16 1457.43 39.9252 1579.46 1816.31 2.62813e-07
25.1995 106.753 3742.17 10.037 3.3134 95.77 1462.26 1514.48
58.2429 7140.77 0.430748 70.7346 6.20187 27.9589 0.00461372 6.43404e-08
2.88725 0.223378 0.170896 2227.32 1907.25 1940.36 0.00383925 1130.29
0.113824 0.618525 0.0402348 0.00759064 1057 5994.94 2.78718 1.24795e-07
15.2615 1.20073 3646.9 3253.04 21.9059 242.657 2.83786 2.79124e-07
3520.59 1629.33 282.933 13.1273 10.0638 0.0397315 0.0380291 1833.13
4.20847 0.0429913 25.2196 0.102622 48.8035 1.54456 1786.8 4672.39
511.986 236.948 41.1459 1179.05 6.23671 0.00350206 2556.12 2444.79
55.8723 25.8578 4.4902 5700.29 10.693 142.817 326.835 1000.06
16.9689 14.4339 6956.68 18.1046 22.1903 135.813 0.0120246 2.78363e-07
1654.21 127.982 42.4575 1421.41 2775.52 379.11 2.5295 118.336
107.993 0.00757986 3062.91 8.2151 10.6905 111.559 3953.78 3.32315e-05
18.2989 1.4397 4372.7 11.3798 9.76032 40.606 0.00747604 3183.81
0.943338 6.62112e-05 0.05183 675.509 2.14266 4107.48 1757 1430.35
509.219 0.167523 27.9854 31.15 6430.3 0.796002 385.137 2.86932e-07
20.1917 9.34477 802.772 648.374 1266.04 1288.02 1481.16 1534.06
725.551 3942.69 256.47 48.3854 59.6556 2360 2.92156 6.51449e-08
223.728 0.0736021 6347 15.8768 79.0116 1.28973 0.00421114 2.59044e-07
105.711 0.0347769 5.80961 7375.27 13.8351 0.853079 0.0522858 6.76301e-08
2412.66 2049.45 10.8675 11.5885 14.2037 0.0327606 1389.47 1076.45
2371.26 1097.42 190.568 9.48031 3136.92 0.0120655 0.0474357 3.11729e-05
322.858 1754.43 49.4876 5.51 1823.19 1854.84 2.29619 1080.9
2019.1 1717.47 4.07659 3321.67 22.3681 1.3708 0.0118934 1.34673e-07
160.604 680.368 46.2025 2.29847 48.3365 5676.05 74.8474 2.59888e-07
7019.96 2.30943 167.293 0.371209 367.633 1.4623 0.0047746 6.65838e-08
0.00677449 2.6705 94.6817 6436.7 20.695 0.0116207 0.0456869 680.109
46.7362 3.61585 1427.98 3.57206 4.98323 697.245 2826.27 1683.38
1210.02 5126.03 348.098 17.3171 22.5351 1.30101 2.65779 315.591
1116.55 949.747 20.4554 1853.02 3368.66 0.0532208 2.88826 342.958
8.59439 0.67618 2053.72 1831.92 3330.3 139.616 0.0704834 3.37342e-05
959.055 5211.56 339.01 120.632 5.65598 163.479 0.0650721 2.64191e-07
1.55999 6.60859 0.448777 0.0223256 971.539 5932.49 0.0116024 2.6859e-07
3.33106 1313.1 72.3238 2072.46 2765.93 0.0148235 0.0434035 646.117
1036.89 888.543 105.782 1803.7 2708.91 228.861 0.0472059 2.63152e-07
4469.08 2068.29 82.457 17.1505 12.2646 0.0158283 365.859 6.32445e-08
0.000260888 0.0011052 7.50522e-05 3.73368e-06 0.162478 0.00316756 4937.09 1701.99
15.777 0.00519033 558.137 1.48689 6508.16 0.0515833 389.759 6.73759e-08
361.602 1531.86 0.032175 4.90562 1623.21 2907.79 0.0107913 186.486
1492.28 1278.79 152.241 192.347 10.4771 785.26 1208.05 1720.01
3248.96 2784.14 331.454 15.3785 13.8762 223.614 0.0461236 686.609
0.0181284 0.00838986 0.0014569 3.45674e-05 0.0239495 7574.47 0.0527947 2.94308e-07
1016.16 0.334297 55.8455 835.358 1631.16 1659.47 85.1212 1469.41
180.516 13.966 6877.85 17.0887 0.983658 0.0516331 0.0494207 8.44985e-09
0.000970789 0.169478 4.83392 0.0120919 6796.47 237.872 0.0490646 6.34635e-08
21.6458 91.6985 3214.44 2592.37 71.0162 640.374 364.885 2.71844e-07
99.2914 45.9522 4119.1 10.3038 13.5389 2010.85 346.59 444.688
310.266 143.591 31.8455 724.822 1035.05 78.5356 3007.39 1791.26
4.28414e-06 1.4094e-09 2.35445e-07 1.17129e-08 7.97965e-07 1.31324e-07 2.15854e-09 6028.28
4.55467 2.10791 188.951 270.888 5276.39 200.849 0.0414281 674.301
0.686027 0.00022569 0.0377023 491.38 1.55861 2987.87 1.37588 3400.59
3.8074 3.23861 0.387103 5045.18 16.9905 0.980906 1566.07 311.309
1.62083 6650.75 365.477 18.1817 22.2848 0.0513994 0.049197 6.36348e-08
8.4201 45.7553 1536.41 1239.08 2530.29 601.116 2.35577 1108.95
0.252171 1.06828 0.0725445 945.484 2.99899 5383.37 348.472 2.43344e-07
2957.53 1368.75 237.683 11.8242 9.95222 112.972 1724.9 666.495
3.91624e-08 1.54378e-05 8.50293e-07 3.9451e-08 0.000185116 29.3716 6955.31 2.71388e-07
0.212169 4164.06 228.782 105.177 8.31237 2113.24 0.0461401 242.541
0.00125315 4.12262e-07 0.0512922 0.000516263 4.52648e-05 7741.82 0.00489009 6.81944e-08
0.186457 0.0146699 5.62955e-05 0.00052122 0.000678274 0.00707804 5061.29 1744.82
4667.32 2160.04 86.1146 17.9112 12.8087 0.0505683 0.0484016 78.1879
73.5632 0.0242009 3010.99 30.306 9.8656 12.0066 1151.51 3065.2
259.983 0.0182478 7373.64 19.777 24.2402 20.1087 0.0129202 3.52589e-05
1.77777 0.822753 91.9674 6252.18 20.1017 156.851 358.951 6.20502e-08
1.29892e-08 5.50263e-08 1.92892e-06 5.17361e-09 0.000225139 4.38916e-06 3.88607e-10 6710.77
9.81976 3870.93 213.206 5.05867 7.57467 0.00977563 225.956 2337.47
0.000599637 0.00254025 3.42561e-06 0.207814 0.000668154 1.54108e-06 5113.64 2077.16
25.2565 0.00177271 5595.48 14.5621 18.9499 1420.3 0.0118741 3.24044e-05
4133.6 1913.03 332.198 16.5261 13.9098 224.155 364.988 2.71921e-07
141.028 0.0463954 4989.09 12.9342 9.50404 0.0375218 1891.54 3.22652e-05
17.0196 6709.11 369.529 17.8896 15.4718 0.0126388 392.258 6.78078e-08
20.2933 17.39 1541.89 1230.5 2235.69 124.305 645.098 1212.59
46.395 0.00325638 2.54909 0.126812 5518.43 1398.51 78.8326 3.22683e-05
0.0489829 1.61145e-05 0.00343808 0.000132204 9.7144e-05 3.83523e-07 6841.26 2.65817e-07
0.000117328 0.0143847 0.000796734 0.000150311 0.0132096 4177.78 434.46 2631.57
39.1779 29.6164 0.001169 0.178234 7756.15 1.51407 0.0131365 2.12059e-07
0.448367 54.9712 1571.7 1267.53 2475.04 562.663 740.213 0.0767215
715.758 3032.17 4.08899 9.72064 3216.44 18.2767 0.066958 3.20469e-05
605.083 280.033 48.6277 1393.44 7.37076 81.6477 3126.56 575.102
1673.21 774.364 134.468 2292.84 15.4399 2293.21 395.256 9.03174e-09
1.62117e-06 9.36017e-06 1.19806e-08 8.56387e-06 1.67222e-05 0.000205611 2.10079e-10 7011.06
3220.36 1490.39 258.805 288.071 289.294 0.630872 305.24 933.985
0.0174904 1.22762e-06 0.496061 348.571 322.64 4065.59 1463.13 1133.52
0.0486036 0.0442 0.00509857 0.0869364 0.000585429 3.58773e-05 4481.35 2897.52
102.375 433.692 0.150045 476.157 3.20643 6146.75 0.0685455 2.78293e-07
6576.86 0.461618 7.17585 17.0589 20.9087 231.611 0.0115041 3.13945e-05
0.000119733 5.54125e-05 1.22893e-05 4.85601e-07 5.9519e-07 1.29614e-05 1.10858e-05 6161
1031.46 5605.02 158.102 0.350815 21.5212 1.3189 160.408 1.23427e-07
54.0998 46.3599 2849.03 4401.58 1.01996 0.0175014 0.0512444 2.85666e-07
0.015571 6.13806 0.338076 429.187 4927.76 0.0127675 1656.52 2.72759e-07
0.000131128 0.000111539 2.64749e-07 6.29379e-07 7.71415e-07 4.72135e-06 4.18018e-10 7218.67
53.2918 6533.74 361.887 68.2732 5.98606 26.986 0.00445318 6.21015e-08
594.433 3196.97 4.13642 3370.42 389.418 19.7884 0.0127144 3.46974e-05
5040.54 1.65824 277.015 13.7809 63.9729 132.957 0.00349293 1028.33
586.323 2673.74 179.106 33.7899 2969.52 442.951 378.854 1.28488e-07
1.67011 0.772927 69.2843 107.04 2021.96 76.9672 2947.33 1755.48
0.436527 0.0070971 0.0243724 0.00459808 640.287 3878.17 1658.91 498.253
2744.29 1276.15 220.881 10.2482 7.85658 1997.37 824.518 2.75142e-07
544.21 251.861 3.0548 1192.55 6.30812 936.911 3314.56 648.426
2090.19 983.902 215.697 2921.31 675.668 169.659 0.00835376 8.40924e-09
0.634277 77.7644 2223.38 5.9634 1973.21 105.464 1.73348 3136.61
9.05053e-05 4.7022e-05 7.55566e-06 3.75877e-07 4.89136e-07 5.98358e-05 8.13241e-08 5966.88
4.93667 0.00162407 0.117646 0.0130988 6867.7 1.3298 2.71659 1.21635e-07
3.98196 3.3871 1632.47 1456.17 2647.21 1.11124 0.0549749 1980.23
639.272 2708.16 3.65204 8.6819 10.6412 846.618 1302.44 1902.7
2455.74 1136.52 197.357 9.55439 7.02058 93.7678 214.586 2219.85
7.49098e-06 3.17341e-05 4.27946e-08 3.85808e-07 1.02579e-07 0.000225317 1.04755e-07 7686.02
71.6526 389.365 25.328 1.26001 416.922 5126.36 0.00523776 1121.49
2.24037 1.90568 918.478 2.39031 2.05014 5611.02 0.0109737 517.334
41.7558 35.7819 2742.12 4207.83 22.2578 1.36404 0.0491465 3.22972e-05
867.996 3677.11 249.705 5.92467 8.87138 168.209 273.892 1764.45
0.0341243 0.0157928 0.00274241 0.00305253 0.000102952 6.34805e-06 7251.02 2.81738e-07
194.97 825.955 1.11383 2.64787 876.149 0.367788 2276.91 2986.47
411.649 2213.93 0.7349 6.80418 143.091 697.36 4160 3.49648e-05
3325.83 2850.02 339.297 15.7424 20.6849 0.0477093 360.487 6.23158e-08
37.1728 6489.55 358.574 17.3592 12.7556 170.365 0.0493881 3.24559e-05
480.977 222.597 38.6539 659.093 1198.18 1218.98 1179.35 1679.16
4039.58 3436.11 2.09245 19.3733 23.7453 145.33 0.073368 2.97872e-07
0.00177571 0.00151044 3.58518e-06 0.217494 0.000699276 0.0120864 5643.84 1233.82
1.20684 1.02655 0.00243663 147.818 128.302 1684.73 2351.03 2789.28
1439.31 113.24 0.43456 1379.04 2507 1.05238 0.052063 1189.23
2702.04 2315.47 275.659 13.7134 9.80671 1217.6 359.534 2.67858e-07
53.7858 24.8921 2782.45 4269.7 15.5094 0.0520404 342.096 8.92413e-09
0.0326649 1.07461e-05 0.00179518 8.93062e-05 46.8232 0.0090664 5670.82 1590.18
0.0204923 0.0868117 0.00026134 7.11147 811.787 4957 1783.94 1.43679e-07
3.28234e-10 1.29389e-07 7.1266e-09 2.04215e-07 4.09123e-09 0.050315 6535.81 678.143
10.1858 0.0315108 0.561335 7315.97 87.8893 1.43464 0.0046843 1.31173e-07
1.83198 1.666 774.911 691.223 1256.59 95.3458 3379.16 1355.5
1436.48 664.807 115.444 1968.45 13.2555 1968.77 812.711 6.29271e-08
0.238468 0.00387704 0.0133143 0.199161 616.205 3494.89 1509.36 1563.26
1.04637e-05 1.46967e-06 5.42109e-06 1.78246e-06 1.52253e-05 2.50229e-10 63.9702 5548.53
0.10663 0.00824963 3.25798 0.000174146 4569.89 0.88487 0.00288922 2609.82
1349.01 624.325 138.462 3151.47 9.72612 184.416 1685.54 2.77537e-07
45.2036 20.9203 2338.47 3588.42 11.0746 0.0437224 672.419 447.711
0.112554 0.476812 0.000164964 38.9757 4449.14 0.0326872 0.00753403 2902.18
1932.04 894.151 155.269 3.68402 2552.42 0.00981737 2032.85 2.94147e-07
138.402 566.658 0.76922 1.82864 2.24133 4296.63 1837.91 3.13503e-05
2.7779e-06 1.50953e-05 4.25796e-07 1.79788e-07 1.58001e-05 0.000194273 9.0322e-08 6627.07
152.112 2.47306 4201.48 42.7984 13.9323 303.401 1731.32 520.004
3427.85 0.240595 188.337 3211.37 22.9599 1.32554 133.359 327.669
4289.33 1985.11 344.713 8.1789 720.947 0.0535109 0.0512181 3.36585e-05
5588.23 0.392228 6.09719 14.4947 17.7658 0.143654 0.00944474 1230.11
1354.39 5737.63 0.424346 69.6834 6.10969 27.5433 0.00454515 6.33841e-08
3.53168e-10 1.49613e-09 3.14245e-14 4.7912e-12 5.87246e-12 0.000271145 4.551e-10 7859.03
85.5545 39.5947 3549.23 9.51949 11.6678 91.0423 208.349 2855.55
0.277917 1355.39 74.4793 2134.23 3047.68 0.0481496 0.0460865 1055.16
1818.35 0.598202 43.3331 1450.73 39.7418 1572.2 1950.56 2.67146e-07
2603.94 1205.11 209.267 10.131 8.76179 1810 770.543 686.64
6343.06 2.08675 898.59 18.7669 6.19532 1.4064 0.00631401 1.28591e-07
6.1893e-07 2.99962e-06 0.000102622 9.43409e-05 6.3529e-07 5.0544e-05 4.22562e-10 7297.14
31.2188 14.4481 1295.11 3.47366 1074.22 59.5805 3206.6 589.824
6501.45 511.514 1.96293 18.1741 23.6503 0.051388 0.0118443 473.21
33.226 4073.61 97.838 3275.47 89.7294 1.46468 0.0724598 6.66929e-08
0.156862 0.664517 0.000896124 558.115 448.567 6097.88 0.0119259 3.25456e-05
31.1048 26.4581 0.062801 3809.81 3306.81 1.38813 0.0120438 481.179
8.48078 7.21385 3476.84 3101.35 20.8845 1.27988 2.61461 443.83
3663.65 3116.34 372.488 18.5305 22.7123 1.3919 0.0120765 4.25179e-08
40.9829 0.0134826 1677.46 1338.69 9.6827 1438.12 0.00391249 2570.34
2172.26 0.152467 2.37011 1931.2 3510.78 1.47375 0.0127867 2.06412e-07
838.322 4555.49 5.88465 13.9894 17.1465 580.482 127.267 1388.78
1858.98 860.336 149.397 3972.64 12.6423 0.0121512 377.125 2.80963e-07
0.00627069 0.0340753 0.00221658 0.000102843 0.000135132 6239.34 2.46575 503.416
214.855 16.6227 12.7172 190.23 5.21122 2660.88 1138.2 2740.53
0.000126485 9.95143e-06 1.48852e-07 0.000121287 8.16743e-07 9.04726e-06 4.49376e-10 7760.17
0.255951 1.79648e-05 7.25928 804.071 1.76734 4922.78 193.022 1296.14
539.372 2930.98 190.659 35.9695 3161.07 471.524 2.89659 6.45881e-08
1090.81 504.83 111.96 2548.28 13.4794 149.315 1364.72 922.914
0.0237438 7.81127e-06 0.0013049 6.49158e-05 4.64225e-05 0.0118019 4802.26 1613.46
0.644067 0.000211886 0.0353963 461.325 1.46328 2805.12 1009.51 2766
0.0615299 24.255 689.616 1065.41 3.87004 0.0042449 2307.48 2923.99
1632.53 755.536 131.199 3488.71 11.1023 0.0438316 0.0419535 624.531
17.9004 103.352 3438.71 2773.23 20.0588 712.513 33.1227 6.25306e-08
0.0015152 4.98473e-07 0.0429853 0.000115292 8.24474e-05 6516.05 358.532 6.19779e-08
0.0397399 0.0183917 1.64861 112.838 1295.56 661.24 2680.32 1596.45
443.884 1880.43 127.696 3659.17 19.3556 0.0145936 337.319 671.088
0.175139 69.0395 2447.78 3756.15 19.8686 0.0458264 0.0438628 652.955
994.741 76.9602 58.8786 880.729 1719.75 418.436 1.63985 2967.18
96.3829 0.0317082 2620.45 2116.46 15.3083 2273.66 0.00618564 2.76735e-07
0.28823 5656.83 310.799 15.4615 11.0568 0.0106273 789.946 6.11644e-08
0.00858822 0.00397464 0.000690195 0.0117686 0.0213945 6766.42 0.0471625 247.915
12.5004 10.633 5124.76 13.337 280.476 1366.91 0.0651604 3.11865e-05
448.116 2587.29 3.31163 0.156894 2598.36 1.09074 2.22822 1568.73
1307.22 5537.8 1.91593 17.7389 21.7421 1.33244 0.0659177 2.67624e-07
646.939 299.404 51.9914 1489.83 4.59793 87.1808 3338.44 614.075
2494.13 0.82052 137.071 3927.8 12.122 0.0478576 0.00778026 681.892
2044.57 946.232 164.313 30.9991 10.0912 219.755 187.955 3518.74
2594.08 1467.72 223.153 0.221239 3663.99 1.53807 0.0407623 3.08924e-07
0.425428 0.000139958 0.0101384 0.00105278 591.735 3584.09 1533.12 1587.87
151.182 69.9671 12.1498 348.155 6576.56 0.0170395 0.0498917 2.78125e-07
750.05 4075.81 0.288752 12.5035 15.3252 544.371 2.13339 1501.96
143.061 66.2087 11.4971 196.039 4714.31 0.0373653 1883.66 6.32417e-08
2454.2 189.874 145.264 0.144018 2385.12 1.00122 1899.97 6.23252e-08
533.949 2261.98 153.606 2619.17 10.2905 0.0406268 735.202 716.328
4.50158 0.00148094 0.00491284 0.0116792 6123.38 421.322 2.5882 528.415
6432.05 2.11602 81.1553 16.4264 12.0702 0.0476528 0.00774697 678.974
3.62389e-05 1.19219e-08 2.52117e-06 9.36836e-08 0.0526564 7681.77 0.0535425 2.98477e-07
19.4592 82.4354 2889.73 2656.54 10.4374 197.902 322.24 641.089
31.6469 14.6462 1312.87 2028.3 2896.42 0.0149586 345.757 74.6454
2.29873 401.307 22.1738 1.1031 4828.28 0.0382686 1623.09 3.15053e-05
1263.24 5351.46 7.21663 26.3603 21.0567 1.29043 0.0111962 447.314
2.16322e-05 0.0085274 0.000599854 0.013653 0.00248048 3685.6 1353 1692.86
0.101493 0.0863309 0.000204915 0.000143931 0.000595988 1.37463e-06 4561.33 2949.24
16.7527 91.0353 4410.38 44.3911 54.731 290.698 1801.73 124
1455.26 1237.86 0.753808 6.97924 8.55429 0.524238 3245.47 1301.88
3591.18 3054.69 7.25064 17.2367 21.1267 1.29472 0.0112334 1.81337e-07
1.71228 209.932 2549.44 2150.9 15.5575 2310.67 0.00628631 2.81239e-07
7.95582e-05 0.000427879 0.112413 0.000292552 0.0968016 0.00734496 5252.16 1810.62
0.00694086 0.0294037 0.00199675 4.73761e-05 7.09392e-05 0.00134507 5170.5 1737.18
1714.39 793.421 2.73602 24.6662 6.99 0.491885 933.428 3393.97
6087.22 470.95 0.392404 15.8473 20.8228 1.2761 2.60689 532.23
178.607 153.054 10.2486 0.88581 3877.2 0.0307304 0.0294137 2276.77
0.0292562 0.0135398 0.00235119 0.000116966 0.000143363 6619.38 0.0461376 5.96776e-08
816.58 0.268639 44.8771 1285.97 4.67118 0.0156737 2785.17 1658.9
3075.85 1430.34 247.567 12.3159 8.80733 0.0347712 1752.88 677.306
64.5039 29.8525 2675.95 4134.17 12.7589 0.050372 0.0482137 6.23628e-08
0.0345239 0.0293664 1.78829e-05 0.0567501 0.103168 4.33076e-05 5409.45 1864.85
2.39352e-13 7.87421e-17 1.31541e-14 3.13371e-13 9.9634e-14 4.02845e-12 2.46276e-06 6212.93
0.278749 109.882 3895.85 10.3787 7.42198 0.457643 0.0280493 2171.16
24.7862 0.00815419 1014.51 2.69262 0.888886 6312.05 2.90661 2.85887e-07
0.00705812 138.524 4899.14 12.701 9.33269 124.649 1601.2 6.11749e-08
1.87268 7.93326 0.00274469 6657.59 21.1173 364.994 0.067504 20.2744
7228.88 0.507382 2.02351 18.735 24.3801 1.40753 0.0122121 1.97138e-07
4831.72 2236.13 7.71102 69.5175 85.71 178.135 0.00643457 2.87872e-07
0.0705552 27.8128 986.095 1513.18 8.00411 0.00603487 3280.49 603.416
812.671 4370.7 5.65505 3.75167 16.4468 1308.51 0.0109396 437.062
618.211 2618.94 177.847 2660.3 5.18257 418.062 357.567 6.03921e-08
1.95393 0.90428 101.081 6871.71 22.0936 0.795879 0.04878 6.30954e-08
3368.15 1558.79 270.683 13.1042 16.5037 0.0380653 1614.46 6.16813e-08
6193.06 2.0374 340.354 64.2109 79.1673 459.202 2.82089 1.26305e-07
1.52555 6.4627 1769.65 4.60545 3.95003 0.345606 2139.58 2806.35
74.9971 5.8023 2196.05 5.89879 7.23001 1073.83 0.00212472 3284.31
0.354708 1.9275 0.0543695 1.82021 5631.76 387.496 0.00380464 1675.21
112.813 52.2102 6752.3 0.357153 82.9823 1.35454 33.6247 1.24444e-07
3550.15 279.315 210.388 10.4663 3463.18 1.45377 0.0126133 1.23908e-07
1767.85 136.774 104.639 4.85493 6.7729 0.0147164 2615.05 1557.57
60.2989 27.9064 2501.5 3864.66 20.4426 0.0154131 356.262 2.6542e-07
1322.69 612.142 106.298 5.28811 3.78162 50.5078 2718.31 1619.08
113.223 479.648 0.165945 1.53643 1.99938 3610.73 1299.44 1898.31
1234.09 95.4777 73.0454 1092.64 2187.02 0.905962 1719.2 516.364
2793.45 1292.81 224.497 10.416 7.9852 0.0315254 238.203 2464.17
7133.55 0.500691 1.99683 18.4879 15.8568 0.0522155 0.0120351 2.78606e-07
0.000212009 0.000180338 0.086917 59.2607 6673.73 0.049031 0.0113011 451.506
938.417 434.301 96.3185 2192.27 6.7658 1720.06 1664.14 2.74014e-07
13.2784 6.14524 1.06712 1354.7 1175.85 62.8463 3382.36 956.879
5753.9 1.89292 316.219 15.3088 13.2398 0.0444249 803.935 2.68274e-07
2087.52 966.108 214.262 8.46637 6.05445 114.798 1049.24 2398.91
1.6982e-06 7.19412e-06 9.70151e-09 6.93473e-06 0.0214561 3130.12 1149.08 2766.72
28.0475 4896.47 270.55 13.0978 9.62428 0.010476 1915.46 6.43096e-08
0.00068868 0.00291746 3.9343e-06 0.238673 0.00076737 1.76992e-06 5872.98 1283.91
223.302 3.63047 12.4675 186.495 364.157 4477.58 289.839 1545.62
316.635 269.333 0.639291 1.51977 502.873 6603.23 0.0129142 3.52427e-05
129.69 0.401208 3689.4 2975.41 21.5211 468.662 2.879 6.4196e-08
2538.76 1174.94 204.028 10.15 7.25842 1845.3 761.743 678.798
1.20395e-06 6.47508e-06 0.000217777 5.84107e-07 0.0254184 0.155212 4370.12 3123.84
45.3946 0.014934 1287.81 1038.59 2120.87 2106.75 2.60804 2.5652e-07
0.376507 0.000123864 10.6812 7505.46 6.41201 1.45559 0.00475271 2.92358e-07
32.2528 14.9266 1930.45 1540.59 11.1431 449.656 218.936 2714.17
591.625 2506.31 170.198 2902.08 20.7486 337.842 0.0109581 306.25
128.624 59.5274 5335.97 7.97502 17.5215 136.718 2.2472 1582.09
40.3883 18.6918 5460.38 6.82009 12.0195 0.0403305 729.84 650.369
162.734 689.394 46.8154 0.649937 2.84923 5462 214.164 520.54
10.9852 9.34412 4503.57 3.27078 14.3387 87.7579 0.0443034 2993.07
1.98989e-05 0.0078441 0.000432043 0.0123803 3.82083e-05 3019.71 3907.53 2.69157e-07
173.441 0.0570588 81.6233 380.722 2.13816 3861.35 2531.26 6.3384e-08
0.0196161 0.00907836 0.00157645 0.00175472 0.00176217 3.84281e-06 4389.43 2368.17
1166.04 4939.69 6.66135 15.8358 333.025 352.592 0.0114366 2.6475e-07
0.0353984 13.954 494.735 759.178 1084.11 0.0166006 3043.51 1812.77
0.0334171 162.974 8.9555 256.622 4847.53 0.0125597 290.306 1870.19
822.007 4420.91 288.042 14.3295 17.5633 1397.34 0.0116822 2.70437e-07
2681.45 2280.87 12.0858 106.022 17.084 178.278 1629.45 2.68301e-07
0.0187001 6.15197e-06 0.00102771 0.0294493 9.08867e-05 3.58819e-07 6400.6 726.131
8.85032 37.4928 1896.23 1513.28 2954.89 685.22 390.438 2.90881e-07
641.491 0.211038 35.2547 1010.23 3.6696 0.00402505 2187.97 2772.55
0.0242987 2.9791 0.000179706 2.33981 7239.39 456.118 3.04332 6.78598e-08
96.2164 7.44398 2939.81 0.157139 2602.42 1.09244 0.0540446 1570.57
103.279 88.5035 6782.41 18.0686 15.208 245.076 0.0505505 6.53854e-08
832.17 3173.77 0.239693 3120.84 22.573 176.134 2.89507 6.45542e-08
3678.3 1702.32 295.608 14.7058 18.0246 199.663 325.108 646.795
61.2596 28.351 4.92315 141.074 2664.86 0.00690448 3753.21 2.58527e-07
1.74019 9.45629 304.309 245.781 1.77773 3497.62 1490.69 1032.32
55.5894 6815.44 377.49 0.374252 6.18371 1.40377 0.0694465 1.28351e-07
6042.02 0.424078 331.968 16.5147 21.4908 0.282911 2.53425 300.922
53.1357 45.1979 0.107282 87.4149 158.914 2086.71 2911.98 1842.02
