344 4.35658
16.2321 3.29396 0.0158931 0.000424318 0.0359019
0.115576 0.135701 11.0332 0.697241 5.50566e-10
0.00614569 18.7014 0.000457213 0.00298937 1.36794
5.90471e-05 1.8701e-06 0.00480821 17.0666 0.000172369
4.09649e-05 1.5263e-05 18.8831 0.0173019 0.00148681
3.56645e-17 7.29672e-19 3.91179e-17 0.864585 11.3751
3.81963e-18 1.17926e-18 2.64824e-18 6.02961e-15 11.9322
4.39442e-05 1.07722e-09 0.920544 15.2484 0.00606587
0.00131357 16.8241 0.000174569 0.00663913 1.11797
8.03373e-05 7.75554e-06 17.7518 0.00503989 0.000602174
15.1571 0.764479 8.51082 0.0127166 0.0346846
1.11317e-05 1.986e-05 6.00137e-06 14.5413 0.0306361
2.10549e-17 1.67345e-17 5.4509e-16 0.391642 10.6012
14.3581 0.0040069 0.345532 1.34841 2.35789
2.21571e-06 8.59282e-06 6.45695e-06 13.6512 5.30765e-06
2.48407e-14 2.50034e-17 4.98738e-17 0.617142 10.4085
3.66305e-14 2.16786e-14 1.651e-14 5.8811e-12 9.87848
2.79046e-11 1.0602e-10 1.22284e-14 2.70412e-09 11.2292
1.27871e-13 4.04468e-18 1.07873e-13 8.07741 5.76064
1.07694e-13 8.35477e-14 1.18843e-14 5.12304 5.34914
1.31505e-12 1.7262e-13 1.23534e-12 2.79572e-12 8.4715
15.7381 0.00214286 1.50647 0.27272 0.162404
0.00241044 15.8022 5.73715 1.68551 0.010084
0.123071 0.988646 1.15626 11.0576 7.35113e-07
9.29368e-14 1.88147e-15 3.04059e-14 4.18389 6.45871
1.06187e-13 2.19381e-14 1.89451e-14 4.89475 5.15055
1.55567 2.04843 4.27424 11.8804 3.60444e-08
1.84838e-12 1.09233e-12 9.50885e-14 5.71296e-12 8.03477
2.39756 2.36051 0.222334 12.6677 9.14968e-08
7.20989e-14 6.11092e-14 4.01282e-14 5.33505e-13 11.4189
0.689587 3.34307 14.8935 2.16775e-05 0.124287
9.57322e-16 5.7753e-17 8.84147e-17 1.93552e-13 11.896
0.0216014 1.79356 6.43052 9.5258 5.25726e-07
1.825e-05 0.000365116 15.4712 0.0116774 0.00220735
15.4242 0.124547 3.04841 0.000220062 0.872589
3.91631e-14 1.00034e-14 7.87837e-16 10.5392 0.71916
6.30386e-15 1.60438e-16 7.61947e-15 8.44287 4.87125
3.7381 0.857706 5.29616 9.93114 5.77375e-07
0.0249978 0.00369047 17.1322 0.000285433 0.0551667
13.9117 0.00373485 5.01721 1.2477 0.000791817
0.000119696 3.56392e-06 16.2695 1.27198 0.00104466
0.0299943 16.1995 0.0300311 0.322967 0.043668
13.6358 2.88113 0.0167992 0.0032424 0.0354103
14.1713 0.0409074 4.5483 3.65497 0.0137714
3.85427e-13 1.68247e-13 3.57483e-13 4.72379e-11 7.47552
0.462216 16.4359 0.297345 0.055351 0.00447926
3.51059 14.5794 2.25884e-06 0.490092 0.0494095
12.1866 3.3371 0.314589 0.509078 8.12804e-06
0.00171149 15.335 0.308588 1.7281 0.264636
0.000292272 0.000312141 13.6805 6.19136 0.000198893
0.156663 0.0398764 0.415226 13.4458 2.44767e-08
11.966 0.8448 5.33184 2.7968 0.00245889
0.588218 1.10513 12.4024 0.00117528 0.300613
1.01456 0.206733 12.7134 0.000415345 1.9646
2.09468 1.13118 4.8245 12.2909 3.56202e-08
10.1144 0.138835 3.45091 5.5785 0.000327223
0.926197 1.05362 1.08774 11.5346 4.35178e-08
0.000156262 7.12615e-06 16.5647 0.00588237 0.0028657
1.93763e-12 4.71609e-15 3.52472e-14 1.7795e-11 8.67739
1.23202e-13 2.63905e-15 2.59347e-14 4.71531 6.70281
10.5533 0.134462 1.91963 0.489958 3.33379
7.52728e-14 1.14645e-13 8.36739e-14 9.66559e-14 9.67494
0.508798 8.96609 4.77558 0.0267218 3.94734
11.8578 3.15288 6.25897 1.62137 0.000896543
13.3453 0.00402816 2.34721 1.39367 0.0306883
11.684 0.0612486 0.258968 0.0134669 3.53664
0.00824826 0.000451024 16.7753 0.00282587 0.0138621
1.78873e-12 8.36669e-13 1.36993e-13 2.32229e-11 6.94528
6.08821e-05 4.31555e-06 15.9292 0.435571 4.33494e-05
5.77559 7.06394 3.06528 0.727457 1.04876
2.17441 1.8699 4.60695 9.16461 1.61616e-07
6.43251 0.00948335 12.2461 0.692821 0.150693
6.64588e-14 1.66162e-14 5.21718e-14 2.36067 6.19098
11.4336 0.0181573 0.342635 2.713 0.376046
6.94268 1.11136 2.97765 4.06859 0.811485
13.0951 0.303018 2.8114 0.386323 0.0268289
3.98295 8.18542 4.42042 0.12884 1.79431
0.00286704 0.00501856 9.75141 0.0675542 2.70681
0.367551 15.2787 0.893502 2.68305 0.00119712
6.40545e-06 7.01441e-05 4.21027e-08 12.274 5.94506e-06
1.20145e-12 1.51494e-12 4.64054e-13 3.07078e-12 7.94672
0.0499608 14.9282 2.39414 0.0265514 2.92048e-05
7.32256 0.0897947 2.6689 1.57649 2.41147
1.23115 0.0219325 11.7109 0.000985625 2.67606
2.27564e-14 1.03405e-16 9.08894e-16 4.60448 9.18703
1.72241e-15 6.19802e-17 5.17007e-16 6.3521 7.17184
0.000579321 6.74622e-06 0.0004536 13.2057 0.00656906
5.11884e-14 8.27834e-16 2.77846e-14 1.41588 9.34552
0.00277649 0.020387 11.9498 5.00506 2.38629
12.4118 0.0538279 2.05427 0.280398 1.36999
5.01185 11.3807 0.0235273 1.83791 0.842649
1.24509 2.68491 4.29657 9.29877 1.59166e-07
10.3767 0.326892 0.228487 1.01827 4.34496
0.223611 0.667782 17.0519 0.00208626 1.14275
2.44802e-12 5.79618e-12 1.17603e-11 1.21215e-11 7.74037
7.94699e-14 3.7196e-14 2.33082e-14 4.73909 5.95805
12.8177 0.00616391 0.40537 1.76079 0.135469
13.4477 7.69918 0.0215438 0.00513225 0.253382
1.55473e-10 4.63619e-08 0.0232682 12.9464 0.00922655
1.62235e-05 6.47634e-09 0.0143948 14.9043 0.000709773
0.0659237 14.9626 1.83875 2.1273 0.119605
0.766692 0.804235 9.45786 1.8795 1.73671
7.15555 3.35926e-07 1.32201 2.73259 2.87198
1.82193 6.76459 4.72159 5.90571 1.94669e-07
0.280211 5.01551 10.8388 3.91194 4.12307e-06
8.00055e-08 6.12747e-07 8.75027e-08 14.8724 0.0774168
2.54583 9.79645 0.0290314 0.314556 4.51343
2.23434e-15 9.52964e-16 3.28811e-18 2.07356 7.12919
1.8783e-14 8.75594e-14 3.60522e-14 1.22413e-13 9.08567
0.0482608 13.3219 6.48952 3.05202 0.195646
0.239503 1.3827 13.3487 0.00329415 0.110667
0.553341 11.2369 2.26787 0.0247402 0.658308
6.24248 0.188677 11.5066 0.0521751 0.196039
9.74584 10.1842 0.000807704 0.0623023 0.078063
0.00204388 16.7717 0.000319639 0.0142646 0.0569358
0.146565 5.71822 8.22028 4.1349 0.230819
5.35761 6.87469 5.70878 0.00119866 1.54083
2.03832 3.11071 2.4859 7.39443 5.64912e-06
10.3235 1.94801 1.5336 0.0567992 2.08566
3.77864e-14 9.36943e-17 2.92205e-14 3.82264 7.34194
6.58186e-05 0.000362467 5.58958e-07 11.6748 9.85401e-06
1.22217 2.58243 8.91808 0.383838 2.25049e-05
2.44615 3.03449 8.64761e-05 10.02 0.130437
2.75555 7.03313 8.78 0.000972011 1.48918
13.0165 0.287138 0.0207434 3.3069 0.197526
3.51892 3.91373 0.180104 7.28386 0.0580294
9.99192 2.89247e-08 0.681098 7.85155 0.0208249
1.24006e-12 5.03901e-13 2.75981e-12 3.59383e-12 8.7882
3.32434 3.97192 2.15292 1.64394 1.31177
0.000618672 0.634877 0.358883 8.81442 0.303244
0.955394 11.9287 0.652574 5.08073 0.00211401
6.75616 3.2506 0.301716 3.68211 0.241595
0.720531 12.0612 0.108262 0.00940339 0.978151
0.016967 12.1855 2.71151 6.46438 0.0163596
0.018401 9.11004 6.78689 0.173871 0.0134662
0.409853 13.9623 1.361 0.621961 0.0170262
0.543367 1.05107 6.93081 10.3665 3.70202e-06
5.56188 6.17284 1.60174 1.32101 0.935418
0.000234802 11.5595 6.86573 0.000904085 2.17014
9.45186 3.37451 0.000116616 0.968346 2.62982
8.14979 5.04975 1.52555 0.0450757 2.0147
5.3507e-16 4.02138e-17 7.38007e-16 0.496549 9.56478
0.00155296 0.000384314 15.6938 0.00591075 0.00476497
0.0022326 0.339741 14.7019 0.00255639 0.218348
1.40252e-15 1.99622e-17 4.86462e-16 2.04109 9.44728
0.191774 14.2744 0.277921 1.84589 0.0264404
1.84774e-15 1.07643e-17 2.04398e-15 2.9022 7.74863
6.11537 6.31778 6.35787 0.137785 0.00257011
1.88358 12.4417 0.719203 0.629827 0.00969414
0.52281 14.3821 1.00521 0.000732506 0.0022863
4.05783 5.64099 3.192 0.179222 2.5905
6.3703 4.58465 1.75895 1.2473 0.557505
5.18572 6.2333 3.13589 0.578297 0.000718092
3.59023 2.81238e-08 3.30607 6.59953 0.915648
1.43842e-11 5.32922e-12 2.87029e-12 3.20956e-11 6.01
0.125031 13.7965 0.497756 0.019109 0.123971
0.0539216 0.00756204 6.57596 5.69338 3.29933
7.92717 2.03321 0.109573 0.128337 4.163
0.00723481 0.199578 14.1276 0.270747 2.1724
1.74647 10.7429 0.498952 0.51691 1.33742
2.39929 0.65935 7.78667 7.31281 0.0027237
0.577572 5.523 0.459865 1.88441 3.66599
1.12092e-06 1.59418e-05 8.58069e-06 11.3157 1.067e-06
2.69097e-13 1.02419e-13 6.66342e-15 8.51784 1.56201
0.00819669 0.00129473 13.9258 0.142405 0.107245
0.170857 1.44221e-06 0.194438 8.03453 2.36567
10.6601 1.11388 0.243543 0.0188884 2.29535
0.00142853 14.0908 0.000208543 0.0102595 1.89007
6.69081 1.64802e-08 5.38169 1.16064 3.58029
9.0464 1.56253e-07 0.80139 2.11617 3.98261
1.72807 2.23399 1.47402 9.06788 1.29384e-05
8.27283 0.241464 0.603201 6.87259 0.0995961
0.620139 5.23882 3.40792 0.71055 1.83107
4.46382 8.88426 2.83449 0.00505116 1.44373
2.35966 3.69864 0.00837863 3.38875 3.16651
5.93773 1.2562 3.69855 3.33481 0.462607
0.212913 0.00754009 5.65335 6.13103 2.88609
3.32885 4.96727 2.7374 5.52017 3.29517e-05
0.41258 1.4852 8.72955 1.05989 2.8368
0.000659094 0.00126675 9.82831e-05 8.73282 0.00023856
0.358937 1.73207 5.06191 1.99041 1.93999
10.9058 0.139987 1.49603 0.0121709 4.03562
9.84803 0.249675 1.24278 0.0634878 2.99726
1.17532 0.0596885 11.2631 4.56077 1.8761e-05
4.4717 9.5911 1.14547 0.0760725 1.66205
2.0065 2.44602 7.6882 5.92354 3.68752e-05
6.30389 7.82971e-08 2.63335 3.14974 3.50972
0.00615857 0.00375236 12.0793 2.3474 0.0086038
0.336536 0.0708732 10.5101 0.649392 0.0140935
0.032904 12.6052 1.57988e-05 2.5284 0.848125
5.39012e-13 8.10039e-13 4.67055e-13 3.78033e-11 6.82119
4.56789 5.42622 5.83298 0.0052167 1.09423
10.7448 0.280389 5.19922 0.0498217 0.16152
8.67294 0.0476853 1.80917 1.44124 1.10507
2.51244 1.94268 8.40916 3.75065 0.0710878
0.0159562 4.90589 10.3926 2.44688 0.733344
2.14714 0.384075 7.08542 7.83431 0.0209631
2.94409 0.403607 7.47899 3.57247 0.643721
4.02784 5.36542 7.51141 0.768206 0.00683312
4.70413 0.687399 4.41766 2.69372 1.38506
2.04914 6.11102 6.98527 2.966 1.77551e-05
4.10774 9.41113 0.0287763 2.30732 0.443297
4.61297 0.949346 7.94359 1.06447 0.324643
6.60586 3.72537 1.9246 0.328959 2.52597
8.0081 2.3508 2.79236 0.0757577 2.06479
0.00664917 13.569 0.968189 2.6697 0.232106
0.210962 7.42784 10.2373 0.212426 0.0283736
1.35197 7.88224 5.78833 0.0380947 0.26296
3.87559 1.31087 6.3525 0.0531066 0.764253
9.29922 1.03048 6.19025 0.720255 0.679711
5.41822 10.0033 0.0039913 1.04429 0.0703155
0.0858356 11.0916 0.055609 0.266795 1.77584
9.92406 0.534705 5.47427 2.21021 0.882793
2.45745e-16 3.85916e-17 1.60134e-16 4.83147 8.93252
0.127415 8.81893 0.37705 1.53106 4.27317
8.79585 3.54056 0.546336 0.602404 0.0557317
6.05745 4.63837 2.36695 0.201783 2.2611
1.78439 9.73571 4.15876 0.347112 0.641601
0.00710256 0.421343 14.439 0.119069 0.173389
8.61217 3.43421 4.25447 0.193654 0.116472
8.46439 0.176618 7.34529 0.694087 4.07244
0.0135581 13.0974 2.27843 2.05075 1.15603
7.46872 0.96899 2.26302 0.209853 1.67962
7.18792 0.786652 9.00994 0.203741 0.153881
4.298 3.80119 2.4278 0.11304 3.24345
11.082 0.182189 0.602441 1.387 1.25917
1.74745 5.28167 3.78192 0.173508 3.09305
3.39958 7.55348 0.324202 5.31872 0.0246046
10.0362 3.29973 0.016166 1.385 4.19593
1.95938 8.57701 5.47987 1.94405e-05 4.40174
5.0941 2.32205e-07 2.53185 2.72871 3.43572
12.4935 0.823196 0.148735 1.52844 0.0327001
5.51997 7.98054 0.177204 0.00536056 2.20676
0.0265554 1.54953 11.1017 0.288303 0.128672
1.66905 0.947504 2.23269 5.15366 0.515251
7.6554 7.70582 0.448599 2.82351 0.0694768
6.84743 2.81106 0.886348 1.23666 1.70565
0.206764 0.0852842 8.12278 0.62091 3.01729
4.76199e-06 13.6373 1.56391 2.93152 0.0152748
8.39162 1.61986 0.661452 1.7563 1.45764
9.20799 2.93657 2.62962 0.412315 0.0502242
1.05813 5.9208 7.02258e-07 4.68664 1.66995
0.824453 9.91013 4.85148 0.0572516 0.0859687
0.47702 2.06895 7.15542 0.0320919 2.97169
0.000728394 0.0949292 12.8824 0.662414 2.40218
1.49734 1.37053 0.753743 1.07418 2.75182
8.41327 9.16725 0.606348 0.174596 0.058188
0.0148188 0.117374 13.7973 0.303521 1.13558
2.70092 8.30771 0.501732 3.21948 0.235862
1.54425e-05 10.1698 7.61031 1.46824 1.92514
0.0612704 13.179 6.4363 0.203679 0.0295196
5.65071 0.384489 0.221813 4.96924 0.783191
5.23102 4.38786 0.50411 3.41386 0.500611
8.83579 1.44049 1.04791 0.346538 2.33433
3.44258 10.1022 0.228093 0.144615 0.289681
0.0412246 0.00417636 11.441 0.799034 1.99945
0.762636 1.26656 7.8893 2.42628 0.190887
11.2281 7.13376 0.0147358 0.0160812 0.475743
8.91672 4.75989 0.624289 0.348563 0.0805215
0.122188 3.39471 4.80275 2.3381 3.86715
6.56333 4.79056 0.97919 5.14449 0.0345604
1.61454 8.71018 1.54918 4.99602 0.00758837
7.11825e-08 1.11227e-09 0.0078151 13.0447 0.00707766
0.217234 3.74664 0.79546 7.52718 0.0694494
0.00209364 0.00171309 13.2126 1.3664 0.0959542
0.00594121 2.64285 5.93538 3.3227 1.02325
1.91547 10.5271 0.0697981 3.42442 1.97823
12.6339 0.180864 3.37626 0.243019 0.000500918
6.38162e-14 1.14815e-15 1.50227e-14 4.03003 6.74329
5.63313 2.7836 2.99329 7.1022 0.000697575
4.35614 4.31171 4.8685 2.41828 0.0749024
2.70981 10.8841 0.307469 0.0339163 1.00789
0.052209 0.0137161 11.2883 4.22259 0.63413
4.79019 8.41126 5.17778 2.3794 1.47948e-06
0.250565 8.26071 0.659488 0.397006 4.62969
3.28359 0.227566 9.34194 4.34823 0.0039707
0.00636453 0.791706 14.5662 8.48343e-05 0.790557
2.61485e-12 3.27534e-12 1.30397e-12 1.52331e-11 6.18176
0.813548 0.22194 8.29457 1.08994 1.77549
0.0592846 6.50034 10.7407 0.0148095 0.130825
1.59692 7.52768e-08 1.00993 8.37502 1.89745
3.82363 1.82908 4.06222 3.72767 6.4064e-07
2.15817 11.6536 0.00099451 4.30371 0.0354875
1.87714 2.6402 6.19456 0.115197 4.66796
3.58584 10.3042 0.0223502 0.00273769 1.09
2.8309 1.75502 0.709588 6.2769 0.496938
0.896758 12.674 4.67669e-05 2.41412 2.0228
3.12444 0.0381643 10.0062 1.91372 1.78883
4.8538 0.0163542 0.734071 5.24983 3.83695
2.85154 0.725807 3.83988 9.00247 4.39846e-06
2.99692 0.822517 13.3404 2.17457e-05 1.22569
0.0289049 12.9706 0.71851 0.307719 1.50731
0.00316983 13.417 0.0440007 0.0443507 0.34788
8.79648 8.01633 1.84774 0.235025 0.0261611
3.10275 4.87295 0.226006 1.7286 3.23197
2.08035 2.77619 4.94326 3.30047 0.208984
1.76946 6.01718 6.67804 1.91288 0.0546217
3.47809 1.61705 3.21835 6.53625 3.62165e-07
9.61333 0.722328 2.08155 0.405944 3.48379
9.16474 2.16029 7.7318 2.26718 2.82535e-06
0.0638994 4.48119 5.12829 4.55106 0.00459656
1.49462 3.50512 10.1181 0.0652985 2.74211
0.349228 8.41873 2.84136 2.49154 0.860129
10.832 0.191945 4.29627 0.0473771 0.705311
0.295702 5.939 5.01577 3.23921 1.07377
0.766118 3.31614 8.05749 0.351672 2.47528
3.20211 5.77098 1.79174 6.15278 2.40742e-05
3.92586 5.29851 5.60318 2.83313 0.00246682
4.90664 7.27059 0.587022 2.88661 0.00157248
7.38387 3.7009 3.16421 5.1497 0.0491993
3.65118 2.72181 4.68415 0.56525 1.53711
0.50165 5.78859 7.2586 0.0052201 0.0160431
0.00231974 11.7884 1.72247 5.0065 1.99066
3.83371 1.20555 7.41208 0.996655 3.24578
9.1146 3.1455 0.140029 2.60712 1.51781
0.219377 0.00678632 9.05845 4.66334 0.619959
4.19901 0.394312 0.976535 4.50663 3.62262
0.00286208 10.3989 9.28792 4.43633 0.0703538
6.89999 0.914428 0.0124941 4.26308 1.12881
0.00935861 11.841 3.39289 1.88782 0.424269
1.13415 10.6219 1.50023 1.56591 0.169007
2.11793 7.7837 3.27822 0.417745 2.10729
1.99838 1.57209 4.11896 6.37852 0.0823437
11.1055 0.000260419 2.32037 1.35527 1.59775
4.66789 1.45861 0.705803 0.0247023 4.58206
1.31777 5.17199 1.56427 7.79267 2.92522e-05
7.58165 0.00428936 1.69449 7.62957 0.00942213
0.0279841 3.62061 10.1884 1.90708 2.5752
3.71146 10.3999 1.60034 0.43209 0.197458
0.0505554 1.30735 8.37661 0.817622 4.12507
0.882435 2.81616 0.477441 10.1957 3.37044e-06
0.271587 3.18677 1.64966 6.80035 1.54298
9.35862 0.413222 3.80674 0.791062 2.74129
1.85509 6.39225 0.0570723 4.47439 0.688607
1.9653 2.17715 1.29425 3.37668 1.55763
3.06298 1.04051e-07 3.5994 3.55212 4.41712
5.99444 10.6525 0.13333 1.21392 0.00293605
0.0438378 12.76 3.90501 4.58145 0.0145114
4.94385 8.37993 3.28848 2.77289 4.03162e-05
7.71042 5.65254 0.053273 3.63606 0.836214
0.00197734 0.000871914 14.3396 0.154394 0.0121904
0.169675 4.98162 2.53112 3.97778 3.10513
9.63081 1.13817 2.50904 0.0194974 0.14001
5.95114 5.43664 4.35861 2.99084 0.019846
0.0369406 12.2808 0.052099 2.67199 3.77834
4.87818 7.17853 6.9177 0.919318 0.0445735
6.32601 7.64386 1.32877 0.0156324 2.10402
3.17529 6.97355 2.57708 2.77521 0.195702
0.000295359 0.0572776 0.0079768 6.96329 0.71914
0.00718344 0.0347506 10.9734 2.91715 0.952389
12.7087 0.0172052 0.156545 0.0726354 0.109513
8.5318 6.92067e-08 0.24814 2.50587 0.746077
0.510877 4.05649 4.32003e-07 7.64403 1.16284
0.77145 0.00616022 0.524804 6.7037 1.62474
0.705184 0.95512 8.16676 3.48589 1.74951
3.61685 3.34726 9.40999 0.000636552 2.15329
5.89026 4.68342 3.92653 0.183357 2.58502
7.84432 1.95095 1.34036 0.540668 0.0152552
0.0146767 0.0192049 3.62007 6.73659 2.45204
8.98071 0.261444 0.00640748 4.78 1.39242
9.10863 1.51319 0.00371707 1.95564 4.10302
6.0399 7.54787 0.126336 0.343452 0.0824807
2.57651e-15 5.07289e-15 7.93725e-16 11.3686 0.0874971
5.46397 6.64844 0.915652 1.67097 1.27462
0.669048 4.01699 5.25614 1.53361 1.63982
2.29438 5.49767 7.42122 0.000157552 2.65728
0.749433 2.30274 1.4639 5.75817 0.0291852
0.467923 6.09591 2.59376 7.49701 6.08589e-06
4.15126 6.65867 4.4464 0.0670246 0.527096
5.30987 2.32207 7.38642 0.534654 0.547715
5.05581 1.06833 0.0552949 5.42206 0.902427
0.379934 2.11847 2.00246 7.73784 0.0118111
1.44309e-05 2.20249e-06 11.6035 1.42088 3.83565
0.129226 12.8675 0.00437406 0.529186 0.573345
0.630863 3.00901 0.291164 3.39682 4.72404
4.51804 0.00142453 4.7867 3.51962 2.23998
7.74827 2.46422 0.0432694 6.52908 0.214198
0.000254384 0.711263 5.5226 6.89733 1.92272
0.294079 11.7409 0.00510636 0.596171 1.19494
0.00310327 0.00694731 0.0118903 8.28331 1.57211
2.24777 0.910399 3.55162 5.79663 7.18646e-05
6.6615 0.576303 4.66135 4.32509 0.0159315
4.9867 0.990442 2.92876 5.28058 0.355641
4.39127 7.33497 0.00023908 3.93773 0.599626
4.13737e-14 3.19946e-16 2.1037e-14 8.98098 0.791355
0.000240483 0.000685967 14.2163 1.2435 2.48657
0.697192 2.51491 2.03759 7.74223 5.91387e-07
0.58275 4.26056 7.58907 3.56099 0.343276
2.63105 4.60312 0.274638 8.40731 0.00465998
1.72497 0.000160911 7.19813 5.92228 2.05194
11.7462 0.0112122 0.341785 1.03238 0.122012
8.07102 3.99455 0.0361559 4.0723 2.48106
0.804634 9.68267 9.35905 0.00877619 0.000367078
0.247219 0.496329 6.83714 6.37803 1.21415
0.215044 0.354704 9.13564 5.67404 0.00458617
2.83973 0.652967 6.64788 5.80325 0.00268348
1.99024 4.20705 1.64841 2.83322 0.471676
1.9572 2.05037 7.30148 0.088193 3.38428
11.3746 1.18595e-08 0.179313 3.01931 0.822083
2.00582e-06 9.70985e-05 15.8357 0.00867838 0.000451105
1.46588 1.66401 0.79716 5.46801 0.455284
0.0970602 6.5845 1.03284 2.56671 4.56593
0.0625715 12.3401 2.45691 1.29175 0.0151133
0.157972 0.110545 9.95008 0.00782125 2.93557
1.8528 2.47381 5.74638 1.80864 0.394722
0.401782 0.565062 0.338284 5.88647 1.5773
1.64847 7.22252 1.59593e-09 0.330084 4.65175
6.4091e-12 4.40731e-12 9.9018e-12 6.33377e-12 4.73384
1.24544 1.06963 0.0256128 5.63499 3.78908
0.0463141 3.88217 9.9112 0.0838037 0.951919
7.9523e-05 0.94559 8.48293 8.11615 0.195996
0.839725 0.265117 0.715287 6.02573 4.03723
1.68378 6.34341 6.00324 0.489712 0.274821
6.46863e-13 5.81105e-11 8.2143e-15 1.49302e-10 11.3105
0.843923 11.0102 1.38584 0.276398 0.968179
0.0701927 5.1472 5.26412 2.18258 1.88419
5.38728 6.0819 1.81375 0.223382 1.69042
0.000392669 0.144978 12.7804 1.65663 0.266065
5.27688 0.0145376 6.41003 0.826832 1.29349
6.30607e-13 1.29653e-13 2.94814e-13 8.30479e-13 8.91584
5.98777 2.18013e-07 1.68336 1.5629 3.2097
2.77658 0.000524442 5.75922 9.20616 0.200851
2.71764 4.07039 4.34219 4.40458 3.04948e-05
0.00787004 0.00345616 10.3223 3.78877 3.10062
0.12505 11.9224 2.89109 0.243309 0.960297
0.436827 0.451026 0.698355 2.03416 2.84628
9.39124 1.24155 4.4508 0.383386 0.648903
3.76158 1.73549 0.748867 5.25889 2.19548
11.2114 2.41526 0.0831818 0.103193 0.0974949
4.40464 4.16074 3.26621 4.79839 1.44761e-05
3.32454 4.72425 1.20034 4.4291 0.598943
5.46222 1.23269 2.3078 4.07349 0.275451
0.993247 1.431 4.53417 0.380582 3.71402
9.53132 2.16253 0.0440422 6.8758 0.0731411
5.82047 3.18182 1.57718 6.25943 4.93233e-05
0.213161 12.8179 4.24099 0.231025 0.0565455
3.15618 1.37084 8.96782 0.578203 2.49343
3.32879 0.118092 8.62913 4.41635 0.223466
2.74328 7.39305 4.025 2.09203 0.106997
1.39199 1.16237 5.10322 5.4872 0.217463
4.80528 4.24275 6.08838 1.22456 0.0421728
1.25626 3.83809 0.929884 8.16439 2.01213e-05
0.62181 2.02983 9.18163 4.76069 0.00500319
3.56229 1.09611 0.964769 3.7971 1.40853
1.41003 3.2743 8.38367 3.10141 0.0784328
11.3244 0.0497904 1.78784 2.56819 0.0708798
4.59623 0.316496 9.8322 1.63246 0.274397
0.986108 2.31713 3.95061 0.978766 3.82906
1.0826 0.113119 1.15076 1.11418 4.54362
0.21238 8.663 0.00123545 3.08874 2.07286
0.123988 3.6713 10.6646 0.497904 2.30905
2.30091 0.831807 2.257 4.83818 0.971554
0.000930737 0.00983453 0.0016132 7.10426 0.133965
1.92628 1.17668 13.0419 0.000284437 0.533534
0.137722 10.5357 3.26445 1.12219 0.0152719
0.285177 3.63234 5.44785 1.23104 2.21416
1.40549 1.41397 0.812525 0.478537 2.55659
2.5722e-12 3.64479e-14 1.99635e-12 2.0453e-12 7.34957
1.34863 9.30599 0.555481 2.12375 0.0705928
1.3004 10.9745 0.271012 6.89686 0.757445
7.57516 0.182669 3.91614 0.741568 2.74396
2.95669 2.14345 1.65558 6.74415 0.0113082
0.903789 6.25051 6.12505 0.363354 0.072567
0.00461089 0.160431 8.99779 2.82371 2.8007
0.866431 0.541054 1.61371 1.92915 1.73374
1.93543 2.27745 0.299504 1.85882 4.4555
2.66223 2.41205 6.94997 3.93384 0.00321851
4.10828 9.46738 0.000777645 2.17316 0.0942009
3.02296 9.51768 3.83673 0.0242748 1.50841
6.50753 0.957262 3.48996 2.98062 0.0258142
1.23848 8.51261 1.26103 0.701876 2.48298
0.236775 6.26975 3.45813 4.93255 1.0213
4.91626 5.99029 3.48534 2.56142 1.00765
6.47132 5.12032 0.0324719 3.65775 2.23163
0.00428353 0.0443412 12.9725 0.5455 0.114858
2.48511 5.08052 0.83774 1.3815 2.17199
1.48092 4.91447 3.94634 1.16992 0.317499
0.386617 0.908423 2.45361 1.30419 4.46207
3.18577 4.4485 0.269933 3.72352 0.680096
0.00821443 5.33512 5.00073 2.19617 3.58331
0.122704 4.13825 1.59165 4.20202 3.52006
3.38125e-05 0.00324215 0.00109052 10.1388 0.136106
4.98266 6.53003 0.0726398 0.0369435 4.32896
3.41819 9.54133 0.154382 0.653919 1.24548
0.0355176 0.039798 10.6385 2.25463 0.0110663
0.639327 0.0673977 7.50634 5.36352 1.20506
0.531081 2.01459 10.7081 0.491614 1.35904
0.667886 2.3588 1.35532e-06 2.1486 3.74687
0.000106408 0.0399415 13.0862 2.50426 0.844916
5.85546 0.0886915 5.57069 4.46424 2.10165
4.30156 3.41686 6.06518 0.00384501 1.35553
0.000553748 0.0156602 7.27896 8.18207 0.250174
0.02219 3.05724 4.00513 8.41399 1.62906e-06
0.527363 2.02708 9.81021 1.51804 1.15323
0.793414 2.76963 3.54081 6.45928 1.82621e-05
6.67033 2.96302 0.228935 3.4186 2.95169
0.111812 0.388659 8.56852 1.95538 0.999302
1.48668 9.27406 4.80658 1.02434 0.0123563
2.09783 2.75987 6.53949 1.78049 9.79006e-06
0.787998 1.66455 0.566078 1.56547 4.30227
