14 31.5546
25.0922 2.23395 4.23677 24.1345 10.2968 7.05935 6.66607 12.6442
8.46883 30.9718 7.87897 6.05492 17.8437 7.59381 4.22258 3.02824
2.85895 0.431407 3.33546 1.52646 29.6464 0.746841 26.0708 0.0272339
2.75438 1.04335 0.378921 37.9669 6.2837 6.51536 6.24763 3.45656
2.29826 2.90997 30.9717 9.26237 1.24584 4.99146 12.6159 17.8156
0.433164 0.253399 0.0340112 1.10162 1.06318 40.6707 8.73885 1.40843
0.138836 0.0665438 0.0576214 0.0335207 0.104687 0.00427419 0.207018 39.9495
0.133059 0.486659 0.3099 3.28838 38.2186 0.966267 6.08393 8.80271
0.0276262 0.00194177 0.104188 0.00285857 0.39235 1.07897 40.5278 2.01163
0.0112264 0.0211467 0.0305319 0.0837846 0.106727 0.118341 0.026133 40.6962
0.00125821 0.000761198 0.000659609 0.00183112 0.00274906 0.0072169 0.242001 40.1954
0.000338627 0.000284012 0.0059078 0.00629737 0.054423 0.794407 11.6232 39.139
0.000136454 0.00603654 0.00661567 0.0812883 0.810852 14.9065 1.67593 37.5081
0.683649 2.47001 27.3974 3.30525 12.1047 9.69334 8.39944 23.2182
6.04429 27.3335 13.3796 17.0469 1.79226 16.0164 10.1359 1.98679
22.0054 14.5917 18.1852 10.6053 5.1143 7.68709 16.183 10.5212
23.8105 3.7079 5.61262 8.53218 11.4718 22.9335 12.8179 8.95248
9.81694 4.8853 24.3404 16.0203 2.87056 24.8488 7.05253 3.73596
8.4013 3.38162 29.2329 6.82496 13.5936 18.5305 5.94555 3.75258
16.6523 19.4746 18.0431 10.1726 2.87817 11.1661 15.7504 13.7298
19.4761 24.4161 3.33923 9.69957 16.1666 6.45542 10.9391 2.94393
2.72099 26.1783 7.65833 5.93166 2.86747 15.6761 7.43795 22.6937
21.0383 4.45463 1.80846 11.406 3.09315 20.2664 10.0237 24.5885
9.2632 6.93249 23.9239 6.17988 3.88109 6.53838 26.6391 9.66251
2.6235 5.8297 22.2009 6.36207 5.41064 24.7357 2.95491 21.5522
19.5396 20.4673 2.76107 0.603036 3.68656 1.56645 21.7412 16.3484
18.181 10.4675 5.80788 15.556 9.01232 12.3426 21.5757 13.1382
8.9545 9.34131 20.4029 9.40198 16.5183 22.1721 7.57475 10.6599
10.1917 23.5521 17.4607 7.56986 10.98 8.32102 13.8973 15.386
17.1734 1.52797 21.2646 1.82584 6.48309 26.1858 11.5422 6.04354
2.79061 21.8945 9.57204 13.4749 11.3869 20.7495 11.6957 12.4402
15.4665 22.7699 5.68493 10.7009 6.68959 17.3355 5.68911 16.4852
2.75421 17.9269 1.8297 18.1242 1.84889 13.6176 20.2062 19.45
2.60234 4.53896 19.1649 3.64346 11.1962 30.199 8.47759 9.84406
11.2212 8.34691 21.2006 1.61787 8.94136 26.9378 14.1971 2.83266
18.9942 0.775356 11.7853 24.2214 18.5471 11.7476 4.21022 5.30955
1.95498 1.71441 0.512967 37.0316 1.78997 3.66992 12.1377 8.93105
16.2845 21.2908 4.61162 23.7677 7.13003 12.4164 11.7822 3.10089
21.4428 5.98745 1.23847 12.8476 22.9139 4.24375 17.7059 6.88296
8.57175 13.7417 14.0214 18.0745 4.10207 21.0496 15.1776 7.78274
2.42063 2.39347 2.35181 4.27284 1.53133 37.5612 10.2286 10.0246
2.971 6.54352 1.35271 36.4684 3.67453 3.46983 12.336 4.22461
6.481 16.3899 16.7436 8.33993 3.00777 14.6144 23.3917 14.5175
16.1669 15.6574 6.1162 7.03769 17.4441 6.71365 22.3376 11.4581
13.1351 7.47748 15.2459 6.65846 27.9175 13.8815 2.05886 5.78753
18.3554 6.16391 9.80348 6.8372 18.4986 13.1552 23.0407 0.828651
8.24796 14.9455 5.0474 21.4718 3.32591 11.2669 21.968 12.6832
14.2329 3.54731 12.8123 18.756 7.32025 6.31392 5.8531 27.0353
5.02492 3.12816 19.6938 11.6625 22.5393 1.67972 21.657 9.71578
13.8147 3.91089 6.10428 3.70799 27.328 6.57645 22.8737 3.49858
1.02318 0.518418 2.0082 2.78668 37.4003 2.26047 11.7761 4.8703
2.50853 23.4849 6.11524 18.3649 2.40429 20.1585 10.7435 13.6579
0.608547 0.160143 3.79086 35.7443 9.54087 12.3406 1.07171 9.9971
16.5116 4.95814 8.09146 5.25496 26.9131 9.78152 17.7747 1.15184
0.295686 0.346175 0.307394 3.84291 1.05046 36.5859 16.749 6.2591
10.7527 4.30765 16.0328 10.2265 17.4346 9.09334 10.5458 23.738
5.29203 14.2832 3.11471 17.8569 6.83671 10.6225 5.61798 29.3845
14.4643 17.7558 7.78609 13.9193 1.22196 7.79963 18.9427 21.0463
2.33434 0.64886 8.42907 1.92771 3.5792 38.9429 6.48426 1.05345
12.3887 17.2088 2.31878 1.65877 8.79119 11.1849 29.4433 9.10662
12.5314 8.45101 7.75759 10.5862 3.79491 12.3824 1.92048 32.6628
4.53462 20.7205 5.48808 19.6326 24.7475 6.33799 4.81198 7.71505
4.10629 19.771 3.52307 26.0889 20.2119 8.51513 5.42766 8.60197
17.0371 4.01818 2.40084 6.79159 13.5341 25.87 18.5061 2.28828
15.0299 1.7622 2.87621 10.8803 28.4348 2.04801 13.4489 15.8447
11.7062 6.57688 3.11925 25.3637 11.0438 17.5176 4.98899 16.6061
2.21669 20.2858 3.75373 13.8423 2.17095 2.31309 25.5553 17.0886
9.40875 11.2191 3.64987 21.6997 6.61554 16.5286 6.92612 22.7293
5.88416 22.605 8.87053 16.4648 22.9212 6.07319 12.3584 8.03428
15.878 12.3426 6.77736 12.9914 11.9662 14.2687 20.5897 15.3451
10.5131 4.02085 13.3717 15.7048 1.81109 18.9974 25.4844 8.59403
3.39756 2.17577 17.1942 3.24194 29.1247 2.27534 19.2801 5.42126
14.8862 11.0944 7.0476 14.6431 14.6407 27.5178 4.80761 2.40693
6.63126 1.26561 5.16814 31.5191 9.86558 15.6015 12.8088 10.7613
5.5165 6.3684 13.7582 2.23503 0.579564 32.1475 11.0161 15.0725
2.73429 12.6936 21.338 5.84564 6.98818 24.8518 8.45304 16.7969
6.02698 21.2343 4.4445 11.5177 23.6717 9.32935 17.7789 5.14648
11.6094 1.99462 6.18889 8.09983 35.6197 1.28103 1.99519 10.2867
13.7429 7.36741 15.7048 15.2056 7.32025 2.98695 17.7892 21.6345
12.0442 9.43394 10.427 22.472 10.317 25.5934 8.14207 1.5061
5.89008 12.4661 14.2951 2.50685 4.2832 19.5121 21.086 19.859
9.04634 16.8799 1.84213 23.2696 0.824414 12.0215 7.84051 20.8865
12.8726 2.81272 9.06802 18.7292 1.17 9.13306 6.52182 28.2677
19.2942 2.42049 10.1232 24.2787 6.34461 8.69365 0.792132 19.7005
7.84359 16.133 5.27996 7.4855 18.2711 7.84646 4.20383 27.6489
2.89381 8.23181 12.2785 2.69569 11.2871 16.9156 29.1739 9.72163
10.3398 0.940131 9.19573 19.1726 1.62063 3.08825 6.38938 30.859
5.85021 7.91805 5.94663 29.3651 4.10715 2.46851 23.4183 7.12317
11.7419 15.1672 6.0086 14.44 22.6045 17.9223 2.57321 12.2818
12.6661 1.71569 4.23668 19.8067 5.86066 22.6348 22.8264 0.258034
2.04293 5.03281 14.9432 9.04197 7.65054 18.2917 10.4352 26.338
6.85818 8.61286 11.5737 11.649 17.8626 3.15284 3.45506 29.0973
1.561 0.482965 21.8409 13.5702 16.8319 11.3641 17.7359 15.3867
14.4879 12.8771 7.53072 15.19 7.61134 14.7613 4.29803 25.6211
1.26593 13.3756 14.6788 25.8616 20.3481 1.48255 11.8344 4.48856
2.94002 15.3878 10.2565 2.78466 12.1511 2.21942 30.3423 11.8948
1.44206 4.22938 14.4766 8.75139 9.66189 8.5391 21.8564 27.1141
1.60702 1.94151 3.01059 9.99916 16.9794 4.95018 7.90565 33.1358
11.2867 7.28079 13.8664 28.9309 2.89592 3.31031 3.0533 19.0753
10.1174 5.94512 11.6501 16.6364 26.9559 4.3698 12.9781 11.5419
2.89342 2.29265 5.47222 8.25928 36.5262 6.44808 9.52051 1.88668
12.1422 0.587353 12.4675 23.959 11.0058 4.67924 19.4596 14.1378
4.60402 7.63689 12.0425 16.4401 3.13553 13.12 17.709 24.6149
11.0211 5.93439 8.14214 6.54371 19.9123 29.2713 7.61159 1.74303
0.602577 0.218381 7.65942 2.25455 7.85406 2.7355 9.21477 37.8814
0.23895 0.780194 0.402384 0.611207 0.343553 40.0027 2.31543 8.89494
0.984678 1.71108 2.47176 4.644 10.3838 38.4202 4.59755 4.74787
0.53432 16.9402 4.089 17.2305 1.88162 6.9166 25.9852 11.4107
2.39898 0.970552 1.86138 4.51701 2.37582 6.96759 0.586532 38.5365
9.88954 0.747075 16.4663 11.2535 24.5661 10.2251 15.6027 10.9403
3.86985 5.74166 3.41991 6.11027 5.07795 9.50288 9.79061 35.5062
10.6086 12.0967 2.74818 4.71904 9.81754 11.2159 31.2578 8.35238
4.68714 17.5295 1.59497 22.5377 7.84907 23.6078 0.750947 13.6015
10.7325 15.9659 12.9239 7.99481 12.0054 18.2822 7.26673 22.4483
13.24 2.73996 1.93573 16.2028 1.69473 7.77559 9.67195 31.4239
9.01103 2.3573 8.99414 27.4698 6.60396 2.7242 24.6487 0.417942
5.19342 11.6149 9.20033 16.3104 0.451606 19.3983 4.97035 26.3649
8.14616 4.50712 8.34163 27.6222 4.51624 25.7727 1.97242 3.42837
4.77038 9.21384 7.58381 10.3618 13.1991 26.3076 3.29558 23.002
2.58673 3.7527 4.74603 17.7764 23.7288 1.38308 26.6056 5.64191
7.74512 10.821 4.00166 24.3732 6.19607 0.83152 21.6778 17.6982
2.17633 1.93669 8.70911 0.416228 4.96346 34.4192 11.0673 12.2129
6.60305 5.99625 7.72534 8.41863 2.7937 38.1487 2.50901 3.12286
4.28011 5.00149 19.4746 23.4669 10.2003 10.8184 15.3573 13.4451
5.52477 14.433 1.64563 7.81835 2.78616 24.2004 23.6944 15.5526
6.24016 5.2215 2.78509 31.3265 5.30869 11.6111 15.9318 11.2043
7.76439 11.5728 4.13241 26.6147 6.40058 13.6489 7.87219 19.2768
2.74504 2.26339 13.0564 27.2912 17.6485 16.561 2.14042 6.81481
12.1291 3.76717 1.78243 2.58685 9.40464 20.8457 16.6617 24.9999
14.6494 9.73038 1.76615 15.6634 7.149 23.7303 14.0397 15.4232
8.9238 2.9995 6.43126 28.7286 12.7063 15.775 11.6902 3.09408
4.86962 2.71182 21.543 19.3621 8.93336 14.0476 1.82552 20.8252
5.66475 10.1979 2.01997 19.3331 6.49032 22.2228 17.5234 15.7973
6.91033 7.71738 2.23051 25.0453 2.0816 14.465 9.60833 23.4192
0.535982 3.57936 17.4099 6.83909 0.449881 8.02488 34.5815 3.60778
13.6613 5.77361 6.32716 3.46976 0.540597 20.5876 26.003 16.0106
7.88189 7.01703 10.3493 8.52923 7.79225 23.272 24.8531 6.44455
4.94183 0.261483 10.5538 19.6025 9.48423 21.6794 21.0602 6.75998
5.53692 7.82345 3.62795 5.04658 15.6364 6.16506 24.3496 24.8025
9.1438 8.55834 8.06832 28.3523 13.0354 4.81486 14.7932 11.5982
0.774051 0.688198 2.81683 3.53119 0.489392 37.818 6.68567 12.0928
6.51176 11.0149 1.80834 20.3835 0.624177 15.831 8.36784 26.0143
10.6621 7.98737 7.83229 4.67451 4.52197 13.0086 1.49926 34.6513
9.95443 1.75452 2.83388 34.7738 3.19477 13.6422 1.85247 11.2806
11.4167 10.9789 15.5497 16.8612 3.56134 24.9332 5.61525 13.4711
2.89619 2.85597 4.90117 12.4959 23.1422 2.79927 30.2115 6.36833
3.90987 0.406964 6.39449 21.0202 17.3663 3.7973 14.9986 23.6003
2.95828 7.5424 3.77374 29.7133 2.04805 17.7458 4.92432 17.4935
1.5817 0.581241 2.21713 31.9318 7.12475 10.7737 17.0488 10.3954
8.29148 3.16603 6.80832 2.20835 19.8635 25.4499 19.9465 2.5323
12.9674 4.20677 4.65692 29.8544 1.33859 2.52193 22.8345 0.505418
0.597163 0.719463 0.143363 18.9296 3.66262 10.1379 10.8169 31.1316
7.07664 4.98288 0.470499 25.2479 10.7055 21.9156 15.0999 9.29253
8.70308 5.36019 5.35176 14.6597 20.4094 1.53901 5.87447 28.774
6.54787 4.34358 2.45629 17.4326 10.3446 1.46091 33.628 5.95228
4.21416 3.96053 3.53096 35.4382 0.977087 5.87195 17.1267 1.49044
15.433 2.42617 14.1723 6.38659 15.617 23.9345 5.5621 17.1284
0.137778 0.101141 8.59126 10.6822 25.2363 23.0316 5.72797 14.1563
15.3158 4.08799 4.60073 6.77604 10.9082 15.6681 25.0741 16.7162
2.19667 2.11377 0.979802 32.0825 8.25083 15.1196 8.96185 12.9772
2.06548 3.55173 0.882285 6.44089 36.2426 5.16437 0.898484 12.7618
2.93581 15.7964 11.964 1.30554 11.6395 17.3605 23.8144 13.5278
0.647309 1.04566 1.05987 2.50119 0.446063 40.3448 3.16676 1.71239
0.215799 0.0713414 0.0867353 0.772856 19.6508 36.0636 3.57651 1.53713
3.50495 1.11087 0.486228 8.16011 2.58311 5.50921 9.62913 37.2344
4.69895 1.96874 10.3327 14.7498 0.747766 32.9035 13.0052 0.61643
15.4368 19.735 7.44781 10.3211 7.6412 28.4759 1.27738 0.0712135
4.25444 7.7661 3.12664 12.0361 22.2248 9.29292 4.36587 26.192
15.7876 6.96021 0.863167 17.3315 5.32804 21.8812 5.3735 21.3927
9.73969 8.55512 2.51877 29.2224 5.07221 10.0898 20.8969 3.38605
12.6573 1.80771 10.4149 20.0706 21.2583 12.2521 8.21048 12.2644
0.246716 0.308085 0.512187 2.82125 10.59 34.6705 1.22043 17.0121
0.816107 0.534744 0.0937887 33.0075 9.63348 17.5157 5.95139 8.16554
3.20103 0.163793 1.53258 1.59025 31.2904 12.0062 17.4834 12.8293
7.80444 2.53029 2.57911 30.5484 2.4215 11.7166 0.754852 21.3047
6.53049 3.54128 13.1704 22.0478 22.3914 13.1585 13.885 4.97476
2.67745 7.0748 6.69332 9.28693 4.84107 11.7265 27.9847 21.7498
2.92863 2.06059 0.367665 35.1471 1.69797 11.9405 8.95164 9.50904
5.65288 3.29899 11.0364 22.8689 11.49 6.19661 19.8515 18.7786
0.0960443 0.803006 2.34037 1.14584 36.8827 11.8394 12.2768 2.16172
3.7462 2.04429 0.119371 14.2147 1.10509 14.1543 16.7511 29.7268
12.2862 3.05306 3.21612 23.2607 6.79426 6.61366 16.398 23.2611
0.00145792 0.00909546 0.00157299 0.0562537 0.142072 0.812352 8.4266 39.6094
6.66668 3.57378 1.71595 30.2654 1.10304 23.3545 5.1735 8.40219
2.43645 8.93522 4.82484 8.22615 23.4395 25.0381 15.7015 3.94911
9.46469 1.24376 19.4995 0.522028 19.2959 21.1719 17.3348 4.24276
6.44137 2.54188 0.763893 6.91993 31.7928 14.0522 13.6407 5.48028
5.148 0.577571 4.62277 3.63016 33.1744 3.58975 20.1153 4.13904
2.92458 5.00848 1.00673 23.0154 25.5558 2.42467 12.8828 15.2397
7.1924 9.82054 10.5208 3.99037 22.0133 16.1726 16.384 18.9168
7.4612 1.61003 6.60561 21.9507 4.73721 16.7604 23.9973 14.712
14.6197 13.5454 0.919883 17.698 20.5933 4.24118 10.9349 19.199
0.577586 0.796779 0.0322917 10.3977 9.79233 29.9557 22.2579 0.169633
9.66176 8.12384 1.45034 17.3299 4.7706 10.8806 2.047 30.7094
2.75628 2.65845 3.24669 5.4098 5.07145 33.06 1.30334 22.4527
0.419615 0.289069 0.334958 0.207227 5.69851 2.62342 39.6461 1.19517
2.04348 0.575915 0.822165 3.86903 11.4461 31.1637 0.687628 20.9852
4.2525 5.80564 2.67922 2.36039 8.06531 32.5513 14.1046 14.3684
2.62192 0.608293 1.22681 30.969 1.06622 22.4692 9.14612 2.21996
5.47384 4.74952 1.36715 32.6729 18.1142 6.71366 5.55767 8.12032
3.16315 2.21456 15.5428 11.1404 35.3395 1.9327 6.31804 2.76655
7.76911 2.78628 9.28988 11.9909 5.33508 28.0679 9.97692 19.9095
0.778291 2.15956 2.59468 29.9602 12.2388 11.0701 19.5858 9.44555
9.64436 12.3348 12.86 3.18111 32.199 3.57075 7.80285 9.51329
3.37166 3.19419 1.90392 16.0664 8.0438 34.1409 3.48731 8.70207
0.378388 1.96115 16.2859 11.0833 23.9226 10.6309 20.0524 9.88328
0.800444 0.358289 1.09177 23.4095 1.55048 30.6913 1.60895 7.6055
1.43042 1.56145 1.41402 10.5193 30.2704 2.52587 3.1189 22.411
2.39849 2.92722 11.459 22.6767 14.5493 11.9821 10.7112 21.7943
2.62322 2.98223 1.65315 26.2427 6.36604 4.07879 11.2613 26.3802
11.8639 2.97231 5.12958 3.42614 20.4172 10.3131 28.8012 2.94011
7.49982 4.02116 13.9355 1.84986 10.5325 25.3025 1.58004 24.5184
8.62142 9.65268 12.3578 10.2478 12.8995 1.08841 25.1604 21.4143
2.20129 2.44997 5.10398 6.34526 29.1728 22.2613 15.6751 2.05947
7.27176 6.49633 2.40012 16.7558 13.698 12.3063 7.18958 28.2412
3.30144 3.36908 0.726661 20.6657 7.06973 6.7568 26.7592 17.5235
11.5827 9.04206 1.27267 23.5991 1.1622 12.3924 7.18475 25.3705
3.62187 9.50705 10.2673 18.366 3.10374 17.1781 11.4875 24.5506
3.14417 1.89012 4.71521 28.0257 13.1756 1.17656 11.9985 22.5823
2.10079 1.3936 5.99322 13.0335 2.76956 33.835 16.8629 1.47671
8.17914 13.3405 9.31057 17.8729 9.14065 20.277 6.20576 19.6374
5.37474 3.99445 12.774 12.6518 16.2171 7.38704 12.6514 28.5122
5.75344 0.999971 8.8165 22.582 3.99621 30.2509 1.55114 10.9148
15.3386 1.60248 9.39196 1.60954 28.0295 3.14165 20.5043 7.04708
4.45147 5.62334 1.9924 24.1807 15.519 18.566 12.5727 15.5333
0.447014 0.0642603 0.0519056 0.894049 5.27803 39.3973 2.669 1.56448
7.99007 0.254892 15.9391 6.51911 29.0274 2.59066 17.5117 7.7544
3.70109 4.75026 3.19194 8.88117 19.7798 27.4597 16.0585 11.7082
2.45503 2.07623 1.86371 10.638 4.35683 10.4169 25.8646 26.7408
1.90345 0.131877 0.405715 0.450747 2.91184 0.372263 18.6654 34.7772
8.37039 2.85294 1.59967 30.7634 10.0177 12.8087 7.90667 17.6677
5.27794 3.61445 9.81204 2.62318 33.7623 7.32528 6.04929 18.2126
7.28834 2.03029 1.70373 10.0763 3.29661 13.3306 1.122 35.6553
7.51211 6.07019 12.6489 9.80787 13.0799 1.47598 11.3586 30.5523
0.000445512 0.00189614 0.00235948 0.00407554 0.0101035 0.0722739 0.104614 38.9084
1.39275 1.30157 1.53632 19.5949 17.9683 27.2159 12.9502 6.96262
0.974856 0.0786138 0.136782 3.78151 2.30787 35.7826 15.5563 7.00176
4.62008 6.21166 0.349258 27.0809 5.81125 3.40465 2.75515 26.4556
8.78267 6.94113 16.7205 2.07664 14.9176 28.2896 4.98834 10.5049
7.04913 5.68098 7.70591 14.5918 19.0014 18.2512 23.1444 7.0316
6.15458 0.757194 0.298284 28.1466 7.73967 9.42261 8.32219 24.4024
4.04146 0.388504 1.72912 27.0114 11.4547 15.455 5.82986 20.7009
7.6853 8.91986 1.05869 24.4468 11.3363 18.2026 20.743 5.05177
4.6861 13.0273 1.1524 14.1039 4.71964 23.1248 4.94534 25.5607
9.61708 0.360842 9.47023 1.35294 17.7577 11.7132 26.1515 15.2935
0.196273 0.0716343 2.52065 6.07137 10.8976 29.4588 16.0215 16.505
5.11774 1.44274 2.50495 1.65402 14.2041 19.1972 21.6194 22.0388
6.26785 4.79222 7.35306 5.5847 13.1928 14.9701 22.024 23.3039
3.27125 3.2991 6.4766 6.22985 15.0042 15.8833 3.38033 32.5234
11.9902 10.938 2.13021 18.8879 0.848709 13.1917 22.7017 15.8638
4.73515 1.48519 10.426 4.24937 15.2017 33.438 10.4418 4.9962
5.41306 4.52795 1.70684 21.2404 7.70385 12.8432 7.28102 28.7017
1.63001 0.712985 15.7463 12.108 16.7898 22.0492 19.8104 4.7092
8.00107 2.33082 2.46578 13.2936 8.79671 26.5187 24.1186 7.12594
14.5606 1.75087 1.89809 12.828 32.2076 12.462 6.844 6.8705
1.53357 13.0441 1.50776 17.0038 5.99555 16.1141 6.21044 28.3664
3.18911 1.40646 10.948 13.757 24.3012 8.14125 17.7243 16.2072
3.99506 6.97656 5.26318 2.4952 29.5712 3.01382 25.6025 2.571
8.13172 1.62915 0.59537 2.69056 34.9023 13.9194 8.48876 6.62091
11.4349 8.75717 2.14211 14.4092 28.8743 1.53619 18.9218 3.92211
4.88198 3.23339 0.660286 18.41 28.6074 17.9889 2.19576 5.00991
9.77254 5.97784 2.90396 29.7675 3.81168 4.87513 4.43317 23.0877
0.395238 0.496097 0.395672 2.71267 13.3969 13.8021 0.470882 33.8847
6.34409 1.10168 2.48804 6.99507 1.96424 19.7098 16.9947 29.2742
14.8393 2.05886 6.96237 5.8718 3.79428 22.4579 8.77138 25.1952
11.1225 7.22297 7.51489 6.55388 24.7043 6.25245 22.5996 10.0791
1.11098 8.6574 7.15293 33.3195 1.4822 7.94294 14.6743 5.81165
1.7956 0.411557 1.80035 13.0516 2.51444 7.13793 18.0239 31.6547
1.01474 11.9633 1.64151 13.0858 14.4905 26.193 14.6472 13.9564
0.864546 3.84306 6.66635 9.41959 33.9885 8.12108 16.3392 6.62731
9.37806 3.18592 5.03147 23.6152 19.4656 10.0687 12.4726 14.928
5.01411 1.9287 19.3637 3.74319 20.3699 10.7145 2.34745 25.384
5.26943 3.59721 1.35387 32.4285 13.6176 10.6557 1.46598 13.0671
0.361291 0.328839 6.53945 12.3755 14.3369 7.73229 20.9362 26.4601
3.12206 4.82534 10.0141 17.343 31.8528 13.443 3.5692 1.63122
0.163943 4.27851 0.794556 26.4407 2.75111 29.7685 5.38453 3.66771
6.50375 1.24794 21.7185 4.77259 19.8537 17.7928 14.4067 12.1876
0.952241 1.70262 2.23324 12.5467 13.1447 14.3881 13.4771 30.0319
4.53489 2.17963 1.07689 33.6605 6.78473 9.13712 12.2469 11.6959
6.99138 2.09206 7.49365 22.5179 19.148 22.4594 7.77945 8.29515
5.61957 8.17232 2.77596 28.2428 3.95563 6.42595 19.5066 17.1437
4.83019 2.57323 10.6439 7.69349 27.3791 19.3652 13.2799 11.6316
7.84219 2.10591 9.58588 3.17666 22.4068 23.4344 14.5295 14.4343
3.97221 1.36169 0.291801 19.906 3.19082 27.7099 2.41398 19.733
6.56356 1.45468 0.77428 8.17225 13.9118 31.5135 4.82641 16.8847
5.99821 4.42748 2.05649 14.9058 7.93559 13.8744 12.044 30.4016
0.396361 0.620934 1.39012 11.7892 4.08644 5.89578 36.9958 7.88036
10.7463 1.73041 2.5495 6.5044 32.698 1.05798 9.40344 16.6208
7.40203 0.247912 3.49657 7.64391 14.4259 17.1186 26.2819 18.9547
1.18096 6.42042 12.5894 20.0695 24.1513 8.44201 17.142 10.0286
1.7438 0.512781 2.73547 11.1094 3.26463 34.9243 13.0509 9.24237
8.67238 4.13948 6.02206 3.0097 22.2794 18.7423 15.7608 18.7339
0.0159051 0.105506 0.0250442 0.793043 37.0301 5.90968 2.86389 13.4834
13.0873 9.70286 2.30556 25.6442 3.41117 13.5897 8.58887 20.0645
0.661077 0.264121 0.466704 6.57198 7.52906 18.6359 15.9299 29.8722
3.15715 2.86968 13.4378 11.2306 33.5259 4.21885 12.6483 4.81424
1.41796 12.0468 14.8339 14.9264 15.457 15.973 23.3869 1.6333
4.29013 5.34739 6.58196 10.8099 21.9019 13.1805 11.1061 23.7079
6.86397 2.6408 0.286558 12.8892 2.39678 16.6412 3.72781 32.2486
13.5191 10.3045 0.987862 9.48864 8.68218 23.3319 11.336 22.9999
3.31337 2.9258 0.498384 17.8782 10.8285 21.4221 3.82966 25.1298
0.218419 0.394206 16.8957 1.78304 11.4541 16.4741 27.522 10.4087
0.0701812 0.0431888 0.807875 11.2108 4.71783 26.6598 26.8516 7.95586
8.52903 8.13782 3.78268 22.7122 8.3511 6.82703 6.17173 27.3133
5.33788 0.581079 0.24204 20.2208 2.69743 22.576 22.1537 10.6614
6.9201 5.08296 12.9205 21.1307 13.4547 13.6889 4.91762 23.8948
2.82695 13.459 2.18881 7.82041 9.02949 15.3455 15.4828 28.5935
6.72556 10.4404 3.17381 21.1438 19.8098 4.2614 7.55153 21.939
1.69391 4.62058 5.10375 8.57686 24.3872 3.87533 29.7977 3.19634
1.90121 1.47941 2.64837 1.83505 30.7325 7.1676 22.4217 9.30406
0.884728 0.135212 8.42066 8.34445 11.8208 1.00353 34.2649 11.931
0.174929 0.0937523 0.0934791 1.19116 31.6463 3.68856 19.0276 15.9357
1.28377 2.53816 1.30992 22.2298 1.72562 31.3983 8.46428 1.402
3.21332 8.87171 3.50258 21.8082 27.1556 8.64438 2.44898 13.4482
5.69618 4.05768 6.6709 16.9845 31.1117 3.83585 16.1186 7.08553
11.7837 6.86781 1.60017 23.3156 6.77049 13.8829 8.82686 23.9775
9.5576 5.53052 6.38537 1.37392 20.9477 20.7255 22.2753 4.76332
1.46131 1.88854 0.152763 34.2565 11.6863 9.90861 5.37266 13.6809
0.0198418 0.317503 0.151419 5.60377 21.5635 31.7509 4.55116 6.89346
0.0384197 0.0944563 0.0168418 0.046997 0.152223 1.21188 8.6917 38.258
1.27705 1.92123 18.1551 10.3032 12.8062 28.5245 1.50857 13.2503
0.835108 0.406192 7.61834 2.55968 18.8465 1.846 3.32642 33.7657
0.854894 0.695432 0.914 5.46152 15.3619 18.133 5.68251 30.2213
4.97694 10.3464 3.07425 10.0891 1.99277 4.84436 24.0278 27.9832
10.1089 6.31873 1.75068 19.4265 6.15338 21.7568 12.8679 20.1107
2.62556 0.692171 0.577607 11.7874 0.76571 3.29998 9.5241 36.5594
4.32677 1.63387 7.80461 11.2945 29.8132 1.17509 22.1967 0.221599
8.83932 3.21593 3.92921 21.5435 6.0758 6.19409 27.3543 13.7115
0.775403 0.412801 0.136736 5.76685 26.4458 29.7387 7.38047 0.574452
4.39732 3.37723 3.18083 5.67293 25.9188 9.03291 27.7518 4.83168
9.20401 2.53552 6.30085 6.48297 4.62229 30.6501 3.53811 22.9682
2.79809 7.17918 11.1731 5.09658 2.14271 7.0976 35.3886 10.0599
7.59471 1.84673 8.78601 4.48993 23.6244 12.1792 25.3487 10.7987
6.64101 15.2165 0.758068 13.6302 6.88247 5.07655 32.2485 3.40007
2.26204 5.88978 6.11319 6.46979 33.0721 11.5654 15.2245 8.29443
5.11519 2.02189 3.6816 8.33661 20.7622 18.9489 4.04367 25.9945
13.4744 5.09805 0.472375 15.4791 12.979 2.89003 8.80596 29.5022
1.49394 0.323014 2.37844 18.5197 22.9614 6.95979 27.306 0.73193
6.913 9.47186 1.5898 17.0538 1.57377 5.64717 10.3783 30.9331
1.006 0.549974 3.66339 11.0897 19.5325 20.4102 4.71339 25.5333
2.08803 1.79703 11.3653 12.6079 3.03287 15.5549 32.1262 6.59985
7.63678 7.87073 8.31032 2.20447 11.031 12.7792 29.3507 16.7007
0.346013 0.469523 0.0168462 24.583 21.0709 16.123 8.66543 14.872
2.59637 1.46201 0.968839 34.5455 6.16218 17.3642 5.53132 4.53032
0.405716 1.26543 0.531092 3.60002 21.794 26.0298 21.4099 2.64273
1.60577 0.740423 11.8615 24.6172 24.4616 5.0765 14.2724 6.669
4.52221 4.51573 1.35782 3.90247 14.6154 17.0764 22.1445 24.111
0.187395 0.0460195 0.626053 1.15969 0.604746 7.53546 40.1165 4.16672
10.7256 2.8907 4.11127 10.3785 5.91014 27.8793 2.86975 23.2694
9.35764 4.22586 4.26493 3.86174 33.5991 15.7731 1.77162 7.81889
3.69014 3.95044 4.31673 9.85663 5.04644 19.5678 1.36655 34.0257
8.60053 2.58372 2.85272 8.47251 5.46172 36.4463 1.49331 13.1962
8.00498 8.4347 0.48531 18.1995 8.74814 1.12273 13.5449 28.3532
3.60778 4.1327 4.55873 26.7284 14.5835 10.719 20.6594 9.09158
0.312437 10.0123 0.481754 16.224 13.0562 25.6362 20.1917 0.568447
8.10044 5.67638 3.84185 13.3741 5.00854 13.1922 2.22212 33.3682
11.8223 9.94346 8.41481 28.0619 3.79197 1.7799 16.5522 14.2862
0.965407 5.11697 7.53048 12.7941 25.7704 20.507 14.6057 5.17982
2.30222 0.92576 2.29962 24.3297 2.98324 11.4609 29.5638 2.587
8.19362 1.4732 6.29218 24.8965 12.6337 22.0694 4.13092 18.1163
0.104822 1.01704 1.07217 3.60735 15.6605 24.5292 19.1697 19.0492
1.63874 7.16718 0.764047 6.68476 13.9272 28.0129 12.0565 19.1476
2.10586 1.02003 0.0886165 27.7945 1.28143 1.22023 3.85669 27.8643
1.83202 0.37574 0.299879 10.0854 6.92457 5.30775 8.99163 36.1221
2.84178 4.15689 5.43776 4.10331 18.7777 8.35488 31.3966 13.6506
5.20568 4.28043 1.87248 11.1752 9.04164 24.6558 2.00461 26.9227
11.8097 9.02272 12.8215 3.54407 20.6998 12.0353 6.88883 24.7422
7.93095 5.18114 2.95855 15.5021 7.26963 18.4577 0.652865 29.6533
6.12731 2.30483 3.35537 2.1324 30.4311 3.0572 24.1619 0.871467
0.505784 0.160428 0.372513 1.73683 15.1537 35.0771 10.8994 1.05366
0.201802 0.00533187 0.829178 0.210831 0.71989 39.4845 1.29352 6.73321
5.21273 12.853 3.72564 3.33784 2.67044 28.2147 0.742559 25.2423
0.627753 0.0453138 1.5333 5.46783 5.17474 36.2644 17.246 7.84391
0.147857 0.433906 0.116442 0.940485 35.9655 8.61048 7.30758 13.8661
1.2005 0.91541 1.42715 4.918 3.16065 3.19071 39.1514 4.0622
0.35771 0.0496236 0.65215 0.488267 26.292 20.0544 21.3252 1.06061
9.97603 4.87521 16.8929 10.1182 13.2392 6.30129 29.2775 6.8863
5.57174 0.936825 4.96299 16.0687 8.64593 4.78621 32.7274 7.55905
1.76041 2.79592 11.0934 4.83286 15.8181 5.66422 30.0607 17.7787
8.9034 9.69006 1.46369 16.4728 21.3974 13.0255 20.2145 11.6663
1.35221 0.158666 14.3832 12.6734 28.0446 12.5413 16.4891 2.83077
7.03257 2.07561 3.63181 27.2372 5.57781 24.9153 0.944499 10.1421
9.62838 8.02783 7.01386 15.9724 5.95947 17.4186 15.6292 24.9226
1.78203 1.37301 0.50908 32.7634 17.4225 6.77973 3.79891 11.8408
2.13601 17.9204 5.4929 0.886009 9.80249 29.033 13.0491 10.9873
4.83408 4.07139 4.10741 13.0948 18.9071 18.6841 24.9766 3.96767
5.21562 7.26664 19.6139 9.41302 6.35024 14.1941 6.04941 27.4613
3.55584 1.28784 5.85625 18.4759 0.99067 14.3004 25.0584 20.4534
0.671887 0.457185 0.338366 25.6313 9.21853 16.4129 3.93897 24.3288
2.0511 0.529792 0.690483 15.9494 5.60573 12.6289 28.9212 15.9078
1.66858 3.80765 0.961591 10.918 3.36674 3.28203 32.4161 20.5959
11.6724 5.81682 6.15584 19.9581 17.8788 2.42189 4.34107 25.8437
8.80418 5.86254 9.11903 1.43052 21.9946 12.2805 21.4627 18.2779
2.16423 1.88833 1.44076 20.8518 4.76999 0.78835 33.7756 3.30192
1.16443 1.10984 1.11405 20.8856 0.655253 9.99149 32.4097 0.957187
1.92007 3.101 3.90385 3.64443 36.0445 9.19657 7.6662 12.607
0.0414 0.0162332 0.481316 3.152 5.9939 17.6467 8.61486 35.104
6.88228 1.90944 8.02938 1.6872 30.899 8.66413 18.4022 10.8008
1.71872 0.5422 3.57617 1.06117 16.5495 35.5744 5.23792 1.26438
3.94488 4.64922 7.19535 0.214233 1.73874 17.1357 7.63747 34.3794
4.17306 2.59149 1.03295 1.0548 30.6384 10.1076 23.0919 5.81535
2.68993 1.02313 3.56429 9.07688 30.9931 12.8977 13.4062 12.9728
4.38848 1.61069 4.64687 2.14145 28.8769 2.59281 26.4867 0.281297
8.6772 6.91958 9.9726 12.8303 5.03331 12.0127 28.3458 14.5667
1.56494 4.18771 0.381066 14.9435 1.398 4.17841 4.27903 35.8655
7.75666 9.28144 4.99791 23.3493 12.5746 15.4972 20.8205 9.29004
2.02056 1.86682 2.80023 0.970555 10.7745 0.36948 36.7789 10.8357
8.3714 13.5908 7.52308 4.99974 20.1504 7.47652 25.5607 12.4368
1.3416 0.363183 0.0508337 12.7743 19.2936 19.6355 19.5501 18.601
1.61217 2.0127 2.60597 8.27262 17.3429 1.87026 29.0004 18.0539
2.15869 9.42805 7.71862 4.9352 35.0152 3.20402 14.6612 2.31283
0.904248 1.69262 0.0474717 32.2602 12.2533 4.42694 19.386 2.99314
4.17838 4.44522 15.4847 24.8388 14.8298 4.41302 17.1866 14.3767
6.11059 5.51007 0.715916 21.7823 5.30245 18.8925 4.15684 25.9354
2.11869 1.65172 0.457967 1.13326 16.314 19.9032 28.6392 11.4887
8.89077 6.24604 1.60475 6.96141 20.1438 28.8913 10.1104 9.26203
2.49774 1.04953 6.50741 34.3161 7.50467 8.64664 5.1063 15.7191
2.46329 1.86754 11.5769 19.9969 17.1991 24.0942 0.936231 11.79
6.57665 0.631768 4.91028 3.01566 35.2114 8.32617 13.0126 4.30725
0.332919 0.104532 0.320881 8.90129 8.03908 8.18023 26.9893 26.6808
13.3206 2.80323 8.87367 1.17695 24.6638 7.93823 24.8654 7.00463
6.09669 2.30357 8.36732 0.458548 25.7438 12.0614 25.3877 2.38896
3.49282 4.23993 7.84261 0.774368 12.7956 35.2682 9.06116 7.04528
3.47137 0.683215 3.72507 4.23211 29.4078 8.01671 13.9652 20.0952
1.93195 2.27003 5.41429 0.330115 25.5325 8.17486 21.1606 20.4108
2.51731 4.26563 1.97245 26.7078 15.4639 2.31514 0.78499 24.3192
0.123207 0.381422 13.5355 2.29739 25.2943 6.84713 24.153 12.6189
6.78 0.14158 7.71074 7.86884 27.5679 2.94313 23.3709 10.3213
0.737091 0.776581 1.90933 11.3054 12.9311 32.6714 13.7254 12.4152
4.72084 2.48643 0.814809 33.9475 8.16684 13.6714 5.1312 11.7793
0.993699 0.136605 1.01852 1.00418 26.0422 0.75604 19.147 22.2196
11.0401 1.59196 8.16818 0.66707 25.0463 17.5653 9.85594 19.3177
3.65333 3.42171 5.30963 13.3129 10.3904 28.8543 19.0181 10.2059
0.0258098 0.0275225 0.0424542 0.819547 24.92 21.007 3.34015 22.304
0.349458 0.659296 7.74514 5.45061 7.36837 17.0085 31.5794 14.0334
5.9482 0.119406 11.0696 0.306136 22.7474 6.5425 29.698 4.25683
11.307 0.292639 10.6501 3.15848 28.7556 9.89304 18.2516 8.64997
0.0403004 0.0418545 0.116944 0.281541 1.71385 4.66498 40.3069 0.69946
0.182591 0.0423711 0.939296 2.68948 7.32588 11.2805 37.7097 4.57925
8.31201 0.310184 4.88389 5.48629 26.7187 3.74914 22.3089 14.2892
1.09527 8.01602 8.20396 6.06244 4.94298 6.28336 36.6258 8.02238
1.05109 1.10014 2.56003 19.0752 10.0338 30.4568 3.45753 12.001
3.97838 0.814792 0.971003 18.4223 32.4224 8.77907 9.66981 2.71735
4.18056 0.892729 3.23627 9.95427 24.788 5.80615 27.2463 10.5471
2.76913 0.633978 2.95768 2.42037 18.6259 1.82251 30.792 16.0693
2.2497 1.28466 11.2763 7.6433 6.46935 0.558228 11.1216 35.2303
1.40675 5.54933 7.86034 4.8388 22.4803 6.73531 23.4406 20.1141
3.35518 2.81147 10.8066 0.308625 10.317 11.9111 34.7167 3.86721
1.31722 0.856489 0.0959326 9.88975 7.51162 33.5679 16.9337 6.00687
1.21887 1.68466 4.06726 33.4323 6.45501 16.7793 11.3501 2.37891
1.14705 3.42519 6.48261 6.81374 30.1432 8.41297 12.7443 18.6094
0.114525 0.0841082 2.13884 0.84377 34.5779 11.646 5.58588 16.0593
7.14303 5.14589 10.7562 0.542134 31.9677 6.56134 16.9156 2.13445
5.5136 10.9002 0.457378 4.75812 6.27669 32.7008 17.4583 5.63315
1.31128 1.68819 1.45753 3.45008 2.93634 23.5635 28.3876 15.0382
8.94316 1.0327 8.50406 2.89552 28.2281 5.24621 22.9742 8.20768
2.71511 5.52237 4.44056 9.49871 0.783765 13.3999 18.2881 31.5098
0.944777 0.552166 0.141797 14.0468 8.52006 28.8343 17.0891 15.6685
3.24724 7.92926 6.53791 4.33083 0.344536 19.8363 32.578 1.25313
9.90075 4.76853 4.44092 10.7564 6.82185 9.18452 15.123 32.1688
0.550806 0.545185 0.99262 0.940609 10.5637 21.4357 27.8896 14.6772
6.75167 6.03826 0.719027 32.5212 19.9653 1.64045 4.1785 5.37159
1.61027 3.35106 9.5575 12.1608 8.41451 14.8456 16.8222 27.4408
19.4105 3.06701 9.15157 6.54899 22.935 4.7063 23.9856 0.986247
2.97187 3.31576 0.667602 7.77973 6.43771 8.26581 12.6274 35.2935
7.13934 1.68636 7.25102 13.1783 16.7737 27.1428 9.15917 15.1702
2.27195 3.08816 2.49429 2.92033 28.0706 15.2989 14.8168 19.3722
1.93158 1.16104 3.26557 0.541636 32.8669 11.194 19.315 0.208265
0.1113 0.0336022 0.116195 0.246589 2.89971 2.39626 18.8196 35.8422
1.01388 2.83715 1.99319 2.51721 30.0317 7.31142 25.2254 4.17728
3.17125 3.97719 3.68136 15.8758 2.98522 6.8619 8.83552 34.1915
7.63328 4.86651 6.39052 33.9705 14.3904 6.68925 3.84093 2.84984
3.3021 4.01016 0.172865 18.1277 1.86136 8.88752 8.2579 31.9654
0.886515 6.04259 6.87278 14.0388 11.9218 6.67034 30.7252 15.1671
0.103984 0.0420435 0.0159397 0.642364 1.30485 31.8706 24.5795 6.54231
0.724665 3.71461 4.21138 22.5076 20.022 18.1537 11.8398 13.3156
7.50107 2.72784 2.03208 0.565969 34.2068 2.61031 19.4456 4.39414
1.13637 0.622814 9.48131 3.82957 20.5016 7.63157 6.99655 32.3644
1.40272 1.76283 9.7215 1.65833 18.3616 3.08179 21.7463 27.2839
11.4425 5.93111 4.90929 6.80242 10.0485 27.138 11.5827 17.7502
5.71394 4.59889 0.434019 17.95 10.8994 8.35936 5.48501 32.3889
4.54795 6.43218 8.41091 8.40189 26.4897 10.6358 23.9051 3.83378
0.581113 1.97738 3.03202 0.970133 4.67636 4.45002 14.7888 36.6355
0.0391801 0.0345538 0.0909776 0.171079 1.2316 5.49736 13.3794 37.5121
5.07914 1.48829 0.21499 31.237 0.65831 1.90498 10.7196 22.6845
0.522056 0.636541 0.0645852 12.3379 21.6489 5.34491 21.391 20.9273
3.6009 2.55589 1.73101 7.51495 33.5424 16.33 3.94264 11.0385
1.28766 1.98488 1.16473 1.48047 1.64903 13.3732 31.1301 21.1656
3.35607 2.55531 4.86806 4.36546 18.0252 5.31064 33.1347 11.4422
10.2615 5.58117 10.6604 0.920648 28.2542 3.30225 3.75957 23.1527
9.99806 10.8956 8.16 2.56786 17.254 11.2596 25.5218 15.6968
5.67539 12.4054 1.39471 7.37757 3.38261 5.07716 3.89176 35.884
2.62306 3.62275 1.61952 2.87151 24.0142 5.81847 30.6334 7.39101
8.343 5.20506 0.63781 26.5497 10.5767 7.56424 13.8379 21.8506
1.13956 1.36621 0.586158 7.20943 8.92475 6.02891 32.1329 20.2903
0.000159357 0.00177099 0.000688144 0.00465355 0.0637964 0.138275 3.48357 40.3206
4.10005 5.05447 6.01505 7.20563 26.5366 17.8815 12.3733 18.7797
0.161874 1.17605 0.401571 0.259838 1.15748 35.3925 18.4205 0.444477
1.28005 6.12925 5.18791 7.94869 27.5211 9.66594 9.34058 23.9136
6.49365 3.5389 1.29926 9.11852 5.79306 21.8969 29.9196 9.15015
