223 13.3918
7622.67 1283.02 176.428 747.365 210.823 836.381 259.737 280.955
3825.87 1215.94 1273.16 407.083 914.804 693.35 3684.61 4.19761e-06
1644.14 7719.22 180.137 582.609 214.839 852.312 264.685 1290.67
1488.56 586.813 7830.93 518.838 31.9541 13.0558 727.016 2.19558
321.451 234.38 9.08003 8047.56 218.679 867.547 269.416 291.424
58.3388 18.5272 1162.19 48.537 7944.71 864.241 85.4051 4.58699
45.5768 33.2315 197.393 317.807 222.763 8096.64 269.47 291.482
0.327988 0.0848022 0.114625 0.0149155 0.00142804 0.0307654 0.14445 7847.19
0.313542 0.0995745 0.111309 0.0144841 0.00138674 0.0298755 0.00368947 7070.54
6.03794e-08 1.11676e-07 2.41046e-06 1.56689e-07 1.88624e-05 3.09977e-08 8190.08 294.251
1.29762e-08 4.12096e-09 4.6066e-09 5.99435e-10 1.0899e-08 8.58243e-10 16.8715 7022.74
7.29552e-10 2.31691e-10 6.89366e-10 4.70097e-10 4.51738e-12 2.75714e-08 11.8843 6651.35
1.18013e-12 4.96782e-13 1.05894e-13 2.43788e-10 1.6628e-09 4.09209e-08 17.6385 7342
9.59007e-13 8.83282e-12 1.68694e-10 7.04521e-12 1.31844e-09 1.86477e-08 17.4565 7266.27
1.06255e-13 4.47284e-14 2.18891e-12 4.15917e-10 2.83683e-09 4.02231e-08 17.3671 7229.03
7357.15 2366.45 629.783 323.384 30.9615 169.823 257.975 4.41119
888.721 1327.91 7456.94 737.148 277.801 628.546 3.81412 0.000202855
248.803 803.899 3927.22 1812.62 952.709 6209.58 1274.86 365.775
1490.49 473.711 7654.29 755.148 914.405 12.8803 5.55802 2.1572
403.605 159.107 2024.62 200.142 4252.44 3978.86 5197.38 2.20527
2351.44 757.612 201.318 3837.11 3779.49 3202.94 611.661 2544.24
373.325 1940.84 6916.54 530.872 1876.42 3476.08 5.7844 537.963
1127.23 2084.89 751.663 3849.16 2351.74 1690.32 4556.04 0.000186735
143.742 56.6653 14.4616 7643.63 11.194 626.776 3.80338 555.389
8.42551 12.9785 72.2122 24.4713 2.49591 6.0525 5694.08 3726.96
4422.56 1743.43 1507.63 1172.45 596.851 2786.36 4087 226.413
7230.65 2298.05 2406.18 331.954 31.7819 857.439 5.63575 1297.72
1381.61 7182.7 596.046 709.35 155.686 0.793046 1376.12 1802.81
2156.69 363.006 178.22 3396.87 4476.21 334.196 5077.75 808.097
210.842 989.899 73.6698 245.67 7121.34 2362.03 1669.35 838.326
1502.03 2778.11 229.879 4970.95 23.5134 3184.03 2693.4 1975.37
133.679 247.248 5151.61 1577.64 195.616 312.944 179.713 5541.2
6679.86 2148.6 571.806 269.41 1832.81 848.29 1615.13 852.042
180.788 939.882 4684.26 2157.72 4339.89 2234.22 2880.87 1250.79
0.0704933 0.64927 0.220973 1.06732 0.0460709 17.8374 1.62317 7474.24
1.628e-06 8.46362e-06 7.02341e-07 3.60642e-07 6.55726e-06 8.67161e-06 5984.7 2987.32
4805.85 1545.82 1601.05 1754.92 516.246 1838.82 2371.03 3317.43
53.2441 8.85902 1.23196 62.3644 16.6298 4.66178 64.4738 6093.41
339.441 627.82 2497.64 2884 2285.26 6404.4 5.50719 1268.12
1513.95 2332.06 881.778 4515.46 2758.84 1982.91 2556.84 3577.39
5.66918 31.3443 155.893 3217.86 1037.74 4662.15 2410.51 639.47
106.738 554.911 41.1317 54.7654 4438.75 3761.27 4913.16 1835.14
132.357 621.415 51.7748 7464.44 872.787 417.843 680.435 496.139
170.224 55.5173 3399.58 1536.39 971.628 5315.63 3862.86 1234.23
1.94543e-06 1.01139e-05 5.1373e-06 1.1125e-06 2.50003e-06 8.5407e-06 6284 2197.01
52.9716 248.701 4827.99 1136.61 1599.7 2818.78 4984.3 4.39979
2256.77 4174.06 1504.87 207.61 4122.23 1004.47 2631.14 1142.36
1372.53 6444.02 3286.39 2436.27 210.481 835.023 438.872 30.2617
1993.9 641.343 170.68 3253.16 140.423 1271.82 135.549 5772.93
0.10642 0.499641 0.0116597 5.98342 86.9435 69.5994 20.8124 6515.29
4535.07 3306.66 128.102 1857.64 8.65828 1940.63 1161.37 5413.82
1232.64 2279.86 821.954 1227.09 2468.08 5332.77 2395.03 2451.44
569.204 415.025 2465.22 3969.06 2836.63 4401.31 2955.88 274.752
166.895 867.655 72.0011 293.746 7282.45 2409.49 934.896 176.472
0.0178026 0.0329272 0.710713 1.10175 0.0475572 18.4128 1.67553 7715.35
1.39678e-05 4.55548e-06 1.21505e-06 3.56892e-06 4.88556e-06 5.22957e-06 7223.05 1169.86
644.27 3349.43 277.947 330.783 6254.04 768.139 1339.45 92.1414
1001.85 4777.93 2113.56 313.932 112.528 414.449 4493.29 2625.94
3646.27 1158.86 358.104 5948.76 139.032 1492.26 1809.19 28.8915
0.253908 1.19209 4.26535 1.46787 0.54437 0.0324753 111.648 6417.12
985.346 5122.61 2602.01 2630.88 745.103 200.901 1202.12 3420.38
3969.6 1276.83 339.803 1888.14 5080.68 588.49 228.385 1113.67
4660.49 1471.97 2437.86 1878.3 1860.33 118.391 112.199 1419.23
4862.34 3545.29 3001.59 3034.89 859.525 1189.68 423.088 270.688
6593.53 2120.83 504.151 1328.3 256.361 580.036 3.51975 1705.98
5.78332e-08 2.71526e-07 5.2711e-06 8.17127e-06 3.13333e-06 1.40768e-05 7491.85 767.113
1437.26 6747.95 157.471 509.301 187.807 3739.68 261.476 1275.02
1333.16 6930.81 575.143 2346.44 690.253 2458.61 953.955 180.07
6118.94 2412.17 615.614 1599.25 1469.52 1371.51 235.548 7.60254e-05
3005.44 2191.37 303.102 1234.84 2978.16 3938.44 1177.72 2244.64
1186.87 6170.31 1992.74 2974.95 28.8523 621.587 241.23 886.271
3.13883e-10 2.89098e-09 2.40496e-10 1.21692e-10 7.5974e-10 4.23342e-08 18.2785 7608.43
1895.61 2919.96 1104.07 5653.8 1455.26 2873.95 1864.97 0.000202829
9.58462e-08 1.77274e-07 7.05247e-07 8.58874e-06 1.56802e-05 9.91294e-07 7718.06 1854.79
732.668 1337.56 7117.25 1392.23 156.487 607.692 3.68757 0.000196125
395.184 66.5159 9.14663 97.0418 1.64538 6780.96 2731.41 0.236216
445.328 324.703 274.907 7211.88 843.256 1167.16 415.08 163.566
1.48653 0.48482 0.172217 77.4811 16.7555 42.8333 6572.35 1.79439
5687.25 1807.53 486.296 1981.17 734.734 10.3494 1184.81 3371.14
207.118 1076.77 5366.47 2471.97 1563.3 964.518 570.368 2766.35
284.238 918.39 4486.53 1520.4 2480.72 422.454 4580.07 2676.66
7129.38 2325.19 171.158 486.914 1515.39 628.64 1435.68 0.000206388
93.7809 29.8056 9.21033 9.55324 2.09671 32.5932 7623.27 0.000201048
6055.41 1974.92 701.527 1225.64 3252.67 159.519 242.322 343.06
1.61382e-07 7.57688e-07 1.47089e-05 1.08702e-06 5.89222e-08 4.84696e-06 6694.59 3494.17
667.545 217.715 3276.81 3720.65 2569.84 437.631 4744.62 298.249
1453.69 6825.06 3480.72 753.761 165.433 843.417 5.54359 30.5177
104.706 33.2779 537.709 609.324 1.2007 7995.55 5.65336 0.000211953
316.601 487.687 2713.48 3081.02 1335.59 1429.64 3190.96 4707.08
287.305 524.504 2790.93 3168.96 2188.79 4050.59 1042.67 3175.64
3329.98 1058.34 79.7504 3880.35 3135.08 9.92853 1136.63 4055.25
2182.72 7052.52 601.603 1416.76 159.244 586.508 65.0902 0.00019952
3929.99 2865.48 1881.42 6023.81 216.241 857.873 266.412 288.174
194.625 61.8559 3877.47 375.316 141.441 3280.85 847.159 4420.12
7038.51 2236.99 601.837 1793.88 160.989 592.937 3.79239 0.000201699
603.458 901.677 5063.4 2334.56 525.586 1872.09 3422.43 1660.8
1267.77 1952.85 1008.01 245.236 5210.56 929.071 975.979 3897.42
29.3847 152.765 2953.71 4578.85 1418.08 3042.84 2573.97 1658.19
319.965 101.692 106.477 7123.09 20.1889 1107.81 2901.83 0.250954
7.95414 37.3446 724.965 175.751 5740.05 1899.63 5120.21 814.853
433.859 2255.54 52.4247 2653.85 6385.2 403.669 662.388 73.6862
5050.75 1991.08 1721.78 2570.44 578.182 487.945 1174.56 3341.96
1431.3 7441.06 172.95 732.628 11.1494 1219.64 433.745 831.771
2239.85 730.509 191.987 3659.25 17.3796 6000.35 78.4147 592.136
302.115 1570.63 7827.85 589.631 933.333 1291.83 459.418 31.6784
77.3587 697.79 2456.9 878.76 4915.3 4479.46 482.384 408.86
13.6871 25.3153 546.415 847.054 7863.59 459.563 720.814 1291.48
1567.14 7357.73 613.028 557.021 205.403 1212.63 5.39313 275.477
0.351487 0.256281 1.52229 1.82879 0.281806 117.736 6.62338 6773.16
4164.15 700.895 1633.46 437.642 529.938 6307.72 5.48268 280.05
9.0693 2.95788 181.125 280.781 86.9585 7215.44 1629.16 758.234
283.636 1474.57 7349.07 2482 920.468 12.9657 447.384 30.8486
263.76 44.3951 103.464 3358.14 6130.86 11.4039 1305.53 465.56
1664.86 3079.27 285.256 3899.32 81.6371 1722.42 1030.78 4805.07
2057.61 3756.38 1854.3 1129.89 5294.09 1144.8 543.657 341.335
4607.58 1502.73 400.811 2194.7 621.572 2901.76 4248.95 761.611
40.5027 62.3897 23.5903 25.8575 42.1898 30.3239 7092.51 160.817
713.968 230.034 2776.55 4452.36 1707.29 3008.35 1394.81 2841.57
30.3676 167.899 3239.61 5022.06 23.8522 130.829 63.2417 2090.92
829.827 2681.23 262.701 969.458 5422.61 4941.79 823.251 294.901
6.27208 4.57317 3.87184 101.573 61.1992 2.4674 7.99205 6844.86
2545.35 4707.8 1697.3 2533.88 1984.07 2123.78 1500.97 3057.84
61.6978 289.671 6.7598 21.8629 245.772 7109.81 740.204 257.193
5845.79 1857.92 2655.64 646.087 141.801 522.266 2708.72 1907.32
9.34908 14.4012 80.1278 27.1538 18.6649 6.8676 6460.9 6.92693e-05
1109.66 5209.85 434.072 394.414 4060.12 2206.41 1320.43 258.615
1.3342e-06 9.7281e-07 5.77843e-06 5.80898e-07 1.09829e-05 1.00091e-05 6907.74 2877.67
2376.47 4395.45 114.047 2255.66 4536.88 611.694 1574.18 1184.7
1746.92 5644.42 650.78 574.576 216.534 489.925 5039.36 177.577
1289.2 420.464 6328.37 2920.88 3634.6 858.551 1497.11 383.766
797.287 4408.12 4081.58 506.206 550.926 3298.76 2790.45 1356.17
819.348 4259.62 99.0046 419.391 2616.86 547.222 954.224 4448.18
1616.46 2989.76 1314.73 4209.44 3342.45 359.766 1213.67 237.705
7.6309 68.8322 21.9634 17.5887 582.914 5730.01 4841.08 918.177
955.593 4967.93 2523.44 2551.44 3723.53 400.783 1352.04 482.145
830.464 263.939 4066.65 402.005 386.616 5779.75 61.4477 0.000188355
6519.05 2071.89 2169.38 299.285 1868.47 1152.8 5.28264 4.26551
1033.79 1912.07 941.065 3666.76 824.847 2399.96 2030.14 2840.47
1937.65 615.827 190.299 197.384 4193.84 3924.03 3476.54 1687.06
380.65 64.0695 167.118 98.8872 139.177 7463.72 5.25949 765.646
7.29772 11.2413 62.5463 21.1957 34.5834 5.88939 5540.63 3626.52
1461.53 7598.22 194.969 322.799 30.9054 833.793 707.217 4.44333
2386.61 4356.99 1782.09 1277.71 1174.07 1823.25 2350.97 965.453
295.287 1632.61 641.783 2753.85 1055.98 4744.11 2452.89 650.712
2926.13 1153.52 997.506 1093.38 3847.67 4583.46 1525.13 725.634
139.523 258.057 5570 1350.32 22.8951 1807.49 4187.52 750.599
1.46571e-06 7.61993e-06 1.95526e-07 1.20162e-05 4.60768e-06 4.93213e-06 6812.22 697.524
2088.16 681.038 787.912 3612.33 3558.08 1831.73 2361.9 1521.57
4688.17 1490 2129.75 518.145 1164.38 2299.51 1114.13 1459.59
3116.53 5764.25 2078.18 1664.25 824.023 2336.9 5.27146 767.389
3181.93 2320.05 1964.25 1456.14 2729.16 37.1339 2254.39 4987.43
5739.5 1846.13 1912.09 1531.24 1692.97 723.751 2719.23 0.235163
4328.1 728.489 1391.93 1114.69 1525.92 773.11 1830.53 5488.38
4215.23 709.492 97.5625 315.542 90.5306 5598.69 1590.49 27.9928
31.3995 144.181 63.8853 7920.08 9.8368 247.168 5.57464 0.241938
2862.12 933.46 248.975 1363.3 1067.49 4795.81 4124.65 1169.45
4574.82 1492.04 529.999 467.938 102.701 4088.75 3622.47 0.000192894
5579.28 1819.64 133.944 381.047 1185.91 466.59 2419.96 4245.64
262.797 849.113 72.4321 402.475 7629.62 2524.36 269.044 183.648
833.174 4331.5 359.443 427.771 411.396 6150.19 3.76832 1164.29
894.776 2891.08 959.795 4914.98 1265.09 1964.61 2533.23 3544.36
647.719 967.811 5434.78 1063.12 205.182 464.239 3238.74 3302.99
5.75096 51.8747 1.19125 5.04623 408.999 7604.14 5.35641 29.4872
115.008 1037.4 3652.64 5880.83 1513.69 11.6756 402.87 1746.33
2975.59 4583.55 2365.9 2687.48 604.51 2738.23 2858.51 825.171
1046.73 4914.39 126.61 209.621 4162.18 1014.2 3885.6 4.35348
36.8678 26.8815 1.0414 922.989 7206.24 781.968 1610.31 268.831
3070.54 516.822 987.498 1474.23 3966.9 1754.44 2262.23 5185.67
672.537 2173.01 879.915 2612.06 772.665 3073.07 1920.34 4401.95
244.63 1271.78 4532.23 2127.3 3044.83 961.204 4229.92 266.037
4304.13 1384.44 1433.9 1148.3 4037.79 90.3971 2654.85 2582.64
3676.01 1182.4 281.073 5993.63 1856.24 1145.25 2999.91 1302.47
2607.9 1901.5 1609.89 4166.17 641.984 9.04295 2325.04 3936.83
2634.24 4872.21 2142.53 1396.15 552.67 659.304 2477.09 3465.82
126.879 92.0422 2976.17 3442.56 3449.83 4562.2 760.016 3062
587.641 428.468 2545.07 4097.62 132.395 3897.21 207.546 5343.3
345.799 1797.74 201.636 2851.16 1741.99 5254.97 2526.53 1674.55
6952.33 1170.19 160.913 457.769 823.295 2334.84 3138.15 291.694
257.905 1229.97 5864.89 579.768 3092.6 148.213 2723.91 7.82789e-05
4086.54 2964.51 411.407 2286.01 150.825 423.851 1228.67 3736.53
551.442 849.431 4726.22 1601.62 2613.25 916.701 2.87395 3793.53
6246.59 1051.4 3159.64 2342.31 868.663 1202.32 427.586 273.566
3531.14 2574.67 356.119 1978.8 3644.58 4819.75 802.921 278.985
113.458 366.589 35.9177 7794.65 164.794 606.951 1300.77 0.000209297
3433.2 2503.26 1839.53 885.592 1019.19 2605.44 3124.74 3293.28
2448.86 4529.33 2229.2 2532.2 2003.88 3497.26 77.8115 4.17914
1018.45 171.423 3614.25 277.408 79.5898 5192.68 1197.43 3258.36
439.757 3966.69 1265.71 1013.61 1120.67 1460.78 1702.6 5104.81
628.577 1147.53 6106.1 1511.79 3288.83 776.874 241.257 0.000191545
490.45 732.822 4115.19 1018.87 2222.3 1597.28 2920.04 3077.53
164.198 303.695 6555.07 426.105 9.63137 3553.6 1647.61 275.058
198.305 1030.95 3673.98 4413.71 3504.65 3175.75 1655.71 4.3695
367.823 671.497 3573.09 1649.17 1775.58 3685.29 2228.45 4022.37
964.819 1441.62 671.022 2879.31 1759.19 1264.41 3408.07 4529.53
3790.31 1204.64 1261.32 1010.09 1382.73 1480.1 3303.59 4300.21
206.382 34.7375 90.6085 353.046 1.67679 6910.41 2783.55 4.2379
5345.25 1719.32 2014.24 1141 561.967 2001.67 2581.02 1059.93
4771.9 1537.46 2170.54 1284.36 121.975 871.952 1060.06 4296.96
387.561 596.992 3321.65 3771.57 184.042 4269.03 2433.54 0.000186365
2604.88 4755.48 2347.49 571.117 1283.43 1993.08 1.26964 1536.09
355.888 658.24 3492.12 839.616 3035.43 2572.39 2176.01 3044.56
3194.79 1015.37 76.5125 788.303 1061.44 1947.18 902.803 5674.85
135.002 201.717 4608.59 446.083 1002.45 6533.76 69.464 1236.95
3716.68 1212.17 1402.39 4611.18 1341.76 2083.67 2686.75 1103.35
3508.04 1128.37 1595.41 167.472 3325.27 448.336 2105.04 4195.92
2.16421e-06 1.12513e-05 5.71506e-06 5.77846e-06 2.05679e-08 2.24994e-06 6126.96 5239.24
2123.31 692.5 50.9751 3458.3 372.979 6080.82 77.7586 752.934
2071.05 3830.54 99.3895 1965.76 3953.8 482.265 4329.67 1821.48
620.892 3227.89 362.042 5119.34 1228.68 3358.68 1318.63 129.332
3265.73 6040.19 684.612 509.26 187.792 745.009 627.109 2911.95
357.402 599.734 2443.21 3933.62 18.6827 1536.84 1981.66 4542.51
1455.57 2692.17 253.107 4753.96 4682.57 855.949 78.2059 2023.4
3396.79 2476.71 2096.88 2120.15 4264.32 1071.43 2839.24 263.911
970.205 3134.79 1040.7 5329.3 1371.73 504.718 2617.71 3662.56
3578.02 602.238 295.673 881.304 1206.43 1291.38 137.634 5861.74
529.537 2752.96 70.6403 4341.24 1664.68 1781.9 518.704 4906.73
2771.53 4141.18 1580.34 2359.28 530.685 249.933 1075.83 5015.07
2028.51 3030.97 1579 384.153 144.772 5503.21 456.803 4.99593e-06
1403.06 2595.06 1141.17 765.761 846.639 4631.84 2301.34 3219.92
1169.29 5489.82 2171.24 581.726 4580.94 236.684 5.33819 272.67
2312.79 3562.58 346.124 815.114 4802.57 2701.13 1165.16 0.000187478
836.881 140.861 4153.45 409.766 496.184 3424.3 308.632 5366.35
5926.19 1883.47 2692.16 654.972 143.751 529.448 2745.97 0.000194115
2572.01 1865.82 1584.95 1174.95 6803.62 835.64 259.507 30.253
2529.25 3896.01 1796.8 481.406 462.977 4223.45 2639.2 1083.82
2067.44 3823.87 354.235 1055.86 1460.78 2549.42 3154.21 2339.71
508.516 370.775 2202.38 3545.88 2534.19 2659.87 1044.27 4867.94
1104.13 2042.16 898.03 2763.6 6765.65 12.5847 1440.71 99.1068
759.603 6121.32 140.786 596.379 722.152 2048 4884.05 294.065
403.645 1304.2 6371.31 2940.69 259.202 556.222 3.55756 1099.18
39.4873 356.183 138.625 28.3571 3004.46 4172.17 3833.9 3207.12
2031.74 341.974 1027.69 761.847 1881.94 4228.16 2189.76 4844.46
2329.47 1698.49 107.852 4466.06 3191.83 10.1083 2598.95 2350.81
2644.48 4827.75 2383.17 579.798 218.502 468.884 1004.87 2305.45
877.074 1622.21 584.854 2994.95 2949.98 1518.68 1958.23 4488.82
388.515 123.478 7740.3 749.213 31.0669 12.6933 5.47733 279.777
3025.69 2206.12 1867.8 174.519 487.932 1383.76 3088.56 4623.38
1394.07 4504.32 2041.37 496.643 477.631 4380.37 1266.47 1057.66
1376.25 1003.47 5960.54 2051.24 3919.93 12.4141 428.352 947.304
19.5224 30.0719 3.94891 40.0465 59.6567 33.553 6353.55 0.000167562
262.147 484.86 2572.3 636.869 5533.04 504.982 3522.98 334.512
2964.39 1168.6 1010.55 139.414 3703.35 388.066 166.361 5129.5
609.797 240.391 14.9606 154.137 5252.05 2860.53 200.006 3142.93
8.79883e-07 1.6274e-06 9.05439e-06 2.23728e-06 1.39221e-08 5.13671e-06 4654.4 6296.29
1026.03 4817.21 401.358 2230.18 4107.57 1089.44 2886.95 268.345
2294.76 386.246 1160.73 3003.82 2385.14 1932.77 3841.16 3155.56
49.6663 258.205 4992.39 1175.31 1671.79 2917.69 2468.1 1589.99
501.883 749.905 4211.12 823.754 92.5899 6040.85 1240.22 0.000199555
0.574203 0.41867 0.0162195 8.32339 120.945 0.197612 6.81866 6972.85
1324.05 960.509 5724.37 689.279 3597.91 387.262 393.766 251.928
1246.29 4026.85 1336.85 427.451 4917.72 515.317 1240.45 2964.76
3244.49 1043.6 1080.89 5535.07 3381.79 2430.66 259.058 176.832
551.662 179.92 2707.97 4287.25 5649.51 2498.6 5.63622 820.489
2776.67 467.359 64.2666 3126.97 490.283 5835.72 1345.71 263.567
62.5909 522.374 203.513 6605.43 772.346 718.365 609.312 440.93
411.233 69.2171 33.9826 30.8779 11.3863 7739.55 1446.37 30.5304
982.78 716.577 5676.15 1920.83 1590.68 680.021 357.406 2225.19
4.66868e-08 8.63505e-08 1.86382e-06 1.21156e-07 1.45848e-05 1.1743e-05 8104.39 291.172
318.114 475.32 2669.18 522.128 5681.39 1332.45 671.937 3391.77
866.368 1602.41 623.213 2980.45 1093.38 2005.78 140.243 5711.8
5622.89 4099.83 158.83 2303.23 10.7351 406.184 5.16492 263.82
1555.27 2876.58 266.48 5079.09 1573.01 3375.28 1564.93 1177.74
2688.14 1960.01 75.932 5151.46 222.363 660.513 4.3414 5277.98
81.8612 151.408 3268.05 136.485 5958.15 11.0827 1498.34 3633.88
3469.52 6333.95 795.436 702.293 234.174 567.866 1217 28.753
1119.07 5817.81 554.515 1138.14 1309.84 3348.43 1760.71 25.9523
356.88 1855.35 942.417 952.872 4213.68 3840.05 4707.68 278.362
1344.52 226.305 4771.4 479.663 2992.93 4643.83 773.614 268.802
5109.57 1646.26 390.747 224.477 1735.18 4870.1 248.135 179.439
299.899 448.104 2516.34 3983.87 2434.05 414.507 2080.32 3754.98
1695 3135.01 290.42 865.649 340.412 5089.01 3584.85 0.00019089
1753.48 1278.52 49.5306 2507.34 6032.7 11.2213 620.114 2689.89
382.459 707.385 3752.85 902.303 3262.06 397.89 2063.65 4730.46
3179.29 535.127 73.5855 1067.08 6178.97 758.919 1323.37 3005.35
67.6338 351.615 6798.46 283.927 2194.72 2349.26 683.861 1818.04
3422.8 5272.42 457.551 1525.82 2088.72 1058.25 2505.68 1188.11
121.994 572.762 226.529 7352.45 155.821 230.292 5.19403 265.306
3262.66 549.158 1650.31 272.861 2225.62 5955.92 5.17689 3066.11
2802.32 2043.26 1729.91 374.617 2292.52 3608.49 601.137 4971.36
2012.27 3721.84 1636.66 2047.37 19.8562 2688.79 2274.47 1465.25
1597.27 2954.26 1065.1 5454.22 235.432 142.179 3821.81 1129.97
1141.33 5358.56 2264.24 573.019 3575.44 384.844 1298.27 254.274
32.7421 153.724 2984.22 124.631 2320.99 5214.56 1420.07 3444.05
1838.06 3471.31 1245.71 6379.1 2446.11 1239.33 268.329 4.58823
81.2324 148.298 789.105 364.213 6904.31 2284.38 1217.14 0.000195841
3880.31 1248.11 1292.71 1416.95 4966.45 549.708 3.33572 1616.78
3680.41 2683.5 1761.93 2204.08 3154.72 995.894 571.571 4138.19
1880.87 2810.36 372.464 328.849 1754.15 5291.65 3727.6 29.1454
78.1455 252.493 5018.42 5579.42 694.792 1588.68 3.82108 0.000203225
330.434 508.995 2832.04 4483.68 1076.11 4601.03 1330.27 1742.75
1873.73 3420.67 1236.93 1846.61 1988.15 4126.5 2495.24 3.90846
3797.22 1496.92 1294.46 1932.49 1513.17 1554.47 171.965 5302.28
4726.51 3446.25 476.673 567.285 8.63317 4708.8 784.437 496.269
6015.72 1934.97 144.232 2091.54 9.74847 10.8526 599.736 2601.5
133.685 22.5014 632.66 152.111 172.909 6696.22 223.702 689.624
2747.33 885.166 235.213 120.778 2398.13 5181.63 212.798 2409.01
3058.37 514.774 1536.47 1145.26 788.227 5137.51 357.079 4161.63
196.367 77.4108 4007.66 943.486 16.4472 5678.46 233.202 3.98759
341.677 631.955 3352.68 806.089 3898.76 1724.3 4647.64 739.646
1170.97 6087.64 2562 648.373 142.303 1079.62 383.948 2390.44
4911.32 1579.74 568.235 216.466 2666.05 1916.23 743.506 3230.92
264.16 1373.31 4894.06 491.994 1105.62 3777.05 670.813 2268.17
446.11 814.418 4333.58 1072.94 5027.26 1087.1 1282.68 328.8
1617.18 1173.16 6991.7 702.867 154.263 786.47 5.16929 162.629
1954.82 3615.57 299.176 6379.65 275.378 623.064 3.78086 0.000201086
4052.21 1321.6 469.454 414.483 2210.94 2615.92 4625.59 2703.26
4036.61 1298.39 1619.69 1501.96 2870.24 1830.08 1095.21 5105.41
69.2866 325.3 6314.99 263.735 2038.64 2182.19 1790.44 1736.01
586.225 875.928 4918.81 486.244 2593.72 465.713 4790.32 0.000196338
1046.29 5439.45 2762.95 456.822 4702.55 242.967 5.47991 30.1671
2110.73 1539 1302.98 3371.93 2677.44 288.187 2183.45 4830.48
1199.88 6237.96 2014.59 2208.21 649.591 2313.78 897.759 1796.26
1072.31 781.856 4644.17 1598.23 3054.23 950.434 4597.52 7.59689
1471.06 2720.83 1196.47 867.878 647.761 1884.71 218.875 5617.74
2901.64 946.348 967.941 775.148 13.1429 4537.62 3902.6 1106.49
1330.05 4297.48 1426.7 456.177 438.715 4002.12 2500.89 1027.02
6741.14 1134.64 156.025 660.936 800.323 2269.69 3050.58 283.555
2209.7 4087 1797.24 2248.24 21.8044 1793.64 1297.31 5042.38
1972.45 768.317 172.498 3287.8 3238.42 2744.42 2321.52 4627.44
5864.19 4275.77 165.646 2402.07 161.464 423.709 1727.54 173.76
3092.57 4620.86 1994.61 2665.96 234.986 1038.71 3.25647 1006.15
761.713 242.088 3729.99 1243.77 1685.09 3657.63 4777.78 1087.26
6341.87 1067.44 3207.84 2378.03 881.913 12.4226 428.645 274.243
532.085 984.129 5221.04 2409.79 1523.98 940.254 556.02 2696.76
775.666 6996.65 3511.33 760.389 166.888 246.648 5.56293 30.6241
1212.19 5691.24 474.181 564.319 1201.11 4781.38 796.528 276.764
264.329 394.956 2217.89 3511.36 4627.08 2046.42 2553.4 2647.92
1821.15 306.529 6462.81 280.323 142.056 209.948 4.73519 241.869
1979.38 6395.52 737.378 651.033 3472.74 623.545 3.78377 0.000201241
0.0638888 0.576289 0.289215 7.58724 110.248 26.7002 21.2153 6641.41
1281.87 6664.19 253.883 501.183 793.328 3703.6 438.258 30.2193
271.397 1516.48 768.441 1988.62 4784.65 587.664 1024.75 3656.08
2719.65 4063.65 1891.49 340.334 190.496 4418.73 2761.23 1778.83
370.126 684.574 3808.76 941.122 3309.29 1703.65 3802.57 2918.51
659.746 3429.89 79.7195 5408.41 25.6871 3478.38 1872.27 1223.45
1527.41 2825.05 1018.51 1388.92 14.5386 1968.72 43.8026 5603.48
2.69107 13.9903 66.4872 22.5312 36.7624 6.26047 5889.73 3855.02
153.298 48.7212 787.245 77.6671 1.18197 7870.82 5.56517 0.000208646
5.75473e-07 1.85103e-07 1.14778e-05 2.78253e-06 1.30897e-05 5.78919e-06 7996 0.257959
3550.51 1143.94 1183.02 1766.13 1382.91 1480.28 1908.73 5240.1
425.866 2354.57 925.588 106.998 10.2442 3536.84 3041.87 3959.54
4275.37 719.615 1677.09 449.331 3538.36 3139.89 893.761 3500.84
267.572 399.801 39.2028 747.204 6936.63 543.777 1165.38 1708.83
69.5476 11.706 35.1785 5.81636 9.20679 63.5386 19.0001 5947.92
6292.29 2027.32 2096.58 289.241 2235.8 1132.77 245.258 4.19374
1028.77 3324.03 383.247 338.37 1804.94 1297.3 3182.88 4479.39
1335.86 6271.84 3198.58 2371.18 879.369 420.994 5.35325 168.416
110.955 205.219 4429.52 4924.68 1432.98 729.839 619.045 3574.3
2864.21 1129.11 224.097 298.377 6339.65 211.359 3.50086 0.000186194
1064.4 5533.62 128.616 544.826 1473.15 182.567 531.366 3847.11
3571.26 1148.71 273.064 5822.83 1498.76 2327.49 3.701 4.23935
2716.35 5024.08 1811.33 249.889 698.656 469.449 1130.03 3215.28
1705.12 2626.54 1355.75 329.838 3794.7 2134.27 4657.35 0.000190888
827.293 1530.14 191.587 1942.91 2894.33 5372.57 1659.33 2573.19
3091.46 5717.88 2514.41 3145.38 231.375 238.686 1428.2 279.723
807.315 1243.58 470.211 1726.9 4751 1735.72 4989.87 169.488
3052.99 2226.03 307.897 1254.38 84.3174 3189.58 3557.28 3108.41
580.257 5234.02 2626.74 2023.83 1618.92 692.097 1206.85 2300.16
1702.81 3149.46 260.607 5557.19 1250.11 1045.84 4006.81 1280.22
3322.24 2422.36 2050.87 1520.35 1046.38 2674.94 316.534 4316.14
54.6058 283.884 5488.9 2480.62 702.547 4848.47 5.46491 279.143
2.25736e-08 1.64591e-08 5.30436e-07 2.39722e-07 4.41522e-07 5.83888e-07 7854.01 173.798
5484.64 1788.77 1829.59 2731.38 26.49 2179.08 1576.1 1160.29
1708.73 3160.42 1389.78 4276.9 8.42782 921.925 1087.79 5070.8
656.804 1011.73 5629.24 424.868 2962.61 504.517 787.386 2874.18
2943.92 2146.5 296.897 1209.56 448.575 3095.74 515.718 4264.95
2425.56 3736.29 1412.74 2109.06 1897.01 4365.84 232.503 1682.24
786.828 3694.15 86.2073 4364 209.288 1895.52 341.91 5206.47
2099.37 675.271 853.069 3660.46 3301.61 1794.21 2136.86 2137.29
1008.58 1865.44 918.115 559.439 4860.34 443.587 4153.23 321.415
771.134 1187.84 6609.13 398.877 1463.93 207.461 1293.27 1694.27
1135.74 3669.66 423.098 5270.02 137.998 1377.08 1109.81 0.000178572
4332.16 1412.9 1762.67 1182.81 1307.73 1704.62 3214.79 3310.12
2469.91 784.99 242.573 251.604 5345.85 5001.93 258.355 8.33863e-05
421.529 1361.99 6653.59 657.735 3508.49 597.479 468.042 1855.61
478.896 2489.68 1405.74 1308.32 5785.51 1057.45 2802.17 260.465
740.569 539.973 378.777 95.8584 7769.36 12.7679 5.50952 173.333
1077.6 5602.23 2845.63 2109.53 4031.31 843.004 715.03 30.6281
6371.68 2025.06 2894.55 1763.74 158.285 582.976 249.917 0.00019842
414.883 767.355 4269.33 151.397 1404.41 1503.3 3355.37 4367.61
1038.85 1896.52 836.475 2574.17 1777.97 302.779 3282.61 4362.78
3152.18 2298.35 1945.88 5035.68 1732.72 11.2182 387.087 26.6909
1747.01 3231.21 1256.69 939.867 1230.88 1316.44 145.632 5931.31
522.932 88.0179 1855.76 186.557 3527.2 5544 4.81885 2854.05
1742.79 3223.41 266.726 889.462 1217.6 5470.2 2717.88 4.13791
5211.52 1676.3 1736.19 2591.95 1639.18 3517.26 1630.76 2.15939
4468.36 1457.32 1686.02 482.649 1084.62 2772.69 3325.32 1613.67
82.7642 388.577 9.0679 8036.82 291.756 866.639 269.134 530.055
2169.97 4013.52 1975.33 980.956 5609.36 650.702 688.698 4.32698
125.391 651.881 2323.1 2790.84 6714.8 1227.3 436.467 30.0958
6895.22 1160.58 159.591 676.042 212.622 2307.02 3100.76 288.219
128.284 666.923 15.501 224.784 5579.84 4492.61 3017.19 172.736
2654.78 4910.19 2159.23 1448.92 24.5669 134.749 147.208 2154.06
1255.42 6526.66 151.696 2199.79 815.808 390.564 397.123 254.076
240.323 776.498 3793.36 374.989 360.634 3289.84 4297.35 3486.11
332.958 1075.81 5255.55 2425.72 124.519 255.935 49.3833 5048.54
3735.31 1472.51 1738.3 422.908 1143.5 3817.43 4129.27 523.368
850.201 143.103 3017.16 1038.32 6012.41 2251.62 5.0791 3008.19
194.481 141.802 4569.92 2065.3 584.923 809.596 2145.39 4746.29
1529.89 2829.64 262.132 781.329 2061.35 5383.38 1105.24 196.559
486.673 2530.11 1115.47 679.696 5905.12 538.94 3.27038 1585.11
725.504 3771.75 312.993 4127.13 1220.83 3120.9 3.25563 1577.96
2791.5 5163.08 1861.44 1490.68 2040.62 3595.7 5.32106 1225.26
1214.64 3924.57 1778.63 2020.39 454.456 4145.72 3672.95 168.151
224.12 1052.24 3764.96 1346.61 482.404 3329.2 2235.86 1502.34
547.898 2848.41 1446.84 1462.89 6469.02 794.543 1385.49 95.3087
1197.29 3868.51 446.023 261.215 2095.13 3856.7 1047.36 2288
76.9448 114.97 2626.69 4071.91 1048.09 1627.62 4387.04 3558.87
184.805 58.7348 949.045 62.879 7569.43 12.4393 5.36775 2.08335
658.389 983.754 5524.31 1080.63 121.463 471.681 350.561 4945.41
380.648 654.278 3532.54 1197.11 1953.23 3614.66 3509.98 2897.83
328.492 599.694 55.7201 166.084 5504.22 431.488 2165.54 3908.81
353.296 115.225 1734.24 2745.65 3618.07 2634.11 3258.99 1041.29
1131.76 5883.78 3322.13 505.604 800.326 1107.74 630.929 2458.74
2938.03 2131.35 295.783 1205.02 2302.8 6361.59 5.47038 1259.64
426.307 788.485 73.0434 405.872 7694.01 635.943 1293.05 370.994
427.534 2222.66 1128.99 2921.68 7029.6 863.395 453.784 31.2899
275.608 46.3893 5306.56 221.62 112.307 572.568 3723.75 2279.07
5781.22 973.073 2924.25 2167.8 1491.99 11.5082 397.093 2472.28
1350.28 4362.85 1977.26 1649.06 7.67639 407.655 2997.6 438.251
26.4825 137.677 2661.98 882.052 1578.09 4436.39 308.348 4695.41
5528.74 1757.15 1839.83 1430.79 728.362 3400.31 5.03191 3733.93
616.222 949.218 5281.43 1789.77 2920.24 2098.92 3.33754 1617.66
1615.53 1177.93 773.407 3318.63 2371.78 2489.4 1154.2 4586.12
16.506 5.3181 329.264 6668.15 2150.43 754.934 4.96201 4.00662
923.131 1707.39 158.169 3014.7 332.083 4964.5 1019.24 3245.94
6472.63 1089.45 149.81 2963.01 28.7365 619.092 1630.5 1200.34
344.101 3103.85 71.2769 230.528 5697.58 699.794 2740.6 2953.75
478.107 80.4733 187.546 6087.17 3667.59 394.762 1609.52 28.3277
411.75 2140.6 1087.31 3771.03 2695.1 2828.76 334.735 4564.32
140.059 728.138 16.9238 65.5911 5806.17 3162.33 1466.2 3555.93
2772.35 881.113 1259.43 132.204 3511.82 6518.76 5.66612 4.57515
4433.09 1428.3 1477.1 1182.89 1619.28 820.411 1942.53 4228.69
204.78 34.4677 3942.82 1627.66 1390.22 2426.27 4290.25 2507.28
1912.8 607.928 45.81 3107.89 100.417 5098.07 567.491 4139.86
253.563 468.983 2488.07 3939.11 1013.91 2591.92 2121.64 3829.57
76.3224 141.164 3046.93 4723.36 520.301 439.097 4760.51 1133.48
1346.25 433.025 4948.96 1703.12 1110.21 1816.13 1086.87 2468.25
129.731 41.2312 58.9345 7306.31 676.181 570.65 244.633 0.000194225
1801.89 1313.82 933.268 3742.31 412.233 347.895 3771.74 3836.67
427.964 791.549 4403.94 4990.49 3954.44 1248.35 443.956 99.7627
1331.99 2463.61 63.9222 4336.67 601.475 2807.94 2475.88 3343.29
0.0163962 0.0303258 0.654565 1.01471 0.109437 17.0164 1.54846 7130.23
26.2413 145.086 2799.43 4339.68 4274.51 2200.56 1555.23 739.956
6201.82 2444.85 2886.14 2407.08 708.092 597.58 5.42201 2.10441
49.4918 73.9498 8.32862 8.6387 46.0806 3.02243 7363.67 264.585
628.163 309.537 3116.67 3546.55 1766.02 4277.49 1499.36 719.701
4249.1 1350.45 417.309 2020.97 178.134 2051.72 45.8307 4555.47
908.677 4724.02 1525.66 487.819 1096.23 4359.98 2724.52 1118.86
7.04858e-06 5.13935e-06 4.35119e-06 3.22562e-06 2.22004e-06 8.38965e-06 5790.1 4433.56
189.011 349.589 9.07064 29.3367 46.4375 7400.28 770.445 267.701
1449.32 571.342 35.5571 2412.3 3178.8 5900.61 242.325 2743.27
175.559 824.248 2949.19 1014.93 5876.96 371.538 1480.19 2865.24
7.17716e-06 2.28105e-06 1.71887e-07 1.16613e-05 2.62325e-06 2.19462e-06 6157.74 3213.96
3612.12 5397.16 2059.64 3074.82 271.024 2454.68 261.617 178.579
5820.37 1875.27 1939.33 1553.06 2126.01 1077.15 1546.48 1163.86
1928.7 324.632 44.6402 3028.53 3990.83 1765.02 1247.42 4956.51
3209.85 1032.46 274.768 5237.06 1347.99 3445.97 3.59473 2726.09
377.16 1218.63 5953.26 785.059 129.628 477.432 5176.12 0.00021215
19.0148 98.8541 352.285 35.4148 216.725 7877.2 820.097 284.953
959.776 4989.68 115.973 1681.75 623.692 4304.27 387.944 248.203
3833.74 1218.44 91.815 1331.43 2495.43 364.659 3773.02 3099.59
700.933 511.073 4245.54 5005.38 1431.4 11.0408 380.968 1651.39
1285.57 2377.76 220.27 4198.34 1627.03 2839.57 3513.19 0.22359
8.44183 3.32789 172.289 3489.15 1125.22 5055.19 4347.73 4.32264
1083.48 3500.8 1417.57 379.801 365.262 3332.06 3961.87 998.885
3240.19 5992.96 2949.56 438.105 688.118 580.723 3.71427 4.25455
3578.39 6618.47 613.12 314.828 30.1423 2479.52 1752.38 4.62461
1672.27 1213.12 1145.49 2728.67 6565.21 415.049 681.063 29.1731
949.428 4457.55 3128.67 1829.2 678.375 9.55556 329.717 4495.9
314.453 581.604 3085.55 3503.49 99.5649 366.706 3975.68 4044.12
3459.63 1112.8 296.149 4048.23 2796.1 502.05 1146.58 3119.98
1768.61 2724.33 1256.44 336.629 323.743 2953.3 3511.52 3016.4
4142.24 1316.49 1881.75 1569.41 2560.68 4713.66 1217.13 349.211
1584 516.61 183.509 2594.84 3419.35 3873.07 3431.39 746.149
814.991 4553.91 105.591 341.507 2785.55 4322.05 720.01 2900.82
6423.12 4659.55 646.639 587.561 216.665 859.557 266.935 31.1188
66.9452 348.034 6729.24 1584.2 2229.66 782.749 663.923 1765.04
3990.67 1301.53 462.324 1905.84 167.987 2504.56 4428.68 2588.18
1387.69 1011.81 6010.09 477.583 3763.37 786.972 244.393 264.357
546.222 2839.7 917.1 4696.34 4625.81 781.028 2934.43 4.4676
911.423 2944.87 1334.63 324.699 3735.58 1652.13 4453.12 26.7998
4991.66 1608.27 1663.21 1331.93 4683.51 571.271 244.899 2772.42
596.117 1926.09 872.912 728.022 4731.45 431.823 4043.1 2502
573.894 3173 262.762 5008.23 1920.44 674.195 1388.37 2828.45
2189.23 3372.25 1740.66 4864.19 138.234 2732.68 3.51795 0.000187103
4.81089 7.41061 41.2325 10.2086 1.57312 59.799 5389.37 3527.52
5170.82 1663.21 1722.63 2571.71 1181.32 494.712 1406.33 3410.73
742.507 3486.06 1378.75 282.036 2903.3 2242.29 713.234 4098.54
6180.11 1040.21 1987.55 1591.67 2178.86 1103.93 5.0587 3753.81
2005.35 3660.97 1614.7 432.615 163.035 3781.74 3350.48 1625.88
4017.54 2929.31 2480.08 537.069 1206.91 9.30928 321.22 4380.03
102.443 189.476 4089.72 991.461 4664.1 3395.66 2872.42 1247.12
1058.38 1932.17 953.797 459.179 4996.43 890.89 2.79302 3686.72
1.28031 0.215497 4.5435 5.45831 104.525 16.7815 19.8007 6198.55
2464.65 783.316 1119.65 3128.79 910.412 1797.95 3923.44 3990.98
708.937 516.909 3070.4 308.664 2654.36 5735.26 4.98509 254.634
151.339 786.779 3739.06 4245.52 2932.36 526.517 3673.22 798.735
805.421 7265.04 166.835 539.585 1907.22 1213.33 1690.68 3.04836
186.357 968.833 3452.62 265.002 419.474 4992.89 347.027 4044.48
