61 2.024
5269.14 24.0195 78.6334 41.6255 2.75401
2687.41 535.74 1723 334.21 1.40697e-11
17.6214 82.2952 5137.24 0.325205 44.968
0.752307 5277.65 49.311 76.9295 18.7254
0.00563905 0.00444779 0.0703902 5382.73 5.72641
6.54606e-06 1.3023e-10 69.8233 5082.04 5.63882
9.37473e-08 3.11728e-07 6.62155e-10 3.00067e-06 3934.49
4.77014e-08 2.78538e-06 3.21402e-08 5.19746e-08 4381.25
1.7125e-08 9.8276e-07 2.93458e-08 1.38472e-06 4842.51
4.78012e-13 4.58941e-09 1.29838e-05 1.83248 3838.9
4817.68 85.6523 115.446 2.4169 6.09834
25.3102 4875.06 15.9796 18.96 23.6685
3.54591e-07 1.23741e-06 1.81563e-07 1.5547e-06 4438.06
8.94735e-08 1.61046e-09 0.000143189 0.0458014 4056.28
42.7908 0.651618 4685.63 18.1389 96.694
0.000984053 3.30341 4917.77 157.403 1.79651
0.0225115 0.043372 0.0552369 4740.27 0.00383788
9.80705 417.925 0.00107883 4916.81 1.08199
4718.17 60.4753 3.70288 3.83239 40.3923
429.084 1.34408 4976.09 44.4895 11.9144
1954.14 1378.28 1139 335.02 104.609
29.9559 4062.21 70.9945 32.0589 11.6695
4.9039e-05 1.117e-07 0.00666699 4955.63 43.6217
15.3047 39.1062 4391.71 83.3657 0.524949
756.173 4425.17 43.4517 40.5536 3.70593
0.761924 4523.94 60.9473 4.979 0.122865
132.202 560.916 471.444 3836.13 103.914
39.7379 4192.24 85.7834 7.98323 115.257
14.18 298.703 4497.58 185.249 13.9576
771.428 746.769 107.957 158.185 3717.93
98.4744 1150.05 85.0746 58.5335 3668.14
5.20467 4754.76 2.64224 293.793 48.4936
3366.29 528.117 642.796 264.325 481.076
4625.94 61.9816 45.8821 40.4906 34.0626
446.393 817.275 399.79 209.284 3581.97
3910.86 34.0738 485.133 389.756 62.6466
246.327 1408.51 3552.61 12.3147 155.546
165.914 1492.09 188.851 345.666 3203.66
3988.51 324.366 71.1997 516.748 0.19735
106.942 351.035 2659.95 1023.55 851.747
3303.55 159.302 796.995 1139.32 87.6199
4087.78 223.415 243.616 15.9601 257.188
1912.99 1633.68 579.551 26.4899 1181.75
3211.57 496.928 4.77807 8.97229 1109.61
1712.19 545.492 357.655 3530.71 0.899502
33.4663 0.104115 2267.03 2139.86 207.188
2937.95 137.72 592.002 113.044 1819.03
2382.63 533.368 391.508 28.548 2164.37
8.76852e-06 0.0740251 4349.37 289.609 247.45
1031.52 340.159 2561.44 415.856 639.167
238.943 136.6 64.2218 3215.97 972.388
0.0657186 1003.05 3339.48 326.034 381.73
341.902 506.719 375.356 122.765 3631.23
74.9698 0.22935 5078.78 97.3069 1.40806
46.7915 3160.03 66.7022 555.901 937.045
302.465 468.014 1155.08 477.173 2445.86
647.14 478.839 344.56 3158.86 153.273
286.097 45.9845 0.837001 4471.2 0.548298
3.48547 181.403 21.2391 3884.32 429.191
4018.52 51.7917 2.70394 271.625 175.917
2.32497 0.000206887 47.1718 4098.53 12.5904
0.01844 0.000802221 3695.81 73.4695 706.902
607.615 3415.53 244.909 408.132 157.488
445.589 2986.99 439.75 902.715 146.827
467.479 4592.32 2.05644 446.664 1.7144
1279.02 573.82 2313.5 24.6427 678.61
4.43122 4392.88 6.10243 13.8731 345.06
984.941 137.495 37.7144 1293.67 2526.67
179.348 3048.86 558.819 836.355 539.728
190.669 1454.46 2716.37 746.654 109.998
45.4661 209.702 210.132 248.906 3302.54
15.8606 4319.45 632.193 32.026 10.1858
939.141 2115.52 201.976 1094.58 590.189
39.4524 0.0352195 4636.91 14.8118 292.306
775.652 103.446 1632.38 2265.97 101.834
408.23 509.721 17.1707 759.791 3163.4
960.159 2353.12 1323.32 215.345 338.22
1880.02 304.99 1972.9 733.296 75.6923
3870.03 885.358 66.3067 157.077 2.61486
1751.47 598.667 752.217 1737.63 48.3164
2764.47 21.3957 1006.43 421.454 551.42
721.822 675.36 1288.92 911.418 1391.68
946.675 0.712246 52.9763 2113.31 1712.38
3098.67 1069.67 56.2356 46.4051 400.098
3516.71 200.214 974.85 593.306 306.564
2080.63 1513.29 118.527 139.78 1406.79
833.339 862.991 0.468763 116.696 3765.54
2587.76 203.293 886.626 1274.49 626.526
17.4434 40.3487 131.561 3468.06 1011.39
4547.33 0.517928 0.00668031 35.88 271.867
516.139 442.772 3510.98 60.7251 338.119
1305.85 548.682 1241.31 257.057 1723.13
2009.43 1498.95 341.462 493.369 908.202
133.52 773.164 2075.48 1342.84 633.163
1.04387e-07 3.81327e-08 0.465299 4689.55 0.0403982
1549 0.0555047 705.085 391.361 2219.87
2.00878 0.000445975 3753.36 70.4239 1028.37
309.483 255.7 741.807 436.962 2881.78
197.434 368.239 262.875 1810.09 2398.35
424.398 2093.96 1377.19 31.5553 1301.21
453.653 37.737 2533.11 1756.62 0.188331
2547.21 1763.26 314.21 132.433 1.28289
204.582 533.184 174.049 2453.39 1370.61
550.551 3920.09 13.2828 57.6134 695.586
15.0239 444.571 4293.55 331.426 10.1068
7.14719e-13 4.7986e-08 4.39005e-07 0.422226 3898.16
679.044 2787.19 47.6821 46.4193 982.571
7.83491 4675.54 0.844278 1.64031 110.962
899.181 199.912 1777.21 36.5782 2325.18
615.595 716.267 2100.14 166.789 1188.69
4.19598 1896.95 403.751 2074.56 1043.27
1174.64 142.659 673.268 1128.41 1767.68
1142.14 1235.57 1258.11 5.21253 1672.64
2865.16 483.46 1062.59 512.279 120.71
1043.58 2919.95 95.5501 686.744 409.94
0.0641535 369.912 3120.34 528.467 725.527
326.626 688.302 1112.38 324.5 2195.26
142.706 2222.91 259.126 641.376 1496.97
1.52236 1.87521 4.77113 4151.09 721.378
104.706 3129.55 1345.65 36.4291 175.355
474.151 520.845 9.2871 4035.82 390.702
4464.09 8.80259 107.294 485.64 225.803
1838.14 122.351 92.8032 203.109 2958.54
11.589 5.19801 873.123 4518.75 0.087579
161.147 377.818 771.398 1333.2 2293.88
346.674 358.8 685.518 3417.16 35.423
4428.51 1099.87 113.221 47.0652 1.02061
191.08 3625.48 8.08435 0.16638 1904.74
79.2008 46.7291 605.777 396.529 3344.96
3581.29 552.871 116.379 57.9143 393.872
2440.87 2386.37 0.707575 2.96646 221.283
4131.52 3.82686 623.89 574.325 97.8653
70.3457 5.96516 4587.82 14.1512 0.0339093
528.461 195.641 1219.76 1242.69 2066.45
3009.48 7.34018 83.0783 1638.6 962.751
13.7188 18.3637 103.628 1204.72 3245.89
6.12772e-05 0.000100855 0.003757 2096.54 2031.87
809.678 1192.53 2014.25 658.686 32.6429
351.4 406.826 3211.71 869.895 672.899
2328.89 168.605 191.393 2515 422.675
626.551 1601.17 2118.27 789.725 31.8357
15.4655 7.90563 3180.23 928.615 376.081
2900.46 1207.94 27.9789 5.65627 966.219
863.995 252.589 3255.66 663.37 7.32393
29.577 425.952 1002.07 3077.34 538.269
638.919 369.895 1648.02 2226.4 443.038
5.21554 3.03206 2945.15 2283.5 188.562
354.912 12.1071 4131.04 0.102377 134.504
2.68367 1177.17 0.000579856 2186.46 1216.32
881.853 88.451 4188.65 0.250094 48.7132
374.554 235.591 3865.37 44.4136 575.691
279.66 243.911 793.813 548.806 2566.84
541.266 808.747 1699.79 1716.1 255.638
1323.51 852.356 1749.83 582.145 172.008
386.658 21.0179 163.374 1997.98 1857.17
262.826 4241.42 22.0229 415.428 80.5212
2239.14 684.149 1308.82 570.294 362
2292.75 2197.6 382.466 468.975 58.5833
3827.56 1112.7 189.971 98.1485 21.6903
3703.41 1135.36 23.9367 6.46781 19.0511
3488.44 323.989 484.224 108.557 267.854
24.1909 3572.69 4.30218 1415.81 12.8766
4501.1 26.1236 42.8901 94.6565 0.208098
166.684 622.786 133.757 3772.14 30.8752
2413.88 1620.08 604.714 76.0561 1.10753
3431.79 297.391 522.401 233.206 388.337
1071.83 540.811 1705.61 772.508 618.515
1485.7 1296.12 1053.91 950.682 604.115
2523.47 742.991 294.247 1547.14 0.0445053
2976.14 818.415 812.349 141.809 268.342
1693.53 279.482 2048.9 222.512 1357.12
325.865 2258.63 1404.97 58.4348 983.507
4220.7 31.0478 132.806 350.969 102.623
652.407 290.666 10.3179 444.707 2997.93
1559.33 78.8961 3287.23 64.8613 55.2501
1457.23 912.507 2.59448 227.798 2668.35
2095.99 280.057 2413.37 325.555 44.78
4262.1 24.2552 16.3816 565.628 343.49
1159.52 231.572 2630.35 1064.6 285.297
279.377 3220.59 59.86 134.272 788.742
304.864 2949.25 953.79 1265.42 99.2484
833.916 2827.7 1562.6 21.3294 11.4896
673.695 907.532 0.603973 430.014 3381.22
3057.73 1285.01 9.41688 536.061 64.3365
435.83 1008.68 1276.4 112.399 2149.63
4598.27 159.882 218.166 9.27013 28.1489
2.36775 2.88411 1529.12 856.387 3401.94
3249.21 1020.35 966.878 114.82 15.5384
1383.29 88.1318 1019.43 2922.57 182.019
254.994 22.7081 176.21 2424.51 1963.99
141.509 194.482 1798.32 1233.51 990.32
1410.83 42.0819 1935.96 143.258 1463.25
373.441 3496.18 32.1084 604.203 546.225
2172.78 579.43 1387.26 328.396 276.763
36.8389 2033.99 1423.97 228.502 860.547
534.714 821.133 2872.06 130.185 760.275
462.59 1732.5 1077.76 320.023 1204.77
1664.66 1208.95 1358.49 241.257 691.719
4291.4 173.926 1.58206 343.176 624.92
2270.73 13.9652 2808.57 53.0229 109.887
234.046 356.077 1561.89 1030.36 1527.21
212.716 503.42 358.285 4017.01 295.365
82.0523 1.42811 1195.4 2236.79 1808.29
777.118 2449.24 2040.34 8.39891 87.1573
165.025 873.406 2750.16 431.198 132.935
16.1082 1867.26 227.35 3360.95 92.1888
2469.64 95.0456 520.618 652.876 1664.59
2119.77 396.657 501.127 91.168 1656.77
336.957 4689.58 56.7555 153.554 12.6299
90.8339 1471.61 5.74995 457.756 2766.97
560.778 178.617 507.755 3494 47.196
1095 1280.04 126.142 1859.85 715.287
36.503 18.113 3031.2 839.097 1122.96
1642.23 2476.69 127.044 117.207 498.422
748.816 728.595 282.349 3254.58 101.261
27.4323 3836.62 1069.89 132.785 155.118
1396.62 1086.6 291.921 302.248 1830.82
3137.4 0.510069 107.609 1710.09 570.027
295.132 842.568 821.015 2609.4 38.2775
1011.45 89.5748 45.6228 3610.3 751.644
893.133 823.388 10.6932 374.06 3071.62
1125.19 639.983 1149.78 948.16 1051.95
1217.81 3077.95 634.894 300.083 97.8714
52.9087 1536.41 862.72 2815.78 244.712
287.42 1963.37 147.78 312.031 2009.82
24.4006 0.0219162 49.0107 3968.85 894.489
1770.11 7.00397 2507.02 0.0998812 218.324
0.224702 805.903 2480.26 1111.47 859.951
406.861 2891.65 462.86 316.091 1489.22
1605.7 1165.88 182.117 1004.06 1321.84
3743.53 48.2492 1068.93 400.192 57.2386
69.8395 784.231 1252.37 260.29 2920.62
3627.13 55.7548 486.689 38.2957 475.241
83.9556 3956.3 618.182 6.01283 377.648
617.596 1331.24 127.786 128.117 2484.65
18.0533 16.5921 3826.42 1155.69 69.0985
1291.76 1574.14 2.70963 281.167 1854.41
60.4937 2958.2 555.62 1307.13 182.872
1257.78 365.705 177.758 2673.5 671.073
433.159 830.177 3.20943 2643.25 1259.34
1194.16 1296.31 994.866 700.466 490.706
552.824 1442.77 1488.66 133.763 1221.78
780.187 790.163 55.0555 126.514 3269.66
2302.09 665.486 386.168 1377.49 72.6263
480.551 3238.43 276.528 629.275 28.6493
3547.21 872.372 461.737 8.1957 3.7265
0.000103596 0.210838 4546.47 633.67 128.604
1080.08 617.163 2603.4 359.886 368.515
88.6079 2040.32 1661.76 23.4325 801.188
456.77 1695 25.5733 1175.89 1610.48
168.202 3713.11 27.2125 560.107 1065.49
13.9672 843.712 932.763 3006.45 126.011
2354.02 1592.29 137.939 27.4983 750.764
4332.91 32.5888 873.842 3.05202 198.379
0.432097 4.04646 2.36655 4563.67 498.328
399.768 1351.24 792.76 64.5062 1919.57
2139.41 504.973 1080.76 1515.02 18.3622
528.236 1097.68 159.06 1556.36 1429.22
202.397 836.331 2172.03 1965.63 2.02895
522.499 133.262 366.635 1584.78 2596.31
1423.08 267.638 42.2514 1324.68 1568.46
273.849 33.7439 435.3 3933.18 449.229
3396.12 366.711 99.775 873.083 101.282
1649.46 728.96 869.403 549.119 1582.36
2015.6 2303.36 176.166 92.6114 301.378
195.229 176.004 4151.07 294.693 25.1248
20.4267 3455.08 1157.11 39.898 328.143
1130.58 170.491 1992.57 727.379 1241.91
162.344 1683.77 90.6864 976.818 1984.62
0.778436 3984.63 939.963 145.578 19.7659
1084.18 67.7608 3798.9 381.824 3.9959
2055.38 986.933 170.436 1847.07 4.37968e-06
4378.9 14.6839 15.3172 2.3769 239.414
1446.77 1368.39 2344.28 264.188 21.2905
914.12 3286.08 255.007 20.8987 921.173
782.65 393.051 3468.79 71.6023 502.745
0.708972 10.0092 2990.15 366.811 1737.89
3673.46 126.482 294.19 672.396 42.6778
8.05024 444.018 1523.43 1450.47 1647.83
2844 1054.59 61.0074 820.451 52.6554
0.357428 3341.27 917.674 8.95063 1128.9
487.787 1012.5 548.436 2483.72 741.633
7.24962 3884.28 2.83976 275.002 449.037
1162.07 467.361 101.78 2322 361.271
69.1824 29.9502 3774.09 136.217 657.746
999.345 653.762 308.281 374.493 2829.28
696.271 2004.91 947.934 261.539 951.175
188.518 2.19488 326.812 1882.81 2795.46
1794.08 667.591 11.227 144.796 2701.56
375.052 1227.09 229.223 3321.18 116.949
1685.65 457.475 717.489 1866.93 222.204
1462.61 1196.51 1265.53 847.771 243.248
2.46787 2055.4 1954.21 461.216 480.644
149.787 2073.55 694.394 1481.72 804.192
0.0109247 0.0163168 5085.38 61.6223 259.586
338.369 985.361 2900.2 473.62 128.275
1189.07 252.43 861.713 722.164 2353.31
1364.72 153.723 2233.2 993.946 455.626
3767.72 34.8709 539.844 141.589 235.315
14.2806 3300.86 898.44 718.944 0.00873977
1583.41 91.6142 854.734 314.703 2126.35
402.519 2180.98 59.7069 1780.1 872.354
2488.89 1106.45 82.4641 188.2 695.179
3457.41 569.682 499.458 86.967 523.716
2.57063 4573.57 1.56922 5.32657 93.7087
683.971 0.174013 11.1914 2839.53 1197.89
536.381 2491.76 16.2666 1832.77 288.947
515.01 898.444 2246.45 498.262 1118.75
1133.23 533.89 425.824 2956.81 54.3519
1491.87 523.591 22.2006 900.427 1781.96
24.6543 3.43465 4260.12 10.6064 16.8614
707.161 13.629 3914.58 0.0297696 145.363
241.822 4748.01 23.8685 223.592 4.3858
1245.29 2709.93 297.297 69.5659 430.725
1823.42 596.168 485.334 1496.44 354.817
793.678 1583.43 195.337 882.426 1182.02
2035.23 221.56 1439.84 1524.46 104.29
0.0407141 352.365 1890.71 1583.01 1560.46
53.2375 2503.88 40.2873 220.721 2101.62
1.82567 780.089 0.00106929 4187.44 602.434
2.75264 28.1085 14.6758 4406.99 0.35283
316.783 803.896 3373.53 743.982 50.3491
1563.74 465.899 1455.07 709.83 970.642
248.999 3690.74 448.648 24.7522 534.846
6.62187 2.27063 1177.35 2547.88 1041.21
219.668 1254.14 5.70101 1531.23 2251.79
416.529 604.602 1029.06 460.16 2394.17
125.567 1618.46 103.733 673.84 2271.89
1576.82 8.67094 52.6776 3290.7 515.306
19.4988 4284.93 43.3326 6.62872 1097.84
2651.54 823.687 39.8802 125.93 813.366
1209.05 679.144 72.7955 1291.89 1344.57
1456.27 161.078 3392.84 84.1879 359.666
0.0858297 238.399 1057.75 2041.73 1991.44
2256.95 2331.15 0.302511 91.7628 37.0279
100.58 118.862 3958.41 4.71825 1243.38
0.000450621 0.000156879 0.00182724 3116.52 1210.07
73.5492 77.4838 3628.29 5.16658 1273.31
2795.79 446.622 735.727 198.655 171.824
1250.92 2722.96 84.0515 680.326 163.56
505.612 1913.31 0.0344191 2730.33 59.6811
3801.08 368.427 10.7934 51.8678 212.401
51.1339 6.83852 1033.57 1702 2645.74
137.642 460.801 2197.77 198.038 1797.29
2611.71 758.009 13.1629 1106.57 293.311
3.50523 2.06732 2777.08 1395.07 326.391
1014.91 589.931 1871.89 619.791 728.668
242.957 3787.5 22.1696 48.2504 123.909
1230.84 17.5584 808.816 306.538 2621.49
786.316 698.074 627.844 968.782 1753.61
14.2463 1943.21 2841.47 704.456 388.88
2823.02 152.794 438.883 12.6347 1088.18
9.26495 2.21836 215.444 3580.73 809.218
4185.63 158.054 42.2877 876.813 48.6817
19.8962 2156.7 1787.88 767.499 323.967
873.178 3738.53 65.3121 37.685 0.605696
25.5121 1795.91 1.1363 2713.72 0.625746
396.471 0.0524628 2.0336 1498.09 2719.47
1.07495 0.000754167 141.172 4281.42 12.9161
23.8904 327.274 2919.03 1462.37 59.368
181.506 3383.1 199.777 1015.83 28.9437
145.427 276.647 2197.81 980.149 1327.17
0.0189834 0.147237 0.123893 4635.18 0.00190136
1514.1 807.055 67.5935 1460.7 1290.08
89.3427 13.6236 452.396 173.012 3512.65
1617.58 2426.25 202.451 19.1244 405.897
1.32903 15.2879 2.62662 4349.81 383.88
3267.3 83.3446 4.8239 159.613 1091.56
1330.99 1959.1 1208.01 503.904 337.123
620.42 833.08 1024.99 1197.72 780.211
94.8017 8.47314 1095.94 2578.6 915.439
595.871 1990.26 620.709 802.012 1170.6
435.818 1827.16 219.123 1673.9 460.647
86.6044 1714.66 655.081 1502.13 1059.05
134.324 248.686 1740.3 178.504 3126.1
967.749 111.428 757.034 3743.33 0.653169
3074.3 19.2097 923.384 302.92 812.51
329.249 136.575 1396.55 2785.79 562.417
733.618 2341.07 1392.52 191.162 113.314
2053.08 233.93 1820.72 618.103 210.017
870.506 457.712 351.966 3039.15 65.1453
4.96759 2.36322 3.14737 2686.01 1878.41
823.66 1778.49 90.565 1668.62 294.533
10.834 1993.58 256.678 126.628 2498.67
75.3648 927.405 443.32 737.807 2250.81
1539.31 10.6688 322.284 2019.47 1421.63
36.3545 13.5871 1184.79 734.422 3043.05
65.0692 2654.11 1122.49 1149.7 315.604
8.74618 3526.64 53.1366 1217.99 87.2635
812.221 1181.72 588.354 2493.08 252.361
1524.75 1803.86 324.772 544.09 1001.68
3.94489 0.622226 287.477 428.262 3544.84
1856.9 1119.28 1301.05 907.697 143.411
19.6988 2415.37 893.276 1152.28 196.613
1060.95 253.746 850.765 1907.93 1036.55
159.526 56.3461 2040.63 2761.36 16.5879
20.4613 944.571 144.875 3944.36 9.97009
181.069 571.316 3602.64 12.0694 522.678
115.811 113.239 2145.6 1042.41 1158.65
1.42461 11.3963 837.716 1418.74 2605.01
708.046 1559.94 48.6953 1056.16 1141.88
46.3982 75.0346 4.90996 4596.87 47.2152
93.9329 154.122 859.867 4303.16 0.0133206
2.57097 0.579573 3415.95 34.9989 1274.51
204.06 0.239843 3155.71 12.7878 1319.69
156.439 620.818 238.434 605.924 3021.59
0.170579 0.00105872 1592.82 1462.15 1151.65
1796.3 39.347 1040.75 1942.2 682.662
374.33 3458.16 1225.6 0.0531283 20.7313
390.434 393.923 422.982 2371.61 1169.56
375.217 1649.9 510.596 561.035 2072.91
500.507 1317.51 1742.42 1008.22 1133.73
210.879 968.574 2152.42 834.152 308.47
76.0415 52.9715 4520.38 3.30511 281.837
517.631 132.594 469.59 3551.18 0.257855
173.621 1461.47 2966.22 8.06365 168.891
0.264065 2560.2 1484.4 154.685 1055.82
5.49711e-10 1.41319e-08 1.13259e-09 2.08537e-06 3841.9
202.287 4028.82 1.02432 46.8441 884.676
820.733 3556.97 545.28 177.17 146.764
273.772 259.394 3435.03 688.658 130.716
752.243 1873.44 1565.96 448.349 216.318
553.544 385.464 1836.49 1688.36 558.963
3.76483 3371.38 316.922 505.831 507.552
84.0596 52.037 1870.76 1731.88 817.353
0.033869 2590.07 1586.89 446.709 178.347
75.0948 2172.92 1586.37 1609.43 0.726522
659.313 81.8167 114.011 1058.15 2965.75
1236.24 1432.3 109.143 809.47 916.06
3166.43 640.512 205.555 555.215 110.625
907.742 205.021 2215.39 149.373 1199.09
11.0731 3776.26 168.118 815.511 165.646
818.415 953.209 1540.19 1352.08 740.145
93.5736 2238.95 694.703 0.308716 2088.74
15.3743 1663.1 1353.03 595.823 1418.26
83.5093 1.03411 1187.17 893.689 3098.25
2719.16 255.116 1701.54 172.731 168.113
16.8411 21.4783 4039.43 0.56684 497.532
3.07749 793.701 12.932 4240.31 0.801956
4165.99 14.6945 138.545 92.5444 537.973
2203.39 1228.75 72.565 248.821 1445.8
51.6741 272.543 3927.38 752.453 25.6746
919.453 184.533 9.46649 637.528 2775.63
366.205 2145.11 660.101 402.787 462.863
327.172 299.432 3006.4 562.075 929.01
2624.15 333.456 1037.17 5.92866 960.664
2732.53 0.30886 700.087 1130.49 308.389
0.251777 321.498 3.74432 964.016 2856.97
584.116 2683.45 4.06282 1322.22 20.4219
47.9424 190.327 4026.11 3.80739 1007.97
269.602 171.028 4221.52 3.46229 370.688
694.784 2282.12 535.649 128.086 1320.6
68.3178 1.22339 121.779 2508.24 1946.03
583.033 3103.71 126.734 241.429 1037.23
0.0944773 2.72302 4.73759 4400.44 534.677
26.465 1.76242 42.6469 1623.64 3456.26
570.174 1804.94 265.684 1062.04 807.814
253.329 224.16 24.5835 4207.44 147.213
87.0082 0.0752296 1207.82 2892.02 748.419
62.4914 3655.78 582.36 200.544 53.8188
990.778 1234.69 152.64 2800.44 101.808
641.399 947.413 60.1234 3137.38 836.242
516.471 9.54768 2388.05 1093.11 932.175
601.509 417.837 1916.34 1631.61 19.73
1201.65 1031.95 2375.64 281.939 62.1726
118.397 670.57 39.0705 2418.09 1229.9
948.559 194.952 2589.61 402.294 664.468
3637.67 147.83 125.514 670.554 407.855
100.251 23.57 3066.41 1498.06 14.0838
229.306 83.7295 2846.98 274.626 1455.79
51.3485 7.38478 968.681 1331.25 2913.13
3163.59 2138.11 212.463 7.40841 227.942
698.752 4194.37 52.1522 1.39022 36.9725
49.4951 577.177 3665.92 394.389 5.63781
631.196 21.7937 525.522 2906.08 832.146
0.149896 0.175233 4079.56 7.82108 407.624
206.909 116.136 239.675 477.231 3809.46
112.285 112.464 4226.26 10.2778 316.855
4362.13 38.3576 29.7707 1029.15 21.3391
0.728472 631.309 112.402 2400.36 1634.65
159.372 2660.48 380.581 0.0468569 1885.99
248.257 0.261547 518.904 1004.75 3133.56
288.841 956.242 373.729 2634.57 52.8386
54.5389 60.3391 3650.53 384.66 10.3621
553.575 328.915 565.561 700.817 2851.04
566.587 4256.08 135.886 3.3736 0.302938
312.014 207.628 364.553 3344.74 947.903
169.107 3856.5 13.0152 352.115 123.557
2154.27 1048.73 36.81 504.632 773.495
181.945 49.2219 2457.32 2534.73 4.63739
424.988 448.212 1722.38 1477.41 907.377
1020.24 2867.41 95.0125 197.596 435.853
26.2403 5.12082 1534.81 3647 26.3901
424.324 1285.72 960.021 355.674 2124.99
167.843 233.688 736.498 1770.59 1591.45
641.329 1528.25 314.023 1441.95 831.179
701.978 856.863 658.339 2394.09 385.341
230.175 56.8204 3994.03 1.00861 441.247
32.8911 134.642 3850.85 847.808 232.58
1235.36 1700.32 123.32 1605.88 366.343
