3 0.0369198
0.00243586 8.20885 0.339597
0.00879896 0.00806397 9.32574
0.00939066 0.062967 8.26804
0.0369232 6.23648 4.91697
0.577562 7.27329 1.84433
0.811546 0.128415 7.66882
3.62581 7.30491 0.167325
4.2909 8.25246 0.0645729
5.20592 6.8807 0.114336
5.52033 6.08558 0.0298638
6.08699 0.0872729 6.05131
6.96364 2.5256 1.60567
7.03973 4.85935 0.164835
7.30042 2.38272 0.252008
7.99689 1.13315 1.27241
8.03682 0.068723 3.59455
8.50167 3.88567 0.076929
8.88881 1.52772 0.08141
8.90756 0.995834 1.07952
9.22896 0.489853 1.61378
10.1099 1.26603 0.17933
0.00168765 9.40016 0.267866
0.00645596 0.812576 9.96693
0.0239674 0.14284 8.00659
0.0827291 0.0363943 8.95452
0.118108 6.0675 3.16786
0.854025 0.401623 5.63666
1.80199 0.686219 4.68291
2.04076 0.514152 4.01486
5.75181 7.51257 0.014191
6.78007 5.36755 0.163321
7.26297 4.45585 0.236162
7.48717 0.382701 3.00133
8.49453 0.859437 1.62747
9.53124 0.367498 0.60095
10.068 0.0480823 5.65417
10.4654 0.130305 0.0231396
0.000468911 9.52588 0.248831
0.000518451 0.00732238 11.1705
0.0181383 0.021916 9.03825
0.0285736 7.42306 0.91018
0.051231 5.41273 3.31198
0.0972151 7.32457 0.568034
0.104935 8.17506 0.0781308
0.409468 3.25708 6.11469
0.743338 4.63354 5.80878
0.937317 0.34412 6.25234
0.939107 0.209022 6.99278
1.33579 0.00386681 11.2173
1.38297 2.91663 4.07043
3.4811 0.0213372 8.28127
6.43884 0.716991 1.63772
6.8592 6.35722 0.000344452
7.11178 0.00557672 10.5063
7.18265 4.53807 0.222324
7.91409 4.67141 0.184673
9.00101 0.610693 0.185793
9.12077 0.466578 2.56036
9.5327 6.3328 0.0292372
9.98835 1.93254 0.00417816
11.6931 0.04643 5.20893
0.00034565 13.3221 0.000715108
0.000927385 9.82874 0.00134852
0.00190257 8.55724 0.0192743
0.0623864 1.4882 6.51397
0.107043 6.59026 2.97311
0.152005 0.179111 7.69133
0.568974 0.521907 7.58934
0.844272 6.75997 2.90601
1.42322 6.8252 0.253117
3.55279 4.98232 0.801852
3.68958 0.00963597 8.03185
4.13367 4.36254 2.15153
6.11645 0.0637148 3.87846
6.15948 2.64214 2.58374
6.50332 4.45626 0.490781
7.14402 2.50935 1.55021
9.33423 0.00132559 6.29212
12.991 0.101459 1.23128
