1383 49.0568
2.06193 3.48001e-17 2.73088e-53 9.71487e-44 2.22942e-54 5.54072e-34 7.52127e-51 7.22468e-122
0.503665 0.867689 1.03505e-50 0.803574 4.22341e-47 7.62369 2.01769e-129 9.68663e-51
0.0165224 0.0434324 4.79407e-52 8.44273e-58 2.90408e-45 0.275603 0.031273 7.67519
0.0148326 0.624187 0.0836462 7.11444 4.46356e-43 1.2259 1.89123e-129 0.375195
0.00936671 0.0246222 0.710234 1.4301 0.0271633 7.26475e-47 1.93013 1.207e-304
0.00372122 0.000108916 6.8198 1.23906e-55 1.29592e-74 1.44711e-111 1.86667e-111 8.81209e-20
0.000638665 0.0268764 3.10002e-63 0.0215327 2.15259e-45 7.30878e-114 7.36735 1.34545e-57
0.00026667 0.298105 0.83352 0.547365 7.52513 3.96839e-181 1.20602e-95 0.426947
0.000253527 0.0299945 0.102759 0 2.4155 3.76151 0.250856 5.78696e-20
0.000239359 1.62369e-235 3.57588e-08 0.000481635 0.00388867 0.0107757 0.0138591 3.00446
0.000156893 6.11093 5.38575e-53 1.02292e-28 3.81903e-43 0 7.50536e-103 7.65645e-51
2.03103e-05 0.000156871 0.000287093 0.105536 0.548287 3.31153 0 2.64559
4.29679e-06 3.31873e-05 0 0.0107744 0.0863705 4.0842e-11 4.16681 5.22179e-51
7.02508e-08 4.11581e-07 0.000764877 0.00386719 0 0.00165443 0.0211018 3.59597
1.07585e-12 1.20267e-09 0.000660208 0.00333798 0.0176775 0 2.21098e-105 5.06951
2.97006e-13 3.32016e-10 0.000182261 0.000921503 0.00488016 0.0294751 3.67119e-105 4.99235
0.0946192 0.453597 0.634582 0.629344 7.27879 0.712171 0.826041 9.30734e-51
1.66019 6.7197e-89 6.64639 0.875212 4.31608e-43 1.46546e-111 1.89034e-111 0.174681
0.000690962 0.00181633 0.00543362 1.04845e-58 0.0417234 0.249814 6.61159e-131 6.91384
0.117393 0.30859 0.923161 0.124927 7.14604 0.699183 1.89153e-129 0.753995
1.04344 2.74288 0.393156 1.17471 0.754503 5.76058 1.79964 1.25384e-57
0.242077 5.30864 7.85495e-63 4.25638 2.23706e-46 1.16863 1.87636 0.181059
0.0535026 2.2515 6.29712 2.65332 2.36397e-46 1.52669e-111 1.20025e-103 0.18198
0.224907 4.9321 5.0936e-50 3.95447 1.49832 1.31131 0.922548 0.0116352
0.108513 0.186941 0.604376 0.254657 0.769046 6.13003 0.940739 2.2942
1.17027 0.0345528 1.20786e-50 0.4645 4.13844e-47 7.47032 1.9771e-129 9.49175e-51
2.03536 4.37678 0.646661 3.90064 1.45594 1.09973 1.08448e-103 1.1872e-57
0.385486 1.01332 1.48479 5.12893 3.40503e-43 0.93518 2.63394 2.74879
1.92988 3.32471 1.99632 0.553403 1.01897 1.88193 3.21611 2.6162
0.158189 0.415831 0.609305 1.37072e-56 0.840223 6.69738 0.759958 0.710971
0.944073 1.17329 1.7021e-42 1.20619 2.14882 0.279897 1.91883 4.86716
0.0957659 0.205932 0.5186 6.39398 0.507604 1.1052 0.208586 8.18969e-51
1.403 3.01697 0.0106965 2.66497 4.74761 1.16303e-97 0.88763 2.48569
0.267199 0.00788918 2.75782e-51 0.745745 0.882275 7.03258 1.86125e-129 8.93556e-51
0.763719 5.89876 5.24216e-53 0.757898 3.74726e-43 1.02917 1.0149e-103 1.91848
0.542806 0.123626 0.762421 1.71518e-56 6.82563 0.667833 0.221027 0.827905
1.63925 3.52499 0.468966 1.55353 0.98297 2.68717 1.03328 2.97393
1.36553 3.58957 5.57947e-50 2.37473 2.19896 1.83575 1.45243 3.62071
0.19786 0.520112 8.22537e-64 6.28473 1.47222 2.71903 1.83369e-129 1.17452
1.21139 1.50551 1.99357e-50 5.39083 1.88158e-46 3.55743 1.75943e-129 8.44674e-51
1.8942 3.26323 3.89265e-50 1.49698 4.52077 3.17386e-181 0.919433 0.734496
1.49802 3.64096 2.78572 3.86294 1.46364 1.34747e-111 1.65726e-129 0.000451691
0.0584914 0.153756 0.459968 5.51703 1.29238 3.53301 1.11694e-103 1.11922
0.773826 0.0228476 7.98683e-51 0.0986444 0.869151 6.92796 1.83356e-129 8.80263e-51
0.693012 0.861273 3.09095 2.62927 4.68401 1.0805 1.11653 4.52595e-59
0.340133 0.894105 1.31011 4.52551 3.00443e-43 0.825155 2.32405 3.09235
1.90591 7.71427e-89 5.32903 1.02827e-55 3.53697e-43 0.971416 1.55971 0.150504
0.15081 0.259808 0.411412 0.314989 0.667028 5.31685 2.56901 1.88343
0.0362011 0.0623655 0.201626 3.89049e-57 7.03564e-48 0.16807 0.00869099 7.43272
0.711881 1.87132 5.59813 5.1268e-49 1.95344e-46 3.69328 1.82662e-129 0.336554
1.38277 2.38217 4.00157e-50 3.07715 4.59938 1.31165e-111 0.425448 1.50262
0.0895045 0.23528 0.703851 0.59872 3.14674e-47 5.68019 3.8095 5.83286e-47
0.363767 0.452089 0.794688 1.78777e-56 0.229605 5.27826e-182 6.70045 1.28596
0.00149173 0.00320778 6.48063 1.17744e-55 1.23147e-74 3.38535e-181 1.77383e-111 8.11965e-51
0.833471 2.19094 3.21032 3.18382 1.67065e-39 0.874149 2.46204 0.956823
0.142207 0.176734 2.34028e-51 0.18169 2.10137 1.66503 0.0860998 5.87258
1.9965 8.08095e-89 4.55894 3.98628 2.0951e-46 1.09447 1.75729 0.0116504
1.35441 5.48205e-89 0.181451 1.09451 1.94985 4.61148 1.44066 1.71125
0.18064 0.311198 0.492789 1.1086e-56 0.67955 5.41666 2.61724 1.47564
0.00905136 0.3809 1.06532 0.448879 3.99926e-47 7.21909 1.22129e-103 0.18517
0.816829 2.14719 6.42343 0.871544 2.25964e-46 3.59258e-181 1.79483e-129 1.30515
0.853044 1.83436 5.65646 2.38338 1.50805 1.20967e-97 1.73197e-129 1.25945
1.32276 3.78707 5.82775e-50 2.48041 2.03182e-41 1.00077e-111 4.30739 8.25323e-20
0.526839 0.907611 1.43722 3.23325e-56 1.98191 2.09064 8.83695e-130 4.73778
0.338567 0.728046 2.24501 0.945947 2.8567 2.38498 1.22764 2.6805
0.357953 0.940948 2.81489 1.84851 3.91445 1.11632e-111 8.77629e-104 3.43761
1.39322 3.66234 1.90408e-50 0.499284 1.92364 0.754115 0.306819 3.49356
0.192447 0.505885 0.741258 0.567529 3.5399e-40 6.40018 0.446723 1.23466
0.866056 2.2766 2.51291e-50 1.95092 3.47555 1.96034 1.25738 1.64592
0.184615 0.318046 1.02824 1.98404e-56 0.129414 6.52199 1.72611e-129 0.790567
0.231943 0.609708 0.893387 0.684003 4.26639e-40 0.223234 5.30879 3.13081
1.66254 3.57509 4.06763e-50 1.56427 1.39368e-46 2.63496 0.558734 4.30584
0.718904 1.54591 2.33489 1.14702 3.46393 0.799056 7.87977e-104 3.69303
0.105966 0.278553 0.210872 4.1232 4.60995 1.06342 1.70743 1.08889
0.0343218 0.0902213 0.220421 0.671303 5.15609 2.18451 1.40116 0.279677
1.34785 2.89838 0.42823 5.85937e-56 0.763889 5.83223 1.75067e-129 1.22505e-57
0.686895 1.80563 2.64574 2.02566 1.87572 2.6613 8.41351e-104 3.94318
0.809729 3.27743e-89 2.26405 4.36862e-56 0.569538 4.34838 3.3076 1.00234
0.207144 0.445437 0.672772 0.330502 6.47976 0.633993 0.209827 1.24786
1.56218 4.1065 1.22156 3.65254 1.91969e-46 4.58583 1.93839e-129 0.000528313
1.65484 4.35007 6.76157e-50 2.87786 2.66485 1.2915e-111 1.01535e-103 1.15507
0.701412 5.41752 7.93619e-50 0.696066 3.44154e-43 3.42089 1.08149e-103 1.67512
0.358071 0.00317773 0.0479728 4.08028 4.56195 1.05235 1.68965 0.313172
0.756441 1.98845 2.91362 2.23075 2.06564 1.34166 8.18248e-104 3.8349
0.802593 1.72587 2.8134e-63 5.30993 2.74699 1.07689 3.03305 0.286228
0.674737 1.1624 3.75803 3.19671 1.68012e-46 4.01352 0.727352 0.680466
0.137984 5.80666 0.0186728 1.05529e-55 3.62991e-43 0.996944 1.6007 0.154459
0.064959 5.69363 8.4164e-63 1.03452e-55 2.77292 1.08705 1.07198e-103 0.260836
1.35664 2.91728 3.3192e-50 2.89363 2.70424e-43 1.81602 0.149826 3.67088
1.11922 4.5301e-89 2.02465e-47 0.896437 1.59699 0.269681 0.0465425 6.07409
0.17106 6.92377e-90 2.52847e-64 3.10792e-57 0.190509 0.450561 2.08483 6.03083
0.0749882 0.129186 1.54104e-51 2.71389e-57 0.166355 0.0938307 0.0271301 6.65842
0.558651 1.46852 2.15178 2.13402 2.13335e-43 3.0128 3.01104 3.12408
0.124368 5.23368 0.0168302 2.07703 1.31421 0.358219 9.66652e-104 4.53043
1.76393 4.63683 7.20729e-50 0.398947 2.42376 1.57426 9.60109e-104 3.29391
0.885219 1.90355 5.86981 0.79433 1.48853 0.625926 1.69334e-129 8.12947e-51
0.657496 1.72835 2.53251 5.69725e-56 3.49229 3.68387 0.667611 1.56523
1.35262 3.55563 0.01223 3.04701 1.15449 1.06285e-111 4.03804 0.669318
0.591897 1.55592 4.6546 4.57415 2.20929e-39 1.91526 0.349639 0.581224
0.405926 0.0029531 1.13502 0.96549 1.72001 4.0679 3.09425 1.7465
0.348475 0.916034 1.34224 4.63651 3.07811e-43 1.04512e-111 3.2573 0.987094
0.420662 1.70265e-89 1.1762 0.495597 8.39857e-44 0.271085 5.51531 3.25261
0.372774 0.979907 2.93144 5.65637e-56 0.737424 1.34274 5.20586 0.650833
0.00613974 0.134642 0.376857 0.320568 1.68483e-47 9.34689e-99 7.2802 0.184595
0.104819 0.225399 0.567624 6.99841 2.30842e-46 1.28063e-97 1.83357e-129 0.177704
0.13377 5.62933 8.18053e-50 1.28715 3.60981e-43 0.991423 2.28192 8.12649e-20
1.83204 4.81588 4.54113e-53 2.46136 0.318181 0.981636 9.68026e-104 0.970001
0.0318867 0.0838202 0.250752 4.8384e-57 0.0315597 0.0259909 7.03142e-131 7.35286
0.973565 1.67721 5.42238 0.733782 1.90741e-46 4.55649 1.92599e-129 9.24637e-51
1.06469 2.28949 3.45796 1.69874 1.51348e-46 3.61546 3.8726 1.33232
0.77148 1.65897 2.70434e-63 0.873983 0.480268 0.420323 3.54609e-104 5.96742
1.29096 2.77605 3.15851e-50 0.390104 3.43719 1.9387 3.31313 2.19163
0.973433 1.20978 4.34168 3.69318 1.39932 1.22466 1.68223 1.9982
1.51969 5.47087 5.85786e-50 1.03161e-55 1.34492 6.51552e-185 0.652902 1.85156
0.300676 0.37368 1.09521 0.474361 4.22629e-47 0.539834 5.612 2.2313
0.378954 0.814894 9.27162e-51 0.719812 3.78317e-47 6.82902 1.80737e-129 0.827784
1.6295 4.28346 6.65803e-50 8.32652e-56 0.255364 4.05108 1.02129e-103 7.67041e-51
0.474348 1.02003 3.14536 6.06915e-56 2.08763e-43 0.323757 5.03537 0.629519
1.8788 4.04012 6.47305e-50 8.0952e-56 2.16984 1.40934 4.7056 8.74255e-51
1.86666 0.0551141 5.22157 0.706607 3.49366e-43 4.38774 0.795169 8.9595e-51
1.94629 3.35298 3.99971e-50 3.10522 3.10424e-43 0.481416 2.0308 4.61704
0.703747 1.84993 5.53416 0.748909 1.9436e-39 1.01697 2.86429 0.552076
0.357084 0.767865 2.3678 4.56879e-56 5.55482 1.73399 1.05752e-103 1.20304
0.101218 0.174373 2.08007e-51 3.66316e-57 6.62453e-48 0.158249 0.104301 7.55183
2.00242 5.26375 8.32441e-63 2.69027 1.47835 1.29383 1.70763e-129 5.73056e-05
0.0100814 0.0265008 2.92516e-52 0.0227098 0.262654 0.0256986 0.00850526 7.27388
1.98771 3.42433 4.08483e-50 0.504512 4.44523 0.57902 1.56645e-129 3.14713
0.842447 2.21453 3.24489 2.48438 2.30049 0.901849 0.00465809 3.05114
0.197559 0.519321 8.07211e-51 0.343565 0.727542 0.86298 0.862476 5.70243
0.0010579 0.0231992 3.43268e-65 0.26228 0.0623677 1.60485 6.54744 1.28036
0.243219 0.639347 1.91264 5.66678 1.97472e-39 1.71191 1.04405e-103 8.08684e-20
1.6367 2.03409 5.9617 1.18246e-55 1.54158 1.41922e-111 1.74552e-129 0.16917
1.05229 2.76614 0.00951444 2.37045 0.898149 3.0585 1.3455 2.93784
1.30581 2.80798 3.19484e-50 1.22862 3.71036 2.09278 3.57644 1.23043
1.59408 4.19035 4.62532e-50 0.572775 5.03362 3.53391e-181 1.76552e-129 1.28384
0.730936 1.57179 4.84678 9.35212e-56 1.69126e-46 0.498886 2.10449 1.76068
0.560994 1.20635 1.82202 1.80698 3.21912 3.39572 0.615389 1.05026
1.64845 3.54478 0.523733 3.15915 1.17917 0.890676 1.43007 0.912006
0.774356 1.66516 2.51499 1.2355 3.73112 0.486003 3.33178 1.90469
0.135606 0.329594 0.996516 0.847671 4.46897 1.95997 8.44908e-104 3.95985
1.2789 3.10839 4.60323 1.03557e-55 1.32999 0.735409 1.60223 0.635896
0.743636 5.74365 8.41394e-50 0.737968 2.84325 1.37796e-111 1.76385 1.12486
0.336933 0.724533 0.107048 0.645713 0.241016 6.29058 1.06421e-103 1.98622
1.68665 0.0122704 2.30997 5.19661e-56 9.39765e-47 5.03328 3.82857 0.0120613
0.0320648 0.0842886 0.123506 0.122486 6.43759e-48 0.153784 6.5003e-131 6.79746
1.15864 4.47257 6.71218e-50 2.85684 3.3948e-43 1.98551 3.82488 0.0660364
0.0289328 1.21755 1.66793 1.27702 5.36376 1.01058 2.8463 1.60479
0.270495 2.08923 3.06054e-50 5.87709 3.90172e-43 1.32477e-111 0.311754 7.83199e-51
1.09931 1.89383 2.99892 0.4744 4.16909 2.35152 0.679917 1.16038
0.0573302 0.0987656 0.319307 0.0432102 2.4717 1.30346e-181 5.7811 2.29758
0.229084 5.0237 5.1882e-50 0.64248 1.18299 2.7195e-181 3.44288 0.649297
0.0480439 0.103312 1.17546e-51 0.091258 0.162575 1.14138e-182 0.144498 7.14893
0.555939 0.690919 2.47958 2.10922 3.75755 2.1194 9.13634e-104 4.28195
0.0404069 0.106217 1.00158e-54 2.06474e-57 0.821671 4.91965 2.37709 0.224325
0.0237631 1 2.28411 0.989298 0.625962 4.84754 1.4551e-129 0.93202
0.672303 1.76728 4.31766 4.36152 2.76657e-41 1.36267e-111 1.74427 1.26287
1.71562 3.68923 0.545076 3.28789 1.22722 9.84411e-98 3.57163 1.18245e-57
1.454 3.82212 5.94095e-50 2.52859 2.34143 0.917896 1.47378 2.52389
0.733445 1.928 2.12813e-50 5.75471 2.00859e-46 0.592492 0.196092 7.69916e-51
0.4043 1.06278 1.55726 1.19228 2.52481 2.99482 4.13339 0.50815
0.368938 0.635588 1.06766e-50 0.588624 0.458538 6.2114 3.00125 1.32417
0.982237 3.97566e-89 2.7464 5.29932e-56 3.24837 0.749332 2.9294 2.0491
1.32802 2.85575 4.65524e-63 1.24952 3.77347 0.314117 3.36032 2.35053
0.244338 0.64229 1.92144 3.70752e-56 2.27263 1.28185 4.9698 1.13344
0.279436 0.481399 1.55635 4.61118 3.0613e-43 0.0403611 2.334 3.54565
0.665801 1.75019 1.93186e-50 5.22396 3.46812e-43 0.537848 3.68721 0.605616
1.01025 1.25553 4.50588 3.83285 1.45224 1.33697e-111 1.10142 0.161782
0.609602 1.31087 4.04222 7.79969e-56 4.78104 3.35659e-181 1.67693e-129 0.668451
1.68813 4.43756 7.01783e-63 8.62608e-56 5.2876 1.50791e-111 1.8546e-129 0.739275
0.530784 1.14139 3.51959 2.99388 2.82078 1.0131e-97 9.27202e-104 4.34554
0.0216262 0.474251 1.32741 1.12914 2.01156 4.75742 3.75253 1.21169e-57
0.921015 1.98053 6.10717 0.826451 4.0862e-43 1.38741e-111 1.09075e-103 1.09298
1.1841 1.4716 1.94866e-50 3.43175e-56 2.10359 1.1865 4.60013 2.01722
0.348892 0.601054 1.58696 0.220751 1.94503 5.54681e-112 6.0564 0.546882
1.23555 4.76943 7.28249e-63 3.94617 2.7194e-41 1.33944e-111 1.71454 1.24134
0.136191 0.292862 3.3321e-51 0.901036 6.92061 0.677126 0.785392 8.84934e-51
0.893039 2.34752 5.73527 1.13756e-55 1.48304 1.36532e-111 1.74767 1.21763e-57
0.112225 4.72267 2.29555e-50 2.92102 2.70481 1.06035 0.431414 2.82031
0.140322 5.67961e-90 5.50782e-64 1.58477 1.77185 4.1905 3.18751 3.30718
0.678034 4.17824e-71 0.00217977 0.269008 0.812385 6.47549 1.78366 0.0882655
1.6033 3.4477 3.9227e-50 0.484487 4.26879 0.556039 0.184028 3.02376
0.389578 0.837738 9.53154e-51 2.57744 8.99613e-47 1.70086 2.13167 5.40702
1.53884 2.65103 4.45321e-50 1.89538 1.75508 0.688035 1.10471 5.34291
0.781436 0.00568493 2.185 1.85864 0.704225 5.3767 1.61393e-129 1.17361
1.85267 4.87011 5.37563e-50 0.665691 1.72593e-46 4.12296 1.74274e-129 8.36662e-51
0.442678 0.951924 1.08307e-50 0.134122 0.246956 5.67714e-182 7.20682 9.13159e-51
0.662239 1.74082 2.70586e-50 5.19601 2.68806 1.05378 2.96798 0.280088
0.548641 1.44221 2.11323 0.333411 8.65282e-40 5.59715e-112 6.11135 8.33977e-51
0.0656853 0.15965 0.482695 5.78963 1.35624 1.26645e-111 1.55762e-129 7.4779e-51
0.563903 1.48233 4.43445 8.55651e-56 1.54489e-39 0.808344 3.1601 2.57158
0.112815 2.47398 3.66063e-63 1.98359 3.53375 0.815162 2.13291 4.12003
0.0604903 0.130077 0.327572 4.03874 1.33217e-46 1.70162 2.90796 0.133338
1.11447 1.91995 3.22514e-50 6.19317 0.366587 1.39818e-111 1.78973 8.82264e-20
0.185658 0.399235 0.122415 0.18131 1.61537e-47 8.96152e-99 6.98004 0.176984
1.9374 5.09282 7.91607e-50 9.89983e-56 2.65355 1.28602e-111 1.01105e-103 1.9112
1.72411 4.53215 5.0026e-50 2.29052 1.76201e-46 0.519758 2.19254 0.605136
1.08169 2.84342 4.41969e-50 2.43666 1.89816 3.82631 0.28874 1.82571
0.56933 1.49659 4.47713 3.8084 2.00161e-46 2.5567 0.210934 2.41198
2.0518 5.39354 5.9534e-50 1.04844e-55 1.89602e-46 0.559286 1.43906 0.398715
1.07601 2.82851 4.39651e-50 5.49828e-56 3.37033 0.777464 2.18973 0.850994
0.292565 0.769063 8.48893e-51 0.104846 0.923791 7.3635 1.94883e-129 9.35603e-51
0.0455469 1.91671 5.36075 3.52036 2.19579e-39 1.90356 0.478979 9.01344e-20
0.0264079 0.203968 0.575066 0.489171 5.65759 1.21192e-111 3.77716 1.14463
0.3737 0.982341 2.39997 0.333845 2.94149 2.11059 4.09281 1.15177
0.0726816 0.191057 0.571557 0.375337 0.794821 6.33549 1.07181e-103 2.02606
0.0439967 0.115654 1.27659e-51 0.0991092 0.176562 0.0995876 6.71609e-131 7.02312
0.738589 1.58824 2.54467e-50 6.02216e-56 0.097599 1.54831 5.42105 1.86194
0.497236 1.30708 3.91019 2.56779 2.8758 1.03286e-97 1.47882e-129 4.43031
0.199855 0.429764 2.7377 1.10233 3.32895 3.51157 3.76133 1.29404
1.50873 1.87505 3.296 3.26879 1.23852 3.33802 0.201967 2.44211
1.1556 3.03773 4.72171e-50 2.60317 1.79391e-41 2.58674 4.47706 8.31795e-51
0.112569 0.193928 0.955816 1.78372e-56 7.09841 1.52056e-111 0.228788 1.36063
0.45133 1.18641 1.30956e-50 3.54119 0.445809 2.97325 3.18472 1.09566
1.1056 2.37746 3.87556e-63 2.10006 1.10374e-46 5.91152 1.8468 0.0913898
1.02837 2.70326 3.961 0.626591 1.62455e-46 3.88079 0.703298 0.0506372
0.228359 0.600285 1.79578 6.55712e-56 2.12401 2.51941 6.35151e-104 4.82671
1.57588 4.14251 1.23227 3.68457 1.93653e-46 1.07432e-97 9.8323e-104 4.60812
1.48846 3.9127 4.31884e-50 0.533415 2.43 1.50957 3.37168 3.20488
0.65307 1.12508 1.78159 1.05379 5.40037 1.25787e-111 9.8891e-104 1.03072
0.430425 0.741515 8.84541e-51 2.3919 8.34854e-47 1.06638 6.38438 8.71236e-51
1.22531 3.22095 3.55529e-50 2.76019 1.04582 1.90427 0.5506 4.24315
1.31841 1.63852 3.10861e-63 1.68447 3.00086 2.50533 3.13991 1.77227
0.924907 1.59338 1.90072e-50 0.234756 2.06842 1.16667 1.99377 5.05724
1.20559 2.07693 3.48883e-50 1.92346 1.92286e-43 6.52875e-112 2.81002 5.28248
1.5119 2.60462 3.10701e-50 2.59697e-49 3.35402 1.8918 3.23297 0.700547
0.124236 0.267154 0.823798 0.11148 6.37688 0.623927 0.206496 1.22805
0.583399 1.00505 3.24931 2.76397 4.92399 1.40422e-111 0.740463 1.41264
1.81038 3.893 4.42934e-50 1.70337 1.51761e-46 2.86927 2.21274 1.11409
2.0171 3.47495 4.14522e-50 3.21818 1.21935 2.22025 0.64196 0.600579
1.51483 3.98202 0.57077 2.05337 2.9771e-43 1.99925 4.53283 0.0119436
0.512953 1.3484 4.03379 3.43128 1.28075 2.36541 1.59521e-129 0.635877
1.20096 3.15695 0.0108587 2.70536 2.54893 9.15467e-98 1.36416 4.06902
1.30056 5.26411e-89 1.92239e-63 1.04169 0.388816 3.11887e-98 1.13158 5.75888
0.246192 0.529404 0.00187698 6.5939 2.17499e-46 1.20661e-97 1.79801 0.0119203
1.4298 3.0746 0.454266 0.0483657 3.81042 9.3345e-98 3.38673 2.369
1.25073 3.28779 5.11041e-50 3.25495 1.57213e-39 4.22982 0.31919 0.530607
0.0976188 0.209917 2.04032e-54 4.20611e-57 1.67384 3.58556e-112 6.79794 8.7764e-51
0.0135278 0.569277 1.59218 0.670874 2.02599 4.79157 0.963391 2.15875
0.394165 0.847602 2.61367 2.22328 2.22258e-43 2.20924 1.09264e-129 5.10412
1.29527 2.23142 3.53351 2.70536 3.21479e-43 1.46286 2.54812 1.43666
1.47811 5.98276e-89 3.37523 1.46188 2.47736e-43 3.11136 0.16089 1.56979
1.75442 4.61184 5.09056e-50 8.96486e-56 1.15136 2.12645 1.49251 0.0372665
0.352793 0.927385 1.35887 4.69396 3.11625e-43 1.41802 2.47001 0.959921
0.200099 0.344721 0.910164 0.126607 0.118704 5.98226 1.58327e-129 0.725144
1.19485 1.48496 6.17254 1.17371e-55 1.53017 1.1395 1.17749 0.172956
0.283568 0.745412 8.22787e-51 0.101621 0.895381 7.13704 0.809847 1.38213
0.538416 1.41533 4.23403 3.60161 1.88988e-39 3.57887 0.466807 1.29017
1.55739 3.34897 5.05817 1.13791e-55 1.46143 0.62332 0.722983 0.777148
1.77572 4.66782 0.440029 1.98909 3.17689 1.32827e-111 1.63365e-129 1.18795
0.203947 0.253465 4.80874e-64 0.907589 6.97093 3.67614e-181 0.22468 1.33619
0.168437 0.209333 0.751258 1.44959e-56 5.76872 3.04215e-181 1.51984e-129 1.83645
1.97791 0.0143893 0.264988 1.5984 0.111054 4.50364 3.4257 1.17857
1.20793 3.17526 3.50486e-50 0.434024 0.811229 1.83859e-181 5.2807 0.660189
0.109285 0.287275 0.859398 1.65826e-56 6.5991 0.645669 0.748906 1.27813
0.490792 1.05539 1.72041e-63 3.24706 3.84153 2.16677 3.70288 0.322786
0.241705 0.635369 9.8759e-51 0.420338 4.99491e-44 4.74028 2.29042 4.16327
1.56768 3.37111 0.0119521 2.97779 1.12826 8.92265e-98 0.855702 3.88526
0.0244797 0.536829 1.50257 4.45182 1.55384e-46 2.93777 2.26557 0.625292
0.303044 0.796609 1.16725 0.893679 1.06196e-43 3.60573e-112 2.83476e-104 6.19747
1.08106 1.34354 4.82172 2.44619 1.86463e-46 0.351507 1.54439 1.83447
0.00802009 0.337502 0.462347 6.46551 4.05643e-43 1.11408 1.78878 1.24627e-57
0.480635 0.828015 9.87725e-51 2.67092 0.336249 2.24256 2.40206 3.73161
0.664046 1.14399 1.36464e-50 1.05946 1.88741 1.32508e-181 5.68222 2.27061
0.723226 1.55521 4.79565 0.648971 3.20869e-43 2.74113 2.77309 0.534499
1.01726 1.26425 4.53716 8.75471e-56 4.28051 1.10627 1.14315 2.56156
1.16705 2.01053 3.18372 2.43755 1.5204e-39 2.87918 1.48202 3.23594
0.286656 0.493836 1.59656 4.73031 2.44713 1.18599e-111 9.32399e-104 4.36989
0.221922 0.477215 0.0705075 5.99694 1.97808e-46 1.03334 1.65914 0.160099
0.0792642 0.208361 2.29989e-51 0.0884458 1.73405 0.169663 4.0748 3.80322
0.32335 0.849988 1.24546 4.30221 2.22567 1.07865e-111 0.349875 2.91623
1.26672 2.72393 4.11412 0.650813 1.19833 2.21319 0.639919 1.09212
0.468003 1.23023 0.0730551 1.05587 1.88102 4.44869 4.12502 1.20028e-57
0.574425 1.50999 2.34706e-50 4.50701 2.06261e-41 1.01594e-111 1.30044 2.83947
0.245257 0.527393 0.161711 6.81799 4.27757e-43 1.45238e-111 1.14183e-103 1.24998e-57
0.251794 0.661888 1.98007 3.82065e-56 2.34198 1.32096 5.12145 0.735671
0.257325 0.553345 1.7063 1.45144 1.62638 4.9884 0.368676 0.96108
0.0254528 2.23093 6.23822 1.2037e-55 4.14041e-43 1.40581e-111 1.10522e-103 0.906871
1.29063 3.39266 3.19911e-53 2.90734 2.26482 0.887862 3.47096 0.255415
0.261396 0.450321 1.45588 4.31349 5.1032 0.664726 0.771009 1.31585
0.281215 0.604717 1.86471 3.59806e-56 4.37459 1.36557 4.55947 8.73624e-20
1.11212 2.39147 0.00847886 2.11245 1.11025e-46 5.94639 1.85769 0.012316
0.183428 0.445825 0.341103 6.66963 1.56238 1.45894e-111 0.956486 8.69746e-51
2.04058 2.53603 3.35815e-50 2.60714 1.37025e-46 3.27331 3.50612 1.20624
0.0615325 0.16175 0.237007 0.818697 6.28818 1.347e-111 0.436917 7.97235e-51
1.28611 5.2056e-89 0.172301 1.03931 1.85152 4.37893 3.33084 0.0205342
0.130632 1.00897 1.39334 4.81301 0.0224509 1.86884 2.59373 1.14437
0.0134571 0.0353746 3.90465e-52 6.87638e-58 0.273649 5.86188e-113 0.0309105 7.58622
1.18701 2.04492 5.39918 1.07089e-55 2.87042 1.39113e-111 1.7807 0.56322
1.47301 3.8721 0.0133185 3.3182 3.12635 1.12285e-97 1.67319 0.664059
0.878721 1.88958 2.85395 2.83039 1.07242 3.65194 1.60656 1.02456
0.102834 2.2551 0.302431 1.82426 3.24989 3.42818 1.50813 1.79139
1.17486 2.5264 0.37327 5.10737e-56 3.13071 3.30245 3.53734 0.0111438
1.61011 3.46234 3.36528e-53 3.05836 3.05739e-43 1.39124 4.64516 0.00136126
1.80683 0.0131446 5.05214 2.12875 1.36727 2.48959 1.07322e-103 0.0111797
0.123537 5.19869 0.0167177 9.44798e-56 1.21341 0.916539 4.3678 0.176022
0.0685641 0.180234 0.539178 1.04037e-56 4.14022 1.18859 3.96855 2.14733
1.14308 2.45806 3.71256 3.68192 1.93513e-46 2.47179 0.71469 8.05271e-51
0.410249 0.88219 2.72033 2.31401 4.12237 2.32517 1.00234e-103 0.0104414
1.79622 3.09444 4.90012 1.10235e-55 1.41576 3.25462e-181 0.697126 1.18976
0.255263 0.548911 1.69263 5.01494 3.32935e-43 0.914395 2.57539 0.496394
0.174999 0.675527 3.39097e-51 0.431491 5.93209 1.02788 0.418202 1.0181
1.58705 1.97238 4.8857 2.62859 2.00366e-46 1.0467 1.68059 0.162169
0.142466 5.99529 5.28532e-53 5.57304e-58 3.74781e-43 1.27251e-111 1.00042e-103 7.51368e-51
0.0429127 0.0739279 0.239007 0.708133 5.43897 0.53216 2.24486 1.87811
0.182971 4.01247 0.53811 1.60782 1.03268 1.88036 1.31978 2.8817
0.648906 1.70577 5.1029 0.690549 3.41426e-43 2.29283 3.91831 1.34804
1.1157 1.92208 2.29282e-50 1.78005 3.17115 1.78865 3.05669 2.90547
0.449362 0.966297 2.97968 1.25551 3.79154 1.08127e-111 3.36995 3.49647
1.12408 2.4172 2.75022e-50 4.84335e-56 2.96887 0.386715 0.448547 5.644
0.301497 0.792542 2.37093 4.57484e-56 8.27322e-47 1.31535e-181 5.83384 2.31854
0.40494 1.06446 1.65456e-50 0.145117 3.76614e-40 6.80924 0.475275 8.67225e-51
1.12477 1.39786 5.01665 9.67991e-56 1.75053e-46 2.78316e-181 2.16809 1.81389
1.95388 5.13614 5.66928e-50 2.18021 1.94244e-46 0.796015 1.5568e-129 1.13207
0.373552 0.803276 9.13944e-51 2.47141 3.81787e-44 1.63089 4.63714 4.77549
0.0123598 0.0954639 0.269151 0.797443 6.12494 1.06129 1.04658e-103 8.1064e-20
0.0472407 0.081384 0.263113 0.779554 0.403287 5.46297 3.66382 8.32183e-51
0.639679 1.37555 2.07758 2.06043 3.67063 2.07038 0.98862 0.13761
0.27465 0.721969 1.05788 1.04915 7.22993e-42 1.48118 5.18603 1.07195
0.464687 0.80054 9.54951e-51 0.118256 6.74696 3.55803e-181 1.77756e-129 0.0545317
0.908896 1.5658 2.63023e-50 5.05079 2.61293 1.26634e-111 1.62097 1.95012
1.4626 1.81771 2.40697e-50 4.23886e-56 2.59833 0.33845 0.112014 4.91145
0.422466 1.11053 3.32221 1.39983 4.22739 2.38441 1.60802e-129 1.16932
0.014705 0.0182753 2.41998e-52 0.0110803 0.0288916 0.0969629 0.241993 7.19307
0.906616 3.4997 3.18621e-53 2.23542 2.06996 2.93688 2.65182 1.94414
0.259416 0.681925 1.05995e-50 0.584374 3.0664e-40 5.54409 3.71823 8.4454e-51
0.634541 1.09316 3.53415 3.00627 2.07169e-41 4.24424 0.441455 1.2201
0.128285 0.27586 0.850645 1.64137e-56 1.00612 0.0837531 5.4503 1.74859
0.165241 0.00120213 0.000531239 3.00229e-57 0.184034 1.46693 5.98473 2.37949
1.70202 2.93216 3.49772e-50 2.7155 2.71464e-43 3.40936 3.65184 2.41568
1.27725 2.20039 2.62481e-50 0.325043 2.85652 0.37208 1.0066e-129 5.39673
0.299594 0.644239 0.973035 3.36117 0.833159 5.24494 1.6701e-129 8.0179e-51
0.53469 1.40554 2.18471e-50 4.19525 1.46193e-39 3.93333 9.91605e-104 2.66823
0.943104 2.02803 2.30743e-50 1.7914 0.0207776 1.20265 2.05526 5.21322
0.931418 2.0029 6.17615 2.60235 1.67146 1.53879e-111 1.89258e-129 1.32435e-57
0.127239 5.35448 0.717543 2.14394 3.63321e-43 0.997849 1.60215 1.11624e-57
0.405624 0.872243 1.42187e-63 0.77047 7.70227e-44 7.30962 1.23661e-103 9.28758e-51
0.458723 0.986427 3.04176 1.28166 3.87053 4.08286 1.72579e-129 1.25495
0.648295 1.57569 3.89068 3.40197 3.40089e-43 9.91921e-98 3.59887 1.19147e-57
0.135879 1.0495 1.4493 5.00634 2.58993 1.25519e-111 0.788112 3.41543
1.70396 2.93549 3.5017e-50 0.432491 3.81065 2.14935 0.621461 2.93035
0.544312 2.20313e-89 1.52193 0.641273 1.9366 4.58015 3.4839 1.96643
0.370638 0.797011 2.45767 2.09058 0.792106 6.04767 1.81534e-129 8.71516e-51
0.411963 1.17945 3.4932 2.97144 1.55921e-39 1.3517 4.51314 8.64747e-20
1.40897 1.75106 5.13217 1.01793e-55 1.32708 0.988263 1.58676 1.14883
0.0418195 0.0899276 1.02317e-51 0.0794349 0.141512 0.0798183 0.136405 6.74854
0.578326 1.24362 1.87831 1.86281 0.695305 5.38454 0.197731 1.0358
1.77743 7.19423e-89 4.96979 9.58949e-56 1.23159 0.930267 4.43322 0.00050243
0.163067 0.396338 1.19832 1.01933 1.81592 4.29474 3.2668 0.149792
1.43865 5.82301e-89 2.60249e-47 2.61381e-56 1.60221 0.270562 0.589472 6.31326
1.15146 4.44483 6.78686e-63 2.19336 3.18008e-43 4.49104 1.84343 0.0166621
0.380974 1.00146 1.58377e-63 0.963687 1.60494 3.79575 2.88725 0.874951
0.0169826 0.044642 0.133548 0.0562714 1.10325 6.60554 1.74823e-129 0.800695
0.362584 0.450618 5.96699e-51 6.53211 4.09822e-43 0.406173 1.09605e-103 1.09829
0.0165454 0.362832 0.497422 6.95601 2.29443e-46 0.432531 0.223381 8.7706e-51
0.997493 2.14498 3.2397 1.59152 1.41795e-46 3.38726 1.43177e-129 4.7013
0.668086 1.75619 5.25373 1.01374e-55 1.32161 2.40646 0.6958 0.650948
0.421037 1.10678 1.62173 5.60194 3.71906e-43 0.0490331 2.83548 1.10195
1.07131 2.30371 2.6211e-50 1.00798 3.04403 0.396505 2.71823 4.22279
0.0397139 0.104396 0.152968 0.151705 1.51657e-44 1.43926 5.87185 7.58079e-51
0.17378 0.456815 5.04233e-51 0.19391 0.585595 4.66776 1.23537e-129 4.05643
0.804464 2.11469 3.09859 3.07301 3.07204e-43 0.843726 1.35469 3.37707
0.414045 1.0884 1.20138e-50 3.24865 1.13389e-46 2.70868 0.490881 3.78294
0.0155193 0.0407953 6.45162e-65 0.121766 0.144059 0.0187646 0.128641 6.3644
0.306989 0.806979 2.41412 1.0172 3.07188 3.2404 1.36969e-129 4.49746
1.81868 7.3612e-89 5.08513 4.32558 1.61455 0.440084 1.85784e-129 1.30004e-57
0.432761 0.537834 1.93019 1.64189 2.925 2.442 1.20776e-129 3.61825
0.540609 0.931334 9.49075e-54 0.514414 7.45831e-44 0.20484 4.87135 3.92453
0.818376 1.98908 6.01392 1.16042e-55 1.51284 1.39276e-111 0.209559 1.19928e-57
0.14329 0.246853 0.651762 1.98497 2.34838 1.64871e-181 4.73533 2.07651
0.20518 0.00149268 0.573711 6.88131 4.3173e-43 0.427886 3.90065e-146 0.175065
0.436855 0.752592 1.19175 1.18191 0.920708 4.46215e-112 4.87208 2.86392
1.67316 2.88243 4.84191e-50 2.06082 1.90828 1.23945 4.13837 7.6887e-51
0.131631 5.53931 8.04971e-50 4.43797 4.43657e-43 1.50637e-111 1.18428e-103 8.89451e-51
0.269162 0.707545 1.09978e-50 0.468088 0.433441 5.87144 2.83698 2.40669
0.0911565 0.196021 0.493639 6.08623 3.81847e-43 1.11371e-97 2.7045 0.169004
0.380396 0.999943 2.44298 1.05811 3.19541 3.3707 3.61044 1.24213
1.46839 3.85994 5.99973e-50 2.55361 2.36459 1.53584 9.36671e-104 1.7706
0.722189 5.57799 8.17127e-50 3.47786 4.13276e-43 1.40321e-111 0.45515 8.30504e-51
0.963957 0.00701276 1.42488e-63 0.46049 1.18978 0.671083 1.14684 5.83653
0.0227097 0.0488343 0.150586 1.80618 5.97613 2.62097 1.12985e-103 0.0117697
0.899808 2.36532 2.61084e-50 2.02696 3.611 2.03674 3.48067 0.656424
0.54338 1.16847 1.13571e-53 1.03213 1.03181e-43 0.283383 2.79453e-104 6.10953
0.62102 1.33542 2.01698 2.00033 3.56356 3.75905 0.681235 7.67576e-51
1.24316 5.03178e-89 3.47596 2.95677 1.10363 0.979699 3.27663 1.84944
1.09679 2.35851 3.56221 0.563506 1.03757 3.58383 0.64948 1.10844
0.0753825 0.129865 0.419852 0.0569663 1.47696e-47 2.66606 6.26407 0.70976
0.740629 2.99774e-89 2.07084 1.76153 0.667432 5.09579 1.02456 0.000423222
0.155693 0.40927 4.51753e-51 0.350723 4.05635 0.396881 0.460339 5.79238
1.26193 2.17398 3.65186e-50 2.32597 3.8141 1.45772 3.52441 1.06804
0.184935 0.318597 0.841187 0.117321 0.216021 4.96599e-182 6.30405 1.20989
0.865652 2.27553 3.33427 3.30675 1.2529 2.28135 0.659626 0.617106
0.990057 1.23044 4.41583 3.75626 1.9742e-46 1.21204 1.66489 2.14671
0.627182 1.64867 2.56262e-50 4.92095 2.54576 0.997999 0.406046 2.65447
0.931157 1.60415 5.18619 0.703672 1.8244e-46 2.33035 0.673794 0.724274
0.14703 0.567563 1.63933 4.85702 3.22451e-43 3.20516 1.64982 7.88605e-51
0.164422 0.283258 0.915769 1.76703e-56 7.03196 0.688021 0.798029 8.99173e-51
0.604359 1.58867 4.75259 2.38423 1.32222 2.40756 1.62363e-129 0.647208
0.0920333 0.710841 1.04132e-50 0.5741 6.63986 1.15052 0.468098 0.422627
0.0905181 1.98502 2.93714e-63 5.54348 1.93486e-46 3.07622e-181 3.89448 0.339488
0.00436115 0.183526 0.513295 6.15666 2.03077e-46 1.06087 1.70333 0.164363
1.72802 2.97695 4.71408 1.0605e-55 3.64785e-43 0.565721 1.53047e-129 0.61007
0.542206 2.19461e-89 9.80844e-48 9.8511e-57 0.603851 1.42813 1.08631 5.52849
0.164464 0.432326 1.29332 2.49554e-56 1.52971 0.862816 3.71944e-104 6.25914
1.0594 1.82509 5.90047 1.13853e-55 2.05894e-46 1.3297e-111 1.63541e-129 2.28659
0.141726 0.304764 0.939772 2.78437 9.71839e-47 1.24135 4.81278 1.09763
0.632759 1.36067 1.54813e-50 4.18631 1.46117e-46 2.76256 3.46229 0.050252
0.745647 1.96008 1.72823 0.347177 3.05103 3.21841 0.583257 2.75021
0.0633795 1.38988 2.05654e-63 1.11438 5.85695e-47 3.24924e-98 7.17136 0.186905
0.307708 0.661688 2.1011 1.78149 0.158788 2.519 1.81376 2.75534
0.681473 1.95106 3.00241e-50 1.65529 1.28947 0.837527 2.79639 5.25687
1.53537 6.21449e-89 4.29298 8.28355e-56 5.07764 1.44804e-111 1.19291 0.0120387
1.93197 2.40105 3.17941e-50 5.59919e-56 0.719108 0.30671 2.10265 5.33342
0.0874239 0.187994 0.473426 0.205051 4.02019 3.18542 1.2806 2.78722
0.88667 1.52751 4.93841 0.668289 0.626575 2.23444 0.646064 2.12004
0.212783 4.66624 4.81903e-50 3.74131 1.96635e-46 0.0423533 3.95795 0.103924
1.63082 2.8095 2.86302e-53 0.261234 3.62953 3.0302 2.73608 2.00592
0.313104 0.823055 1.206 4.16589 1.03263 2.37386e-181 1.18596e-129 3.89419
0.15028 3.29556 4.87629e-63 1.30886 3.95266 1.12721e-111 1.38637e-129 3.04033
1.13072 2.43148 3.67241 0.58094 1.06967 2.45901e-181 3.1131 1.07102
0.682591 1.17593 1.97533e-50 1.08904 1.94012 2.30128 0.944607 4.56857
1.02171 2.68576 3.93536 3.01303 1.87934e-39 2.31095e-110 9.55734e-104 0.474973
0.796702 3.2247e-89 2.22763 4.29833e-56 2.63479 6.23138 1.19565e-103 0.181281
0.662292 0.00481815 1.85186 3.57326e-56 2.19033 5.18023 1.55496e-129 1.85509
1.85689 0.0135089 1.91576e-50 0.887054 0.480199 3.71873 2.82866 4.00926
0.870449 1.49957 1.78881e-50 1.38876 2.47406 0.322263 0.373789 4.70334
0.0241791 0.051994 5.05365e-55 1.0418e-57 0.414591 0.119023 1.75053 6.57867
1.41786 2.44261 6.58862e-52 5.13134e-56 6.23878 1.45315e-111 0.768813 0.88311
0.483664 1.2714 3.80346 1.60261 4.83977 0.630412 1.70548e-129 8.18774e-51
0.366128 0.962438 2.87918 5.55553e-56 0.724277 2.46641 1.04253e-129 5.58934
2.02286 0.017952 4.61931 3.11817 1.94806e-46 0.367235 1.5503e-129 0.15025
0.822663 1.76903 5.45501 2.76748 2.10953e-46 1.10201 1.76939 0.170738
0.363245 0.882874 2.66934 2.27063 0.847528 2.92741 1.28783 2.81192
0.322852 0.694253 6.74792e-54 1.39108e-56 0.8527 0.325897 4.79315 3.86153
0.171605 0.369016 1.1379 3.37138 3.98862 1.52443 1.51374 0.965363
0.275914 0.593319 1.49416 4.55052 1.12797 3.89608 1.64684e-129 1.19754
1.50425 3.95421 6.14626e-50 3.38855 2.33513e-41 1.54144 2.685 8.06586e-20
0.0847617 0.222812 2.10101e-54 0.665051 0.344051 4.66056 2.2519 4.09326
0.770562 2.02557 2.23583e-50 1.73581 0.647901 1.48942e-181 6.60589 1.36543
0.611976 1.05428 1.66948 3.75575e-56 2.30219 1.29852 5.03444 1.14819
0.153739 9.4738e-72 0.351057 0.236974 0.501821 6.05731 1.01673e-103 0.154155
0.352558 0.926765 2.77246 2.35835 4.20137 1.02922e-97 1.47361e-129 4.41469
0.747269 1.28736 4.162 0.563222 4.96252 0.646401 0.749754 8.44779e-51
1.03411 1.78152 2.12514e-50 1.64988 2.93924 2.45389 1.15429 4.106
1.33415 2.2984 6.06844 1.20364e-55 2.17668e-46 1.40574e-111 1.72893e-129 0.791858
0.230093 0.604843 1.80942 5.36096 1.87116e-46 2.97494e-181 0.637219 2.09102
0.614241 1.61465 1.78225e-50 4.81942 1.19463 4.1263 0.74779 1.27622
0.39906 1.049 1.53708 5.30954 3.52493e-43 0.96811 0.393885 0.0135905
0.870484 2.28823 3.35288 2.56707 3.05046e-43 0.0588238 4.4582 8.28291e-51
1.05094 2.55432 0.00887961 1.09584 3.30937 0.763402 2.9844 2.08757
1.34015 5.42434e-89 3.06019 2.67579 4.7669 1.16776e-97 1.06875e-103 0.0217863
0.69414 1.49266 2.39153e-50 4.59241 2.37579 1.15141e-111 0.270958 4.24779
0.0767742 1.68362 2.49118e-63 1.3499 2.40483 5.68753 1.70724e-129 1.24146
0.532051 0.661232 8.75589e-51 0.108143 6.18599 3.2622e-181 2.54127 2.12609
1.19421 3.1392 3.46506e-50 1.33254 1.18722e-46 2.83607 3.03778 1.04511
1.88655 4.58531 0.664257 9.08887e-56 1.64365e-46 3.92641 0.203037 7.97183e-51
0.507626 0.874512 2.82728 0.382601 9.94541e-47 1.27035 4.92521 1.12327
0.493171 1.29639 1.89957 4.66946e-54 2.61948 0.604259 3.26224 3.16093
0.398575 1.04773 1.53521 1.52254 2.71238 0.62569 6.17014e-104 4.68889
0.557279 1.46491 1.61697e-50 1.25536 1.91936e-40 1.57612 5.9144 2.35056
0.668764 1.43809 1.63622e-50 4.42452 5.23456 0.681836 1.8446e-129 8.85564e-51
0.589308 1.54911 3.78465 3.30925 2.57791 1.24936e-111 1.59924 1.92399
0.0236556 0.0100622 3.79975e-65 0.0205898 0.238135 1.25581e-182 0.0076753 6.56408
0.677423 0.8419 3.02142 5.83001e-56 3.57367 2.98356 3.73926 1.28645
0.57236 4.42076 6.47602e-50 3.57036 3.56923e-43 3.54782 1.12162e-103 0.557413
1.54672 5.97062 8.96036e-50 1.12058e-55 3.85451e-43 1.30874e-111 1.0289e-103 1.94495
0.118868 0.918101 1.34494e-50 1.68198e-56 6.6935 1.15981 1.14373e-103 1.14606
0.0243358 0.0639713 7.06117e-52 0.190942 6.66452e-48 0.159205 0.00823256 7.04066
0.833354 1.79202 5.5259 1.06625e-55 3.66763e-43 1.66892 0.419939 1.06337
0.771193 2.02723 2.97044 2.94592 2.29487 0.899644 8.8717e-104 2.38722
0.357337 0.93933 1.03683e-50 2.80371 3.31702 1.87092 1.94621 4.46608
0.0777537 0.20439 3.23235e-64 0.0867603 1.47027e-44 0.0228015 6.16858e-131 6.45058
0.427435 5.18429 4.58458e-53 9.45106e-56 2.53326 1.64539 0.300373 1.89926
0.0795986 0.098925 5.39938e-59 0.354224 2.72069 1.15269 1.96988 4.99666
1.79119 3.08577 3.68097e-50 0.454632 4.00574 2.25939 0.653277 2.14371
1.58295 4.16108 4.593e-50 1.76631 1.57368e-46 3.75927 0.194394 2.22285
0.788567 1.3585 3.58684 3.13629 2.44317 3.46639 1.78428 8.52879e-51
0.0354484 1.49174 2.1678e-50 0.922658 5.75498e-40 3.72265e-112 7.05786 9.11197e-51
1.45217 3.1227 1.08474e-52 2.75835 4.91397 3.44991e-181 0.738956 2.0956
1.70943 4.49357 4.23721e-53 2.9728 2.43516e-41 1.60747 2.80001 8.15605e-51
0.205243 0.441349 0.344396 6.73401 4.22489e-43 0.849432 0.146598 1.24458e-57
0.0410304 0.0706852 0.228524 0.677073 5.2004 2.20329 1.48587e-129 1.08049
0.705427 1.51693 3.82009 3.34024 1.26559 1.10763 1.52147 7.27254e-51
1.4824 3.18772 5.1964e-63 2.81578 2.19349 0.859901 0.253825 3.97919
0.506988 2.05206e-89 7.49388e-64 0.406072 0.723412 0.408032 4.24182 3.41736
1.33557 2.87197 4.60145e-50 2.53687 1.97622 3.98367 1.63517 8.06073e-20
1.74635 3.00852 3.58881e-50 2.78622 2.78534e-43 1.87048 0.540827 4.16784
1.84419 4.8478 5.35101e-50 0.662641 4.99782e-40 3.24818 0.688765 7.7606e-51
0.158639 0.341132 1.05192 2.02974e-56 3.67062e-47 6.62585 1.7536e-129 0.803156
0.952895 0.00693229 2.66442 2.26645 4.03765 2.27739 2.60488 0.0111838
0.239275 0.514531 0.777129 2.68444 3.17591 3.35014 0.60713 1.99228
1.45893 3.83507 1.99388e-50 2.53715 2.34936 0.921004 0.374719 2.44968
0.234117 0.29096 1.0442 3.09377 3.66018 3.05578 0.647967 2.12628
0.140186 0.00124409 0.0187816 1.59745 0.379858 3.00403e-98 6.63017 1.24766e-57
1.03734 2.72684 3.0099e-50 0.37273 3.2756 1.84756 0.534201 4.11678
0.779951 3.01075 4.51836e-50 1.4857 1.67854 0.658029 6.48905e-104 4.93124
0.013432 0.294558 0.824457 1.59084e-56 0.975148 0.814125 6.20688 0.0111144
0.901171 1.55249 4.09903 3.58414 2.79204 1.35314e-111 1.73208 1.10461
0.243352 0.639698 1.01166e-63 1.90937 2.25894 0.294242 2.01717 5.1166
1.42409 5.76408e-89 1.95032 1.15359 2.98057 3.14408 0.162582 1.5863
0.343784 0.427254 1.53334 1.30431 2.32361 5.49544 1.05444e-103 0.0109841
