20 0.425228
42.0053 0.784808 1.24602 0.78529 0.53075
0.774062 42.5367 0.77419 0.774318 7.211
0.329524 0.712724 41.9468 0.785352 0
0.00460661 0.229352 11.4212 37.4028 0
0.00290867 0.164278 0.766519 44.2753 2.67237
6.19109e-16 1.55277e-15 6.67805e-16 4.80861e-17 29.4084
2.31419e-16 1.25441e-15 2.08258e-15 4.80887e-17 39.8916
5.27034e-18 8.26383e-18 4.70782e-17 2.11784e-15 34.5959
1.58575e-18 3.4434e-17 1.68285e-15 1.63729e-15 38.3486
1.2707e-15 1.27122e-15 4.10863e-16 4.80863e-17 30.1212
3.25115e-17 1.36157e-15 7.11782e-16 1.30248e-15 32.8985
1.64943e-15 8.84005e-16 1.35901e-15 4.80883e-17 37.7788
0.230925 0.704009 0.252599 42.6388 3.45415
2.66164 2.37435 41.7325 0.785244 0.696258
6.34e-17 7.85805e-16 1.72354e-15 9.02025e-16 34.2791
8.73092e-16 1.31201e-15 1.57596e-15 4.8088e-17 36.4067
4.42664e-17 1.87427e-17 2.38274e-15 6.47108e-17 38.9354
3.57333e-16 1.7682e-15 9.02815e-16 1.75108e-16 33.0681
0.170512 0.766465 40.6171 0.785349 0
0.0278435 1.47991 0.0278485 41.7233 0
41.5952 0.76042 3.91372 6.0789 7.94328
6.18853 2.93924 0.1299 40.8571 0
3.91397 3.85936 35.1228 3.47647 22.6018
5.66984 4.86945 17.1783 34.5807 0
33.6798 5.56466 9.72771 14.3854 10.5084
0.693141 37.795 12.0819 4.60348 15.438
40.7121 4.49891 5.95501 0.784226 2.21823
3.50713 7.39204 27.3603 22.0105 21.2748
11.6811 27.8546 16.094 12.421 16.3944
0.760343 38.7589 13.4926 2.2375 2.19509
9.27942 6.98052 30.4041 18.1916 21.7068
9.86691e-17 4.25132e-16 1.18183e-15 1.80863e-15 35.9967
38.996 0.75775 10.1972 1.27952 2.68585
0.781685 42.1818 0.781819 4.01645 0
11.9674 15.4137 3.98553 34.7128 1.69703
12.2136 19.2818 30.0222 15.7657 6.54265
0.0467998 2.38991 39.483 6.66443 0
9.70929e-17 2.16672e-15 1.10566e-15 4.80886e-17 39.7654
17.8651 29.1318 11.0485 11.4016 11.2277
1.33867 30.6791 19.622 4.97901 19.7867
22.7676 28.1154 13.3075 0.756767 10.6958
14.7369 33.3805 12.3236 6.8628 8.16305
0.0514224 2.62593 39.7391 0.77989 4.72106
36.1959 4.9345 15.3327 2.41805 6.05317
35.9717 7.29555 10.8099 6.49821 3.51283
40.3384 1.22918 0.769607 8.20613 0
21.9857 3.89826 22.3286 0.683952 17.8235
5.2946 33.0512 20.3852 0.719251 17.1873
12.4428 19.0673 35.4602 0.785113 1.04152
1.92926 36.549 14.2077 18.1175 2.52253
8.08506 13.8872 33.0391 2.88539 14.5829
6.34235 8.31644 15.8395 22.4118 25.5447
35.631 10.4702 0.705854 9.54699 15.3991
16.7279 17.2675 16.5372 27.1415 2.39129
0.635478 35.3653 6.55613 5.65655 24.1819
30.0515 8.15835 20.2514 13.5741 0.755916
8.92576 31.6091 7.70003 15.8407 14.8169
30.7751 20.2237 2.29706 3.40392 11.1241
29.2676 9.81054 22.6485 13.9122 5.92454
0.64618 0.0448233 0.427937 41.9777 6.41993
4.26632 4.26632 16.873 17.9193 25.6198
41.1804 7.45406 0.758396 10.8712 2.93032
0.217617 10.9222 9.26245 36.5925 3.18504
1.09477 13.3526 8.59875 34.2878 5.78274
33.0452 20.6796 3.4273 13.588 0.0736828
2.99768 2.99768 40.0312 0.775685 6.37559
23.3851 27.8965 1.51753 10.1726 21.7561
0.135817 7.08422 28.0106 13.1873 25.8834
15.4398 29.8701 3.66473 11.0788 19.78
2.73264 1.80718 0.0684775 26.3711 26.5739
10.7561 19.9857 2.71606 22.8582 21.866
0.890669 11.9426 38.8041 4.02256 12.3174
30.8885 6.18205 21.6441 0.770046 7.6579
6.78043 3.52097 9.39956 27.5554 20.1472
13.0092 14.412 37.7649 0.782851 3.39894
18.5564 18.5564 1.69507 26.5941 11.0111
24.0961 25.2856 0.702022 10.0031 14.3822
7.37022 37.3339 15.9832 0.755075 11.8076
0.766725 41.6167 2.15055 8.97695 0
14.2188 14.2293 30.9005 3.9104 6.37162
39.9845 0.749078 11.7804 4.45754 0
8.89753 9.42404 36.0777 0.785343 0
0.14821 7.4359 37.0498 9.6877 5.59217
12.2009 22.2034 4.75747 17.1063 23.3097
22.4874 32.6636 0.776119 0.776268 6.08552
38.4919 0.722977 6.19868 7.68594 13.0108
0.732325 38.2829 13.6984 0.777921 5.63466
34.7223 4.94519 12.189 11.3503 0
3.09818 20.9771 8.41263 33.064 5.45455
8.70602 8.45655 17.0288 17.8246 27.4773
7.3202 27.4123 1.3467 24.5902 20.5228
5.33785 6.45291 19.6211 30.7934 12.694
31.272 10.2318 0.637725 19.2704 13.7151
25.4114 30.1067 1.39904 0.780869 4.22848
38.8196 0.775661 0.775816 2.56956 5.53882
3.69593 33.6734 0.675957 12.8514 15.3776
33.991 7.01845 17.9937 8.44182 0
0.748416 41.1469 0.74854 8.30792 10.0859
9.58352 0.191123 3.60596 38.0328 0
12.3963 24.2881 21.4591 18.6292 6.99379
2.02203 19.5441 25.7941 5.16752 22.9597
27.8438 28.2546 5.74881 0.785348 0
0.414716 0.524077 0.382259 38.7506 7.79904
9.04811 9.71345 17.8692 21.9082 24.5706
15.8812 23.1088 14.9626 14.1973 23.1243
12.5142 31.9349 8.70353 1.56683 14.2452
16.3301 2.93138 0.421405 40.0382 0.205494
0.527891 12.6501 7.39954 21.5227 26.0439
7.29038 28.5722 15.1008 21.6873 17.3932
13.6552 22.7729 4.12496 26.8717 6.55038
0.731711 0.115778 38.8332 10.5856 8.64763
1.81092 39.4385 2.21462 0.709988 18.7001
0.682914 0.299274 0.227717 39.6238 4.81697
5.86139 5.72359 15.3759 35.2581 13.0761
2.30556 3.16092 19.2348 19.6287 27.7592
4.43476 0.588054 36.6136 8.40813 0
26.2104 20.3735 15.5204 16.7078 13.5499
4.19314 0.0804465 40.3126 5.7807 0.427569
6.86189 34.8384 16.0137 0.783021 3.00427
30.5017 9.96453 13.6071 14.1907 4.39115
0.0147974 0.760842 39.1278 9.75426 2.11853
4.72517 3.35636 18.6065 28.8375 19.4389
5.92306 5.92306 1.06261 33.6065 6.07121
0.6199 0.121216 34.5607 22.5248 12.0391
18.5154 24.033 18.8236 13.0933 17.3424
4.88905 24.2073 15.9953 22.9737 4.85604
34.972 11.0954 14.5008 3.29747 1.92342
32.6321 13.197 0.66434 18.3338 12.5117
5.94414 37.1693 0.739315 0.739458 13.4707
0.310031 16.6065 34.8406 0.720579 16.7321
0.542552 29.421 14.3258 7.00346 26.3465
17.9345 17.9345 2.14953 25.4541 6.69551
3.23728e-16 2.07541e-16 1.24665e-15 1.72336e-15 35.2996
16.5035 9.50783 21.0292 4.27109 28.6921
12.2998 12.2998 17.3945 17.7174 20.3404
31.1304 0.592087 9.90392 8.06451 23.9383
4.9768 19.6477 2.898 32.6184 14.7595
33.1807 0.617472 20.0491 14.0773 8.95248
31.5434 11.9466 1.6353 24.46 1.30899
11.4518 22.0622 25.0422 19.949 2.93629
13.527 13.527 0.363489 35.5777 8.78147
5.02829 30.6169 18.3248 14.8649 6.7764
10.8367 14.0852 5.08485 31.097 14.313
27.0919 5.98728 15.6946 2.32056 21.6933
17.1328 31.0889 0.72416 8.06607 12.5279
35.8277 3.65091 3.83307 15.802 0
12.6782 4.70531 0.277208 25.0061 25.6936
15.1291 15.1291 15.0496 29.2279 8.51916
16.4517 9.24692 31.3737 13.6396 1.33192
11.7751 9.36412 25.7086 15.6013 22.5087
7.56641 26.2114 0.907994 27.2968 15.6875
4.0909 16.0077 34.3411 0.704677 18.7534
36.4161 0.745488 0.745644 3.22498 11.6057
8.77891 26.0785 0.520623 10.3752 29.2997
28.7341 1.30241 9.0147 1.2349 25.374
0.81873 0.0164286 38.0461 8.33048 3.85282
0.132644 6.57755 23.1636 30.5598 1.87089
0.414317 0.00945947 18.1514 0.414533 29.2222
0.199903 9.96892 33.556 15.5385 8.22114
18.1287 18.1287 27.7475 15.8955 4.32692
7.06173 6.9309 27.2317 28.9736 2.63983
12.7531 25.7105 13.0755 25.5632 0.265358
28.4772 12.2599 15.4958 20.3457 9.7181
15.6829 24.1423 23.0574 7.24484 15.5516
26.4936 0.535971 20.8822 19.2191 0
14.8642 11.5334 31.4439 14.5305 18.5279
10.0146 33.1912 0.764716 8.1068 0
30.3408 0.578158 15.1778 16.1321 16.9617
25.8818 8.67089 4.31413 0.546634 28.5119
23.8463 23.8463 11.7876 4.42302 20.9564
2.20641e-17 9.92298e-16 4.11458e-16 1.87751e-15 35.3279
3.41916 21.6597 32.386 4.11208 2.31501
35.18 8.95897 11.8466 0.785343 0
8.23623 14.4905 23.3041 6.83256 23.5192
9.11101 39.1109 5.65546 12.0582 2.58503
28.7299 28.7299 0.762624 9.80805 1.92412
0.605765 33.8533 7.82762 17.0024 20.7404
26.6113 26.6113 9.23528 5.87445 16.2617
10.2344 17.5821 31.5788 15.2332 13.3722
13.9349 13.7738 28.5465 0.692094 18.5728
0.446273 22.9053 8.21413 17.6357 26.8711
31.709 21.5378 10.7052 4.67944 0
4.03578 6.35092 16.1805 23.8742 24.8999
16.0473 16.0473 2.38932 30.7162 0.417947
20.9046 11.3417 1.94662 17.1756 22.6861
2.93682 18.2329 35.6675 1.13241 3.28483
16.9978 6.16101 24.6295 14.7401 17.5931
9.87891 0.186222 26.2113 28.0118 12.9241
34.1201 22.4027 7.61363 0.785351 0
0.685745 36.0286 9.60139 16.3368 6.74874
1.44178 3.81959 37.4261 18.581 3.54949
0.760345 40.8266 8.91987 5.65002 0
11.3204 23.1881 10.344 27.8 9.81006
16.4624 12.4854 23.6341 11.1932 22.2035
0.34502 0.434139 0.554541 39.0783 2.07679
34.5651 0.63935 24.2999 0.781623 4.13402
15.5827 29.7555 14.7851 22.6622 6.83964
6.48981 23.7334 6.22218 32.1628 7.52954
19.9379 24.0916 18.9624 0.677982 21.3855
5.72873 18.1839 19.065 6.04513 27.6313
13.5822 20.2712 23.2582 7.59517 13.1484
9.5217 18.1833 20.5254 18.1731 15.0738
15.4047 3.23177 18.241 24.0932 18.4286
0.635461 31.3774 16.5982 11.6609 10.3897
38.3008 0.733862 7.05183 2.61875 12.5123
38.0931 0.737785 12.5851 2.68963 5.25196
4.37969 15.3979 0.29377 38.6124 9.21466
9.57394 6.72499 7.07 33.8261 0
36.8239 15.0676 4.29459 11.4907 0
2.11249 12.6407 19.9828 32.9367 7.26872
0.505274 0.546181 0.162036 37.5715 9.47901
21.7477 7.90048 8.54462 28.4393 14.44
11.2824 13.7234 13.7511 28.6734 19.5489
0.531707 0.531707 0.226616 42.4868 0
24.2209 30.1466 10.3703 0.771917 7.50314
1.57635 24.8507 24.9006 17.0368 0.190709
16.3464 16.3464 5.27346 20.5787 19.4244
9.72908 8.99675 38.3076 0.785121 0.976225
32.0136 0.909124 2.48378 5.84665 17.9362
25.0985 0.481876 16.1939 13.7267 24.3515
2.88303 14.8863 26.9213 21.6369 11.9594
7.40443 10.3686 23.9328 26.8314 1.80155
14.1715 7.84614 33.274 8.74425 0
12.8957 25.4801 8.05444 7.89341 19.6606
7.8894 7.8894 22.7503 25.339 10.2329
41.03 4.89931 3.33146 0.778906 5.34518
8.08597 8.08597 18.9856 8.78578 23.8413
15.0765 32.3601 17.4767 7.72218 0.116781
17.3123 25.1792 10.0954 20.0084 2.02078
0.159609 0.630568 33.7669 2.17772 22.7468
7.2716 9.07626 27.1037 16.2967 22.0905
22.8378 4.60961 12.2425 14.5706 20.6404
21.2291 8.84072 6.0543 12.0003 27.5814
12.0488 18.9922 6.91734 9.29575 28.9792
29.4362 23.3147 14.4439 7.15901 2.92948
0.37185 0.348664 0.517796 35.8523 14.7079
13.0235 11.5736 29.1196 6.66544 21.8512
0.284514 0.559381 0.275899 35.1703 19.6598
12.8086 30.9917 4.63021 23.2189 0
17.6413 12.7938 3.02433 34.2578 2.14701
22.9646 29.3193 1.56635 14.3235 3.37446
14.6503 17.7499 26.3991 19.522 1.9793
10.2196 14.9224 28.7725 21.1942 13.8573
10.6255 10.6255 18.4808 13.9587 26.5493
9.80061 6.27415 12.8499 36.3089 0
32.7347 15.6988 18.1415 0.785349 0
0.107668 0.159179 9.42163 36.0928 9.5713
29.7176 0.586711 10.1049 0.619809 24.4335
11.2658 11.2658 15.9323 22.5317 22.313
22.2634 26.7621 16.7029 8.3952 11.8964
32.2578 1.27733 20.3498 3.08167 5.71275
6.10261 27.6575 28.3228 0.7685 8.43503
34.3053 0.678599 18.1844 1.94887 8.0659
25.7261 11.1682 16.3811 25.2647 0.639075
37.1756 0.719654 14.4964 7.23832 1.18305
5.19763 39.9238 0.776893 0.777038 5.90671
27.586 10.6481 16.6367 20.2131 14.8204
4.1019 15.8757 37.3508 2.88605 0.888883
32.0623 2.84492 14.0823 5.00799 19.1261
11.1908 5.40048 2.53808 29.2591 16.9878
28.4841 20.1285 19.2476 6.40732 4.51738
39.4457 0.771702 0.77185 7.41218 0
29.6406 2.72098 16.7924 6.69346 19.0746
3.22276 30.4732 3.28529 0.58113 28.0202
6.90389 18.5561 28.6261 14.5896 14.8902
19.2503 11.7193 25.196 0.674251 20.1932
6.30593 14.5167 13.4543 14.0756 29.1413
31.074 4.13942 0.609272 0.609387 25.4942
16.0707 23.0294 28.0824 1.82418 8.271
11.6387 11.4318 7.95967 31.8292 11.783
0.55156 28.8816 19.1584 21.3906 5.71997
27.601 8.3981 15.6027 3.1817 24.0409
26.7888 8.01524 12.6962 9.92245 21.1805
21.3788 17.0228 6.73117 9.40187 26.6659
9.37031 19.8474 16.7777 27.6263 2.48017
9.38595 26.8866 21.1802 4.85259 20.9307
20.1075 5.73527 16.4687 29.9322 0
17.7366 17.4191 27.8091 6.29676 10.93
10.5888 19.4341 22.1316 13.2335 3.8578
0.694292 35.2953 18.5846 0.993411 1.39491
9.4447 34.5889 4.64701 8.98172 12.2984
21.2955 32.5198 0.704113 0.704229 19.1947
14.9149 17.8089 29.0102 16.0922 9.88763
22.3119 1.11175 14.4887 0.540359 28.0877
13.3498 16.27 11.6844 26.7217 18.1467
11.1247 11.5833 13.8981 31.3804 10.8321
2.42328 20.8809 31.7405 16.8394 10.2501
23.1479 16.9462 12.091 13.0401 21.0191
20.4231 3.06238 25.5601 24.7887 3.19953
24.7048 24.7048 5.79281 5.336 21.0515
33.7769 14.4329 3.09288 15.1262 0
36.6319 0.724782 13.6734 2.71897 6.27467
26.1765 2.83626 27.6022 4.18816 0
27.5454 22.6849 0.655173 18.2235 14.9796
1.96957 0.0381496 3.32557 40.3667 0.378684
24.457 24.5547 15.8315 9.52378 8.81441
39.7934 5.17489 0.752732 7.10286 9.60147
29.3168 5.00196 13.9521 14.2801 22.0278
7.72659 7.72659 19.0843 31.0063 17.4571
18.6956 1.65349 0.397416 31.99 0.652277
9.39676 15.5189 27.0259 4.7639 22.5584
9.64245 26.6729 7.28368 12.7274 18.669
3.66738 17.1424 9.30157 32.2952 16.2564
39.7377 0.783051 0.783203 0.783356 2.8372
32.0566 18.4671 0.907172 5.56859 16.072
14.4129 34.0085 0.696172 18.9684 3.50117
26.0036 0.971017 26.0218 14.5727 8.06393
1.21966 20.8963 28.2626 11.7342 0
37.8142 0.724718 14.8521 5.36467 0
15.26 6.81348 19.8607 25.9565 17.6568
1.4142 25.5373 32.3037 0.780589 4.55929
0.287044 0.448232 0.577065 40.6086 1.11337
18.8829 24.925 18.6011 6.13667 12.2748
16.8714 16.8714 26.308 12.2513 17.3931
25.9026 18.4375 14.4172 0.715748 15.7682
0.516124 25.3692 25.3745 13.3628 4.94557
2.59354 40.3626 0.755616 9.42285 6.5225
21.1606 23.022 14.7084 20.5485 1.21134
30.1089 14.2882 5.55666 2.8994 5.28724
15.3307 18.0465 18.2336 23.598 11.7559
19.8337 10.0727 31.9534 14.2442 0
6.67852 38.0951 3.62581 0.783579 2.60974
13.3837 18.7299 9.50062 16.4882 25.0772
35.3886 0.724748 12.9276 0.771735 7.10932
17.4628 17.4628 14.6267 19.9964 15.89
21.8403 11.967 6.37431 1.47207 27.2524
13.1415 29.0425 2.88306 17.7059 17.77
20.5473 12.4288 2.60554 23.1708 25.0513
10.3187 12.8858 31.7847 0.689774 19.5002
1.69651 4.05129 10.3527 30.9913 24.816
9.46318 20.1249 18.1864 15.3647 23.6993
18.6431 13.5513 0.487406 12.5863 26.2651
19.689 14.7471 19.5374 10.8605 22.8623
12.97 12.97 0.370552 20.478 27.4941
3.87623 20.5585 30.6494 18.5212 3.73954
13.2449 27.5756 21.6904 3.22052 22.3974
33.7993 12.5616 3.31697 3.88668 5.13967
2.47441 2.13457 0.0629616 39.3856 10.0119
12.2747 35.7157 0.719026 0.719156 16.5785
16.9643 1.04431 34.0346 0.736943 14.0158
3.84084 13.8224 20.7076 25.1915 13.9382
37.4759 7.97259 0.746714 10.4352 6.85574
8.41237 22.5415 32.1623 0.769443 8.21087
21.6753 21.0396 14.6299 9.19261 16.1828
19.9858 32.1462 13.2548 0.775557 6.39437
1.52847 3.62766 26.7535 2.06424 27.1202
36.9419 0.705009 5.73156 3.84717 16.7698
14.342 20.5938 6.25916 18.8164 23.4499
6.42734 34.6543 14.1303 0.744047 12.829
23.5749 6.3308 5.3294 26.1205 0.408492
1.73078 9.14876 23.3146 23.9571 18.0191
7.32682 5.5127 27.3148 11.9266 26.9077
21.0376 3.5792 10.609 20.1413 23.1747
20.3283 24.4099 6.79023 21.8996 0
7.98345 7.98345 11.2903 31.4389 13.0723
0.358185 18.9278 24.1881 6.50994 27.1494
1.43828 0.852214 2.54528 28.1995 28.3634
37.6747 1.06547 10.9235 11.5953 0
11.2956 15.0839 8.5994 32.9186 3.81217
2.21434 2.21434 25.0485 16.3607 27.2418
20.3669 26.2805 12.7635 12.8354 16.8808
13.6284 0.262179 35.9537 12.2202 6.27484
8.73429 22.6965 1.1596 33.9429 0
1.82148 36.9415 0.699628 0.699753 18.8522
25.241 16.8002 0.563618 23.476 17.7438
5.0859 36.3025 5.65127 2.18163 21.9774
6.15124 3.42117 0.130617 33.1999 25.2955
0.774593 41.4583 0.774728 6.12189 3.16542
2.33884 3.86548 5.42419 38.3869 0
18.3469 25.2342 17.7458 10.7305 9.14045
5.00196 5.00196 34.2144 0.902995 8.1097
14.153 27.7184 17.5992 17.6712 14.9199
26.6896 0.526993 23.7799 17.4395 0.59179
5.21281 4.73172 0.148522 36.375 3.69304
5.36273 8.12912 36.0658 20.9237 0
18.0093 30.4881 0.705155 3.02034 17.0995
9.51464 0.188362 38.5114 0.785347 0
7.18767 4.7208 17.6067 31.8735 15.1601
19.0815 21.4147 0.574205 0.57432 26.7622
1.86986 1.41548 24.0491 24.1632 20.3337
0.770085 37.8786 5.93672 0.779643 4.64691
10.5956 13.6664 9.07887 21.1056 24.6157
1.05255 21.2463 5.85719 34.1001 9.96897
3.80879 12.0693 18.7038 29.1095 0
39.4286 0.764481 0.764624 9.24555 0
30.3493 21.9706 5.05179 0.762118 9.40676
25.5845 5.38234 0.549497 3.81688 26.4274
18.2055 4.37897 30.7125 0.785336 0.0147634
5.42333 0.531929 28.9308 17.2366 25.3273
14.5321 2.2226 22.0844 31.2344 6.46532
7.90506 11.6694 14.0949 33.3136 5.39069
0.0441256 2.16887 32.8422 18.9051 7.06832
17.2296 2.23457 27.84 5.27826 24.1185
24.602 24.602 18.5075 8.58945 0.262817
21.5345 16.6303 3.53162 27.4368 0
13.6914 0.674225 5.63758 32.3182 22.1673
23.4705 23.4705 0.674202 19.8329 0
0.777654 40.6175 1.41391 5.55237 0
7.35412 7.35412 26.5988 28.5598 1.34633
32.4097 21.9134 0.764906 9.10681 0
0.660731 35.8293 20.1285 11.1781 0
20.9816 13.7945 22.7175 11.7266 15.2751
2.00455 9.02971 29.347 0.57947 28.1529
10.9235 0.215593 36.7484 10.653 0.816049
14.3571 14.3571 10.2163 27.1839 21.5422
15.9735 26.4621 0.575854 28.3163 4.4811
16.9769 4.30724 8.84227 29.9037 3.62893
1.67387 2.26195 1.56542 34.1135 24.0866
33.4276 25.7329 0.785217 0.785353 0
19.665 13.8502 26.6216 16.8422 14.6218
2.79246 18.6626 16.2863 24.9266 20.3082
27.7186 15.6822 24.4233 1.66852 0
31.797 15.2961 5.84436 7.86495 0
9.71907 15.284 24.0336 3.66245 27.8603
20.4945 30.7808 15.2685 0.785348 0
16.4737 20.1304 0.554868 26.0178 1.48282
18.1529 16.5102 3.23635 13.1019 25.1832
0.63793 34.1356 12.8562 1.37657 20.8284
37.6089 6.05147 12.9732 0.751597 12.1973
3.36161 36.4927 0.710133 0.710267 17.2966
0.296023 15.2167 5.60193 36.9773 0
3.28424 5.45597 3.14255 23.6814 28.64
24.226 29.6159 0.77881 0.809885 4.90108
24.8836 18.7889 23.7006 7.75325 0
6.26493 1.86449 19.7868 32.452 0
23.6566 23.6566 23.8616 0.757689 11.2073
25.2048 5.27146 11.6167 4.08559 28.5431
8.25769 34.2402 3.41211 18.3839 2.60997
7.74711 32.1083 3.38046 0.646197 22.9367
6.61131 6.61131 19.7269 15.1862 26.593
13.4561 19.4942 12.7293 27.3321 10.4434
15.9595 20.8199 32.2204 2.74658 13.3458
1.17114 30.5544 2.20835 25.8406 12.3862
23.2939 14.6812 1.97678 27.6053 12.0299
3.67642 24.7371 31.1499 0.784609 1.73426
27.3971 31.4498 4.07312 0.770845 8.17045
0.482763 0.553872 0.104347 38.265 13.2542
37.9261 10.1361 0.772404 6.28423 3.55132
0.723823 36.16 10.5352 9.92163 4.7313
10.7841 5.10166 25.4446 25.2532 8.33819
28.9454 28.9454 0.751357 0.751484 12.4321
4.44507 5.28361 28.7953 0.618139 23.2109
22.5885 0.41582 29.8396 15.6776 13.1951
0.0102568 0.551424 29.6506 29.6557 4.93757
15.2577 33.7464 1.80711 0.740677 13.0729
27.061 0.547539 4.58012 27.4514 0
0.0600486 0.221693 0.957391 39.3382 5.05106
23.1782 15.7692 17.7213 0.669785 20.3091
17.5061 2.02828 0.352805 33.4956 10.339
24.4881 24.4881 12.4484 1.66093 13.9511
29.5168 0.595468 24.8293 5.20734 0.927459
14.0928 1.96315 0.981777 21.255 25.5969
28.2255 0.564613 7.93957 26.1139 0
20.3975 9.81268 9.96342 15.651 23.2309
20.2402 14.5527 4.02439 25.2516 14.1134
4.25638 19.6979 25.8952 20.3939 0
5.14869 26.2641 25.1539 0.702629 18.343
14.6222 35.1051 11.5381 0.777496 5.66339
0.18577 0.552835 29.6095 18.7515 19.0183
8.50942 1.18731 35.7995 20.0575 0
10.4024 13.7809 0.335865 34.6613 11.4451
2.8157 7.62295 7.75007 23.7933 26.1415
12.6173 1.62568 21.0894 24.6293 19.7101
29.0716 3.76294 4.8265 23.828 0
11.7336 11.7336 2.95799 20.7488 26.7323
35.0847 0.663237 20.3827 6.44522 6.17941
28.1786 13.2525 0.555331 31.1443 0
0.785041 39.7819 0.785194 0.785347 0
25.0369 25.0369 13.132 1.43168 0
8.70861 36.9007 16.6264 1.12059 2.96477
26.3294 26.3294 8.35239 1.96344 17.9823
7.97632 27.4984 15.4516 19.3584 18.3953
14.7143 6.33304 4.97509 35.6773 1.7561
16.6083 9.99559 15.8178 31.4657 5.21799
33.5541 17.5363 2.26111 4.14225 4.26205
7.16316 14.3083 10.9998 19.4174 27.4603
16.2041 5.65848 0.329417 28.5613 23.7602
14.9804 24.7367 0.574922 24.6569 10.7958
2.49325 34.3518 1.59132 20.7358 0
8.56219 8.56219 36.8508 0.785345 0
11.0236 19.6371 5.2569 31.2773 0
20.9243 11.0892 0.467157 23.6858 21.5288
15.7161 17.5512 27.1606 20.1953 1.77019
18.3787 23.2996 18.3406 13.1732 16.6918
15.3151 15.3151 26.873 19.3294 9.12768
4.99935 3.5621 24.49 27.9417 3.34529
33.3854 4.37947 8.13765 18.3903 0.85199
1.82319 2.82544 35.7998 0.73319 13.8044
0.0117131 0.620489 32.8755 8.92366 23.8875
17.0479 29.8535 12.3654 0.722171 15.6154
20.6832 24.4902 21.7384 4.37121 0
6.72308 9.05824 40.4107 0.785338 0.248958
13.3347 15.6308 14.6087 29.5426 0
25.6472 20.3833 8.72104 19.5592 17.0814
7.67061 6.08616 21.2493 31.7394 0
16.6208 16.6208 1.05436 29.5203 0.120118
26.9769 12.1089 29.5699 0.781921 3.92261
28.0152 28.0152 9.13211 0.775047 6.65287
9.12482 14.5224 10.0236 19.8654 25.0487
23.8453 13.8104 13.1843 8.66825 20.8299
