1 0.038781
2.32599e-05 0.0270231 50.9469 55.6016 73.2719 1859.67 2196.59 867.183
0.000173479 0.0127724 0.0156599 0.164442 0.610899 0.184781 13.4849 5216.06
0.00018928 0.000333189 0.021841 0.255795 31.4105 58.5567 514.113 4274.75
0.000759405 0.356541 19.4307 1.92055 188.847 761.609 364.581 3689.07
0.00157536 0.026904 0.579251 19.3747 184.206 412.218 218.195 4415.21
0.00395578 0.00215717 0.886499 97.7317 265.232 326.869 1277.79 2468.25
0.00466247 0.00280228 0.000315329 0.132835 0.572928 18.7426 0.519604 4797.01
0.00491769 0.000855451 0.00166549 0.331244 0.612578 3.20474 50.8535 4332.95
0.00629291 0.00352938 0.0181029 0.932142 7.09206 41.6603 933.436 4062.28
0.0136313 0.482229 0.148989 1.10266 3.0183 1.87496 17.7973 5041.25
0.0168167 0.923008 16.1117 40.1876 277.702 332.244 2.63161 4177.66
0.0291054 0.112526 1.08728 50.6302 147.814 22.4678 1759.18 3355.83
0.0301705 0.0221758 0.00362991 0.26289 26.2205 280.753 1053.04 3208.77
0.0389036 0.174762 0.423968 0.139784 9.83441 3.05435 932.052 4247.23
0.0467785 0.567913 100.802 107.193 107.827 591.499 2478.49 1464.81
0.0472811 0.00713305 1.6115 10.1833 13.7709 89.9238 4256.88 467.139
0.0481325 0.00297255 0.431534 0.817224 28.3884 598.642 615.136 3147.76
0.0747425 0.00407956 0.278807 2.64268 6.2826 53.2949 2004.99 2933.02
0.0753357 0.589174 14.7446 1.58873 1.75255 5.67296 353.951 4064.86
0.0792087 0.782108 0.547902 0.431596 45.4118 5.88835 1206.89 3610.87
0.0806244 8.29735 62.8073 489.476 337.794 628.541 232.32 3448.56
0.0876677 18.5227 118.682 1167.48 370.189 901.808 241.439 2808.74
0.0925542 0.0786051 0.0123161 0.0450079 53.7108 817.935 2582.24 1813.48
0.104271 0.00605031 0.530732 4.43211 89.3175 201.922 1895.61 3537.38
0.111311 0.207861 0.0322599 17.1265 1.5142 427.144 1031.74 3868.2
0.118773 0.113602 0.206279 0.485367 1.32178 0.196918 0.473507 5134.98
0.136 2.43201 0.631577 3.15489 330.326 2632.48 1271.13 1279.72
0.138837 0.0506507 3.3431 7.88378 78.6219 387.527 3023.3 1389.5
0.143409 0.0421511 14.2145 0.0400051 15.2051 2.16235 485.064 4082.78
0.145566 0.500285 0.588041 60.6357 34.5203 14.2777 1028.95 2999.97
0.154762 0.24817 0.280141 1.84914 6.0802 24.1264 1409.41 3219.45
0.170396 0.878978 1.53377 5.25571 0.206096 549.357 3066.83 1426.31
0.184758 1.98102 10.4294 8.50237 54.7967 24.4377 394.841 4153.23
0.212155 0.0480981 0.482394 7.5567 46.3192 538.583 289.776 4117.87
0.212754 33.4157 1.69487 47.8901 490.788 694.051 1078.57 2014.01
0.250049 0.148578 0.0268673 1.2083 1.00421 2.11541 732.469 3990.53
0.268994 0.544975 0.717769 34.5917 41.3865 1633.68 1106.31 1612.86
0.278278 0.879012 1.59398 26.9005 24.4536 1106.12 171.257 2999.64
0.29354 1.21004 4.81784 4.02475 379.293 1850.26 1502.69 1480.25
0.327364 0.471774 0.0510748 2.91114 0.126213 0.401631 333.489 5141.41
0.334502 0.0263779 27.6548 153.524 15.0459 361.828 3551.89 915.554
0.360576 285.701 124.271 154.02 172.845 318.863 1743.53 1618.53
0.384518 0.0356581 2.63113 0.253968 0.00423922 33.2686 953.975 3530.26
0.403499 0.264696 0.280616 0.0778537 8.25731 23.4259 153.572 4725.16
0.416278 0.923988 0.792544 1.91072 50.5891 951.821 2806.46 955.858
0.448509 2.97194 5.87843 1.5311 26.6831 921.242 1018.54 2729.81
0.460501 6.21507 24.1372 109.827 96.3717 1321.68 993.717 2098.91
0.465108 2.06711 7.14539 58.6137 97.0491 527.392 197.782 4217.77
0.483072 0.852178 1.38757 11.8545 11.4605 1253.95 3255.97 1268.54
0.508323 0.415021 0.231486 0.919835 21.5126 121.05 1497.54 3842.94
0.541572 1.09032 4.50854 159.958 991.323 2309.65 39.1395 1525.24
0.542044 25.8955 8.27841 147.161 903.807 564.865 783.431 2775.8
0.556153 0.339241 0.641357 1.07192 17.5708 264.775 5246.92 111.523
0.630176 0.781064 12.3386 13.351 4.35796 1116.2 2693.12 580.103
0.690487 5.13021 10.6734 26.5473 561.035 648.772 515.458 3201.88
0.762683 0.0381767 0.393719 2.05974 10.8613 1027.75 508.248 3493.61
0.787651 0.0730833 62.4686 218.449 234.138 3048.51 612.104 743.206
0.89918 0.244678 1.8468 51.4039 49.8323 15.6317 1262.79 3752.35
0.926029 3.68716 37.3355 112.957 4.84809 705.355 2421.29 2115.73
0.934054 1.72703 12.0845 2.12234 7.20412 262.34 3568.67 1714.96
0.96477 4.80191 3.06122 18.8477 867.47 103.228 2644.95 1079.61
0.97973 4.57449 1.01726 22.2004 240.629 764.98 547.893 3415.73
1.12554 0.553603 3.32425 10.1583 0.933091 116.489 459.187 4185.71
1.2117 1.7712 6.29418 7.92675 6.40455 77.9895 158.832 3903.8
1.22905 1.55309 2.03724 45.6538 100.485 94.6129 3382.84 836.246
1.25988 50.5421 66.0117 153.793 528.744 139.62 2468.68 1496.99
1.28169 1.17994 5.08924 5.04877 43.9003 779.335 1987.86 2216.29
1.3442 2.16064 35.2616 13.8037 2.88754 157.097 2218.45 2167.41
1.36797 20.2879 48.7289 40.463 368.622 208.491 4397.47 339.842
1.37246 2.55086 9.53365 157.352 42.5846 1165.4 1316.27 2345.66
1.38569 3.22616 9.95163 60.7795 34.0326 1783.78 2789.7 233.53
1.3967 0.0990885 0.791751 10.01 42.1859 29.7114 3327.41 1318.94
1.40039 0.894873 10.3811 5.53774 11.0765 150.932 534.801 4043.95
1.42855 1.08531 6.83474 18.2714 78.737 398.499 3420.86 901.068
1.44062 3.71631 13.6799 43.359 31.3595 155.758 4213.69 185.433
1.45685 1.22587 3.68503 7.78545 0.792068 1661.6 2304.85 1109.52
1.67092 0.901574 0.499974 184.648 34.2536 65.6879 2354.13 1975.25
1.67544 8.13274 2.64089 44.3468 70.5895 1220.15 2216.93 1588.78
1.76021 1.79263 2.78611 2.65385 4.69602 236.094 217.857 4259.92
2.07551 7.66481 36.4763 151.623 377.184 564.586 563.881 2993.23
2.16781 22.7027 92.7618 209.475 94.804 39.5696 3037.76 1338.39
2.19816 0.0635449 0.0505375 83.73 303.476 1129.28 323.833 3364.6
2.22651 0.0956674 1.88354 1.03626 5.8012 525.454 1065.77 3373.11
2.37467 16.9438 28.8045 70.7986 1370.71 23.2888 255.265 3089.32
2.38515 0.775809 2.63138 51.8714 567.991 654.211 538.986 2324.05
2.39712 12.6021 5.89461 282.146 105.343 262.868 1220.1 2486.54
2.44316 0.119546 3.36588 9.8962 420.173 778.928 1512.86 2463.03
2.66062 0.602709 4.23448 0.178754 12.8255 18.2937 1343.65 3713.21
2.77903 2.61828 2.74667 0.787365 20.8335 19.2045 989.317 4239.22
2.89869 2.17735 9.67073 73.9613 32.9662 364.807 3564.89 1288.71
2.93374 20.6859 0.246305 58.8267 84.7606 306.242 39.2862 4443.16
2.94607 0.854397 3.75523 5.52843 165.328 269.519 1481.99 2633.29
3.13392 3.76818 4.45869 17.0999 390.557 974.638 1407.97 2486.49
3.24957 1.3322 0.425263 0.670014 46.9472 38.7759 1574.04 3178.33
3.29502 18.5125 8.97149 17.5916 1258.99 72.654 206.332 3090.07
3.35656 3.61162 1.03343 21.5802 14.1467 137.996 2107.28 2615.04
3.42833 7.713 0.540627 19.5758 13.2429 265.803 2730.37 1930.65
3.45346 2.78831 10.4679 12.8473 548.292 498.908 2362.46 1568.91
3.66247 1.54782 35.1121 12.1271 157.256 2031.58 226.471 2564.49
4.02341 16.9877 9.34623 301.449 390.818 617.179 1831.22 1314.67
4.25824 23.9514 1.18379 4.24417 1.69351 190.524 613.078 4310.54
4.27831 3.55941 27.3099 35.7976 40.3454 221.847 3926.92 1159.42
4.2872 2.22249 4.40078 9.6668 241.214 525.979 1299.48 2852.2
4.2912 0.999237 8.23184 47.6046 86.9589 2.92692 233.038 4651.23
4.6577 24.1105 120.498 18.6632 886.832 94.0791 4394.4 113.937
4.70478 3.07381 0.999084 82.3642 298.715 336.817 3979.71 249.106
4.72244 75.5587 83.6854 446.616 1815.75 1581.6 1201.78 525.169
4.94466 525.576 793.534 188.358 82.2826 104.858 17.7642 3954.96
5.61651 73.6335 7.98538 129.321 1231.93 819.846 1625.66 1115.84
6.1865 15.8919 58.7184 287.088 408.225 317.989 1896.49 1968.58
6.41502 13.6583 16.7543 270.329 7.50954 1412.94 9.72804 3764
6.52379 26.8253 53.2405 286.401 52.7307 329.727 989.518 3176.78
6.54418 5.56151 3.86386 95.5726 265.774 2111.3 518.176 2291.82
7.22564 3.33039 56.603 18.4076 73.1555 1874.26 1615.9 1642.88
7.5211 1.72109 5.21194 185.365 911.417 691.861 892.67 1708.31
7.55952 3.00752 17.3434 150.517 337.552 14.205 3988.42 685.459
7.56834 3.53619 4.9526 3.04282 29.4463 296.627 2781.26 2107.65
7.78543 8.30472 116.129 226.059 302.331 1388.36 1349.82 1506.03
7.98963 0.756357 1.59786 138.748 261.163 2261.64 101.67 2736.56
8.19621 99.2695 36.7407 444.566 1066.28 51.5766 1197.64 2077.72
8.31382 4.14995 44.7402 3.8563 31.6583 922.951 3292.2 670.168
8.323 40.7822 64.5501 207.783 83.5605 526.832 2504.75 1361.09
8.37108 25.1283 88.1241 25.6945 331.686 173.015 4165.8 108.826
8.39902 34.4749 7.83326 4.38557 174.706 1843.84 1889.21 1498.32
8.4565 55.6155 59.7865 297.824 211.268 1249.91 2035.6 1208.22
9.35279 5.4869 49.7864 229.005 235.505 236.828 867.788 3064.46
9.67622 52.8839 2.61511 17.062 73.0881 812.172 294.29 3270.66
9.91664 25.432 43.0144 16.4924 263.423 390.126 1802.1 2262.71
10.0567 85.4193 56.1003 156.724 1025.93 703.702 2257.07 848.391
10.2032 61.4754 155.21 160.701 153.703 3273.84 935.461 154.445
10.2495 1.25054 0.275439 34.6143 254.174 76.9672 609.029 3577.33
11.2532 7.73665 71.7149 185.694 751.541 192.784 37.9999 3581.52
11.5648 382.78 193.474 68.6227 1439.48 72.9374 1266.23 2342.35
11.7322 15.0874 110.171 322.03 499.695 550.091 79.0017 3794.96
12.2311 1.51766 3.47505 9.28459 246.083 257.102 1239.83 2943.41
13.2647 22.2523 53.2962 602.988 211.781 139.273 1278.26 2588.9
13.6954 26.9773 25.7014 28.0238 340.008 664.826 4120.18 159.654
13.947 16.8659 41.591 12.9959 63.5592 1968.44 1637.24 1231.19
13.9862 5.76435 20.6796 4.5255 52.2335 71.9953 3319.25 1325.53
14.4054 17.1767 38.1816 16.9126 112.294 388.872 3280.8 1094.54
14.4334 65.2872 243.927 514.022 718.457 565.231 1910.08 1508.53
14.6079 1.41496 1.29367 36.5235 37.8133 139.849 2140.78 2376.1
14.9825 0.856227 3.09438 74.7258 72.7355 776.975 1496.24 2423.54
16.1333 30.3024 2.63536 1.75625 155.164 75.1425 315.253 4146.45
16.3222 13.0096 90.4521 205.06 2528.93 1133.56 962.174 57.4748
16.9178 6.02427 4.90437 1.03586 10.8347 9.03577 5.76019 4583.1
16.953 44.8349 263.564 19.911 37.0064 2420.96 1943.71 29.5624
17.5598 10.4564 23.2884 168.291 104.447 751.309 3578.27 359.722
18.5975 155.792 8.70814 6.25033 88.6603 553.176 834.93 3275.76
18.7442 49.6085 71.5643 58.5072 644.367 1106.51 785.366 2195.55
19.6127 24.4054 89.2755 34.7347 568.433 893.618 870.327 2942.25
19.6919 11.7436 4.29447 39.6866 51.3664 211.537 288.567 3971.43
19.9329 3.87326 11.4873 23.488 3.37713 52.146 24.6065 4595.1
20.1502 13.7713 55.2062 75.1777 449.525 532.082 948.84 3039.97
20.2277 1.57224 34.7571 30.1087 711.308 506.085 472.354 3285.11
20.5361 18.9028 2.5513 60.2249 13.2101 158.25 689.341 4100.49
21.0554 29.1575 92.2221 483.812 633.616 829.404 1318.44 2147.4
21.4519 83.6454 104.728 83.3468 291.974 120.663 110.358 3971.41
22.0448 14.4268 17.1423 82.1367 35.3991 1332.19 1510.23 2185.38
22.1687 9.45157 288.391 1267.61 955.617 734.799 40.7673 1708.45
22.2436 67.0227 80.7762 13.9962 655.171 738.365 1748.61 1342.62
22.443 20.9729 13.3412 72.6975 183.637 256.948 2229.46 2234.79
22.4725 47.653 8.22323 226.414 993.895 574.312 280.747 2474.86
23.1685 116.302 41.4106 127.096 428.893 344.681 1167.03 2537.81
23.2148 3.58897 2.48421 3.10603 104.142 1165.65 883.542 2752.62
23.2445 7.19511 6.60794 284.478 27.9318 5.78129 4088.83 849.119
24.0233 16.6693 107.666 388.393 754.745 128.859 71.918 4157.46
24.9494 25.5076 6.83723 38.6114 1.1408 14.8941 1214.79 3753.5
25.6793 8.63471 2.16522 26.5857 29.3944 928.28 1477.18 2606.84
26.8595 12.1209 4.2198 93.2358 85.7259 206.569 54.0766 4257.32
26.9527 20.1151 29.9356 895.778 201.127 44.1392 558.041 3425.13
28.1083 118.495 121.849 34.3959 420.361 1248.13 311.125 2290.09
28.6018 16.0464 33.9608 18.9535 88.331 893.879 3935.23 707.283
29.3935 20.3629 47.2043 16.0391 199.429 168.671 3147.44 1328.7
29.5092 2.06955 39.8916 4.48027 70.8338 480.271 21.1227 3941.27
30.2623 119.882 62.5658 834.948 804.079 1243.11 1419.19 630.896
30.4369 80.4443 62.9795 24.5125 2915.69 514.514 1116.94 765.904
35.4992 199.095 62.9529 2337.04 506.259 63.4258 1184.48 449.676
36.0103 231.206 520.677 103.763 866.522 512.977 2827.36 9.7691
36.0819 40.3278 124.656 61.3915 191.008 655.813 1407.17 2001.45
38.4387 17.8534 14.9073 44.8966 328.914 697.436 1370.69 2028.93
38.7215 41.3084 532.867 1010.24 42.4965 71.8688 2620.31 171.401
38.9852 44.009 53.4182 337.926 243.677 391.036 3127.81 618.798
41.2569 6.55052 6.74685 62.697 1054.12 181.313 1196.15 2763.63
42.8346 2.6531 3.41829 106.226 46.6789 141.641 1906.76 2810.3
43.3878 145.96 97.9539 116.615 255.123 199.968 44.3499 3670.32
44.8109 17.9892 11.3185 31.096 158.208 1621.27 144.712 2880.55
45.1923 8.82105 30.1172 75.9566 2656.07 539.336 679.105 898.283
46.019 176.384 108.115 286.778 561.152 815.886 1788.17 618.994
46.4262 47.6383 249.941 815.876 380.591 242.293 396.031 3074.03
47.2597 25.2984 11.9886 6.356 3.41593 50.0766 2899.88 2462.91
47.2978 7.67179 78.574 52.878 1370.74 1118.12 1267.15 925.262
49.117 21.0467 69.8598 7.54722 40.4162 7.68769 3620.61 1135.55
51.2666 7.9728 149.586 491.73 145.661 1259.23 407.934 2260.38
51.787 186.84 796.958 776.502 256.955 375.607 2594.55 277.098
56.7012 312.018 480.104 293.105 432.628 1294.06 1833.23 74.0803
59.3832 230.248 257.335 767.83 66.5671 138.778 2784.01 1529.34
59.931 47.1728 176.086 51.9983 82.2007 20.1808 941.613 3205.75
61.0199 4.99522 367.332 239.969 655.496 648.81 944.586 2207.82
62.2703 32.4728 37.7182 119.653 155.922 868.032 595.994 2711.48
62.9464 27.4502 35.6984 15.5296 414.447 298.112 224.856 3327.6
66.8624 27.4076 3.10046 345.732 272.748 683.938 1982.54 1455.62
68.6554 8.84458 14.7652 58.0833 328.904 1160.55 1604.96 1861.36
69.7268 134.825 46.4029 568.016 218.211 2606.7 1459.36 209.984
70.9378 8.56263 16.6372 156.661 178.781 466.037 104.35 3756.29
71.2448 153.998 1333.36 454.135 32.9574 481.194 1728.83 622.335
72.4944 68.9091 1110.11 623.26 1065.44 1737.14 336.85 192.031
74.2966 37.3171 0.0992685 8.97158 127.332 532.437 1198.39 2771.86
79.457 19.3773 350.674 357.679 162.448 350.007 1913.95 1557.07
79.8117 4.80099 120.214 14.3535 83.6965 361.54 2797.37 1838.06
86.8705 61.0459 321.038 599.726 414.705 858.382 1008.44 989.092
88.6841 1022.08 163.766 1052.51 9.16288 50.3916 734.784 1003.76
88.9604 12.7786 146.088 19.6881 618.564 2068.19 1253.65 125.831
91.0466 19.039 175.736 93.131 186.636 347.499 16.2213 3793.89
91.5142 102.583 133.666 1104.71 852.998 497.722 259.171 1817.51
92.6129 168.973 187.372 168.279 812.26 1124.34 402.868 1897.82
101.469 34.3531 51.5041 383.832 50.2479 1428.64 378.802 2664.49
109.534 33.6701 489.158 348.149 1220.45 301.136 1929.36 1207.24
123.581 62.0686 38.9618 109.056 2.6869 896.316 1121.3 3419.59
140.671 48.6824 340.729 471.414 149.375 90.7221 159.365 3542.07
148.794 141.108 671.25 230.381 148.818 319.824 114.889 3875.98
150.567 0.941969 65.2262 21.3265 556.07 1384.19 1513.41 901.87
164.12 152.13 6.71957 436.463 127.546 297.009 3168.39 770.02
169.115 177.803 60.0585 886.457 315.425 2560.34 458.065 760.216
190.213 337.961 169.718 100.167 644.453 657.26 226.193 2545.29
192.23 44.39 44.495 223.025 266.865 14.6193 1081.42 2802.38
194.278 107.977 52.0075 105.979 627.602 178.987 1489.22 2035.02
197.231 323.971 783.933 1228.26 307.788 583.011 1009.72 359.295
202.091 183.722 28.9681 1034.82 725.108 1480.42 1086.6 474.843
243.574 143.582 4.45233 234.003 568.851 21.8195 1445.52 2834.88
294.357 55.8666 582.28 68.7225 873.017 2261.34 949.466 272.986
297.025 103.512 15.3057 921.587 151.388 439.02 299.769 2775.84
339.513 622.837 101.498 136.628 87.5239 1378.78 269.766 1799.97
539.066 83.2404 4.70369 198.851 203.061 817.91 1588.66 2164.76
0.000158515 0.00201992 9.2022e-05 0.0387652 0.167197 5.46964 14.0338 4733.59
0.000837231 0.061641 0.0755764 0.0663758 0.64692 0.195676 14.28 5523.62
0.00583601 0.00062229 0.0071122 0.0274123 1.10228 3.16499 0.167049 5124.06
0.00942747 0.00139491 0.00850272 0.139034 22.798 1875.43 608.969 1939.94
0.0106056 0.00111347 0.0123906 0.0469177 1.88573 2.30919 0.165409 5073.74
0.0145579 0.246139 1.81579 1.34542 1.92143 1982.06 840.833 1315.06
0.0220874 0.781375 0.241413 0.619691 3.04051 1.85106 17.5705 4977
0.0234849 0.00503835 0.0443818 0.256659 0.468837 0.217559 11.9362 5350.8
0.0243191 0.146525 0.369938 2.287 500.73 3045.61 1187.75 188.194
0.0700644 0.177007 0.140496 0.662723 1.81406 1.08691 15.2587 5162.9
0.130546 0.124862 0.226725 0.533477 1.4528 0.216436 0.0336045 4786.73
0.201524 3.60374 0.935865 0.913362 293.939 2342.49 1258.05 1177.06
0.248955 35.3586 1.79462 29.4441 394.256 557.54 882.222 2883.28
0.314649 0.0290715 10.1794 0.695141 13.2773 85.9768 4070.03 351.407
0.321829 1.75016 1.82711 88.0545 95.128 2385.92 1644.4 195.201
0.363559 0.0576199 12.4734 78.8215 106.59 696.032 4019.6 614.169
0.389407 0.304074 63.7917 70.3394 53.6986 1949.38 2049.22 857.499
0.410201 2.57799 4.26419 2.90003 74.6497 12.1151 3840.34 924.05
0.417672 1.3518 4.8143 4.19179 395.035 1927.05 1565.06 1500.69
0.690196 0.0850061 56.261 197.552 211.545 2754.35 376.875 519.428
0.766282 2.97112 3.58091 91.3537 178.121 1515.97 2644.36 1323.88
0.803333 0.824306 21.3733 54.8351 1353.95 225.198 368.09 2857.14
0.910878 13.5089 32.4467 49.3423 332.334 224.381 4309.88 331.647
0.961483 0.518784 0.389852 700.597 128.18 245.81 1505.06 1930.18
1.10666 6.66774 16.8343 17.43 16.671 355.087 4429.66 157.464
1.39471 0.822301 363.562 386.613 388.898 2133.36 185.782 1496.82
1.41036 34.7649 9.74032 7.06358 65.8459 1138.15 2067.95 1492.07
1.93927 0.569995 7.25405 0.75051 11.1809 1.58243 354.976 4459.97
1.96931 0.67585 7.58735 1.29403 1697.91 230.666 703.273 2371.08
1.9748 0.385459 1.31605 68.4769 1327.77 2107.66 709.884 938.997
2.05053 2.23042 11.375 37.1312 1764.53 24.1763 309.548 3034.87
2.15625 2.72475 3.49483 73.7688 163.538 8.61388 3503.05 865.96
2.42637 23.6006 24.2862 120.98 1.63994 1478.5 1785.41 1059.72
2.44328 13.7272 6.65243 37.6175 1132.66 66.3046 188.301 2820.02
2.80809 0.260252 0.247735 51.3925 38.4233 142.105 2175.32 2414.44
3.06667 147 45.0226 27.5056 3271.71 612.083 837.766 379.54
3.13047 0.209373 4.38657 12.8972 547.589 1015.13 1766.85 1951.34
3.17987 17.8423 5.57109 394.624 59.2805 280.699 2105.89 2493.23
3.28877 108.854 55.0196 483.829 1265.27 66.6852 1208.7 2062.24
3.29983 2.66427 10.0022 12.2758 523.901 476.713 2371.17 1548.59
3.59429 1.73683 3.44385 18.6535 362.144 906.148 1330.87 2306.07
4.06948 432.552 653.082 155.02 67.719 86.2986 268.887 3840.52
4.07961 433.629 654.708 155.406 67.8876 86.5134 289.57 3649.76
4.29347 39.4181 68.0236 52.4257 514.967 1422.63 2670.71 237.128
4.35163 1.58757 17.2275 51.4409 14.8831 385.17 3004.92 1381.06
4.59904 4.94851 7.46088 45.8714 30.0707 321.361 4804.37 144.678
5.03049 112.066 154.585 148.357 346.403 372.389 168.099 2944.33
5.27604 2.22974 46.6951 11.4148 208.152 2652.2 295.655 1604.77
5.28146 6.54605 103.409 284.832 64.4269 761.192 2876.22 813.389
5.51127 35.9355 64.4992 49.7094 488.286 1315.07 2489.32 134.363
5.61122 41.6904 83.9708 267.418 1125.58 254.804 74.7896 3356.81
6.37069 2.6777 7.33925 54.5166 78.4685 263.956 892.767 3663.05
6.67081 37.4301 12.4506 839.181 126.062 188.511 3493.36 727.781
7.30048 102.968 50.9386 439.099 1785.19 1452.72 1150.9 502.931
7.4517 7.94954 102.547 194.414 8.17816 1168 2244.85 937.269
7.84927 21.833 40.065 12.5191 55.61 1821.99 1515.42 1139.59
8.04961 1.24299 0.0702379 9.80394 4.62877 1937.47 1687.1 2299.18
8.45303 10.0792 21.8395 13.1452 66.7758 235.103 4028.18 1240.23
8.49548 54.5456 787.52 112.016 924.45 550.571 2768.79 139.713
8.7138 78.4984 40.5701 653.793 511.215 1425.6 1276.19 1569.61
8.73443 164.537 614.785 759.891 311.527 671.209 1084.72 1785.34
8.78073 0.831248 1.7074 151.833 351.638 2837.92 171.915 1976.82
8.79724 5.71273 9.22847 276.149 62.0029 249.658 3895.87 216.637
9.50182 1.54121 15.1226 10.3605 268.573 211.579 3695.68 988.614
9.63079 18.9477 40.2038 31.3932 360.818 608.998 4168.17 160.227
10.1772 52.6823 263.292 31.9451 812.956 104.452 3991.49 108.259
10.282 89.3466 22.6009 658.038 207.898 2483.51 1390.39 200.061
10.3521 11.0437 142.461 760.742 794.114 74.159 2703.81 176.862
10.5344 8.39641 121.444 240.311 2963.66 1328.43 441.083 59.3832
10.9015 1.33557 37.3527 137.704 205.513 89.1478 624.581 3723.76
11.0131 3.19392 14.0315 3.38945 399.644 982.51 635.121 2795.63
11.2537 13.6765 391.256 28.9626 171.132 112.573 835.834 3211.65
11.7357 14.2075 15.7088 6.53762 35.8654 2166.22 1695.62 1293.91
11.9205 73.4965 119.223 94.4614 113.317 338.949 4335.82 80.1516
12.0763 1.87806 35.2364 45.8818 19.7435 2088.38 426.872 2060.2
12.4759 151.104 95.2367 28.4771 512.918 3.66944 605.63 3638.31
13.2719 74.4348 171.147 2033.13 854.085 63.5312 1042.87 435.712
13.7174 116.513 76.5214 116.558 1075.93 613.193 2195.69 831.23
14.5899 122.221 3.59402 139.217 109.107 773.484 512.274 3292.22
14.7915 66.589 238.26 507.658 707.918 564.374 1872.57 1486.35
15.3366 14.5781 234.851 1618.77 1123.29 1776.49 344.482 196.382
15.9717 113.962 193.735 85.0027 756.031 386.426 261.711 3167.34
16.8655 197.19 211.486 286.97 1817.06 35.5314 789.742 1078.84
17.492 1.3596 29.0648 20.7311 689.647 548.695 473.415 3292.49
17.7779 16.5455 161.664 23.2895 952.106 2874.97 287.527 744.015
17.9859 93.5736 54.7333 506.138 1474.54 74.714 1297.07 2385.07
18.2821 14.7818 124.865 323.319 498.952 183.831 36.2351 3415.19
19.9701 10.5597 32.1132 26.6493 291.803 810.721 556.644 2532.45
20.0995 5.23326 13.4478 76.9105 3626.25 431.521 145.727 651.306
21.3937 96.771 158.862 564.325 721.615 567.715 1918.48 1515.16
21.5119 142.275 215.493 671.877 457.947 173.127 127.512 2975.98
21.9563 10.2633 293.857 1291.43 973.602 741.964 41.4516 1737.13
21.9981 20.8524 4.89816 448.044 129.573 208.248 4565.38 285.765
22.4599 11.4759 6.80761 2.19606 11.7601 140.278 3607.72 1182.1
22.9447 25.6447 250.544 91.3346 377.501 377.206 1452.7 1957.44
23.1292 363.167 63.8901 1605.39 112.204 1507.98 1102.18 481.644
24.045 114.629 41.1743 474.044 910.619 731.823 58.1549 2657.33
24.0918 151.098 261.213 642.036 231.989 210.995 339.02 3250.51
24.9775 4.89821 85.6953 14.6062 1591.7 218.764 703.466 2371.73
25.3626 12.1719 12.5287 10.4212 597.622 2325.4 509.677 1746.02
27.3306 129.317 305.231 60.8276 1310.94 534.995 2948.71 10.1884
29.2831 115.067 345.208 687.241 143.416 132.635 2796.84 1509.99
29.3429 4.21493 48.2086 52.078 309.482 684.196 3490.49 138.094
30.1053 4.80141 5.01699 44.7353 440.911 3105.55 494.479 734.143
30.1455 79.6742 62.3766 24.2779 2887.78 509.589 762.768 911.084
30.3286 35.2376 279.681 21.1286 50.0569 2637.32 2117.42 32.2044
33.4722 15.5466 12.9812 56.0746 334.52 709.323 1394.05 2063.51
34.0089 119.738 64.0668 855.118 823.476 1234.14 1435.56 638.175
36.3415 208.154 65.6097 2435.67 529.042 66.1312 1032.26 448.084
40.2953 169.871 167.169 48.3468 433.154 1482.2 196.576 2546.09
40.4275 4.69234 4.18175 5.2635 176.581 1274.66 1019.22 2201.24
41.592 88.196 14.4496 416.821 763.372 640.872 294.587 2596.87
44.0246 28.0966 2.38972 100.695 414.65 511.746 2947.92 716.439
44.6586 188.558 103.74 10.8072 414.121 650.711 1930.71 1386.1
46.8619 28.4903 91.05 166.327 86.4955 545.337 2587.76 1406.93
48.2196 2.85558 72.5655 8.6643 48.9175 509.796 2909.37 1911.65
49.4125 7.68445 159.156 509.219 150.841 1304.02 422.443 2340.77
50.1153 20.2907 474.467 163.873 988.699 607.981 232.952 2637.88
52.7502 139.609 200.581 164.125 307.841 1135.55 767.556 2222.32
53.3801 50.8947 46.5064 28.573 276.51 2641.86 227.783 2241.85
55.5096 108.917 76.4895 528.122 503.014 1402.73 1255.72 1544.44
56.5739 18.0913 97.8289 0.933287 328.83 13.8272 3789.8 653.191
56.8294 71.7904 429.559 1043.91 222.883 331.3 2634.87 262.388
62.3914 75.8237 286.996 31.3157 178.102 115.924 943.413 3387.53
63.4776 96.0833 52.5059 362.579 479.994 469.178 330.239 2839.42
66.0636 100.227 50.9172 418.211 535.669 520.982 379.256 3101.82
71.3427 389.913 62.2804 356.616 39.9097 133.749 248.978 3376.94
72.7792 37.953 44.0837 97.4957 156.044 868.711 596.46 2713.6
74.3769 0.465313 32.2204 13.4373 666.072 1371.01 1728.99 949.469
74.3932 24.7518 15.6527 64.1965 437.074 497.832 122.093 3960.08
77.3682 157.845 306.268 186.978 312.537 948.648 1286.27 1674.32
82.678 2.93444 273.669 619.12 1217.83 300.488 1925.21 1204.65
85.4697 158.337 185.633 1071.39 750.734 1511.55 1127.14 489.716
86.8627 21.6899 16.4244 247.571 453.399 3722.88 157.641 669.267
88.2387 981.019 157.646 1013.18 13.5769 48.6112 848.289 1013.14
95.5231 188.162 179.264 202.771 2064.52 1244.46 1235.85 159.383
96.7218 158.875 367.786 586.664 147.011 843.345 619.015 1929.2
98.2195 35.2675 5.35939 307.71 50.547 1361.93 289.07 2676.77
99.8146 90.7417 181.78 928.921 650.907 1328.92 975.41 426.251
102.184 220.872 1358.14 495.706 29.1909 490.234 1846.96 27.0196
103.194 89.3909 420.582 160.527 190.234 766.245 1732.58 2181.94
104.085 18.9249 204.516 719.395 912.861 2364.54 986.585 285.111
105.523 32.437 471.243 335.397 1175.75 400.066 1967.49 1222.62
105.783 35.8134 44.4661 372.446 43.442 1383.91 367.422 2554.11
105.908 8.66985 195.152 171.515 352.738 1199.6 971.317 2396.41
110.987 117.964 136.98 1233.35 952.328 387.863 184.549 1866.29
116.113 81.5949 513.013 78.0798 367.463 669.088 1797.83 1069.68
116.626 11.2966 10.3283 291.594 301.891 1116.52 413.211 2265.1
130.281 109.626 329.54 220.747 46.7301 635.88 2024.76 974.522
133.929 95.571 258.445 506.091 433.062 163.719 116.316 2807.24
153.277 197.111 75.3679 999.555 1538.16 1762.06 247.431 172.688
177.71 1.11178 76.9845 25.171 656.313 1633.72 1479.72 989.572
180.526 100.574 48.1837 114.182 604.727 172.463 1434.94 1918.14
188.853 31.5334 41.4424 357.769 327.983 17.9674 1304.86 1928.94
189.207 68.5815 85.669 465.543 457.008 1238.92 1851.41 350.361
225.662 202.307 25.255 169.878 819.977 1150.54 404.532 1924.42
260.559 109.623 378.112 363.32 8.95143 61.4004 1075.17 3174.73
276.603 94.2211 648.801 906.774 582.773 197.796 298.659 1798.29
281.534 16.2688 60.3709 305.664 506.444 92.2523 162.053 3601.82
288.018 270.779 483.182 249.754 68.828 324.646 100.574 3899.39
325.523 228.753 134.844 844.19 40.2044 910.536 1026.65 1036.47
355.121 111.173 387.12 62.8938 798.972 2069.54 881.914 250.529
376.728 78.7785 727.149 385.352 772.251 1437.86 67.1197 556.973
406.329 239.524 7.42736 264.548 837.009 516.439 200.524 2632.52
491.239 614.346 116.604 156.866 7.75373 1448.75 286.839 1913.89
512.262 538.615 181.928 90.6911 322.756 2619.84 473.718 778.707
631.815 59.8123 108.561 1144.81 91.7394 209.722 225.076 2775.97
713.219 291.804 1000.67 107.465 1411 144.12 245.124 1090.01
889.117 824.162 70.5835 307.544 351.251 817.937 879.669 897.294
