345 8.77117
6572.83 203.978 3018.81 200.804 334.371
694.578 9115.88 3.6652 1616.56 382.26
610.586 274.996 0.340718 2636.59 7328.95
130.657 70.7804 99.5454 0.0568688 11135.9
79.7692 21.3035 9368.68 518.538 591.048
65.5761 1153.06 1574.05 7475.89 75.6565
0.716512 2.1641 39.9666 10698.4 635.695
0.33901 0.0193008 205.577 1.35636 10294.3
0.0929065 2.50631 803.843 4438.62 5834.06
301.998 8149.1 724.635 2192.31 252.908
1974.46 7006.63 3.36992 1288.3 608.005
217.79 5876.13 2082.22 2463.04 236.654
2590.54 6599.11 658.731 64.843 1482.13
360.893 162.543 7433.59 1310.62 548.409
41.1789 48.5292 8314.96 37.5553 2448.01
5541.3 1479.8 2.67903 1678.37 1585.97
199.965 5395.77 2503.35 165.914 3196.76
6055.65 3058.19 3.44979 186.893 1390.88
6115.77 368.31 898.131 2998.95 388.188
14.7806 3.25131 23.2909 10310.5 230.348
821.379 4627.72 2437.9 3013.7 364.681
19.8014 75.1949 716.406 9959.21 355.286
4512.81 2032.59 2.4298 1564.57 2544.03
5362.68 2415.33 1975.06 199.867 1813.92
4833.75 524.155 4521.95 216.346 431.02
4692.03 312.023 429.112 1636.59 3148.51
3261.83 1687.63 762.93 3836.94 1834.36
4987.37 2655.44 2.90507 1826.79 1726.43
5.18944 17.8867 7156.92 2743.45 331.987
1.00247 27.0529 8721.89 1166.57 1807.21
5228.85 3470.3 3.34975 1433.37 701.447
393.531 5164.56 2486.54 1922.12 1028.94
186.07 5018.62 2318.56 1797.47 1698.87
0.672773 2.37502 35.6777 9642.17 572.861
3527.67 1607.09 711.395 3790.09 501.407
35.0779 678.118 9025.47 64.1224 1011.99
5139.26 2314.62 3320.09 71.0488 509.79
46.5619 176.104 1611.29 8607.45 863.74
864.361 4136.52 1358.61 2775.72 1826.54
489.209 81.9852 6836.71 1452.82 2131.77
4087.55 271.854 1950.18 1742.85 3114.51
3019.78 1494.89 323.506 3201.36 3580.55
3140.35 3813.45 3189.31 45.3163 1444.95
4262.79 1078.35 2389.46 1847.19 988.836
975.325 134.17 8409.84 42.574 497.485
2579.91 290.776 6597.83 317.69 578.933
2878.01 350.928 3757.34 3402.06 540.555
0.52812 26.2207 5.55916 14.195 10475.6
23.2681 15.7503 495.524 9348.81 1098.78
2150.58 1904.4 2093 2107.15 2939.46
408.569 395.371 8852.18 1011.14 680.457
7.1294 25.2984 22.4499 145.66 10723.8
1570.13 4345.78 1948.4 1295.37 945.618
3740.19 1684.48 388.733 4587.85 488.887
985.796 1161.77 8964.76 310.845 175.299
1189.2 252.334 103.343 9438.79 244.379
164.415 4434.25 4008.21 1417.67 593.295
2619.52 2851.41 2581.3 1359.97 1245.39
2327.1 133.735 6390.19 2114.7 243.86
5463.4 1138.23 1547.92 2411.34 598.747
125.441 3383.52 5403.69 1468.06 614.266
3640.02 283.719 1747.74 1354.97 3783.66
289.246 115.801 113.678 9096.84 1088.02
2126.03 467.686 5681.26 2492.74 560.213
1349.64 3026.41 214.28 5474.53 799.011
1419.43 2090.36 1727.08 3533.82 1202.43
2006.41 662.565 6133.54 285.846 1656.4
4455.88 945.471 2416.54 2987.19 639.561
505.13 1741.12 5162.34 1062.29 2656.48
12.0155 168.523 485.443 484.133 9704.24
509.46 60.1787 464.991 2938.74 6299.82
2773.62 588.501 1497.64 4324.5 1671.01
2310.37 1056.46 5783.21 500.946 702.684
655.743 1205.11 3699.31 579.104 4674.7
2169.9 2209.5 4665.01 1296.74 345.97
904.826 456.968 6003.35 1056 1534.76
3071.75 651.748 4809.39 2038.64 235.228
772.825 4354.28 367.471 1312.85 4762.9
1087.15 1107 5042.72 670.326 2479.67
16.5903 3.32483 35.3702 38.7925 11058.3
838.744 2321.41 225.248 6085.93 2148.81
2397.01 1079.58 4490.62 1062.28 1642.88
165.398 421.352 41.8224 4691.97 5917.88
2460.98 1055.34 1125.31 4562.58 1674.02
1068.68 285.397 603.176 8851.65 361.332
105.615 1032.25 2741.76 2794.36 3162.55
1734.93 3200.71 171.094 3252.4 1580.61
103.715 34.2503 1445.07 5281.78 3057.3
10.0819 3062.16 3574.95 1588.41 2387.97
150.005 736.739 984.766 4739.6 3839.47
195.459 3615.12 3321.31 34.7028 3728.93
305.826 4013.68 370.419 1791.97 4535.19
2662.66 441.626 3523.32 464.634 2766.92
1692.86 501.895 2589.55 4719.71 529.15
2288.1 503.329 198.961 7281.99 644.32
1228.75 106.439 5886.25 1725.37 1630.56
64.6877 14.3354 14.5597 214.277 9861.8
3234.82 3293.72 559.935 3967.08 575.135
1904.55 262.008 402.254 2657.84 4365.22
2834.88 1194.86 1802.73 1393.59 3719.27
394.114 1380.14 4077.58 2235.94 2345.2
1971.98 131.161 940.895 2438.37 4973.03
4329.11 1542.05 181.686 1703.4 3517.52
1602.36 909.39 2870.03 4310.85 573.46
434.401 33.857 6650.73 1700.84 1604.69
1324.66 1448.96 1305.31 648.065 6010.66
86.7684 1415.75 501.8 7558.54 923.257
89.1159 1761.29 5297.4 2436.38 1266.69
1796.95 140.051 2501.91 636.521 5645.44
598.215 2795.37 498.987 5680.02 360.316
164.834 2163.15 2660.14 3995.53 1634.51
150.56 534.238 1176.32 8417.15 608.366
2716.52 1334.64 1599.71 2333.97 2686.59
113.826 12.3447 8.99395 127.921 10864.6
0.503922 13.5965 4371.31 5715.17 224.779
1258.37 3205.63 4754.89 1518.46 238.83
26.2881 45.8476 4178.79 2005.09 4832.34
1205 2489.9 896.812 947.187 5802.37
333.221 1636.63 3547.81 515.372 4220.79
260.39 5034.66 19.0501 4193.79 1732.81
46.7248 116.685 137.911 2111.9 8252.79
136.795 3690.81 4948.55 57.7702 1320.74
2055.08 414.036 2022.45 2438.77 3996.06
160.086 1364.47 1023.82 7240.57 1018.41
1255.36 1278.28 217.305 828.694 7447.52
1064.33 1165.14 4883.28 2717.79 462.016
0.793467 0.200733 307.922 826.978 10009.7
38.1626 1.66193 9.49655 78.9103 10325.9
455.76 464.076 78.8865 3332.01 6153.4
3828.17 2172.61 2673.15 1156.55 328.764
4017.41 1182.03 2326.01 1797.92 1394.02
346.38 1150.64 1207.1 7384.37 546.362
1166.26 256.548 7284.85 57.3585 1597.44
179.321 247.398 4581.34 5537.72 100.796
4394.87 915.658 210.866 3579.79 473.55
143.692 2.05197 360.262 645.931 8856.5
3766.5 1804.01 3308.39 251.628 1868.53
784.93 391.309 2552.94 2578.08 5094.16
3977.78 875.075 347.85 4922.21 598.997
1.29055 19.5336 63.9536 1308.13 8461.25
627.531 3535.69 1854.45 2749.71 1597.84
168.865 4557.36 785.006 4904.05 616.275
3.46074 1.58251 27.5179 8123.54 2557.92
1378.04 2519.95 1273.66 1658.59 3480.93
6.12099 706.955 1559.29 7771.09 277.125
2276.51 2419.57 1546.59 1491.64 3444.48
1381.96 1512.85 248.226 7653.79 399.348
1730.26 718.64 174.555 7022.92 453.436
134.775 3637.02 1687.34 3612.19 1650.44
42.8617 514.525 1280.94 6133.27 3083.38
1589.8 105.737 2190.03 3677.3 2193.06
0.610598 17.5416 81.7618 1466.9 8986.49
246.463 1127.99 614.884 6637.7 1777.19
457.327 233.316 1063.53 8410.88 303.745
396.349 1729.23 4336.62 1374.92 2825.94
872.843 374.314 6081.68 459.835 2773.31
25.6198 495.396 5644.95 2356.06 1553.29
1018.88 458.884 3396.12 802.809 5149.44
14.5404 3.08535 5477.8 905.188 3799.51
2431.78 534.949 3831.94 2048.02 2565.33
50.7628 25.6358 88.903 39.4989 10172.3
3585.74 1810.94 2.00787 4260.52 214.861
696.883 3935.86 342.44 3985.22 924.957
205.325 400.321 385.588 6230.34 3230.98
3895.35 985.41 349.904 4950.5 226.509
143.614 773.357 1770.39 6861.94 1268.83
615.811 2506.35 3242.71 1199.08 3081.99
735.186 3760.95 3794.55 868.106 1831.13
22.2802 663.553 15.5327 625.432 8378.48
1907.27 657.228 1301.64 2050.23 4635.24
2330.07 2745.96 2261.13 1753.07 1358.98
629.652 52.8041 4590.15 2859.58 1957.24
1107.43 1076.93 939.897 2956.74 4254.46
278.097 2985.06 1648.64 331.021 5323.31
484.889 767.75 6226.86 904.644 1922.5
1128.87 2584.08 4796.07 1401.68 465.802
785.155 198.633 640.767 8941.69 234.932
980.462 2961.29 4198.66 760.358 1330.69
123.903 862.544 3661 1918.09 4061.65
277.647 518.901 63.9173 8725.92 1456.19
19.8857 0.617306 6350.16 4647.47 245.151
1154.92 100.032 1822.79 373.419 7180.37
277.398 1269.46 3554.85 4828.38 1025.06
484.354 221.477 7392.19 756.448 1323.84
326.97 4513.17 2156.17 1505.59 2465.42
2349.2 909.48 38.7734 1107.25 5725.97
0.953865 1.1854 20.4599 3860.38 6655.67
1642.17 3724.94 5.79015 5151.58 84.8224
198.274 112.53 710.687 50.7617 9449.91
1402.58 3881.65 1746.06 1158.03 1857.72
249.518 110.56 21.0867 3022.45 6957.24
725.879 183.616 1755.88 2701.75 4585.48
828.042 182.159 2321.53 3153.26 4536.96
90.2471 508.49 1375.94 6588.6 2037.26
159.471 873.691 1835.7 1816.92 6032.34
12.4498 36.8797 331.527 2309.01 7633.58
74.5096 0.627278 1376.32 6550.77 2679.08
3567.43 1801.62 4679.59 66.1465 338.176
2383.84 158.548 3915.15 1542.99 2319.92
4393.01 98.0774 1124.88 697.123 4429.35
153.48 424.774 6056 1092.79 2877.86
1285.19 1317.12 2889.98 437.851 5379.5
694.888 707.576 3223.07 4115.91 1800.85
1717.38 1582.11 2222.36 250.05 5439.36
2076.29 141.346 3178.53 3498.5 1714.61
395.734 1811.07 158.202 6331.3 1582.31
584.341 1766.46 26.9005 6468.62 2398.41
592.409 603.226 1391.34 6925.08 1421.98
3836.29 298.973 296.452 3549.78 2314.37
2586.09 1182.56 1685.97 5162.38 355.155
580.975 1482.39 2351.7 5607.34 1057.42
910.07 66.7748 2938.45 2539.28 3926.6
1768.68 376.215 2119.29 1629.31 5345.94
122.824 3313.15 1530.56 3707.79 1580.95
2322.01 2727.27 518.82 1839.25 3406.79
788.415 308.966 695.063 3154.95 4930.03
55.6964 143.729 3929.07 2762.01 3703.5
2041.94 159.144 156.892 7133.7 1419.16
13.5414 6.70328 6286.95 2410.01 2733.81
1315.94 110.022 5158.9 116.899 3276.25
370.757 217.709 1324.74 328.808 8713.2
1101.86 86.9047 837.195 4475.95 3866.18
292.09 1336.64 3743.15 4302.96 998.961
2539.83 13.71 3657.09 2056.43 2468.55
621.262 3500.54 1843.86 1615.04 3375.99
935.428 2588.99 2169.52 816.425 4554.94
1061.3 2937.32 284.972 3380.69 2854.49
116.239 589.151 1232.82 6694.09 2236.18
1335.4 1292.28 1512.6 3267.5 3299.09
1541.79 1569.94 6815.64 65.4308 222.314
1636.5 786.649 101.105 548.83 7730.11
1884.97 622.486 179.711 7193.92 779.717
1853.05 986.581 1.09482 7194.06 593.865
100.949 47.5764 5121.93 2273.3 2948.66
1028.48 1176.58 3880.1 892.635 3747.31
142.833 13.3011 1133.55 1115.48 8049.2
24.6292 2.98923 28.7608 739.066 9628.78
171.872 51.0359 647.479 126.585 9583.43
206.968 4476.98 333.898 719.586 5204.65
510.916 233.616 1710.94 8192.74 236.907
8.29431 4.70751 81.2139 110.944 10189
64.2425 2.6194 782.62 9005.49 463.325
1518.82 767.023 2952.44 4957.54 226.881
130.491 1712.49 4235.3 1831.07 3522.64
5.93043 0.286314 252.334 1411.52 8178.92
90.7927 44.1477 174.292 1031.73 8569.53
310.154 1069.04 1469.18 7598.1 232.299
117.349 1539.94 5095.32 1720.3 1745.38
68.7472 31.7795 422.531 530.193 9166.14
497.582 224.085 1658.46 7940.81 381.703
98.899 550.226 1242.79 5384.5 2597.59
1774.13 1806.2 1822.71 3485.11 1117.65
881.032 479.318 1886.02 1911.26 5222.68
1490.21 11.7829 59.6415 4266.48 4437.44
76.9837 236.412 3281.84 286.576 6725.35
605.458 2628.75 351.729 769.295 6846.6
45.6731 599.295 6754.44 1767.88 1370.82
1013.4 1400.89 5548.65 1902.41 219.494
311.997 1252.75 3046.44 1132.22 5466.01
172.798 2267.3 5607.46 2424.3 232.968
10.6815 283.575 946.031 1075.03 7971.53
217.335 319.578 675.686 3014.78 6132.81
326.685 1226.77 3656.71 2598.9 3200.41
2716.5 1766.01 634.713 2769.22 2365.87
6057.56 2728.1 3.34512 820.971 321.378
1040.94 1709.1 4118.87 756.873 3322.72
67.3295 14.8114 860.358 135.141 9498.18
3.78233 4.1371 12.1954 5020.85 6535.1
1474.09 520.194 858.069 12.7439 8607.01
382.282 40.3134 729.775 3298.29 5598.38
2217.48 1802.83 794.709 4045.68 2127.33
27.9461 41.3597 19.5756 1452.46 9226.04
203.147 997.781 516.733 4182.71 4128.12
536.609 904.983 3535.7 3660 974.558
516.266 3989.24 322.883 4569.54 1709.91
2216.43 920.6 5388.74 1404.42 723.052
20.4015 3.77819 982.877 9072.85 734.849
1397.51 3867.74 2345.39 50.1697 2963.11
22.4018 433.21 5333.95 2819.37 1565.7
569.58 1485.37 0.757884 1945.5 6932.03
784.522 645.946 3004.41 4728.64 760.347
456.924 819.204 3248.47 5137.88 183.001
1245.47 274.001 1962.63 5893.06 1708.73
455.473 205.132 8357.78 2154.66 248.662
173.622 2888.36 1254.56 3775.06 3620.29
1668.55 842.633 2922.11 5142.18 625.875
1869.79 842.148 6232.8 1192.57 599.957
3939.67 1301 2334.29 1809.71 1403.21
98.8297 2666.37 237.177 717.267 6429.24
2540.1 70.4813 830.939 188.458 7065.76
97.7307 249.414 32.3245 2502.81 7284.91
343.871 175.45 2207.33 6037.05 1673.19
1038.93 467.916 671.266 5809.99 2286.81
8.09038 4.08594 20.916 8250.88 2598.13
4301.79 286.107 393.372 1903.38 3707.33
1039.62 1189.35 713.355 7876.17 640.143
2374.97 405.34 723.845 4365.2 3459.67
229.247 115.771 3613 3745.85 2233.86
16.8975 233.198 574.735 8745.07 566.372
692.318 2444.94 15.8916 6344.53 1149
64.6051 363.986 191.738 2069.74 7879.56
186.791 2451.07 226.209 7667.14 389.526
1.82958 0.362611 13.3838 41.496 10836.3
31.3628 31.9358 662.917 5114.41 5297.79
317.512 27.677 1170.51 1004.23 7736.59
276.158 452.432 4125.44 2628.97 2182.57
624.383 48.6715 586.637 6933.37 2375.62
1.5232 0.335084 575.958 1927.92 7583.17
9.06847 4.8283 4330.8 5063.5 1714.72
1623.36 433.516 5499.24 1805.57 1399.73
647.59 37.2204 884.555 67.747 9291.05
1435.89 1779.63 1259.09 4978.51 235.309
93.8805 177.879 2060.03 6370.8 1974.28
15.048 1.0011 4980.77 4446.36 1411.96
683.395 153.375 2247.61 5642.36 2104.48
525.445 319.97 3089.4 4420.87 3045.57
1182.27 3272.09 4744.81 503.752 574.194
3043.58 1494.35 2030.17 1569.08 3147.43
77.1329 2080.72 4958.98 2719.25 329.072
454.609 249.601 1138.4 418.793 8657.55
1125.8 74.8878 537.2 5798.26 3356.49
1046.7 345.672 3199.88 4346.11 2591.85
2153.11 2192.44 372.746 4465.38 1373.12
2049.63 850.498 230.041 5559.13 2167.23
24.667 2437.35 2239.37 1429.17 4486.44
1375.9 122.81 4.39253 5482.53 4410.16
2422.11 1090.88 301.181 164.642 6893.34
13.8579 107.264 305.307 3237.49 6757.2
427.789 435.606 453.331 4393.51 5179.7
194.371 3758.25 1768.18 4173.66 331.017
3.76218 1140.4 2971.25 2483.6 4616.9
956.23 341.169 831.329 3924.53 4293.04
1059.04 482.482 5369.53 2199.1 1306.75
708.339 323.898 1333.24 7892.33 607.016
3.82529 3.89527 2392.26 8007.68 541.446
344.143 952.423 746.339 6815.53 1614.48
368.88 101.415 910.802 7483.88 1507.99
115.651 638.092 4708.4 1645.46 3165.4
131.96 365.191 2712.83 966.986 7236.84
37.7901 1019.59 2430.03 2603.62 5525.4
10.4483 60.5513 53.0523 6382.01 3667.61
1423.3 641.044 4744.3 1121.46 2486.93
606.879 47.296 291.398 7057.91 2980.77
1138.86 575.186 146.964 1761.23 7144.47
643.846 2254.66 1296.64 3970.27 1488.08
214.599 103.481 921.115 1332.04 7764.49
190.892 14.0142 533.411 7918.14 2006.83
674.552 1758.23 5591.12 2417.24 490.765
1215.19 1237.37 622.795 2910.5 5430
824.814 2926.93 1678.38 894.393 4425
151.737 69.3847 3139.91 22.135 7038.78
123.545 425.844 245.775 5935.36 3770.3
57.686 1556.77 115.045 5770.12 2900.73
327.206 135.9 5859.58 2415.91 2533.77
848.069 1606.81 5376.99 405.688 1647.16
4.47584 4.896 21.5383 7726.2 2432.76
2166.53 234.952 3698.12 1501.57 3038.11
1431.25 1457.42 207.066 258.474 6978.76
1278.58 99.6494 3167.52 4044.97 1769.65
1980.02 241.451 3420.82 2747.62 1903.37
13.1388 354.423 4275.89 4534.01 2031.78
1454.77 1481.3 966.958 168.525 7053.73
637.239 422.921 523.886 7434.07 1090.78
7.35955 3.15613 3256.62 451.595 6442.71
82.5117 54.4953 572.984 5357.74 4777.1
2283.15 2499.39 193.759 597.489 5111.15
103.064 8.85404 590.983 3448.54 6875.98
688.966 151.574 1931.8 2623.76 4894.64
86.2505 162.39 261.716 3913.8 5589.25
1786.04 559.539 5390.56 384.41 2546.69
3533.22 306.025 1710.17 4938.02 545.662
2.45075 27.9722 62.4834 38.56 9934.92
1857.29 142.173 1537.69 3723 3918.57
175.628 48.5725 5836.48 2796.69 1427.25
528.262 577.848 1228.43 4196.9 4569.43
1178.85 395.283 1242.24 1752.75 5755.37
430.104 193.719 1433.61 338.914 8601.95
13.2614 15.4405 1.8795 200.484 9352.33
11.0316 28.7084 106.563 1025.45 9100.78
4.4599 4.02983 2286.97 3943.86 4152.69
1.12544 138.088 1116.12 5056.91 3979.93
838.858 65.3877 2348.14 2894.18 4300.59
1438.6 490.274 1795.49 5474.84 1952.43
546.361 226.925 8377.84 1312.09 232.754
1004.85 166.897 397.852 2249.57 6601.81
117.125 190.973 3474.91 4011.23 2761.91
3933.08 866.449 609.705 2941.14 2390.3
103.499 108.289 884.079 2993.87 5678.93
938.665 29.1329 0.37085 8366.75 1070.79
239.395 543.026 4268.92 3275.06 1889.16
177.392 181.05 155.085 1918.1 7791.56
306.575 641.222 3748.72 17.7685 6377.43
68.023 17.2084 90.7888 968.825 9130.31
70.35 153.297 3113.87 326.536 7486.43
17.3707 61.323 7292.83 688.532 3117.54
121.781 962.914 77.7625 1034.43 7885.68
164.697 15.9374 131.07 1579.74 8799.59
364.19 1007.9 1523.8 5826.65 1744.06
72.2168 1396.15 654.094 1700.06 6622.45
58.7383 403.128 1421.03 1782 7133.42
733.787 533.065 237.281 8278.74 1009.97
452.439 160.597 712.064 1898.57 7784.31
0.152891 4.12566 49.7691 5522.36 5058.61
1753.7 24.9861 1297.54 441.05 7691.25
38.2492 59.8663 259.237 2829.22 7231.31
9.2156 1142.82 2700.44 5633.4 785.047
143.405 581.557 178.191 1063.52 8394.55
685.701 68.0778 110.645 934.438 9033.37
54.6188 1.69489 712.701 4232.79 5563.62
194.409 778.136 1841 1426.23 6821.42
1862.02 346.037 3455.31 74.6484 5567.14
41.0266 231.171 1485.41 771.688 7690.42
346.564 1194.61 686.492 5963.55 2375.17
1859.79 123.71 1010.59 2398.38 4891.62
995.042 930.685 1090 5762.18 1807.52
201.82 168.71 451.085 4359.41 5275.98
18.0744 14.0563 8.10787 5994.32 5155.76
265.037 675.165 2160.72 6239.45 964.371
755.686 151.137 2084.12 7574.84 625.305
692.571 228.713 2392.38 3823.42 3178.8
278.222 283.309 3064.12 866.333 6382.38
760.279 902.189 740.819 1039.45 7500.02
47.0635 6.4795 562.572 6265.29 3424.73
22.5608 56.3394 1367.36 1146.46 7527.59
21.9772 1.71267 7344 2219.46 989.648
0.765991 3.89793 2347.04 1362.51 6501.34
1366.19 133.305 2309.23 1147.31 5512.41
104.771 1179.36 2391.16 1771.5 5045.59
50.6786 56.0161 824.12 413.706 9327.77
331.233 216.074 791.41 2068.29 6996.35
1284.29 111.231 624.323 6738.81 1309.5
520.529 1488.02 686.966 1293.74 6575.73
104.702 656.383 738.885 1134.91 8115.56
111.271 46.2132 361.94 1571.5 7932.95
40.1147 224.794 1484.44 6792.92 2158.7
1636.7 201.279 157.617 4859.44 4164.22
204.065 541.721 4528.31 3987.44 1259.08
1183.65 390.897 3618.92 1984.39 3196.79
903.918 178.488 1559.15 7071.38 1002.74
362.53 163.269 2317.88 856.648 6411.07
668.891 301.242 1253.1 6725.8 1628.26
2.22339 673.07 766.37 3510.57 5508.35
7.09717 32.617 3680.95 3832.84 3257.33
1993.43 1322.96 141.863 6425.23 941.436
233.079 3058.78 4251.81 2882.33 348.825
958.09 144.04 3279.58 2918.87 3091.34
130.694 475.709 6351.19 2095.95 1865
14.1265 267.465 525.209 6416.06 3593.33
413.639 72.4714 696.216 4083.65 5128.2
141.783 313.706 296.301 2138.84 7458.92
208.743 624.68 301.551 5552.35 3625.56
129.065 444.86 741.322 216.629 8693.4
1625.17 145.017 1294.51 1960.76 5404.56
0.811653 21.8938 10.6855 8319.23 2391
1729.17 1760.69 1561.22 4494.88 1427.25
1022.39 467.526 2043.06 7108.94 393.528
2422.32 1091 1571.77 4524.95 1748.42
411.549 188.18 6280.59 2039.52 2553.41
1015.04 223.299 6757.25 2036.99 335.427
312.59 594.827 3497.11 1084.26 5184.25
26.1558 343.256 3869.08 3771.55 3098.11
904.029 54.444 2246.62 3316.1 3961.5
10.2333 1.4077 9.82491 5347.92 5184.27
637.415 904.508 6797.75 1992.44 382.089
46.3104 536.194 712.998 2328.98 7113.73
54.9708 355.829 770.654 5753.17 4546.47
3237.8 712.287 338.698 4058.82 2420.63
82.4181 352.17 862.182 3760.54 4925.15
3.46145 0.92442 51.345 185.939 9980.2
110.497 1450.11 3586.64 4871.21 1034.38
21.4716 296.338 142.177 3433.53 6745.61
112.301 434.156 1077.88 69.0252 8801.03
1974.39 1555.05 1578.94 4545.73 1756.49
336.003 978.757 2101.21 1989.36 5219.06
72.2088 26.9509 2228.13 7765.2 1509.16
214.185 142.313 103.707 23.4192 9038.07
49.5983 64.7547 8.83763 6290.12 3445.3
974.793 271.348 1193.27 810.529 7509.57
145.932 508.469 127.634 2534.68 6963.55
250.911 3292.47 1578.37 4847.29 589.821
15.3442 51.1911 838.972 4189.94 5245.5
97.9492 24.8725 3782.58 4026.98 2966.62
16.8489 17.3245 38.5352 1852.8 8670.86
30.3094 24.5173 959.517 4583.75 4873.03
576.164 30.9882 2877.9 4088.47 2975.96
281.826 538.376 278.08 3788.14 5456.95
588.731 599.451 1799.57 7997.93 244.301
621.035 639.278 2271.99 1966.51 5412.79
1057.98 540.355 715.048 4057.07 4457.16
1857.88 394.216 2908.93 4884.35 1037.01
586.352 264.08 1954.53 5644.01 2418.59
661.032 110.934 1350.92 673.973 7510.67
103.601 248.132 15.5501 1389.31 8104.73
244.299 110.029 1933.6 5793.93 2313.6
1873.44 412.114 2952.16 489.184 5365.05
103.309 14.857 1005.18 6434.18 3057.18
1000.17 287.882 2960.24 5857.22 598.064
46.7005 257.947 1846.79 3351.53 4874.99
1720.54 21.4317 911.431 4072.49 3133.91
26.3827 346.253 4362.01 5867.15 236.017
