14 0.938691
19.9885 0.785778 3.39747 0.922958 2.52741
5.35409 13.1399 0.844056 1.72304 0.00246385
0.975582 19.9107 2.08479 0.923798 1.84477
0.902837 0.898849 0.264958 21.4249 1.58925
0.0751855 1.56283 20.3863 0.924122 2.54679
4.87673e-05 2.1549e-06 6.73213e-05 0.00115809 19.3555
2.62945e-05 0.000193512 2.36273e-05 1.56818e-05 17.6196
2.03517e-05 7.72758e-05 3.81206e-06 0.00106199 17.7541
1.56474e-05 8.35192e-07 7.95048e-05 0.00109344 18.2781
3.57868e-06 1.3403e-05 7.53249e-05 0.000958158 16.0238
5.44535e-05 3.82735e-05 3.77355e-05 0.000955717 15.9832
1.75765 0.0664965 0.163115 20.5229 5.37408
1.47301e-05 5.46493e-05 0.000136372 8.03289e-05 15.008
1.79244 0.0657135 0.164376 21.1976 5.55025
0.213157 0.0770917 0.131852 0.459445 14.5876
4.79712e-05 2.51827e-06 6.62045e-05 0.00111664 18.6648
1.07957e-05 8.1126e-05 9.30956e-06 0.00113409 18.9556
1.73451 0.233174 0.21706 20.245 3.78581
0.0177393 0.00407978 0.149844 0.118654 14.7486
3.9997 6.16255 14.3976 12.6422 0.0356265
1.83238 18.3485 1.0901 0.913203 1.36936
0.000558085 3.1864e-05 0.000768804 0.000336061 16.8072
1.84998 19.0686 0.848053 1.4592 0.917493
3.84893 18.6235 2.49893 2.07445 0.746762
0.662176 1.22975 0.162029 19.9754 1.52859
19.8649 0.790628 2.48121 0.92105 2.49564
0.943179 19.5081 3.31631 0.900145 5.17374
0.575199 0.0246036 0.794494 13.929 14.3969
0.986608 19.4022 2.51327 5.69078 1.46944
19.4782 0.766177 3.31114 0.899862 5.16385
16.8779 0.678281 2.88144 9.66416 3.66495
3.01638 16.2904 4.29437 1.25276 0.00295302
6.2397 10.2469 2.60116 8.36938 7.33105
3.87168 0.168167 20.1236 4.0427 1.49749
5.76232 7.28861 7.43251 8.87382 11.0617
3.68265 0.16817 18.9606 3.84595 1.60047
8.68493 4.05792 13.6502 1.23992 0.395183
16.1584 0.686223 3.42948 2.83041 8.73798
1.04511 1.14331 20.0011 0.921245 2.49888
1.48124 13.2191 1.75852 3.25739 0.267592
4.66131 0.352626 3.02868 14.484 3.20135
11.8208 4.96936 7.91285 2.63767 7.5479
18.3855 0.757453 3.69875 0.888902 5.24715
7.86191 2.46898 4.6824 12.0105 5.77833
18.1909 0.766085 3.77715 4.18565 0.772827
3.17979 0.372481 0.267581 16.5257 0.651645
19.0794 1.27663 0.841982 1.45213 2.56035
3.13321 15.8791 0.844675 4.90363 4.97266
0.260993 0.0120845 1.34015 19.0637 3.58875
2.02649 0.312929 18.4605 1.96165 1.34542
0.922781 17.9692 6.74697 2.04705 5.82444
4.87248e-05 2.15686e-06 6.72605e-05 0.00115583 19.3179
2.81101e-05 0.000106995 0.000169097 1.58806e-05 18.0976
7.31331 5.97863 8.59377 7.24784 8.43209
3.53327 0.16222 9.69858 13.555 3.83848
0.321352 6.59365 18.3105 0.892004 5.64783
3.77412 0.16809 19.5247 3.94115 1.6475
4.40993 12.6522 7.63098 0.890856 1.00301
3.47967 3.97284 0.923643 13.3105 0.437582
4.68775e-06 4.59566e-05 6.35507e-05 0.00101828 17.0257
0.995999 18.0887 2.98041 1.29217 0.00547589
9.60679 6.71998 0.504265 15.9394 1.70828
8.85197 5.84241 0.543133 14.1982 3.36934
5.84375 9.59959 6.38022 8.80863 5.90673
14.6122 6.95143 6.13294 1.87796 0.673754
19.3237 1.28918 0.848841 1.46693 0.927434
6.45661 6.68113 13.234 4.79135 1.65735
0.260597 2.56382 14.0313 5.06002 5.83333
0.889677 17.5832 4.48055 6.60491 0.783787
3.68573e-05 5.57467e-05 3.78738e-05 0.000964963 16.1372
0.333173 6.86638 19.0753 1.25634 1.86781
1.12958 0.537023 0.102051 16.2842 6.64621
0.882505 16.6271 3.55198 0.854381 6.43807
10.0349 0.439816 4.23985 14.3268 3.35396
1.51419 12.0996 1.82929 6.66209 10.4447
0.15481 1.25349 0.338321 17.6078 4.46589
0.0955533 0.812458 0.0387666 10.8756 14.8036
1.54638 2.5535 18.7329 0.890396 5.30297
3.76356 0.148268 0.392087 19.7175 3.74039
3.7042 6.83724 3.05372 13.0855 7.41097
13.1441 12.7457 3.79936 0.903875 3.48761
2.4368 3.74446 12.7416 8.5684 5.45434
9.77107 1.46612 5.95281 7.8672 8.48259
9.82739 0.458012 0.613552 0.519723 14.0862
0.0746539 1.36646 0.224629 18.5288 0.71921
1.28285 2.11247 15.1952 8.715 3.29564
18.6748 0.740555 3.1797 0.86882 7.16751
8.47607 3.57212 2.75307 6.54702 11.6463
9.31286 8.90296 6.78936 2.21578 5.57535
1.17065 0.0830248 0.58689 17.2211 3.24297
0.0238895 0.300322 2.79913 14.6126 13.4222
0.000150375 0.000111764 2.28536e-05 3.84995e-05 17.1997
10.8462 11.8638 8.02183 0.844393 8.0033
3.21559 0.718623 0.174066 17.0798 0.00517553
18.7655 0.735946 1.03521 6.35633 5.17964
6.68944 10.1355 4.60711 9.69987 5.68602
11.5474 5.0128 6.57703 2.71619 7.45794
18.5127 0.774746 1.7878 3.77592 2.79594
1.41012 12.3433 6.99872 10.6313 6.23863
17.6827 3.01877 1.72121 1.14877 7.28698
11.2623 11.213 6.70714 6.29638 0.0106214
11.3304 7.11661 5.67822 6.76737 1.15495
1.21923 9.83636 2.72368 10.8923 1.21706
17.0883 1.42084 2.98023 3.00194 4.60772
0.0002786 1.5135e-05 0.000680877 0.000780238 17.8787
2.48519 15.7572 1.31291 5.10687 4.30439
6.09312 9.36519 10.8644 4.16189 5.50175
9.94834 4.26603 2.66461 10.0778 2.8557
5.4244 3.81653 9.10376 2.38336 10.14
11.9142 1.37847 10.9097 4.78878 4.26285
0.99065 4.52932 18.0674 1.21515 2.02535
5.00892 4.50767 9.26992 12.1499 3.13615
2.85167 14.2147 6.14929 2.3691 2.96539
0.803612 15.7165 3.33206 9.08676 4.81632
2.57562 13.0319 0.658362 0.962301 11.3237
9.8662 1.92508 0.97548 13.2578 4.34814
0.000158382 4.74868e-05 4.45499e-05 9.25446e-05 17.3797
6.41289 5.77068 6.90795 8.25339 10.2797
0.756338 0.561744 0.754004 16.0724 7.69385
0.94433 9.30482 10.3901 10.8187 2.19959
15.818 0.661706 3.349 9.13926 4.84861
5.97381 5.37381 11.0677 11.392 3.34228
12.5281 10.5977 3.49993 7.02845 1.34689
2.32197 5.77409 5.75195 11.2736 9.32274
1.34343 11.9042 1.34866 10.0333 11.6888
0.172728 3.19389 17.7113 5.27154 1.843
15.0147 4.89661 6.20527 1.3756 1.38343
1.04896 0.59841 0.366789 16.4032 6.47977
0.953488 7.63671 10.9775 0.954277 12.0566
10.5928 16.1053 0.836043 1.45157 3.63321
6.76877 1.01752 12.8102 4.42625 5.73451
1.10858 6.03387 11.9509 10.5273 5.1439
0.449623 0.742131 0.844875 18.7579 4.90025
16.2937 0.720105 3.48125 6.98797 1.66248
7.39806 3.24135 11.5334 6.60035 0.301378
5.16821 4.37758 8.6856 7.5827 8.95498
6.12532 9.42455 10.3224 11.9451 0.0336461
0.548581 9.95488 2.14344 13.3891 4.39094
1.58444 8.66494 12.5675 7.09385 6.8801
5.19937 15.3829 9.14975 1.4392 0.891797
15.7006 0.707154 7.87887 1.18508 2.59379
6.53012 3.37339 14.0962 5.39043 4.22101
12.8637 7.35511 5.63596 4.03548 3.17578
4.19844 1.90854 8.65942 3.86415 13.907
0.0215195 0.0985095 0.142997 0.0616144 14.2497
17.5236 0.71495 3.69529 6.07658 5.48569
12.58 1.9767 4.87747 8.64551 6.57035
10.4592 3.40099 3.75249 6.27687 11.6326
0.718565 14.024 5.91325 0.736519 11.3985
9.60406 12.1282 2.55002 4.73287 2.36601
2.74971 1.92887 16.8848 1.38249 1.95716
8.87624 7.51021 6.04888 8.91923 8.17636
6.73651 10.2165 4.62982 2.69271 11.7652
9.93994 15.5736 0.837185 2.33618 2.20163
1.31345 13.4622 10.8256 3.93007 1.44365
7.93149 9.96657 5.24815 8.21597 6.20163
7.48137 11.4798 1.12336 8.67695 6.40331
12.4234 5.23182 8.32537 2.78966 4.1971
7.89104 16.5162 3.12676 0.865919 7.02089
7.48907 5.56322 8.75464 9.54924 7.6208
0.265107 5.04318 13.9082 0.975672 10.964
0.933417 11.0177 5.54622 9.57504 8.06779
0.800179 0.781788 0.471495 18.4106 3.43724
1.17e-05 4.39591e-05 6.25306e-05 0.000980526 16.3965
10.789 16.4056 0.847859 1.47497 1.70102
15.3119 0.666465 7.67074 1.98905 6.51635
8.60934 3.66782 2.85831 5.16045 12.6247
1.65255 2.70225 0.701876 14.3382 1.08846
0.506645 2.55522 14.1609 9.25504 1.68207
6.04638 6.01997 1.83073 11.0705 10.5331
0.85275 0.402936 0.0595558 13.1051 14.9949
7.23019 6.11917 9.22438 10.2363 4.66931
0.526896 5.12248 10.2132 0.617582 12.3685
8.95177 4.19702 2.36916 6.43705 13.7328
12.7341 2.85367 7.69983 7.43502 2.77283
1.78821e-05 0.000173031 4.71811e-05 4.13897e-05 16.5116
14.4188 2.67211 2.46075 2.27381 2.85847
5.06918 8.34325 4.45884 14.0956 0.0102474
10.1432 3.91645 10.0505 6.16526 3.7379
2.15537 1.55365 8.26397 13.8704 1.09764
0.471827 0.0641144 1.31851 15.8133 11.8624
15.9849 0.715085 3.42236 6.86176 2.61183
7.42485 16.0787 0.812618 5.28653 0.803326
16.5204 3.69628 2.82589 1.93203 0.0299857
8.7494 4.93136 2.8199 10.8595 9.03
1.47022 14.7221 6.83311 2.3859 2.04951
3.59011 5.43407 4.9714 8.11418 11.8892
9.52631 7.07953 11.1388 3.36699 4.78266
7.70468 7.9712 2.91086 9.00052 5.73999
0.961031 18.8688 3.11743 0.919743 0.77732
3.68962 5.4996 9.44073 9.03908 9.6855
11.4332 1.8047 8.17959 1.75337 9.44019
5.89339 9.67599 11.0342 1.90952 4.15279
7.19295 11.7113 1.6875 7.4928 6.06744
0.145094 2.74765 15.3281 4.54663 10.7239
13.7308 6.45711 0.806819 7.55866 3.1601
1.06869 1.69213 12.3485 12.497 4.61319
10.1733 10.0943 3.8715 8.02975 2.25119
4.0222 2.00494 7.50481 12.9882 1.82311
0.872803 17.6699 8.82377 0.919071 2.46268
13.2226 2.06758 4.06248 10.9608 0.541866
10.3693 8.48848 1.69853 12.8994 4.20777
3.81465 2.47099 1.73243 15.4723 0.627793
0.373299 4.15271 3.67387 7.28273 12.7413
17.7723 5.73583 0.833772 1.42925 3.52033
11.1494 1.65412 6.78118 8.96203 6.01142
7.42404 15.5248 1.82056 0.820134 8.93479
0.222625 4.62907 12.87 9.27859 12.3508
12.3089 2.78724 4.81429 8.58518 1.57286
17.213 2.64556 5.34159 5.75808 0.0331677
13.8715 0.639687 2.98559 9.70336 2.5321
12.2004 1.41473 3.17949 9.94645 6.34959
3.14481 9.20227 5.5053 11.8462 3.0579
1.70237 17.385 2.11134 1.40049 0.842051
5.45832 0.252528 3.3945 13.6077 8.58886
18.9729 0.764878 3.24116 1.20996 5.03547
13.3131 6.2766 2.48383 5.17916 4.7619
0.878714 15.1541 3.04597 4.28759 2.99279
2.34287 1.74083 16.1451 5.78153 1.32789
7.65148 5.69491 1.19334 7.18853 10.5717
2.04566 17.1114 2.8673 1.26307 0.00521129
4.59137 7.56206 4.03572 12.7753 8.36385
8.42539 1.44275 9.49273 4.26719 10.0637
13.4326 6.25375 4.97648 2.29104 8.2169
0.283049 2.83506 15.6518 5.622 0.829715
0.774319 1.28123 19.7614 0.87524 7.49206
5.15674 0.432603 9.05522 13.7003 4.99095
3.93765 6.46682 12.2406 8.17328 1.22551
2.05959 17.2307 0.91105 1.8815 1.25908
8.15625 8.84077 4.56285 1.03902 11.3675
3.42663 7.40879 11.2419 10.9244 3.31858
9.21085 1.03228 14.7093 2.50213 7.53649
4.73093 0.202868 16.8141 1.33313 6.61646
0.110559 1.34344 0.131536 14.8906 11.1725
13.3872 5.65494 10.2448 1.86032 7.04145
5.02664 2.13878 10.6213 9.36558 7.89465
0.748999 6.35182 15.4248 0.866634 4.10702
18.0367 0.878898 2.15604 2.17923 0.900685
15.1389 0.710086 2.22111 11.4172 1.44662
3.81397 0.16819 19.7677 3.98263 1.47131
0.625339 0.606404 16.9959 6.20265 4.72202
13.0632 2.95886 5.11005 7.05818 1.57031
5.49253 2.33474 5.48378 6.35402 13.9788
3.46192 13.9043 1.93866 1.62177 9.61788
1.73548 6.89566 13.7885 3.52184 3.02313
9.15268 9.47215 0.636071 10.3326 6.59842
0.183735 3.30449 0.206378 16.7465 2.12428
1.99714 3.02557 8.81978 7.12198 12.2712
0.943307 0.661543 0.436311 16.1729 6.78057
1.25733 5.96468 11.8541 10.4517 2.80976
11.0281 10.6948 7.98649 5.21314 1.17426
7.00084 11.5483 13.1497 1.21859 2.35035
6.58758 9.22025 4.79675 4.21395 11.7314
0.152737 2.90146 17.9572 0.904937 2.68101
4.47418 0.194629 15.8761 8.2662 0.357065
2.13463 5.32175 8.17334 13.4733 5.05419
4.82432 11.9858 4.91338 1.72458 9.20811
4.82706 14.0907 8.93328 0.852959 6.85198
0.766329 0.743082 0.639532 19.2266 1.77143
0.721543 14.5111 7.24908 11.0237 2.44207
4.2727 10.6507 0.603678 0.833822 13.1492
2.00676 1.9458 17.5672 0.829976 8.78671
3.53649 3.52113 13.5769 5.34262 4.01994
14.1039 10.474 0.82898 3.55921 0.856022
0.89362 2.22519 7.11334 12.2523 9.49821
0.309782 1.26674 0.400921 18.2577 3.55424
9.45686 10.3352 6.42021 5.30027 3.67122
12.9824 7.4494 2.11021 1.19123 1.94874
15.4583 3.44498 5.99519 4.99336 1.27178
1.59851 2.41965 14.8805 5.36624 4.06773
2.47064 12.2769 0.910742 4.04144 8.96667
9.98026 10.5161 1.79265 3.04684 7.12354
5.24064 11.3566 0.56696 3.72834 13.469
3.39569 0.518339 4.88702 14.9729 0.491579
13.9291 7.33308 2.39274 3.74309 3.07123
11.6688 1.33413 0.566434 1.71781 13.5617
7.43197 3.21006 9.53212 2.98324 9.08309
7.24868 0.374154 0.885802 15.3443 2.45553
0.784131 8.10658 12.4712 12.3977 0.924512
2.40684 12.8974 2.21289 6.18435 7.63175
4.12663 3.88025 12.9405 7.47327 4.63717
2.80668 11.6343 0.567586 1.74187 13.8175
0.296289 3.6929 0.465878 19.321 0.0113823
1.34025 10.9588 15.7703 1.31763 0.746896
1.94481 2.01219 3.98084 14.0434 6.04801
5.0996 12.7823 7.22686 2.31673 6.34331
9.68361 3.12587 0.455173 8.47965 13.6648
9.15764 8.88217 5.84613 4.82597 7.73088
11.6403 11.2885 3.46267 5.6614 4.57098
3.53686 7.36435 14.2937 2.85293 6.31059
1.94642 15.3201 6.52592 1.89421 2.79873
0.459113 8.71827 1.85944 11.7304 11.0144
0.100335 0.164915 1.171 16.9146 1.25546
0.311035 1.19799 0.615355 19.577 3.68513
2.96471 0.121374 18.603 0.887329 5.4665
8.5508 1.74259 12.42 6.28927 6.47428
0.954989 16.8492 0.877522 4.49029 2.90048
12.3757 2.16686 6.30776 7.97078 6.10357
4.61211 0.394043 12.6819 3.08471 10.3477
1.67815 7.90292 7.14967 12.3609 1.61233
0.973321 17.8441 1.41724 4.49421 2.37527
0.0715913 1.31959 15.9841 5.87049 4.76935
2.23562 5.54336 8.50552 10.9984 5.96077
5.71963 14.3186 0.769739 7.65201 7.01152
10.5568 8.61243 0.736076 8.77401 4.88915
1.87917 4.67445 14.9249 1.72653 6.09807
0.663605 0.286236 1.48756 17.8829 0.728191
13.6228 0.582166 11.9974 0.887833 4.74399
4.07729 8.79604 13.3415 4.95426 1.39938
14.2004 0.97111 7.0829 11.3537 0.960673
4.43664 11.0518 4.56373 3.39891 11.2079
16.3818 0.830439 1.91644 5.81702 0.860978
12.012 7.54368 2.40665 6.6968 2.95496
9.09443 8.82052 3.27689 3.96542 10.2174
14.5004 8.28424 2.20138 2.38928 0.029537
8.78775 4.19621 8.35298 9.32234 3.69599
10.6289 10.3071 8.88164 0.852191 6.81152
1.64719 16.7744 8.42683 0.917469 0.764984
4.80841 0.371291 17.1611 1.15017 6.74638
0.434836 0.186619 1.30911 15.6218 11.7192
0.399553 0.327317 9.75409 12.8316 7.95715
0.145535 2.63357 14.524 9.47154 5.28612
10.1191 1.59171 9.06144 4.36318 9.75855
0.349532 1.03535 0.832232 18.924 0.367721
1.53075 0.342532 13.7174 4.08265 9.51722
3.13429 9.06872 8.44936 10.778 2.46148
11.1898 4.12235 11.6135 3.44501 1.84181
10.9986 8.98548 10.0274 2.12142 3.40008
9.44267 7.01356 3.15942 12.2406 4.36756
7.28493 11.1621 4.14773 8.14899 3.76703
0.274258 2.24324 12.1658 10.6861 1.60671
5.91769 8.55531 2.30855 11.1049 2.75129
7.7795 5.7205 6.30073 11.1602 4.035
4.51985 9.62445 8.541 2.93953 1.47693
7.03286 2.0533 15.6709 0.835965 1.54139
0.351147 2.21059 12.1168 3.65323 10.9135
9.68396 1.48145 8.67163 8.31675 3.97184
12.6791 9.32362 4.10076 2.43298 1.61605
5.28424 8.68711 8.95308 6.81377 7.9002
7.12563 6.41033 0.452902 7.99319 12.876
2.55158 10.4484 9.78515 1.65113 8.40352
1.09717 8.15483 11.3351 11.6659 0.35328
2.26185 9.10156 13.3711 1.1772 6.66332
0.604588 1.11625 0.154506 16.7336 4.24485
5.59575 1.828 10.274 6.40866 10.034
7.95125 4.55779 8.11393 7.78656 5.90347
1.37288 13.8288 0.648699 11.5873 1.59888
8.84044 5.06464 3.89074 11.5373 0.0275632
5.48125 2.88459 8.86097 12.7149 1.67644
14.7853 0.631905 0.866828 11.4631 1.38748
0.174019 3.11576 17.1362 4.61709 1.29804
16.573 2.61656 1.39106 1.84 2.39715
2.19132 18.8695 0.927065 1.30947 1.37327
7.52217 1.88768 3.64525 5.84123 13.0815
12.4571 2.7641 11.7891 5.10726 1.77948
4.76887 7.55135 14.484 0.850329 6.71341
11.6496 4.31234 5.41018 4.67496 7.46682
2.86926 3.07139 5.03144 4.35304 13.3441
0.136398 1.18794 0.466999 17.4737 6.1455
2.08493 2.02219 5.07 7.66692 13.7562
3.63907 0.168222 18.6919 3.80061 1.57807
3.85827 6.35393 6.54268 12.5674 8.33531
3.3093 8.20021 1.50073 5.70017 12.1283
5.68466 8.70537 9.61113 6.96559 4.04271
8.01263 0.93635 11.4908 1.74241 9.35183
17.8718 0.882102 2.06861 1.41669 0.350173
9.11349 3.00207 5.87076 9.3457 9.27353
1.82179 9.001 13.0915 1.7296 7.07809
4.71281 7.46088 7.74361 6.64392 12.1673
2.11824 5.26652 8.08461 7.74783 11.2617
10.329 9.77641 3.08052 2.56099 7.69734
0.67444 0.436122 16.5559 3.68667 2.8167
3.84298 4.5789 3.13031 12.9354 5.3547
0.269865 5.72642 15.9489 0.749298 12.6763
7.56034 7.52727 9.39035 7.13168 8.28393
1.1816 0.190233 0.0683819 14.6507 5.98174
1.39341 13.6036 8.22055 3.29124 6.15285
10.5979 0.449448 15.1194 3.16104 2.75823
14.878 6.40348 9.15792 0.916189 0.360524
9.3784 9.33751 6.6489 8.4018 0.329522
1.07128 0.459597 0.111334 18.2946 7.22354
8.91894 8.02294 9.35611 7.06767 7.01274
0.287389 4.45455 4.35308 9.10413 11.4947
1.83764 2.81538 9.93469 3.11656 12.401
3.08073 15.2208 0.766598 1.12198 8.10838
10.3602 0.43758 14.7815 3.08766 5.11532
14.2297 0.635799 6.50072 7.85602 3.94641
5.34276 2.27775 0.48908 9.502 12.3188
1.55708 15.0466 7.60078 0.902157 1.10095
0.89511 17.0005 3.62575 5.93477 0.745651
1.03509 12.5077 11.0116 6.09208 4.96313
10.9264 4.73262 6.75822 7.77068 5.94573
1.07925 9.22069 12.7795 3.59159 6.77182
2.08803 0.319725 19.2545 1.32168 0.0057764
3.06479 12.4177 11.63 5.0704 4.61557
8.26305 0.693284 7.29861 14.0177 1.64091
14.9457 2.30869 10.6669 2.67825 0.0324644
1.33968 2.47865 14.2869 1.14047 10.8856
3.851 1.62895 5.96924 11.9277 12.5388
15.4247 1.83352 4.17202 5.88279 4.92774
0.557922 2.26318 12.8961 10.2623 8.65776
0.708775 6.50956 0.84541 13.1133 0.284537
10.8144 4.75313 7.36133 1.56322 10.7772
3.43006 8.56494 1.5271 15.2832 0.00533078
8.08462 3.42349 12.5289 1.62487 10.1697
8.38784 1.31353 7.84512 1.41499 13.2909
1.68466 13.5452 12.0698 1.28754 0.707034
11.9624 0.588411 4.52469 6.9068 10.8413
2.64657 13.2099 5.15984 4.91219 1.61333
4.98124 7.56129 1.07927 9.0299 13.2314
1.04566 2.71118 15.5222 1.47823 0.00272935
2.61777 2.35461 17.8861 1.42012 2.07202
6.10464 10.0536 5.3663 6.48507 10.8075
5.17754 14.8902 1.04299 0.8937 1.02764
3.37222 3.35756 0.308247 15.511 1.75828
8.9886 1.26539 5.4569 13.434 3.18692
15.6064 1.3542 0.994971 5.77186 1.23828
6.0179 2.60258 13.4665 8.49285 0.698145
4.24968 6.98874 0.508468 5.58132 14.1495
0.0759142 1.51854 19.3523 0.91406 2.86062
0.431159 3.49413 17.8603 1.42379 0.35388
10.6733 0.940519 10.4356 4.55651 4.5321
1.00372 8.05938 8.92427 5.58299 12.0231
8.43409 8.39706 14.674 2.76122 0.369516
2.94972 0.211761 16.3144 3.43216 3.17928
3.19388 6.80129 4.4354 11.66 9.89981
13.5511 13.1403 2.01128 1.2245 1.74894
3.97492 0.347599 6.96039 10.5242 9.8884
7.72282 3.2704 16.3621 1.29295 0.00548381
0.895656 0.868544 0.121876 13.7659 12.4675
12.2519 1.47066 9.63101 7.29137 1.31816
11.4077 7.74596 10.7105 4.18202 2.64997
2.17681 11.1401 11.7542 5.4963 1.82503
6.86422 3.64763 4.08329 13.744 4.1493
3.33922 13.2562 5.21427 2.87987 6.06804
6.97005 5.903 12.9755 2.80719 2.37204
0.794061 3.0144 17.2996 2.13014 0.76887
3.56107 14.137 1.24867 2.88003 6.06847
0.973583 0.795608 0.476502 17.3397 1.25281
1.76722e-05 6.69966e-05 3.9137e-05 0.00104907 17.5387
0.132678 1.00523 0.95115 19.4548 0.959102
6.63722 12.1986 5.42389 4.53074 1.18946
8.51923 7.20818 9.79383 5.43228 8.23639
0.0467398 0.910503 11.4161 15.058 1.73938
12.624 0.642937 5.81485 0.79331 7.26013
1.45801 11.4174 10.5776 5.4138 3.1437
11.0756 7.16672 1.1034 10.3833 0.00500562
17.3163 3.84798 2.93206 1.27785 0.00536274
3.89397 3.50435 7.20613 2.68204 14.1639
0.42694 0.848406 18.2081 1.04261 1.41693
6.55703 6.52834 11.4004 8.31116 6.37206
4.90641 7.74981 4.20169 12.7905 4.25011
15.2638 0.710701 1.54161 6.4576 4.34324
11.993 10.7873 8.04881 3.63251 0.904283
8.45688 4.83069 13.8751 2.09839 0.520884
4.98173 10.853 6.27339 2.01501 9.82514
7.79362 2.51959 11.2891 11.6132 4.59061
7.81566 12.8606 3.16473 3.50432 7.7826
5.57699 9.18825 10.4664 10.2035 2.25765
4.2983 7.07633 13.417 1.84973 8.18698
0.208312 0.797136 1.09405 18.8256 0.928167
3.5827 7.709 11.6873 7.82741 1.65089
14.3303 8.17408 6.24395 1.90094 0.0308023
3.93557 8.46096 7.47792 2.50138 10.76
0.840998 15.2148 1.21923 9.80863 2.33433
4.55776 6.78884 11.6492 8.07479 4.9319
2.20528 8.93259 8.14541 7.81592 5.92627
4.96694 9.18807 0.488607 8.70912 11.9852
0.356282 2.93277 15.0159 1.29342 3.88465
6.36664 9.77516 4.41292 9.7738 8.24206
2.35038 9.82082 9.18769 4.89158 8.32783
2.28145 9.19364 13.5084 2.01238 6.54641
6.01577 5.83481 1.81394 4.31724 13.6999
13.9658 3.0889 1.89994 11.3005 3.04014
1.28448 0.288446 0.179845 16.8308 0.514838
7.62722 11.689 5.30728 7.33593 1.63496
0.358892 0.746182 9.9076 0.681116 14.2212
11.7268 11.3718 2.20173 0.812527 8.59722
1.74844 12.9433 4.44777 11.4933 0.883026
6.84603 6.84105 9.42529 10.4605 2.12605
14.0431 5.97809 1.27022 3.88802 6.22355
2.61136 10.6738 10.1567 7.3523 0.0289453
9.28435 5.31074 7.56503 4.20171 9.09442
3.75281 3.73641 14.5428 8.76522 0.34421
5.09088 3.60836 6.47045 4.35705 12.9499
12.1294 0.521037 10.6827 3.651 8.63655
0.689911 1.13739 16.5158 8.29863 2.30592
0.698982 13.7533 6.8792 0.737692 11.5157
4.14207 1.76748 8.73798 7.71346 10.6105
0.968042 9.73355 7.83343 2.56041 11.2652
0.923525 9.52936 13.1872 3.68768 6.98477
9.36267 8.43683 1.64938 3.07104 5.46651
1.38842 0.244022 16.6742 2.81943 0.688065
0.618238 11.0835 10.0952 1.66041 9.97892
3.75712 0.168 19.4221 3.98504 1.63992
5.70513 14.289 2.52129 1.08319 10.3308
12.9931 0.698256 1.61327 1.08662 9.80479
15.1833 1.75463 4.6475 1.78987 6.89729
17.5015 0.752776 3.72235 0.880386 5.19733
4.3255 5.15255 3.52644 4.32885 12.4761
