1339 30.9862
10.7805 0.761608 2.18175 0.778909 0.78085 0.782796 0.784747 0
0.76834 10.5906 1.25981 0.775762 0.777801 1.20274 0.784712 0
0.193368 0.0134154 0.754579 11.2295 0.793617 0.782888 0.78477 0
0.0532731 0.775602 11.3186 0.779262 0.781098 0.782938 0.784783 0
0.00356607 0.00024199 0.0526721 0.777985 11.4911 0.781567 0.783364 0.700152
0.00250551 0.0356647 0.508919 0.59121 0.0548598 0.054995 11.1706 0
0.000621319 0.00184223 0.0280841 0.0458847 0.777619 11.2598 1.31755 1.3292e-06
4.74225e-05 0.000285975 0.00402613 0.0560633 0.780675 10.8708 0.784722 0
1.2772e-17 1.41779e-17 1.90824e-17 2.54122e-17 3.70682e-17 5.00827e-17 6.39112e-17 1.5784
3.34057 2.4552 9.0023 0.948507 0.76403 0.766277 2.20506 0
0.000116284 0.0015936 0.00379669 0.0564514 0.775688 10.6586 0.779818 1.20134
0.139017 0.0107208 0.7567 9.9773 0.771723 0.774014 0.776312 1.48127
0.0335771 0.442307 0.0336737 0.630103 10.1604 1.13844 0.866274 1.25457
0.65558 0.0530386 1.07282 9.27828 0.757516 2.21317 0.780799 0.949697
0.880138 2.37224 9.39189 0.760238 0.762557 2.17888 0.932653 0
0.966257 2.12642 0.580183 0.492979 0.199043 9.30328 0.779787 1.06808
0.00400775 0.00400775 0.00566781 0.00801549 0.0127791 0.0209058 0.0293695 1.56964
8.94845 3.70455 2.78723 0.772714 0.774982 1.39985 0.784632 0
0.00471062 0.000387165 0.0575072 0.702048 8.5706 2.43112 3.1616 1.36713
0.415098 0.176589 0.376049 6.11736 0.88947 6.17853 0.782654 0.580789
9.83628 1.65498 0.724901 3.88808 0.915974 0.782644 0.784708 0.0199324
0.648044 0.0674952 0.372441 8.59006 1.07611 2.11736 0.781401 0.787927
0.0311128 0.0376469 0.0488395 0.0618515 0.0900619 0.119908 0.165206 1.40819
0.056407 0.00403219 0.76227 0.159075 0.0558105 0.0559529 10.9777 0.00192632
0.0119322 0.163016 0.482944 0.583837 0.0567365 0.108238 10.7204 0.0174586
3.85299 1.67652 7.84247 4.24949 0.749697 2.79932 1.22163 0.00400296
2.72498 4.13428 8.17676 0.735235 2.71457 0.766395 2.19282 0
0.114534 0.555756 0.374935 0.116152 7.19352 3.27839 1.84222 1.04794
0.0594674 0.0264705 0.752453 8.73062 1.47638 1.36117 0.777733 1.18626
0.642362 7.48568 2.92877 0.691977 0.69452 1.15807 4.09491 0.288756
1.47144 1.95734 7.85046 3.57876 2.41869 0.758776 2.41756 0.389168
6.9029 2.8484 1.7378 0.656379 0.65878 4.93063 0.784444 0
0.00369468 0.000255238 0.0536095 0.777871 11.2869 0.815403 0.78361 0.620314
0.692267 2.06675 6.59697 0.586935 6.083 0.781684 0.784469 0
0.124958 0.0107386 0.763656 10.9959 0.775801 1.48936 0.784752 0
0.0276409 0.372829 0.666355 0.141966 0.057616 0.0702713 10.5537 0.802314
3.62556 1.14238 0.875512 7.1106 2.27013 0.819188 4.35685 0.256961
0.0038287 0.000269778 0.0544718 0.774983 11.0259 0.778831 0.906949 1.02517
2.74203 2.47501 8.07103 0.718837 2.48938 2.41483 1.61121 0.731924
0.236337 0.130607 0.583026 0.102066 0.396201 0.174141 9.62835 0.87008
2.58573 0.198631 3.29385 9.03843 0.765366 0.830256 2.08504 0.229552
0.0175842 0.00154519 0.0400422 0.497993 5.68899 4.53849 4.98408 1.49741
10.5531 0.768943 0.770982 1.17017 1.20214 0.782631 0.784706 0.00943123
9.06812 0.649133 5.92888 0.776956 0.93001 0.908234 0.831496 0.0154424
0.162761 0.330267 0.606898 0.236225 0.0864171 0.219927 9.79232 0.031574
0.367774 0.314827 0.0479758 0.0942891 0.102473 5.10631 5.9729 1.10312
4.23363 1.67495 8.38343 2.95618 0.757866 0.760044 2.57649 0
0.815225 3.40724 5.2422 0.477561 1.50865 0.492372 8.08917 0
0.00865548 0.00865548 0.116382 1.11264 5.37683 4.80447 0.791191 1.51717
0.339975 0.476665 0.170993 0.465408 0.072461 8.15963 0.77407 1.33875
0.0113387 0.000905829 0.057522 0.733977 9.21685 3.21338 0.781998 0.796576
6.60948 0.531506 2.51332 0.57024 0.572081 6.64405 0.784126 0.323672
7.93452 3.29411 1.14133 0.726394 0.728941 1.75424 2.98264 0.276011
6.09191 2.13874 2.47992 0.52614 0.527661 6.95635 3.1972 0
8.26754 2.17175 0.674367 3.17918 2.54274 1.93893 2.38022 0
7.04531 6.63896 0.744568 0.746767 0.748973 1.98142 2.30364 0.254781
1.4819 0.114848 1.52957 0.165292 9.52911 1.95992 1.87898 0.599479
0.865996 1.23222 10.2838 0.757538 0.759548 0.761562 2.58542 0.296159
1.0819 5.51542 1.82012 6.33975 3.82534 0.781499 0.784154 0.287905
0.00407197 0.000299823 0.0554522 0.755148 10.2836 0.906918 2.20799 1.47154
0.00474781 0.000373705 0.0605059 0.771086 9.8267 0.849049 0.778736 1.21921
2.94073 2.94073 0.407495 0.409447 4.19875 1.81496 5.09195 0.424331
3.16938 9.725 0.762608 0.764724 2.043 0.781829 0.897848 0
0.142645 0.0397362 0.120787 0.720865 9.64579 2.7636 1.28749 0.844048
0.0419369 0.440797 2.43397 2.87509 0.360856 3.81006 6.17705 1.17106
2.01336 3.10056 1.93641 0.338218 4.23261 0.4825 7.65839 0
1.56059 0.716403 3.25525 6.67996 0.700864 1.30192 3.61557 0.173475
3.12313 3.77628 4.90043 6.55518 1.68019 0.778966 1.15033 0.191594
2.05617 3.47297 1.87874 0.395633 0.397193 7.41742 1.75663 0.52751
0.0987529 1.04402 0.0991937 1.59386 0.180711 5.77013 5.60665 0.971634
4.17174 2.20019 2.41269 1.55893 0.426686 8.51125 0.78462 0
0.115351 0.115351 2.07527 9.69901 0.779775 0.78218 0.784593 0
3.06149 1.21316 7.68405 1.55466 0.74096 2.49549 1.60231 0
2.03473 2.32718 2.29644 3.85092 0.497572 5.4687 3.80714 0
0.196828 0.978365 0.555883 0.411587 0.110515 8.35989 1.79372 0.531322
0.099841 0.0934853 0.131105 0.189463 0.267942 0.378927 0.55295 0.770016
0.0131242 0.0126004 0.0460223 0.541276 5.94492 0.545801 5.99461 1.52764
4.41193 1.52909 0.82702 0.361817 9.08427 0.782365 0.784639 0
0.000263684 0.00142863 0.00365982 0.0553779 0.780791 11.0086 0.784739 0
0.00309907 0.0404064 0.528375 0.516043 0.0567315 0.250569 10.2092 0.656499
0.922256 1.14451 0.942159 0.16754 0.288946 7.89566 1.34913 0.272093
0.038025 0.00272755 0.0398767 0.7691 10.7496 1.62486 1.22832 0
2.19351 3.63371 2.28515 0.40211 1.13259 4.45515 6.67308 0
0.306856 0.0520391 3.58588 7.49948 1.42764 2.93376 1.21469 0.987206
0.199642 0.431038 0.223932 0.446823 0.131187 7.58947 3.68614 0.922511
1.50477 6.4755 7.19273 0.763738 0.993073 1.93504 0.784606 0
0.181806 0.671549 0.340418 0.0676433 8.90257 0.78045 0.902926 0.0491434
0.519693 0.166629 6.38297 2.788 0.636322 5.97816 1.35779 0.195734
0.850157 0.0765786 5.3087 8.00011 0.777214 0.79284 0.831999 0.673158
0.0578872 0.0102294 0.744683 9.46308 0.749323 2.42289 1.65824 0.338127
0.77363 0.0565382 10.6141 0.777762 0.858536 0.782356 0.813671 0.172573
0.445502 0.0345712 5.75821 7.68234 0.745834 2.86215 0.780352 1.05553
8.74417 1.73303 0.740333 2.43397 0.882868 0.773376 1.5905 0
6.72471 0.530958 0.528686 0.530307 2.01108 7.07876 0.784598 0
5.1955 1.82639 5.50717 0.681153 0.990165 0.71852 4.24099 0.6719
8.47231 6.8439 0.776811 0.778784 0.780763 0.782746 0.784735 0
1.32456 9.94042 0.742147 1.81672 0.756224 0.758292 2.73422 0.0115143
0.00101819 0.00257303 0.0355613 0.458387 0.0369475 0.626535 9.99839 1.30878
0.0771018 0.0353768 0.0383168 0.56268 6.465 4.10858 4.3335 1.37561
2.75654 2.40687 6.77967 0.743364 2.35119 0.780513 0.784138 0.0922584
0.132611 1.59162 2.43948 2.83324 0.338738 0.339911 8.51533 0
1.2608 0.109114 2.82753 8.19687 0.758356 2.18958 0.784423 0
1.36122 2.92439 1.75351 2.14834 6.76142 0.760599 1.88569 0.710975
6.4048 5.7303 0.721593 0.724133 2.51961 2.45781 0.78448 0
0.0547321 0.676918 0.35764 0.125697 0.0628861 9.65069 0.782851 0.639701
3.4075 6.59631 0.648562 4.1319 0.744394 0.747228 2.74204 0
8.05052 0.723451 1.94844 0.747172 2.22828 1.21885 0.784135 0.203583
3.91282 9.41378 1.53141 0.769078 0.771215 1.32145 1.42714 0
0.0470626 0.00673686 0.542802 0.54488 0.0833205 0.0678858 8.88302 1.14283
0.0517391 0.00368498 0.728285 10.2514 0.731979 3.27534 2.2642 0
2.09819 2.22019 2.65896 2.55335 0.406983 3.71259 6.99307 0
0.718067 8.90812 2.41043 2.51266 0.77314 0.775648 1.46651 0.0351328
0.0489299 0.639233 0.049073 0.0492166 0.402619 9.93182 2.54423 0
0.890546 1.29935 10.7999 0.778779 0.780759 0.782744 0.784734 0
0.0323015 0.00658871 0.219779 1.59463 1.17594 1.42603 4.95411 1.27179
1.28662 0.798613 3.66238 8.84448 0.762422 0.864498 2.17757 0.295434
0.0616812 0.203227 0.485615 0.44842 0.302534 0.191819 9.32989 0.85481
0.00307503 0.000235413 0.0402845 0.527747 6.91376 6.93399 2.72169 1.44637
1.50924 0.896706 1.75553 2.4827 0.291536 8.65089 1.62162 0
0.197253 0.165139 0.475163 0.105031 0.0522382 3.97135 7.14702 1.32077
2.38017 4.64065 2.22456 0.786029 0.822431 6.30793 0.784305 0
1.22059 3.79927 7.04473 0.723328 1.47034 2.97382 0.784359 0
2.50353 5.18136 1.43125 0.454452 1.23589 0.465522 8.26564 0
0.0356891 0.0369011 0.056 0.0893188 0.122752 0.214733 0.278323 1.22699
7.61705 0.627817 1.32776 5.21625 1.57294 0.78132 0.78397 0.355496
4.50227 1.61216 0.849987 4.85715 0.651297 1.31794 4.43624 0
10.3932 0.773903 0.776046 0.778194 0.780348 0.782509 0.784675 0
0.164406 0.0292944 0.527275 1.50767 3.17141 1.29382 1.96731 1.28747
0.498192 0.129181 6.28456 0.51639 6.70326 2.11696 1.56895 0.695162
0.124982 0.621151 0.221064 0.38954 0.0637852 9.47071 0.781169 0.883877
1.01873 0.0784423 7.38853 4.82364 3.3376 0.730652 3.72241 0.139795
6.00824 0.447551 8.49594 0.775838 1.0753 0.7821 0.784267 0.340642
2.08756 3.1329 0.330039 1.4943 4.06384 6.81937 0.885068 0.596563
0.0357013 0.0265144 0.0276116 0.652587 8.16196 4.86568 2.32434 0.403251
5.40389 4.43488 0.597618 5.69296 1.35572 0.781053 0.783902 0.343187
0.0908177 0.23077 2.62017 4.64841 0.410766 0.411978 8.70957 0
4.14736 5.10318 3.26687 4.72868 0.767656 1.57881 0.81613 0.479003
6.47173 2.58485 0.824371 5.42537 1.2964 2.06176 3.01058 0
6.26458 4.38461 4.03695 0.678072 0.680153 1.97502 4.59668 0
5.85525 8.15993 2.57848 0.774092 1.32187 0.782494 0.784672 0
0.056176 0.00582375 0.776471 10.7035 0.780579 0.782641 0.784708 0
4.02961 2.70106 2.59234 0.465649 7.40107 0.781641 0.784437 0.0776087
0.324489 0.0742513 3.94626 5.10958 1.20435 6.57587 0.784449 0.0703015
0.751755 10.0992 0.753835 2.60267 0.780352 0.782511 0.784676 0
5.74002 3.65449 2.108 0.602665 0.604818 5.00604 3.17176 0.0264805
1.96098 7.94616 0.593689 0.595249 6.98014 0.782656 0.784712 0
10.2149 0.768101 0.770269 0.772444 0.774624 0.776811 1.47651 0
3.69338 2.7325 1.99071 5.9265 1.74406 0.739279 2.82845 0.0117571
0.199568 0.199568 0.157135 0.624551 0.0609829 0.380849 9.05526 0.940026
5.31806 5.31806 3.73092 2.3983 0.698925 1.59743 4.17154 0
0.261228 0.465345 0.533653 0.0651296 8.7777 0.76032 2.19426 0.472203
8.17532 2.13551 4.18084 0.721661 1.9271 3.4383 0.864255 0
0.00142409 0.0187205 0.246803 0.26982 0.688299 10.2487 0.781882 0.867091
0.0746988 0.070075 0.183884 0.445688 0.0370993 0.60914 10.4221 0.238533
0.284891 0.630806 0.0873998 0.348701 0.0603807 10.1047 0.784617 0
0.370798 0.0298077 0.676959 9.60883 0.774925 1.24332 0.81404 0.361462
1.4133 0.114031 1.46665 0.164594 8.62706 1.31797 3.76113 0.817146
4.56439 4.56439 0.537741 0.539603 6.49982 2.04582 0.784494 0
0.00393289 0.00111289 0.0557423 0.762247 10.4233 1.04128 2.19296 0.128326
3.4877 1.93049 3.43784 5.26399 2.7707 4.27196 0.784413 0
0.16599 0.0344205 0.776987 7.85928 0.722872 6.15036 3.12414 0
0.74855 10.4 0.750486 0.752428 2.83268 0.996148 0.784723 0
0.922224 0.922224 0.776981 0.417995 0.568239 9.13142 0.784468 0
0.0117964 0.00219076 0.0456995 0.606569 7.81066 6.15005 0.77582 1.50787
3.45643 9.54755 0.975018 2.34821 0.778127 0.780274 1.11981 0
0.0131237 0.000919451 0.0527017 0.775314 11.0935 0.779119 0.781029 1.09329
0.56977 6.11502 4.16051 1.77137 0.710617 1.6266 3.1728 0.28224
0.618173 0.618173 9.63832 3.00571 0.780005 0.782312 0.784626 0
0.00211499 0.000144656 0.0309951 0.454232 6.65676 4.02984 8.37787 1.15154
7.18001 3.42374 1.05628 0.720553 1.468 3.0385 0.784349 0
0.0939491 0.0939491 0.130378 0.186149 0.263681 0.373103 0.527555 0.747988
5.51378 4.61948 0.664225 2.76127 3.14276 0.770838 1.5127 0.431093
0.327078 0.64508 0.0608237 0.0610384 8.66122 1.65172 3.05341 0.184502
5.36212 0.411871 5.74467 1.00501 4.62913 0.705503 4.48351 0.02293
0.175544 0.682897 0.20374 0.176969 0.204062 9.78271 0.784565 0
2.54963 4.03819 3.52108 6.98846 1.13131 0.780837 0.783622 0.432311
0.940555 3.43108 0.819194 0.288346 0.289244 6.01263 7.04603 0
0.0191904 0.191382 1.85306 1.68839 1.02276 0.260245 7.59629 1.54087
0.123192 0.328596 0.480421 0.370459 0.211222 5.31599 1.70463 1.11497
1.36446 1.34765 5.00753 0.512512 4.91294 2.57073 2.85893 1.63726e-05
8.68267 0.686506 3.73841 2.25065 0.770242 1.62451 0.973066 0.0583747
0.990754 8.51366 2.71023 2.11452 1.36497 0.781737 0.784473 0.0514116
0.146104 0.0223223 0.167984 0.876626 4.34275 2.12675 0.751615 1.43868
0.141302 2.01917 10.9466 0.77903 0.780935 0.782845 0.784759 0
0.575834 7.35506 0.577596 0.579364 0.581137 6.70796 0.784599 0
4.63753 7.74847 0.712042 0.714252 2.4731 0.742533 3.22392 0
5.02802 3.18851 0.496495 2.05386 6.31763 2.0778 2.22965 0
0.0931508 0.46641 0.243749 0.534442 0.146355 0.0820723 7.26232 1.16002
0.664834 0.0490914 1.40368 10.4183 0.777798 0.779916 0.793673 0.864195
1.46167 6.23868 1.12128 0.602276 4.64465 2.73846 0.784257 0.0695015
4.21614 0.622925 0.872033 0.343291 0.344358 8.91397 0.919443 0.0212913
2.30693 3.6371 4.86779 6.49968 0.691959 0.693917 4.87955 0
2.87078 9.21676 2.07789 2.95353 0.780181 0.782413 0.784651 0
6.21149 6.86606 1.34639 0.69583 0.697752 0.699679 4.7693 0.436621
0.214756 0.673956 9.48927 4.1195 1.62635 0.782373 0.784544 0.192064
0.0806927 0.0115922 0.567466 3.99067 3.24609 1.22872 0.859964 1.12225
0.916001 2.62669 2.09864 1.71925 0.508306 1.40206 6.51224 0.73838
0.362022 3.21203 1.7009 2.66631 0.509691 5.23835 0.782088 0.455488
0.0305366 0.362792 0.434472 0.452793 0.0610654 0.282523 9.27815 0.885435
0.37407 3.90435 3.90048 0.529966 5.55684 2.27848 0.791018 0.192458
2.50825 2.50825 1.077 3.7071 0.555209 0.591427 5.22187 0
5.23181 3.60342 0.586952 0.589452 4.77651 2.81868 0.782949 0.497739
0.376999 0.122717 0.64675 10.1089 0.760733 2.44717 0.784664 0
0.178551 1.00791 1.79846 2.19586 0.351076 0.353445 5.98427 0.899906
0.900961 0.673221 8.85077 0.691391 4.67155 0.78227 0.784615 0
0.59342 0.0526087 1.78736 0.265595 1.00435 0.190736 8.61465 0.137087
3.1008 3.06069 2.02045 7.49187 0.765 0.767822 1.79398 0.545245
1.93146 0.1944 1.77925 0.265035 7.21008 1.29494 0.783941 0.148491
1.57898 5.99081 3.06054 6.91013 0.774825 1.29057 0.783964 0.39304
5.22616 3.94058 3.46163 0.661196 2.92147 3.34077 1.67607 0
1.02987 7.04273 0.681855 0.951025 2.23836 0.723515 3.11054 0.62183
0.277606 0.0255561 0.267666 0.348162 0.1684 0.546753 8.39925 1.43239
0.0503494 0.059042 0.0857281 0.128934 0.173189 0.244926 0.371622 1.11545
0.06989 0.439687 0.228336 0.169494 0.107293 4.50262 4.69546 0.914026
0.0808904 0.00721248 0.306729 3.30397 3.00985 0.39951 7.55434 0.834728
0.620611 2.29437 10.1451 0.777853 0.833255 0.782494 0.784672 0
2.90581 4.90058 5.69731 2.29519 1.27324 0.741772 2.92498 0.0068902
0.639739 1.94281 5.80547 0.57082 0.57327 2.17297 5.34514 0.549934
2.69798 4.29641 0.483115 0.4853 0.487496 2.78496 5.84815 0.180883
0.249753 3.04308 2.71108 2.84848 0.408606 0.40998 8.17713 0.023206
2.60091 3.15611 1.38784 0.562 0.964861 0.891459 7.97563 0
0.179664 1.176 1.19925 4.65979 0.613431 3.87946 6.32405 0.145081
0.260806 0.351066 0.641251 0.0802613 0.0582212 10.4877 0.784672 0
0.402592 0.618745 9.90335 2.73431 2.01099 0.821537 0.784674 0
3.22604 2.43804 0.897062 4.54636 0.549572 0.823895 6.22947 0.226244
9.68247 0.729638 0.731707 0.733781 0.735862 0.737948 3.549 0
2.31089 10.2146 0.772212 1.21309 0.944845 0.782565 0.784689 0
1.68253 0.942017 6.91244 7.17636 1.95945 1.00903 0.813858 0.0470574
0.313758 0.0222064 0.68488 10.6485 0.755542 0.757432 2.90707 0
0.27976 0.607559 1.07082 3.23766 3.39673 1.46184 0.782155 0.111901
0.00949559 0.0209491 0.204205 1.29404 8.00396 1.8837 1.14467 1.3069
0.482063 1.39148 7.35698 0.765893 1.15447 0.77884 0.782888 0.419197
6.53704 2.77307 3.13744 1.24356 0.749045 0.752437 2.27838 0.487973
1.2055 0.975469 5.78616 5.99036 0.699854 4.01351 1.44091 0.594834
0.000625096 0.00223195 0.0281078 0.342014 0.0282989 0.697589 9.43397 1.2325
3.74517 0.359695 4.33063 5.59583 0.769679 0.773221 1.34226 0.262563
0.637186 2.22324 6.87648 0.551023 0.55261 7.29684 0.92536 0.0221185
1.86636 2.29453 4.54342 1.18746 5.62169 0.777747 0.781508 0.654974
0.305209 0.080479 3.63481 2.66225 4.51653 6.38733 0.784416 0.00843759
7.29623 0.595284 5.2693 2.77993 1.55577 0.979712 0.784531 0
9.5496 1.7464 0.710809 0.712712 1.96402 0.728945 3.9782 0
1.14451 2.29302 9.75865 1.07356 0.780018 0.78232 0.784628 0
0.576211 0.20415 0.743613 8.43966 0.763951 1.71385 0.999097 0
2.1533 1.86281 1.01594 0.904939 0.425855 9.53111 0.784603 0.014535
5.58172 5.58172 0.614128 0.615983 3.30919 5.2621 0.784609 0
0.575157 0.0490246 0.881302 7.59912 0.65392 0.656292 5.05959 0
0.53422 7.26609 1.8063 0.551879 0.553368 7.54685 0.784693 0
0.0609284 0.00505475 0.736935 8.91329 1.38607 2.60823 0.781421 0.84003
4.04854 1.48101 8.78432 0.749467 0.751662 2.16371 2.00086 0
5.95659 5.14384 2.53402 0.686231 2.36158 0.715943 3.87761 0.00936984
1.20993 0.0993751 6.18475 6.30277 0.732087 3.2586 0.969284 0.556432
0.619771 8.06801 4.51263 4.11807 0.778861 0.959967 0.784629 0
4.94831 1.27158 5.10908 4.05214 0.717181 3.5933 0.784205 0.213932
3.22362 2.68593 1.10294 0.468482 5.17548 1.48382 2.29851 0
7.48057 0.66499 0.758798 0.671012 3.69012 2.54859 0.959049 0.0994732
4.93337 4.48857 5.09533 4.36811 0.84146 2.23264 0.784556 0
3.59602 0.2601 3.60542 8.05957 0.689811 4.67703 2.23927 0
1.82659 0.147518 1.88887 1.52554 1.05658 0.260067 9.19502 0
2.01201 1.8996 8.57922 0.70117 4.17005 1.61547 0.78461 0
3.84657 2.52045 4.59878 3.9626 0.742106 1.46501 2.13984 0.315141
1.58461 0.355952 0.990411 2.0995 1.93528 0.317984 7.76869 0
10.087 2.07296 2.24257 0.775909 0.778009 0.780115 1.15255 0
7.46813 4.17632 0.665891 5.03419 0.774327 0.776668 1.23276 0.734723
0.00488155 0.000464118 0.0515752 0.54491 5.75716 5.78312 0.915081 0.961486
4.03533 0.580996 3.48969 5.3665 0.656161 2.99861 3.94147 0.614187
2.34779 2.34779 0.283289 0.284318 3.34445 0.403548 7.90685 0.308714
3.76519 5.26613 0.544361 1.0033 6.57357 0.781718 0.784477 0
0.00709672 0.00654917 0.107602 0.736281 8.29188 1.0118 2.12944 1.45918
5.80342 5.80342 0.664637 4.93096 0.777234 0.779779 0.782331 0.729434
7.83773 5.69158 1.892 0.74297 3.07698 1.10351 0.784659 0
2.15401 3.80419 2.52816 0.492448 5.07403 0.556242 7.16009 0
2.86129 2.86129 4.04648 6.49422 0.714264 0.837529 3.8478 0.245502
0.172443 0.0128447 0.757866 10.436 0.779497 0.781656 0.783822 0.492467
0.0199479 0.124576 0.613051 0.437222 0.0788747 0.0962689 7.48789 1.24142
9.98338 2.02364 0.770624 1.41325 0.780187 0.782416 0.784652 0
2.07523 7.87878 0.672199 0.674483 2.90575 3.83214 0.784511 0
3.13885 8.81515 1.16453 3.70171 1.41358 0.782327 0.784612 0.0795387
0.0329478 0.01168 0.0569114 0.741654 8.26888 1.77503 1.96554 0.727265
3.01834 4.02072 3.1042 5.02924 0.765575 0.769292 1.54612 0.0265027
0.285401 0.325394 0.518162 0.0526159 0.0899808 0.385893 10.0678 0.0197607
0.0415463 0.388979 0.391192 1.14343 0.135672 7.19516 0.780522 0.686209
3.35412 4.66174 0.523808 0.525982 1.84207 6.07669 0.783819 0.3071
0.124245 0.0287799 0.386225 0.617368 5.21255 0.876162 0.756978 1.42001
0.158832 0.158832 2.25888 0.583873 0.233078 2.66132 7.03594 0.810858
0.0311696 0.261487 0.263338 0.667007 0.0910618 6.45412 1.2553 0.00703824
0.756944 10.5473 1.07517 0.762803 2.15387 0.835209 1.13333 0
0.36611 0.311069 0.22998 0.0483143 0.571133 10.3918 0.784659 0.0052827
3.44334 0.275445 0.276325 0.277207 0.278093 7.78492 4.90321 0
3.92937 3.0403 2.19454 5.43133 0.670246 0.672793 4.6393 0
6.49902 4.95821 3.01521 2.22752 1.96675 1.55891 0.784227 0.237804
2.37779 8.62644 1.51977 1.91566 0.776427 1.09213 0.784486 0
1.06703 5.43002 5.53387 5.79193 0.764762 2.09651 0.784594 0
1.7455 0.856027 2.16806 5.3566 2.78417 0.620594 5.20137 0
0.995454 4.53413 3.82539 1.93345 0.565016 2.02624 5.76207 0.00233972
2.54047 9.31443 2.14542 0.777378 0.779775 0.782181 0.784593 0
1.34849 0.763391 1.54958 0.240287 2.20457 2.09719 6.46426 0.15796
6.77809 0.771655 3.31745 0.870905 3.3359 5.93567 0.784631 0
0.0142945 0.00171126 0.062947 0.703066 5.89757 5.93968 0.771488 1.54374
0.847556 4.19639 1.70255 1.18494 0.386694 7.74354 3.32038 0
1.36649 2.11926 2.52162 7.74739 1.13824 3.1429 1.82276 0
9.63162 1.56957 1.46789 0.734911 0.736946 0.738987 3.49712 0.626151
5.13348 5.62264 5.21163 0.721843 3.51685 1.44212 1.04504 0
0.884182 2.1527 5.16725 0.63365 0.496697 5.65661 4.11754 0
0.0101792 0.00677445 0.0521583 0.707602 9.37301 0.711658 4.37225 0.217261
3.31953 4.93681 0.510354 5.97091 2.43218 0.865624 2.50053 0.0853487
2.60958 1.4643 2.35425 3.42312 0.448858 2.89083 6.77483 0
1.75271 1.01834 3.59066 8.33208 0.785435 0.781732 0.784471 0.0528301
3.28162 8.33269 3.18158 1.72683 0.764619 0.767011 2.07011 0.304921
5.17782 1.76406 1.91699 0.459747 5.81446 1.72329 5.2795 0
0.754512 9.83627 0.756729 0.758952 0.761181 1.85945 1.65508 0
0.349862 3.36176 1.594 1.43914 0.41675 0.419001 6.37045 0.629469
7.72583 0.839305 5.65621 1.32251 0.75457 0.756848 2.66792 0
0.524887 6.95252 6.9723 0.744415 1.01378 3.03539 0.784657 0
5.66405 4.07067 2.11129 0.738147 4.7264 1.79217 0.901826 0.107219
1.73571 8.69015 0.747408 2.01392 0.769053 0.771784 1.51628 0.704682
8.50302 0.658306 0.857355 1.02334 1.90521 0.684401 4.9708 0
0.0845994 0.0145594 0.567773 3.6483 6.97475 0.768494 0.805599 1.39342
1.35578 3.38798 0.560008 5.75054 0.650179 2.39424 4.65688 0.560198
0.0414285 0.517298 6.47992 2.31912 0.552753 0.554523 6.94622 0.292967
1.75299 1.75299 8.70318 0.77555 0.778392 0.781246 0.78411 0.267318
0.642481 0.40139 10.4315 1.34403 2.00679 1.21359 0.821855 0
3.36923 0.307384 3.38322 6.04037 0.703016 3.13508 2.19495 0.0438499
7.84392 5.36387 1.69496 0.982337 0.779525 0.782037 0.784557 0
0.0763325 0.120915 0.139433 0.23213 0.432748 0.541216 0.657223 1.00295
2.69356 3.69227 0.417789 1.40559 3.71 0.554556 6.0918 0.0978611
4.87251 5.98178 3.12578 0.696616 1.54513 3.96371 0.784486 0
0.0629465 0.0198324 0.0659968 0.663026 8.09973 4.48144 1.54797 1.46505
1.70813 1.20496 5.39113 8.68808 0.780307 0.782485 0.784669 0
1.43447 1.51 2.08274 0.931655 0.839451 2.39238 3.99646 0
4.16555 2.70154 6.51377 1.07583 0.696837 3.78942 2.00157 0.0767142
0.733414 1.30066 0.893625 0.78585 0.158745 9.22673 0.921134 0
2.3186 4.9232 2.74194 2.89078 0.624004 4.22385 2.90925 0.538966
0.893489 2.21303 1.36905 5.49956 0.622944 4.61362 0.874481 0.51731
0.582102 3.85786 1.11072 2.91277 0.460922 5.87091 3.62316 0.277698
1.59615 3.08485 0.442777 0.300892 2.45037 8.04657 0.783377 0.476009
0.0400451 0.00990968 0.156816 0.0150063 1.75961 8.2883 0.784284 0
1.17269 6.74014 0.602228 5.06827 1.66495 1.79509 0.781654 0.74639
0.01264 0.000893187 0.179321 0.730431 10.6452 2.68485 1.56017 0.645833
1.6025 3.55887 3.90302 3.47554 1.32761 0.605956 5.47246 0.473536
2.96658 2.96658 4.09829 1.99203 0.616438 2.01161 4.46067 0.0131443
3.58964 7.71758 2.59502 0.972152 0.804136 0.747872 2.8507 0.185493
0.188108 0.0900005 1.00256 2.33739 1.8875 1.06685 1.66403 0.828178
4.28596 4.28596 6.06126 4.39983 0.753935 2.63389 0.783821 0.448251
0.402217 5.23208 5.67155 2.99614 0.637089 2.85067 5.25137 0
7.59506 0.913788 6.02798 0.730934 0.73299 3.65875 0.784664 0
0.055379 0.19832 1.34139 0.815621 0.470313 0.170637 7.32927 1.31585
0.391118 0.342239 0.481305 0.288263 0.0682555 0.161731 10.3201 0
4.33909 8.40928 2.60319 0.732883 2.52468 0.96774 2.6195 0
0.488887 0.630839 1.65191 3.56194 0.409818 3.19682 5.73758 0.101435
2.44689 0.82621 0.595798 0.212368 4.55636 8.23539 0.783641 0.475715
0.688908 0.16078 10.0076 0.709186 0.877518 4.6171 0.784746 0
0.107916 0.0123494 0.108621 0.725574 9.74699 3.28096 0.784579 0.132447
0.563841 0.409301 4.27742 7.34549 0.77669 0.779904 0.783131 0.475807
1.98654 1.39196 2.02709 3.16117 0.725467 1.3345 1.06705 0.634724
4.22584 0.348603 5.52079 0.904922 5.47815 0.734549 3.35093 0
0.199409 2.22927 4.66946 1.57713 0.656411 0.487741 6.88744 0.313364
4.72526 0.867457 5.18419 0.551443 0.553119 7.11101 0.784605 0
1.09744 1.58326 2.98686 0.310067 3.56771 0.440166 7.45289 0.514951
0.119054 0.121787 0.170311 0.232113 0.334497 0.47305 0.456203 1.03269
5.25959 4.27299 4.68927 3.32589 0.742374 2.94335 0.784489 0
0.173947 0.102178 0.463672 0.152881 0.537598 0.181284 7.18962 1.08559
1.39238 1.72717 2.21852 2.48776 0.426924 2.57354 5.62469 0.442857
3.09212 3.09212 1.13845 1.21988 3.80098 0.602643 5.03219 0.342315
9.4112 2.00074 2.91241 2.07061 0.780138 0.782388 0.784645 0
0.388079 5.23729 0.389143 0.39021 8.43471 0.737381 3.63103 0
0.0413633 0.0413633 0.00518798 0.00520835 0.66476 0.453376 8.8408 0.152504
1.1672 1.1672 4.81407 2.29785 0.434582 1.09746 8.34725 0
0.243066 0.443727 0.384578 0.19628 7.50824 1.94873 4.28958 0
1.70477 0.792734 1.17275 0.557625 5.77794 0.949034 1.37372 0.118497
2.00055 0.180766 4.01499 4.48944 2.16541 0.606136 5.53135 0
0.0420273 0.0112254 0.145818 0.744055 9.36485 1.50227 1.91608 0.00375409
2.65441 0.560004 0.877175 0.423691 6.14096 4.17706 1.03531 0.184411
4.33671 4.33671 0.762953 4.76204 2.46004 0.957855 3.13207 0.374685
0.0703105 0.121562 0.335201 0.673955 0.0632573 0.15861 9.49611 0
2.75849 3.85428 0.418284 1.07751 4.8786 0.594133 5.95787 0.378148
0.323326 0.421972 0.275243 0.330609 0.376565 8.72024 0.783803 0.330068
1.64683 8.24718 3.02191 0.739154 2.99052 0.781837 0.784507 0
4.72185 3.33124 1.03811 0.514008 5.89363 3.2037 1.07601 0
2.37369 2.37369 3.3569 4.74738 0.552864 0.554736 6.75933 0
3.69617 2.78757 0.383479 4.59922 0.700394 0.544582 6.84043 0.0343752
0.0589703 0.668166 3.05476 3.1159 0.389636 4.43195 6.26772 1.01704
2.98867 3.16506 0.382972 0.384452 7.6931 0.779115 1.02545 0.149593
5.16162 2.49418 3.66953 0.546222 6.8284 1.52478 0.784559 0
2.66223 2.09054 2.70605 6.62866 2.10494 1.95625 0.784271 0
0.586186 6.66698 0.588447 1.67218 0.608739 4.0579 3.88172 0.603997
1.12266 1.05501 1.29628 1.79535 3.26196 0.710749 1.94976 0.254432
3.83378 3.83378 5.42178 2.51842 0.744155 0.747312 2.59201 0
0.704843 2.3572 4.9269 0.539415 5.25013 0.741841 2.53468 0.684688
3.25804 3.25804 3.87328 5.14895 0.986196 0.884177 2.89429 0.578771
1.31367 1.88839 10.4662 0.777146 0.779187 0.781233 1.02044 0
0.248504 0.807134 4.33707 0.388512 1.02155 7.6722 0.784386 0.0344477
4.08802 1.60689 2.33198 0.547021 5.00314 0.77827 0.782964 0.336589
0.020151 0.0388145 0.364772 3.06427 0.370015 1.88192 5.32304 1.33642
1.87998 0.93864 3.31058 3.92114 0.452253 0.453755 7.87341 0
0.450624 2.2782 1.44158 0.207062 9.95803 0.782408 0.78465 0
0.637047 7.55441 0.639308 4.95894 0.765827 1.54117 1.3055 0.118473
0.541116 4.74297 1.54179 2.59442 0.942914 4.36843 1.57792 0
2.7019 2.68174 3.24019 4.99908 2.63184 0.769538 1.47929 0.0145699
2.88627 0.418187 1.82304 0.602047 3.49161 0.843598 5.00943 0.682879
2.46047 3.2219 7.637 1.13781 0.785784 2.14606 1.73937 0.127818
0.223029 0.0666963 2.20496 5.88966 1.6461 1.69611 3.24988 0.0320624
0.724444 9.07805 0.726747 3.4475 0.779239 0.781717 0.784202 0.301472
0.610117 6.17058 0.613092 0.616082 0.619086 4.75782 0.974873 0.57714
0.528479 0.293438 7.59358 0.606392 4.60163 4.19153 0.784572 0
0.078921 0.00895951 0.865078 0.428781 0.32091 8.02132 2.82122 0.490225
0.0539066 0.00540047 0.77663 11.1602 0.780409 0.889692 0.784763 0
1.1383 2.03119 0.632366 5.04577 0.584319 3.31369 3.78449 0.0104547
0.539088 6.37674 2.02596 5.78361 0.749063 0.751735 2.65985 0.105293
0.753918 10.3246 0.755926 0.757938 2.49104 0.781423 0.783503 0.595592
4.82059 6.7332 0.645645 1.60764 3.10814 1.09046 4.40106 0.299763
3.37498 3.37498 0.419193 3.96596 6.21977 1.53844 0.78426 0.165629
0.903012 4.69514 4.78118 6.76162 0.719718 4.08999 0.78466 0
0.671204 0.39167 11.1007 0.779025 0.780932 0.782843 0.784759 0
0.0276703 0.250963 2.28997 0.254014 3.11607 3.45127 4.82314 0.947218
1.90603 9.04633 0.764609 0.76722 1.61244 0.781305 0.85914 0
0.133223 0.0225882 0.79695 1.88633 3.5385 1.68919 1.34407 0.68911
2.78329 0.216259 5.21698 8.10052 0.779428 0.844632 0.798493 0.00428686
1.15225 1.15225 1.11722 0.418646 1.44995 3.89595 5.37667 0
1.1657 0.902089 7.62245 3.09488 3.22122 2.60553 2.7858 0
9.24227 0.746824 0.999141 0.753595 0.756052 2.47636 0.796869 0.000554348
7.35183 4.79885 0.681767 0.683819 4.84401 0.782257 0.784612 0
0.0322242 0.0244299 0.0407346 0.778293 10.582 0.789495 0.784689 0
0.109762 0.0997815 0.11891 0.241565 0.309004 0.525927 0.603413 0.959619
0.0535239 0.772637 11.18 0.776345 1.23525 0.782896 0.784772 0
0.238255 0.0592613 0.718031 3.34124 4.01642 1.04191 0.781971 0.399949
1.3327 4.21567 2.56653 0.446898 2.89451 0.515042 6.7928 0.107519
0.987214 0.0981384 0.2762 0.546706 4.1176 6.88848 2.51996 0
0.0122705 0.0186733 0.177388 1.41939 2.32878 3.49326 4.39612 0.538287
5.58786 7.66599 0.701804 1.95068 0.718366 0.720329 4.21825 0
0.558625 0.220066 7.47976 3.09586 0.65159 5.40483 0.784559 0
4.29705 4.66848 4.52515 4.30119 0.754121 2.38175 0.783259 0.51483
3.54803 3.95899 0.545743 0.548611 0.551494 0.554392 5.42885 0
6.52494 6.52494 1.61862 3.51743 0.77987 0.782235 0.784607 0
5.73282 0.459969 5.75125 4.45299 2.65353 0.773851 1.61395 0.0641705
0.407283 1.10275 2.11978 2.42392 0.312311 7.48359 2.62159 0
3.06178 6.88537 1.65644 3.04624 0.714615 1.54256 3.41526 0.402969
0.546634 6.47497 5.97988 0.745519 0.748171 2.69183 0.78447 0
0.687622 0.842238 5.1634 6.78617 0.769818 1.19792 1.18199 0.0864991
2.80028 0.217048 3.62349 0.355347 8.13042 2.01057 3.43472 0
1.33738 5.89058 6.20025 3.68193 0.779042 0.781709 0.801753 0
0.425273 4.53509 3.79176 0.496846 0.720777 0.502237 7.21367 0.0456985
0.608975 7.16778 0.611168 0.869651 0.617804 5.4963 1.49598 0.402343
0.299794 3.27355 3.27469 1.58936 0.449172 3.56639 6.08083 0.0773757
1.8473 1.47071 2.2269 5.25221 0.675303 3.04811 2.0203 0.157568
5.62841 2.72469 1.16254 0.562594 2.13047 0.595399 5.79554 0
4.66713 7.61623 2.54507 0.759519 0.762054 2.14869 0.784527 0
0.123433 0.0107834 0.534488 6.28028 6.3042 0.778879 0.781846 0.727371
0.956855 1.08355 2.60309 3.5662 6.79025 2.54346 1.44969 0
0.357284 4.11357 0.358629 0.394601 7.97626 0.781474 0.784416 0
4.41044 3.50677 5.63466 0.639659 4.8201 2.89558 0.784559 0
6.49236 6.68533 2.14885 1.92627 3.37157 1.26227 0.784656 0
5.39235 4.90614 0.584646 2.20992 3.63584 1.49484 4.74309 0
0.572625 1.78089 0.305395 0.620686 0.167489 0.61934 9.11986 0.566621
0.0198989 0.263214 3.49161 3.50157 4.95197 2.26407 7.36003 0
0.134207 0.267475 0.530102 5.50521 2.93404 2.5805 2.20522 0.229824
4.10457 0.357165 4.12008 5.34084 3.05713 2.20536 2.27881 0
1.70689 0.762651 1.86953 2.64391 3.73905 0.771457 0.885869 0.223909
0.324082 3.04969 0.325907 0.803446 0.625844 3.73711 5.52192 0.166827
0.19394 0.430688 0.617522 0.0607672 9.97713 0.782206 0.784592 0.0518428
4.91328 0.907756 3.08309 0.528848 5.90872 0.751815 2.45681 0.415212
2.81762 5.02785 6.93263 0.754267 0.756902 0.782825 2.34465 0.082685
6.2919 0.539337 0.541315 6.47818 0.776877 0.969554 0.784142 0.253579
0.668958 1.54981 2.23984 3.10247 0.392006 4.20063 5.94059 0.209633
0.0233952 0.0682702 0.510354 0.5582 0.0653102 8.87129 1.64595 1.37892
4.78195 8.75474 0.749955 0.752071 2.77189 0.782453 0.784661 0
1.86105 1.86105 4.20923 4.96433 1.04652 4.04093 3.28485 0
1.08845 6.21754 0.595075 2.07197 0.628823 4.44731 2.24664 0.321751
0.745797 9.59064 0.748049 0.981548 0.75418 1.02642 2.59554 0
0.423726 0.423726 0.3819 0.188204 8.04672 0.73815 2.89057 0.369455
9.1427 0.744007 0.746467 2.65048 0.779374 0.781951 0.784535 0
0.158193 1.88099 2.01447 0.936517 8.3587 0.744503 2.94998 0
1.02066 1.8707 3.381 0.886833 0.522318 4.12695 6.04165 0.363314
0.370536 0.597079 0.702709 0.446133 0.335599 0.29759 8.96998 0
5.08079 0.425223 5.09855 2.38903 0.63572 0.637943 5.46678 0.286692
2.82817 2.95176 4.08796 0.550095 1.61297 5.6214 0.784221 0
3.9567 6.38569 3.86352 0.731778 0.734519 2.74186 1.63056 0
0.454292 4.83501 2.35154 1.75117 3.95706 4.64507 0.931699 0
0.668939 0.337481 0.192928 8.99272 0.776546 0.779415 0.782294 0.67549
0.479631 5.94436 5.96367 3.14719 1.18645 0.732622 3.48998 0
8.18219 1.33062 5.58868 0.774739 0.777062 0.779392 1.16352 0.122235
0.438413 4.47132 2.87801 0.523149 0.525657 5.38682 2.55696 0
1.14477 0.48083 3.8006 8.36161 0.759453 2.14552 1.09149 0.0955511
0.915432 0.0819163 0.30636 1.6733 0.173019 5.929 6.18968 0.461385
0.739078 4.56352 2.64029 0.891152 5.39789 4.95273 0.784431 0
0.245237 1.72642 2.38303 2.71835 0.724831 0.378335 7.41133 0.625282
1.4996 1.94531 1.15216 0.850229 0.22389 8.21262 4.92982 0
4.11473 4.11473 2.10228 0.522364 6.20922 3.01999 0.850192 0
0.0412665 0.490342 0.427208 0.268718 8.3756 4.0115 0.783804 0.387045
0.0596514 0.641057 0.11437 0.280013 7.64453 3.47737 0.784272 0.00386702
0.589663 6.15684 1.99276 0.622348 0.625195 4.87692 0.7827 0.509489
2.88612 2.88612 7.51609 0.756281 0.759231 0.762194 2.05396 0.451695
0.79486 0.275427 2.39912 0.342236 2.56527 1.99417 4.15747 0.168462
0.651961 8.28073 0.653978 0.656002 2.5829 1.05964 4.69067 0.521981
5.59527 3.85276 2.19093 0.574561 7.75915 0.77376 1.93959 0
1.72741 0.71982 4.32423 6.86338 0.863604 1.08655 0.784275 0
7.31733 7.01479 0.729091 3.133 0.764922 2.31117 0.784708 0.0690738
4.79723 4.79723 4.71284 0.685141 2.89188 0.728132 3.53274 0
8.5862 0.907872 4.76273 0.777324 0.780926 0.782162 0.784588 0
0.120171 0.0891388 0.240133 0.213249 0.38735 0.540607 0.709777 1.03518
1.18518 0.133263 0.191933 2.21526 2.70246 0.370408 6.93271 0
