72 6.32287
7812.69 0 0 0 0 0 0 0
0 6913.06 0 0 0 0 0 0
0 0 6438.94 0 0 0 0 0
0 0 0 6162.78 0 0 0 0
0 0 0 0 6930.5 0 0 0
0 0 0 0 0 6146.68 0 0
0 0 0 0 0 0 6100.13 0
0 0 0 0 0 0 0 6199.62
6887.23 0 0 0 0 0 0 2535.23
7144.04 0 0 128.727 357.751 656.401 0 68.0187
121.504 170.177 433.735 138.971 903.883 2749.46 38.9216 5484.82
158.917 84.8265 150.56 582.096 483.5 1978.51 701.266 5168.34
765.939 108.803 5378.06 469.872 533.999 0 847.268 0
61.6342 32.4351 31.9882 126.058 603.774 855.889 1711.78 5387.51
42.3828 3721.57 1395.69 1312.08 153.905 116.162 0 3130.69
693.854 207.369 143.78 357.237 395.263 0 2321.7 5275.8
3016.07 0 12.7878 2972.28 464.554 414.769 92.8037 308.003
169.716 147.676 725.967 0 6020.97 0 0 1593.25
59.9876 183.135 1287.02 2010.67 466.412 4092.83 1185.02 644.811
0 186.999 343.619 1069.42 5079.57 631.855 2422.07 724.01
1472.89 1974.84 0 5151.02 0 0 202.168 0
3693.36 154.525 0 1033.11 486.78 3169.86 0 103.574
17.6113 79.3896 3745.53 0 370.632 3534.65 311.292 33.5163
986.969 6820.37 0 112.383 0 0 991.477 0
0 0 4767.29 680.616 0 0 3604.28 398.417
9.46375 3.94341 26.8997 186.462 610.538 5395.28 3089.21 0
0.764736 6098.2 0 166.065 1341.96 0 0 0
282.781 296.956 192.113 4877.16 284.995 0 725.17 1343.67
287.02 39.9828 912.292 1076.55 204.421 5591.1 0 0
606.38 341.065 355.707 1009.2 5767.06 24.2098 245.858 608.867
747.122 939.455 1451.02 5022.57 0 0 888.768 0
710.236 2985.26 890.751 3591.48 90.8987 0 902.325 1020.65
536.289 2524.56 3060.85 3017.9 0 0 0 0
0 0 5659.07 0 647.076 474.372 803.169 484.412
0 6697.29 0 0 111.041 0 500.694 0
2157.09 3854.5 0 0 2708.97 339.936 0 275.402
3553.17 3158.83 0 195.084 898.906 409.039 0 0.170307
1806.28 4799.76 235.894 144.391 538.022 2974.74 39.7242 0
3350.07 495.175 4111 0 0 337.159 0 0
109.292 838.931 1974.08 2919.02 448.581 1058.88 511.888 704.475
96.7448 96.7448 42.7336 44.9142 6651.61 1129.11 48.7218 0
402.336 1663.56 4601.3 0 3224.25 155.057 18.2334 5.13076
8.49713 0 120.73 0 43.9866 266.546 3374.63 6034.98
209.245 757.269 107.337 603.29 4941.96 2004.94 0 0
1.19471 1.97799 84.7807 90.4946 628.726 5874.18 489.009 1144.45
180.655 170.276 74.2245 53.7061 478.862 1140.82 0 5945.95
2876.93 4236.95 0 109.096 2114.44 634.09 109.901 0
746.003 422.082 5968.07 488.626 0 82.1088 28.8007 69.1267
60.139 50.7997 112.133 223.071 2359.87 404.691 5399.51 1077.27
0 6502.08 0 0 0 0 1092.84 0
0 418.654 1097.9 2176.13 0 22.9084 4283.78 1368.53
1845.44 47.0955 1255.67 60.2403 81.1635 280.703 1332.88 5580.04
24.8853 8.62905 18.5961 3.79044 32.6989 3646.03 5550.32 0
6213.61 0 859.109 615.515 0 0 195.756 242.51
4004.2 0 0 27.694 862.41 2263.22 216.661 1587.5
0 3434.8 5187.61 0 0 260.589 667.383 0
7.29038 3.63842 55.3182 7.14496 98.2496 279.817 4213.4 2739.15
5588.66 81.3016 1753.64 0 160.21 253.639 0 0
240.839 784.646 1870.25 4490.7 178.843 0 0 176.981
228.109 656.725 759.46 777.075 6191.54 161.018 529.841 0
0 5078.59 108.186 2126.43 297.105 270.071 724.693 313.167
42.1026 42.1026 4665.97 0 0 657.48 3134.29 0
422.867 217.379 1620.05 6020.95 0 0 15.7061 0
455.918 89.7329 260.774 56.1485 169.114 3085.02 497.57 4594.68
48.6722 298.947 0 92.9257 3675.2 654.724 0 4095.03
131.694 38.2476 61.4139 1025.58 2978.9 4235.84 694.688 0
559.552 2965.71 3525.27 0 0 409.925 1279.37 0
555.692 555.692 1950.47 4619.17 0 0 376.973 1154.9
0 0 5820.76 0 768.775 0 578.111 307.979
2594.79 1427.73 2565.78 0 189.038 0 157.505 1752.47
125.326 197.333 6230.54 0 0 0 948.24 299.03
0 6359.18 0 0 0 0 0 25.8024
1935.59 0 4021.52 0 0 3517.88 0 114.945
89.9496 139.704 690.281 5904.99 0 0 266.234 246.849
0 0 6134.82 2319.82 0 219.641 0 0
731.151 1070.33 687.137 197.404 5954.23 0 0 0
536.149 1977.77 5533.79 0 62.0606 0 148.791 0.520094
1544.5 0 673.761 5773.78 0 1486.75 0 0
3742.83 0 1712.55 94.7804 5.57877 3292.76 244.482 147.509
250.861 234.379 163.587 574.657 1223.49 2999.36 0 3328.89
609.215 47.8901 657.105 4370.01 0 0 207.22 2060.52
0 6590.71 0 0 93.0406 0 1038.45 0
6717.3 0 0 0 0 960.932 0 0
3404.36 512.375 0 3672.16 849.203 0 236.79 157.237
242.223 373.559 5789.22 1883.57 0 166.654 0 0
579.503 106.513 1461.42 5541.94 695.834 0 186.87 638.181
0 0 1645.78 834.011 2047.08 4526.88 75.19 454.206
0 0 0 0 6837.22 0 346.627 0
1052.42 177.443 2.78411 390.231 373.512 5276.16 1207.81 83.2622
0 33.683 0 66.0013 5398.91 1819.28 873.37 403.446
30.9055 29.8944 538.154 1786.19 3020.82 195.504 4503.38 362.18
340.011 4722.14 237.917 198.29 1104.15 830.467 348.983 1896.61
1576.79 5669.32 0 0 490.952 0 1162.76 0
0 0 824.18 542.851 5512.76 0 445.694 0
2714.6 4628 1564.46 0 179.138 327.281 0 0
0 5775.18 222.852 1645.51 231.14 0 0 0
2139 650.835 0 64.0726 5832.45 0 11.189 1.41142
38.8073 27.1618 178.08 942.567 506.694 0 5927.98 0
149.81 3520.11 1587.29 2271.87 0 0 115.742 932.069
880.435 6212.44 0 0 55.7056 0 1358.63 0
6381.72 0 1375.18 342.099 0 0 0 579.054
642.458 853.584 412.183 0 1103.02 657.3 0 5054.57
5095.72 539.569 1336.01 925.263 1409.64 0 0 0
812.956 0 193.732 240.976 1247.66 3991.33 928.46 1519.28
328.422 2151.84 1354.94 237.473 4728.45 3.70777 537.978 0
0 388.098 6319.28 0 0 2055.63 958.79 0
347.586 1088.13 2668.53 4104.25 0 0 0 0
0 0 0 4779.66 0 1855.81 0 0
3893.2 474.237 0 0 3457.52 154.897 0 580.577
0 0 4832.03 1219.25 1706.63 444.507 0 128.239
789.386 228.346 699.281 0 5659.05 0 0 310.395
146.807 203.864 2640.83 4722.32 0 0 0 110.207
1275.48 2324.58 0 667.235 0 5494.53 0 103.778
9.63428 81.0989 24.6049 115.474 6719.24 0 836.992 0
2269.92 4997.78 0 1465.81 0 0 0 186.063
508.542 508.542 549.556 0 1566.64 4659.43 128.241 0
0 1912.74 2997.54 3421.66 519.723 0 0 0
371.619 1136.59 0 136.691 2006.84 5239.12 0 258.938
0 349.369 0 2020.24 0 0 2369.61 4739.22
1627.96 733.544 950.717 3374.03 0 1637.81 1440.81 232.333
1277.63 2764.11 3219.92 0 26.6552 552.339 584.471 0
586.604 381.632 86.5008 1358.05 118.888 5167.02 0 1254.98
0 0 1408.72 4446.26 0 1500.69 381.964 0
5252.23 0 340.944 1913.22 1958.46 0 720.941 0
3813.74 2090.64 498.606 719.69 57.9532 0 0 1695.97
7618.01 0 0 0 0 0 876.238 70.0741
0 3392.1 4526.69 531.481 0 0 0 0
266.49 26.5935 0 5289.24 0 453.404 442.044 1645.64
274.497 5960.86 185.648 353.935 0 0 0 496.639
1663.45 0 1737.83 4961.32 0 0 0 0
351.608 171.171 1225.42 5852.8 560.874 0 0 218.223
53.0433 0 272.491 2854.62 0 5711.47 191.214 808.307
395.67 582.88 2284.06 3504 0 599.706 0 551.704
257.761 257.761 3037.26 253.702 106.026 3912.51 393.401 0
0 0 4430.49 560.984 3732.76 175.734 67.3387 0
115.052 45.1038 2003.97 309.495 228.473 217.825 1430.84 3652.21
1238.56 1147.75 4948.99 501.273 154.117 142.21 461.501 1460.58
1918.21 5881.69 447.384 0 89.3315 30.3435 0 62.7002
81.1887 66.727 42.4537 190.369 4808.54 0 3528.67 798.679
0 0 0 0 2829.6 0 137.92 3565.62
853.205 18.6988 10.3188 2657.17 5322.94 80.7291 42.6729 0
10.8183 125.418 0 44.6366 65.9157 1557.81 185.579 6103.47
1801.54 1801.54 3603.08 0 0 0 1604.34 0
0 1.71872 13.0198 55.1618 112.399 931.372 1817.7 6184.66
1715.41 0 1534.85 289.409 3539.67 0 430.416 276.086
6.59614 211.243 329.407 547.245 1094.49 4910.7 832.57 88.7921
1062.26 0 3814.03 3985.04 0 477.712 0 297.528
94.8247 74.5577 65.0732 11.2432 2136.27 5999.67 0 0
86.9128 2042.2 3160.08 57.6532 0 0 82.1952 2365.03
873.281 913.207 938.4 1455.24 4180.12 0 29.9261 0
235.771 1101.8 1337.57 560.373 587.222 429.614 486.921 4673.28
1834.27 3216.03 908.582 171.331 127.816 638.968 1225.61 738.972
4670.72 1089.51 0 0 2605.3 210.927 805.145 165.894
1843.47 815.732 577.169 1532.4 3949.77 192.197 971.602 0
0 5375.82 950.074 0 785.505 75.8435 0 0
114.915 56.6886 662.333 444.434 1947.25 4185.61 313.594 1582.89
92.0065 72.964 20.2577 13.7395 261.872 3129.83 4722.35 356.21
407.626 132.164 18.4622 321.343 747.351 4279.46 311.305 2987.02
636.132 4087.96 647.569 411.837 276.189 54.722 1554.02 1615.97
277.998 247.591 0 148.535 6499.85 0 0 0
5765.69 2173.37 0 378.457 0 0 0 0
6101.73 0 0 0 19.4175 465.901 260.074 2190.25
11.6242 83.9428 0 665.391 4691.69 0 327.728 2546.56
200.277 47.9731 1085.85 1428.45 2167.85 0 5490.79 7.26263
190.374 240.996 2508.94 759.838 491.963 3856.5 96.3635 1894.47
0 0 0 0 931.714 3466.33 1779.86 2667.65
0 5475.91 0 0 0 1496.71 579.211 0
0 0 1228.97 5458.63 78.421 101.569 746.812 194.319
667.971 1048.01 0 0 6264.19 0 0 0
934.853 292.325 752.204 381.188 3796.75 2574.01 0 42.3451
1991.53 4455.17 0 0 1447.75 0 0 654.278
440.839 0 601.544 157.957 818.721 1415.28 2009.64 2868.37
0 4877.97 0 633.783 0 598.307 2867.55 56.0615
0 5270.05 1327.64 195.856 0 397.148 285.515 0
3110.7 3110.7 0 1150.61 89.5527 0 0 67.4707
65.0238 274.075 6044.8 262.503 0 1938.78 0 0
0 629.991 683.261 1313.25 0 25.7626 5747.71 75.5329
1025.16 2881.9 3907.06 0 88.0764 0 0 0
2626.86 0 4359.52 0 0 583.853 336.742 183.802
530.003 530.003 1060.01 1939.45 3844.08 674.038 0 0
0 0 4993.48 37.4809 0 171.904 751.871 2963.76
5873.17 0 0 999.074 0 0 0 0
1189.58 275.562 4255.53 1667.07 0 0 817.958 0
390.192 390.192 437.516 238.847 0 5826.99 0 1826.49
0 0 4173.7 0 0 975.678 2686.78 1168.6
33.368 3.15637 38.7183 67.6869 715.884 2441.07 4603.67 1991.8
3.61648 14.8668 318.685 508.958 0 287.523 4140.78 4014.34
7722.05 0 0 0 671.751 0 0 0
65.5998 74.1171 139.717 279.434 558.867 840.957 1260.4 3219.09
4792.35 0 1654.5 314.333 0 144.117 1483.18 0
597.466 2687.22 0 0 4326.18 250.611 0 98.304
363.49 184.576 693.577 5369.99 279.292 0 104.736 1054.94
0 0 3820.63 4286.3 148.92 220.98 23.67 0
352.082 677.67 0 593.77 0 100.774 235.903 5848.28
4336.91 1031.29 0 0 0 0 1876.65 0
7263.27 0 0 0 0 0 1201.29 0
5705.37 0 902.302 0 0 1076.31 35.7829 0
1548.55 3662.03 0 214.257 2874.48 0 0 0
2670.79 4393.67 632.856 0 285.343 0 102.487 0
0 3343.76 3343.76 0 0 1445.12 0 0
562.244 2129.58 2198.31 3192.77 0 0 190.04 0
488.647 488.647 77.0623 106.99 166.114 848.307 5077.92 617.247
34.0669 76.0643 125.068 0 477.37 2402.26 1192.67 3836.75
748.437 768.708 0 2769.31 1299.61 0 568.691 3058.42
327.908 1612.57 1940.48 2739.3 114.767 447.715 106.647 686.853
95.8163 20.2891 34.2216 109.643 39.0716 330.472 1873.15 5683.85
58.437 30.2351 532.724 5693.14 0 681.936 1046.38 1554.06
4114.2 581.989 756.358 2304.54 0 0 0 0
0 0 6391.31 0 0 0 2127.84 0
125.052 87.8973 0 32.0829 309.636 3681.26 3811.14 316.202
0 180.774 995.917 269.756 247.905 968.306 2836.91 2073.27
7509.19 0 0 0 0 619.738 0 0
17.0516 30.9374 157.085 494.009 5195.68 638.222 1759.8 1013.62
2480.9 4280.89 389.434 182.815 153.882 0 1304.83 770.35
0 0 37.5167 97.8408 290.422 656.601 753.853 4805.77
182.308 895.753 5287.67 0 732.125 0 0 1398.38
4972.7 2380.45 0 0 1073.38 0 0 0
1873.6 522.7 2264.44 1400.05 60.4601 1312.51 555.587 551.07
887.191 632.118 1177.44 1512.97 0 1461.65 3023.31 0
649.443 678.333 386.783 601.217 2461.9 687.312 1088.14 2660.25
1466.73 1741.61 0 1072.23 4007.85 0 759.09 0
63.5669 173.586 119.857 1011.22 1238.14 0 4990.68 0
4181.82 0 1119.79 589.077 480.033 423.571 681.095 106.484
0 1008.51 347.315 0 1572.82 4340.01 0 796.107
1095.92 880.65 5272.53 216.042 0 0 676.109 0
249.862 298.503 509.692 3545.52 4483.92 0 0 0
4905.31 0 14.1092 157.516 0 319.248 1684.21 1100.7
6655.85 0 0 729.402 0 0 0 0
1134.07 6278.26 0.369879 0 1477.63 0 0 82.6895
1806.44 254.527 4910.53 1824.3 0 0 89.9549 0
5039.89 222.207 109.434 0 398.968 0 1058.34 958.449
7428.49 0 851.648 0 0 0 0 0
298.511 298.511 526.32 3334.7 0 1039.82 133.802 2483.02
967.798 0 1178.7 2406.87 0 4553.37 464.974 0
0 0 0 6091.19 375.386 0 487.244 0
6043.9 700.757 0.336562 0 1344.53 575.555 16.6147 79.6617
0 0 0 5225.19 0 0 1957.49 0
129.292 372.564 3297.04 249.977 3683.34 200.873 1738.47 0
1.54988 19.8806 1.46903 19.915 3358.11 0 5247.64 0
906.901 4565.81 0 746.722 1841.65 0 529.883 0
14.736 7.57479 696.007 23.4356 725.047 1332.08 4869.41 2141.4
318.781 273.505 3397.63 2352.95 0 913.292 0 36.5114
1180.46 1378.32 3252.15 5.20882 0 0 1107.65 378.135
53.5309 54.6588 0 3760.39 0 300.037 0 4168.62
1.45113 1.02905 4.43338 18.3592 4840.97 1656.43 0 357.909
201.539 694.356 580.682 1066.6 34.2904 6020.14 471.524 0
688.419 688.419 1516.6 960.58 4618.06 0 0 713.252
0 154.64 111.905 2372.02 426.112 135.081 5147.62 582.737
6532.71 827.49 275.596 0 459.856 0 0 103.999
0 5202.33 1479.29 0 0 385.533 756.323 731.098
631.108 433.996 481.219 1745.78 0 513.684 1408.05 3761.68
1757.28 285.578 3468.1 696.396 617.757 0 1017.86 0
51.5785 56.2173 107.015 33.8091 397.747 3804.4 4450.76 280.077
720.782 2355.36 3861.79 73.4862 366.387 0 168.766 410.037
24.6144 8.02759 106.324 138.966 489.158 3235.38 693.059 2403.95
196.365 0 2080.63 0 587.715 2864.71 2304.97 234.871
1776.04 1776.04 3963.21 0 485.414 933.759 0 460.351
99.1158 1110.72 0 340.73 4530.67 33.6445 534.419 819.728
287.782 243.492 590.795 1743.28 0 946.569 3864.45 226.887
1000.9 499.309 4323.63 326.931 51.3201 0 2002.61 780.134
11.3051 72.5761 3.63011 87.5113 2485.04 3407.91 1346.47 1268.26
0 3032.75 0 2494.36 1726.11 669.133 152.127 125.82
3279.31 467.401 1631.79 920.969 0 1888.58 412.664 280.281
358.875 405.72 47.5907 368.666 0 224.424 1492.03 4955.29
790.796 100.522 891.318 2805.57 146.486 4724.45 0 0
7332.58 0 517.125 0 0 0 0 98.4368
680.212 3136.73 4487.14 0 558.406 969.21 91.0507 0
2088.57 442.523 2531.1 2185.19 0 1454.25 0 167.689
148.061 200.108 1126.68 63.3097 0 5426.34 2333.85 0
0 0 3871.48 3871.48 0 8.13276 220.059 214.954
230.715 9.98514 240.7 3227.86 3709.26 715.641 594.203 580.47
0 588.806 415.503 832.262 6472 374.065 0 0
143.663 24.4551 699.115 2971.58 0 4987.19 0 0
6501.51 0 0 876.089 0 20.4908 36.2394 1111.31
137.03 4916.55 129.973 2138.48 0 0 642.042 0
4416.52 1194.92 2049.34 0 0 1089.01 0 0
439.465 832.844 914.871 2046.51 423.659 0 4823.42 0
152.797 230.038 382.836 765.671 302.859 4595.32 778.37 815.506
36.1847 65.7582 201.77 797.58 913.833 107.359 2159.11 4551.42
436.042 1813.09 2249.13 0 128.218 1561.03 0 2431.8
367.885 2909.88 2458.49 0 0 3043.83 179.705 0
101.62 76.9746 765.224 3912.58 2278.59 0 0 941.404
426.726 1534.29 1802.45 0 4429.47 766.686 107.543 0
895.717 3565.25 0 1106.96 1754.86 0 1175.74 60.9809
3702.02 0 2156.67 747.552 1292.98 0 443.333 1299.67
2441.29 3289.11 0 11.2111 32.6014 83.9053 0 749.853
0 2623.34 0 2349.9 0 226.253 527.558 1787.73
49.963 121.171 243.832 414.966 1262.54 4806.68 150.352 427.88
0 5564.53 722.674 0 524.323 0 592.53 216.51
629.397 162.692 385.852 139.291 901.38 503.005 5837.61 0
247.888 1450.1 58.4365 5691.42 0 0 0 1306.74
176.423 0 224.273 471.325 778.278 1690.3 4692.15 814.492
4.19426 9.27774 0 624.582 146.124 836.11 2709.07 4878.03
508.027 508.027 1816.22 1761.31 0 2170.96 0 0
53.402 249.329 302.731 754.52 1359.98 109.031 4030.48 0
398.683 1033.63 966.519 0 2398.83 18.5276 3418.16 0
1900.78 2314.5 1267.53 417.507 1543.37 0 0 312.055
369.317 388.963 0 293.622 2742.44 1087.85 3614.88 922.42
1213.77 27.9902 1241.76 524.914 0 2468.54 2957.83 0
4586.31 0 3157.4 0 0 0 0 0
2372.82 0 1569.61 3942.43 0 0 0 391.093
173.234 491.031 345.698 1313.65 2323.61 2629.86 609.702 791.255
0 1469.15 103.03 657.902 1461.06 493.317 5660.02 0
1668.87 1329.29 2317.41 0 847.087 1291.61 326.414 365.068
3480.02 2013.96 0 0 0 979.179 1607.01 555.848
6162.08 0 323.536 366.228 386.908 172 0 861.429
2227.96 2443.45 0 2594.41 1108.1 0 0 0
33.7856 0 0 0 8.63389 42.4195 5624.53 1952.18
339.353 4514.39 0 372.129 249.559 0 2306.83 1639.96
1426.92 110.226 5075.93 1840.13 29.4929 15.8258 65.9951 88.0891
0 2391.5 2880.16 0 1997.01 955.017 44.5746 489.404
1688.42 5708.22 0 0 0 0 881.551 0
745.493 0 207.77 444.541 988.984 1713.64 2748.03 627.388
0 0 0 1493.23 198.345 2686.12 0 4377.7
639.186 1013.86 1072.87 2194.69 1420.96 534.581 695.138 631.561
486.421 2270.45 276.986 3291.33 0 1257.93 0 189.74
798.395 0 979.388 1752.05 2097.59 2237.19 1372.26 1066.24
326.237 122.154 448.39 865.249 1058.9 2820.93 2705.39 0
26.2084 12.8625 2968.93 5414.06 1299.01 110.882 0 0
1168.98 2715.26 772.421 3034.7 131.284 239.133 963.674 490.13
283.466 174.806 819.949 1752.44 12.2982 612.88 4620.66 780.875
3154.34 1979.92 1412.22 1038.66 0 0 0 589.005
2018.74 1942.83 1535.89 392.829 1085.3 790.392 1837.42 1039.09
1211.41 4146.7 0 550.237 1997.94 366.15 362.744 420.655
0 0 228.45 228.45 510.522 2938.01 3905.43 0
309.23 309.23 3437.75 544.127 1714.42 0 1586.96 966.332
549.541 158.111 556.709 3737.59 2478.21 394.778 2215.73 677.696
2331.92 379.843 2711.76 0 20.0478 355.142 2183.93 0
638.529 3962.15 0 1526.99 86.5588 26.0804 1629.18 1244.15
48.9636 48.9636 0 112.038 209.965 62.8907 6033.38 466.253
703.368 187.416 1379.12 4641.31 409.066 0 0 0
386.428 102.72 197.567 20.804 6359.51 907.23 98.083 0
331.951 134.056 87.1874 625.145 665.602 4856.58 2079.14 672.656
445.018 3061.84 1146.9 51.6412 402.89 2132.28 171.17 283.314
0 0 0 1697.42 18.2533 5136.07 1.0315 1026
5192.44 118.361 0 0 834.393 2.92184 877.919 1428.67
3864.41 0 0 2636.87 345.151 27.1409 300.59 1546.64
4709.74 464.484 0 1161.01 1050.89 0 21.4617 351.7
93.7996 1.43078 127.957 171.253 394.441 1419.43 5356.53 764.647
0 3622.64 1547.5 0 0 11.2365 2934.62 0
1310.35 657.5 1029.49 3824.94 980.865 991.659 0 930.329
3.53782 788.048 805.126 1596.71 0 31.1674 3224.59 1915.72
303.615 92.1197 866.692 1262.43 2524.85 2034.36 1623.92 689.312
177.613 1395.22 0 2529.66 4102.49 0 0 48.6928
344.714 94.5567 416.176 0 855.446 341.906 2364.92 4439.34
0 716.734 0 1704.96 5283.84 203.605 342.582 288.755
913.853 1474.4 1321.05 3709.31 1334.37 0 106.546 329.076
3244.92 4014.54 1244.01 0 0 821.016 0 0
771.686 2602.33 895.196 195.847 5000.32 215.198 0 175.925
2.34808 128.489 130.837 196.742 419.104 0 5462.24 1533.77
111.001 17.1971 199.617 327.815 655.63 801.991 5043.17 192.164
122.868 387.692 305.398 815.957 244.146 5790.03 337.486 0
5936.49 591.361 0 0 286.295 15.2971 225.699 1703.4
0 5161.91 1310.52 574.965 0 0 0 0
0 0 0 3114 617.778 1921.5 2662.37 0
0 0 38.6983 62.2297 6377.75 0 1748.96 0
297.617 123.048 26.0888 58.3195 288.832 218.792 1012.7 5745.87
42.3065 314.895 636.278 787.403 1272.13 4431.5 35.2676 2851.18
1070.61 311.281 17.8726 0 6210.63 0 15.4207 1177.39
1068.25 1575.85 869.692 2805.58 578.414 148.969 1464.76 145.568
4.55627 852.393 55.8107 5614.28 206.218 1480.54 0 0
1368.57 1366.06 2734.63 2620.16 0 0 0 0
1489.73 12.745 0 0 3295.56 0 10.5965 3162.2
5980.62 207.842 0 0 1600.03 0 0 976.886
2.37302 7.30378 67.9984 270.284 2165.44 777.484 5213.81 810.371
313.769 413.741 961.55 1689.06 4250.85 0 55.9078 1434.86
1679.91 4208.43 1172.53 0 1707.8 67.1101 6.8926 0
0 0 0 0 5574.03 3847.45 0 0
5307.85 4.18728 952.865 0 0 0 0 1140.7
163.468 5341.3 0 1058.55 0 1074.35 1063.17 0
0 936.579 936.579 1873.16 44.55 216.263 0 5008.86
124.376 1052.08 1156.13 557.575 0 760.782 4921.05 0
654.553 92.5207 747.074 1494.15 0 1815.92 2573.95 881.834
0 0 1473.47 0 1473.47 267.252 3975.23 1616
5505.51 221.035 0 0 3004.67 0 0 0
2859.23 1831.49 0 11.1292 236.071 407.903 189.703 3997
261.126 1943.41 5094.39 0 0 65.2112 0 0
1999.98 1999.98 1887.03 48.213 449.733 0 0 1225.14
57.0529 28.3428 422.762 508.158 1016.32 3767.41 1829.11 1156.63
551.962 438.038 403.695 119.662 1039 731.002 4813.48 0
227.169 578.751 0 2679.19 3485.11 0 0 0
964.942 964.942 843.614 1123.01 4404.01 0 43.2054 505.701
4855.58 645.15 0 0 1502.38 19.8469 306.437 321.616
8.26308 1.25992 146.727 127.321 601.961 315.233 2222.97 4480.83
272.857 325.432 636.116 3045.93 882.32 1591.24 55.6107 329.336
950.46 284.852 2794.99 4030.3 338.545 0 0 0
711.034 3939.48 2039.57 814.833 1199.77 0 0 0
74.3499 502.251 353.821 0 1107.86 3010.28 1904.67 2697.96
2505.02 0 30.1319 919.721 0 711.461 4166.33 0
1246.99 465.277 1438.15 3150.42 937.689 456.148 593.367 0
93.1805 10.7698 172.725 1878.37 162.05 0 4390.87 521.421
59.6262 35.8577 271.674 367.158 734.315 2913.96 0 2692.76
680.662 1312.54 0 0 846.975 604.687 88.1766 4253.76
215.34 139.181 99.6207 1437.6 1819.41 3711.15 0 0
241.762 148.768 208.222 2869.92 490.5 457.78 1138.88 2467.92
141.556 888.039 1682.83 469.902 0 14.9739 5693.85 0
0 0 0 0 3267.76 2081.06 1966.83 854.138
1036.56 1774.13 0 2570.77 0 344.331 0 3418.02
1405.24 1405.24 2810.49 0 0 0 0 1894.25
783.557 30.1452 1110.61 2251.87 33.2757 0 5297.56 718.652
803.716 880.533 1684.25 3095.53 0 105.276 944.862 230.761
1138.17 1301.59 795.35 2448.8 1693.59 0 0 89.9455
0 1953.46 0 145.132 859.823 31.9645 2990.38 1843.01
636.028 119.806 755.834 256.541 0 49.4608 1298.81 4706.48
358.337 157.914 410.323 99.918 1212.49 218.576 1571.31 4546.72
166.794 125.87 292.664 779.739 0 1365.07 2592.65 2600.44
2213.44 2213.44 617.825 0 66.4659 0 221.483 944.82
3252.96 0 3712.11 0 618.614 0 0 0
1422.27 691.204 2445.11 39.2586 249.713 165.795 4329.23 16.008
3205.03 972.053 0 2109.09 2211.69 0 0 0
1401.46 745.077 459.85 0 3589.71 169.987 341.39 690.167
0 616.312 168.3 21.6255 3886.1 0 3571.38 348.183
5.36974 11.3385 0 40.2308 170.877 5733.73 1930 79.0372
232.025 496.391 0 211.126 939.542 1879.08 0 3758.17
1042.56 216.941 1672.83 2420.64 0 0 2480.5 0
0 1786.84 245.445 623.356 4246.07 0 611.3 327.757
13.22 61.9073 270.212 1284.66 1439.06 3794.5 350.256 1853.32
1122.46 114.154 225.216 1330.59 431.683 2834.6 1578.68 94.8117
1433.33 2670.05 1155.62 0 1590.37 0 3268.52 59.4814
101.504 13.9242 115.428 197.39 2241.12 0 5824.36 768.675
423.365 160.047 1431.07 545.314 2559.79 0 0 2897.3
95.4557 105.665 6020.3 505.202 1669.66 432.497 0 0
2114.81 1545.8 3660.6 0 0 0 0 349.612
1046.65 0 1101.5 2148.15 2199.67 875.844 719.4 0
2702.07 2495.85 0 0 1860.35 0 0 1332.1
1332.04 2418.91 1474.24 347.442 3115.12 1234.11 64.4713 483.901
26.8746 42.7465 3659.29 727.415 2242.95 2411.87 741.708 120.576
615.373 518.228 1866.45 4273.38 1208.78 0 66.7643 0
5153.8 105.208 548.386 0 0 200.9 1857.81 456.325
575.029 232.042 5185.23 717.966 18.8276 114.97 44.0052 79.7098
235.058 803.904 988.026 2432.84 3.34959 2490.52 657.618 1675.6
351.646 455.701 2618.65 4624.37 1570.61 0 272.992 65.1877
206.359 1489.07 677.428 143.353 1127.14 1106.88 924.529 2077.87
233.107 246.788 1847.58 127.281 964.133 1783.66 3490.05 1484.51
774.723 1269 730.292 107.038 5029.94 1463.18 1027.12 0
223.114 137.65 1926.72 2287.48 0 577.641 140.417 1727.79
283.21 0 309.763 592.973 655.123 4991.06 61.6064 261.396
877.975 877.975 2874.38 613.902 682.926 752.77 0 0
6429.5 0 0 0 1256.42 0 0 254.332
575.373 3856.25 2453.97 0 1497.94 0 0 0
560.316 560.316 1301.91 3263.58 0 0 650.264 2258.15
0 0 15.6014 180.566 196.167 5069.23 3563.36 0
58.8807 65.3259 314.037 325.838 1012.59 1776.67 4093.41 0
3511.39 41.8014 1580.36 1408.96 0 2.79276 1960 135.251
125.259 4320.93 0 1431.09 226.105 656.262 0 0
733.1 1096.15 1510.71 52.4784 4599.73 537.187 0 83.6551
1385.63 1385.63 2771.26 1567.51 222.717 474.266 0 205.206
4606.38 348.243 0 0 0 3314.97 7.85987 0
946.955 946.955 0 813.16 1010.97 2.42684 3720.46 352.099
387.05 475.341 369.235 119.257 1890.32 4416.36 0 1765.62
1212.01 1212.01 0 58.6365 4094.96 561.93 0 23.1486
0 0 266.71 85.6762 691.125 1646.72 2873.39 3948.83
2230.6 0 2230.6 0 751.731 95.0651 1692.4 873.565
206.669 261.178 381.225 1447.65 1058.24 3354.97 0 1645.98
130.916 335.897 466.813 961.87 0 1324.25 4765.59 0
61.2848 466.986 0 0 2312.2 1123.78 2541.97 2162.79
897.625 423.969 502.74 3821.24 2907.74 350.08 731.69 357.267
164.08 425.171 589.251 512.868 352.212 1625.1 4904.94 1004.61
849.3 925.523 1141.28 9.6271 61.9003 0 2352.11 2647.48
2535.48 1082.55 638.993 0 3092.88 859.854 781.921 0
516.058 434.355 948.708 68.9155 1529.28 481.735 4524.7 896.487
1297.21 1957.55 0 982.995 0 2327.44 2042.72 0
1599.09 2112.98 0 893.315 187.37 1101.11 0 2046.78
1459.5 2643.43 43.7717 1818.48 598.405 590.041 195.858 1297.88
388.818 67.8846 5570.35 355.127 2148.61 0 0 0
4248.02 0 0 447.845 0 1339.89 1001.84 772.396
1001.69 230.597 1776.53 540.437 2530.19 133.019 842.292 0
84.059 1324.72 763.768 447.886 221.602 4754.24 0 0
2054.16 682.301 0 0 1736.31 0 2914.6 213.35
5386.2 0 1809.1 840.813 778.729 647.023 150.25 63.5741
4499.32 0 56.98 1203.58 61.2056 973.027 0 564.762
0 1124.92 151.28 2434.52 3893.24 364.496 0 0
8.53769 18.7979 54.0128 1446.35 299.754 2541.17 2608.3 2130.48
0 2597.44 1556.53 447.96 2677.96 2243.56 0 0
0 1925.36 871.175 550.952 504.793 442.444 3955.6 0
3190.64 1878.56 0 0 0 0 0 2011.54
51.6975 0.135237 470.657 522.49 1790.84 2835.82 1766.94 111.054
250.81 86.9633 790.178 588.312 1744.8 5074.4 0 261.2
354.515 1418.06 117.73 277.177 5214.65 0 0 0
0 0 0 97.0688 2631.39 2728.46 2503.99 0
0 0 0 1120.22 540.252 1180.52 4696.6 2024.41
781.066 355.139 889.307 788.346 1078.53 2318.3 1320.94 539.696
48.6338 382.324 450.227 1213.61 956.038 0 2559.58 2262.12
1021.52 53.5515 0 519.254 0 6101.46 0 0
284.581 411.718 715.602 1818.86 1942.41 2589.26 0 0
2755.69 757.737 256.46 1167.55 674.701 0 1834.38 922.433
5.42487 1.22795 5.2574 1260.45 1272.36 2307.8 0 2829.92
0 0 1054.13 1489.02 0 380.874 0 4914.19
256.327 1566.18 1446.93 765.183 1927.99 1173.24 453.039 1303.57
1151.89 1654.19 1606.36 264.033 253.074 0 3490.54 637.339
0 0 1297.05 979.723 0 3438.4 538.165 1273.92
0 0 395.178 395.178 1139.44 3769.6 3789.98 0
255.253 210.731 170.896 0 1187.49 248.241 5133.45 2655.45
877.736 3116.9 1597.87 0 636.6 1056.02 1240.47 559.591
469.091 279.18 42.6995 826.473 0 620.133 1356.79 4165.79
255.095 5539.53 172.526 328.918 1550.89 0 0 110.89
1775.33 1848.98 259.952 1326.42 1818.8 521.219 1149.36 1413.81
611.564 1181.3 0 525.307 15.2003 2.13104 5977.78 560.859
270.752 57.1613 327.913 1052.27 1708.1 2444.87 2903.67 0
1270.89 231.331 2131.86 3346.22 1723.24 248.257 152.805 0
