5693 45.8507
2.52966 0.06419 4.76197e-05
0.00112781 1.22492 2.34472e-07
0.00014185 2.48538 0.0183239
4.84175e-07 4.65251e-07 1.37444
1.39095e-08 6.53724e-07 1.61803
5.82205e-09 0.211122 1.49924
0.0001655 1.75036 0.00055192
2.02296 0.000318264 0.0126053
1.85624 8.35025e-05 0.02414
2.87528e-07 3.45504e-05 1.23879
1.63719e-06 6.043e-06 1.3617
7.73376e-05 1.47457 0.021687
0.000175293 1.63133 0.0135453
1.71363 5.97018e-05 0.0358002
9.95001e-08 0.000173261 1.50911
1.56735 0.321676 2.53316e-05
1.46669 1.06081e-05 0.433423
0.000654066 1.67196 0.00332055
1.66253 0.137665 7.82242e-07
2.4002e-08 0.00151623 1.43593
1.44452 0.000359389 0.00722277
1.44403e-05 1.43487 0.0312023
1.61594 3.91269e-05 0.145269
2.4134e-06 4.89653e-07 1.19347
2.97668e-07 2.0491e-06 1.39899
1.36928 0.000101426 0.190317
0.000380764 1.23037 0.0439436
0.000479997 1.74951 0.000413728
0.000493131 1.30344 0.0156134
1.66089e-07 0.00402615 1.17748
0.000243941 1.30622 0.0370463
0.000120864 1.36912 0.208562
9.07337e-05 1.38372 0.173052
7.2123e-07 6.32778e-06 1.14444
2.1118e-07 8.76008e-07 1.43303
1.27098 9.09933e-05 0.259944
1.32672 0.000321518 0.0442461
1.35965 0.000203523 0.0993978
1.30764 0.185727 5.34313e-05
1.02196 0.0369007 0.345975
0.0640651 1.16227 0.00545342
1.20076 1.21795 7.68894e-05
1.16739 0.124968 0.00130392
0.000110308 1.20565 0.383268
0.153304 1.1867 0.000734166
1.10908 0.20462 0.00869514
0.225869 1.04102 0.334138
0.00268483 0.198851 1.09845
0.23041 0.338058 1.02307
1.18018 0.000138239 0.422002
0.363873 0.100983 1.03125
0.751347 0.77675 0.289971
1.12663 0.0145541 0.0277759
0.863835 0.65498 0.318394
0.19092 0.269031 1.05052
0.103707 0.28862 1.03216
0.955608 0.272682 0.514249
0.000283175 0.00053413 1.12495
1.02718 0.398452 0.198847
1.13216 0.0015711 0.217515
1.05221 0.27771 0.181978
0.326501 0.119206 1.01257
0.184014 0.499504 0.96831
1.15249 0.000374463 0.100822
0.9507 0.0902841 0.527635
1.24829 0.010321 0.00449527
0.00714264 1.19112 0.0243099
0.944909 0.144135 0.535676
1.04679 0.296162 0.272976
0.0133718 1.09766 0.141439
0.17448 0.421763 1.00759
0.462352 0.811679 0.627222
0.979805 0.110432 0.447994
1.04108 0.071964 0.301694
0.774225 0.214471 0.75844
0.895277 0.672105 0.0624527
0.982247 0.313945 0.395874
0.395152 0.42537 0.918822
0.542565 0.35796 0.90238
0.0794523 0.608124 0.883287
0.220195 0.970738 0.533826
0.300149 0.975201 0.491643
0.0899401 1.0233 0.459755
0.433029 0.794342 0.631773
0.621628 0.432202 0.777196
1.0886 0.0222837 0.16521
0.929102 0.568872 0.295799
0.0284645 0.925483 0.611063
0.480165 0.619439 0.831261
0.251254 0.889075 0.606295
0.492775 0.239505 0.934213
0.361588 0.938263 0.410666
1.18898 0.237351 0.000711265
1.25945 0.000463942 0.00013084
1.23059 0.0422978 0.000815623
0.754634 0.0928266 0.810914
0.368663 0.725169 0.784493
0.758101 0.64941 0.547105
0.0458804 0.756317 0.7823
0.795774 0.785609 0.192713
0.629906 0.344962 0.862889
0.731852 0.265386 0.804141
0.963166 0.255826 0.46636
0.833013 0.485155 0.518814
0.606203 0.930042 0.224866
0.851904 0.545264 0.452549
0.444499 0.408651 0.964352
0.822514 0.693803 0.158513
0.867093 0.670153 0.15357
0.131535 0.382409 1.01745
0.0149455 0.574254 0.908794
0.520848 0.403236 0.912523
0.305297 0.613854 0.841928
0.0357917 1.11371 0.00567165
0.538041 0.130775 0.929702
0.959237 0.085551 0.555992
0.000166254 0.0513221 1.11046
0.507128 0.578484 0.827443
0.689836 0.223882 0.81616
0.253023 1.08616 0.122498
0.116557 0.513844 0.952046
0.918024 0.610804 0.323823
0.230318 1.08374 0.131682
0.000397686 7.34707e-05 1.13524
0.603408 0.857285 0.378973
0.88471 0.641893 0.0868356
0.791881 0.472057 0.673455
0.00106333 0.000129808 1.11359
0.0435126 0.815703 0.77318
0.55166 0.456509 0.875307
0.588531 0.191533 0.894544
0.976781 0.480491 0.182596
0.846384 0.377496 0.596868
0.288214 0.955949 0.502086
0.416308 0.847058 0.622054
0.0965666 0.0438997 1.06227
0.320684 0.763154 0.745639
0.582002 0.0606412 0.895224
0.0225818 1.13974 0.0336901
0.699628 0.751989 0.455331
1.01885 0.0504413 0.374331
0.101759 1.10965 0.111814
0.729193 0.838527 0.0785322
0.545412 0.107754 0.943884
0.454848 0.94606 0.279203
0.760334 0.489246 0.70957
0.710374 0.805737 0.275714
0.90069 0.626268 0.245607
0.910661 0.638149 0.213516
0.293427 0.327705 1.00933
0.956203 0.368401 0.313608
0.756613 0.74963 0.402059
0.359005 0.967791 0.427426
0.877039 0.0752665 0.713711
0.529218 0.895579 0.369684
0.020934 0.940651 0.575561
0.882641 0.133997 0.614643
1.31871 0.0823957 3.95945e-05
0.993 0.364114 0.333991
0.716944 0.196211 0.822587
0.0751212 0.527878 0.92926
0.244515 0.864945 0.647925
0.724392 0.882255 0.0913162
0.742827 0.242925 0.77609
0.0245313 0.275661 1.05322
1.21646 0.0141492 0.00266438
1.008 0.437675 0.106656
0.942782 0.464274 0.320363
0.45856 0.686376 0.717129
0.546019 0.820609 0.583214
0.923932 0.300332 0.488204
0.484243 0.535949 0.846861
0.360606 0.313508 0.998951
0.988296 0.462142 0.11617
0.336051 0.824882 0.643322
0.271427 0.566211 0.92186
0.600044 0.612472 0.722176
1.07758 0.329941 0.128952
0.565111 0.727741 0.591324
0.0671906 0.247876 1.06528
0.634945 0.717945 0.61961
1.23727 0.0196092 0.00172529
0.164787 1.01844 0.389801
0.555736 0.58562 0.813342
0.245472 0.487358 0.95289
1.8788e-05 1.37602 0.266002
0.703629 0.809676 0.351323
1.00622 0.409756 0.170052
1.01067 0.293937 0.298593
0.608778 0.048068 0.91493
0.00452929 0.452456 1.01609
0.423013 1.01189 0.11192
0.459644 0.934569 0.354947
0.525457 0.228602 0.904152
0.405999 0.797598 0.637532
0.739747 0.158963 0.807299
0.380846 1.02817 0.08329
1.02855 0.419265 0.110636
0.262391 0.590021 0.892111
0.71539 0.778751 0.377876
0.648472 0.592873 0.73934
0.205005 0.867793 0.650665
0.0166322 0.877922 0.68159
1.14393 0.0282278 0.00809628
0.0691005 0.601475 0.887124
1.03713 0.034617 0.438196
0.124412 0.503354 0.958469
0.281393 0.736762 0.765812
0.869151 0.596481 0.388514
0.050823 1.0265 0.444687
0.873101 0.0383534 0.734985
0.841805 0.160979 0.690552
0.501256 0.743882 0.66346
0.777193 0.599033 0.484952
0.626401 0.842089 0.479792
0.176472 0.635203 0.860041
0.633468 0.370531 0.838943
0.23491 0.916225 0.506191
1.13708 0.247281 0.00362018
0.853361 0.66085 0.28367
0.0561855 0.559515 0.967709
0.464568 1.00228 0.0956994
0.0566767 0.226376 1.07329
0.137392 0.699683 0.852114
0.795104 0.234707 0.729252
1.01577 0.352431 0.257744
0.215127 1.15886 0.00173572
0.674028 0.341116 0.845509
0.216954 0.49653 0.962765
0.799164 0.0117305 0.769618
0.101172 1.03586 0.431924
0.0126735 1.12464 0.0752379
0.707642 0.149116 0.835913
0.35261 0.985901 0.419615
0.783891 0.331672 0.684179
0.639315 0.0393088 0.92556
0.225264 0.953314 0.541049
0.710984 0.833432 0.247714
0.344135 0.746117 0.753586
0.836908 0.715808 0.0175129
0.616977 0.771848 0.56432
0.126721 0.732257 0.79499
0.411661 0.983127 0.263917
0.473927 0.994896 0.0163129
0.393105 0.530966 0.871203
0.966212 0.534792 0.0803862
0.374182 1.05322 0.125487
0.724916 0.624096 0.600641
0.656786 0.633522 0.61654
0.438139 0.8234 0.57693
1.06328 0.179161 0.251494
1.06638 0.105326 0.208032
0.719365 0.509484 0.635794
0.812794 0.492716 0.569797
0.0186391 0.960296 0.563461
0.357893 0.344914 0.993007
0.199792 0.000920241 1.09102
0.157163 0.723541 0.824555
1.10383 0.00612845 0.0403374
0.550123 0.0560493 0.985446
0.901219 0.0313538 0.652315
0.331369 0.00273373 1.05893
0.509418 0.187759 0.975803
0.170238 0.977073 0.495502
0.330827 0.992806 0.360605
1.04673 0.317985 0.178783
6.79711e-05 0.219081 1.07664
1.03425 0.341764 0.286449
0.140837 1.08899 0.161228
0.769481 0.0780367 0.800836
0.308916 1.03871 0.215007
0.913563 0.0520648 0.579619
1.00124 0.114872 0.434619
0.0941082 0.94964 0.56012
0.137695 0.998191 0.474257
8.61421e-05 0.631095 1.03804
0.887153 0.154697 0.603818
0.683108 0.678086 0.609737
0.409776 0.702727 0.790509
0.662088 0.775197 0.471742
0.706892 0.848485 0.255396
0.211175 0.475514 0.965318
0.878727 0.422862 0.508838
0.802779 0.171163 0.70374
0.82733 0.665512 0.430852
0.949069 0.523469 0.084893
0.16171 1.0019 0.442154
1.00489 0.201053 0.416527
0.149766 0.501173 0.957616
0.589874 0.852246 0.489413
0.00777687 1.15003 0.0175283
0.347091 0.979959 0.436392
0.82803 0.310893 0.688891
0.242415 0.392217 0.978095
0.907906 0.166011 0.594222
0.534289 0.736486 0.664669
0.734418 0.797974 0.27967
0.0581324 0.0131483 1.06709
0.562119 0.950457 0.108071
0.819784 0.743001 0.14643
0.59965 0.550351 0.808179
0.296971 1.04839 0.204781
0.196241 0.4261 0.987324
0.129531 0.977604 0.478684
0.494512 0.0212222 0.989991
0.428175 1.06157 0.00844924
0.831029 0.554678 0.50729
0.268165 1.09127 0.119625
0.8594 0.0328402 0.764629
0.0115827 0.304351 1.04779
0.576451 0.908014 0.236103
0.340208 0.892659 0.587585
0.00537225 1.12082 0.235549
0.155111 0.687858 0.876499
3.75232e-06 0.000228325 1.13077
0.915571 0.428759 0.385479
0.470342 0.760426 0.677056
0.554963 0.952597 0.266922
0.0830603 0.388185 1.01142
1.06086 0.373267 0.0536532
0.66707 0.708362 0.499659
0.626763 0.91951 0.185768
0.788706 0.275924 0.706115
0.108834 1.04697 0.366734
1.06542 0.00244021 0.242887
0.0367897 1.02317 0.465456
0.917141 0.0666168 0.571197
0.57038 0.869639 0.392883
1.09566 0.163031 0.10411
0.742284 0.379631 0.762346
0.388394 1.0196 0.237603
1.31409 0.000103019 0.17761
0.61227 0.920592 0.227901
0.435328 0.782633 0.698851
0.104683 1.06387 0.402936
0.00787547 1.13094 0.0688414
0.0126909 1.00779 0.586668
0.808821 0.0418522 0.749383
0.571861 0.00514984 0.949185
0.71941 0.041982 0.868604
0.086132 1.09681 0.150647
0.00478224 0.163155 1.08235
0.00941354 0.259337 1.07527
0.0124877 1.07472 0.329828
1.00446 0.426952 0.30724
0.92743 0.466044 0.349788
0.333454 0.546525 0.926891
0.143472 1.07059 0.284181
0.772738 0.229284 0.740868
0.641866 0.859 0.252411
0.686246 0.00432378 0.889069
0.0275049 1.14441 0.0104983
0.363872 0.899275 0.5422
0.664737 0.884021 0.136535
1.2102 0.0686357 0.00187561
0.124133 0.693098 0.856967
0.646418 0.0609911 0.848218
0.932261 0.256516 0.550821
0.049147 0.441454 0.998207
0.221139 0.00363997 1.08788
0.260146 0.648668 0.807358
0.00196216 1.13435 0.0660636
0.781313 0.474851 0.590357
0.651088 0.0237367 0.898594
0.594045 0.237094 0.880672
0.0713114 0.571882 0.946588
0.162326 0.827476 0.733372
0.119085 1.00079 0.500604
1.09318 0.304272 0.0236909
0.721711 0.0219314 0.817604
1.08175 0.291917 0.0533262
1.0978 0.1668 0.100604
1.07936 0.150359 0.13735
0.516077 0.483859 0.856117
0.651629 0.827951 0.407574
0.350412 0.73049 0.797297
0.970777 0.443045 0.234342
1.05448 0.242577 0.232952
1.20557 0.000327303 0.0289541
0.622181 0.930006 0.117261
0.723264 0.870491 0.169458
0.450145 0.774831 0.702634
0.490287 0.7836 0.64219
0.403536 0.731378 0.753219
0.78313 0.675628 0.310252
0.557408 0.98886 0.0272497
0.251457 0.721722 0.832279
0.0468322 0.174456 1.08027
0.0586597 1.07545 0.28223
0.731576 0.83513 0.203031
0.815552 0.355754 0.659641
1.04184 0.0199106 0.370572
0.972959 0.347603 0.417712
0.577525 0.966926 0.0504118
1.14692 0.0870507 0.00501336
0.662081 0.615679 0.656273
0.879534 0.542409 0.327767
0.860892 0.710564 0.0638751
0.90484 0.697547 0.0149082
0.932449 0.00770788 0.694271
0.312915 0.767943 0.751725
0.766762 0.763118 0.228982
0.879963 0.644897 0.0669512
0.421955 0.998042 0.209128
0.889211 0.0107916 0.658529
0.694008 0.892687 0.0702838
1.03014 0.388975 0.120593
0.455493 0.884347 0.406141
0.109229 0.844712 0.670974
0.518063 0.861263 0.487952
0.375323 1.02097 0.188464
1.08407 0.0463756 0.131489
0.329372 0.801414 0.677456
0.0708987 0.874118 0.67845
0.985614 0.0469282 0.497857
0.263455 0.00856285 1.08023
0.502334 0.829541 0.504788
0.456844 1.00372 0.126741
0.111125 0.740231 0.800167
0.385471 1.07713 0.00463466
0.800254 0.752263 0.144508
0.937352 0.571614 0.00473864
0.0410197 0.518955 0.985226
0.634277 0.910708 0.232614
0.845035 0.208421 0.669037
0.142172 0.662928 0.878849
0.770627 0.399754 0.693114
0.149201 0.833507 0.72569
0.31563 1.02543 0.309711
0.38704 0.933748 0.483722
0.803909 0.765243 0.0796969
0.0100416 9.00458e-06 1.09392
1.07051 0.184793 0.160313
0.535873 0.196775 0.938676
0.659563 0.49681 0.708582
0.389764 0.6315 0.792287
1.0711 0.355861 0.0577902
0.490064 0.126332 0.982567
0.273415 1.05698 0.0105234
0.887581 0.374014 0.525102
0.27798 0.789838 0.740063
0.285413 1.05528 0.18781
0.169109 1.05063 0.364887
0.99639 0.445419 0.000343143
0.419769 0.000905872 0.995153
0.577057 0.394397 0.829187
0.69443 0.69829 0.567556
0.991528 0.56264 0.0731523
0.00422856 0.681044 0.885132
0.417085 0.789045 0.725373
1.21422 0.0186343 0.0269172
0.696651 0.00639858 0.872239
0.509898 1.02856 0.0126902
0.488091 0.152136 0.989255
0.615652 0.632949 0.63451
0.708515 0.335323 0.81267
0.34954 0.914198 0.559583
0.342854 1.03757 0.175716
0.519193 0.180414 0.938875
0.239783 1.05564 0.284519
0.0410481 1.06756 0.367427
1.0044 0.355205 0.327023
0.680395 0.38139 0.72911
1.10311 0.181012 0.0634436
0.467468 1.04914 0.0505408
0.830122 0.20066 0.686266
0.409144 0.0172597 1.046
0.671792 0.866792 0.203216
0.595456 0.819247 0.578415
0.0191458 0.52201 0.979857
0.989235 0.36646 0.391727
0.386218 0.964847 0.35833
0.0262069 0.42005 1.04311
0.0365709 0.875843 0.74388
0.932449 0.294408 0.52304
0.0656405 0.319477 1.04163
0.134255 0.484309 0.972357
0.0398776 0.952161 0.550508
0.908985 0.683965 0.0557388
0.597439 0.88247 0.262453
0.27054 1.06326 0.148979
0.112868 0.710019 0.858779
0.0571345 0.922041 0.675458
0.678761 0.00410083 0.972423
0.136042 1.09294 0.011124
0.209214 0.0034973 1.08859
0.945361 0.0015035 0.69777
0.000386064 0.466996 1.03967
0.423764 0.931043 0.499563
1.00078 0.348599 0.350933
0.996456 0.208316 0.383881
0.514655 0.683437 0.749011
0.463371 1.02514 0.0584802
0.991464 0.311328 0.364262
0.0136509 0.66719 0.898498
0.765277 0.792129 0.00822193
0.522863 0.153379 0.981715
0.876307 0.27612 0.557554
0.00853845 0.903001 0.677236
0.0876585 0.88415 0.666833
