5705 90
14.1789 4.26026e-21 1.61629e-229 1.23452e-75 1.34187e-18
13.0607 1.03579e-17 5.72931 2.75734e-49 2.9652e-266
9.04364 8.12334 5.36893 1.17023e-312 7.45085
2.58128 7.51458e-231 13.9668 3.62247e-53 1.15209e-59
0.228345 0.202911 0.915494 1.47504e-311 18.1982
0.184073 18.2208 2.1752e-10 7.73351e-38 2.38564e-15
0.0988357 9.57273e-08 1.28646e-172 16.9945 2.74302e-58
0.0252378 2.9793 15.8115 6.86261e-38 8.43696e-171
0.000565917 0.00454691 0.00200554 0.802403 14.3718
0.154135 17.5711 1.16112e-31 3.94309 1.16558e-30
12.68 0.0688276 5.69643 5.97819e-142 3.54395
1.97701 6.70282 8.56655e-91 11.9083 5.32181
0.0695683 6.07433 5.55956 14.0973 2.28533
0.165016 16.6216 1.55609e-20 1.49941e-14 5.80179e-96
0.120683 15.9607 0.000122172 3.553 7.95669e-123
0.0260602 0.0232 0.103488 14.9781 2.42014e-58
0.12093 12.4207 0.935304 4.82036 7.87917
1.01767 1.12714 8.06137 13.9322 1.00992
0.0903992 10.3287 4.63934 11.5591 6.22678
0.59719 4.79322 14.3849 4.38605e-19 4.62618
0.857096 6.97229 1.12937e-129 12.0058 1.94504
9.03793 2.95966e-27 1.94913 11.0721 3.56701e-63
12.1001 10.7628 1.37659 7.00928e-85 4.93626e-19
0.0261997 4.38738e-53 0.0774999 15.8474 1.72559e-44
0.133964 11.2656 5.04807 4.77962 10.7596
1.49175 1.33623 10.7133 11.0958 2.1724
10.2798 2.28476e-19 1.08283e-06 3.98375 8.95663
0.114176 11.3911 3.98297e-18 4.41073 9.64075
0.0863738 0.297534 0.916571 1.17652e-16 17.7595
3.87825 1.74837e-39 11.487 2.72554 9.85109
2.467 1.20644 14.8061 2.27652e-52 3.83575
0.0569474 6.20281 2.78359 6.94269 12.905
0.0293988 2.51303 13.5528 5.33395 8.75286
10.9104 8.19532e-61 1.12774e-79 2.42987 8.8383
0.0927354 1.28513e-12 0.00814967 16.4991 0.329381
1.39016 4.7627 2.17189 6.50708 11.1828
2.00621 1.79218 14.2277 1.27898 5.55216e-30
13.2598 4.20011e-188 0.0133386 0.635568 0.0864663
13.456 1.04408e-12 2.91707e-98 1.07564e-06 4.09959
0.418597 1.4133 7.85482 1.79636 10.93
11.2792 7.13185 1.17332 5.19949e-310 7.514
3.51257 3.13426 3.05716 5.71205 10.6029
9.82837 10.8758 4.01799e-35 3.27188 6.7498e-171
3.48462 11.9294 8.07598 1.20313e-311 2.33912e-78
0.335326 2.73496 14.9561 3.25895e-56 1.22081e-38
0.20444 18.1079 1.1967e-31 2.51473e-27 1.08027e-42
13.7584 2.43127e-92 6.3027e-112 3.08146 1.97201
0.0155053 0.00161032 0.0828674 16.0594 5.81389e-21
3.53657 3.16195 7.51734e-130 8.11547 12.537
0.226983 0.20299 0.905243 2.95587e-36 17.3729
3.03949 2.71514 2.64498 8.39084 12.8658
0.114773 14.2845 1.29527e-181 3.19043 8.66906
0.146968 15.4982 1.16553 6.01261 5.96341e-13
2.2689 1.43436 15.3812 1.40753e-311 1.77679e-90
2.93895 10.0257 6.77737 0.595085 6.98759
7.86517 8.72019 1.13011e-181 4.55282 9.9404
0.0129795 1.32154 6.972 7.2529 13.4723
1.93151 1.07065e-43 10.3505 1.66568e-32 14.1171
0.0280212 2.88841 15.3592 7.04502e-59 2.5472e-13
1.60433 13.233 5.85466 1.05263e-49 0.482933
0.083124 9.29293 8.08633e-182 2.0716 12.7328
0.123032 11.8263 1.1136e-20 1.04425 9.65877
0.149911 15.0322 6.75002 1.62223e-38 0.763388
10.1939 6.44125 5.32405 6.15331e-68 4.01011
3.13444 2.80572 12.6371 2.82988e-311 7.47436
0.737743 2.48288 13.5999 5.35648 6.15485e-42
4.77758 4.27247 5.84083 10.3887 4.11012
0.00390808 0.00347492 0.00229433 0.941603 16.914
0.149509 0.133596 0.598192 0.756007 17.4367
0.0179421 1.58945 8.46042 14.5988 5.15943e-19
0.957442 3.27131 10.1891 10.9393 7.17501e-23
10.7428 11.928 8.59109e-36 1.41553 5.97664e-21
4.03177 3.61836 2.36995 7.09986 12.1885
0.0190188 2.08472 11.0062 11.4257 8.15152e-171
0.618117 4.97287 4.57116 11.669 10.6858
8.39357 7.4761 0.847331 2.51861 9.17297
10.1108 4.35115 10.0631 0.106694 0.297363
12.4341 7.88589 2.33988e-85 1.38186e-62 2.02847e-09
4.0178 2.54706 13.8845 1.23173e-312 6.18228e-25
13.8385 5.28493 2.41413e-17 5.72696 0.990537
1.05252 0.937207 7.58044 13.1582 0.950856
6.12565 5.47193 1.78594e-98 8.34887 6.57888
1.79541 1.60684 12.9481 5.43084e-43 7.80253
5.34856 1.73966e-05 2.34903 7.01015 12.113
1.1794 1.05645 8.5901 3.37809 12.4322
1.18689 13.8468 3.05444e-60 1.45998e-249 1.42342e-52
0.0477824 8.56589e-21 5.47161e-11 14.2919 8.01409
0.290488 2.3361 7.01917 12.7031 8.69108
0.14079 14.576 2.37005e-72 1.42725e-92 8.60565
6.94616 6.06938e-15 2.9635 13.001 4.00428e-159
10.5491 5.16344 0.998892 1.04183 9.62168
4.43917 7.35612e-86 7.18333e-73 7.57159 11.7048
4.24061 3.81101 2.49192 6.32984 11.7998
0.184446 14.121 6.33382 6.89446e-142 1.60307e-19
11.5863 1.39005e-16 6.43413e-07 2.42549e-20 9.40727
11.8744 0.67976 1.3312e-31 7.63014 8.34386
1.07197 0.95907 7.68047 13.4164 0.0179068
0.240403 1.91953 10.5429 10.9067 1.99209e-06
9.76248 8.75109 3.04191e-59 3.98939e-07 0.261275
4.51344 4.02863 0.455936 10.3213 9.46365
6.96373 5.69057e-92 9.41636e-07 11.9572 0.638895
2.41553 8.17174 0.641998 8.71179 9.64569
0.378236 1.29946 7.39664 12.8371 1.16984e-51
0.675718 5.45593 5.0138 12.7272 2.06065
0.261403 2.15428 11.8343 2.69576 9.81042
1.77079 0.677201 10.1143 6.16996e-41 13.6754
2.50886 8.61676 0.789175 10.8111 4.28224
2.20417 7.58194 5.12366 11.3076 4.48133
2.8093 1.24395e-33 8.36557 10.6019 0.275211
3.1558 10.795 7.29129 0.00172888 7.53207
11.2445 10.0386 3.3674e-24 5.81622 4.87209e-16
1.95272 1.74826 14.2882 3.24525 0.687639
4.1435 3.70637 5.06516 12.9121 1.17617e-51
0.158587 1.25856 6.8686 11.8705 10.8701
0.0218523 2.24076 11.9408 2.71441 10.1146
0.522574 3.50535e-174 5.20245e-17 0.532366 13.9792
8.61361 9.54389 5.76785 1.3936e-23 8.34598
5.01954 4.47881 3.02048 12.5664 1.71244e-112
0.128778 13.4752 1.20965e-181 2.5337e-09 7.98163
7.28216 6.49661 8.89732 2.95622 7.58009
6.82633 6.09672 4.01072 10.1743 8.82396e-82
2.69995 9.2436 8.80341 6.07168e-68 8.1337e-82
7.7949 6.96628 4.70462 4.42621 7.27996
8.03903 1.8076e-09 0.0886739 8.21872 6.80875
0.0216259 2.51215 13.6851 3.09972 8.42323
3.67083 12.5406 5.73716 8.37451e-310 3.75872e-266
0.702189 2.39378 13.23 5.19601e-57 7.96366
4.94266 8.79721e-27 3.20791 6.00293 11.1293
0.118809 15.308 1.45101e-181 2.46964e-73 2.86767e-06
1.54416 12.7231 8.4207e-128 1.17542e-65 3.9011
6.03568 2.04629e-60 2.65109 6.69492 12.4463
0.379462 0.339743 0.222735 0.665165 15.5514
0.689216 2.3329 13.2578 3.00261 8.15964
2.62482 8.2197e-39 13.9063 6.08025e-85 0.88281
3.39923 3.03678 13.4547 1.08625e-19 4.32006
0.158758 0.54794 0.520384 0.173427 14.7304
6.39917 4.04452 3.32809 5.82357e-311 11.0463
5.80417 3.66799 6.25075 9.43797 7.42195
2.06407 0.0316073 11.2467 4.42352 9.96814
7.87283 2.79152e-07 3.44408 3.04141e-310 11.3588
2.22875 7.5823 3.47561 2.84118e-49 11.4906
13.988 2.318e-85 1.0525 3.14984 1.13249e-51
2.87872 2.5753 11.5258 0.535664 9.6415
4.35687 6.54688e-59 13.0571 8.05615e-129 5.0801e-19
0.0661535 7.28095 6.66622 1.63488e-16 13.1466
3.72142 12.8801 5.22214e-15 4.9406e-57 1.41093e-42
0.562716 1.88231 10.5068 10.896 6.33067e-42
12.8367 9.09396e-12 5.61809 0.141908 6.14224e-38
0.400497 0.358292 0.348749 0.653354 16.5851
11.7844 10.49 1.38907e-47 1.01013e-87 4.02182
7.73082 6.8897 6.73107 9.44363e-20 6.93204
0.0751361 9.34975 1.92615e-90 0.0519359 12.4151
0.0744741 9.85784 4.42631 2.97284e-15 14.3412
10.4206 3.82494e-14 9.53707 0.101045 6.52574e-28
0.166566 1.33381 7.17606 12.5443 1.6264e-86
0.0718374 0.585473 0.0517809 0.711241 15.962
1.63873 13.6599 6.04586 1.92903e-312 2.37191e-78
11.0875 1.34745e-32 2.92913e-06 2.30362e-46 9.00383
1.8242 2.02717 14.6558 2.61805e-139 0.00118674
1.01476 8.32208 3.6844 1.5579e-224 12.1474
0.11575 11.6018 5.20285 2.84028 7.68585
3.67229 3.28974 4.49796 11.3427 7.75883
5.97034 5.33166 7.40289e-182 8.17698 9.30071
9.20682 8.23978 5.42383 0.356913 8.34764e-82
0.164675 14.579 1.09607 3.03329e-46 1.38036e-22
1.73796 1.54963 12.3016 3.59608e-12 10.1785
5.51774 2.70841e-09 2.41493 6.12066 11.3583
8.19501 1.029e-77 3.59877 0.42854 11.9268
10.7412 11.9099 1.20654 1.03617e-56 2.22501e-05
4.65185 4.15349 5.68434 10.1306 7.39042
1.6676 5.11111e-06 8.93676 3.52185 12.9485
2.45644 8.44094 1.94626e-98 8.94623 7.42391
2.36087 0.000782405 12.5357 2.8633 7.34961
5.75908 2.00747e-191 7.2573e-18 6.90337 11.9015
0.00123462 0.004215 3.22499e-95 0.937 16.3955
0.0814306 9.5349 4.28014 1.0289e-38 13.8609
9.95711 5.71922e-190 9.09474 9.76878 2.24772e-36
0.116624 0.945198 5.15555 8.96754 13.8366
0.415993 3.32042 3.05731 7.74654 11.944
0.591635 0.528528 4.27053 7.37605 11.3295
0.0387321 2.8545 7.5326e-07 2.91689 15.7494
1.43256 4.90204 3.3204 6.21311 11.5164
10.5906 3.50071e-09 6.86721 2.83432 6.8553
0.0620433 6.58699 6.01639 9.12942 10.0589
0.721109 2.51652 14.0031 1.68458e-311 6.66271e-23
1.51349 1.35134 11.0678 11.4688 5.81044e-41
0.104534 13.0124 5.8477 2.68321e-09 8.44675
3.38628 3.01706 4.15395 6.25124 11.5968
9.10432 1.98451e-79 0.801651 10.9703 9.41228e-266
0.1835 15.4398 1.90837e-90 1.36424 1.84978e-139
0.00404102 0.0327389 0.0982008 14.7101 1.54767e-42
0.844 7.46448e-96 4.54493 7.91701 12.2825
5.41236 3.42966 2.18269e-54 6.5128 12.1241
1.70546 1.52572 12.4187 1.56808e-25 9.99212
0.936911 0.837891 6.81979 11.7892 8.11254
1.2786 10.5052 9.68478 6.35296e-137 1.12837e-51
8.445 7.56384 7.19396e-64 7.21659e-08 6.35349
0.47795 0.114461 0.214908 0.642466 15.3733
0.0713322 0.064008 2.09764e-100 16.7801 7.32218e-38
9.3242 7.14138e-13 2.03719e-98 11.183 4.61086e-34
10.5018 0.000244168 9.61432 4.5942e-35 9.18101e-14
1.68975 1.58857e-85 9.02336 2.05293 12.5217
1.1722 6.06768e-191 6.39301 6.62418 12.3509
6.61887 2.03008e-05 2.96729 12.3703 5.9358e-42
0.051811 5.15121 4.69454 11.9233 8.16529
1.04887 8.4604 3.74809 11.1868 0.483021
0.175334 14.8136 1.2988e-77 0.722441 2.05262e-05
5.44646 4.77161e-168 2.38051 7.13071 12.2823
0.020912 0.170353 0.509098 0.643798 15.6382
3.21763 2.86837 3.93304 9.94712 9.38364
2.09626 4.65611e-20 11.2224 11.6305 3.56164e-36
5.6041 3.10937e-72 8.58034e-23 9.53798 8.75598
4.63426 4.14874 5.69524 8.59219 9.49997
0.00471909 0.0394651 0.0174475 10.0403 13.3039
1.34061 10.8049 9.49503e-182 2.32129e-56 6.43492
5.27906 4.68775 6.44184 11.4379 6.97783e-23
1.2003 4.10901 3.90815 5.91468 10.9665
7.20677 2.0893e-19 1.33664e-16 12.3118 3.36384e-56
0.134279 11.6748 5.24962 2.37577e-59 10.3961
10.8642 6.89988 5.63763 4.10696e-309 0.772043
0.497226 1.6848 9.45824 9.79974 4.15988
1.05266 8.47801 1.37945e-72 1.91936 11.6912
1.32359 4.62847 3.12904 6.88013 11.8787
12.2669 5.25214 5.8964 9.27048e-56 1.27799e-35
3.31046 2.96478 0.376625 7.60818 11.7082
1.13971 9.24471 4.08352 12.2228 2.51452e-78
0.0959105 8.72781 3.91231 0.844842 12.7854
0.132665 18.2176 1.37318 4.87955e-44 8.85656e-123
11.958 10.7196 2.61639e-17 1.60084e-09 2.63678e-42
4.90475 2.6945 3.62805 6.78201 12.6883
1.90347 1.69877 7.6113 8.17495 9.08583
6.2012 2.74622e-33 5.66722 8.53055 6.70318
0.781983 0.494021 1.19083e-171 1.11689e-310 16.8442
0.159444 12.6221 5.66286 1.24599e-10 8.19334
4.09192 3.83271e-107 12.2303 1.8572e-87 7.23806
7.11988 2.31655e-05 4.61936 6.94675e-20 11.2194
1.22688 1.10012 8.72898 10.6778 7.78946
2.27857 7.77797 1.01346e-126 9.75291 7.10534
7.62768 8.75828 1.71261e-171 2.60752 9.43297
1.73098 5.91453 5.61405 8.46666 6.67045
10.9415 9.77558e-168 9.98943 5.85642e-310 4.07276e-15
0.167422 13.116 2.56769e-70 3.60298e-44 10.6642
2.52952 2.27003 3.11217 7.89847 12.2235
0.622973 5.21657 4.80395 12.1367 7.89625
10.3473 9.26949 1.89584e-76 9.67145e-66 4.21009
1.10145 0.983161 7.92164 13.6983 4.83425e-19
0.125286 0.427889 0.289208 0.637976 14.8136
5.11063 4.56278 1.88161e-35 11.6335 1.74703e-73
5.00731 4.47255 6.12961 0.240647 12.0927
1.59263 1.41953 11.5788 2.64192 9.82121
1.86238 0.000450894 10.0361 4.67011e-130 13.5741
1.22639 4.20133 3.99628 10.1599 9.31238
9.99214 8.90585 1.22252e-181 9.68735 6.72054e-141
0.0793557 0.638882 0.587376 0.00883049 16.699
6.78016 1.57106e-44 4.27848 13.6424 4.02992
5.53301 4.93766 4.82558 9.00549 7.08529
8.18483 7.33665 4.92381 8.46591e-10 9.79739
14.0479 3.80622e-21 0.0398299 3.15338 2.88751e-69
7.30782 6.02052 8.62329 6.97471e-54 7.19465
0.346553 1.1773 6.57829 6.80597 12.6279
3.12877 8.35263e-19 9.36516 10.0842 7.91718
1.90236 6.50784 4.39972 9.68518 7.06134
5.19785 4.63054 6.34629 9.6008 7.53444
1.23429 10.0962 9.28008 3.08923 9.57646e-34
5.3661 2.2956 2.55729 6.4877 12.043
0.801817 0.889126 6.44484 6.69957 12.427
1.13016 9.10928 7.36128e-64 9.3628 10.4299
12.2935 6.34809e-190 1.11156e-181 5.76618e-46 6.90869
8.13655 7.08205e-31 3.56591 10.6435 4.20836
9.25617 1.48794e-29 0.52423 11.1341 0.00757293
11.1553 4.79399 7.89111 1.74375e-47 5.64319e-26
0.577771 0.517052 0.338862 3.74216e-79 15.379
0.0893259 8.00001 4.28054e-42 13.5626 0.981063
1.10136 0.985985 8.0075 13.7872 0.000702942
0.222762 0.764424 0.351521 0.0416326 15.0943
0.785174 0.702374 5.65032 9.82246 8.97873
1.09367 8.81466 8.11403 2.56195e-56 6.74531
0.0820703 6.52111 5.95703 9.0157 7.45797
4.54965 4.07151 1.14281e-56 10.3969 9.55638
0.0949499 9.65498 8.82146 5.81581e-142 7.73526
7.06632 1.75602e-28 9.61997e-172 12.1169 4.80152e-11
0.0313765 5.55024 8.70035e-63 9.42163 14.5076
1.04202 8.64116 3.8034 11.3989 0.295311
1.35248 4.6611 4.43538 11.23 7.29459
0.0246937 2.32306 12.4647 0.000756229 10.3001
0.950901 7.53651 8.85685e-62 13.0355 1.37969e-53
1.33399 1.19462 9.96872 1.55807e-49 13.5291
0.167525 0.576915 0.548749 5.68427e-22 14.2184
11.6124 8.59985e-168 7.54639 2.73903e-20 0.276183
0.891675 7.38829 3.25662 9.75523 7.12265
0.107639 13.595 7.6378e-15 2.9411e-55 8.03651
0.110069 12.9509 1.09583e-181 2.43772e-09 10.5454
6.67483 1.40956e-50 0.0287652 11.4533 7.42851
0.734027 6.0507 5.58083 9.90034 7.22364
0.40283 3.38946 10.1169 10.855 6.24248e-18
3.38791 3.04349 13.3978 0.101114 5.34971e-17
4.34258 3.87326 1.58891e-131 5.91628 11.0046
0.564473 4.58385 4.20693 6.35456 11.8819
0.503802 4.03656 12.0858 2.50443e-110 7.14859
1.63601 1.46128 11.6512 2.64209 9.58473
5.37584 8.94032e-86 4.90963 12.4751 0.0632753
2.12438 7.16883 6.83032 10.3315 1.13847e-51
2.23824 1.93183e-95 12.075 1.7691e-109 9.75362
5.60304 2.73983 5.68832 8.63262 9.53398
1.65429 1.48043 11.8619 2.70266 7.31411
6.30853 5.64283 0.000114686 4.23305e-47 11.2503
7.37069 4.66378 1.02865e-170 10.4464 7.61587
0.353739 0.315417 0.308105 0.679732 16.2751
6.26841 5.59712 0.737987 1.43935e-224 11.1769
2.00954 1.79309 8.10276 8.70055 6.8515
3.80113 12.9711 5.59726e-98 3.67351e-116 2.58491e-82
0.0923372 10.6887 9.79578 6.16847e-38 4.14467e-17
4.85288 3.07032 2.52901 6.39301 11.885
2.37367 8.08942 5.48096 12.0599 7.3532e-23
0.485904 0.436789 0.595827 6.39582e-51 15.272
5.47351 4.9302 4.77523 10.5382 7.68042
9.64647 3.15392e-27 1.00034e-34 11.5628 3.14222e-85
2.33622 1.47672 8.18236 10.3496 7.56496
1.05633 8.67754 0.65708 10.5127 8.10684
1.71513 5.87456 3.96857 12.496 4.38047
8.33843 1.76235e-50 7.60426 2.52287 9.14276
8.54119 5.40175 7.43263e-135 10.29 3.57435e-20
0.0525239 6.76198 6.1968 2.05727 12.4423
0.0171204 0.0596832 0.040401 16.6881 1.2165e-26
6.53919 3.66074e-55 5.96126 10.6286 1.43584e-112
0.464317 0.414668 7.47975e-96 0.632899 16.3297
2.0531 6.99645 4.73256 3.13211e-35 11.4951
0.60754 4.8449 14.5324 2.01746e-26 1.20635e-51
1.12705 1.2485 9.00887 3.54651 13.0398
10.6538 6.73925 8.18309 2.96799e-20 1.08022e-65
0.117594 14.8404 6.65571 2.29476e-12 7.05827e-74
0.149402 1.18562 6.50539 6.73901 12.5605
9.47401 2.33717e-80 1.90646e-122 1.2791e-18 12.5653
9.55065 8.54571 2.2716e-37 5.60829e-77 7.20444
8.75099 7.79135 5.257 3.31188e-209 7.59355
7.42049 4.49369e-22 6.77552 10.2332 3.99596e-44
0.186319 0.636784 1.21895e-122 0.675511 16.1336
0.772906 6.17345 5.50518e-182 10.6281 9.7476
9.84008 1.80967e-48 1.13466e-25 10.0062 1.96154
5.97319 5.43757e-100 5.45182 1.8572e-310 10.7907
2.20299 4.70754e-63 11.682 1.62976e-39 11.3235
8.82615 7.89407 4.87826e-65 1.56047e-26 9.36648
0.700982 5.53297 5.09885 12.9573 0.693339
4.28649 9.56048e-44 3.91 5.91845 10.986
2.03088 1.40384e-10 6.03176 6.45707 11.9899
8.87848 9.83334 2.56349e-70 2.91398e-58 7.79959
1.26897 1.13665 9.16821 9.50533 7.87444
0.743595 5.85245 5.3844 13.6506 3.36596e-55
5.857 5.23986 5.09031 11.2492 2.04429
2.37514 8.01516 7.63613 4.99117e-130 9.23399
0.716149 6.76919e-33 0.31315 1.22637e-310 14.5698
7.66073 5.29512e-10 4.9765 3.41329e-11 12.1246
1.82524 5.86499e-31 9.86743 10.2312 2.08849e-15
1.1229 9.15814 7.84065e-198 9.39941 4.00683
6.08364 9.59058e-66 3.95136 12.5156 8.12868
0.278252 2.23788 12.4326 1.81776e-109 10.057
6.18098 3.02058 3.09188 12.8263 3.49603e-56
12.7189 8.05042 2.29959e-06 3.53758e-13 3.43813e-266
0.719293 5.89524 5.41543 13.8586 7.49038e-23
0.13872 10.3848 4.65898 11.6429 2.61417e-60
10.8292 6.85933 5.62777 0.319636 8.78786e-82
7.59873 4.82659 8.20261 5.89772e-15 3.17508e-20
1.60942 4.43433e-84 8.67046 9.00153 10.2401
9.57488 1.57818e-85 0.00369357 9.73745 0.0502135
0.0176063 0.0598554 0.0569439 15.9019 3.08824e-09
2.839 9.70091 1.8382e-121 10.2887 5.99408e-166
1.02191 8.20854 0.622289 1.86172 11.3348
4.81178 5.40837 6.60307 8.64016e-136 13.0314
8.9887 8.04798 7.8178 2.62913e-77 4.36227
11.6623 5.90462e-12 1.90261e-17 5.04498e-85 9.4598
6.45676 5.75605 7.90206 1.63977e-32 9.51735
5.17735 4.61317 6.32748 11.2697 0.292046
2.06726 2.52989e-31 6.14121 6.59826 12.3468
2.36559 2.11253 9.49708 10.2009 8.24137e-32
10.7892 9.74787e-168 6.99991 8.89425e-40 3.91548
9.83039 4.54497e-135 4.40332 0.951392 8.77548
0.304867 0.272759 0.37348 0.563525 14.9045
8.73944 7.8435 0.00062493 1.80056e-237 7.80501
0.080187 8.43784 3.78753 9.42965 10.7642
1.28017 4.41785 13.6636 1.00612e-20 2.06382e-12
1.65271 5.67496 7.5173e-32 6.01355 11.1508
1.43823 3.04603e-51 4.29944 7.75817 11.9994
8.31199 7.42211 4.89026 0.00818663 6.80899
0.0371857 5.69532e-153 0.0339686 14.1967 1.22868e-69
0.0191713 0.0667047 0.0634077 16.5637 7.22421e-38
0.335358 2.68169 14.6438 1.29746e-20 1.16994e-51
7.32821 6.55896 8.98646 6.97698e-43 6.24261e-23
10.1502 9.11644 6.12764 1.34988e-10 1.99976e-36
1.7166 0.162642 9.31502 9.67106 8.02589
2.19407 7.36844 0.652116 13.1538 1.86224e-139
1.44401 11.9004 5.24241 1.90893e-224 3.98149
4.98139 1.47114e-20 4.55957 11.5762 7.95319
8.2655 8.97856e-46 3.62412 10.8624 9.10096e-14
3.34822 2.99959 4.10691 7.32614 12.6334
7.5144 6.70751 1.27284e-170 10.2618 4.3762
5.86639 5.24613 3.45683 1.36475e-69 11.4366
1.72744 5.93785 5.64596 1.3537e-224 11.0807
1.45126 4.44723e-06 7.79439 13.5018 3.98888
1.84912 5.60908e-31 9.75938 10.094 8.36854
1.46349 6.58494e-17 7.76036 13.4509 6.45819e-42
0.341879 2.76569 8.31672 10.502 4.16465
1.06907 8.73045 0.44351 10.5579 7.7133
0.63163 0.563627 2.59149e-34 2.28918e-05 15.1962
0.442231 8.29439e-87 0.40248 0.607178 15.2163
1.07331 8.66726 7.99067 2.64494 9.64477
5.47304 9.31947e-61 5.00083 12.6333 7.81092e-24
3.38462 3.75006 4.62348 6.97127 12.966
1.73539 6.35511e-192 9.20577 0.617965 12.4978
7.8218 4.93752 4.05162 10.3066 1.66885e-83
2.11278 1.89272 8.46922 10.7223 6.54831e-23
0.0143959 1.72022 9.36616 1.36258e-55 12.6465
12.9563 1.62973e-77 5.69859 0.67819 1.41133e-110
0.707282 5.70925 2.51465 6.39319 11.8559
1.27457 10.2277 1.92615e-56 10.4999 2.04094e-71
3.26673 3.70833e-61 9.79828 10.5025 1.07127e-26
1.53542 5.26551 1.54331e-71 6.56178 11.3058
1.80771 1.62261 12.995 1.30263e-38 7.79221
3.35629 3.00328 4.10194 7.31606 12.6026
0.0701743 8.50906 7.77297 11.7665 6.0739e-18
12.0622 3.21865e-18 1.6148e-171 1.3099e-18 7.12925
1.28877 1.15387 9.14872 9.50575 7.84076
0.0961768 10.1866 8.30902e-182 10.4013 8.61574
0.227832 0.780525 0.357663 4.14711e-69 15.0612
11.856 7.59051e-109 7.68551 3.02815e-312 3.02609e-36
1.47387 1.31574 5.89671 6.33631 11.7556
1.51968 12.6184 8.25302 1.09e-49 2.88638e-92
0.377639 3.07624 9.13786 11.5427 1.87752e-24
0.54563 4.5643 3.63729e-108 7.87367 12.1054
1.97565 1.76967 14.5666 2.13035e-55 5.07375e-60
9.4865 8.50626 8.28835 3.00323e-20 5.60107e-18
0.226935 0.7734 0.352383 0.00890778 16.1839
4.08498 2.00369e-09 12.2669 9.87873e-20 7.24908
8.66581 6.04466e-06 2.89034e-17 1.52819e-20 11.5201
1.83473 1.59855e-31 5.50865 6.95459 12.085
5.411 4.84494 6.64077 10.0316 1.10651e-51
0.0865301 9.79144 2.95358e-20 1.69763e-44 13.024
0.0886108 8.67244 3.88307 9.69289 8.02096
8.08966 8.98002 5.41925 1.24516e-35 10.7507
0.599108 2.95758e-23 0.545455 5.03319e-36 14.9421
1.23667 1.10763 8.91329 9.28442 10.2263
1.18116 5.21643e-05 6.34642 11.014 7.17327
12.971 5.57383 0.0759205 3.54489e-312 1.01421e-65
8.09056 3.46685e-38 1.7808e-98 8.23248 6.84135
8.9776 7.94471e-95 8.18827 2.45213e-30 6.81
0.0977853 0.806284 0.355429 1.16222e-33 15.8561
6.15512 6.82799 8.06794e-48 2.23192e-20 12.2028
0.317817 0.283769 0.388201 0.692692 14.8976
0.828213 6.8508 6.30401 11.1881 4.14124e-101
0.0163973 1.64612 8.8123 9.15422 10.4014
10.8212 3.97122e-65 4.73938 1.68397e-310 6.6389
4.24798 3.79117 2.55661 10.6667 9.74919
1.02931 8.30797 5.43064 9.06702e-312 13.1693
1.33991 1.19952 9.74452 4.23726e-06 13.2357
3.37774 3.75385 9.83838e-71 8.61408 13.2523
0.0941433 6.6303 4.23624e-43 6.76332 12.5573
8.46108 1.25949e-06 0.717291 1.89136 11.5655
0.103391 11.6285 0.875455 11.8932 3.27319e-99
0.258965 1.04716e-16 0.766009 2.80796e-311 14.1446
3.38891 1.47246e-83 3.10338 7.79481 12.0362
2.41563 8.22698 5.55917 10.4232 1.69981e-83
5.83087 3.68966 6.30403 8.83585e-63 12.4709
0.184176 0.631109 0.0577334 0.67187 16.6493
0.0242996 0.0217182 0.0960662 13.6382 7.6418
2.30107 1.14645e-190 12.613 5.81781e-130 7.59217
6.30028 5.62289 3.58575e-16 1.88017 11.4603
8.79724 9.36438e-43 8.02396 8.56404e-131 7.06805
0.309246 2.48138 13.5651 0.00800242 7.73986
1.10002 9.00984 0.796712 9.2784 7.68818
2.17119 7.37471 0.0413768 9.22296 6.73153
2.37221 8.27888 5.58414 12.3289 7.50235e-23
0.00892776 0.0730245 6.10992e-21 14.6713 1.04744e-65
1.0914 9.00456 1.56254e-09 9.24188 10.277
2.4762 1.56752 8.55472 6.52262e-310 12.018
0.23225 1.89309 5.7319 6.14867 11.431
2.59735 8.86255 1.3119e-171 11.0948 1.46866e-53
1.53235 1.37029 11.0618 11.452 4.46752e-44
7.53764 6.71063 1.7627e-28 10.2773 6.87422e-266
0.901024 10.5049 6.25453e-07 10.7352 1.53895e-52
2.31976 7.87694 3.59953 9.1414 7.17013
0.379931 3.08413 9.3045 9.97743 7.84704
1.6084 5.48873 9.21138e-73 9.7872 9.23642
1.12938 8.95422 0.00099564 9.21078 10.2342
5.23288 4.67663 4.5491 5.96437e-76 11.1468
8.84563 2.92302e-83 1.54223e-28 10.6265 0.722933
8.13571 1.55139e-42 3.65393 4.29419e-87 11.8434
0.0395314 1.83655e-19 0.0173617 9.30162 12.2998
0.422569 1.76615e-46 0.385941 0.686493 15.8327
8.4888 7.89022e-168 1.8518e-98 1.90601 11.5665
0.382868 1.32082 4.09376 7.37524 11.387
6.58947 1.08491e-85 5.31258e-108 11.2741 7.75011
6.44681 5.7872 1.91279e-98 10.4067 6.3254e-23
0.193468 1.58991 8.55295 1.59377e-77 11.5005
11.6226 10.3582 1.17125 7.52259e-87 0.973174
2.13867 7.58123e-82 11.4954 2.6261 9.51322
10.1767 9.08691 6.12876 2.36497e-32 6.42562e-141
6.19624 2.75928e-78 3.38235e-53 6.29421 11.7483
0.0507076 4.17014 0.31374 7.12324 11.0054
8.10222 1.21018e-08 2.316e-36 3.13552 11.5559
8.34231 7.42791 5.00731 2.5463e-46 9.6568
6.42449 5.72449 1.5028e-28 1.04013e-47 11.4139
