3 0.0623528
0.000102422 0.000603008 0.221566 3.94914 0.962161 4.90431 5.39983 0.245159
0.000276715 0.001413 0.00306831 0.0061958 0.0400863 5.92415 0.143333 4.70221
0.000645106 0.00268202 0.00138571 2.32393e-05 0.00961924 0.114186 3.88448 8.60466
0.000676143 0.000870483 0.00319668 0.0124614 0.241793 3.61568 7.31477 2.55032
0.00150543 0.0103487 0.468101 2.68903 0.300095 1.26033 7.4589 2.34813
0.0029794 0.00220394 0.748816 4.60723 5.88156 3.17568 0.302953 0.167747
0.00409106 0.0689025 0.039189 0.112935 1.61862 3.88601 7.30684 1.49648
0.00438044 0.0163545 0.00128351 0.0503052 0.174856 7.00877 0.580408 4.22103
0.00482503 0.034958 0.00158397 0.406661 0.713403 3.58666 3.83953 4.85084
0.0067426 0.00188655 0.0172679 0.0285318 0.00322714 0.0751715 7.7258 1.72257
0.0102675 0.00991721 0.00131253 0.0167035 0.116803 3.51624 5.18116 2.92524
0.0127882 0.0385092 0.117985 0.21945 0.0616321 3.33117 4.01159 6.16536
0.0131279 0.0109743 0.053314 0.26268 0.83788 5.12084 2.08737 5.46739
0.0142363 0.116266 0.00818088 0.145791 1.8838 2.19421 6.05971 2.65153
0.0145655 0.0153993 0.229569 0.282225 0.345169 3.82397 3.95084 4.13121
0.0385182 4.65497 0.316285 4.62483 1.40961 0.577494 6.25723 3.81057
0.0389487 0.075573 0.591026 0.136263 3.8732 6.17139 0.533067 3.6703
0.0444078 0.0785253 1.67564 0.509186 4.39566 4.51748 1.35187 5.27057
0.0476884 0.183382 0.28191 0.277701 4.12653 4.93658 3.95859 0.745658
0.0711542 0.0532516 1.67446 5.9561 2.89311 1.11132 1.03274 4.20686
0.126314 0.0598703 0.13637 0.0902256 3.9802 4.79694 0.691164 5.07203
0.140774 0.629681 1.01863 1.44019 1.8834 0.319907 7.93529 1.46643
0.150417 0.157146 0.0779824 2.81549 3.5444 5.33591 1.20593 3.93457
0.197365 0.202289 0.0742542 2.4581 7.40164 2.82114 1.87164 1.46948
0.207524 0.834788 0.515091 0.248763 1.95407 6.52776 1.21776 2.41592
0.246847 0.789391 4.63737 7.39233 2.5805 0.971606 1.10194 4.14823
0.254947 0.234334 0.0958204 0.0716111 0.692103 7.63518 2.54602 1.31684
0.266416 0.101867 0.0463117 1.06768 2.03335 2.50129 6.99983 2.82452
0.267178 0.161375 0.963068 2.94411 2.07886 7.92034 2.64619 0.560294
0.286995 0.276389 0.14067 0.511911 0.259726 2.12176 6.98592 1.20457
0.303908 0.0128676 0.070468 0.429071 1.39705 1.33118 7.40949 2.58242
0.342291 0.989325 5.15602 3.92686 0.266662 1.70093 6.44956 1.92549
0.367638 0.16468 0.691234 2.18684 6.26837 3.97739 3.78406 0.516348
0.374511 0.0582216 0.0589604 0.141992 0.457819 7.29934 2.01763 1.37749
0.375125 0.163234 0.165417 0.294652 0.471962 5.19793 3.6725 5.77497
0.397578 0.216835 0.161111 1.21244 2.02801 2.36807 7.39043 1.03334
0.426854 4.07029 6.3809 0.624575 1.97874 0.423902 2.39748 1.30404
0.459781 1.6779 0.902084 2.21413 5.82966 0.50826 2.33926 0.532118
0.56926 0.997451 0.957255 3.49594 2.57971 5.35057 3.52836 0.929663
0.947257 0.0217978 0.839307 0.305969 0.0413172 6.56211 2.08233 3.86735
1.03534 0.246242 2.77588 0.733979 0.209103 4.80615 0.755901 6.1751
1.0991 0.0925063 0.660255 0.234328 4.39222 3.89323 2.09202 3.79635
1.11173 0.0310163 0.889357 1.39436 1.84121 7.40783 0.333861 0.243897
1.35763 2.35859 6.09098 2.03354 4.837 0.620018 3.26141 2.00065
1.71295 5.35182 3.21737 1.56758 0.494567 5.04523 2.42834 1.17282
3.2724 1.30303 0.615688 5.35079 0.386203 2.14874 4.73577 3.5244
3.52704 1.48473 4.21485 2.50464 1.62053 5.23192 0.890954 4.12409
3.59335 2.06533 0.986028 0.312944 4.096 4.27304 3.29678 2.13484
3.63419 2.50307 0.360965 3.12606 0.475395 0.40683 2.29559 4.44686
3.86963e-65 5.02337e-65 3.59056e-65 1.40382e-64 2.58308e-48 4.21849e-32 6.88931e-16 11.2511
1.57963e-19 1.22508e-18 2.1474e-18 6.4387e-18 2.19721e-17 2.94837e-18 0.379174 9.88207
1.12894e-17 4.17197e-20 2.78138e-17 6.42147e-17 0 4.65469e-16 7.68933 2.78473
1.80417e-17 1.38872e-17 2.93491e-17 4.62784e-17 0 4.84372e-16 7.96954 0
5.37971e-33 3.67505e-33 8.25462e-33 0 1.71739e-16 2.80471 2.42614 7.43455
1.34832e-16 9.70265e-17 7.1517e-17 1.00375e-16 0 3.37799 2.4234 7.25668
4.11168e-17 9.28497e-17 2.96567e-17 7.53778e-17 2.32823e-16 4.35403 4.20135 7.22423
4.63611e-18 4.73352e-18 6.0086e-17 2.23621e-16 1.98582e-16 4.98291 0.345003 6.75064
5.22882e-17 0 1.44038e-16 0 3.89088e-16 6.82932 0 6.88448
1.89789e-16 2.99267e-18 0 4.9408e-17 4.17388e-16 7.53156 0 6.13678
6.69753e-33 2.30079e-32 1.05174e-32 3.23413e-32 6.79426e-16 4.85648e-17 11.1242 1.78266
7.55734e-33 6.97575e-33 6.55944e-33 3.68493e-32 6.33911e-16 10.3526 0 0
6.98847e-17 3.3654e-17 1.77296e-17 1.63042e-16 2.96283 1.55315 2.3775 8.02128
6.36011e-33 1.23102e-32 5.81611e-33 2.45414e-16 4.00791 1.03846 0 7.56001
6.25017e-33 5.76467e-33 1.45628e-32 2.75399e-16 4.49761 9.5898 0 0
4.98786e-33 4.30748e-34 3.4967e-32 5.76877e-16 0 0 0 9.42112
1.01024e-16 1.33247e-16 1.31903e-16 5.47582e-16 2.3702e-18 9.59536 4.2997 3.5385
1.43143e-17 1.51249e-17 0 0.340091 8.36836 1.18017 1.86332 0
3.03236e-18 0 6.29167e-17 1.0287 4.65955 0 3.90395 7.98404
6.8617e-33 1.21282e-32 2.27571e-16 3.71652 7.31627 1.61129 0.66274 1.58515
1.95717e-48 3.1963e-32 5.21995e-16 3.05289e-16 3.93691e-16 0 1.12736e-16 11.9272
1.44607e-48 2.36161e-32 3.8568e-16 2.18448e-16 7.23879 1.33134 5.97695 2.2855
3.50031e-18 1.91189e-18 0.0651358 11.3978 1.3405 0 0 5.16546
8.62018e-18 8.10098e-18 0.193188 2.29458 0 2.7585 7.43772 3.7518
2.02772e-18 0.0331151 0.231855 0.413486 0.559567 7.05655 0 4.75062
8.7793e-18 0.143377 0.0642016 0.0806741 0.584445 9.32388 2.42037 0.450658
3.5929e-16 0 4.42628e-17 2.59737e-16 4.35239e-16 10.1719 0 0
2.6455e-16 3.17794e-18 1.24615e-16 2.76609e-16 6.57398 4.80196 0 3.56241
1.24204e-16 1.30677e-16 2.9443 2.18775 6.20043 0 0 4.71022
1.09489e-16 1.79746e-16 3.43719 4.66853 0 0 8.3918 4.02149
2.44086e-16 3.80736e-16 7.38594 1.25776 1.6774 0 6.88633 2.70402
8.80491e-17 1.43795 1.19584 1.66846 6.94939 0 5.73731 0
1.2848e-16 2.09823 8.77628 3.96483 0 11.5389 0 5.60263
2.48175e-16 4.053 0 4.47371 0.273527 0 7.29371 2.44994
3.7668e-16 6.15165 2.82435 1.076 1.87059 4.01426 0 4.75652
4.1223e-16 6.73223 0 7.13833 0 0 7.23233 0.629736
0.00213671 0.0079128 0.0133135 0.0181131 1.13914 7.05819 0 4.56023
0.0109837 0.01368 0.0212258 0 0.0126737 0.00279088 2.12791 7.51098
0.128869 0 0.374313 1.40531 4.13096 0 0 8.61508
0.154062 0 0.118844 0 5.94024 5.21082 0.309114 3.72119
0.281686 2.72572 2.50909 0.298119 6.66942 2.58943 5.12552 0
0.489888 2.215 2.81762 5.17854 5.84298 0 3.98012 0
0.793583 0.647642 1.40633 1.10804 0 3.19059 6.90397 0
0.847594 1.68784 5.39251 0 4.13315 3.22417 6.62363 0
0.947625 4.98477 0 5.33873 5.78069 4.30129 1.7444 0.701093
0.957247 4.544 1.78143 0 3.12621 2.03893 3.66494 6.18329
1.00555 1.15253 1.10511 1.37735 0.52358 5.2455 1.40941 5.11586
1.07007 0.873818 0 0.168257 4.65288 8.76484 0.852822 0
1.73898 1.30098 0 2.83259 9.4864 0 2.67141 4.38113
1.99633 1.50956 4.34693 5.41394 0.490718 0.156375 0 5.84041
2.03326 2.73621 4.69937 0.171285 7.4758 4.14567 0 0.989355
2.04981 2.28634 3.8415 6.32782 5.03886 0 1.29635 0
2.08539 2.3019 0 1.68036 3.26978 1.22525 7.15594 2.06565
2.7638 4.48873 2.34963 6.94995 3.58151 3.45041 2.64997 0.377258
3.24628 0.906901 0 0.292187 1.30554 2.67396 7.27826 1.82593
3.40736 6.34904 0 0.957245 2.83599 1.24904 3.62263 0.315965
3.43189 1.4177 4.13423 0.993663 4.87334 0 1.09454 6.72153
4.43539 0.190315 6.25945 2.193 2.43521 4.40658 0 0
4.48344 3.90858 8.29322 0.209775 0 3.12814 0 1.1576
4.51059 1.34826 0 3.45911 4.8653 0.192523 0 4.14623
5.1811 0 1.12359 3.24424 0 6.68645 2.58291 2.40081
6.19343e-17 1.40766e-16 4.12951e-17 1.59236e-16 3.2718e-16 4.49985e-17 6.52809 3.02858
5.17498e-17 8.03869e-17 1.95461e-16 2.1759e-16 3.07718e-16 3.136e-16 1.88804e-16 9.2869
7.88978e-17 6.65809e-17 1.70932e-16 1.31149e-16 1.63035e-16 4.72354 5.15933 0.693917
4.40648e-17 6.06393e-17 8.37235e-17 7.1073e-17 3.06269e-16 5.45279 2.88113 2.38093
1.13714e-32 0 1.85708e-16 2.09039e-16 2.79615e-16 6.45796 1.87325 6.72416
4.21162e-18 4.21162e-18 4.32763e-19 2.25774e-17 3.97508e-16 6.503 2.22084 1.38996
3.5624e-49 5.81784e-33 9.50126e-17 2.06779e-16 4.18162e-16 7.77484 0 1.08157
1.25326e-17 2.62472e-17 4.27565e-17 4.83614e-17 1.15628 6.00546 5.64358 0.207606
6.10938e-17 6.10938e-17 8.63996e-17 1.16167e-16 2.75338 2.75338 3.89387 5.84893
6.97216e-33 1.13864e-16 1.02015e-16 1.01175e-16 2.99395 2.98829 5.853 0.812408
4.19794e-17 4.19794e-17 3.31366e-17 1.88313e-16 3.2697 6.01107 4.81444 0
1.11523e-32 1.82131e-16 8.45319e-17 5.73364e-17 3.41025 3.41025 5.88683 0.19273
9.06354e-17 3.95261e-17 9.88791e-17 1.7747e-16 3.68992 2.08342 0 5.58003
1.6621e-16 1.06769e-16 0 1.54188e-16 4.09257 0.731124 6.38271 3.78601
6.45408e-50 1.05403e-33 1.54406e-32 2.52751e-16 4.12774 0 6.18055 0
5.18837e-18 4.64098e-18 2.08416e-16 2.08532e-16 4.81622 1.31813 0 3.81545
7.49011e-17 7.49011e-17 0 4.4604e-16 7.48698 2.32424 0 0
2.71736e-21 6.31508e-21 1.09325e-20 0.000210909 0 0.000558737 0.000335154 6.51844
1.20656e-17 2.03263e-17 2.19093e-17 0.526351 1.46649 4.44743 4.21351 1.90635
1.55939e-17 3.58102e-17 3.31403e-17 0.836538 2.47523 1.7203 3.12826 5.72514
3.23328e-17 3.23328e-17 2.37014e-17 0.84111 0.84111 6.37304 0 4.52301
2.54642e-17 2.54642e-17 4.90445e-17 0.993687 0.227665 5.01889 1.72091 4.17165
1.50981e-18 3.77281e-17 1.70729e-16 2.85559 2.85559 4.03841 4.11633 2.5045
9.48041e-17 9.48041e-17 1.34073e-16 3.09654 3.09654 2.10741 2.9368 2.60369
6.33029e-17 7.20421e-17 1.88394e-16 3.45241 3.85096 7.3244 0 2.56461
8.3124e-33 1.35752e-16 1.64062e-16 3.47763 3.47763 2.0874 5.34276 0
6.74081e-18 6.74081e-18 0.155685 0.0483504 0.16302 0.287269 1.36451 5.91117
1.28911e-17 1.01162e-17 0.267612 2.18576 4.18001 4.72458 1.07686 3.18531
1.13767e-17 1.60578e-17 0.321391 0.321391 0.130349 6.07971 6.09807 0
1.02949e-17 1.50289e-16 2.46015 2.56341 3.55295 0 5.02462 0.600239
5.79048e-20 0.000945658 0.00475177 0.026279 0.0483345 0 0.505414 8.34977
9.75175e-18 0.159258 0.26013 0.33543 0.269354 2.69341 2.73717 3.87616
2.49129e-17 1.86076e-17 0.507818 1.45542 1.54147 2.17996 2.41623 3.91697
1.62752e-17 2.85134e-17 0.536176 0.230853 0.682074 0.720782 5.60492 3.0371
7.24249e-17 2.96136e-17 1.27784 0.921193 1.46716 4.62233 5.09902 0.777461
2.16924e-17 9.6147e-17 1.60967 1.55977 1.70124 5.14318 0.0614724 0.720365
8.04068e-17 5.8444e-17 1.62337 3.53403 0.414249 1.47912 0 5.57237
8.84565e-17 5.8649e-17 1.73329 1.73329 4.12345 0.495624 0.305857 4.83225
1.35522e-16 7.09595e-17 2.49827 3.90443 1.99235 5.04533 0.262812 2.07044
1.2851e-16 1.40033e-16 3.10396 5.58783 2.01619 4.72231 3.17165 2.59495
1.9714e-16 1.9714e-16 4.55313 6.21899 1.5476 2.04833 3.18897 1.63878
2.23034e-17 0.364243 0.0780061 0 6.95695 2.19117 2.5203 2.00544
5.2001e-17 0.84924 1.97377 4.07388 4.20679 1.23673 0 4.1921
8.20313e-17 1.33967 0.0863633 1.34245 2.66848 4.5582 5.39893 1.64014
1.04881e-16 1.71284 1.71284 2.1817 0 1.11521 3.64637 2.70815
1.3938e-16 2.27625 1.17841 2.36723 3.9972 5.30579 2.72182 1.18518
1.43376e-16 2.34151 2.34151 0.763182 5.35874 6.34538 0 0
1.56988e-16 2.56381 1.56734 2.45145 3.87805 3.14709 2.89669 2.56258
0.000107595 0.00298951 0.00299145 0.125917 0.125988 3.6733 1.10874 5.97262
0.000110143 0.000185746 0.0562758 0.0343157 2.2496 3.51774 4.17607 0.209815
0.000648373 0.00352213 0.00209244 0.0806169 1.26158 4.44041 4.61686 0.556211
0.000779182 0.0019193 0.00207143 0.00949013 0.0814532 0.00767337 7.70864 1.71874
0.00128361 0.000425392 1.36119 1.36119 0 5.16797 0 5.51485
0.00566292 0.0339302 0.0343995 0.0164588 0.486595 0.489298 2.0047 4.04952
0.00767802 0.0678579 0.168356 0.350807 0.878243 5.97358 6.05071 0
0.00870803 0.00680813 2.85352 2.85354 5.8376 1.55086 1.58004 0
0.0104407 0.0110419 0.0145949 0.0178698 2.80006 2.8002 3.96007 5.35307
0.0145658 0.0145658 0.127261 0.548511 1.73495 4.51956 0 5.79555
0.0220931 0.03743 0.310842 0.476388 0.737616 4.26295 6.39016 0
0.0251586 0.0254405 0.368202 0.191589 0.348466 3.23543 0.186498 5.42826
0.0346712 0.0771117 0.802373 0.370232 1.17086 1.66745 3.66389 1.90046
0.0433291 0.0547128 0.0379198 0.0494278 0.398466 3.27236 5.20781 0
0.0445692 0.0680052 0.0238498 0.0319854 0.248216 6.1907 2.49402 3.4
0.044904 0.0338049 0.0754305 0.0289581 6.21939 4.53407 0 0
0.0471783 0.0608011 0.100881 0.0345776 3.37467 3.37723 4.77938 1.26409
0.0521901 0.0935963 0.207194 1.1641 3.39741 5.39005 3.34362 1.50727
0.0565101 0.170068 0.564066 1.56466 0.798308 1.09076 3.19882 3.8546
0.0575684 0.093379 0.404728 6.41688 0 1.17315 5.55415 1.63135
0.0794304 0.155676 0.0892043 0.330258 0.967233 1.4318 1.91299 4.22387
0.0810931 0.0810931 0.542017 0.554017 3.64516 3.72841 0 4.57665
0.0819867 3.63588 2.77645 1.76308 0 0.152948 4.9058 0
0.0895625 0.223237 0.335451 0.284402 2.65016 2.69715 3.81435 2.65817
0.0926956 0.198655 1.85695 0.822632 2.05935 2.90068 0.18664 2.80246
0.0985921 6.90173 0 6.90243 0 0 6.87461 0
0.118254 0.118254 1.09551 4.43128 0.011609 4.56776 3.30614 0
0.120142 0.120059 0.111098 0 0.825944 0.40637 0.662252 7.69744
0.123376 0.123376 0.436028 0.376434 1.07477 3.71394 3.91289 0.215218
0.13203 0.13203 0.307269 0.495465 1.07176 4.44074 4.60908 3.36378
0.139601 0.139601 0.121256 1.59366 0.876667 1.83357 2.59306 3.66715
0.141911 0.110665 0.0321578 0.633159 2.89118 0.980858 4.11449 5.16569
0.148635 0.345027 0.375681 0.531293 1.87147 2.01666 2.06989 3.52396
0.155647 5.01648 2.027 2.0965 0.371017 1.22498 4.79719 3.011
0.174646 0.213032 1.02087 0.091323 0.548109 8.88122 1.72981 0
0.182717 0.279219 1.38178 2.07119 2.91973 3.19992 3.2041 0
0.186691 0.574771 0.814516 0.846516 2.1774 3.38331 1.24058 2.26302
0.188134 0.460832 0.254566 0.559075 2.35305 2.48233 0 3.51055
0.204966 0.110394 0.410379 0.626392 0 0 3.38775 6.17263
0.210575 0.195758 0.152519 0.106243 0.851979 0.812639 0.326756 4.93167
0.233868 0.233868 1.38321 2.63424 1.37835 3.02224 0 7.50513
0.234243 0.290221 0.680674 0.403499 0.964215 1.3019 6.87607 0.629371
0.25519 0.285372 2.50456 2.62342 2.473 0.99137 2.63282 2.42001
0.256124 0.452669 2.85929 4.88994 1.7942 0 5.02518 0
0.263451 0.0399048 0 4.63794 2.27622 2.98715 5.07477 0
0.28564 0.265903 0.272065 0.778783 2.7608 4.97662 0.145156 5.76565
0.30234 0.631395 0.0539054 1.30562 1.48244 1.48422 2.56869 3.72563
0.317379 0.317379 0.126385 0.245486 4.13132 6.76149 0.844628 0
0.344244 0.344244 1.27636 4.25023 2.39247 4.44246 0 7.39714
0.355564 0.531943 0.411173 2.30906 3.56098 1.31132 0 4.9421
0.358871 0.358871 0.377764 0.444166 1.2698 0.992804 4.6972 3.66276
0.363894 0.786289 0.640169 1.61842 1.03578 0.682135 3.87681 1.79255
0.370974 0.326326 1.89624 1.95955 1.77728 2.53763 2.4626 0.586963
0.390137 0.6885 0.25659 0.951046 1.50043 1.9616 2.77412 3.92319
0.398012 0.308843 0.503784 0.712458 5.17511 6.32653 0 0
0.406107 0.0607094 0.939532 0.534629 0.933206 1.48594 3.20194 3.82994
0.449067 0.313452 0.0911222 1.30411 1.41736 4.32442 3.75632 1.15509
0.452643 0.437536 2.04281 1.6397 4.72175 3.00957 1.329 0
0.453416 0.869481 1.8347 0.830942 1.58831 2.53048 1.79886 2.33862
0.49801 0.49801 5.49072 5.53571 1.28641 0 4.8555 0
0.501147 0.515865 1.59234 0.0685501 3.41711 1.47994 0.808337 5.52817
0.50936 0.869782 0.535292 3.21393 5.70103 2.86956 2.0148 0.504022
0.515722 0.643289 0.954999 1.26167 1.95889 2.01161 3.20158 3.06638
0.546136 0.712267 0.649941 0.553436 4.34678 2.28327 4.10495 0.916417
0.548488 1.18006 1.3013 0.890436 0.580143 2.12514 1.44002 1.50151
0.576244 2.25557 2.32802 2.06063 1.18799 0 5.71718 0
0.583852 1.03653 1.18966 2.0018 5.90114 0 1.51869 5.95364
0.597417 0.381172 2.07583 2.19346 0.343699 2.54865 3.22825 1.1348
0.618514 0.439096 0.371054 0.380928 2.32644 0.365026 5.17212 2.62563
0.660039 0.476861 3.34538 2.2644 3.73423 5.56117 0 0
0.664247 0.672319 1.32883 4.83341 0.175713 0.904899 1.93931 1.46042
0.670882 0.670882 1.01728 0.838676 3.12175 2.22946 1.63769 4.34809
0.67509 0.3824 0.269181 0.82124 1.80998 0 2.73246 6.16406
0.678436 0.678436 0.541358 5.71333 5.81857 3.47291 0 0
0.685983 1.65166 0.0959577 2.57101 2.78148 2.13831 6.3222 0.756696
0.695182 0.695182 2.24694 0.633018 2.53299 2.40533 1.78909 3.55722
0.708905 0.461859 2.25828 0.0144249 3.50937 4.25812 5.08251 1.72629
0.732907 0.509373 0.892532 3.28848 1.69783 0.509613 5.57273 3.76276
0.741992 0.765767 1.06628 2.56923 1.66508 3.41282 4.82646 0
0.761168 0.359287 0 0.657815 1.96344 6.40933 1.8681 0
0.776733 0.506421 2.08142 2.27862 1.23218 7.11782 1.63763 0
0.785053 0.785053 1.11023 1.82052 0.0941425 2.40591 2.22739 3.26708
0.795898 1.00143 1.37211 0.235807 1.32612 2.30937 3.26594 0.762705
0.839492 0.546884 0.953185 0 2.616 1.5562 0 7.99077
0.902567 0.902567 1.27642 3.59006 4.21041 5.82019 0.706234 0
0.932582 0.16998 2.12443 2.32633 0.154528 1.19114 0.472322 6.10743
0.954318 0 0.424174 0.768778 4.82534 5.21409 0 2.21663
0.967322 3.14877 0.686562 6.09092 0.767583 2.55249 2.61889 3.63143
0.979546 0.788199 0.12644 0.21772 1.28225 1.81337 6.80945 1.63635
0.979978 1.47614 1.77182 0.540277 0.728172 0.75318 0 7.21657
0.982518 0.518654 1.44894 2.32689 2.74199 4.03319 4.10377 0
0.983449 2.03007 4.60075 1.78849 0.822717 1.64343 5.72989 0
0.988623 1.85958 0.202128 0.686 4.69947 1.18013 5.33147 0.664215
1.01199 1.01199 0.878887 0 1.6795 2.82971 3.43477 0
1.01511 1.53412 3.21185 2.54045 3.48279 1.77586 1.49803 2.21313
1.07867 0.446788 5.06116 1.62729 2.63671 1.97678 1.53087 2.01913
1.3626 1.3626 1.927 2.7252 3.85401 0 4.07698 4.24883
1.36761 1.03346 1.71418 2.91479 4.23322 2.94144 2.61423 0.22849
1.36823 1.36823 1.93497 2.1922 1.92558 0 2.87354 4.92534
1.3759 1.55055 2.07299 2.93166 0.897806 4.24208 1.19697 2.84917
1.53417 1.53417 2.16964 3.06834 2.07703 4.81076 0 0
1.55616 1.55616 1.59072 0 2.682 1.23679 4.01204 2.8158
1.72566 1.72566 1.83045 0.844399 0.258045 5.72279 6.54494 0
1.74202 1.74202 2.46359 0 0 3.48404 0 4.03803
1.75968 1.49695 3.99992 4.34122 0 0 2.5466 2.62145
1.83265 0.0705017 2.03179 0 4.63836 1.4207 1.49043 0.473757
1.92553 0.890613 0.593026 0.720093 0.455518 3.13165 3.7484 1.92487
1.95374 1.95374 4.10512 2.82627 5.60057 0 3.09514 0
2.06197 1.35302 2.46625 0.0839431 3.48881 4.39277 1.98783 5.24322
2.07587 1.62578 2.82754 0 0 1.68292 6.33141 0
2.28238 0 1.04056 0.302161 2.9007 2.53271 1.84809 3.60147
2.33594 1.23325 4.72684 2.99613 5.43796 0.633627 0 0
2.37636 0.60009 0.961649 1.33358 3.11971 4.24853 2.70813 0.699967
2.39464 0.585296 2.40591 0.4335 4.08289 6.73173 3.00493 0.888044
2.44219 2.47245 0 2.48603 2.32174 0.843051 3.374 3.18604
2.52736 2.35091 4.35637 0 5.55808 0 1.66451 0.530168
2.57445 0.713977 2.67162 3.77824 1.74338 1.58241 6.84408 0.279951
2.57569 2.13332 2.43023 0.830501 4.76335 1.83547 2.78505 0
2.58454 2.7932 1.58435 2.88851 4.39595 0 0 3.87974
2.58706 0.97334 4.34458 2.84523 0.909686 4.07861 0.656661 2.69855
2.6238 1.23986 2.84766 2.38072 4.29304 6.20993 1.23519 0
2.972 3.23532 0.573743 2.36368 2.6423 5.67433 1.29388 0
3.4362 1.27812 1.96794 1.28015 1.50426 5.88911 1.81367 0.623302
3.43723 1.70187 3.83548 0 1.39187 3.0445 4.27074 2.6841
3.5093 2.49653 4.30672 0 3.18201 5.41083 2.05671 0
3.59407 2.85683 1.18497 0 0 4.74162 3.67292 2.76387
3.77623 1.13858 3.94414 1.97803 2.41495 1.64358 0.430416 0
4.14719 4.14719 0 3.03184 0.0167616 4.86104 0.110213 3.59577
4.45494 5.01306 3.31831 3.01984 3.86478 0 0 4.28393
4.68565 1.13817 4.8219 1.0359 1.25835 4.61248 1.53452 0
4.88181 2.41777 1.99349 0 0.715767 5.84499 2.03717 0
3.18096e-17 1.88832e-17 5.97418e-17 0 7.02674e-17 2.96423e-17 1.69355 9.37329
2.3008e-17 3.11932e-18 2.32185e-17 6.19027e-17 2.34012e-16 8.81571e-17 4.24121 4.24121
1.32894e-17 1.4042e-17 5.926e-17 0 7.71006e-17 4.71669e-16 4.81977e-16 11.1317
3.38092e-18 3.05242e-18 2.25581e-16 0 2.21218e-16 5.16039 6.81144 0
3.74154e-17 0 1.92837e-16 1.57614e-17 1.96993e-16 4.55055 0 7.18232
1.4159e-17 3.54462e-17 0 9.73853e-17 3.74282e-16 6.34669 0 7.1255
1.74144e-17 1.26754e-16 1.05187e-17 1.28377e-16 3.48949e-16 6.42394 3.05844 0
5.63062e-19 1.61053e-18 4.43245e-19 3.38271e-18 0.0622947 6.27856 2.44044 5.70553
7.98346e-33 1.3038e-16 2.15582e-17 4.81118e-17 2.29675 1.93223 2.62522 6.7665
3.5801e-17 6.91049e-17 1.08897e-16 5.53161e-17 2.36525 6.31495 0 2.9853
1.20242e-16 1.20242e-16 7.57959e-17 2.47061e-17 3.06712 4.89811 1.5555 5.98484
5.15409e-17 2.47131e-18 1.93307e-17 3.21796e-16 5.33182 5.33182 3.73853 0
7.26195e-33 2.58825e-32 3.72229e-32 7.49848e-16 1.52025e-16 12.4951 0 0
1.49035e-16 5.25212e-17 0 7.22371e-16 12.0762 0.0334423 0 0.152557
7.29457e-34 1.50044e-33 2.72465e-17 0.444968 3.12242 2.50508 4.02777 0
3.42177e-17 4.35411e-17 2.51116e-16 6.61156e-16 11.5854 0 0 3.14436
1.23402e-16 3.08323e-17 1.27196e-16 2.9377 7.36681 0 3.94539 0
7.76651e-18 1.1808e-16 1.60724e-16 3.25952 6.5936 0 0 4.54827
9.08762e-17 1.80965e-16 2.02099e-16 4.6723 4.6723 3.94024 3.45752 0
1.43411e-16 2.08261e-16 1.42368e-16 4.7391 4.07362 0 8.75207 0
1.98714e-16 1.52739e-16 1.80799e-16 5.04698 2.57243 2.40692 6.15489 1.85625
2.20263e-16 1.22821e-16 2.52192e-16 5.82459 7.21335 1.65145 3.92601 1.45502
2.00911e-17 2.16478e-17 0.482332 0 0.924072 7.323 0.00251257 5.67165
4.23178e-17 1.3076e-17 0.723342 0.329281 3.36155 3.45422 0 8.38826
8.59022e-18 5.96861e-17 0.984792 5.06994 6.66252 0 0 3.71946
7.65312e-17 2.26711e-17 1.30354 1.95697 2.35137 3.12327 5.82801 0
6.88197e-17 9.30121e-17 1.88959 0 0 0 4.06685 9.03265
1.33048e-16 8.61374e-17 2.58846 5.06988 6.74541 2.91485 2.68857 0.20832
2.15025e-32 3.51163e-16 1.67648e-16 9.80335e-17 6.55352 0 4.70155 0.897871
1.0055e-32 1.64211e-16 2.68177 0 2.68177 3.57969 5.27426 4.23236
9.29096e-17 2.34695e-16 4.12227 2.05878 4.06401 2.6815 3.13115 1.36536
9.02201e-17 2.92025e-16 4.99155 4.90898 0 0 2.72681 7.51327
2.13378e-16 3.12818e-16 6.18402 2.45804 4.3138 4.19204 0.464931 0.109026
7.62189e-18 0.124475 0.515735 7.07706 3.22101 0 0.138909 7.7949
1.38633e-17 0.226405 0.315086 2.35951 2.09083 4.25183 6.22147 0.0036305
3.55031e-17 0.57981 1.27778 4.16594 0.821608 4.15734 0.806119 6.15892
5.93055e-17 0.968533 0.968533 8.25429 1.99118 5.19454 2.00276 0
9.16362e-17 1.49653 0.0249618 8.315 0 0 5.94593 1.22284
1.22984e-16 2.00849 3.85326 4.06281 3.65 6.33355 0 2.04701
1.37398e-16 2.24388 1.39984 2.07044 4.76758 0 5.83191 1.63849
1.51312e-16 2.47112 1.38982 2.83514 6.39278 4.99813 0 0
1.66306e-16 2.71599 0 2.71599 2.77338 0 6.85964 2.72811
1.82066e-16 2.97336 0 5.56379 0 0 9.92703 0
4.29927e-16 3.29152e-16 8.84271 2.26406 0 0.0644078 5.65151 0
2.65897e-16 4.34243 0 2.20037 6.2961 0 3.57309 0
6.73395e-16 5.90237e-16 14.6239 1.18351 3.31013 3.81243 0.124787 0
0.00560969 0.00291604 0.0202421 0.346587 2.98983 0 0 7.83378
0.0544275 0.0937018 0.0405319 0.115694 0.579126 4.67506 4.71363 0
0.0653097 0.352423 0.358424 5.95213 2.96705 0 2.25088 4.56185
0.0686848 0.0686848 0.989439 1.29612 2.63718 9.10059 0 0.946319
0.0805884 0.0885166 0.136023 2.94054 0 2.321 6.2592 5.14395
0.0931945 1.439 3.58301 0.71844 2.77366 4.10431 0 5.27428
0.0971977 0.165177 0.690984 0.516613 0.629189 3.31604 4.38773 1.8913
0.110203 1.05007 1.22924 2.77548 2.19765 1.41917 3.9479 1.0318
0.110433 0.423133 3.57075 1.95001 2.46355 1.05649 5.41818 1.07544
0.116034 0.0830642 6.04671 0 3.55057 3.17222 1.98813 0
0.11609 0.339798 2.10908 2.42565 1.50839 1.44076 3.84863 3.7899
0.13777 2.1774 1.62464 1.63183 3.18829 0.589423 1.97612 4.94774
0.14332 0.170062 1.05644 0.0649957 1.08155 0.904825 7.14985 2.59486
0.175287 0.0432382 0.180541 2.07113 2.08681 0 0.623091 6.4708
0.183498 0.714699 8.61902 0.675428 0 0 2.33451 3.94943
0.193768 0.193768 0.285275 0.578822 0.693091 0 8.17032 0
0.204771 0.506189 1.81703 5.67374 0.850554 4.51215 0.644548 0
0.207462 0.653593 0.522807 3.95963 8.31791 0 0 0
0.213119 0.339292 9.72931 0 1.27535 0 5.67227 0
0.229075 0.0900382 4.50341 2.16365 5.00227 0 2.38039 0.237791
0.235127 0.0401374 0.359391 0.50366 3.28096 1.94357 0.775683 2.45083
0.253962 2.69532 3.65338 0 1.81524 2.19764 0 5.36667
0.294201 0.341752 2.30627 2.13063 2.84145 0 4.06182 2.4614
0.310539 0.182172 0.827477 5.12836 0 3.98219 5.72594 0
0.374475 0.514317 1.07368 2.18005 2.07941 1.80487 0 1.65524
0.397216 2.87038 2.35074 2.15529 0.163458 0.247853 3.57408 6.0171
0.408886 0.173809 0.244213 5.29904 4.25472 1.56813 4.23326 3.83942
0.47641 1.29637 2.45284 5.54909 4.76945 7.9554 0 0
0.477586 0.826008 0 0.369119 3.49651 2.66029 2.64411 5.63884
0.516183 0.864956 2.30807 3.89133 0.128549 3.46441 1.09858 1.78581
0.638734 0.742309 0.129193 0 2.63026 0 10.1994 0
0.638815 0.752217 3.21688 6.62635 3.17106 0 0 4.77288
0.659404 0.381994 2.5392 0.839487 0 4.92102 3.35945 0
0.685677 0.591675 0.399288 0.213097 4.69756 6.16691 1.02919 2.94245
0.76555 0.0170351 1.94886 2.0939 1.56926 3.09069 4.57948 0
0.846893 0.846893 4.24121 0.802622 0 7.32665 0 0
0.935996 2.8479 5.56935 6.3249 0 2.76408 0 0
0.970863 0.970863 0.546931 3.2226 3.19586 7.13386 0 0
1.01466 0.0598124 0.689509 0 3.48638 3.6964 5.2275 0
1.03758 2.75321 1.10698 6.50055 1.40282 0 7.35576 0
1.04401 2.55993 0 1.08531 7.27325 1.78093 2.90747 0
1.04773 1.47389 1.80834 0 3.05801 1.93031 6.03054 2.83284
1.06406 8.73037 3.08811 0.762043 0 0 0.923129 3.1776
1.07098 0.21635 0 1.24647 2.97298 0 3.40383 7.00682
1.0832 0 0.709429 0 3.63541 0.763204 2.9448 3.37228
1.11815 0.361586 9.52399 4.27281 0 5.40762 2.02302 0
1.12882 1.42576 2.1704 0.24449 1.92355 4.64151 3.15644 0
1.16744 2.78252 3.05368 6.58226 3.59926 3.15078 0 0.527938
1.18646 1.27016 2.65342 0.914504 4.1198 7.09218 0 0
1.19996 0.69394 1.38617 0 7.62733 3.12059 0.737613 0
1.2074 4.62467 4.81131 0 0 6.78189 0.422916 2.42495
1.4524 0.841096 6.9321 0 0 0 0 6.97488
1.45309 1.03452 3.97529 0 0 4.35714 6.16193 1.2734
1.52533 1.52533 1.7063 0.450176 4.94518 0 0 7.65612
1.57981 0.0822429 0.674254 0 5.71361 3.35386 5.82397 0
1.67767 1.78397 0 0.853344 3.75071 7.66306 0 2.2096
1.70237 1.75071 1.13289 2.91179 1.28086 1.69614 5.17849 0.942526
1.72105 5.56973 3.27176 2.36902 0 0 0 5.16569
1.74759 1.49646 7.62511 4.34809 1.46517 0 0 0
1.82577 1.82577 1.0981 1.8194 2.08325 1.77998 4.32333 0
1.9829 3.94899 4.41887 4.32705 4.98867 0 0 0
2.07587 1.79601 0.621557 0 2.81457 0 7.37355 0.121959
2.11693 2.40071 0.720048 5.80313 4.80762 0.0893091 0 0
2.2428 0.101485 3.54982 0 5.54802 4.61595 3.5401 0
2.3573 1.17021 0 0 0.857233 1.44256 0.518706 9.22468
2.4122 0 6.43037 5.12445 4.11221 2.60725 0 0
2.46873 4.5629 1.01555 3.10391 6.13028 3.80121 0 0.99002
2.47772 0.895563 4.00671 7.04295 3.9434 0.361931 0 3.96312
2.48844 2.48844 3.90897 3.57873 6.36176 0 0.254888 0
2.48978 1.67024 2.99811 2.74682 1.61803 0 0 4.48992
2.68123 2.68123 3.78427 6.52234 2.03336 0 0 2.74111
2.68844 6.4903 4.39145 2.12006 0 5.99289 0 0
2.74088 1.10025 4.22736 6.99196 1.57957 2.48936 1.36569 0
2.83941 0 1.32222 5.86663 3.1426 2.36124 0 3.29527
2.84578 0 3.92246 2.10197 1.90186 3.516 2.81153 0.976829
2.85354 2.51721 2.35067 0 0 7.87884 3.52126 2.36215
2.86553 1.2107 0 1.64329 2.75344 5.38928 6.85213 0
2.94416 0 0.814303 0 3.32172 4.67534 2.50619 4.23617
3.05038 1.05943 4.35812 2.84284 6.35722 0 0 3.0501
3.16156 3.16156 0.712419 4.30044 6.24438 0 2.17179 0
3.64362 3.64362 2.64014 5.78984 0 6.52701 0 0
3.64737 3.36668 3.16576 5.88726 3.19361 0 4.02211 0
3.85994 4.92373 6.25637 0 0 0.969232 5.11682 6.30456
4.30873 4.03825 0.914574 8.69098 0 0 0 0
4.41184 5.2534 2.70496 6.53786 5.47297 0 0 0
4.47724 0 0.308201 6.4111 0.476344 0 0 7.84027
5.35102 2.68186 3.09916 3.04054 7.08597 0 2.00658 0
5.41517 5.66736 0 0 6.45954 1.66231 6.66189 0.76963
5.44872 0.477328 0 3.70126 2.14956 2.78078 7.48125 1.51392
5.65022 4.0107 0.242849 3.97711 6.82235 0 0 3.72512
5.83171 2.83208 0 0 3.06226 2.69087 0 3.2822
6.46788 2.45566 5.59935 2.69666 1.27919 0.592909 2.30336 0
6.53738 6.14391 1.08373 0 4.24062 0.202486 0 0
