1159 29.8938
0.999844 0.568015 0.789632 0.75972 0.946809 0.731686 0.992532 11.4366
0.987132 0.857889 0.567889 0.00188242 0.847492 0.926842 0.999983 13.3328
0.895832 0.999942 0.646871 0.90976 0.639309 0.876224 0.784649 11.1702
0.860835 0.867801 0.846838 0.891038 0.840518 0.873912 0.888998 6.44416
0.803057 0.080583 0.999951 0.508547 0.899381 0.609216 0.595174 14.3752
0.792606 0.761729 0.828532 0.902376 0.0503938 0.999996 0.64914 12.5802
0.736217 0.0980012 0.269659 0.999993 0.2113 0.626964 0.895722 14.1848
0.526076 0.842143 0.00359421 0.0392051 0.999999 0.878235 0.616863 18.2651
0.112855 0.685648 3.13747e-07 0.289622 0.0612512 0.0826778 0.844442 16.7482
0.0634388 0.00454554 0.0178991 0.0597856 0.136438 0.627964 0.667893 59.6292
0.0414708 7.0843e-08 0.712046 0.895517 0.145764 0.959179 0.211981 16.8389
0.0307532 0.0501113 0.46775 0.855639 0.312207 3.83869e-10 0.134406 19.999
0.0158416 0.977164 0.567348 0.703519 0.533275 0.04797 6.04514e-07 17.8347
0.00815623 0.776991 0.531477 0.608592 4.66735e-09 0.359425 0.897669 16.9126
0.00158816 0.567576 0.182899 1.42906e-07 0.199409 0.835921 0.786998 18.3021
1.34251e-08 0.0597292 0.775346 0.123973 0.945277 0.70374 0.420527 19.399
0.144637 0.288458 0.120603 0.543684 0.00157389 0.116848 0.0103085 39.3838
0.0326778 0.0230431 0.0305685 0.643328 0.0674389 0.0762606 0.638519 34.1718
0.617159 0.313154 0.00858125 0.0408819 0.350569 0.0797791 0.0317706 40.7993
0.0367948 0.382428 0.000665291 0.723299 0.0708361 0.21128 0.601204 48.5966
0.0896738 0.0314674 0.00746488 0.0290664 0.661941 0.158539 0.596556 46.0225
0.0114252 0.263317 0.505319 0.461688 0.0456754 0.0922281 0.0508867 32.1857
0.367794 0.0571736 0.476274 0.0285024 0.00510067 0.162097 0.624302 43.0403
0.152218 0.335261 0.000579867 0.134696 0.00192015 0.036097 0.639502 49.8679
0.0393253 0.650612 0.0798893 0.380305 0.225103 0.00350561 0.0497168 30.3427
0.402781 0.129101 0.0413994 0.00972622 0.556928 0.163709 0.275507 52.1058
0.0652081 0.0208854 0.0209979 0.0257862 0.7875 0.518954 0.0947008 53.5452
0.082721 0.347482 0.0168803 0.105179 0.0874317 0.492088 0.0218695 51.212
0.78279 0.00766832 0.751574 0.13935 0.0100535 0.031238 0.359961 57.9028
0.484523 0.471025 0.0955394 0.698035 0.00157389 0.147111 0.0269936 44.892
0.254236 0.0100097 0.00181431 0.0464484 0.560863 0.508719 0.0488263 57.0329
0.163878 0.0057429 0.00262016 0.232318 0.0600941 0.0290684 0.393724 33.1108
0.00916544 0.22834 0.498252 0.810913 0.496349 0.258506 0.00101049 44.1727
0.063892 0.0200368 0.0168812 0.706534 0.0855159 0.49162 0.0196591 55.6803
0.00588149 0.131288 0.0789206 0.140525 0.140807 0.349271 0.49261 29.7849
0.437359 0.429967 0.524369 0.605422 0.355779 0.235245 0.215902 17.9325
0.116095 0.145109 0.0226605 0.302628 0.032995 0.169635 0.0672096 43.7063
0.0649326 0.0282964 0.0151066 0.706534 0.710939 0.517824 0.0176495 55.1588
0.107949 0.309269 0.644698 0.440212 0.264576 0.170439 0.482743 17.3776
0.0263062 0.0411063 0.280463 0.402803 0.0579204 0.646711 0.246775 28.4691
0.307142 0.036837 0.574142 0.691318 0.483329 0.404536 0.157922 26.6395
0.274072 0.486382 0.0504585 0.368238 0.628719 0.228195 0.472288 19.2351
0.623234 0.0198027 0.475907 0.342225 0.00480858 0.10443 0.26556 54.138
0.140552 0.193901 0.89314 0.326469 0.665384 0.390234 0.696852 15.2666
0.372913 0.0173613 0.257437 0.176757 0.359076 0.143619 0.29999 19.524
0.171116 0.925463 0.818035 0.942152 0.700891 0.491319 0.820282 13.1313
0.575307 0.00251414 0.602663 0.809383 0.106037 0.963735 0.479054 17.1079
0.824092 0.608449 0.808974 0.589286 0.323518 0.722165 0.743067 13.6317
0.0469225 0.100701 0.00217007 0.092954 0.432997 0.368594 0.546649 54.8024
0.0587934 0.972979 0.609458 0.0565289 0.169982 0.467563 0.370528 17.2854
0.690065 0.956048 0.7578 0.486068 0.272972 0.289393 0.284339 14.6206
0.221178 0.846616 0.551256 0.914979 0.0644297 0.342393 0.350321 16.468
0.0124279 0.984675 0.581191 0.202673 0.220314 0.297625 0.344528 16.4255
0.934137 0.757205 0.87837 0.757003 0.920795 0.819524 0.840552 8.63052
0.106286 0.393042 0.134514 0.564881 0.679489 0.0137278 0.457949 25.4315
0.389087 0.262232 0.202707 0.437034 0.439461 0.67694 0.0990455 20.6698
0.951218 0.169779 0.116816 0.425498 0.557158 0.52743 0.0861998 21.1588
0.205636 0.216047 0.885959 0.931599 0.246081 0.804091 0.774709 13.449
0.234014 0.0441386 0.0841592 0.332719 0.487956 0.921212 0.46727 19.1657
0.0634388 0.00468687 0.363841 0.0305921 0.128715 0.592697 0.745794 57.6046
0.986241 0.231536 0.585637 0.244353 0.77368 0.272887 0.282407 18.2761
0.541117 0.153657 0.537017 0.852504 0.831682 0.252784 0.753057 13.9441
0.209215 0.491043 0.374284 0.641648 0.896666 0.113515 0.205469 17.9397
0.708008 0.389941 0.473317 0.841955 0.722026 0.971952 0.57868 14.8385
0.273477 0.72745 0.880822 0.451238 0.525448 0.943194 0.023402 15.2333
0.936558 0.847669 0.779463 0.636548 0.68588 0.599777 0.880592 11.3325
0.592048 0.0346989 0.793105 0.127512 0.455355 0.539321 0.632712 20.8641
0.78931 0.979337 0.0668648 0.0642535 0.2435 0.186637 0.355531 17.0674
0.818657 0.282733 0.708123 0.413484 0.0729281 0.987083 0.713223 13.7134
0.973014 0.809508 0.623643 0.652003 0.978728 0.976064 0.75762 10.9493
0.426347 0.871622 0.706431 0.604108 0.166492 0.410373 0.0286422 18.2411
0.668058 0.0957471 0.846609 0.697899 0.614904 0.933952 0.888998 12.3636
0.909852 0.410103 0.43484 0.118951 0.775479 0.363406 0.604304 17.0238
0.207075 0.353706 0.408494 0.316655 0.555706 0.00137616 0.447968 23.3419
0.98441 0.330609 0.227268 0.274218 0.657994 0.225958 0.0308415 19.0968
0.402542 0.444861 0.632244 0.0241854 0.588092 0.781794 0.0415382 21.7725
0.60829 0.522976 0.917847 0.717513 0.932598 0.405826 0.79918 13.6525
0.236548 0.983835 0.728977 0.122547 0.361719 0.334048 0.340913 17.6554
0.277078 0.36676 0.386576 0.0833043 0.64594 0.0447081 0.441447 23.6913
0.876811 0.932834 0.143711 0.964651 0.730114 0.706099 0.693667 11.9396
0.697803 0.757857 0.233862 0.598106 0.295025 0.320315 0.0830975 18.6331
0.712361 0.466749 0.491564 0.556853 0.354323 0.00511519 0.425746 19.7219
0.976816 0.0687155 0.313296 0.429955 0.460593 0.0420005 0.453657 17.5888
0.283255 0.14108 0.725065 0.220339 0.899236 0.250831 0.54986 15.4716
0.799788 0.929467 0.868662 0.812796 0.860172 0.778332 0.859426 8.8878
0.994833 0.603417 0.288484 0.306538 0.0530049 0.760381 0.141464 17.21
0.901993 0.887042 0.775437 0.876008 0.891841 0.888187 0.933861 7.89046
0.0455569 0.706389 0.166991 0.0872701 0.830583 0.427876 0.409455 18.0493
0.565324 0.200371 0.0814798 0.563545 0.0843445 0.747628 0.582737 18.7305
0.852562 0.363744 0.511376 0.0524412 0.912718 0.156551 0.838046 16.896
0.17929 0.136925 0.0950242 0.777781 0.437578 0.786567 0.162124 19.7693
0.21708 0.772492 0.944339 0.298727 0.0205862 0.61909 0.53352 16.7124
0.214263 0.839319 0.872162 0.498017 0.753257 0.768615 0.238889 12.4405
0.295069 0.18998 0.418691 0.210297 0.982453 0.0672311 0.762039 20.7329
0.410728 0.684118 0.253123 0.0488024 0.811643 0.497147 0.120677 17.5927
0.432162 0.0686755 0.888131 0.269378 0.331245 0.755037 0.128144 17.9794
0.847441 0.836219 0.153544 0.763488 0.835401 0.681478 0.661764 12.8471
0.0165185 0.600985 0.0739775 0.134808 0.431259 0.588936 0.558272 21.4098
0.772776 0.164986 0.239691 0.985113 0.602493 0.822505 0.735186 12.7802
0.83131 0.588197 0.58773 0.0603608 0.152547 0.784453 0.913389 16.9473
0.741967 0.992871 0.367964 0.922581 0.739456 0.840958 0.894073 10.5433
0.0519017 0.0208854 0.0179359 0.0257862 0.410589 0.0599841 0.0912743 54.201
0.268537 0.426225 0.086544 0.632074 0.177584 0.941552 0.909505 16.473
0.5034 0.66108 0.086621 0.0931873 0.505661 0.227103 0.00832649 18.2937
0.301415 0.884747 0.899506 0.75031 0.497528 0.453615 0.782226 14.1217
0.0438069 0.108839 0.915261 0.0370065 0.564747 0.45176 0.810247 20.973
0.695889 0.710011 0.597716 0.696933 0.493467 0.635928 0.816878 14.5908
0.549339 0.968347 0.257353 0.95468 0.351401 0.841906 0.303002 14.7056
0.442209 0.414309 0.0330165 0.155405 0.261314 0.0830451 0.459958 22.4399
0.459479 0.362324 0.67873 0.251875 0.329226 0.74419 0.796984 15.9304
0.0717575 0.617053 0.265931 0.70487 0.253503 0.450868 0.38893 20.1302
0.554634 0.118658 0.52968 0.566244 0.371231 0.600965 0.489656 18.5706
0.968363 0.441897 0.334562 0.893517 0.894115 0.107919 0.678436 14.6785
0.826944 0.800233 0.442476 0.386863 0.211596 0.639124 0.854747 14.84
0.390099 0.24154 0.319347 0.621028 0.396961 0.139422 0.105232 17.3844
0.880451 0.879395 0.842481 0.85805 0.841797 0.873912 0.888998 6.85694
0.54651 0.576578 0.449384 0.110924 0.10134 0.952321 0.794956 19.4759
0.803659 0.919394 0.983634 0.926194 0.889005 0.882198 0.324916 9.35279
0.200811 0.814323 0.264152 0.187296 0.10966 0.948264 0.48111 14.3245
0.216518 0.745143 0.237086 0.498696 0.0109595 0.572623 0.228775 26.3948
0.963585 0.550915 0.687987 0.868152 0.930513 0.481738 0.706695 12.6562
0.138329 0.240085 0.0594869 0.939416 0.992219 0.563686 0.331188 16.5017
0.509567 0.581312 0.413728 0.421323 0.624309 0.0647727 0.451248 22.5147
0.874647 0.858708 0.564993 0.898442 0.970167 0.55024 0.687614 11.9036
0.12656 0.271991 0.692339 0.0104122 0.93773 0.311325 0.440527 18.025
0.461022 0.668609 0.601308 0.017855 0.419001 0.500337 0.406187 18.35
0.836836 0.598756 0.0271084 0.246685 0.221209 0.107937 0.969161 17.6986
0.612107 0.0998594 0.0932673 0.892131 0.918174 0.384102 0.681796 15.9962
0.895351 0.446155 0.899013 0.293192 0.865417 0.854574 0.928995 10.3085
0.271437 0.126026 0.390047 0.31949 0.34594 0.810283 0.851168 17.1302
0.722696 0.994285 0.24489 0.616908 0.284728 0.203898 0.0802785 17.588
0.156513 0.98677 0.359079 0.349312 0.715048 0.22142 0.722183 16.3636
0.830878 0.538997 0.349058 0.00861375 0.163467 0.327732 0.182742 17.218
0.0671738 0.569966 0.112797 0.311121 0.0155362 0.109804 0.884709 17.614
0.256508 0.512676 0.0895248 0.406324 0.364931 0.625191 0.502052 22.9161
0.303167 0.039538 0.307227 0.402803 0.0292387 0.632953 0.23444 29.059
0.574218 0.468117 0.446149 0.910329 0.77771 0.00167885 0.337608 18.5109
0.857988 0.886685 0.836225 0.848514 0.831929 0.314614 0.853262 9.05724
0.768503 0.505427 0.84203 0.864834 0.909826 0.556826 0.878799 11.1305
0.582863 0.724594 0.400473 0.0431025 0.905247 0.835766 0.858092 14.2439
0.238854 0.0494999 0.17571 0.595117 0.417567 0.00453201 0.901241 18.8003
0.350022 0.105488 0.466408 0.583174 0.139862 0.290253 0.610076 20.4934
0.028798 0.179789 0.384709 0.292624 0.367101 0.71465 0.827432 17.351
0.334377 0.244028 0.16532 0.616908 0.65667 0.199872 0.861749 15.7912
0.892495 0.94314 0.71958 0.870959 0.720246 0.180983 0.885888 13.0751
0.842043 0.0133938 0.832926 0.652442 0.455973 0.324568 0.740454 14.3811
0.637376 0.983134 0.867441 0.279601 0.162709 0.853141 0.159571 13.7191
0.961966 0.789072 0.774145 0.216198 0.78873 0.217611 0.318539 12.2497
0.242339 0.905075 0.24804 0.404678 0.3381 0.36329 0.172417 23.7505
0.700224 0.0589244 0.0194515 0.528389 0.523152 0.621792 0.405977 24.2295
0.568131 0.302269 0.923165 0.924807 0.37291 0.666987 0.943619 12.735
0.903749 0.707771 0.972709 0.834782 0.986689 0.687074 0.906058 11.5769
0.40554 0.0933585 0.882069 0.289661 0.100007 0.984267 0.151998 19.2682
0.231224 0.292811 0.284428 0.519396 0.00410162 0.138977 0.411613 25.7803
0.444853 0.379401 0.211181 0.663078 0.705736 0.477554 0.873808 15.1097
0.0367642 0.206547 0.0371497 0.787168 0.636221 0.740089 0.288695 16.6189
0.513386 0.915152 0.0829238 0.746219 0.305055 0.24451 0.166974 16.0176
0.939818 0.594757 0.988038 0.96634 0.851952 0.561952 0.0122707 13.2483
0.0150078 0.2017 0.091295 0.808311 0.952202 0.375656 0.0737832 24.2592
0.916463 0.621083 0.0386603 0.57863 0.719079 0.31754 0.731895 15.2912
0.641712 0.0813729 0.341082 0.791938 0.680854 0.0272351 0.551184 19.3984
0.308823 0.0530637 0.531946 0.671843 0.798186 0.397285 0.698673 17.6572
0.860615 0.264208 0.269013 0.836837 0.097196 0.229963 0.399549 14.1865
0.912836 0.217843 0.0548904 0.785258 0.639326 0.741664 0.569536 15.7212
0.559919 0.766246 0.733829 0.207185 0.813404 0.928485 0.853567 11.7192
0.342566 0.408056 0.205185 0.66699 0.405413 0.0839731 0.965605 19.3016
0.658052 0.523954 0.820163 0.932008 0.388844 0.811796 0.315633 13.0577
0.33034 0.713528 0.392487 0.374222 0.921705 0.88549 0.463345 16.141
0.779261 0.0630317 0.402934 0.514034 0.0102998 0.12476 0.0696234 20.7463
0.43159 0.0948323 0.928592 0.0771512 0.211173 0.26578 0.124074 17.8678
0.595783 0.518543 0.381227 0.20413 0.130638 0.0318223 0.0533407 21.0361
0.113402 0.732916 0.932611 0.760403 0.426629 0.898868 0.202576 18.4571
0.684952 0.278126 0.836007 0.5924 0.65037 0.0115107 0.318228 15.786
0.696866 0.974555 0.960636 0.826273 0.191373 0.419012 0.947895 12.6957
0.186133 0.544667 0.0468308 0.410295 0.592856 0.184791 0.517143 19.038
0.179988 0.835113 0.831576 0.985906 0.907116 0.247761 0.940216 11.9944
0.290107 0.356411 0.483749 0.00347843 0.281297 0.0102124 0.612501 18.4411
0.131533 0.265678 0.448587 0.670855 0.972733 0.278928 0.950982 15.9155
0.907161 0.496768 0.10428 0.209681 0.86218 0.664949 0.584404 15.438
0.452597 0.853352 0.825984 0.443219 0.745901 0.476321 0.788938 13.5533
0.675723 0.253173 0.320932 0.520684 0.0296935 0.0170098 0.537442 23.1575
0.815324 0.627262 0.866177 0.266514 0.216752 0.322201 0.769932 13.728
0.709833 0.81813 0.439429 0.224795 0.826007 0.299427 0.925066 13.2635
0.833608 0.543834 0.173387 0.159816 0.0924594 0.857848 0.901533 15.5629
0.944492 0.451908 0.33242 0.379929 0.0292387 0.338772 0.19855 24.7011
0.853708 0.290927 0.0475552 0.74234 0.126759 0.912571 0.177923 15.4013
0.0900958 0.750581 0.796127 0.133167 0.532204 0.796196 0.250522 16.3775
0.137046 0.0756756 0.0683854 0.471139 0.479015 0.546008 0.691625 22.5057
0.294479 0.126984 0.0628878 0.95998 0.670553 0.876597 0.37836 20.6356
0.187486 0.530519 0.359475 0.11501 0.691706 0.151556 0.767971 17.0954
0.97923 0.123119 0.0220507 0.97582 0.53384 0.212083 0.11218 16.9207
0.429723 0.141751 0.366127 0.782729 0.724951 0.752484 0.67021 16.4182
0.645468 0.892429 0.822279 0.86123 0.165842 0.294438 0.227733 12.1446
0.803396 0.901592 0.685979 0.804201 0.840856 0.953087 0.196004 12.0502
0.646937 0.0855048 0.718902 0.350107 0.556333 0.377646 0.428743 18.4578
0.811624 0.432454 0.286732 0.639531 0.584005 0.549051 0.0340197 16.8272
0.775133 0.691311 0.893822 0.715265 0.3432 0.859894 0.553356 13.5229
0.363557 0.864291 0.982596 0.879809 0.961553 0.575465 0.84525 10.8794
0.469525 0.0539817 0.100562 0.887296 0.354387 0.511874 0.853623 21.9057
0.0219033 0.135559 0.322609 0.0208312 0.227599 0.758318 0.364504 17.1632
0.297171 0.40101 0.833761 0.657203 0.408908 0.762657 0.289599 15.2734
0.0215687 0.0529105 0.0563994 0.147053 0.0157239 0.348401 0.506192 28.9167
0.845371 0.0384088 0.856749 0.464474 0.170641 0.830504 0.146444 16.1714
0.423136 0.818959 0.706133 0.0471519 0.931424 0.867137 0.804848 12.1891
0.244412 0.0405785 0.22369 0.511937 0.0590997 0.389053 0.92588 25.9756
0.351399 0.257813 0.437743 0.16345 0.448648 0.350226 0.00568661 24.0292
1.34251e-08 0.392137 0.540797 0.963845 0.42286 0.237664 0.92193 15.2876
0.806798 0.0434828 0.147291 0.820013 0.808892 0.125436 0.663817 16.1737
0.830181 0.171799 0.221404 0.581531 0.117625 0.815321 0.442584 16.3193
0.15067 0.129857 0.466408 0.391595 0.468991 0.122538 0.64269 21.6901
0.754796 0.541405 0.173387 0.148528 0.0924594 0.097812 0.0866161 18.9733
0.920312 0.784352 0.375671 0.994386 0.91548 0.901134 0.439928 11.3254
0.44839 0.28717 0.863288 0.678159 0.465782 0.910351 0.0355258 15.5931
0.260318 0.25635 0.170929 0.678694 0.666651 0.0176481 0.628729 19.3792
0.928019 0.611251 0.191001 0.572342 0.0391247 0.695615 0.996641 14.7821
0.918843 0.794987 0.700209 0.230983 0.243909 0.309402 0.318894 15.4204
0.10997 0.351682 0.640039 0.542179 0.327886 0.356833 0.00676645 25.2156
0.384631 0.334778 0.557453 0.645411 0.00676004 0.978583 0.386866 20.9127
0.997885 0.372435 0.429301 0.454623 0.0482145 0.762351 0.0112795 16.6134
0.649894 0.939743 0.221169 0.0325759 0.689216 0.173385 0.384402 18.3591
0.188625 0.343447 0.35367 0.628963 0.0512615 0.67518 0.485148 21.4848
0.853371 0.278007 0.692339 0.0215207 0.249026 0.275714 0.10568 17.6605
0.400941 0.841952 0.663418 0.178432 0.704494 0.841405 0.718824 14.5005
0.571734 0.699695 0.68189 0.165217 0.987812 0.789106 0.25507 15.4502
0.481079 0.156949 0.456115 0.835724 0.948448 0.156292 0.739862 16.3796
0.896024 0.558883 0.528256 0.490168 0.0989782 0.819621 0.692637 16.3898
0.23214 0.31982 0.756997 0.292977 0.663302 0.0152066 0.527695 19.6566
0.87943 0.995844 0.15786 0.550873 0.0814218 0.994198 0.763946 13.9422
0.0192223 0.672259 0.416888 0.666565 0.207265 0.0283403 0.621185 28.088
0.471629 0.493267 0.558975 0.862468 0.413602 0.223246 0.102444 16.6898
0.628243 0.797464 0.706303 0.833796 0.759146 0.443726 0.448254 12.6966
0.147169 0.0167038 0.331076 0.449502 0.349879 0.59221 0.564049 18.9856
0.0211003 0.701403 0.672116 0.502521 0.923521 0.732697 0.0500996 17.4231
0.809618 0.0274678 0.44056 0.113524 0.758962 0.088466 0.0365835 20.8114
0.174709 0.260077 0.405113 0.947604 0.0663806 0.606599 0.742808 23.4663
0.160954 0.895117 0.0982231 0.619328 0.279993 0.320554 0.273159 15.6778
0.0496212 0.397094 0.492868 0.692968 0.485964 0.259541 0.920005 15.8356
0.999774 0.548136 0.420143 0.767387 0.971115 0.639215 0.848561 12.7733
0.340032 0.0755647 0.342188 0.553075 0.643472 0.0233227 0.0219046 23.0618
0.291535 0.369954 0.851527 0.530084 0.0424999 0.0729287 0.358718 22.0756
0.491189 0.43967 0.563871 0.0317608 0.0332411 0.366691 0.587978 24.456
0.321254 0.664026 0.0101008 0.189355 0.608112 0.45446 0.174509 20.5043
0.0241675 0.619245 0.788434 0.213105 0.928797 0.204262 0.824981 14.4347
0.0578593 0.00139767 0.077369 0.981598 0.161593 0.421871 0.0309372 18.5368
0.626274 0.680054 0.802364 0.226243 0.978966 0.0964189 0.74549 15.1779
0.623938 0.938779 0.247272 0.493926 0.205815 0.0448326 0.139346 19.5839
0.594663 0.602849 0.457222 0.900099 0.545398 0.0194052 0.328899 21.1951
0.532956 0.172416 0.230648 0.516313 0.76504 0.0282346 0.224479 17.6681
0.398408 0.372828 0.896157 0.569935 0.781853 0.839496 0.867045 13.3892
0.756536 0.216309 0.300474 0.527217 0.995815 0.336014 0.213264 19.1066
0.196366 0.716109 0.691299 0.780537 0.0199839 0.828484 0.310917 13.3095
0.0772965 0.116332 0.617133 0.546838 0.0870543 0.504889 0.0159747 25.0488
0.209983 0.149191 0.267254 0.700656 0.761946 0.395231 0.707634 21.5556
0.434573 0.916629 0.614582 0.13111 0.26967 0.969336 0.329393 16.9116
0.528719 0.185866 0.749143 0.469346 0.827323 0.0801316 0.616918 16.7507
0.0286951 0.0586383 0.99767 0.223026 0.323486 0.609216 0.60737 17.2827
0.95716 0.960592 0.267631 0.4474 0.114074 0.948264 0.481089 14.0173
0.280452 0.425465 0.342173 0.43459 0.0639121 0.0494604 0.234254 27.2497
0.185396 0.738399 0.509184 0.0196303 0.0481574 0.215473 0.125824 26.5415
0.2659 0.439858 0.275133 0.71406 0.429367 0.166291 0.435789 20.515
0.751848 0.474792 0.992807 0.824797 0.581986 0.787784 0.191232 13.1017
0.0632396 0.828288 0.302226 0.258735 0.00971755 0.89571 0.964602 14.2537
0.536014 0.374667 0.278258 0.310744 0.923033 0.568411 0.374679 16.108
0.0725159 0.0316434 0.0808686 0.354949 0.596173 0.0826373 0.380288 21.9915
0.573134 0.729422 0.710246 0.0436959 0.379954 0.792273 0.242141 17.8598
0.379743 0.85562 0.290953 0.510224 0.421143 0.887332 0.863604 12.9333
0.102653 0.315263 0.624469 0.938425 0.0901408 0.892099 0.477949 15.5322
0.691841 0.597005 0.943218 0.708542 0.0235211 0.232204 0.807782 15.2306
0.749241 0.0784698 0.0258909 0.105643 0.945955 0.0967028 0.649419 15.8674
0.847152 0.505096 0.743324 0.594327 0.463101 0.859146 0.0297129 17.4274
0.190351 0.952988 0.557056 0.805049 0.0330793 0.373617 0.0514975 21.1805
0.717321 0.903192 0.249674 0.154111 0.552816 0.59982 0.609098 15.8989
0.183897 0.517868 0.182407 0.45952 0.996779 0.188947 0.220707 19.2816
0.526725 0.830051 0.358547 0.770386 0.292185 0.671259 0.274702 15.1306
0.882438 0.826233 0.676681 0.711529 0.718274 0.206327 0.190171 14.2004
0.685644 0.703722 0.702171 0.551271 0.629223 0.458746 0.283649 17.2274
0.171461 0.421536 0.129545 0.662983 0.0364584 0.400895 0.223534 22.7499
0.799907 0.775092 0.895086 0.816053 0.800212 0.978602 0.487954 10.0864
0.563229 0.637787 0.750009 0.996053 0.0542518 0.0530028 0.536771 17.6094
0.734177 0.843832 0.33414 0.73342 0.318568 0.387951 0.152154 18.1294
0.151956 0.924502 0.884209 0.870833 0.826589 0.193226 0.94928 9.96207
0.445118 0.165465 0.186324 0.0279343 0.0685423 0.653001 0.662213 20.5807
0.861548 0.827019 0.136606 0.263083 0.173331 0.890881 0.367095 14.0811
0.35782 0.447664 0.806116 0.502712 0.927441 0.594066 0.224876 15.9069
0.522505 0.416204 0.905938 0.360328 0.0375679 0.607162 0.271531 17.5765
0.164964 0.376104 0.625811 0.64401 0.728117 0.258253 0.813542 15.6548
0.554011 0.192134 0.44218 0.682047 0.258868 0.209572 0.600949 16.8522
0.654265 0.375324 0.947296 0.0370616 0.577478 0.819057 0.555253 15.1182
0.808319 0.481164 0.54382 0.551948 0.878256 0.207508 0.067294 17.6804
0.969474 0.867304 0.846041 0.842668 0.840475 0.872165 0.927172 7.3183
0.851247 0.934872 0.847366 0.722484 0.853557 0.899032 0.863937 8.29449
0.815802 0.134023 0.787086 0.544393 0.618922 0.78992 0.119929 14.0289
0.018985 0.465521 0.0421895 0.0683189 0.756403 0.772464 0.784628 14.8602
0.920629 0.880238 0.923165 0.934069 0.767974 0.282459 0.986859 9.71216
0.925591 0.155988 0.0304642 0.97881 0.230056 0.613267 0.429008 16.1884
0.665051 0.395842 0.381036 0.421287 0.744426 0.0578805 0.604306 16.673
0.930298 0.0714364 0.220478 0.66545 0.708159 0.43177 0.499913 17.0081
0.318984 0.104376 0.238004 0.190828 0.987049 0.0629452 0.10239 22.8169
0.587278 0.184528 0.747215 0.256175 0.123928 0.713411 0.0311091 18.1373
0.82759 0.386228 0.27362 0.898459 0.57257 0.40479 0.754145 14.3888
0.601605 0.117473 0.230788 0.592038 0.225756 0.534248 0.724153 19.6761
0.416348 0.0781321 0.296952 0.399044 0.532204 0.799688 0.147642 19.1599
0.92315 0.875421 0.81318 0.844672 0.845216 0.949374 0.591075 9.55203
0.215084 0.850277 0.668658 0.867886 0.821561 0.0961642 0.936909 13.654
0.261221 0.362324 0.695373 0.233418 0.434831 0.725671 0.823414 14.9888
0.328979 0.100536 0.252798 0.284357 0.742313 0.784479 0.181001 22.0138
0.838045 0.242006 0.486197 0.357482 0.217541 0.624629 0.497831 17.4147
0.24983 0.974311 0.241859 0.660859 0.0343191 0.362471 0.4923 21.4042
0.409337 0.14599 0.339258 0.795403 0.573472 0.841479 0.179721 15.4539
0.0549325 0.324581 0.437633 0.968384 0.149881 0.9087 0.554077 15.429
0.324126 0.823576 0.543098 0.563975 0.143785 0.848452 0.713974 17.1585
0.0131932 0.398379 0.121767 0.430005 0.0776083 0.446485 0.513622 27.7248
0.327543 0.450353 0.3034 0.401896 0.973793 0.299091 0.511619 18.9199
0.217951 0.329025 0.0417403 0.505586 0.196457 0.68471 0.147943 18.4291
0.519365 0.461115 0.629184 0.75353 0.892807 0.453363 0.582344 15.5085
0.253671 0.687232 0.295365 0.183205 0.71601 0.770447 0.0909541 18.1601
0.854266 0.392669 0.769136 0.749434 0.37235 0.816168 0.958979 12.9777
0.312488 0.113038 0.658236 0.534646 0.0634309 0.118619 0.633936 21.2629
0.901012 0.90904 0.8175 0.829639 0.143329 0.305487 0.044466 11.7066
0.348021 0.435524 0.00598764 0.948901 0.444144 0.458558 0.283915 22.9529
0.182529 0.219236 0.417522 0.186812 0.392743 0.129347 0.761578 25.7143
0.362117 0.0735381 0.138836 0.637822 0.0246223 0.391282 0.00396335 22.7891
0.731035 0.653894 0.00665519 0.070182 0.785804 0.22405 0.63616 16.6614
0.53021 0.0427704 0.729556 0.988732 0.542189 0.644633 0.839175 16.2235
0.658604 0.327779 0.787358 0.350107 0.561793 0.430226 0.34702 15.8042
0.487271 0.416468 0.561507 0.0537795 0.000579735 0.242977 0.702694 21.7465
0.649652 0.0562746 0.0878057 0.745628 0.827514 0.321211 0.576876 14.9397
0.337091 0.412467 0.893604 0.179535 0.442662 0.793405 0.116981 18.4949
0.748955 0.704885 0.356534 0.195622 0.852539 0.722589 0.258241 12.8688
0.391379 0.632543 0.36554 0.481201 0.877321 0.144314 0.00168124 17.7268
0.920979 0.117565 0.0654357 0.728343 0.390782 0.958415 0.27881 14.2197
0.478801 0.556232 0.24146 0.167752 0.544397 0.485039 0.015409 23.5011
0.0956989 0.0828866 0.461601 0.683345 0.914577 0.670433 0.76538 14.5788
0.671445 0.362167 0.947032 0.974261 0.0501494 0.271552 0.749037 14.4201
0.873354 0.849887 0.725442 0.73342 0.72833 0.808425 0.0722104 9.97408
0.231051 0.811952 0.411379 0.147231 0.0832706 0.689843 0.707634 21.4832
0.472801 0.862944 0.874332 0.246343 0.000625051 0.601281 0.131597 16.4551
0.865253 0.480031 0.767884 0.913406 0.749157 0.153642 0.343017 13.7777
0.463386 0.711982 0.394986 0.393284 0.367101 0.636552 0.262061 17.73
0.9182 0.873794 0.542714 0.276588 0.0187234 0.893942 0.308039 18.8582
0.975668 0.802369 0.9195 0.298565 0.789209 0.659154 0.0895626 13.3593
0.595244 0.237124 0.145993 0.395804 0.13427 0.970655 0.683319 16.0549
0.720003 0.12195 0.308652 0.287054 0.755525 0.304495 0.122557 14.9613
0.670741 0.492956 0.0122228 0.240871 0.121081 0.463134 0.0462966 24.0034
0.78422 0.150404 0.354018 0.699116 0.473589 0.66905 0.504285 18.2949
0.178687 0.509098 0.592352 0.315439 0.887041 0.567619 0.85448 17.0447
0.420741 0.46143 0.109508 0.142744 0.923588 0.897408 0.76766 18.2604
0.896013 0.222155 0.12682 0.847177 0.671526 0.914959 0.762236 11.8562
0.497441 0.377439 0.840029 0.346606 0.860212 0.996701 0.0881554 15.0266
0.156471 0.490106 0.952822 0.369026 0.802096 0.163124 0.544604 16.1055
0.466675 0.535308 0.0127065 0.133089 0.606528 0.174397 0.077073 22.0513
0.117693 0.470849 0.187981 0.761617 0.746842 0.214866 0.632621 14.6257
0.911318 0.267146 0.459775 0.483916 0.873704 0.441409 0.00540788 22.5635
0.385653 0.98056 0.837151 0.462769 0.31862 0.479367 0.715588 15.3718
0.888796 0.78559 0.684779 0.379259 0.0242671 0.552901 0.976557 13.8726
0.395293 0.658005 0.976776 0.652411 0.167491 0.280078 0.223494 17.199
0.785342 0.9491 0.847366 0.884373 0.853557 0.899032 0.888212 7.53751
0.652891 0.341339 0.773359 0.800587 0.555012 0.135796 0.628128 15.1494
0.418262 0.0906803 0.649216 0.533696 0.298547 0.133393 0.221796 18.4375
0.505612 0.782236 0.213578 0.431777 0.236917 0.150502 0.518963 18.2309
0.0822597 0.628302 0.0624922 0.932645 0.278131 0.845243 0.627234 16.855
0.224444 0.719576 0.397408 0.329929 0.0440056 0.263547 0.90831 17.2567
0.819423 0.714811 0.995866 0.338667 0.804566 0.365714 0.645162 14.6939
0.858724 0.313426 0.933718 0.950367 0.434631 0.641003 0.0753077 15.5095
0.704345 0.498844 0.611708 0.113889 0.0197118 0.0747139 0.417018 24.5368
0.124028 0.301752 0.65333 0.300964 0.90359 0.806488 0.48326 14.5006
0.453772 0.0906803 0.755277 0.388974 0.48895 0.67873 0.225417 17.3928
0.490818 0.401919 0.0315672 0.899364 0.404736 0.396636 0.211925 22.0824
0.21708 0.781497 0.124087 0.297043 0.663302 0.0606297 0.111784 17.3612
0.69141 0.622051 0.620536 0.218616 0.518828 0.175718 0.13701 18.1805
0.472962 0.0175336 0.150508 0.0799947 0.549158 0.239562 0.402772 19.6085
0.148941 0.796464 0.26929 0.611082 0.236686 0.541517 0.587156 16.1277
0.744918 0.582858 0.294899 0.170191 0.547244 0.371166 0.170588 18.4653
0.655651 0.549004 0.140829 0.0736926 0.318569 0.583132 0.100958 20.2401
0.910525 0.516072 0.178771 0.482522 0.673238 0.286115 0.293296 16.7301
0.258743 0.0772352 0.0547436 0.919252 0.166302 0.0767506 0.323451 20.6512
0.848605 0.193414 0.215722 0.255471 0.333093 0.401438 0.156272 17.28
0.83243 0.539668 0.195551 0.014758 0.863821 0.992029 0.795663 14.6096
0.37602 0.530477 0.951905 0.1387 0.855346 0.555588 0.0862411 19.9245
0.885044 0.858708 0.844462 0.880837 0.737133 0.543891 0.687614 10.5715
0.904796 0.0106428 0.956717 0.835961 0.538143 0.957203 0.806613 12.6115
0.769899 0.748425 0.74703 0.936716 0.283538 0.564613 0.750175 12.001
0.791393 0.815679 0.755762 0.098254 0.602587 0.521204 0.988006 13.2831
0.135242 0.94822 0.798648 0.929441 0.888075 0.974244 0.314592 11.6171
0.0335893 0.163583 0.21997 0.320379 0.720372 0.531941 0.0861998 21.7688
0.766759 0.336401 0.0940658 0.878062 0.119971 0.864217 0.870521 11.7869
0.721006 0.113761 0.856133 0.944795 0.0117964 0.37185 0.00261274 22.6324
0.329701 0.713528 0.104349 0.372106 0.117097 0.88549 0.463345 16.5582
0.904486 0.762076 0.804664 0.933447 0.814512 0.537848 0.596351 10.5763
0.860835 0.861427 0.783687 0.890861 0.792755 0.970614 0.436008 8.97958
0.50747 0.271953 0.0756956 0.343366 0.0383974 0.327807 0.524853 19.0317
0.253299 0.18466 0.424295 0.417651 0.962127 0.034976 0.577581 18.5957
0.401147 0.357809 0.337872 0.726395 0.704494 0.806144 0.801779 13.5219
0.132398 0.883177 0.181353 0.969614 0.584019 0.599801 0.883053 16.4663
0.986932 0.175695 0.186324 0.0462654 0.0685423 0.642298 0.290629 20.4609
0.309237 0.663018 0.682759 0.539129 0.713382 0.0347531 0.0814393 20.0784
0.798246 0.269729 0.328166 0.511728 0.0568209 0.330382 0.00778843 25.2483
0.862021 0.246448 0.903326 0.746989 0.102172 0.989031 0.376482 13.9041
0.498457 0.161092 0.287017 0.502992 0.297163 0.680185 0.792796 18.5509
0.384553 0.0962072 0.485793 0.184295 0.0406829 0.481577 0.249836 19.4664
0.991919 0.823576 0.215069 0.43548 0.141942 0.219321 0.657246 17.1556
0.633642 0.0378321 0.0440506 0.391106 0.0308275 0.0247761 0.583104 25.0554
0.594848 0.0396969 0.121785 0.956732 0.823995 0.26332 0.298651 24.9672
0.632615 0.475365 0.939247 0.052087 0.302129 0.339469 0.0455069 18.6073
0.107398 0.178385 0.184153 0.973613 0.0663806 0.662564 0.360102 17.764
0.520409 0.457436 0.902005 0.6007 0.859679 0.862373 0.813989 14.5508
0.423862 0.952293 0.739391 0.775449 0.870359 0.901846 0.798519 11.2813
0.148941 0.0533638 0.281579 0.905363 0.350232 0.558268 0.573341 19.0182
0.462769 0.79737 0.218949 0.0856128 0.97836 0.534451 0.864417 16.2178
0.0697825 0.900214 0.657257 0.455019 0.871373 0.436635 0.577149 16.4695
0.486883 0.717115 0.921576 0.739494 0.171401 0.902169 0.830252 14.6767
0.494525 0.657812 0.990132 0.911611 0.0162481 0.388391 0.0551259 19.0051
0.474818 0.0605883 0.467489 0.137231 0.943812 0.889039 0.918155 18.6056
0.308947 0.499384 0.360592 0.911457 0.107032 0.766061 0.702894 18.2516
0.337363 0.943971 0.0696426 0.108642 0.515895 0.511431 0.793962 22.1788
0.569386 0.914226 0.858359 0.57676 0.686393 0.86026 0.944123 12.885
0.581836 0.293146 0.0745791 0.262812 0.899981 0.469423 0.0455003 17.0955
0.875521 0.769346 0.26798 0.46066 0.738098 0.0383931 0.961256 13.8227
0.932489 0.225683 0.823715 0.806621 0.868052 0.842922 0.0100046 13.0095
0.178519 0.322243 0.158844 0.029428 0.1459 0.446792 0.291966 27.1223
0.950898 0.101592 0.080063 0.62405 0.610412 0.877931 0.66096 16.6627
0.681715 0.212208 0.0750735 0.256175 0.774909 0.433951 0.0401864 17.0212
0.227299 0.886685 0.875803 0.831496 0.819728 0.898039 0.418322 10.8393
0.450264 0.250189 0.868575 0.0425127 0.427351 0.077352 0.342499 17.2449
0.865198 0.399496 0.913198 0.795403 0.287589 0.830151 0.27129 13.9831
0.614161 0.234832 0.0810893 0.231376 0.818915 0.202333 0.67366 16.9963
0.999844 0.53462 0.790833 0.0895357 0.809644 0.0623973 0.74547 14.8818
0.0033156 0.086324 0.482502 0.499602 0.0795632 0.570593 0.701064 22.8695
0.903749 0.0898972 0.96664 0.992418 0.997811 0.856415 0.790888 11.2378
0.849923 0.436417 0.0459808 0.540831 0.38279 0.753307 0.918137 16.2368
0.843271 0.597576 0.161796 0.444464 0.819086 0.253726 0.817479 13.3834
0.220657 0.0715489 0.623864 0.340321 0.111808 0.880338 0.561914 17.2218
0.809299 0.405134 0.950778 0.040758 0.394711 0.819057 0.048882 14.3433
0.8422 0.416974 0.823597 0.643147 0.208677 0.475164 0.812645 15.0877
0.0300348 0.379123 0.20276 0.614467 0.848228 0.160081 0.0135916 16.2689
0.877295 0.894615 0.814706 0.476085 0.262104 0.972026 0.869757 12.0056
0.230708 0.627844 0.300268 0.678159 0.255555 0.904331 0.0385475 15.0193
0.83441 0.768522 0.2696 0.821819 0.7509 0.903581 0.936309 9.64385
0.0351106 0.24587 0.461096 0.040999 0.551555 0.633286 0.0666751 18.9398
0.12073 0.774336 0.631781 0.0688416 0.994775 0.256101 0.565454 18.6155
0.035003 0.031235 0.0713129 0.500018 0.90333 0.548216 0.899545 22.2492
0.779894 0.182299 0.95869 0.907292 0.269155 0.264025 0.566367 14.8249
0.161045 0.931964 0.205685 0.536832 0.724394 0.178576 0.307577 14.8325
0.836175 0.562178 0.353876 0.43142 0.288327 0.580792 0.723945 15.8908
0.84873 0.806186 0.0280105 0.600934 0.934354 0.472874 0.896219 14.967
0.714897 0.898087 0.777898 0.791938 0.145623 0.737922 0.548807 11.965
0.246381 0.107128 0.426942 0.989853 0.0147116 0.0491649 0.473239 23.0975
0.969474 0.860929 0.78289 0.842492 0.792712 0.968884 0.475395 9.73654
0.938919 0.113238 0.978122 0.145708 0.314146 0.0665454 0.623124 16.2708
0.860835 0.888431 0.766844 0.866567 0.780791 0.873912 0.832576 7.29283
0.678325 0.0322223 0.0713129 0.600404 0.912088 0.12789 0.899545 22.3003
0.289495 0.472516 0.638147 0.00347843 0.286757 0.00349768 0.583459 18.3258
0.663657 0.0873117 0.482502 0.599988 0.0888076 0.150327 0.701064 23.0104
0.515796 0.161864 0.473819 0.0953507 0.340378 0.919787 0.023347 21.0232
0.38654 0.59122 0.732985 0.7099 0.86208 0.144314 0.185614 13.9835
0.868153 0.563038 0.194423 0.339011 0.0056353 0.0279572 0.332718 18.105
0.865585 0.586893 0.806613 0.963229 0.51588 0.131373 0.980626 15.6266
0.934307 0.604758 0.97864 0.572342 0.0715625 0.695615 0.996641 13.8394
0.912464 0.840498 0.977677 0.774939 0.632359 0.739468 0.608739 11.6625
0.880451 0.879395 0.855035 0.85805 0.841797 0.873398 0.620523 8.11706
0.0218982 0.164513 0.379262 0.170775 0.941176 0.712567 0.939085 19.6321
0.30425 0.46143 0.918449 0.141721 0.303336 0.437047 0.270085 19.8913
0.597385 0.0784698 0.127894 0.479202 0.465746 0.0364464 0.252336 20.7367
0.192456 0.103188 0.637254 0.198867 0.904429 0.807892 0.983755 14.8524
0.950196 0.476377 0.904722 0.723048 0.0242886 0.689055 0.518756 14.657
0.414907 0.848438 0.29375 0.769533 0.5703 0.906327 0.541924 15.1199
0.00180785 0.169542 0.502713 0.219709 0.325442 0.562254 0.642175 19.9016
0.836363 0.949866 0.853898 0.307508 0.856822 0.920397 0.0919361 10.8139
0.747632 0.0760105 0.910556 0.944142 0.17748 0.287356 0.222426 15.326
0.659739 0.932313 0.309633 0.0996495 0.842063 0.482767 0.750076 16.3324
0.730022 0.760344 0.887446 0.870833 0.356642 0.708702 0.911106 11.0634
0.348736 0.269729 0.437743 0.102796 0.452033 0.350226 0.00615763 25.5538
0.258668 0.766156 0.910061 0.400344 0.0250694 0.44895 0.802313 20.9774
0.0830706 0.261415 0.325509 0.511728 0.0987756 0.353989 0.00778843 23.9953
0.594873 0.124858 0.451995 0.936604 0.638468 0.974565 0.241219 16.6127
0.922971 0.88843 0.914079 0.752607 0.780791 0.65531 0.832576 9.42854
0.466057 0.786056 0.00353338 0.015661 0.444088 0.398528 0.215533 21.3055
0.791792 0.74659 0.874577 0.893822 0.806578 0.701219 0.207473 10.4607
0.315981 0.0542869 0.0819074 0.151116 0.022018 0.356059 0.909476 23.083
0.0559094 0.482912 0.279089 0.394125 0.973793 0.299091 0.495925 19.0577
0.015744 0.167523 0.473881 0.0953507 0.05496 0.919787 0.0256706 22.3925
0.420665 0.0248161 0.805251 0.236312 0.513802 0.167537 0.271584 17.8546
0.37504 0.134454 0.0151086 0.372267 0.93479 0.0554327 0.237249 25.9199
0.569787 7.0843e-08 0.437037 0.683345 0.232453 0.416429 0.861847 19.3701
0.0604321 0.13026 0.165329 0.271346 0.782631 0.88733 0.539838 15.4462
0.582133 0.454715 0.341068 0.792178 0.0722225 0.0273805 0.553972 23.7864
0.478419 0.0770999 0.00776537 0.0746003 0.216752 0.400405 0.215533 22.983
0.941238 0.0219305 0.0143316 0.072338 0.102732 0.967377 0.48191 18.8186
0.0479792 0.113419 0.112896 0.0849091 0.229309 0.129424 0.509391 25.616
0.296868 0.824621 3.13747e-07 0.627448 0.846254 0.267362 0.962497 13.3739
0.173532 0.88103 0.315148 0.26749 0.171575 0.0855348 0.0439737 21.2825
0.20176 0.121711 0.466408 0.589883 0.858685 0.923094 0.990605 17.3184
0.414635 0.772536 0.29375 0.000303694 0.885487 0.906327 0.541924 15.2964
0.0841622 0.116332 0.617133 0.915972 0.0914023 0.906029 0.97589 20.2575
0.903749 0.707771 0.488739 0.830007 0.522853 0.686514 0.906058 14.1243
0.299182 0.0647827 0.764162 0.123593 0.205244 0.70374 0.420527 17.4084
0.140065 0.127234 0.208428 0.383176 0.217652 0.441171 0.64269 22.6059
0.244458 0.729189 0.984455 0.765292 0.189912 0.0484308 0.727821 15.1754
0.861514 0.516109 0.761537 0.575311 0.172191 0.526052 0.288661 15.018
0.223656 0.42458 0.422188 0.942125 0.06638 0.492267 0.403875 21.2809
