263 8.95386
1 0.232073 1.14279e-09 0.205291 10.7783
1 0 0.773576 4.85695e-14 10.357
0.965025 0.721313 0.240396 0.979005 8.62035
0.84117 0.864927 0.872275 0.920041 6.28213
0.303008 0.898636 0.997877 2.0679e-11 9.91421
0.249269 0.95311 0.835591 0.758399 8.00773
0 0 1.21733e-10 5.66378e-13 12.9529
0 0 0.233325 0.644298 11.7704
1 0.675186 0.264809 0.32055 10.1104
0.744561 0.717108 0.854596 0.782086 9.30973
0.500072 0.901212 0.828729 0.675703 8.82727
0 0.2961 0.333727 0.859238 10.5168
0.404137 0.808669 0.767996 0.226829 9.94277
0.876151 0.799541 0.424503 0.109501 9.87306
0 0.16597 0.529079 0.694926 11.4115
0.242328 0 4.19609e-07 0.0959445 11.7768
0.323643 0.904988 0.743119 1.13208e-11 9.71796
0.142398 0.901212 0.734813 0.738336 9.31356
1 0.589751 0.799855 0.12411 9.37931
0 0.675186 0.264809 0.660406 10.9498
0.876151 0.543866 0.860359 0.848945 8.55836
1 0.323188 0.743119 0.859238 8.30558
0 0.392366 0.743119 0.766191 9.77076
0.782918 0.714389 0.0159624 0.122681 11.5995
0.500072 0.235031 0.799912 0.880109 9.22762
0.865205 1.09288e-16 0.394932 0.764397 10.1363
0.500072 0 0.773576 0.675703 10.8969
0.819472 0.0249397 0.68552 0.81462 10.431
0.439336 0.794694 0.166934 0.226829 10.8377
0.303008 0.4852 0.837309 6.96015e-12 10.5566
0 0.465418 0.786724 0.908686 9.64656
0.865331 0.439226 0.166934 0.0264585 10.7915
0.0920784 0.796491 0.786724 0.779069 8.51634
0.83612 0.926133 0.36739 0.740738 9.27972
0 0.0943213 0.00636948 0.644298 11.8269
1 0.392366 0.054861 0.715753 10.3228
0.876151 0.808669 0.36739 0.0612757 10.0258
0 0.139881 1.79183e-08 0.164062 12.3068
0 0.785001 0.166934 0.258558 10.4725
0.876151 0.701863 0.305661 0.149523 10.3339
0.95436 0.799541 0.125313 0.848945 8.48866
1 0.770695 0.934257 2.0679e-11 8.91515
0 0.764103 0.555541 8.02097e-12 11.3966
0.865331 0.0894244 0.860359 0.96053 8.71539
0.142398 0.728674 0.734813 0.73778 10.438
0 0.764103 0.973844 8.02097e-12 10.1023
0.898791 0 0.00176179 4.09499e-11 10.9078
0.281949 0.84575 0.734813 0.12411 10.1606
0.434107 0 0.743119 0.0736435 11.5116
0.83612 0.873435 0.813963 0.829816 7.2004
0.835366 0.80458 0.0889339 0.792754 9.59372
0 0.319253 1.21733e-10 1.88643e-12 12.6462
0.119743 0.808522 0.345532 0.109501 10.7982
0 0 0.639574 0.12411 11.9596
0.302417 0 1.79183e-08 0.211169 11.9877
0.82275 0.00412417 0.846246 0.78806 9.64023
0.82 0.898655 0.66233 0.740738 9.11522
1 0.560925 0.288404 5.19193e-13 10.963
0.865205 0.155229 0.166934 0.306892 10.4014
0.999987 0.785001 0.166934 0.258558 10.4057
0.119743 1.09288e-16 0.872275 0.848945 9.66561
1 0.589751 4.19609e-07 0.12411 11.2584
0.83612 0.873009 0.685971 0.804357 8.26636
0.876151 0.799541 0.612976 0.757352 8.45678
0.83612 0.905543 0.806227 0.738496 7.9592
0.27779 0.799541 0.424503 0.056926 11.0142
0.810067 0.8488 0.827932 2.71592e-08 9.71342
0.918965 0.69758 0.872275 4.09499e-11 9.00514
0.0130821 0.796491 0.044694 0.021643 11.2981
0.980686 0.796491 0.109643 0.758399 8.44205
0.835571 0.764103 0.531282 8.02097e-12 9.90128
0 0.139881 1.79183e-08 0.194943 12.1643
0 0 0.743119 0.133939 11.321
1 0.214285 0.913167 0.226829 9.30633
0 0.951095 0.837309 1.88643e-12 9.87773
0.800392 0.876902 0.731909 0.84098 9.1786
1 0.675186 0.773576 0.694926 8.63723
0.00430982 0 1.21733e-10 5.66378e-13 12.8058
0.27779 0.0844556 0.850344 0.764397 9.95092
0 0.794694 0.612976 0.226829 10.9954
1 0.560925 0.240396 0.69866 9.92424
0.83612 0.707463 0.0619377 0.812997 9.59448
0 0 0.799855 0.893697 9.77697
0 0.4852 0.171973 4.09499e-11 12.1835
0 0 0.708987 8.02097e-12 11.7694
1 0.721313 0.786724 0.172105 8.94516
0 0.323188 1.24499e-09 0.278683 12.061
0.95436 0.701863 0.27457 0.074168 10.7462
0.811246 0.901212 0.573729 0.0413744 10.102
0.880066 0.794694 0.194411 0.121257 9.71252
0.0673469 0.898655 0.588343 0.172105 10.3462
0.833269 0.901212 0.125313 0.056926 9.74481
0.876614 0.749793 0.727059 0.804043 9.05271
0.83612 0.742719 0.849957 0.804357 7.87487
0.27779 0.799541 0.0263119 0.149523 11.1397
1 0.443963 0.708987 0.278683 10.0426
0.971965 0.155229 0.860359 0.647495 9.37959
0.303008 0.904988 0.708987 0.880109 8.07362
0.839903 4.14338e-09 0.872275 0.972712 9.0749
1 0.823187 0.788246 0.758399 7.31414
0.876151 0.155229 0.924013 0.056926 9.46272
0.960395 0.773969 1.3901e-07 0.292268 10.562
0 0.0619546 0.708987 0.694926 10.9252
0.84117 0.185471 1.24499e-09 0.880109 8.96325
0.859494 0.0844556 0.75585 0.647495 9.5063
0.843622 1.09288e-16 0.996447 0.758399 9.21951
0.83612 0.714389 0.88817 0.053832 9.48088
0 0 0.588343 0.734237 11.0935
0.867709 0.898636 0.837309 0.75338 6.44585
1 0.808522 0.100142 0.00972719 10.5938
0.953893 0 1.24499e-09 5.66378e-13 11.4546
0 0 0.182127 0.248327 11.9004
1 0.0638843 0.828729 0.32055 9.43578
0.835366 0.80458 0.867977 0.792754 7.98053
0.809092 0.835512 0.899664 0.745729 8.11381
0.017161 0.91891 0.00013421 0.0922553 10.9436
0.84117 0.898636 0.872275 0.211169 7.36641
0.303008 0 0.837309 0.713822 10.2253
0 0.560925 3.10546e-05 0.779069 11.0423
0.865331 0.899504 0.274885 0.715753 8.49649
0.918965 0 0.000813351 0.23877 10.5538
0 0.773969 2.44076e-08 0.149523 11.4213
0.965025 0.0452606 0.799855 0.758399 8.25556
0 0.764103 0.973844 0.288029 9.66579
0 0 0.603784 0.152498 12.0539
0.249269 0.163971 0.27457 0.865483 10.3479
0 0.764103 0.573729 0.859238 9.89175
0.281949 7.37164e-11 0.786724 0.0413744 11.354
0.82 0.898655 0.728465 0.117601 9.32381
0.965025 0.796491 0.257452 0.805353 8.43461
0.83612 0.802817 0.988686 0.771527 8.08903
0 0.214285 0.000813351 9.2241e-11 12.1582
1 0.675186 0.264809 0.852874 8.88174
0.84117 0.764103 0.072196 0.724692 8.74657
0.999987 0.799541 2.44076e-08 0.0264585 10.5699
0.799509 0.796491 0.872275 0.698595 8.42199
0.918965 0.823187 0.872275 0.725458 6.75085
0.83612 0.873435 0.813963 0.771527 7.71144
0.867709 0.901212 0.708987 0.724692 6.86667
0.83612 0.829345 0.90535 0.122681 8.9294
0 0.91891 3.10546e-05 0.0959445 10.8726
0 0.799541 0.357524 0.0264585 11.2178
0.936164 0.91964 0.166934 0.0264585 10.2906
1 0.197757 0.872275 0.23877 9.46312
0.242328 0.898655 0.588343 0.758399 9.26261
1 0.230089 0.182127 0.758399 9.53354
1 0.796491 0.198496 4.09499e-11 9.84744
1 0 0.71882 0.724692 9.69927
1 0.799058 0.288404 5.19193e-13 9.43687
0.865331 0.848663 0.767996 0.848945 7.28582
0 0 0.288404 5.19193e-13 12.0771
0.84117 0.764103 0.837309 0.75338 6.96507
0 0.823187 3.10546e-05 0.12411 10.6816
1 0.214285 0.288404 0.172105 10.5111
1 0.796491 0.250515 0.758399 8.19808
0 0.808522 0.100142 0.758399 10.215
0.876151 1.09288e-16 0.996447 0.897804 9.02179
0.264773 0 1.24499e-09 0.32055 12.2579
0.918965 0.0337517 0.872275 0.734237 8.04016
1 0.823187 0.218738 0.779069 8.17066
0 0.139881 0.072196 1.13208e-11 12.4556
0 0 0.00176179 0.798225 10.9801
0.84117 0.738282 0.837309 0.880109 6.65175
0 0.861466 0.801697 0.698595 8.861
0.264773 0.901212 0.743119 0.751309 8.40812
0 0 0.288404 0.671406 11.6339
0.017161 0.721313 0.171973 4.09499e-11 11.1148
6.8935e-11 0.883183 0.767996 0.804357 9.23248
1.17367e-14 0.214285 0.27457 0.769685 10.945
1 0.177982 0.743119 1.88643e-12 10.1692
0 0 0.109643 0.172105 11.9286
0 0.796491 0.872275 0.106411 9.67455
0 0.898636 0.193052 0.715753 9.58406
0.439212 0.750424 1.79183e-08 0.880109 9.78054
0 0 1.21733e-10 0.164062 12.4074
0.0497645 0.759358 0.182127 0.758399 10.1226
0.84117 0.779651 0.643066 0.751309 8.12758
0 0.901212 1.79183e-08 0.32055 10.6518
0.017161 0.91891 0.872275 0.203659 9.1823
1 0 1.24499e-09 0.880109 10.0291
0 0 0.743119 0.660406 11.0379
0.92433 0 0.743119 0.715753 9.4505
0.854301 0.738282 0.579988 8.02097e-12 10.1578
0 0 0.656426 4.09499e-11 12.0468
0.84117 0.738282 0.898451 0.766191 6.9934
0 0.898655 0.783175 0.779069 8.43411
0 0.701863 0.872275 0.258558 10.1231
0 0.1408 0.934257 0.715753 10.0395
0.876151 0.151352 5.03038e-08 0.96053 10.1132
0 0.823187 0.171973 0.961827 9.2657
0.854301 0 0.708987 0.97866 8.99464
0 0 0.109643 0.0245686 12.3547
0.95436 0.91964 2.44076e-08 0.0264585 10.8533
0.931972 0.91891 0.799855 0.688914 7.08587
0.27779 1.09288e-16 1.3901e-07 0.764397 11.5034
0.876151 0.799541 0.345532 0.0264585 10.0875
1 0.799058 0.00013421 0.152498 9.73391
0.971965 0.808522 0.194411 0.0264585 10.2874
1 0.91891 0.639574 0.0959445 9.23151
0.918965 0.197757 0.22937 0.758399 9.04744
0.0312323 0.232073 0.0611204 0.660406 11.4956
1 0.799058 0.872275 5.19193e-13 8.24012
0.931972 0.721313 0.00636948 0.0504365 10.4517
0 0.0619546 0.743119 0.000771565 11.2713
0 0.864927 0.743119 0.871311 8.30329
0.931972 0.796491 0.799855 0.725458 7.01706
0.27779 0.860806 0.832418 0.0264585 9.78556
1 0.823187 0.335176 0.12411 9.53753
0 0 0.786724 0.915832 9.85727
0.918965 0.823187 0.872275 0.758399 6.36118
1 0 0.0235704 5.19193e-13 11.895
1 0.823187 0.182127 0.758399 8.23153
0.0612935 0 0.214888 0.23877 11.7321
0.303008 0.901212 0.882312 0.715753 8.53551
0 0.0452606 4.19609e-07 0.23877 12.2242
0.039369 0.143923 0.799912 0.758399 10.0685
1 0.764103 0.0611204 0.660406 9.72714
0.826286 0.901212 0.054861 0.880109 8.28768
0.971965 0.0914659 2.44076e-08 0.848945 10.3269
0 0.197757 0.656426 0.758399 10.4384
0 0.893451 0.872275 4.09499e-11 9.9729
0 0.738282 1.24499e-09 6.96015e-12 11.7913
0.983258 7.37164e-11 0.208858 0.715753 10.4524
0.931972 0.823187 0.799855 0.688914 7.21012
0 0.166697 1.79183e-08 0.724692 11.3951
0 0.793353 0.743119 0.111546 9.9977
1 0.166697 1.24499e-09 0.724692 10.5129
0.84117 0.898636 0.193052 0.844303 7.84252
1 0.139881 0.708987 0.842409 8.66536
0.865331 0.799541 1.3901e-07 0.248735 9.83322
0.931972 0.000463052 0.214888 0.725458 9.86077
0 0 1.21733e-10 1.88643e-12 12.7224
0.918965 0.721313 0.603784 0.758399 8.37952
1 0.15762 0.00026593 0.644298 10.637
0.83612 0.878367 0.832174 0.85363 7.19462
0.84117 0.898636 0.898451 0.880109 6.32255
1 0.823187 0.260817 0.725458 8.28509
0 0.764103 0.333727 0.0667202 11.3511
0.876151 0.0162024 0.612976 0.757352 10.237
0.00881452 0.770695 1.79183e-08 1.88643e-12 11.5323
1 0.770695 0.773576 0.0563321 8.85147
0 0 1.79183e-08 0.0161761 12.583
0.0023518 0.901212 0.753454 0.751309 8.83187
0.809092 0.8488 0.899664 0.85421 7.73054
0 0.0301956 0.233325 0.644298 11.7422
0 0.232073 0.0611204 0.660406 11.8247
0 0 1.79183e-08 0.694926 11.7037
0 0 1.24499e-09 5.66378e-13 12.7708
0 0.770695 0.984199 8.02097e-12 10.0935
0 0.721313 0.786724 0.777292 8.65637
0.95436 0.799541 0.357524 0.226829 9.47119
0 0.83424 0.171973 0.873013 9.16062
0.918965 0.91891 0.872275 0.875532 6.35523
0.249269 0 0.288404 0.688914 11.2423
1 0.898636 0.708987 0.715753 7.96382
1 0.721313 0.872275 0.203659 8.61903
0.303008 0.898636 0.765343 0.0413744 9.72697
0.876151 1.09288e-16 0.0111093 0.835281 10.5047
0.0535264 0.901212 0.773576 0.880109 7.74731
1 0.898655 0.786724 0.198235 8.06415
0.931972 0.796491 0.799855 0.873013 6.54422
1 0.823187 0.000813351 0.279039 9.80534
0 0.0125873 0.743119 0.694926 10.7877
0.00430982 0.0638843 1.24499e-09 0.278683 12.2277
0.303008 0.764103 0.208858 0.68527 10.3235
0 0 3.10546e-05 0.23877 12.1457
0.854301 7.37164e-11 1.24499e-09 0.164062 11.4102
0 0.901212 0.750388 0.724692 8.86761
0 0 0.170848 8.02097e-12 12.3898
0.84117 0.70837 0.872275 0.7831 8.31737
0 0 0.872275 0.683003 10.4197
0 0.232073 0.0177692 0.766191 10.9096
1 0.721313 0.000813351 0.23877 10.1595
1 0 0.656426 0.779069 9.55509
0.918965 0.823187 0.872275 0.23877 7.50435
0 0.16597 0.072196 6.96015e-12 12.5507
1 0.793353 0.743119 1.88643e-12 8.91771
0.867709 0.904988 0.743119 6.96015e-12 8.03936
1 0.838767 1.24499e-09 6.96015e-12 10.2433
0.935672 0.70837 0.182127 0.695004 10.0639
0.999987 0.773969 2.44076e-08 0.258558 10.5428
0.242328 0 0.00176179 5.19193e-13 12.5159
0.0383815 0.232073 0.984199 0.205291 10.6562
1 0.823187 0.0461033 0.23877 9.28406
1 0.901212 0.799912 1.88643e-12 8.76379
0 0 1.79183e-08 0.676976 12.0996
0.84117 0.443963 0.742749 0.288029 9.8942
1 0.179443 0.0130559 0.875532 10.0279
0.84117 0.901212 0.855352 0.205291 7.80386
0 0.770695 0.723846 0.859238 8.66413
0.964264 0 0.766365 0.859238 8.47059
0.249269 0.163971 0.767996 0.834402 9.8675
0 0.796491 8.34008e-09 0.109501 11.5677
0.918965 0 0.106922 0.758399 9.68026
0.84117 0.139881 0.23988 0.751309 9.95684
0.876151 1.09288e-16 2.44076e-08 0.757352 10.5326
0 0.232073 1.24499e-09 1.88643e-12 12.485
0.965025 0.898655 0.0461033 9.2241e-11 10.0547
0 0 0.214888 5.19193e-13 12.1805
0.0227677 0.675186 1.24499e-09 0.880109 10.7479
0 0 1.24499e-09 0.233807 12.306
0 0 0.786724 4.09499e-11 11.5517
0 0 0.872275 5.19193e-13 11.0811
0 0.897054 0.743119 0.859238 8.18893
0.0446929 0.901212 0.708987 0.278683 9.83303
0.434107 0.804888 0.00520111 0.724692 10.1557
0.918965 0.721313 0.603784 0.0684591 9.44036
0.880066 0.155229 0.767996 0.764397 8.72354
0 0.766006 0.743119 0.724692 9.23733
0.85743 7.37164e-11 0.766365 2.0679e-11 10.1822
0 0 0.264809 0.675703 11.4693
0 0 0.000813351 5.19193e-13 12.6107
1 0.770695 1.79183e-08 0.0553024 10.2019
0.0437618 0.675186 0.054861 1.88643e-12 12.0202
0.865331 0.0162024 0.860359 0.757352 9.05268
1 0.898655 0.799855 0.0922553 8.10047
0.994681 0.796491 0.27457 5.19193e-13 9.80499
0.0612935 0.91891 0.288404 0.758399 9.38667
0.992291 0.823187 0.788246 0.203659 7.90483
0 0 1.79183e-08 0.859238 11.1703
0.965025 0 0.233325 0.644298 10.5338
0.918965 0 0.786724 0.908686 8.41509
0.84117 0.901212 0.766365 0.880109 6.83606
0.854301 0.770695 0.743119 0.859238 6.78198
1 0.901212 0.773576 1.88643e-12 8.79062
0.854301 0.904988 0.743119 0.766191 7.40754
1 0.732914 1.79183e-08 0.278683 10.2915
1 0.770695 1.24499e-09 0.111546 10.4111
0.27779 0.776656 0.166934 0.758399 10.126
0.83612 8.815e-14 0.905104 0.226829 10.4926
1 0.738282 0.054861 1.88643e-12 10.5021
0.918965 0.796491 0.872275 0.758399 6.59984
0.931972 0.823187 0.872275 0.23877 7.35305
1 0.738282 1.24499e-09 0.854966 9.06946
0.84117 0.864927 0.773576 0.880109 6.63901
0.249269 0.721313 0.0519322 0.779069 10.0051
1 0.898636 0.743119 0.766191 7.59887
1 0 1.79183e-08 0.859238 9.81213
0.84117 0.901212 0.333727 0.896603 7.42129
0 0.880556 0.828729 0.880109 7.8108
0.27779 0.91964 1.3901e-07 0.764397 9.93121
1 0.70837 0.786724 0.671406 8.94982
1 0.91891 0.000813351 0.758399 8.56917
0.84117 0.901212 0.773576 0.715753 7.11409
1 0.721313 0.214888 0.152498 9.49213
1 0.793353 1.24499e-09 0.0134126 10.437
0 0.738949 1.24499e-09 1.13208e-11 11.6651
0.303008 0.139881 0.799912 0.762918 9.58792
1 0.0337144 0.766365 0.715753 9.40172
0.242328 0.91891 0.000813351 0.758399 9.22801
0.918965 0.898655 0.214888 0.758399 7.54317
0 0.721313 0.88409 0.758399 8.73644
0.918965 0.721313 0.786724 0.758399 7.61998
1 0.721313 0.106922 9.2241e-11 10.3036
1 0 0.00176179 5.19193e-13 11.5807
0.0535264 0 1.24499e-09 8.02097e-12 12.4265
0.0101647 0.721313 0.240396 0.758399 9.81462
0 0 0.773576 0.12411 11.2633
0.0669385 0.721313 0.872275 0.203659 9.47322
0 0 0.00026593 5.19193e-13 12.7297
0.987055 0 0.872275 0.172105 9.74469
0.876151 0.799541 0.872275 0.848945 6.51372
1 0.00682328 0.872275 0.758399 8.52409
0.84117 0.901212 0.743119 0.660406 7.64843
6.8935e-11 0.898655 0.767996 0.850632 9.09003
0.0497645 0.893991 0.872275 0.758399 7.99658
0.960395 0.794694 1.3901e-07 0.258558 10.5283
0.854301 0.0638843 0.193052 0.0161761 11.0634
0.242328 0 0.00176179 4.09499e-11 12.3242
0.918965 0.721313 0.786724 0.875532 7.14192
1 0.721313 0.00176179 0.688914 9.72242
1 0 1.14279e-09 0.205291 11.1839
0.84117 0.166697 0.529079 0.164062 10.374
0.0227677 0.901212 0.773576 0.880109 7.97219
0.0497645 0 0.109643 0.758399 10.8637
0 0.838767 1.24499e-09 6.96015e-12 11.4813
1 0.232073 1.24499e-09 0.68527 10.6321
0 0 0.872275 0.021643 10.7865
0 0.869095 0.00013421 0.875532 9.33796
0.039369 0.770695 0.743119 0.880109 8.62616
0.0156524 0.764103 1.79183e-08 0.0553024 11.3748
0.865331 0.799541 0.832418 0.757352 7.16176
1 0.796491 0.000813351 9.2241e-11 10.3946
1 0 0.000813351 0.875532 9.8783
0 0 0.171973 5.19193e-13 12.2636
0.965025 0.71989 0.335176 0.69866 9.52694
0.84117 0.770695 1.24499e-09 0.694926 8.68257
1 0.91891 0.260817 0.0959445 9.36881
0 1.09288e-16 0.860359 0.835281 9.72467
0.867709 0.901212 0.641802 0.675703 8.16766
0 0 1.24499e-09 0.68527 11.9076
0.84117 0.901212 1.24499e-09 0.880109 7.78819
1 0.770695 0.984199 8.02097e-12 8.95437
0 0 1.24499e-09 0.880109 11.2984
0 0.16597 1.79183e-08 0.12411 12.441
0.854301 0.901212 0.00739637 0.288029 9.3371
0.84117 0.764276 0.837309 0.75338 6.81237
0 0.232073 0.743119 0.920041 9.65736
0 0 0.743119 0.751309 10.4429
0.303008 0.139881 1.24499e-09 6.96015e-12 12.2953
0.84117 0.764103 0.799912 0.880109 6.56782
0 0.732914 1.79183e-08 0.675703 11.2773
0.434683 0.808522 1.3901e-07 0.835281 10.0496
0 0.232073 1.79183e-08 0.97866 10.9922
0 0.823187 0.872275 0.746884 8.13004
0.918965 0.0452606 0.786724 0.758399 8.35058
0.84117 0.738282 0.766365 0.233807 7.83521
0.0497645 0.91891 0.872275 0.875532 7.73991
0.865205 0.773969 0.166934 0.292268 10.2641
0.992291 0 0.872275 9.2241e-11 10.0234
0.876151 0.0844556 0.612976 0.757352 9.86152
0.017161 0 0.639574 0.152498 11.6581
0.27779 0.00529165 0.860359 0.0264585 11.1349
0 0 0.109643 0.0959445 12.0639
0.84117 0.675186 0.773576 0.842409 7.38883
0.867709 0.898636 1.79183e-08 0.880109 7.76018
0.0535264 0.232073 1.24499e-09 8.02097e-12 12.2186
1 0 0.335176 0.673471 10.5225
1 0.232073 0.828729 0.724692 8.7236
1 0.319253 0.708987 0.0667202 10.2089
0.0612935 0.83581 0.260817 0.203659 9.80274
1 0.901212 1.24499e-09 0.0161761 10.3236
0.84117 0.877466 0.773576 0.211169 7.69536
0 0.770695 1.41036e-10 0.859238 10.0173
0.918965 0 0.837139 0.779069 8.3694
0.876151 0.0914659 0.166934 0.647495 10.7393
0.84117 0.779651 0.837309 1.13208e-11 8.42057
0 0 4.19609e-07 0.12411 12.2511
1 0.232073 0.766365 0.75338 8.73598
0 0.827784 0.860359 0.0264585 10.0727
0 0 0.288404 0.688914 11.4659
0 0.443963 0.264809 0.859238 10.5062
0 0.232073 0.00739637 0.12411 12.0148
1 0 0.788246 0.671406 9.24528
0.880066 1.09288e-16 0.194411 0.848945 9.38344
0.0273115 0.0337517 0.786724 9.2241e-11 11.5024
1 0.0638843 3.57653e-10 8.02097e-12 12.1219
0 0.16597 0.054861 0.75338 11.0408
0.242328 0.865367 0.27457 9.2241e-11 10.844
0.918965 0.91891 0.00853265 0.248327 9.37464
0.865331 0.0894244 2.44076e-08 0.647495 10.9936
1 0.804888 1.79183e-08 0.0563321 10.0944
0 0.319253 1.79183e-08 0.859238 10.7203
0 0.214285 0.639574 0.0596622 11.5941
0 0.738282 0.799912 0.75338 8.58921
0.84117 0.764276 0.799912 0.880109 6.46099
0.876151 0.796491 0.767996 0.758399 7.4756
0.84117 0.770695 0.708987 0.859238 7.56814
0.27779 0.808522 0.860359 0.12411 9.20886
1 0.721313 0.218738 0.779069 8.52998
0 0.166697 0.799912 0.896603 9.4342
0.84117 0.319253 0.641802 0.675703 9.41881
0.84117 0.764103 1.24499e-09 0.724692 8.81751
0.986566 0.166697 1.24499e-09 0.97866 10.5386
0.0273115 0.898655 0.786724 4.09499e-11 10.0392
0 0.232073 1.24499e-09 0.111546 12.092
0.84117 0.898636 0.828729 1.88643e-12 8.13513
0 0 1.24499e-09 8.02097e-12 12.6361
0 0 3.10546e-05 4.09499e-11 12.372
0 0 0.639574 0.172105 11.867
0 0.904988 1.24499e-09 0.766191 9.66066
0.931972 0.823187 0.335176 0.725458 8.19963
0.242328 0.560925 4.19609e-07 0.644298 11.6232
0.854301 0.838767 0.828729 6.96015e-12 7.93172
1 0.823187 0.0519322 9.2241e-11 10.4769
0.500072 0.16597 0.799912 0.0563321 10.8152
0 0.799058 0.182127 0.69866 9.75848
0.854301 0.901212 0.773576 1.13208e-11 8.32737
0 0 0.643066 0.205291 11.8327
0 0 1.21733e-10 0.766191 11.3583
0.84117 0.770695 0.855352 0.724692 7.17426
0.0612935 0.91891 0.260817 0.873013 8.70967
0.953893 0 0.750388 0.724692 9.09917
0.918965 0.179443 0.0130559 0.0959445 10.8466
0 0.823187 0.231686 0.644298 10.019
0.918965 0.214285 0.000813351 0.779069 9.13806
0.865205 0.80089 1.3901e-07 0.258558 10.3454
0.931972 0.898655 0.799855 0.779069 6.58666
0.854301 0.764103 1.24499e-09 0.859238 8.22279
0.264773 0 1.79183e-08 0.68527 11.6778
0.865331 0.799541 0.860359 0.056926 8.02972
0.918965 0.721313 0.603784 0.152498 8.97703
0.854301 0.232073 0.054861 0.751309 9.78712
0.809092 0.835512 0.90535 0.85421 7.82169
1 0.869095 0.656426 9.2241e-11 9.31105
0.865331 1.09288e-16 2.44076e-08 0.109501 11.3447
0 0.904988 0.743119 0.32055 9.3572
0.84117 0.877466 0.743119 0.211169 7.91469
1 0.714574 0.288404 0.779069 8.92409
0.865331 0.0844556 0.860359 0.813077 8.84621
0.303008 0.4852 0.743119 6.96015e-12 11.1573
0.865331 0.794694 0.860359 0.848945 6.80515
1 0.139881 0.708987 0.0667202 10.768
1 0 1.79183e-08 0.766191 10.4909
0.876151 0.773969 0.166934 0.764397 8.61001
0 0.231926 0.708987 0.660406 10.5822
0 0.823187 0.639574 0.198235 9.96799
0.931972 0.823187 0.799855 0.893697 6.48719
0 0 0.00026593 0.875532 10.9919
0.017161 0.91891 0.00176179 0.758399 9.56593
