1 0.0252994
3.91396 2082.84 4386.92
27.9699 4532.1 999.455
48.1915 3257.74 3316.82
84.1571 166.507 4087.78
102.09 126.042 3878.48
149.916 3051.03 3156.44
309.096 2127.13 3162.63
379.044 3528.04 2396.45
541.579 1402.14 3699.29
944.622 1360.69 3122.44
1491.38 886.758 3476
1738.8 132.721 3777.24
1741.8 3630.94 1259.11
1777.82 1196.89 3303.93
1839.1 510.692 3743.18
2080.6 2052.64 2952.09
2091.6 2703.11 2088.37
2259.68 3159.05 1403.24
2428.41 4299.15 2.00875
2494.86 1449.7 2752.86
2646.85 2826.13 1503.18
2661.78 2155.26 1705.83
3099.66 687.565 2704.7
3136.09 2666.21 950.427
3517.42 378.228 2691.12
3654.36 152.945 3395.47
4065.25 145.026 2148.64
4227.48 313.765 1353.4
4296.8 91.6194 2779.64
4337.54 1824.33 19.1532
0.250388 1.84093 4496.84
1.36415 1.2124 4417.39
14.3238 5290.72 1809.32
19.9162 2.49684 4391.24
25.2681 24.5543 4192.91
42.5357 2204.19 3729.95
52.7359 2139.88 3335.13
60.0428 4611.21 110.815
131.168 10.6366 4238.07
149.614 20.4046 4145.71
150.963 3692.66 24.0744
242.424 5660.42 7.76597
255.677 1888.78 3359.39
262.544 4705.11 1.91715
282.997 3312.02 2583.79
501.003 2500.92 3080.91
615.769 125.281 4082.45
635.905 3559.6 1750.54
720.37 3516.87 1882.18
802.492 3667.24 1524.28
1006.21 598.281 3495.96
1191.13 4568.46 4.20927
1194.26 61.5808 3946.56
1249.03 2198.87 2586.05
1349.61 3544.76 1540.47
1359.67 2804.35 2015.69
1390.74 2768.79 2555.3
1741.69 3673.53 1468.8
1802.82 3181.39 1273.42
1872.41 3602.3 1140.58
1924.53 3360.1 36.9962
1996.81 213.087 3572.93
2109.77 2667.66 2161.84
2150.15 3097.2 1510.57
2232.86 1120.11 3022.13
2416.13 2383.65 1991.56
2476.64 3057.68 1767.16
2484.38 228.72 3013.6
2531.78 3271.98 537.797
2725.25 31.612 4010.07
2868.31 2787.29 752.076
2955.05 3164.92 72.9688
2970.4 458.926 3001.84
2973.29 131.766 3582.62
2984.23 435.071 2988.18
3096.67 3306.42 46.0926
3133.66 111.719 3558.05
3139.39 4057.24 22.2983
3188.39 2211.72 1645.84
3223.18 2673.37 380.885
3253.87 1934.72 937.51
3281.54 668.535 2085.25
3383.61 473.043 1701.64
3677.7 2439.41 106.047
3729.29 379.422 2290.44
3757.82 179.545 3243.43
3773.11 75.2698 3600.43
3774.94 125.482 2740.27
3830.3 1419.19 26.6085
3977.25 757.111 1301.15
3982.79 624.011 68.3397
3990.45 405.992 1780.62
4001.28 232.354 1436.65
4051.53 146.588 2141.42
4122.37 41.753 3450.85
4317.25 1831.55 19.0886
4405.38 159.39 1896.82
4428.79 111.626 802.536
4454.29 2993.21 4.78467
4508.54 291.463 353.545
4581.93 2746.69 7.32257
4593.91 97.9546 1293.46
4597.64 46.5668 1149.29
4607.32 430.231 91.1349
4680.75 654.389 1.92277
4792.53 57.8712 639.77
4809.06 173.274 283.929
4888.84 373.161 90.5402
4910.45 56.9597 259.454
5126.54 51.9237 896.66
5155.31 555.324 22.5379
5197.66 314.963 105.125
5296.18 233.614 251.771
5429.31 180.475 50.153
