605 57.4689
9333.98 63.4286 419.294 150.671 180.782
2017.27 1501.22 1235.41 5684.3 0.00632606
964.148 211.459 4180.77 0.000417924 6298.36
54.6973 10400.5 645.033 431.775 6.2796
29.0536 325.334 10380.8 0.867115 428.502
15.0831 36.8673 35.3668 11296 25.2171
0.00248514 0.000963059 0.170145 11.6959 10882.6
0.00136364 0.00288687 0.0012953 0.137966 10521.1
0.000121906 0.000134625 18.8924 8377.95 2816.57
320.874 10033.1 140.172 248.262 262.173
889.372 9649.86 189.267 186.959 278.485
8940.77 793.996 584.501 102.545 437.969
397.783 9086.26 66.642 370.529 129.181
8675.95 460.446 511.256 839.973 110.884
86.3847 10325.1 367.454 83.1505 186.511
1.23296 1.37108 0.0294725 3.02018 9809.98
0.102054 0.157082 1.35223 0.0411248 10864.5
19.2349 56.8766 705.989 355.946 9516.76
993.413 9423.12 104.807 167.669 227.514
2.52098 31.2062 9511.94 1346.24 238.133
7354.08 153.342 426.615 2803.48 1239.44
136.723 2317.5 177.53 6024.63 1564.08
577.83 8896.4 615.041 390.413 473.624
331.83 8.79908 9974.2 163.493 245.514
39.9898 9302.3 664.29 125.803 348.167
11.3553 77.0003 9105.76 1603.59 626.561
829.371 844.459 484.35 522.272 8084.19
78.3053 8122.57 938.753 128.263 1877.14
0.479642 1.81713 0.813391 39.8004 10060.2
213.979 0.685599 10127.2 842.212 85.1903
61.7484 2.18574 9345.32 929.523 426.069
465.369 115.726 222.967 386.448 9269.1
180.069 88.5582 450.774 8661.98 72.1983
9.2096 143.686 9654.71 804.898 597.376
251.554 133.327 6180.07 2627.16 1075.34
704.117 8028.39 357.66 510.618 769.94
15.7877 281.315 9255.75 238.405 1099.43
180.571 176.327 883.162 5894.84 3308.88
8849.87 329.761 323.761 46.5865 1303.62
451.051 2793.22 5736.06 1008.11 84.0063
6532.59 780.477 285.161 1388.9 2183.55
514.294 103.604 1530.96 6874.28 2056.47
0.0449381 0.701067 0.0241836 10.2559 10211.4
5002.53 4254.5 701.781 14.9169 344.041
30.7965 12.8289 99.6795 9358.31 690.345
413.893 409.578 660.778 1206.54 7915.12
43.4486 27.5917 1414.14 9205.44 735.347
152.45 2622.64 5649.41 2253.6 45.5469
61.7135 596.657 835.99 379.043 9102.83
56.7424 136.566 8774.26 45.9606 776.886
102.702 8711.33 8.82064 135.544 1490.07
5182.69 3189.34 1383.92 536.676 396.822
184.904 689.22 1325.09 926.708 7726.1
8511.29 1451.56 26.0583 705.038 166.789
6408.22 890.267 329.75 114.488 2792.4
487.379 468.865 6997.57 2262.83 399.233
6789.98 796.708 330.832 60.6868 2073.76
970.827 7295.52 301.536 1504.05 557.531
4017.02 2.55292 6583.28 576.531 462.342
2757.73 1621.94 5879.54 821.189 68.8914
25.038 2.63498 209.55 10558.3 125.949
106.677 8593.09 840.745 147.19 285.806
811.739 7950.47 202.598 281.87 416.984
179.455 635.415 8578.63 1560.28 25.46
6872.56 1590.46 1096.81 570.879 73.6996
2.74773 119.863 34.8439 9843.86 901.629
68.5315 8431.83 1786.18 163.264 232.478
4.00622 11.9205 7.91309 10909.3 241.217
8410.91 294.308 233.271 1182.24 216.335
49.9219 899.026 8651.26 460.323 733.09
297.46 161.823 7815.51 667.236 646.051
3005.04 462.984 5962.11 3.62128 2154.97
0.0777335 1.51146 116.28 9941.37 389.619
3546.88 5475 56.3946 425.762 1508.47
2032.15 367.646 8459.65 50.8939 524.262
45.3409 84.3796 15.735 10660.5 27.4071
3623.9 4664.59 51.6861 534.942 2002.32
1483.26 3288.26 3906.81 2503.8 197.456
187.115 5402.46 3428.05 123.15 1101.74
553.159 7020.85 1321.91 229.597 837.436
796.501 505.246 9747.73 117.529 137.406
1122.71 772.665 4873.02 1381.49 2369.04
2005.61 4771.99 229.823 541.061 3101.17
290.723 5133.89 246.518 975.694 3918.91
6720.13 560.936 3607.49 114.959 576.476
8.60817 256.857 239.568 20.886 9684.38
32.9742 49.4257 547.948 7592.09 2342.29
646.784 592.773 8154.13 893.973 323.059
2086.18 2875.64 390.378 4072.35 1333.49
23.9579 3.55662 8996.15 175.282 52.2676
2371.87 148.528 519.424 6464.1 1341.84
228.792 539.716 7717.81 932.62 1312.22
2289.83 6354.64 486.334 547.966 724.458
6946.74 2617.08 239.071 492.283 32.7341
3703.49 544.055 797.291 4998.11 153.126
677.702 248.143 8071.8 1104.33 55.4266
1.41611 65.7931 279.047 10129.6 349.167
0.58037 3.89599 64.2054 11099.5 54.0038
501.836 45.4744 96.6223 10297.4 16.4219
7913.27 3086.55 397.294 182.656 64.6673
5.41149 2.59471 20.3364 10769.4 30.9078
2.98779 16.877 76.5028 10050.3 51.3283
0.590088 0.263228 174.897 1284.97 8878.19
241.466 1121.53 1291.41 1200.35 6391.82
1028.45 15.3948 162.975 9119.35 574.047
907.209 1084.72 1684.63 6115.54 306.201
237.71 4095.92 0.33212 65.5667 6226.09
858.777 230.004 753.062 1400.02 7582.7
2640.72 6688.74 348.595 0.889938 816.771
2621.87 4360.17 744.612 464.852 2575.33
74.1231 4051.81 1054.9 4924.41 114.468
3497.35 5034.28 82.7904 88.7929 1993.58
174.809 476.946 3124.27 2829.52 4787.06
1400.88 1489.98 287.261 233.664 6981.14
227.64 28.1048 1174.69 8476.81 238.492
496.606 8286.77 494.002 1106.01 507.784
284.293 5801.46 2133.45 2012.76 677.478
4252.55 4906.35 812.334 38.6499 1192.05
5061.55 166.194 2975.52 1449.07 1251.56
1612.52 7492.07 719.303 219.852 515.129
1292.29 7093.67 631.801 1116.55 200.557
34.671 5.46941 28.0195 8835.43 1328.13
7977.3 1290.47 562.005 743.644 236.14
37.3796 5207.37 2112 820.248 2035.59
48.3009 144.893 6841.3 2238.8 402.008
263.488 1356.14 8917.78 350.535 411.661
94.8031 61.8916 455.522 6273.25 3596.11
1581.13 5609.77 1508.97 52.3895 1620.01
129.825 190.328 371.533 9734.44 80.2376
7699.36 346.84 516.215 879.859 978.808
1045.52 5726.82 831.705 269.26 2186.44
106.231 641.752 4366.39 437.793 5786.48
1006.99 644.73 154.662 7138 2038.21
2074.16 6949.19 109.163 439.095 1048.65
5224.2 885.875 487.792 502.508 3061.97
1051.03 3412.86 13.1045 486.492 4691.21
5916.5 2361.33 62.609 1850.78 43.2317
1072.19 5328.29 2214.91 1652.79 47.5808
42.2096 7171.36 1952.67 1533.84 436.49
1536.71 556.275 973.511 6564.17 751.006
183.577 451.91 2499.95 421.131 6879.47
773.005 443.889 340.122 7291.33 953.742
5953.75 1236.67 619.94 3454.06 28.6409
1352.28 6548.62 355.401 238.192 2600.87
8271.24 604.064 1052.24 371.841 69.9483
7623.02 25.6045 1191.27 81.3475 1344
1163.06 503.217 7514.1 1272.68 743.791
2968.05 2979.86 183.915 78.5862 4164.83
140.796 8260.29 492.939 806.445 535.682
26.0083 1190.32 6713.69 689.816 1725.62
634.663 5537.42 278.044 1835.27 3035.89
1362.14 579.772 5805.07 358.707 2647.68
92.1413 75.3104 23.4557 11087.8 12.7184
29.1848 32.9913 349.637 8964.33 2040.23
69.4539 70.0529 1824.64 7362.03 902.683
275.784 583.77 784.505 693.685 8227.82
840.642 52.2403 2983.33 5214.49 1508.1
8342.15 312.786 816.752 615.703 1454.54
148.136 6824.28 315.688 1364.91 1676.18
822.085 4166.93 2177.67 2271.39 187.061
0.383856 0.166722 0.65565 5.04472 10344.8
396.047 7858.49 215.101 963.082 773.567
559.699 8529.66 249.189 1322.46 195.565
6306.66 2294.31 898.301 123.426 869.509
314.771 49.4151 7586.98 1332.43 1522.53
7224.9 627.327 924.898 77.84 1351.89
2307.22 6489.43 5.59865 874.542 742.101
349.567 5268.95 2011.16 1966.25 1317.7
1289.23 7628.69 227.666 54.9446 757.989
8049.38 465.113 692.117 1255.69 217.669
902.446 6267.76 1965.83 1285.83 664.288
7149.74 29.3559 923.613 968.247 911.363
599.268 2243.72 1439.22 984.864 4612.01
394.637 4488.57 2270.12 535.451 3055.96
1644.85 53.8735 7898.21 646.283 759.927
518.336 500.516 1344.79 6964.74 1268.1
3184.92 8.11233 243.263 6394.09 310.17
26.6374 3.00009 11.2052 9660.61 1276.19
0.208554 39.2328 10243.6 69.8612 116.353
231.839 403.264 5566.87 743.628 3214.51
269.976 102.672 102.41 101.327 9609.65
1478.56 3475.07 1134.65 608.479 4316.9
5538.64 914.115 1267.9 1682.48 169.39
1724.01 5915.43 1202.76 849.793 657.822
46.7835 39.8169 286.763 7920.79 2423.04
1791.57 6756.03 717.2 800.169 809.589
4938.21 810.208 572.973 530.196 3281.05
2127.71 6121.87 82.562 1453.45 610.409
173.998 95.5416 620.315 7216.95 1712.08
546.321 474.738 835.983 6691.93 1646.94
438.853 3972.15 4971.76 308.231 775.026
1686.85 305.048 6828.49 1551.04 827.506
584.658 6413.71 2074.18 119.435 1704.44
375.348 401.738 761.843 6181.46 2688.22
12.5491 10.3757 8845.36 127.889 1214.99
497.857 226.81 7125.51 630.418 2300.04
826.757 6621.98 582.021 2241.23 730.185
118.622 5667.74 4001.24 251.874 318.554
152.101 52.6 977.503 9438.52 278.103
417.878 685.19 0.932686 1845.38 6642.85
8117.77 1496.46 34.4411 701.221 368.98
2243.27 7227.87 881.926 156.081 450.111
46.8407 22.1418 279.781 9039.04 918.8
2430.13 193.836 604.179 7452.27 157.929
940.025 5999.25 1872.19 1050.67 288.353
433.398 7368.09 58.5686 174.427 2209.23
1723.82 6901.66 127.873 495.682 1432.93
5496.94 1636.54 938.267 794.276 653.268
277.746 37.6913 735.166 1030 8170.25
275.088 100.831 2212.94 7498.47 451.267
307.214 21.3438 6471.51 2934.62 407.057
7794.24 2016.57 352.048 350.272 337.588
5.50255 11.6658 2.95108 1061.22 9226.91
55.542 1443.21 1777.33 95.8979 7223.31
976.268 1392.6 712.696 564.571 6549.34
371.69 1206.77 3487.28 5503.05 671.267
3773.77 1259.09 453.904 341.711 4217.56
673.873 161.93 1017.28 198.683 7781.09
1335.27 2564.24 4095.17 1137.48 2239.59
1387.23 187.37 7643.24 792.486 546.783
3200.24 297.581 821.975 4506.06 2106.99
90.6796 869.072 4150.83 5316.98 1019.33
17.5909 297.419 13.641 10251.8 183.238
6150.79 628.277 2607.29 940.86 422.357
37.316 7550.26 145.093 1750.24 1462.74
21.6383 2187.78 4047.42 4305.16 148.106
528.375 1682.85 7984.04 36.2112 380.053
4527.21 3364.15 291.483 686.022 1796.34
1459.93 5859.91 245.117 163.033 3874.86
3391.84 6172.34 517.211 4.75889 960.758
416.532 498.194 415.586 3225.57 5672.46
1299.77 974.546 5.81217 3676.13 4963.28
8499.47 116.453 1602.53 236.81 332.445
5359.47 1997.64 212.642 52.716 3711.96
68.8542 34.0878 8234.26 1950.53 993.332
776.355 635.895 269.498 9518.08 255.688
6211.5 1742.59 1160.76 2383.84 209.286
4267.15 573.5 13.511 3084.85 3796.43
3230.88 679.065 3187.71 181.595 4036.18
2925.14 2670.83 310.714 3072.17 1622.7
232.344 1683.33 4784.62 429.176 2641.66
496.305 2155.79 6248.44 0.71768 1628.96
7453.06 515.164 492.446 604.454 1642.87
281.002 149.114 581.828 2353.3 7164.42
3727.1 3678.39 371.545 1890.27 883.931
217.89 734.63 523.791 4025.17 4712.97
7850.95 526.884 163.45 2231.6 39.2888
1823 4848.98 970.358 629.973 2425.14
42.0411 64.3879 162.189 8249.05 2524.62
2851.48 1130.55 200.173 875.714 6180.77
1097.47 1976.32 2291.07 201.541 4091.89
353.759 475.052 8341.79 1042.3 506.584
7466.83 6.82708 2590.74 523.817 406.466
5750.16 950.554 969.634 36.3758 2130.5
1977.69 672.484 257.93 1773.33 5402.2
1678.6 388.224 1022.14 4880.88 2930.66
1939.07 703.587 791.49 4406.99 3129.83
6110.53 3250.87 285.524 329.587 587.235
125.485 222.554 87.6435 10864.5 21.9817
3336.79 3106.97 1543.55 1567.6 1225.09
3452.13 3126.65 563.472 275.745 2477.65
7075.3 146.907 4.74113 1424.17 1664.98
83.3682 8788.71 435.866 525.34 750.425
1774.95 4000.41 2737.93 141.012 1476.36
2571.31 2708.05 2826.15 340.208 2888.85
213.64 20.4425 495.434 8866.56 708.23
3.18324 0.286368 19.6165 577.392 10084.5
346.242 47.33 4007.33 5613.84 479.888
1634.32 591.601 1103.68 8546.17 217.703
342.923 4.12579 457.846 822.754 8983.97
4.44263 406.458 181.47 9566.95 486.437
2689.7 671.031 1922.83 2132.96 2523.71
202.29 4728.57 661.104 775.51 2816.29
264.047 6048.17 853.493 320.258 3139.9
385.852 7799.46 636.493 1447.33 968.866
5827.75 374.45 2493.99 1783.13 209.885
6258.99 843.869 1994.79 112.417 93.5968
20.7829 65.7085 9861.12 110.999 84.9398
1929 683.64 7294.31 452.638 703.385
3582.47 713.302 724.401 509.733 4903.67
323.92 363.752 5179.94 2477.43 1636.55
1960.47 309.07 5281.11 1544 1596.99
684.948 333.416 2942.08 5282.27 934.179
40.8484 181.201 1620.68 100.755 8694.27
116.427 4979.2 4486.6 582.95 742.647
1223.44 1835.13 163.933 3783.04 2746.48
469.442 659.332 3384.38 3650.94 2148.58
2.75014 7.00112 1407.02 1805.99 7311.36
178.691 494.648 1049.91 537.064 7858.3
2717.47 1337.8 1445.04 1702.23 3185.04
1276.22 317.455 3457.12 3217.83 1975.68
951.944 240.075 819.127 4041.14 4848.96
2905.03 390.933 23.4319 460.834 7367.91
7540.25 284.784 2297.73 526.186 461.853
796.919 854.441 722.217 8103.49 166.39
478.681 34.6154 219.135 1703.79 8648.88
1365.82 1307.65 2665.65 4118.66 1447.65
5441.88 576.388 2683.23 821.055 174.021
164.614 82.9743 9838.57 150.778 942.019
302.061 357.176 1065.56 678.543 8579.14
4334.11 1812.56 3694.42 741.598 331.475
226.843 46.8878 6023.41 2810.68 1617.42
93.3691 7687.97 30.4181 1790.47 1726.38
4681.12 3733.1 893.656 952.658 420.586
248.629 74.9918 231.383 2682.05 6813.32
2204.75 2044.64 242.448 789.536 6173.6
2238.91 6203.42 829.424 474.563 695.783
110.017 3144.68 4540.82 526.547 2005.69
6367.7 113.769 868.49 860.39 2711.77
37.4691 6.17387 2240.56 4477.18 2974.02
1856.83 1597.66 1850.91 630.569 3857.47
646.245 649.24 387.572 5807.73 2545.59
6659.19 353.255 955.839 2171.71 674.735
5634.52 380.233 3155.32 554.783 1511.21
855.744 4440 59.3493 1158.6 3969.79
2466.29 207.822 28.9427 7765.99 568.633
126.493 9359.77 229.738 457.367 547.31
4308.18 1435.6 943.419 2897.37 804.258
2334.1 101.706 5376.52 787.108 619.04
7754.98 187.872 640.92 77.4888 2282.9
2556.49 2130.08 4751.79 600.853 535.631
4391.1 491.486 918.566 2652 1695.1
109.136 37.1601 629.253 8144.98 2227.05
405.48 8475.36 1254.76 401.832 268.208
2261.56 4563.7 1682.78 1052.66 531.397
2999.31 1438.97 2896.01 2993.6 57.0889
1126.54 624.093 285.7 8574.44 356.622
124.268 134.25 679.715 3880.71 5847.92
736.45 204.543 886.549 7859.43 1125.68
798.971 975.085 1001.13 93.9441 7470.29
267.468 665.724 5322.55 4004.81 822.144
256.599 5004.44 1558.69 3172.99 583.631
4643.66 7.99193 5115.34 182.187 303.488
1395.94 4629.52 2175.55 987.171 1400.48
240.697 250.786 473.255 2529.03 6111.4
359.162 59.3711 10223.1 19.7391 470.9
4854.45 3589.65 60.8085 681.073 671.048
345.423 657.034 8271.17 382.946 635.929
4808.88 1063.36 1996.41 229.478 2275.94
108.479 160.098 7186.94 1013.53 1542.65
8190.88 72.8211 388.154 1408.81 96.3776
258.913 193.062 1719.66 2757.6 5217.83
5699.18 186.311 2715.97 1759.54 12.9697
2325.4 1242.26 447.205 251.065 5888.17
7.34039 75.0185 0.649908 10433.5 98.035
8.262 566.318 6315.62 3260.8 333.662
361.096 314.791 6417.08 1753.62 1813.08
179.166 189.643 3840.75 3949.59 2251.64
1624.76 578.253 1659.55 1592.57 5302.43
1473.21 7419.66 229.208 1409.81 438.498
941.845 5977.29 1794.47 1164.97 467.655
265.509 4408.43 466.279 3324.82 990.762
7.23212 61.8403 1755.28 3841.42 5091.65
152.493 4126.06 5059.19 553.824 488.151
1.17173 0.739387 0.616732 9.41442 10336.7
1059.57 359.293 7455.49 387.68 940.276
1401.97 821.899 1676.55 3960.99 3140.9
112.445 97.4147 244.587 10439.3 16.3644
4444.73 2113.87 1316.86 2712.18 237.801
2114.04 2471.48 4941.13 83.5732 1130.52
6059.7 2.06172 1038.96 768.223 3323.77
103.542 183.232 55.3683 3417.28 6778.3
6598.78 783.737 1505 194.065 725.538
4615.63 432.742 3406.2 133.823 1030.85
169.62 1467.71 6629.37 931.154 1385.52
5310.94 1286.72 758.598 3369.69 83.7597
2007.15 1015.46 6085.09 329.445 1466.62
271.91 707.463 1404.37 53.4143 8996.69
865.332 1503.21 263.542 770.6 6308.54
3296.03 1417.25 4511.9 1012.45 66.6357
97.2707 501.09 2133.02 5417.67 2545.39
913.041 1658.7 6356.38 103.975 1324.98
1127.23 1225.3 3993.39 2292.9 638.844
19.6686 12.2063 824.061 7684.59 1451.62
3104.38 4582.01 397.981 49.221 2849.1
831.571 31.7445 1508.44 6757.48 1466.92
3425.96 201.986 135.041 6612.13 182.721
8869.8 851.327 144.618 758.216 119.571
1427.3 2435.16 807.747 3545.18 3363.59
2444.63 627.572 4387.55 764.354 1893.76
1444.45 1522.08 940.652 1357.01 5567.67
2529.55 2406.57 3623.09 1210.39 389.128
5117.03 49.9486 1367.46 617.174 2824.03
1441.92 3930.84 549.62 1466.44 2752.69
922.461 1216.86 3068.86 5524.93 1.97074
495.85 75.8495 1812.56 1822.56 6446.89
5308.36 20.641 1092.19 43.8098 3689.16
1817.31 1152.3 1644.98 4252.04 1186.72
4.86069 1564.5 5197.03 2563.56 1281.85
195.058 913.728 1434.13 5552.14 2631.47
131.288 377.52 4605.92 5387.25 1538.82
1939.08 1459.08 1858.52 3732.14 2198.34
420.001 7752.15 160.114 1336.46 54.9715
872.707 397.784 7028.71 1724.48 679.055
2870.24 1158.63 2557.14 3485.74 699.087
177.198 799.928 1134.93 4334.8 4400.12
2398.57 2496.13 741.791 3507.29 1356.66
740.137 101.732 50.5811 409.534 8794.74
327.145 709.773 750.113 8011.12 1122.38
412.601 2447.65 150.965 7054.54 72.1246
85.358 26.3439 3283.2 6405.54 36.322
4146.45 2976.05 2083.48 443.434 1364.99
428.14 3262.62 4111.21 1826.75 1090.77
3974.3 522.215 1836.11 2323.16 1859.72
2889.85 2148.11 2406.11 3139.74 383.905
52.5488 47.7764 3248.64 432.063 6713.23
398.436 1110.63 565.118 340.253 8479.07
1122.95 2527.7 2272.17 2746.28 1150.03
6343.69 1552.77 961.746 1125.69 384.551
2955.2 1467.89 1310.32 552.896 3529.83
25.5245 8834.62 259.086 804.126 704.993
17.0043 1398.49 136.725 7638.46 1022.88
801.549 1576.99 954.98 4662.21 2431.48
164.311 30.9533 997.82 4444.53 5604.71
973.894 149.061 4427.84 2858.96 2790.17
1904.59 1730.69 5028.96 53.5092 1594.03
480.587 2259.82 4312.73 2417.5 880.906
2789.69 2333.16 523.11 403.677 2950.96
60.8665 1.64592 7076.51 384.909 3480.7
2608.84 1922.96 454.981 160.935 5303.48
1695.37 2370.09 804.614 455.03 5173.11
2110.09 1596.83 2448.34 3037.23 1384.93
382.107 2446.79 1487.2 1156.74 5608.4
1370.86 3354.95 2089.48 1747.86 2346.94
6020.62 942.938 689.957 376.138 2275.09
31.528 244.647 79.5402 8228.47 1350.8
4573.88 94.9124 1947.39 1093.52 2588.25
197.187 49.1258 4574.16 1411.37 3239.39
897.393 486.38 636.772 941.761 7563.9
3106.84 2059.44 571.626 908.867 4051.6
2542.7 1187.82 1776.2 413.539 4389.77
735.694 475.481 3110.4 1599.04 4910.33
4383.42 613.232 2716.16 1063.75 1315.04
969.509 4298.27 2026.29 1057.11 1943.97
3950.32 973.541 3327.42 1083.42 1129.09
3139.03 207.122 3798.91 2674.32 1627.4
7210.61 650.525 460.328 2924.71 230.032
4080.47 2044.73 2025.96 1148.68 1406.48
5824.96 190.225 2352.86 1363.66 250.187
2424.48 1.94145 4682.87 1160.9 2483.83
930.102 2740.82 503.449 4851.01 666.292
329.322 715.446 1671.82 724.385 7112.06
504.808 275.066 3326.99 4694.07 516.234
804.89 2935.69 1820.61 3013.1 1856.71
981.219 3805.06 2849.1 838.311 1660.82
1248.34 2093.83 651.905 4550.78 2696.13
1196.26 966.623 7956.31 430.929 393.301
745.987 3770.82 1527.65 621.402 3623.83
2955.71 1071.04 4062.79 1932.5 498.481
1949.06 1133.26 3949.75 471.292 3268.94
1749.44 70.6488 5504.53 7.31798 2635.42
882.788 312.213 4614.86 3479.38 1303.84
128.01 11.8765 4485.45 27.2634 4645.24
4704.35 2824.61 2154.6 495.06 739.191
2362.11 1.97863 5423.93 1627.4 1429.03
3166.39 79.3584 2807.99 50.6841 4269.03
2130.33 553.563 2785.73 3639.68 1014.2
1528.22 184.112 401.79 5161.32 3999.62
9.18564 1.16289 3243.88 4222.51 1771.74
3666.53 332.638 4041.52 354.764 1735.01
8165.78 1246.85 816.651 979.853 9.07018
1366.03 1136.77 1931.08 2882.19 3022.75
7010.57 2288.29 355.713 275.217 1112.15
564.08 1128.78 2934.56 889.681 4575.01
2141.42 72.9787 1433.86 1673.92 5135.49
1783.39 1473.56 17.4184 37.066 7443.3
27.2644 552.782 3064.91 886.757 6007.36
2675.07 998.169 2471.31 2963.29 1318.39
143.425 1949.62 3578.47 196.668 3944.4
1255.49 118.334 2032.21 2629.87 4410.91
5669.56 1275.03 1529.01 1250.11 89.3347
514.535 578.226 682.74 1798.49 6516.27
1946.92 732.842 3937.45 2726.81 1081.66
965.114 1790.4 3730.19 3349.41 263.121
1737.17 3360.25 1679.85 239.258 3407.89
752.879 607.687 1324.04 100.301 8324.37
898.717 316.383 7342.48 2377.36 222.068
5126.1 1999.71 2505.44 501.346 136.687
1123.29 124.617 158.918 1232.53 7056.67
1573.75 3069.32 3502.29 1594.07 1286.41
1176.1 690.64 1417.41 7016.95 10.158
956.131 303.096 58.0269 219.06 8394.77
663.793 455.441 3678.26 2034.24 3777.89
399.976 71.2617 4.82795 5772.73 4331.5
1667.75 2824.38 665.791 1716.42 3345.69
4772.58 840.134 1316.23 729.045 2704.39
5748.39 3226.68 44.9325 147.837 1964.88
3856.73 291.28 2376.41 1765.87 1881.92
2220.58 4297.31 1490.19 2193.63 438.976
426.509 31.3892 160.083 442.33 8778.01
496.687 49.9671 5489.58 1732.37 3072.66
3735.66 78.6075 4146.19 2229.77 99.6368
4708.5 492.482 4271.11 130.586 400.215
2360.32 3481.63 2223.92 2410.36 223.65
3479.86 3622.01 380.259 1908.73 420.166
4567.22 746.909 3306.76 2.28865 2668.15
4.11514 241.604 821.557 720.471 8306.7
1121.21 817.307 2186.31 702.302 5654.53
1167.58 176.179 6682.22 793.343 1448.67
617.141 524.928 3664.37 1642.93 4014.11
