43 0.739127
0.767373 4.56908 0.90193
0.567675 0.634848 3.00033
3.26298 0.634699 2.37971
0.774539 5.47538 0.810583
0.777077 3.39187 0.230226
0.782062 4.85376 0
0.538332 0.126981 3.34511
0.650725 3.2194 2.17258
2.75227 0.896854 2.1784
2.01099 3.12858 0
2.03697 2.8715 1.19252
2.16379 2.16379 0
3.73759 0.728953 1.45791
0.748442 3.90843 1.18126
3.01855 1.05063 0.629699
2.24548 0.60715 2.48095
2.95396 0.759819 0.654738
5.84061 0.778789 0.620809
0.656007 2.65327 1.74052
0.775754 5.67946 0.784672
3.24231 0.665385 2.0251
0.757583 3.91656 0.991406
2.14116 1.92887 1.42343
0.722856 3.27525 1.3503
0.810006 2.08163 2.25658
0.891753 1.7597 2.14372
2.85358 1.7177 0.234981
3.08469 0.737453 1.06892
1.1906 0.584364 2.6322
2.19604 1.60821 0.544712
4.02443 0.780602 0
3.09131 1.44317 0.560511
1.66198e-16 1.66198e-16 3.83849
3.61568 1.77801 0
0.5519 2.81617 2.86974
0.679762 0.963182 2.45893
1.74574 3.07115 1.25271
2.53745 0.551136 2.59662
4.57574 0.779059 0.596089
5.27922 0.780105 0.425723
0.192341 0.357374 3.4166
0.91556 0.915147 1.4243
