1 0.0598361
0.00342717 0.0072783 0.00229223 0.000458708 0.00438642 1.54321 1.59478 176.698
0.00426818 0.00252395 0.0227231 0.139853 0.124698 0.0597078 4.21744 177.807
0.00468114 0.0335492 0.00248653 0.0587705 7.34425 89.0546 112.628 97.995
0.00566427 0.00700884 0.0120742 0.139594 0.120635 0.342445 34.1164 172.649
0.00735577 0.0815432 12.1827 10.4299 103.713 68.3406 54.2592 113.959
0.00746769 0.00178479 0.0625525 0.0869589 6.41178 99.8359 45.0337 135.947
0.00907531 0.318199 12.9299 5.20763 2.37108 19.3185 10.4361 175.157
0.0108995 0.138538 0.491827 0.383295 1.18471 0.880226 18.7615 175.963
0.0114594 0.00303773 0.0285973 0.0317522 0.27968 0.323307 11.328 176.021
0.0122886 0.0462279 0.354242 0.409821 1.08992 11.1938 5.1536 175.303
0.0124685 0.00805145 1.36607 5.85415 16.84 1.1154 32.9787 169.434
0.0148445 0.0968426 0.0132434 0.252048 0.0220499 27.0168 32.5115 171.15
0.0158204 0.0452604 0.0055745 7.64189 1.22329 1.52743 42.8899 169.179
0.0160335 0.0340859 0.015887 0.105671 0.85061 95.3672 33.7914 145.418
0.0169335 0.120572 0.0481194 0.311329 0.634043 143.617 60.2556 87.0975
0.0202795 0.554147 0.777367 1.0963 2.58996 44.2478 152.27 75.9915
0.0283119 0.0404752 0.301779 10.4008 9.49648 85.1538 14.0999 153.407
0.0301979 0.599925 0.121364 0.00455516 2.40768 1.74909 122.509 125.491
0.0309842 4.64818 9.72604 22.6554 21.9488 63.1178 138.449 83.9251
0.0314479 3.55849 7.57484 49.9367 21.624 38.1218 102.372 125.746
0.0341239 0.076635 0.215193 6.79634 13.8793 4.28133 3.06755 175.631
0.0371863 0.0858722 0.139963 0.151657 5.87765 17.9124 105.462 141.61
0.0383902 0.00796337 0.0688208 11.0516 5.4757 14.6673 174.018 9.46159
0.0406962 0.603176 1.17541 3.53945 5.29454 32.3928 53.5416 165.897
0.0483638 0.0217325 0.291559 0.0172327 0.108069 25.5484 14.7311 172.307
0.0498058 3.40618 2.56175 30.0707 25.4908 145.205 65.3215 60.8074
0.0557114 1.77746 1.63682 0.378432 4.907 45.7721 29.3594 168.548
0.0596866 1.27948 7.1968 8.95466 26.9831 50.0649 95.5776 135.471
0.0603321 0.125821 0.363336 0.89898 0.912769 20.4813 118.227 128.448
0.0654234 1.00237 0.305595 1.08136 1.17173 0.264235 1.78176 176.482
0.0659776 0.233518 0.109083 6.09684 51.1836 67.8217 45.563 145.623
0.0674719 0.271546 14.7184 5.47161 99.5046 69.9872 124.807 8.71461
0.0678302 0.086715 0.122869 0.0213862 0.655162 49.7623 167.907 29.9842
0.0690473 0.961712 0.374133 14.2554 39.8306 43.7749 146.467 81.4647
0.0748991 2.73398 11.1618 1.9125 89.3408 33.9285 132.91 66.6804
0.080651 0.0175109 9.26666 28.4182 21.0921 105.45 31.1885 132.397
0.0841195 0.22079 0.510618 0.202221 1.06818 1.84243 46.5444 170.455
0.0865812 0.363798 0.87807 0.492025 0.444776 52.4475 23.6966 165.336
0.0895817 0.0791067 0.0709112 0.182441 2.5825 0.0185523 176.869 5.48634
0.0958375 0.130197 0.164477 31.0984 10.1629 19.3657 117.747 128.639
0.0991112 0.0977462 0.366868 2.57552 2.43823 6.45252 31.4743 174.13
0.0991476 0.742647 1.20157 6.91797 4.67759 12.8467 171.452 44.248
0.0992941 0.523655 3.8447 143.709 60.5479 32.7137 36.5743 70.9353
0.104254 0.0533706 0.159157 0.0939286 0.354257 0.725481 175.401 7.25639
0.107184 0.351104 0.02647 0.466935 1.35076 28.767 79.5467 158.572
0.11144 0.690887 1.12875 4.39635 0.253453 117.937 129.079 38.1475
0.115208 0.283795 12.5897 1.90299 166.525 7.0109 42.0096 47.0257
0.12412 0.0152214 0.0504233 0.203034 18.9483 14.3055 57.2751 164.129
0.133547 4.57468 3.99893 21.1282 0.776301 78.5064 156.14 1.22285
0.159249 0.00336794 0.272761 3.94147 1.76113 10.4601 49.3851 169.493
0.16981 0.144416 0.456171 0.0957983 1.09648 53.161 126.805 111.869
0.175463 0.750632 3.77657 4.54868 44.7551 57.6748 103.943 120.097
0.186399 0.515326 2.33076 1.98328 13.3633 1.72163 51.8757 170.755
0.199531 0.241012 1.01076 1.83052 3.89202 0.738225 155.839 84.8573
0.202042 2.15616 2.83282 0.207551 3.14995 31.5099 77.0264 154.472
0.205712 7.93289 2.96317 6.48795 6.63955 30.6485 82.0403 150.905
0.211381 0.241784 1.13239 10.3034 24.4301 28.0677 28.5686 170.273
0.220299 1.11417 1.2602 0.41688 1.79232 0.338634 16.4336 175.996
0.234769 0.421623 1.78813 6.9764 10.6496 95.8176 141.71 41.3578
0.240445 0.427334 0.630217 1.80174 11.1143 87.8344 43.7803 146.396
0.248208 0.0414869 0.439245 0.583708 2.62648 0.688478 8.47376 175.604
0.248237 0.334569 0.391269 6.05043 1.85873 39.9891 140.651 102.453
0.252602 2.56295 7.92016 3.64427 5.13063 32.6448 123.106 123.208
0.262156 0.113409 0.663594 0.0288252 0.061289 0.807862 90.3975 151.642
0.280798 0.103099 0.0902918 0.0804256 2.56818 0.923449 86.629 152.874
0.304687 8.41016 0.518509 5.70735 5.10151 161.155 55.519 49.087
0.314558 2.05959 2.48173 14.4717 107.176 21.2047 123.491 62.5744
0.323966 0.2854 0.175165 9.4727 3.2003 5.86347 170.014 44.1416
0.330963 0.459856 1.78912 12.8994 8.64932 7.6887 22.1705 175.578
0.331435 1.89285 2.94879 10.2535 36.622 151.176 81.0259 8.36215
0.341083 0.0132833 0.168152 19.0519 45.4949 59.3548 111.938 113.4
0.346546 1.29699 12.858 19.6359 28.6169 112.082 1.74959 133.596
0.366659 0.352976 0.802873 5.64103 10.64 4.44847 32.0933 173.207
0.386227 0.202577 0.254716 1.51758 5.43015 31.0146 50.8963 164.23
0.396918 0.595999 0.395067 0.110872 1.13787 20.4852 12.6162 175.311
0.39892 0.686978 7.503 11.0828 84.6377 76.3594 96.5393 91.7363
0.417215 0.244699 0.677529 0.0122149 35.1234 58.4833 48.7718 153.78
0.433569 0.00415462 2.69178 1.82958 1.36105 3.38335 35.3625 172.316
0.436258 0.607382 0.102327 6.90607 4.84571 2.30803 50.2458 169.074
0.444507 5.31606 1.86155 26.2815 0.539356 28.9536 102.315 140.225
0.44538 0.967904 0.765228 0.260599 5.79946 5.39116 74.9244 159.715
0.461987 0.407211 0.159025 4.53584 18.0512 0.781394 3.01722 176.237
0.468949 3.37348 2.01828 1.29956 8.60455 26.4599 2.50157 175.389
0.469761 0.00712282 0.183381 3.33433 26.7643 5.6552 44.5857 166.662
0.483067 0.861041 1.12541 82.9268 17.9769 51.7438 27.5668 143.866
0.483587 6.5792 1.44374 9.28648 0.916837 4.98993 29.5673 173.208
0.51366 1.18073 3.11782 6.3702 44.8854 51.0191 112.043 117.888
0.514177 0.143877 0.38013 12.9134 11.481 171.574 36.9653 6.6826
0.516911 0.412544 0.471822 2.70838 4.74928 25.5501 35.7014 171.066
0.520644 0.0827941 1.00098 2.98555 120.821 59.0274 111.134 31.8929
0.52607 0.0902419 0.35453 1.44031 0.452923 7.90174 6.00326 176.328
0.537297 0.285888 0.707105 105.479 8.62674 101.531 63.6159 75.439
0.57427 0.0170726 2.44179 8.51838 0.842763 21.3669 7.97738 175.944
0.575523 0.565266 0.201784 0.136294 31.9144 60.464 29.7474 159.167
0.596149 0.316276 0.0164905 0.93944 3.49364 6.94639 24.913 176.435
0.5995 4.58537 3.56214 1.88445 0.109548 3.30846 2.60636 176.324
0.620533 42.8259 35.8343 87.1357 6.33223 40.8128 124.602 61.6914
0.625971 0.0595194 0.143373 2.04979 20.5941 15.6211 36.4259 172.346
0.6633 1.56301 2.55148 1.92042 24.6727 120.29 115.598 45.0282
0.666756 0.152261 0.401383 3.81832 19.9169 79.798 80.1765 132.4
0.670261 6.47692 12.1875 38.4044 24.5278 112.655 45.4084 119.622
0.680475 5.38758 4.90876 19.0074 20.6427 100.717 27.6965 140.755
0.684223 4.71569 1.09103 0.354301 42.2584 52.2391 64.7287 152.17
0.728328 0.114566 0.63707 8.1081 2.79736 1.63609 1.07825 176.322
0.751052 0.160584 0.510933 0.657005 64.7564 5.53811 19.2383 163.065
0.792684 0.569569 0.855243 10.2561 44.7716 108.574 88.9499 95.8508
0.802329 2.89181 10.4216 2.81991 31.5531 19.9033 9.85355 172.881
0.804872 4.0552 1.10997 16.4945 66.1839 136.153 83.9566 20.8403
0.825204 0.607717 4.31138 3.80629 6.86768 33.5902 39.8471 168.522
0.861632 0.446938 1.13018 2.38175 1.69936 1.76824 45.7387 171.297
0.901431 3.29014 3.07069 42.3988 11.4286 28.4797 19.4853 167.307
0.903703 1.41304 11.1687 0.524382 29.8484 13.6637 168.843 25.7019
0.951557 1.15423 1.46792 12.2234 7.68637 8.49344 110.395 138.377
0.976106 0.314607 8.46195 2.40896 41.8439 17.949 63.7618 156.278
0.978748 7.69728 8.43613 0.156575 49.2051 32.5556 150.124 73.4247
1.01178 1.95981 1.68798 0.882333 1.84207 1.64402 3.45843 176.427
1.13979 0.960223 2.41703 0.339799 3.93918 13.0733 173.74 13.9357
1.18391 4.54824 15.1563 2.83777 6.59107 2.46528 146.14 95.3574
1.24627 1.5459 13.7078 15.9005 33.7806 27.3245 159.677 56.2702
1.24823 3.00741 34.04 26.5961 32.5895 31.2395 2.95216 163.814
1.25097 0.484014 0.0502252 6.00648 20.4548 1.45587 13.2112 172.836
1.26249 0.875595 8.59715 39.3157 23.8111 66.655 18.1077 158.097
1.38575 0.589239 2.36087 2.44667 2.27399 36.0168 5.28321 174.453
1.42815 4.03315 26.2132 39.8503 0.625205 126.485 76.2917 83.9529
1.43041 0.16728 1.63893 9.38242 10.5925 24.0944 65.7203 163.286
1.47576 0.127282 0.105642 4.34895 19.4372 58.8688 52.3553 156.231
1.48859 0.80902 14.3971 2.69695 72.4321 12.5933 18.0803 158.697
1.64525 2.81678 1.21214 0.532047 3.75337 7.01254 120.338 126.409
1.64944 1.33067 9.06708 19.1067 4.50911 83.7915 154.415 15.4514
1.72766 3.30338 5.36215 16.5347 113.024 43.9604 125.504 16.6067
1.72944 14.4109 12.1343 64.7202 110.566 41.1136 110.829 23.9598
1.74905 4.79169 1.36514 3.5998 0.884944 11.0438 123.611 122.793
1.78327 11.7907 0.137128 0.844932 2.17327 111.096 122.423 59.0584
1.78514 18.608 15.5424 14.6307 45.7839 41.7131 103.248 122.487
1.86648 1.76445 10.979 3.50599 12.7948 42.6188 165.059 42.8177
1.86949 1.52121 0.599559 3.83091 54.1027 15.4114 49.8199 158.627
1.87301 2.63499 38.6457 24.3332 6.89405 23.0864 66.879 152.942
1.89361 5.06814 4.09059 53.7364 13.3931 33.4707 28.3212 161.831
1.96019 3.6074 4.90659 0.575516 11.2443 27.0407 60.3608 161.45
2.02915 3.12664 5.88091 18.0049 10.4397 2.40376 152.657 87.5312
2.12443 1.5196 1.48739 0.336205 43.3586 137.964 100.068 3.38937
2.1321 0.926994 38.9417 11.7978 8.28939 14.5246 88.7467 144.715
2.14996 1.34817 10.8056 0.364937 14.127 56.2893 46.117 160.869
2.15937 7.42987 3.03275 1.28527 6.82646 92.5901 3.20785 152.498
2.23115 3.28675 0.657689 13.6972 5.1993 1.94645 0.16454 174.113
2.25138 6.29323 0.982647 4.16334 19.8025 77.4635 157.264 11.0991
2.27281 13.5247 8.20529 4.39315 49.8923 2.81788 51.4032 161.479
2.32868 1.35937 3.19381 10.9651 10.564 10.1299 90.5689 151.254
2.34818 2.78078 20.0026 58.653 112.886 12.3476 37.2118 117.74
2.44136 6.44032 11.9975 34.9043 85.5324 83.0977 94.3505 77.6027
2.56969 18.218 4.16343 55.0886 63.0281 0.881716 56.1103 141.304
2.57982 21.0224 24.9556 92.9486 24.0411 59.9057 132.979 23.3969
2.60662 2.96005 0.232572 5.07638 6.34338 15.3713 25.1402 173.852
2.6069 6.08467 16.0534 7.11394 140.559 71.7503 47.4883 59.0969
2.62601 1.21236 16.0497 13.9907 122.589 120.58 20.0466 21.0104
2.65096 9.51479 5.81156 2.33496 24.7718 52.3957 14.4819 165.175
2.66964 5.73719 8.21654 60.1403 16.8041 58.322 41.2187 146.586
2.74442 6.15845 2.28248 11.55 6.45749 13.5662 16.7931 174.137
2.7711 14.7013 98.1588 52.764 42.9212 14.4166 35.1203 123.356
2.83641 1.25734 22.2888 55.0421 19.4873 37.8812 124.884 99.4594
2.87536 3.37209 5.60501 32.4513 13.8796 80.7577 24.4301 148.881
2.93211 3.14357 2.28939 0.539274 41.5526 11.1149 17.9201 170.41
3.01055 0.257883 0.508791 10.2762 3.98349 5.92647 63.4529 164.489
3.2978 4.58256 6.25148 1.59921 5.81133 7.5485 79.6806 156.271
3.36198 7.58405 0.756771 59.3759 15.7419 68.6441 144.699 43.3597
3.41967 1.91059 1.06163 4.28543 52.8595 22.12 80.8752 146.976
3.50688 0.559132 8.98278 11.3316 15.688 33.8207 24.1218 170.405
3.51615 1.73326 0.377693 5.00062 12.1073 150.123 27.3329 86.9097
3.67541 4.36143 5.15805 3.65917 31.2079 37.8082 80.417 146.092
3.75142 2.06317 0.726911 12.6723 6.22116 62.0337 9.96843 161.225
3.91225 24.0395 41.0962 11.0256 28.3981 36.422 144.639 72.6159
4.02481 0.470536 13.6997 0.338983 99.78 129.551 43.9902 48.4808
4.09371 2.27099 2.97836 8.84023 9.7311 25.8576 132.959 112.756
4.1016 0.185083 17.6139 32.5484 12.0672 121.111 112.019 52.1063
4.12563 9.58309 9.42259 5.38565 90.8383 60.6716 133.8 30.7689
4.1827 8.60151 33.9659 28.0201 29.114 1.66253 97.0756 135.9
4.27726 0.0934281 19.3627 16.9035 54.7523 86.7381 67.8816 126.078
4.50273 0.579396 1.80154 1.42484 45.524 21.4501 7.0089 167.673
4.62604 23.1996 29.8461 72.3251 49.6954 91.9073 24.7765 112.294
4.74204 2.4377 14.3196 19.2406 2.29082 50.01 61.9233 157.921
4.95783 12.0085 21.8173 20.7605 11.3413 17.635 67.3227 158.305
4.98552 4.78748 11.0344 2.7734 4.30103 13.5823 75.7235 159.932
5.30324 2.80674 74.8297 23.2497 58.1079 81.6609 61.9112 105.646
5.3527 5.01449 15.4373 7.8936 31.9746 11.5563 20.7491 171.232
5.42181 5.35355 0.560774 41.0355 28.4469 6.68903 48.6749 161.694
5.47244 8.29481 4.32744 8.68875 25.306 21.5951 172.196 14.9495
5.48535 4.88336 8.53812 17.5803 61.6611 56.324 151.501 19.2189
5.53028 0.305672 5.59303 0.315318 5.81783 17.1221 26.8409 173.772
5.61536 8.55609 15.4649 20.1159 76.4571 19.0738 110.169 105.45
5.66884 10.1725 15.6322 13.8135 26.0658 8.48197 119.738 122.648
5.75066 57.2872 9.44638 35.2612 8.9304 38.993 158.516 3.63425
5.75097 14.1105 1.52065 30.299 12.5002 136.311 55.15 84.0654
5.75249 2.82935 16.1049 6.29764 8.49844 4.6537 25.9261 174.831
5.91588 1.71163 5.47588 115.451 81.4703 65.474 28.3081 82.6114
5.92838 25.7295 5.25869 5.94967 110.393 54.6856 2.35693 125.512
5.98839 0.795734 1.64557 1.88952 10.2045 6.30507 173.937 28.1689
5.99247 3.37948 0.250634 64.3564 23.942 55.1387 148.264 41.5385
6.01657 5.13216 72.2552 5.58941 6.05311 44.8097 15.517 151.609
6.79558 18.0347 13.4111 4.22222 118.717 5.29682 74.6359 106.465
7.0123 4.43094 113.834 10.7019 31.8957 28.055 42.7931 117.003
7.55796 0.511188 3.19366 39.8443 43.5526 73.9356 11.3662 149.061
7.66726 6.7775 6.38555 19.9836 85.93 56.7102 139.303 2.31618
7.67748 16.6611 19.1413 49.6788 103.515 37.0518 122.227 28.3816
7.71983 15.329 17.7931 6.4329 108.553 113.577 68.7062 25.9497
7.81626 8.20768 9.64459 149.4 75.1075 38.8821 37.6323 11.6861
7.95289 4.3568 8.138 7.71837 84.2847 100.209 57.4394 99.9173
8.00666 3.08976 1.21546 12.3593 0.255905 7.69813 12.5859 174.976
8.0447 0.591718 9.80659 10.5581 84.2862 12.1211 12.6047 152.386
8.12134 56.4572 76.9504 8.92757 10.4713 44.1309 136.495 29.0695
8.23691 7.77986 4.72035 33.0899 27.4852 40.1038 145.797 75.4552
8.2858 8.65634 10.1958 2.07188 21.5404 3.18644 2.40462 170.703
8.87228 0.95241 59.646 12.361 108.668 102.247 61.6094 37.2833
9.66373 6.40091 11.1884 18.2221 6.18644 14.9551 13.8967 173.609
9.82522 8.62279 6.77093 74.1289 40.3719 120.013 64.2054 75.4664
9.86749 2.56768 3.90505 4.22342 39.1234 18.6393 27.9248 167.807
9.89261 8.53251 13.0818 4.29311 28.8257 18.181 164.021 56.1456
10.4216 0.54237 0.765856 161.425 9.18277 68.1624 10.6705 18.9918
10.6895 38.1786 5.82562 41.9722 13.8484 74.9324 3.27505 150.754
10.859 2.31288 9.96459 50.6854 0.510475 24.7924 86.7374 138.499
11.2396 10.586 2.08606 14.2931 62.2044 123.492 80.7998 69.4778
11.8109 29.3497 135.242 84.0395 38.4231 46.6189 35.9745 18.9402
11.8625 13.5137 5.95699 5.44963 2.27902 17.8791 31.7669 168.284
12.2203 2.90393 1.41187 10.3227 4.97117 9.72693 68.6905 161.585
12.2264 19.9195 63.7427 21.1069 23.0851 90.6115 128.743 10.7198
12.4787 9.28897 2.44713 7.41704 135.221 35.2702 38.8095 98.0912
12.5676 16.8533 21.6041 65.1673 73.1642 99.8495 44.4041 93.5612
12.8204 48.45 13.0055 8.8742 73.6454 140.896 49.1922 24.0277
13.3887 7.26724 8.21585 8.27704 9.1302 153.531 33.052 75.638
13.53 8.39655 36.7509 5.88329 150.471 35.5463 73.4395 1.44755
13.5856 5.4599 4.98213 5.52681 29.7247 1.64928 66.0889 157.283
13.9376 10.0449 21.6404 2.35547 6.90726 6.39052 76.395 155.627
14.0272 0.397937 12.3556 0.335977 18.4378 79.0492 86.9597 129.999
14.6752 16.8602 21.9311 154.437 16.0098 64.7566 17.0856 38.823
14.7227 0.471734 11.6691 19.3458 21.0915 22.2341 66.7975 156.101
14.8851 0.763032 11.4424 46.795 49.6294 137.189 53.6174 64.0606
15.127 24.5684 10.1112 51.8991 69.2875 78.7266 31.1595 123.122
15.3408 4.30833 23.8361 9.31364 52.1602 32.6849 91.5078 135.234
15.386 24.272 21.4121 50.0985 85.2487 33.2103 20.8936 135.477
15.4847 13.956 22.1791 26.994 14.0559 51.5166 159.132 40.2201
15.5999 1.49505 16.5536 20.1173 18.3278 12.0104 115.8 127.294
16.4048 7.05329 7.78488 16.8646 11.1749 65.9662 127.881 98.8261
16.8798 8.99393 11.8567 12.8443 17.5921 7.6273 52.2014 165.653
17.8608 25.5547 25.1578 25.6229 34.9833 162.526 16.3858 39.7277
18.1511 26.2254 4.42965 47.965 38.4411 47.0937 126.306 92.4953
18.3389 34.4856 37.2453 32.6821 122.156 5.86598 79.8023 79.9051
18.5405 29.9044 6.5911 159.442 9.32296 48.5249 17.828 40.7717
18.5908 10.7266 0.416446 109.566 94.2078 22.4223 2.00106 96.5784
18.8604 13.5936 12.8896 8.51915 41.1904 17.6039 48.1905 160.215
19.3245 5.58976 11.4456 6.37321 68.8514 49.1338 6.88257 152.165
20.2962 16.8776 7.31822 14.4855 92.8287 57.7132 32.4466 130.474
20.4903 18.4778 13.8736 111.497 10.6613 111.426 54.1403 44.6375
20.7515 23.386 32.033 122.631 24.1816 63.821 27.7567 92.3741
20.9551 3.26203 90.7787 7.42506 45.2961 9.34024 125.105 69.3378
21.3261 12.2536 57.0734 44.4348 3.81477 34.3596 155.26 4.06612
21.4224 2.65957 2.97453 90.1237 28.7516 56.6057 48.1702 124.833
22.7544 4.07261 9.80616 45.0685 163.404 11.4843 20.7263 38.8528
22.8639 40.7195 15.4945 1.54049 12.0968 12.4571 17.548 167.935
23.4199 7.84608 28.7443 44.5554 81.7478 75.3105 89.3207 87.1072
25.4401 36.4025 24.038 5.43851 6.73515 31.4238 106.846 130.185
25.8191 22.3372 0.192179 91.0722 12.5791 83.7399 81.3398 89.3732
26.504 25.9599 3.79264 14.2502 39.0303 35.1387 104.518 125.136
26.7259 34.7446 22.6899 2.55175 14.7399 140.928 90.5127 15.2793
28.9014 12.4029 24.9612 49.8957 16.0488 42.035 111.97 112.003
29.109 30.4765 5.66697 24.4258 23.1264 4.34085 74.5189 150.773
29.2838 16.5386 119.084 34.7823 10.261 38.5506 93.3837 68.0512
29.7916 10.2332 9.65092 35.4261 134.892 33.5549 51.6625 84.2731
30.5169 3.36437 2.80269 48.486 53.135 14.5265 151.019 34.2306
30.9971 26.5197 38.447 57.7285 90.1793 36.6024 50.9247 111.067
32.8126 1.18079 34.8067 108.832 34.9748 82.723 11.5039 92.842
34.6287 46.09 61.9068 43.6171 1.62143 17.0882 31.5177 146.338
37.5522 29.1245 34.6179 37.6411 15.5617 73.1977 127.284 66.1816
42.5386 60.8169 51.0072 6.92785 22.4794 21.3682 67.4735 128.608
44.6708 35.7287 23.5801 24.958 63.2036 31.3489 128.416 72.2756
44.9281 6.12287 91.6335 73.8136 7.60909 1.19682 31.5313 119.767
45.5415 11.3215 62.534 3.28042 20.8985 0.611565 124.329 95.3447
46.0962 23.3289 12.7445 6.57243 95.2763 46.9142 112.44 67.4348
49.699 21.4672 11.3727 2.93784 16.1435 1.21817 56.3904 157.564
52.0773 22.4644 37.0255 75.1453 22.0211 33.3044 117.703 71.6009
54.006 47.2861 45.8112 115.855 15.1102 21.3443 96.0148 23.6709
60.1802 10.7683 39.3542 21.7296 71.4354 28.6179 74.9093 118.788
68.0178 13.4413 36.204 44.0468 32.5493 127.337 73.3573 5.05482
88.9525 28.0725 5.2999 104.966 65.8158 70.9214 34.4884 31.5257
91.6142 43.9232 2.59332 55.8974 117.009 27.3523 54.8181 33.2997
0.00109795 0.024395 0.0144892 0.0372783 0.5317 1.88828 177.414 5.503
0.00202316 0.0011964 0.0107699 0.0662755 0.070546 0.170993 4.1887 176.595
0.0210898 1.44299 3.763 28.4348 22.636 157.218 30.8744 60.9023
0.0241179 0.149502 0.244249 0.384464 7.62795 117.198 128.445 36.9428
0.0356134 0.905393 0.351592 13.3962 40.1134 43.7593 146.414 81.4355
0.0981966 2.10501 11.8402 15.1344 45.1239 83.7235 143.823 27.4146
0.110679 0.272624 6.71947 8.51894 141.849 7.01506 93.3427 48.7083
0.122233 15.5088 32.4506 10.4397 32.7633 94.2145 113.695 81.7331
0.132799 0.367129 1.66038 5.85178 26.1969 3.37553 101.69 143.722
0.143535 3.07833 17.3167 21.5464 1.80552 47.5373 97.9463 136.157
0.201681 5.56648 3.50003 4.45297 1.77645 115.186 125.734 49.0534
0.204234 7.8457 40.6335 35.5035 33.9891 65.1922 18.7556 149.023
0.222328 7.61458 6.65624 30.5318 1.13589 114.854 129.34 1.22146
0.235318 0.323945 0.376045 7.48836 2.29657 47.4388 167.015 36.1925
0.281474 0.723236 0.164024 19.5137 48.7369 61.3809 158.101 11.1581
0.394011 4.3668 3.19108 109.041 94.0468 93.8373 40.0436 9.89424
0.497569 0.73299 3.88627 13.5601 5.14694 3.41018 0.110659 175.304
0.501356 0.541196 0.546332 0.750126 0.662603 0.449552 138.241 108.996
0.515122 0.144139 0.380827 12.9385 11.5032 171.916 37.0381 1.13144
0.516043 1.51247 3.8668 6.27774 6.9036 136.585 77.2593 82.7284
0.611036 0.578013 0.62148 1.37299 0.752174 0.0134536 128.521 122.217
0.620422 5.82692 2.20052 87.6603 61.8602 111.676 28.1367 82.1018
0.750739 1.29338 13.2566 19.9933 160.623 51.6191 16.3046 40.6644
0.767853 3.86895 1.05894 31.8953 124.894 82.2172 84.2873 20.9226
0.774938 0.531662 1.07125 78.8378 17.0919 49.1164 25.2464 146.479
0.82111 1.91651 5.05637 16.8899 132.975 84.8707 47.4355 59.0306
0.867995 4.37358 1.2381 18.9756 75.8621 156.065 5.79052 20.9329
0.909424 1.42199 11.2402 0.623446 30.0527 13.8016 170.091 19.3005
0.996545 5.16616 4.75601 18.4158 20.0003 97.9672 44.6946 138.369
1.0502 0.492517 5.80884 89.5658 87.8311 114.336 10.7835 49.9383
1.13199 5.04618 20.0237 10.9899 166.086 20.0926 48.9456 9.20025
1.21881 0.123328 8.23433 144.039 8.19257 98.3347 10.6137 21.5698
1.26173 0.835673 2.3223 8.55581 30.3829 125.424 67.223 99.228
1.32256 3.4478 10.0716 3.33475 59.7992 73.755 104.776 103.718
1.47235 9.91312 65.7564 35.3465 22.6697 9.50938 22.957 155.971
1.50743 1.2161 8.28721 17.4638 4.12093 76.592 141.15 76.2268
1.50774 3.71404 164.732 22.7632 14.2628 2.99911 41.966 46.9762
1.51108 4.10893 10.411 6.49663 81.1374 92.225 45.1956 118.154
1.58233 13.1852 11.1022 62.8078 106.829 39.7238 115.993 25.5336
1.58492 8.35759 61.3521 61.1591 25.6686 129.847 36.3554 70.5048
1.62467 6.59927 15.9645 7.10839 143.461 73.2053 48.4517 47.6606
1.6386 0.152182 0.375221 8.04802 78.8126 59.7809 147.22 16.3346
1.82627 14.8806 17.4747 65.4103 16.9182 42.1557 156.598 23.3353
1.86363 9.74444 82.6031 23.4476 117.328 17.7461 35.2235 85.7919
1.94876 16.2408 2.97983 74.3498 103.341 40.7577 113.463 24.0663
1.98162 0.491961 3.13317 10.8952 40.2757 151.367 81.6111 8.42276
2.07761 7.48837 26.9871 7.30217 16.7939 19.9288 9.86605 173.103
2.13833 12.5964 7.24924 1.35946 106.624 21.0945 124.544 62.7298
2.27334 18.6916 2.96213 8.57572 162.354 42.3487 46.5982 7.79917
2.30536 2.17934 13.5604 7.68831 5.62942 41.2267 165.495 41.88
2.46411 5.28795 5.3652 15.5563 101.545 120.748 69.2116 25.749
2.65522 6.59793 30.4009 157.838 41.5503 46.4401 35.7145 17.1807
2.68519 37.5591 56.2669 28.8574 86.8673 10.14 33.7894 132.918
2.7253 22.2037 23.935 93.028 24.0638 59.9586 132.914 12.2731
2.76576 6.23946 0.73664 48.9435 12.9742 76.7117 142.589 57.0397
2.85087 4.44469 29.2982 43.5358 30.2663 58.9139 123.738 90.0611
2.91005 8.0868 8.43248 52.1108 149.526 64.9242 17.1283 38.924
2.97435 0.31376 10.1109 1.33765 74.2036 96.4631 117.111 48.2792
3.04443 1.36245 17.4682 15.1595 9.37597 56.089 109.396 125.836
3.2533 0.731192 7.696 26.9031 104.752 15.3981 49.6692 129.756
3.30236 38.482 32.7727 4.54226 82.6698 23.393 73.1416 122.558
3.33143 3.66916 13.3098 17.6427 3.33159 50.8609 61.933 157.946
3.49818 0.166479 0.257199 54.1283 151.051 65.9719 10.5431 18.7484
3.55985 0.341065 17.5885 15.1309 14.1514 2.53349 119.561 128.102
3.85529 4.78932 34.2964 46.7897 93.8845 75.8445 98.6472 56.1406
4.07203 32.0281 35.2032 0.65165 17.1963 32.7158 150.868 73.4523
4.0958 0.451555 0.389013 6.50938 7.13352 5.27426 22.3049 172.183
4.23858 1.78064 1.77782 3.77538 35.1626 81.6601 148.352 26.3629
4.284 9.95102 7.28871 4.81025 83.965 56.0807 140.432 30.7936
4.37242 0.197294 18.7771 33.4677 12.517 125.627 107.265 50.6186
4.48782 4.63182 8.68137 62.7217 17.5243 60.8248 42.829 144.941
4.58918 28.1966 48.2024 4.89394 4.67059 36.2816 144.077 72.3342
4.60524 0.494359 30.9598 6.80678 118.689 100.292 68.3564 37.2806
4.65032 5.3427 6.94959 48.9335 5.07387 20.5191 98.0489 134.832
4.72429 10.3865 9.37376 148.214 74.5129 38.5765 37.5927 16.7371
4.80699 2.3618 2.65136 90.3354 86.1672 113.789 10.7353 49.6997
4.8422 57.3978 9.6625 35.2992 8.94183 39.0424 156.986 3.60699
4.96016 4.43608 11.5919 38.2867 92.3876 75.8624 95.2632 78.3543
5.15011 4.39304 61.8644 13.6846 36.9394 45.1158 15.6212 152.646
5.39645 7.01564 48.6494 2.5551 15.5147 141.787 91.0622 15.3723
5.7479 35.6787 2.90781 68.852 47.309 87.494 47.6 112.301
5.84411 25.3623 6.95432 5.95395 112.099 55.4465 6.02407 122.516
5.98925 9.86239 16.0447 7.19472 47.7115 73.9048 55.9182 139.364
6.0952 11.4615 12.3788 10.3911 40.1337 129.383 79.0873 79.4769
6.24023 34.5325 4.84994 36.0271 12.0583 65.243 46.5206 150.214
6.28785 3.87845 92.1555 24.0668 70.2959 99.0985 76.3816 42.0754
6.37147 0.791067 0.981292 22.1185 54.65 82.0104 68.0967 124.551
6.48726 17.1142 31.8821 13.8741 84.847 83.1805 94.5799 79.6002
6.70799 0.241328 6.7125 21.5913 6.93851 16.2965 164.925 54.9928
6.79045 4.29077 110.221 8.4213 30.8384 39.9869 38.9663 118.34
6.81609 16.0558 15.5474 8.95134 88.4083 60.5424 133.68 30.7259
6.96835 3.68804 98.3117 30.5464 76.343 107.287 50.8033 21.6006
7.01021 0.237768 5.04335 21.001 63.3182 130.808 51.599 84.2154
7.1186 0.694378 0.451473 2.20058 6.53668 67.4188 157.502 34.4115
7.12075 26.9122 7.22356 4.92866 89.6187 146.798 19.3304 24.1659
7.30844 14.5128 15.3841 5.82191 98.2673 113.345 88.5746 20.9271
7.48741 0.746626 50.3091 8.63737 91.0786 86.7596 51.891 103.443
7.60168 11.5828 20.9358 27.232 72.6922 19.1616 110.684 105.942
7.79775 1.01099 14.6971 43.9877 27.5514 154.407 60.5529 31.9123
7.92043 9.37947 13.5119 56.7853 108.465 42.3517 25.7186 116.772
8.01011 5.07292 8.50888 8.07007 88.1309 104.56 35.0169 103.201
8.12602 68.1666 9.31341 39.7932 37.676 6.65159 26.8238 151.256
8.69841 0.372252 54.9812 100.177 37.1417 39.6583 111.627 51.9236
9.01897 0.530199 5.31306 25.9684 27.561 76.1891 140.896 64.6561
9.34807 33.8359 0.682349 11.2194 31.1014 29.8919 135.189 95.7975
9.38139 6.98335 10.6215 7.44084 135.672 35.3861 38.937 98.5292
9.6944 36.6381 9.83438 6.71018 55.6909 106.547 60.1441 107.704
10.3928 11.81 1.33418 17.7204 38.0201 19.061 161.036 53.9292
10.7407 9.4263 7.40206 81.0271 44.1302 131.181 70.1831 15.0967
10.7865 16.1238 3.68794 84.2756 5.3241 74.2918 97.9603 92.0259
11.015 17.8904 2.88446 36.1941 48.4309 54.9418 121.604 96.9543
11.1229 4.66815 1.67511 10.6296 144.425 98.6268 23.0766 22.585
11.4038 10.3382 18.598 64.3973 70.152 83.3055 81.2436 89.2672
11.5785 15.0298 10.6118 0.405637 6.43599 61.9587 162.628 15.3011
12.0603 17.9778 18.7787 22.9736 66.6354 56.9186 147.181 14.8866
13.091 9.95906 17.3724 21.2172 11.0478 40.4919 163.12 46.4498
13.1833 12.7405 28.2903 16.6509 1.61486 6.75572 94.4994 146.661
13.3214 27.3957 108.188 89.2483 92.7313 5.29071 17.6222 40.3979
13.3704 92.946 34.9517 9.33897 10.9538 46.1637 132.419 29.0548
13.6343 16.6453 19.4584 13.8031 4.72153 38.5919 81.5144 148.084
13.912 20.3714 4.47731 13.6446 77.6264 142.243 45.069 41.0546
14.2211 22.4341 18.4839 45.2369 69.7008 4.1857 67.3875 134.989
14.9877 14.7693 88.7805 7.2695 44.334 9.14426 125.572 68.8909
15.0727 4.23281 23.4197 9.15051 51.2495 32.1134 93.0646 135.877
15.4096 11.2591 32.203 132.006 79.4745 27.0215 3.19413 73.2213
15.5232 13.7218 12.9282 39.409 81.5332 59.9607 134.694 2.3156
15.6244 19.4826 20.1519 22.653 29.0362 134.469 12.645 103.937
15.7956 39.0566 39.7064 54.8754 89.395 36.2874 50.4852 110.104
16.0822 0.351084 68.7029 66.2975 25.323 60.5214 47.1214 126.439
17.1076 2.66298 74.113 6.06135 70.9972 9.37076 125.205 69.4659
17.5749 9.18353 37.6506 112.296 10.6442 58.8795 110.855 31.8127
17.9089 15.4937 25.1352 92.1212 12.7227 84.7038 79.9093 89.6696
18.1666 34.1603 40.3988 33.8745 126.604 3.19943 61.0613 83.8292
18.2362 29.4133 29.2286 154.483 24.4785 48.2783 19.2402 40.6015
19.5185 0.324053 7.82649 18.2079 62.876 102.543 79.3716 98.9368
20.0776 3.64117 21.713 26.2962 23.9571 15.6996 116.076 122.668
20.3305 11.026 9.811 45.0923 163.496 28.9593 20.0497 32.364
21.1474 29.5399 24.4359 25.6302 14.3452 39.9227 96.5778 128.735
21.2865 19.185 28.8253 8.96064 14.3794 51.2137 160.111 40.4675
21.8855 9.31304 18.7843 36.4112 29.3621 32.4453 89.7518 138.112
22.502 16.8469 7.79305 15.4255 92.2256 57.7644 32.4751 130.59
22.7495 7.46416 12.0387 84.767 2.10835 41.6176 139.76 44.8899
23.3542 18.9887 20.9347 39.4248 133.004 34.495 53.7881 83.4462
23.9976 13.2792 28.6172 24.0646 85.4022 30.5552 100.797 102.72
24.3515 25.571 30.0477 53.7655 151.043 38.656 37.4136 19.1467
25.7775 37.2436 15.9532 71.1706 56.9067 69.9062 34.8284 119.507
26.1435 35.0586 43.6118 6.98281 5.12723 61.1192 27.096 150.884
26.2053 33.491 0.294859 91.9325 13.096 100.165 44.3893 93.5297
27.3221 24.0937 18.3169 107.964 10.544 111.141 54.0018 46.2135
28.5559 26.8953 5.29903 36.3137 121.587 46.3138 81.307 69.915
29.5499 16.5386 118.885 34.7466 10.2509 38.5111 93.2873 67.9809
29.9464 12.2787 1.70875 58.4744 67.4437 15.7666 146.545 33.2158
30.6749 6.91174 32.4215 123.742 24.3972 64.3961 26.1489 93.0036
32.3336 33.7796 37.6163 7.90127 82.163 12.1515 9.16918 140.125
33.8496 21.0069 1.30019 5.85558 149.739 20.0742 78.9454 1.44152
35.1286 51.4386 11.3063 34.4539 40.6565 142.316 42.2043 40.8976
36.9041 31.8303 51.7326 16.5042 110.814 70.4436 7.20137 94.3342
37.9284 54.2667 52.8243 54.1715 73.9611 119.669 16.3856 39.7272
40.8598 58.4171 52.3366 6.38719 29.1237 21.4252 67.6554 128.955
41.5882 7.44409 17.9232 82.3706 134.723 11.0238 50.1705 38.694
49.1949 26.5711 36.8701 74.3055 21.192 32.8906 118.06 75.9962
49.2952 65.6106 20.0693 43.5616 1.62019 17.067 31.478 145.987
53.0563 94.4895 35.9562 3.57654 33.6018 76.9786 44.5158 94.4547
53.3807 10.5487 28.413 19.6578 70.9324 127.994 71.9205 6.03029
53.6101 17.0476 18.5902 37.931 18.7114 73.622 125.664 67.3075
54.8021 9.80654 35.8376 19.7884 65.0519 26.0615 68.2159 129.878
54.932 43.9359 28.997 30.6915 40.6825 31.238 128.293 72.1382
61.083 98.409 80.5995 25.3774 44.3844 6.56815 92.5263 13.0512
61.7276 32.1291 17.1655 1.47784 127.394 62.6232 41.4131 67.6979
64.2941 11.5038 42.0791 23.2251 65.7194 28.6614 75.0245 119.174
64.6276 23.6054 23.4644 79.5051 106.026 35.2417 53.9428 64.4164
67.4323 24.5555 45.7999 115.826 15.1067 21.3393 95.9912 23.4679
71.9435 27.7628 10.6785 111.006 2.29837 26.0497 102.547 38.5435
76.4082 29.3014 17.191 4.44091 31.1255 1.80115 87.3046 125.38
79.5939 34.3335 6.96315 96.4811 64.1579 46.5998 51.7852 71.821
88.923 28.0631 5.29809 104.931 65.7938 70.8978 34.4769 31.9814
100.564 12.8691 2.58953 55.7796 116.762 10.554 55.0434 39.8136
104.831 91.7864 89.4114 30.9812 17.6956 23.7409 43.1926 21.6846
