952 56.2142
40.6424 2.27306 1.93351 2.54141 4.75485 1.73627 0.953972 2.97969
12.6889 23.4864 11.4253 21.8449 1.12979 8.58211 6.83506 0.00874564
7.43743 40.0356 1.93339 2.93654 4.32708 1.73516 2.27544 2.98298
2.72736 1.09169 41.5876 2.9927 1.4833 1.75486 1.02321 1.41117
1.16228 0.506264 1.10712 0.043773 41.9685 1.66277 1.02354 2.25944
0.382393 0.153062 5.83077 41.386 1.48327 1.75482 1.0232 1.41112
0.29532 0.13386 0.28316 0.201322 2.76482 1.33728 41.8912 1.20701
0.179984 0.0833534 2.81126 0.451519 0.301252 41.9228 2.30993 1.20925
3.18364e-09 1.38867e-09 1.11038e-09 1.6963e-09 9.70833e-11 1.69839e-09 1.07128e-10 39.8613
1.60955e-10 7.76759e-11 1.47726e-09 1.92457e-09 2.58986e-10 1.04847e-10 3.62578e-09 39.9269
1.05478e-10 4.2244e-11 5.4059e-12 1.20596e-11 1.21206e-11 2.51679e-09 3.73156e-09 41.0879
5.26598e-11 1.61843e-10 2.93484e-11 1.82497e-11 4.23959e-09 1.78891e-09 1.64212e-09 41.9408
2.70725e-12 1.08449e-12 1.24327e-13 2.75446e-11 6.67781e-10 1.45797e-08 1.3043e-08 40.7863
2.03245e-12 8.8588e-13 3.12176e-11 8.29457e-13 7.56612e-10 1.09862e-08 1.63102e-08 41.0069
1.91683e-13 7.67614e-14 2.91132e-12 2.75893e-11 6.72126e-10 1.47391e-08 1.31851e-08 41.2312
5.5066e-14 2.00983e-13 2.91155e-12 2.75484e-11 6.68156e-10 1.45935e-08 1.30553e-08 40.8247
10.4285 38.0741 1.87852 6.47426 6.92174 5.32964 2.27161 1.1796
6.81325 20.9206 17.5656 13.0884 6.56761 25.6441 3.89203 0.357129
37.0576 2.08072 1.77125 3.9444 15.589 1.7192 3.14458 3.15367
1.25874 0.548478 1.09611 0.78525 30.1405 12.4402 17.4185 18.7583
5.27497 13.7713 12.8803 31.4857 2.65817 4.37498 2.66694 14.9433
3.94519 1.72058 3.43663 38.798 4.16883 1.68566 7.18229 0.706749
15.8475 6.90967 13.8033 9.89377 10.1121 18.8706 17.2516 17.2284
15.08 6.98582 0.787229 26.7648 6.65991 25.9927 1.94314 3.21491
0.0936538 0.25986 0.0477491 1.97876 31.1558 12.8654 12.0528 19.5115
17.1756 7.95469 6.1673 2.19614 2.11462 2.45279 34.5785 12.5766
1.54927 4.75721 0.864516 35.8589 7.66088 6.84307 13.5431 8.96951
37.5313 15.0207 6.96857 1.06693 6.27474 1.73806 1.01179 6.73716
13.6108 6.31161 13.1045 28.0144 3.66163 4.0776 12.4361 14.7202
7.49409 3.47128 7.21274 17.6401 2.4146 2.54877 35.8987 3.36235
2.04476 0.947566 31.7189 14.2173 4.59426 1.48909 11.6692 17.4166
17.6898 0.995122 15.4748 10.5202 16.9129 24.9097 2.35962 8.1843
0.0983738 0.0406813 0.0392867 0.0507108 0.0815468 2.16586 41.4676 3.69586
30.3992 13.2519 2.75394 2.40452 21.8952 7.38016 3.46894 2.18868
16.3738 6.77682 4.30626 25.6503 3.34324 23.9328 2.01642 7.62397
10.5779 4.23704 9.95209 6.7644 6.91321 13.1696 19.9001 27.9323
39.0481 2.18296 6.75313 4.20383 4.22506 1.60274 8.7207 4.21972
19.6122 8.54475 17.0775 12.7205 11.791 24.4994 8.81504 3.22531
34.0142 15.7582 12.2209 6.22066 4.22377 4.89774 8.77805 2.22352
0.365861 0.169488 5.69565 40.3875 4.31448 4.80796 2.92183 3.34442
37.9266 2.11545 12.3814 4.41396 6.54132 1.71386 6.66851 5.02987
2.29747 1.00181 35.1474 15.7599 4.50971 6.16986 1.6396 8.80496
9.24374 28.381 23.8301 1.01428 8.08356 1.56711 8.49222 8.51929
4.04692 1.87549 28.2986 3.04007 18.9062 14.538 13.3493 9.57117
1.42619 0.774878 0.13193 0.756907 0.868345 28.9967 4.75829 28.9861
15.4757 7.17205 1.41615 7.95747 7.87401 2.5005 35.1013 3.28793
0.835553 2.31662 34.4415 5.30684 2.51183 1.50092 18.7078 3.96887
1.08561 3.9661 1.34031 40.9413 4.35359 1.74238 2.68888 2.5336
0.152071 0.06091 2.30599 1.07474 0.297195 37.2271 13.6183 10.0143
1.81353 0.791183 0.21934 0.21234 0.21343 0.18497 37.9267 11.1854
26.6993 12.3749 25.7022 4.14983 4.58588 4.83993 0.928278 7.85219
3.15178 9.67898 5.21726 16.7394 2.3622 4.79383 4.17908 35.1197
4.0355 12.3976 2.25032 0.347567 8.68422 2.92322 14.3851 35.4636
9.90327 30.4286 1.51423 14.8873 7.46387 6.66536 19.5779 2.23589
3.44443 10.5797 8.88237 22.9005 17.694 1.36157 17.2157 19.1852
8.54981 23.7003 2.06584 2.81317 12.3101 11.9312 11.2063 22.608
15.1393 34.2124 6.46402 2.73917 8.05131 9.13883 9.1049 2.14125
1.13954 3.16293 0.580646 24.1106 15.9789 26.3922 8.53525 9.01732
5.87224 39.379 4.38856 4.24712 4.69411 1.62427 0.944885 6.1288
0.989741 2.37785 6.41234 0.193015 1.90151 1.30192 6.51553 36.8638
31.0889 14.4139 5.93339 15.557 8.07179 4.58826 0.991104 8.35514
15.6197 6.4655 4.10906 24.4689 17.9383 12.8507 13.3059 7.59211
15.6944 0.881724 5.02087 7.6726 7.59235 8.31995 7.53055 33.786
5.16344 38.8917 4.32694 1.04797 4.60389 9.33923 0.981366 2.1949
0.287152 0.88101 0.475147 1.67443 0.595399 0.188692 39.0011 9.41332
0.0848081 0.157118 0.0309281 1.70388 0.566813 0.761918 36.8572 15.2171
6.33431 17.5686 1.55453 8.71525 8.62474 2.04984 0.526814 33.4984
1.45779 0.635611 0.81535 0.799258 0.207939 0.180082 37.3801 15.4328
0.226305 0.0211154 3.8919 9.76548 15.3163 1.25098 4.46506 35.928
0.424104 0.871268 0.84628 0.13627 31.3731 26.599 3.73131 0.0897866
6.99286 19.4118 6.72687 10.0868 11.4358 20.0534 17.7327 17.0515
5.36701 16.4688 2.9977 8.17526 9.26934 5.05312 4.40666 33.4429
0.00962825 0.00419879 0.0665324 0.634094 0.110428 1.9367 38.5133 11.3582
12.8313 5.13916 12.0719 8.53126 2.35865 2.3925 28.6255 21.0566
12.3383 6.70612 12.2654 8.33879 9.88108 17.1575 4.66678 28.3706
1.56794 0.683268 0.141621 0.181759 27.0031 1.08016 4.91775 30.8632
11.283 4.52507 10.6188 25.9462 12.7618 4.07161 17.8103 10.4478
19.1571 7.67546 6.73376 30.5341 3.9784 13.8402 1.77942 5.42429
33.6811 15.6027 12.0995 4.31382 4.15411 3.5946 0.866753 12.4448
5.99697 13.5584 4.73017 0.406726 1.64484 0.621686 21.8633 32.0173
13.4923 37.4659 3.29059 2.87062 8.46296 1.62719 7.43532 3.01524
6.75781 20.7328 17.4114 12.4823 6.47623 5.78688 16.9569 17.7053
18.93 8.24635 1.67306 9.25669 10.477 5.86254 5.56802 32.6875
1.9325 0.895623 29.9489 3.18696 3.52203 22.9851 13.6034 5.09259
1.68525 0.675044 25.541 11.4486 18.4069 6.20334 3.25611 22.278
0.0804287 0.223103 0.0410262 1.6974 26.6665 20.2063 11.9614 19.3587
0.779247 2.16385 0.749539 0.25578 0.257067 35.6543 2.75792 21.4314
25.2609 11.0066 24.0644 2.63114 15.2934 7.33755 9.19857 3.21555
9.63455 26.7463 22.695 16.9069 4.66871 7.45896 1.01259 5.30779
12.0712 4.83395 4.23978 21.9992 3.01667 10.9998 10.3271 28.1798
0.911495 2.53099 38.0404 4.97114 6.63758 4.5719 8.52596 11.1073
4.94805 13.7443 12.7569 9.01031 3.68743 9.14771 32.8679 11.9079
0.0478941 0.146984 2.16909 0.157465 0.909785 34.1514 18.2637 11.4268
3.66779 10.1659 8.62992 22.2339 10.9328 4.51392 15.3349 22.4915
0.399672 1.10897 0.286298 1.70635 1.01262 33.7004 18.0193 14.1689
5.10753 18.6531 1.60167 0.511556 2.26021 7.07621 35.4168 4.55365
0.0718208 0.199298 0.0366118 1.51803 0.162561 28.6652 22.5518 18.4988
5.17722 15.8829 13.3386 0.575823 8.92569 9.78161 22.4792 21.6667
0.808244 39.6916 4.37849 4.23752 6.48752 1.6056 3.61355 1.4181
7.14209 19.8194 16.8192 2.85937 11.3079 21.1056 6.57373 18.0697
1.66668 4.62556 1.56982 36.4605 15.3592 1.6884 7.25623 6.37592
3.1263 1.2525 34.931 5.54767 16.9843 1.67458 8.56778 4.91216
8.98656 27.6055 23.1762 0.977444 7.85485 8.91631 13.9187 0.316128
30.1493 13.9775 2.71746 15.5075 6.36815 14.5682 0.901293 3.23713
1.47371 1.63371 5.47475 0.166853 7.30025 1.11736 1.73199 36.2474
0.318405 0.883487 0.30633 0.104829 23.9622 18.1342 10.9741 25.3634
1.09671 0.47798 0.13182 1.76139 0.22599 0.195615 40.9633 3.31366
14.6795 6.39586 13.984 1.52841 8.32624 9.64914 4.50728 33.1089
11.6184 5.06695 4.13749 18.7525 11.1333 10.7896 14.8046 24.9204
10.922 4.37942 3.84361 19.9005 11.3439 9.57367 4.56203 27.7382
16.1978 7.06404 14.1097 10.1153 10.3392 11.3306 15.547 22.8072
10.6191 4.62844 10.1171 7.14973 7.07443 7.75217 10.6382 34.2569
0.878387 0.382857 13.4931 6.04765 1.57045 6.28571 14.452 34.8221
2.10023 0.973347 32.5517 0.868029 6.90788 7.84067 12.2352 18.4429
0.0256656 0.0787628 2.10783 0.0565052 0.224211 0.209605 40.2895 2.168
12.4899 5.78773 10.99 7.87516 2.04508 7.99472 29.2823 19.6052
39.659 2.22231 3.23381 4.2262 4.2476 1.7066 7.33032 1.38163
1.26077 0.504713 0.0642282 0.0355871 33.1258 25.0648 1.58271 3.35989
6.48464 18.0044 16.7126 2.6883 4.4107 19.6016 2.51054 25.8329
20.4339 8.45615 19.3148 3.25565 3.13581 22.4637 8.09585 14.1054
28.036 12.0534 24.3612 4.12892 8.29506 7.40736 8.85435 0.736138
1.36916 0.596947 0.071433 0.695338 25.6593 18.4772 10.5108 23.0395
20.7199 11.26 7.69255 11.0912 3.16948 1.1613 9.77348 28.6125
10.1238 28.0979 7.25038 3.25766 3.60063 3.80037 11.1857 24.1777
0.700156 0.3012 0.608523 0.103525 23.6447 1.0047 33.0493 3.15478
9.65757 35.2862 11.6738 4.06166 4.49015 4.55455 13.961 3.35703
10.7964 31.3907 5.73803 15.6623 7.86061 7.02191 12.8157 3.56044
0.707648 2.1724 32.1209 14.3991 3.74257 14.6186 13.6955 1.37289
29.5335 13.6805 1.53994 5.13775 5.69367 3.0449 12.26 21.3924
7.22212 20.0232 18.5922 13.147 18.6264 1.55658 13.2761 9.75493
2.96618 8.22967 7.64033 17.9521 3.69825 2.55063 30.4849 15.9171
3.64997 1.46154 3.13925 35.459 14.9463 7.18492 7.18385 3.51038
5.48473 16.1757 1.64774 7.66952 1.9884 7.7851 16.057 32.3466
7.94708 22.0695 7.48378 0.643078 5.2024 10.3665 5.90584 31.2389
8.86868 27.2331 4.94866 13.5117 21.0337 6.07614 12.8795 3.30372
4.75063 14.5836 14.273 9.3686 9.57496 10.4053 14.3801 26.9495
0.04811 0.133387 1.98304 0.924802 1.06105 35.0926 18.7717 2.14256
31.7198 1.76993 2.62781 2.29283 6.75401 13.7753 6.43538 20.7091
8.1383 24.9788 20.9751 15.0337 7.79574 6.96475 6.96348 11.4588
9.64555 29.6287 5.37959 0.832567 20.7553 8.88185 13.8646 3.2013
0.0173124 0.0069434 0.0148956 0.000653567 0.56536 0.406758 0.127151 39.1915
26.2416 11.4324 22.9172 3.87687 14.4024 7.30599 9.1598 6.48499
6.79937 18.8691 16.0125 11.931 5.98671 23.3766 15.6329 7.34234
12.7034 28.7188 10.0205 14.7312 5.52635 1.45251 19.4916 4.74319
9.01086 4.17683 3.24083 16.8002 9.57064 16.6186 2.14154 29.5772
31.9721 13.9485 8.48805 3.82961 15.0746 4.61862 3.07832 2.12343
0.721922 1.63212 0.307868 0.130106 1.19127 40.6518 9.26402 0.735972
0.564534 1.31392 0.73332 0.718912 0.841883 0.823756 39.9162 3.22903
13.0079 5.21265 1.14533 19.7754 14.4975 21.3744 18.9075 3.24466
2.73592 0.15394 38.464 1.031 8.16684 1.679 8.58063 3.13361
28.8657 13.3728 2.584 0.8393 4.89003 24.4212 8.79005 1.39644
5.57065 15.4671 5.35845 8.03553 2.01613 8.08506 29.0385 21.3595
2.6974 1.17551 0.508112 21.1058 2.25688 0.856318 29.9352 18.6622
7.86376 21.8045 20.2457 3.27679 12.9185 3.95245 16.3928 13.8923
20.9883 9.03224 3.95518 2.46694 9.73237 5.9429 20.3952 22.9909
0.659568 1.83098 27.4685 2.91587 13.3896 12.9723 12.1786 21.246
9.52922 34.7863 11.7636 4.02404 4.04442 4.68856 5.82268 12.2613
1.36529 0.546933 1.17424 0.875044 32.3408 23.2873 7.95959 2.18663
14.9899 6.94656 1.37105 7.41212 11.9172 5.17739 4.0587 34.0522
8.09148 22.5575 19.1335 13.7131 14.0154 6.7334 12.2867 11.4863
7.67806 21.1976 17.9983 13.4084 3.36698 5.90902 25.5545 0.968374
10.854 4.49434 10.2612 7.25625 10.2804 8.46119 30.3466 13.8182
2.54992 1.11198 38.9794 1.04999 4.15651 1.6791 7.16284 4.36423
1.11296 0.515846 0.979394 0.701943 0.363953 25.4402 22.7894 21.9661
40.1288 2.24225 3.32748 2.90376 4.27941 1.6226 7.38926 1.39375
1.05862 0.490696 16.3781 7.63531 8.75989 2.36647 28.2589 20.7877
0.656516 1.82085 27.1375 12.6527 5.19466 23.0271 0.89481 12.9518
11.4551 31.7993 2.79821 2.44187 22.3117 1.6229 7.39107 1.27193
33.2205 1.86271 10.6251 0.926785 7.39167 1.43233 19.0648 5.92875
6.3802 17.702 6.13836 31.8314 6.48305 3.47512 1.30507 14.1447
23.2654 1.30402 18.6033 13.3309 21.4337 7.2219 7.22024 7.03896
5.01833 2.18759 0.946344 39.2167 4.20142 1.59971 8.66233 1.37474
14.3709 6.26893 12.5195 8.97723 8.599 17.8504 26.4479 1.99896
0.640224 1.77642 0.153894 0.201067 0.202087 0.0813061 36.3606 18.4509
1.96879 0.858375 0.102698 0.0574341 0.455349 31.8073 0.743634 25.0669
6.60976 18.3396 6.22611 4.80528 13.7955 10.6084 14.5573 26.5992
2.02559 0.113081 28.6504 12.8375 3.66067 1.26235 5.64674 26.1768
11.0911 30.7905 10.669 15.9984 2.70372 16.0489 0.946345 3.33719
6.09284 16.9066 0.85667 8.04423 9.53194 16.5531 13.3167 27.2196
32.3768 14.1113 8.57453 16.2481 4.21826 1.69396 8.70323 2.73071
36.1381 2.02958 1.72779 16.2032 8.40029 1.63098 0.943721 3.15136
11.8577 36.4235 6.61346 1.0237 5.95676 9.23558 8.77276 1.3935
0.793922 2.20339 32.9944 3.5067 16.0862 4.33772 12.3857 12.3001
9.02791 3.73779 8.53455 20.8594 11.8869 20.6378 2.44453 20.5091
0.560656 1.55638 0.285609 0.750374 0.281679 34.7184 12.4043 18.7061
6.42319 17.8156 16.5409 0.673852 2.57306 9.28987 5.85804 29.5033
15.2893 7.08706 1.38325 27.191 2.29412 21.8478 0.86823 11.4387
24.992 10.0106 21.494 15.4029 7.98374 1.63542 7.01761 11.5561
0.448771 1.37871 0.117722 0.65016 24.9621 4.6188 9.07361 31.5597
5.72029 15.8676 14.732 2.37986 2.6298 2.66757 31.8531 10.2063
0.89301 0.389309 0.0465186 0.453472 25.9067 1.10176 0.577635 31.3525
22.543 9.83304 1.18418 10.6914 11.2059 5.39032 15.7876 21.5376
21.4854 7.82529 18.2561 13.0841 22.9017 9.25806 2.24965 3.52886
18.1344 7.50245 4.76486 9.0287 2.57806 2.61506 31.2901 14.2465
0.852886 0.34182 0.299928 0.432358 25.3394 10.7051 10.0536 27.4105
0.55692 0.0310671 0.445277 1.14814 32.8803 1.38513 17.5637 18.3479
0.201972 0.0880338 0.0380713 1.57911 0.337363 30.3264 23.8584 13.7522
0.769284 2.81081 41.2069 2.96866 4.37795 1.75089 0.986503 0.926531
13.0749 5.67302 11.3779 29.3364 22.6653 1.64666 1.01813 3.34116
0.00436735 0.0121189 0.000857893 0.0911558 1.43608 26.7499 23.9397 19.5514
12.9314 5.63616 0.671229 22.7144 3.11676 3.1615 25.8726 16.8117
28.1722 1.57902 9.00997 2.1377 19.4883 2.96338 19.0119 6.94814
23.1149 10.0685 4.34636 11.4312 2.95787 11.602 16.2462 24.0499
0.0752605 0.0296682 0.006935 0.0610876 0.00317971 0.024014 0.671479 37.5961
4.65437 12.919 11.9928 2.01696 8.87005 8.5939 30.8572 16.1109
10.519 29.1967 10.1192 15.1729 4.19247 13.3054 14.0859 3.1884
0.669173 2.05529 1.72558 0.0729773 0.584986 41.0937 1.01862 2.21409
7.45466 3.38698 1.26044 11.6545 1.66503 5.28509 21.3991 31.7965
0.0718333 0.220591 0.0400794 1.66315 0.177986 31.4471 26.3511 1.38383
3.36713 10.3465 8.68576 22.3973 10.9948 1.13564 14.6672 26.6411
9.87902 4.08585 0.506665 17.2164 9.80162 2.63976 31.6379 14.4044
1.28903 0.562135 1.12284 0.781195 0.818749 30.6811 16.4098 20.0354
5.31552 14.7574 5.11315 26.5389 3.30564 11.5344 12.2107 21.3038
21.4327 1.21346 1.03463 30.2244 4.34251 4.5825 1.4669 12.769
0.385687 0.154738 0.331883 0.0146776 0.0625328 0.385111 0.235933 38.7645
1.27431 0.590569 0.458144 0.163694 35.8498 15.1382 0.864573 12.2195
1.2347 0.572034 0.110577 0.634554 36.531 15.4201 0.87081 11.6889
0.963198 0.38591 14.5691 23.1117 3.41141 20.8342 11.4667 17.8901
8.82153 24.4832 22.7283 16.0615 6.58474 4.53908 0.858957 13.2077
2.6281 1.21753 40.898 1.07795 2.92097 4.82097 0.948161 2.22523
5.83269 16.1776 15.0201 10.2121 12.1009 21.0116 16.9071 11.4038
3.3488 9.29236 8.61229 5.85933 2.20178 3.41206 20.8158 31.869
23.6434 10.9528 20.8013 0.875148 7.04834 8.00097 7.97069 20.9311
7.75603 21.5089 19.9706 3.23011 5.28715 2.83818 16.6014 19.2774
2.91811 1.2716 2.54114 28.7996 19.0853 1.4671 18.5689 12.5537
14.2754 6.19702 12.425 8.90491 9.10113 16.9852 26.0116 11.4962
0.0234554 0.0651198 0.977655 1.37887 41.1154 5.01963 0.948384 2.22819
4.77117 2.07951 0.247635 36.8089 15.506 1.70458 7.3256 2.96678
0.59201 1.64399 0.301396 0.0463475 0.739472 28.0205 5.09578 30.5497
9.09944 25.2438 23.4366 3.78417 14.6017 4.5497 0.90754 11.4757
9.46942 29.053 5.29012 2.24948 12.977 6.23918 6.23832 20.0181
3.54623 10.8951 9.14662 6.81342 1.7098 3.00173 23.0702 30.3753
9.21652 25.5814 21.7075 16.1729 4.06354 1.54267 14.0893 2.97603
3.13701 1.34912 2.98234 32.0423 21.2353 1.63525 13.8234 2.97817
10.4801 32.1731 5.84987 15.3545 7.95997 1.545 6.99649 11.5181
9.78004 30.0103 5.46255 12.4663 7.27975 14.8289 12.6628 3.24613
6.48812 19.9268 5.08682 34.6869 4.757 1.64386 1.0184 2.21205
11.6344 5.00166 10.1092 0.423253 10.6349 14.6565 33.9181 3.23746
14.9099 6.40974 12.9553 9.64923 15.0233 5.05381 24.8859 18.9258
2.51333 9.16238 8.29856 17.7408 9.08704 10.0697 9.16248 29.1488
3.79079 13.8284 4.58131 24.2057 9.42466 22.7025 13.44 5.9021
0.41265 0.170897 0.356652 0.0155444 0.223714 0.144553 0.33666 39.5565
8.45831 3.68611 7.36588 5.48769 1.37853 9.89858 22.9031 30.1559
8.65581 26.5803 22.3173 16.6283 8.3431 1.61476 7.33227 2.06559
8.73781 3.81005 7.61092 19.4674 9.58671 10.5057 24.1469 17.8119
13.7653 5.51559 11.84 0.508015 12.4591 16.3174 14.9178 25.1136
5.61648 17.2451 14.4797 10.3762 5.37795 18.6711 17.067 19.0171
5.59623 15.5349 13.182 33.9864 4.65853 1.60804 8.75384 2.98734
2.65581 1.06359 40.3207 4.47316 2.90171 4.97947 1.57449 2.20881
1.02311 0.474147 15.8624 7.39338 1.85996 13.3347 30.8493 15.1146
8.24654 25.3257 21.2634 15.2358 15.5703 4.74767 1.00919 5.82073
5.39486 16.5684 13.9107 9.96726 5.16453 17.9362 10.166 25.4474
0.637941 0.276897 0.555221 1.43123 40.6812 1.72647 1.01465 3.29309
2.18108 0.122852 30.6383 2.22516 3.59769 5.73914 10.4693 22.9453
2.20529 0.960971 33.9567 2.45049 7.21426 6.44307 8.07674 19.7991
13.3723 37.1274 3.26381 4.18995 6.8743 3.67726 8.80573 2.23102
6.8253 18.9371 1.67194 32.4847 4.46258 2.31729 6.32473 11.514
10.6999 4.28916 10.0688 24.6084 17.3177 3.09738 18.0918 10.6154
0.271185 0.501955 0.113537 0.151235 0.287767 0.157305 0.053839 37.9978
0.141181 0.0565153 2.15141 0.228035 1.29516 36.8284 13.1658 14.5044
0.0756898 0.083905 0.281101 0.459861 0.0173627 0.310732 0.226559 37.1723
16.4795 7.1856 14.3541 10.289 16.5407 12.7217 5.95366 22.9669
1.12892 0.523304 1.0868 0.175605 39.9004 4.88921 0.900524 3.99516
13.9384 6.07812 4.85906 7.42422 2.05743 13.404 31.0039 12.9375
25.9906 11.3232 24.7586 3.97982 6.53163 16.1947 1.58648 2.24148
4.58845 12.7272 2.08722 1.45513 5.74444 1.75538 20.9551 31.1388
13.2398 5.44557 11.4304 8.19379 13.1721 10.1314 23.2856 20.0846
0.416453 1.15559 0.980676 0.113509 0.167114 29.4548 23.1731 16.2713
2.55883 1.18616 29.2208 13.6521 19.3433 3.45132 0.848557 14.0191
0.942121 2.61529 39.2276 4.16463 6.83043 3.65567 8.74874 3.33114
3.26357 1.42272 3.16926 33.6393 14.1743 15.5326 7.2654 3.28064
32.7892 15.1976 8.77994 5.70529 4.3915 4.45456 13.617 3.27169
0.208408 0.0835425 0.179284 2.0226 31.6335 22.783 7.79957 2.13915
3.89367 1.55858 3.34846 37.8759 8.09551 7.23203 8.64209 2.04952
2.2196 0.12464 31.2532 3.32613 15.0613 1.48309 1.3464 20.9147
32.6222 13.0645 2.85879 16.389 4.11854 5.44654 0.870186 11.6284
8.40385 23.3275 19.7946 0.836555 3.36015 24.1305 9.11142 4.69844
23.962 10.4412 8.34217 1.97421 11.4704 12.2762 25.3198 6.43877
16.7825 0.940083 13.4193 9.61572 9.82698 19.7506 25.3552 1.30343
4.54513 13.9661 11.7244 8.733 2.40931 8.79678 21.6053 27.6046
10.7493 29.802 4.89466 3.41509 3.77291 13.7031 12.5863 13.846
1.24281 0.5414 0.233774 0.145372 0.907537 31.0109 27.7505 4.7685
22.2173 8.90702 19.1133 0.830685 20.1158 5.82896 7.41779 12.0409
15.1927 6.62278 2.86496 0.447217 1.78468 12.7935 29.597 18.452
1.05689 0.46048 0.920302 0.659252 0.673667 32.7446 17.4854 18.8314
17.4653 7.61326 15.211 2.58701 2.85908 17.7362 10.0867 25.377
4.41639 12.2621 10.4043 7.75016 1.94463 3.41422 26.2425 26.2479
34.7212 15.1298 6.53815 2.76637 4.48457 6.14232 13.0275 2.22365
11.1218 30.8795 2.71435 2.36826 21.6644 9.26834 8.80341 2.67056
21.116 9.19996 7.50709 10.8265 3.84018 20.2699 12.2593 21.3911
10.0103 4.36189 9.53629 23.3206 5.10261 1.17685 4.57466 30.3157
9.9303 36.231 3.12392 4.00531 4.42602 4.67116 5.79937 11.4521
35.6687 15.5483 3.17043 2.81967 4.56447 7.28658 7.285 3.29031
1.99194 0.922906 30.9659 13.8767 3.60012 14.4221 13.2411 12.3606
0.15958 0.0739572 2.4732 0.263173 0.264508 36.3265 12.9005 13.102
25.4163 1.41904 8.12453 11.9431 3.09652 12.1231 25.0041 9.0749
9.30636 25.8328 21.9204 0.926314 7.43065 15.1516 7.08103 11.67
24.6059 9.85657 23.1505 5.39611 17.221 3.61199 8.51609 4.05689
17.5476 7.25676 4.60643 27.4902 14.0622 13.4116 6.36756 13.3772
1.36708 0.565268 0.119898 2.38776 0.485061 41.6175 1.58572 3.37225
4.56181 12.6531 1.09866 18.9811 13.9145 20.5151 18.1467 12.0935
13.1116 6.07859 3.51322 23.9153 15.7876 2.95713 11.8397 20.6368
0.0227578 0.0743033 0.0398613 0.00932012 2.08647 0.191961 39.3001 3.17924
22.8612 1.28152 7.31155 0.637414 5.08637 22.2707 17.6905 16.3051
0.0949131 0.0413934 1.44974 0.10547 34.8659 5.54366 18.854 2.15207
6.62451 18.3957 4.74213 2.12718 8.43446 8.04392 32.5844 11.8055
13.8159 38.3501 3.3137 2.94608 4.34108 1.64694 1.01973 1.39108
33.36 14.5349 1.72231 0.954906 15.1943 3.59207 5.96219 11.2693
8.2911 23.0199 21.3682 3.5892 3.45631 13.8589 1.36045 21.341
24.2131 10.5497 21.084 3.57528 13.2757 1.45191 7.9238 18.3656
11.3392 4.94338 10.3582 7.2146 11.599 0.496655 29.5038 18.3941
1.50087 4.60779 0.231144 34.2477 14.4298 15.8125 1.01422 3.28705
2.57127 1.12006 0.141935 0.495739 1.18871 0.308758 41.8444 1.6477
8.36551 23.226 8.04695 2.74769 12.624 12.2301 16.7841 21.3274
2.56572 0.144122 36.1178 0.964567 3.84375 8.5601 13.3571 8.90742
0.773924 0.310187 0.272177 0.407953 23.1336 0.99071 32.3309 4.82004
1.22213 0.53247 1.06419 0.0446851 41.5402 1.65362 1.02105 2.2365
1.19106 3.30264 0.853676 25.4485 12.2914 21.5463 12.759 12.8649
9.44462 26.2028 24.3266 4.7179 3.95664 3.42607 8.18254 13.0662
18.1349 7.90137 15.7913 2.6777 16.7001 5.62022 27.6633 3.22113
28.5069 11.4138 26.8176 1.0716 4.74558 4.81366 0.946503 3.34033
1.89876 0.828206 28.9606 2.10996 12.1522 1.35266 16.8498 17.5919
2.37256 1.03401 36.4796 3.8758 4.2839 15.6173 8.72678 2.20962
25.5938 11.8549 9.19212 3.27528 3.15386 3.65781 11.0267 26.6656
14.8706 6.48035 0.770013 26.1219 5.31311 23.5998 0.859559 13.275
2.89417 8.87916 7.45675 19.2158 4.79408 4.28379 21.0238 24.7982
17.8069 7.75772 3.35042 0.515323 12.9362 9.71147 20.0326 26.3665
0.564725 1.56678 23.4056 2.49149 9.84464 6.0087 20.6339 23.261
20.8806 8.36213 7.18095 2.50229 9.9027 19.4509 1.23603 25.5758
0.388007 1.19092 1.00003 0.745285 0.73751 27.7089 14.8175 25.5941
7.69697 17.4021 1.5717 8.53204 8.16833 20.3438 16.1543 23.912
19.3916 1.08435 15.505 11.109 11.3526 21.1916 19.369 3.1935
10.3142 4.2681 9.74919 20.8467 2.98436 9.4586 4.49765 29.7525
21.6709 9.4518 20.6504 3.3428 5.46968 12.363 18.3254 9.16427
8.92585 24.7788 4.15308 12.3923 3.11141 1.24674 28.0667 7.21695
18.3982 8.01699 16.0213 0.675391 2.71812 19.5303 25.4387 4.71507
0.0256544 0.0112014 0.00235368 0.00674436 0.00374994 0.61979 0.310443 38.3844
1.57586 0.630946 0.541755 0.188593 0.74714 28.2542 1.08117 30.332
11.4752 0.641493 9.17523 23.6556 5.88876 3.33972 15.2874 25.5347
18.8038 8.19841 3.5483 9.30998 2.4217 9.45236 22.1674 23.1679
30.8079 13.4335 5.81564 0.913979 7.22545 8.20062 12.7936 13.547
3.02827 1.32021 2.63754 29.8279 11.777 23.2437 7.54866 3.27492
6.5566 20.1313 1.72456 9.49749 4.92267 0.556192 33.1952 2.62754
7.58793 21.0597 19.9264 13.9311 3.85034 1.40727 6.0505 23.3749
0.968406 0.0542925 0.235524 0.105872 24.2438 10.2364 9.3991 29.9264
1.8246 0.101754 25.8284 2.86043 10.8617 3.16662 1.08276 30.4181
3.17576 11.585 10.4918 25.6474 3.52782 1.29618 10.8674 24.2631
23.458 9.39328 8.23847 12.3533 17.505 12.5327 19.3941 3.19771
9.41774 26.1496 9.0589 13.5849 19.2509 15.8322 6.66555 5.57456
0.337075 0.156118 5.26021 37.3414 3.98272 4.43894 12.7014 11.8502
0.809371 2.24637 33.649 15.0804 3.9144 15.3089 8.72813 1.38592
8.51411 23.6277 20.0507 2.31912 21.1443 9.05277 8.59986 6.3638
0.0438159 0.13454 1.99205 0.144133 0.423546 29.6876 15.8725 23.2915
17.9438 7.81775 15.6247 11.1923 17.9982 1.30444 17.5082 18.8563
2.39634 1.11077 37.0719 4.12324 6.47136 13.9416 0.90382 2.17304
10.3708 27.8898 9.70238 3.46267 18.8077 4.47854 13.4821 12.3388
25.877 11.2767 6.85066 2.09206 3.39052 22.1669 4.97478 18.2314
12.639 5.8586 11.1226 28.6668 22.156 1.62797 1.01407 2.17222
7.28355 20.2078 18.7607 3.02805 11.9653 23.498 6.38737 9.95305
0.0170051 0.00741127 0.261441 1.85196 0.19813 27.3148 24.4673 18.6069
0.881021 2.44669 36.808 3.90013 6.40189 15.8754 8.86428 2.24688
28.4297 1.59561 24.8692 4.01229 4.03264 1.62244 8.31524 11.5324
0.0769582 0.0454747 1.25736 0.586051 33.5347 14.1604 13.0026 13.1185
7.05795 19.5942 3.59502 9.44633 9.6532 18.963 6.82536 26.1594
38.3597 2.15486 3.19194 4.09339 4.11417 1.65652 1.50392 11.5007
0.716038 1.98548 29.5417 0.798259 3.46522 12.5918 11.5649 20.5569
22.677 9.88451 19.7496 2.28506 6.71381 7.62056 11.8927 20.6216
14.5026 6.72398 5.21826 7.82143 8.86831 7.55466 30.5538 13.9123
11.6278 5.06655 11.0771 7.82622 12.1842 5.21299 3.1817 34.5611
12.177 33.7831 6.20983 0.971634 7.71613 8.7579 13.6654 1.36978
14.3648 5.94272 1.26508 25.0864 14.2856 1.38836 1.25988 24.6753
0.0737141 0.0321332 0.0642003 0.0109202 1.61325 30.0317 26.8769 6.33606
0.672189 1.86536 27.9125 13.0089 18.4333 4.22171 12.9168 14.2216
21.9619 9.57147 1.13884 2.54182 10.0591 18.7763 17.1619 19.1243
1.06427 2.95499 2.50727 28.4332 11.973 23.5215 14.2265 3.00588
0.0147849 0.0410493 0.616475 0.994178 28.467 12.0146 10.2898 25.8236
8.82382 25.6511 4.69091 12.3103 6.38271 13.0062 11.1048 20.2606
0.161948 0.0648638 2.45643 0.0652629 0.287132 35.9827 19.238 3.30219
8.68148 24.0732 8.17912 2.85975 13.073 22.698 13.4406 3.22794
9.71632 26.9605 9.34781 3.19873 18.1081 14.8971 13.9876 2.19223
14.1817 6.42862 5.08201 26.3373 18.5312 13.2757 2.99572 11.3701
27.326 12.6616 26.3028 4.23791 5.82743 4.76874 3.16732 3.31456
18.7071 8.67223 16.4634 11.8016 6.12172 3.47845 26.5872 5.70075
2.17849 0.950058 33.2817 14.4852 15.1817 1.59554 7.18243 1.83294
1.88192 0.872315 0.169333 0.967764 27.3826 11.5958 10.8889 25.1602
2.81779 1.22783 2.45374 27.8141 2.97203 11.6354 27.3001 6.436
11.255 4.6555 0.578239 17.1539 2.45039 7.7787 31.4966 14.3403
29.5024 12.8622 2.67499 15.0167 14.8598 4.53807 3.01758 11.4781
2.40818 1.09102 0.215021 0.281077 0.460874 39.3224 3.0509 11.6427
21.7957 9.50615 1.983 10.6744 5.53919 19.2038 0.833326 22.7317
2.698 1.25088 0.723047 21.5597 10.4128 1.03234 12.8913 29.307
6.96905 19.3271 17.9447 2.90201 16.3908 11.7424 18.1653 11.3644
12.3784 0.692055 10.8275 26.4766 2.22248 1.31952 16.6836 21.1979
28.2744 11.6932 26.7212 1.06566 5.88237 4.81201 3.19314 3.34955
11.4177 31.6885 2.79237 3.58276 20.3012 1.6747 0.913874 10.949
6.25721 19.208 16.1287 12.0193 18.7094 6.30722 11.5097 17.9597
5.80544 16.109 13.6707 10.1868 2.56252 10.0129 9.38033 29.8647
15.4382 6.18392 5.42454 23.5159 5.06772 10.9234 4.77457 25.3925
0.8241 2.2873 34.2674 3.64085 7.30529 1.49282 7.67525 19.6812
12.9515 35.9375 9.27733 4.17138 2.82584 3.6188 8.64744 3.28988
26.6404 10.6681 2.37725 2.07474 3.36193 21.9754 6.61835 18.2036
9.79464 27.1722 7.01729 13.8212 19.5833 4.49051 0.895906 13.0434
7.22463 19.9516 16.939 12.1336 4.55151 1.2644 23.6529 16.6095
18.5712 1.03254 3.2068 0.49156 7.87027 15.4638 20.1416 26.5104
1.08269 0.471692 0.203728 0.535556 31.9819 22.9962 7.15159 11.7968
6.04433 16.7756 5.8147 30.167 3.62212 15.0615 8.41657 10.9549
0.123499 0.379307 5.62493 39.8542 8.5107 1.64431 1.01852 2.21318
10.7324 24.27 2.18802 2.81093 10.4555 11.8343 27.7768 6.54854
5.60381 17.2053 14.4465 10.3526 5.36611 10.9373 25.1453 15.7588
6.71932 18.5488 15.7497 11.7339 5.88599 5.25714 22.73 18.6455
13.7913 5.98307 12.0007 0.503591 12.6251 17.3993 15.3841 25.9098
1.02592 2.84384 2.6407 28.2433 17.0481 12.2171 12.6509 12.7523
2.23615 0.974467 1.94731 22.0651 4.71112 17.2211 22.431 19.7608
4.0756 11.3145 2.91818 17.4099 8.90701 0.975506 32.3239 11.7114
7.37129 20.4453 17.3527 12.9335 3.25916 5.70916 24.6446 6.26641
26.9426 12.4836 9.68248 14.518 4.01161 12.7311 13.478 12.3349
17.695 7.71209 15.4101 1.78102 16.2501 1.83152 23.3124 16.3695
6.80444 18.8983 1.6271 9.3632 2.3464 16.8919 6.07519 30.6752
14.079 0.796867 11.2601 8.07389 8.25312 9.04479 20.7827 24.7141
1.07387 3.29482 0.599899 24.7816 2.92595 19.057 0.797121 24.8413
4.88133 13.5456 12.5751 30.7459 15.1022 1.66259 0.908788 11.5662
19.8767 8.54813 17.2733 2.93316 10.879 5.5226 27.1637 6.40377
0.388703 1.07874 0.373944 0.127883 29.325 22.1917 13.4276 12.2873
38.6355 2.16541 6.84589 1.04173 8.31548 1.6105 7.30823 3.17113
29.1372 12.7036 10.3713 3.70859 3.57215 14.2754 13.405 10.7981
3.84407 1.78145 3.70033 39.7151 5.81776 4.76194 0.904974 2.19348
0.0615122 0.170855 2.85528 20.2674 13.4281 0.969326 34.1925 1.41756
18.0369 8.36007 4.8299 9.1488 2.3792 9.50975 13.0493 29.6714
0.876908 2.43446 0.398135 0.277144 0.454619 38.8727 13.7964 3.33909
10.6243 32.626 5.92781 3.69155 13.6843 6.94839 13.6432 6.37662
5.07827 14.1024 4.78225 7.31083 8.38693 8.12471 29.1855 21.4673
0.653237 1.81305 1.53852 0.177783 38.6347 1.63688 13.8268 1.38648
1.53763 0.670035 0.535357 0.0463346 27.5692 11.3796 23.4698 16.4804
7.84389 3.24574 7.41411 18.1263 2.48997 7.89276 31.9422 10.8561
36.1242 2.03271 6.25902 0.981879 3.90124 8.68359 13.8536 2.92472
18.4963 7.95524 16.0743 0.681564 10.7496 5.16094 22.3085 19.6525
26.3386 12.2122 7.0598 13.8978 19.6904 3.51955 0.870995 10.6515
5.11404 14.186 1.23109 24.3306 17.1173 3.05261 17.8799 14.0577
11.5532 32.0704 11.1138 3.79743 3.81661 3.30315 19.4155 2.52582
1.71575 0.74752 26.4643 11.8564 6.13941 5.48252 16.1045 23.8373
19.2857 8.93872 16.9712 12.1635 19.5552 4.19082 6.52665 17.9285
11.931 33.099 11.2391 3.92319 15.4972 4.73296 1.56361 2.17918
30.745 14.2425 11.0446 3.77099 3.78999 15.1967 13.9511 2.23131
23.5225 10.2544 20.4871 0.874292 21.5571 7.26681 7.26534 3.28061
20.2497 8.11025 19.0512 12.9479 18.9497 13.5692 0.909203 11.5963
14.5366 6.34041 12.6633 0.548232 2.16127 0.874923 28.5082 19.0884
11.2983 4.92624 9.84097 25.3634 6.32372 5.64983 16.351 20.1685
12.0174 33.333 2.94845 16.5347 4.1662 1.59117 8.58188 1.36107
12.1185 33.6504 2.95583 16.677 6.05675 1.59144 7.27045 9.12938
1.64771 0.76393 25.4303 11.4045 11.657 4.80771 5.47533 25.3088
9.52254 26.4346 24.5387 16.6744 4.75633 1.73527 0.903379 4.08853
8.80272e-10 2.85371e-09 1.4269e-10 1.22916e-09 3.77275e-10 1.37327e-09 3.15681e-09 40.6417
22.3965 9.76193 19.5051 0.828519 20.5228 8.78665 14.0225 2.96148
12.5675 34.897 3.06554 16.6323 4.30889 1.62975 7.44456 1.40512
16.0859 7.0138 14.0111 10.0429 10.2647 11.2486 25.8553 11.427
4.3074 11.9559 11.0988 1.78768 7.07612 13.8993 32.1595 11.652
3.57386 9.91396 0.504022 16.9667 8.33647 16.3704 9.90889 28.4366
3.86508 10.7248 0.946347 18.3977 2.52639 16.4918 24.4361 18.0256
7.06262 19.5908 18.1887 12.8577 18.2179 13.0495 13.5114 4.86884
35.3543 15.4077 1.8324 1.01929 4.4982 1.55435 7.06883 11.6481
0.136589 0.0595106 0.025707 1.0698 26.2992 19.8996 17.5951 18.3812
6.04054 16.768 14.2284 1.64238 15.0033 6.42067 22.067 20.8205
11.6006 4.65284 3.04353 5.98687 2.0684 6.05677 21.7107 28.5904
8.95028 3.90015 7.79404 20.0954 5.0016 1.01981 21.6313 25.7248
8.96296 3.59012 8.43267 20.6176 11.7421 20.3914 12.0672 19.6235
13.5144 6.26412 13.0098 2.58794 9.64869 2.02614 7.94362 32.9519
0.0978115 0.0453123 1.5226 0.161552 37.304 15.7448 8.79474 2.22804
1.31017 0.571225 0.247221 0.648672 38.2089 7.07587 0.974573 11.4571
0.186327 0.572194 0.488521 1.24668 35.513 6.56915 19.2785 3.30923
0.505848 1.55286 0.282372 0.741118 26.2511 1.0578 23.5347 20.2998
6.17665 17.1442 1.50985 29.4117 4.03347 1.47319 18.6119 11.6478
6.65999 20.4493 17.17 1.98659 11.5093 5.527 16.2164 22.1309
24.5714 11.3874 23.6528 3.81593 2.58521 15.2943 0.91274 10.8719
4.48582 16.3779 14.8307 10.4806 10.3702 20.3684 0.779417 23.3866
11.6283 35.7011 3.05943 2.72095 4.0057 1.61118 13.5689 6.34078
0.378184 1.04932 15.6844 25.2883 5.14993 11.0993 5.27714 24.4933
7.24546 22.2544 18.6842 2.15735 12.5216 21.2809 13.8701 1.39096
0.221956 0.681806 0.572411 0.410095 24.3924 17.5404 16.0313 23.5277
4.79949 13.316 4.6176 23.9444 13.6384 2.86177 11.4806 23.179
4.57749 12.701 3.27904 19.5427 2.54353 10.1732 9.55228 29.8162
0.605069 1.67974 25.2043 11.2938 2.92866 1.11001 9.93685 29.0204
27.7881 12.8777 2.49511 14.286 3.95136 14.3933 13.5144 10.889
1.19955 0.522885 0.226168 0.59375 0.149622 27.1806 6.20258 29.8785
0.32497 0.901862 13.5008 21.7692 12.397 21.5294 13.0269 15.5131
18.715 8.15781 16.2993 2.77167 17.2402 23.7593 8.97655 6.3469
19.0308 8.81619 1.70298 2.22706 3.06364 9.01653 32.3817 11.7322
6.57709 18.2497 6.19526 9.46771 14.7379 17.5739 25.2175 1.37566
2.44125 1.13127 37.881 4.0277 6.60168 1.6417 1.48997 13.1659
4.76632 2.20879 1.27569 38.1717 5.59099 4.76151 0.86949 11.5609
0.0854059 0.00482886 0.00411612 0.0383143 2.23991 32.2949 5.56231 22.6841
0.39778 1.1031 0.285078 1.94044 0.243023 33.1584 17.7351 13.9423
15.0594 6.03815 1.33159 26.171 12.8691 3.94317 17.9503 10.5312
9.05636 3.74567 8.55905 18.3055 2.61344 8.29973 33.6111 3.20824
21.7054 9.46049 20.6792 14.0544 13.4579 15.2333 8.68601 3.17483
0.858953 0.398081 0.0771661 0.424716 24.7247 10.4409 14.3274 27.1622
4.17925 1.93802 1.12062 33.3658 16.1181 1.60361 13.3588 2.43071
1.09235 3.03111 0.556878 23.0852 4.93293 18.0198 10.6639 25.7919
10.0344 22.6767 7.91759 2.75982 2.77378 1.114 9.61445 30.0162
26.4654 11.5309 9.2121 0.794196 19.8889 14.932 13.9858 1.40293
2.16205 1.28673 35.5347 3.7705 4.16801 13.238 8.33856 13.333
