35 1.18734
0.994311 0.876772 0.801541 0.239207 14.9984
0.946545 0.000547618 0.000436603 0.995276 17.4032
0.870961 0.874661 0.992491 0.000419677 14.8073
0.870961 0.791232 0.992491 0.771807 13.4501
0.812888 0.959573 0.735737 6.81783e-05 17.8529
0.00189342 0.241845 0.801663 2.59539e-05 19.0071
0.00189342 0.000118212 1.05735e-05 0.000419677 22.555
2.17788e-05 8.22223e-06 0.00359255 0.0258441 22.764
2.17788e-05 8.22223e-06 0.000269279 0.946538 18.5739
4.30322e-06 0.730505 0.733275 0.791784 19.0456
0.807422 0.41706 8.96132e-05 0.276495 18.2986
0.775481 0.915549 0.391769 0.000419677 16.6633
0.905519 0.639913 8.43957e-05 0.00115759 19.7415
2.17788e-05 8.22223e-06 0.273935 0.46699 21.2302
0.31132 0.959375 0.000436603 0.00197904 18.1261
0.00150934 0.000831215 0.0337707 0.575497 18.8734
0.00150934 0.000831215 0.555043 0.00169949 20.7136
0.605001 0.000118212 9.83578e-05 0.749351 18.9804
0.468271 0.0450419 0.000269279 0.00196934 20.1315
0.44502 0.000831215 0.000436603 0.00389448 20.1217
0.946545 0.793127 0.862759 0.00197904 15.1808
0.839873 0.746768 0.273935 0.46699 15.8124
0.00216916 0.853732 0.804756 0.769395 14.2509
0.905519 0.000831215 0.30527 0.365043 17.9278
0.000117263 0.000625298 0.639644 0.0258441 20.9348
0.827318 0.020632 0.555043 0.365043 18.3368
0.870961 0.241845 0.647497 2.59539e-05 17.6603
2.17788e-05 0.324378 0.0859668 0.00166383 20.1062
0.919078 0.793127 0.30527 0.00169949 17.199
0.44502 0.742855 0.162842 0.365043 19.0852
0.870961 0.738917 0.0862168 0.637658 16.6395
2.17788e-05 0.324378 0.00314657 0.00196934 20.6892
0.807422 0.000129117 0.187735 0.670198 18.4375
0.812888 0.0876953 0.733275 0.322933 17.0587
0.680988 0.776779 0.296846 0.928815 16.1741
0.807422 0.00315043 0.656411 0.771807 16.6347
0.605001 0.000129117 1.05735e-05 0.000419677 21.8128
2.46678e-05 8.22223e-06 0.729917 0.000137565 19.8866
2.17788e-05 0.38746 0.00359255 0.00166383 20.5061
0.870961 0.775978 0.175802 0.19543 16.9518
2.17788e-05 0.11347 0.915995 0.00127958 20.2171
0.31132 0.000547618 0.839877 0.767095 16.4866
0.659427 0.773213 0.933173 0.803552 15.1535
0.243073 0.874661 0.296846 0.637658 16.9654
2.17788e-05 0.876772 0.801541 0.239207 16.0302
0.12823 0.000118212 0.0623252 0.670198 19.2249
0.0679844 0.874661 0.786036 0.000419677 17.6859
0.00150934 0.742855 0.961724 0.884417 15.5434
2.17788e-05 0.0876953 0.733275 0.0155645 19.916
4.02016e-05 0.876772 0.139442 0.000137565 20.232
0.605001 0.791232 9.83578e-05 0.744167 17.4892
0.703799 0.730505 0.758055 0.791784 15.62
0.757744 0.000831215 0.0217741 0.704118 17.8715
0.870961 0.926066 9.83578e-05 0.00132641 16.0939
0.819301 0.746768 0.000269279 0.946538 16.2334
0.00189342 0.791232 0.992491 0.771807 16.2015
0.902211 0.166809 0.921481 0.767095 15.3443
0.757744 0.674506 0.000436603 0.00197904 18.8482
0.00150934 0.742855 0.748364 0.995276 16.7882
0.031854 0.867002 0.000436603 0.00115759 18.8073
0.839873 0.882233 0.758055 0.158144 15.14
2.17788e-05 0.730505 0.915995 0.865809 17.5559
0.919078 0.639913 0.839877 0.00389448 16.3364
2.28065e-05 0.212398 0.758055 0.791784 16.9582
0.870961 0.738917 0.184494 0.279171 16.5114
0.830925 0.882233 0.758055 0.791784 13.9537
2.46678e-05 8.22223e-06 0.801541 0.619942 17.2561
2.46678e-05 0.224838 0.000269279 0.0517841 21.6726
0.00150934 0.166809 0.000436603 0.00197904 19.3282
0.946545 0.000547618 0.748364 0.884417 15.8555
0.00216916 0.123968 0.175802 0.00132641 19.0449
0.870961 0.0576437 0.804756 0.749351 16.4679
0.905519 0.793127 0.933173 0.00197904 15.5515
2.46678e-05 0.722383 0.000269279 0.791784 17.6628
0.853526 0.874661 0.828244 0.744167 13.8918
0.210201 8.22223e-06 0.00359255 0.00534684 21.1264
0.00216916 0.000129117 8.96132e-05 0.276495 20.7019
0.0679844 0.000118212 0.175802 0.00435688 20.3624
0.919078 0.000831215 0.862759 0.14262 16.5528
0.905519 0.773213 0.933173 0.803552 13.7257
0.229993 0.236897 0.000126541 0.0669883 19.2565
0.00438877 0.0317286 0.000436603 0.704118 19.3597
0.973849 0.692045 1.05735e-05 0.00435688 19.0007
0.870961 0.692045 0.000126541 0.670198 17.8002
0.794649 0.224838 0.855557 0.837657 15.0868
0.839873 0.38746 0.779355 0.46699 16.5676
0.984399 0.738917 0.184494 0.784964 15.7802
0.00216916 0.776779 0.753258 0.670198 17.3157
0.180736 0.87275 0.00359255 0.158144 17.9534
0.870961 0.901939 0.828244 0.000419677 14.4558
0.839873 0.746768 0.273935 0.791784 14.9597
0.902211 0.166809 0.921481 0.119575 16.6764
0.877219 0.773213 0.839877 0.767095 14.91
0.001557 0.236897 2.4972e-05 0.168269 21.7746
0.000113124 0.11347 0.000269279 0.000137565 21.5874
0.00150934 0.000831215 0.814911 0.884417 17.0867
2.17788e-05 0.730505 0.758055 0.0956467 17.7463
0.157237 0.000547618 0.748364 0.175765 18.792
0.919078 0.793127 0.862759 0.00197904 15.9553
0.919078 0.000831215 0.000436603 0.704118 18.4911
0.870961 0.000118212 0.0559644 0.784964 17.8145
0.775481 0.874661 0.851741 0.168269 13.5689
0.962095 0.742855 0.921481 0.00115759 16.1371
0.00150934 0.000831215 0.839877 0.803552 16.4036
0.00189342 0.000129117 0.187735 0.744167 18.2566
0.00150934 0.766258 0.000436603 0.0630024 18.6819
0.870961 0.0960724 0.175802 0.00132641 17.7099
0.131914 0.0876953 0.758055 0.0956467 17.834
0.946545 0.742855 0.748364 0.175765 16.2828
0.31132 0.766258 0.000436603 0.0278545 18.1038
0.839873 0.746768 0.000269279 0.71945 17.0308
0.973849 0.791232 0.804756 0.769395 14.498
0.180736 8.22223e-06 0.00359255 6.81783e-05 21.6257
0.157237 0.000831215 0.0217741 0.00197904 20.2517
0.00189342 0.236897 0.296846 0.00132641 19.9871
0.468271 0.000625298 0.758055 0.619942 17.3087
0.229993 0.000118212 0.0862168 0.000419677 20.6247
0.00189342 0.00315043 0.753258 0.637658 17.9664
2.17788e-05 8.22223e-06 0.779355 0.00196934 19.8326
0.870961 0.000118212 0.0623252 0.670198 18.0432
0.946709 0.0317286 0.000436603 0.00197904 18.435
0.839873 0.746768 0.139442 0.791784 15.5497
0.839873 0.876772 0.0344671 0.00127958 16.4464
0.233863 0.874661 0.851741 0.759977 14.6556
0.00150934 0.000831215 0.30527 0.0630024 19.4011
0.703799 0.000625298 0.733275 0.239207 18.3391
0.877219 0.742855 0.0217741 0.00197904 17.6271
0.839873 0.876772 0.779355 0.791784 14.3652
0.794649 0.882233 0.810089 0.0258441 16.0149
0.962095 0.773213 0.0175882 0.00197904 17.0456
0.853526 0.874661 0.0623252 0.744167 15.0766
0.00150934 0.689575 0.555043 0.884417 17.3756
4.02016e-05 0.862975 0.00314657 0.00166383 21.0911
2.17788e-05 8.22223e-06 0.779355 0.837657 17.7394
0.870961 0.692045 0.000126541 0.123525 18.2485
0.78025 0.746768 0.862236 0.239207 14.545
0.839873 0.746768 0.733275 0.00127958 17.0865
0.839873 0.0450419 0.855557 0.239207 16.8996
0.210201 0.885212 0.758055 0.71945 16.3356
0.870961 0.000118212 8.96132e-05 0.000419677 19.5764
2.28065e-05 0.0177803 0.758055 0.792072 17.6471
0.839873 0.000625298 0.855557 0.619942 16.8135
0.12823 0.00315043 0.786036 0.819365 17.3175
0.660572 0.793127 0.0175882 0.767095 16.3382
0.905519 0.773213 0.82168 0.0630024 15.003
0.229993 0.874661 0.851741 0.168269 14.779
0.757744 0.742855 0.162842 0.884417 16.7536
0.00189342 0.874661 0.851741 2.59539e-05 17.2852
4.02016e-05 8.22223e-06 0.000269279 0.00196934 21.427
0.775481 0.872588 0.786036 0.000419677 16.4803
0.00216916 0.874661 0.786036 0.819365 14.8945
0.000117263 0.0153995 0.00359255 0.0258441 20.9454
0.973849 0.738917 8.96132e-05 0.105436 17.8625
2.17788e-05 0.000625298 0.00359255 0.158144 19.6067
0.775481 0.791232 0.171675 0.769395 16.1221
0.000113124 0.746768 0.000269279 0.71945 18.0183
0.000117263 0.0387193 0.000269279 0.0258441 21.1008
2.46678e-05 8.22223e-06 0.00359255 0.813726 17.655
0.775481 0.000118212 2.4972e-05 0.00435688 19.241
0.802502 0.38746 0.733275 6.4148e-05 19.2063
0.0132692 0.000118212 8.96132e-05 0.744167 19.08
0.00216916 0.000118212 9.83578e-05 0.000419677 20.9767
0.807422 0.776779 9.83578e-05 0.769395 15.2504
0.994311 0.876772 0.733275 0.000137565 17.3561
0.00189342 0.000118212 0.175802 0.00132641 21.2239
0.839873 0.224838 0.733275 0.158144 16.6944
0.870961 0.00315043 0.804756 0.769395 16.1659
0.00150934 0.742855 0.921481 0.175765 16.7546
0.870961 0.0576437 8.96132e-05 0.784964 17.6811
0.839873 0.212398 0.00359255 0.791784 15.5659
0.000803017 0.000831215 0.000436603 0.00169949 20.7965
0.870961 0.914184 0.804756 0.000419677 15.4501
0.807422 0.874661 0.753258 0.123525 16.4328
0.31132 0.793127 0.748364 0.119575 17.1448
0.680988 0.743133 9.83578e-05 0.784964 16.8551
2.17788e-05 0.000625298 0.733275 0.00534684 20.4219
0.67127 0.000831215 0.000436603 0.365043 19.4503
0.233863 0.874661 8.96132e-05 0.759977 15.988
0.12823 0.775978 0.184494 0.789071 16.4719
0.00216916 0.915549 0.0623252 0.00132641 18.7309
0.762093 0.793127 0.0175882 0.00197904 17.0167
0.00150934 0.166809 0.748364 0.803552 17.3225
0.001557 0.000118212 9.83578e-05 0.123525 20.3574
0.67127 0.766258 0.921481 0.0630024 16.3321
0.946545 0.766258 0.862759 0.00197904 15.7769
0.775481 0.000118212 2.4972e-05 0.759977 18.0466
0.827318 0.766258 0.862759 0.746146 14.398
0.870961 0.738917 9.83578e-05 0.80488 16.8029
0.839873 0.730505 0.273935 0.0258441 16.8728
0.973849 0.000118212 1.05735e-05 0.769395 17.8241
0.870961 0.915549 9.83578e-05 0.00132641 16.4446
0.00216916 0.123968 0.000126541 0.00132641 19.546
0.0211347 0.776779 0.187735 0.744167 17.1051
0.839873 0.0876953 0.000269279 0.0956467 17.4184
0.00216916 0.738917 1.25605e-05 2.59539e-05 21.273
0.703799 0.0300425 0.758055 0.791784 16.9025
0.839873 0.000625298 0.801541 0.0517841 16.9019
0.819301 0.746768 0.000269279 0.00534684 17.9847
0.839873 8.22223e-06 0.00359255 0.791784 17.0057
0.819301 0.882233 0.915995 0.00127958 15.5705
2.46678e-05 0.892521 0.000269279 0.000137565 20.2167
0.00216916 0.743133 0.851741 0.105436 17.0946
0.00150934 0.000831215 0.00626456 0.00389448 20.2558
0.00216916 0.901939 9.83578e-05 0.000419677 19.3284
2.46678e-05 8.22223e-06 0.000269279 0.000137565 21.7281
0.680988 0.000118212 0.296846 0.00435688 19.2344
0.000803017 0.0317286 0.000436603 0.767095 18.028
0.870961 0.853732 0.000126541 0.00132641 17.82
0.00216916 0.874661 0.786036 0.769395 15.8616
0.794649 0.000625298 0.733275 0.791784 17.1406
2.46678e-05 8.22223e-06 0.779355 6.81783e-05 20.275
0.00216916 0.874661 8.96132e-05 0.0247236 17.7993
0.243073 0.000118212 0.851741 0.769395 16.9041
0.00150934 0.773213 0.000640306 0.00169949 20.6758
0.807422 0.236897 0.296846 0.637658 17.8263
0.839873 0.0876953 0.733275 0.791784 16.1796
0.870961 0.692045 0.851741 0.784964 15.1361
0.00150934 0.867002 0.000436603 0.00169949 19.4303
0.210201 8.22223e-06 0.733275 6.4148e-05 20.868
0.00216916 0.738917 0.0862168 0.000419677 20.2014
0.31132 0.867002 0.000640306 0.704118 16.8945
0.786725 0.882233 0.273935 0.158144 16.3734
0.00216916 0.000118212 1.05735e-05 0.00132641 20.7176
0.827318 0.000831215 0.862759 0.746146 15.5238
0.001557 0.738917 9.83578e-05 0.00435688 19.9865
0.786725 8.22223e-06 0.733275 0.000137565 17.7628
0.827318 0.000831215 0.555043 0.746146 17.0931
0.00150934 0.742855 0.748364 0.745023 16.9848
0.870961 0.874661 1.25605e-05 0.168269 17.8453
0.00150934 0.791834 0.0217741 0.00169949 19.1941
0.0211347 0.775978 0.786036 0.00132641 17.309
0.00216916 0.000118212 0.0116306 0.769395 17.9948
0.229993 0.874661 0.801663 0.769395 15.4432
0.131914 8.22223e-06 0.758055 0.00196934 19.4875
2.17788e-05 0.892521 0.733275 0.791784 15.4553
0.00216916 0.775978 0.647497 0.00132641 18.5093
0.00681076 0.746768 0.733275 0.00161092 18.5427
0.775481 0.775978 8.96132e-05 0.00132641 18.9387
0.812888 0.885212 0.779355 0.00196934 15.8585
0.919078 0.742855 0.748364 0.767095 15.7246
0.00216916 0.872588 1.05735e-05 0.00435688 18.1207
0.00216916 0.00315043 0.828244 0.769395 17.0343
0.180736 0.0450419 0.00359255 6.81783e-05 21.3407
2.17788e-05 0.000625298 0.00359255 0.00166383 21.3718
0.973849 0.775978 0.804756 0.789071 14.4783
0.210201 0.876772 0.779355 6.4148e-05 18.155
0.12823 0.791232 9.83578e-05 0.670198 18.2011
2.17788e-05 0.882233 0.000269279 0.0956467 18.5886
0.210201 0.882233 0.779355 0.791784 15.0071
4.02016e-05 0.746768 0.00300201 0.00534684 19.5119
0.000117263 0.0450419 0.00359255 0.00196934 20.9427
0.210201 0.000625298 0.00359255 6.4148e-05 20.847
0.000117263 0.876772 0.00314657 0.00127958 19.9836
0.853526 0.874661 0.804756 0.744167 14.6157
0.812888 0.212398 0.733275 0.791784 14.5701
2.17788e-05 0.746768 0.00359255 0.158144 19.0731
0.902211 0.793127 0.921481 0.0630024 15.8399
0.775481 0.000118212 0.851741 0.769395 15.8963
0.870961 0.000118212 0.828244 0.637658 15.4581
0.819301 8.22223e-06 0.000269279 0.000137565 18.5459
0.827318 0.791834 0.862759 0.00197904 16.0901
0.00150934 0.867002 0.013112 0.00197904 19.0446
2.17788e-05 0.730505 0.733275 0.00196934 19.6675
2.46678e-05 0.882233 0.855557 0.791784 15.1607
0.00189342 0.000118212 8.96132e-05 0.769395 18.8282
0.830925 8.22223e-06 0.733275 0.00127958 17.4809
0.00681076 0.000625298 0.0344671 0.00196934 20.5616
2.17788e-05 0.746768 0.915995 0.00127958 18.7647
2.17788e-05 0.730505 0.758055 0.0258441 18.4123
0.812888 8.22223e-06 0.733275 0.0258441 17.5622
0.0679844 0.000129117 9.83578e-05 0.000419677 20.38
4.02016e-05 0.882233 0.000269279 0.00127958 19.8131
0.839873 0.876772 0.915995 0.00127958 15.252
0.994311 0.876772 0.801541 0.00196934 15.9306
0.000803017 0.793127 0.000436603 0.00169949 20.5408
0.973849 0.738917 1.25605e-05 0.000419677 19.7736
0.210201 0.746768 0.733275 0.00196934 18.0986
2.46678e-05 8.22223e-06 0.733275 0.00161092 19.8415
0.819301 0.000625298 0.915995 0.791784 15.2948
0.807422 0.000118212 8.96132e-05 0.00132641 20.2652
0.839873 0.0153995 0.139442 0.0258441 17.7793
4.02016e-05 0.000625298 0.273935 0.00127958 21.4232
0.78025 8.22223e-06 0.000269279 6.81783e-05 19.3483
0.807422 0.872588 8.96132e-05 0.00132641 17.2211
0.233863 0.791232 0.851741 0.744167 15.3903
0.775481 0.000118212 0.753258 0.000419677 18.9031
0.12823 0.874661 0.647497 0.168269 17.0634
0.807422 0.236897 0.804756 0.769395 15.3991
0.00216916 0.000118212 8.96132e-05 0.744167 19.7152
0.001557 0.692045 0.000126541 0.123525 19.5957
0.210201 0.876772 0.801541 0.791784 15.5985
0.12823 0.853732 0.786036 0.769395 16.2789
0.00216916 0.791232 2.4972e-05 0.769395 16.3016
0.000117263 0.862975 0.00314657 0.00166383 19.5739
2.46678e-05 0.000625298 0.729917 6.81783e-05 18.7142
0.00216916 0.775978 2.4972e-05 0.00435688 19.3815
0.839873 0.000625298 0.729917 6.81783e-05 17.9826
0.870961 0.236897 0.992491 0.771807 15.247
0.839873 0.240714 0.00359255 0.00196934 18.3425
0.00189342 0.000118212 8.96132e-05 0.00132641 21.6442
0.812888 0.959573 0.733275 0.00135136 16.0643
0.762093 0.742855 0.748364 0.00197904 17.6591
0.233863 0.000118212 0.786036 0.670198 18.0211
0.12823 0.00315043 0.0862168 0.000419677 20.0896
0.660572 0.793127 0.000436603 0.00197904 18.647
0.807422 0.743133 0.851741 0.784964 15.2026
0.839873 0.00102498 0.779355 0.0258441 17.1228
0.229993 0.241845 0.801663 0.769395 16.7102
0.78025 0.240714 0.779355 0.00196934 16.9624
0.00150934 0.867002 0.000436603 0.00197904 19.2908
0.775481 0.00315043 8.96132e-05 0.000419677 20.65
0.870961 0.743133 9.83578e-05 0.744167 15.9551
4.02016e-05 0.730505 0.185705 0.791784 17.5397
0.870961 0.000118212 0.828244 5.11857e-05 17.585
0.870961 0.775978 1.05735e-05 0.00132641 20.0136
0.870961 0.874661 0.828244 0.00132641 15.3166
2.46678e-05 8.22223e-06 0.000269279 0.158144 19.6446
2.17788e-05 0.885212 0.00314657 0.00196934 19.9058
0.905519 0.742855 0.921481 0.00197904 16.9129
2.17788e-05 0.876772 0.000269279 0.0956467 19.3911
0.775481 0.874661 0.851741 0.00132641 14.6408
0.812888 0.746768 0.185705 0.00127958 18.3685
0.827318 0.773213 0.000436603 0.767095 16.9474
4.02016e-05 8.22223e-06 0.000269279 0.000137565 21.621
0.00150934 0.793127 0.000436603 0.00115759 19.6083
0.00216916 0.692045 0.804756 0.637658 17.016
0.870961 0.236897 0.851741 0.105436 16.5167
0.00216916 0.738917 8.96132e-05 0.637658 19.3193
0.905519 0.766258 0.000436603 0.767095 15.2602
0.00150934 0.773213 0.000640306 0.0278545 19.1218
0.00438877 0.742855 0.748364 0.803552 16.625
4.02016e-05 0.87275 0.00300201 0.946538 17.5091
0.775481 0.776779 9.83578e-05 0.168269 16.5491
0.946545 0.000831215 0.000436603 0.00169949 18.529
0.243073 0.000129117 1.05735e-05 0.168269 20.0574
0.775481 0.000118212 0.000126541 0.000419677 19.1471
0.233863 0.00241365 9.83578e-05 0.670198 17.9115
0.605001 0.738917 0.992491 0.769395 16.3681
0.00216916 0.776779 9.83578e-05 0.769395 17.2539
0.807422 0.872588 0.0623252 0.744167 15.6833
0.00150934 0.000831215 0.000263026 0.767095 19.7204
4.02016e-05 8.22223e-06 0.0859668 0.46699 19.5379
0.973849 0.791232 0.804756 0.00132641 16.7733
0.870961 0.738917 0.000126541 0.00132641 18.3988
0.775481 0.901939 2.4972e-05 0.00132641 19.1625
0.827318 0.766258 0.0175882 0.767095 15.7146
0.00216916 0.000118212 0.851741 5.11857e-05 20.5731
0.00150934 0.773213 0.748364 0.00197904 18.2295
0.775481 0.776779 9.83578e-05 0.789071 15.226
0.807422 0.874661 0.000126541 0.744167 15.9811
0.00216916 0.000118212 9.83578e-05 0.769395 18.2828
0.00216916 0.692045 8.96132e-05 0.00435688 19.7623
0.819301 0.746768 0.801541 0.46699 16.2326
0.00216916 0.241845 2.4972e-05 0.769395 18.6148
0.905519 0.766258 0.921481 0.0630024 15.6883
0.00216916 0.236897 8.96132e-05 2.59539e-05 21.3488
0.229993 0.874661 0.0862168 0.769395 15.6552
0.00216916 0.000118212 0.851741 0.769395 17.1899
0.807422 0.000118212 0.753258 0.637658 17.5238
0.00150934 0.0317286 0.30527 0.00197904 20.5971
2.46678e-05 0.885212 0.733275 0.00127958 18.3787
0.819301 0.212398 0.915995 0.158144 16.3802
2.46678e-05 8.22223e-06 0.801541 6.81783e-05 17.4321
2.46678e-05 0.746768 0.00359255 0.0956467 19.0314
0.00150934 0.0317286 0.839877 0.767095 16.8453
2.17788e-05 0.882233 0.000269279 0.239207 17.7134
2.46678e-05 0.882233 0.758055 0.000137565 17.2765
0.000173795 0.876772 0.00300201 0.0258441 19.1067
0.78025 8.22223e-06 0.00314657 0.791784 17.4571
0.775481 0.738917 0.992491 0.769395 14.7898
2.46678e-05 0.882233 0.000269279 0.0258441 20.5227
0.812888 0.882233 0.733275 0.239207 15.3375
0.001557 0.915549 9.83578e-05 0.00132641 19.2705
0.775481 0.914997 0.828244 0.123525 15.6523
0.819301 0.87275 0.000269279 0.158144 17.0079
0.807422 0.000118212 0.804756 0.769395 17.1634
0.905519 0.639913 8.43957e-05 0.00389448 18.266
0.00189342 0.000118212 0.000126541 0.769395 18.595
0.00216916 0.00315043 9.83578e-05 0.00132641 20.6687
0.819301 0.876772 0.733275 0.00127958 16.0744
0.00150934 0.793127 0.555043 0.00169949 18.4433
0.00216916 0.236897 0.753258 0.637658 17.9316
0.605001 0.692045 0.175802 0.00435688 18.8843
0.757744 0.166809 0.000436603 0.365043 19.125
0.775481 0.000118212 0.296846 0.637658 18.858
0.00216916 0.738917 9.83578e-05 0.769395 17.4564
0.00438877 0.0317286 0.000436603 0.00115759 20.2545
0.775481 0.775978 0.647497 0.744167 16.508
7.10798e-05 0.876772 0.000269279 0.00196934 20.5943
0.870961 0.743133 8.96132e-05 0.769395 15.9547
0.870961 0.00315043 0.000126541 0.00435688 18.4873
0.919078 0.773213 0.000436603 0.00169949 17.7076
0.00189342 0.236897 1.05735e-05 0.00132641 20.0367
0.807422 0.000129117 0.851741 5.11857e-05 18.5112
2.17788e-05 8.22223e-06 0.273935 0.791784 17.9073
0.819301 8.22223e-06 0.915995 6.4148e-05 19.4664
0.00216916 0.000129117 1.05735e-05 0.637658 20.0298
0.870961 0.901939 1.05735e-05 0.769395 16.6073
0.839873 0.876772 0.00300201 0.158144 16.5854
0.680988 0.236897 0.0623252 0.744167 17.3927
2.17788e-05 0.746768 0.273935 0.158144 18.467
0.00150934 0.0317286 0.000436603 0.00115759 21.1109
0.775481 0.791232 2.4972e-05 0.771807 16.1857
0.819301 0.0450419 0.733275 0.791784 16.5893
0.180736 0.746768 0.00359255 0.791784 16.8887
0.233863 0.853732 0.786036 0.670198 16.1465
0.870961 0.000118212 0.828244 0.00435688 16.8252
4.02016e-05 0.730505 0.758055 0.00196934 18.4631
0.870961 0.901939 2.4972e-05 0.000419677 18.4243
0.660572 0.000831215 0.000436603 0.00169949 19.9097
0.000117263 0.0450419 0.00359255 0.0258441 20.0538
0.00216916 0.775978 0.000126541 0.00132641 19.099
0.807422 0.000129117 1.05735e-05 0.637658 19.2751
0.00216916 0.775978 0.753258 0.276495 17.7953
4.02016e-05 0.730505 0.273935 0.158144 18.8478
0.812888 0.746768 0.00300201 0.0517841 17.6309
0.807422 0.236897 0.296846 0.00435688 18.3038
2.46678e-05 0.746768 0.273935 0.00196934 19.3401
0.001557 0.236897 9.83578e-05 0.00435688 21.116
0.807422 0.000129117 1.05735e-05 0.744167 17.888
0.12823 0.738917 0.753258 0.168269 18.3185
4.02016e-05 0.730505 0.273935 0.00127958 19.898
4.02016e-05 8.22223e-06 0.000269279 0.946538 18.2341
0.00150934 0.166809 0.000436603 0.746146 18.0053
0.839873 0.0450419 0.0859668 0.239207 18.3502
0.00216916 0.000118212 9.83578e-05 0.637658 19.6517
0.812888 0.876772 0.779355 0.0258441 15.6378
0.00150934 0.000831215 0.000436603 0.767095 18.5581
0.807422 0.236897 8.96132e-05 0.00435688 18.3588
2.46678e-05 8.22223e-06 0.779355 0.000137565 18.323
0.210201 0.882233 0.733275 0.0517841 17.1543
0.786725 0.876772 0.733275 0.239207 15.6225
0.00216916 0.874661 1.05735e-05 0.744167 17.109
0.000117263 8.22223e-06 0.758055 0.158144 19.3695
0.210201 0.885212 0.139442 6.4148e-05 18.6362
0.905519 0.639913 0.30527 0.767095 16.8577
0.00216916 0.776779 9.83578e-05 0.168269 19.2303
2.17788e-05 0.959573 0.779355 0.00127958 17.4059
0.44502 0.742855 0.0217741 0.803552 17.3362
0.00150934 0.000831215 0.555043 0.00197904 20.5126
0.00216916 0.236897 0.175802 2.59539e-05 20.1033
0.775481 0.738917 0.184494 0.00132641 17.756
0.00150934 0.773213 0.555043 0.767095 17.9219
0.870961 0.000118212 0.647497 0.168269 17.9682
4.02016e-05 0.0876953 0.000269279 0.0956467 19.464
0.12823 0.00315043 0.851741 0.744167 17.0779
0.00216916 0.901939 0.175802 0.000419677 18.5671
0.839873 0.000625298 0.273935 6.4148e-05 20.1102
0.31132 0.773213 0.839877 0.803552 15.8505
0.870961 0.874661 9.83578e-05 0.0247236 15.8554
0.775481 0.775978 0.0862168 5.11857e-05 19.1606
0.819301 0.0876953 0.00300201 0.46699 18.4971
2.46678e-05 0.746768 0.000269279 0.158144 18.0396
2.17788e-05 0.882233 0.733275 0.0258441 17.5782
2.46678e-05 0.876772 0.00359255 0.0956467 16.8725
0.000173795 0.746768 0.00300201 0.000137565 19.5607
0.812888 0.000625298 0.779355 0.619942 16.9706
0.210201 0.746768 0.00359255 0.000137565 18.6266
0.775481 0.872588 0.000126541 0.771807 15.6409
0.680988 0.236897 0.187735 0.769395 16.7018
0.819301 0.876772 0.000269279 0.00127958 17.8052
0.839873 0.876772 0.733275 0.158144 15.2355
0.775481 0.915549 9.83578e-05 0.000419677 16.9803
0.870961 0.901939 8.96132e-05 0.000419677 17.0215
0.807422 0.738917 0.0862168 0.637658 17.5688
0.786725 0.224838 0.733275 0.239207 17.3481
2.17788e-05 8.22223e-06 0.00359255 0.791784 18.3365
0.839873 0.876772 0.0344671 6.81783e-05 19.0371
2.46678e-05 0.876772 0.00359255 0.0258441 19.0861
0.210201 0.000625298 0.733275 0.791784 17.4264
0.870961 0.236897 0.851741 5.11857e-05 17.051
0.870961 0.000118212 9.83578e-05 0.000419677 19.5666
0.210201 0.876772 0.00359255 0.00534684 17.8783
2.17788e-05 0.730505 0.000269279 0.00196934 20.6983
0.775481 0.000129117 9.83578e-05 0.000419677 18.5487
0.807422 0.775978 0.0862168 0.00132641 18.5064
4.02016e-05 0.0876953 0.00314657 0.158144 19.1981
0.680988 0.743133 0.187735 0.276495 18.4144
0.827318 0.766258 0.862759 0.00115759 16.8237
0.807422 0.791232 0.851741 0.769395 15.2403
0.210201 0.876772 0.00359255 6.4148e-05 19.3506
0.819301 0.38746 0.00300201 0.0258441 17.8418
0.807422 0.000118212 0.296846 5.11857e-05 19.6031
0.703799 0.00102498 0.733275 0.158144 18.0154
2.46678e-05 0.224838 0.000269279 0.619942 18.8777
0.210201 0.0450419 0.729917 0.791784 16.6123
2.28065e-05 0.746768 0.758055 0.00196934 16.8115
0.00150934 0.867002 0.0217741 0.00169949 18.001
0.819301 0.212398 0.00300201 0.791784 17.3982
0.680988 0.776779 8.96132e-05 0.00132641 18.0092
0.775481 0.874661 8.96132e-05 0.769395 15.7215
0.00681076 0.000625298 0.139442 0.00196934 20.2659
0.00216916 0.791232 0.992491 0.769395 16.1314
0.00216916 0.872588 2.4972e-05 0.00132641 19.3639
2.17788e-05 0.876772 0.00359255 0.00166383 19.5523
0.870961 0.000118212 0.175802 0.769395 17.8878
2.46678e-05 0.224838 0.00359255 0.0517841 21.0921
0.807422 0.743133 0.851741 5.11857e-05 17.1451
0.31132 0.000831215 0.748364 0.0630024 18.6293
0.00150934 0.166809 0.839877 0.803552 16.1443
