43 0.780182
3488.71 3488.71 840.112
6067.41 0 0
3.28338e-13 5362.17 2935.34
1578.93 4641.13 3002.96
3903.78 208.822 3909.36
3967.59 0 3967.59
4416.96 3983.72 0
5721.1 1360.35 150.969
5411.11 2814.96 0
2566.76 4570.91 3061
3921.5 0 4932.63
5999.99 0 1688.91
5003.37 2758.74 2698.45
2724.89 2724.89 3347.83
5733.63 820.045 709.991
2.79901e-13 4571.14 3662.54
3.74249e-13 0 6111.95
5774.67 485.34 1524.22
2.02378e-13 2.02378e-13 4674.09
2.13674e-29 3.48957e-13 5698.9
4263.12 2635.29 2905.17
3771.67 4324.71 0
1.02479e-13 3.34665e-13 5716
1704.87 1699.14 3683.12
2751.21 4056.42 3010.61
3006.81 1597.05 3404.63
5385.96 0 3186.18
11.1222 3744.39 3744.41
4029.46 4029.46 0
5028.03 1020.72 2852.39
1794.15 2895.05 3307.3
2341.83 4620.2 0
3037.24 2477.12 3074.22
1.88168e-13 3073.01 4169.68
2.51172e-13 4101.95 3755.32
5662.62 2404.16 1358.92
3.35345e-13 1.49624e-13 5997
5729.57 2506.38 40.6584
2179.49 5404.24 2267.52
5520.22 2752.29 0
5663.65 2441.09 384.661
23.9863 4643.74 3454.01
1696.25 5502.46 2057.62
5403.66 0 2630.37
3.63036e-13 6.41803e-14 6020.77
5219.91 2381.74 2815.57
3.1744e-13 5184.19 3029.81
2.3237e-13 3794.89 3794.89
1525.07 5017.43 2882.38
1915.99 5448.77 2592.16
1.87872e-13 2.74474e-13 5431.99
2.88246e-13 4707.42 3318.83
1063.41 5043.35 3008.88
2504.45 0 5145.24
3013.28 3948.38 3219.01
3.40758e-13 5564.99 2642.13
4688.1 2903.35 1255.91
4984.14 2973.56 154.593
5451.91 1577.45 1492.15
5737.6 0 2606.72
6.63763e-14 1084.01 4789.14
3.41287e-13 5573.64 0
3431.73 3431.73 1347.91
3847.95 3847.95 681.854
5142.04 3015.74 0
5262.29 328.66 2512.95
4535.12 3395.38 0
599.223 0 5867.65
4427.6 3811.45 440.134
463.162 5553.63 0
1351.48 5498.59 2829.16
3714.21 3037.56 2513.97
2241.8 4905.31 1921.3
2261.41 0 5445.71
2462.5 2462.5 3482.5
4569 0 3878.98
5518.97 929.983 1688.59
831.364 4341.04 3076.38
