486 9.55061
10903.1 833.227 1422.97 435.488 483.345
8732.8 845.197 1730.43 5283.21 0.635832
757.021 11932.9 398.407 127.138 25.6379
6.45124 13.2642 2.0581e-05 11.5718 10483.6
5.43462 31.3411 34.0378 11498.9 1021.08
2.06698 778.887 11864.8 1574.22 629.779
0.00629414 0.00935507 0.00137658 0.00893607 10168.6
4.33313e-05 0.00010178 0.00144297 0.360088 10250.9
0.0031398 0.00733065 0.00111471 0.0548955 9775.98
309.49 11577.5 943.914 1329.41 223.147
10670.4 92.0445 514.811 1140.91 2666.73
384.79 32.805 207.19 10929.2 1284.89
0.0013682 0.00879321 0.00113633 0.00948671 9435.76
440.031 451.287 11155.5 20.3462 3845.41
10416.1 575.432 3213.34 26.2544 2144.74
23.393 30.102 15.8378 11195.4 1674.42
36.9144 87.3498 11434.3 1828.79 2630.61
30.9163 62.3686 11584.1 839.454 839.064
3679.23 11348.3 496.803 732.755 40.048
7954.22 2402.84 1978.47 2746.81 4127.09
7805.23 2208.49 3377.09 1124.18 5596.87
1274.51 11131.6 1391.84 2649.03 1.23842
2345.06 9669.4 5055.02 2197.76 319.057
230.746 74.8368 10916.9 78.2818 634.342
680.407 4531.76 1632.22 7674.13 4663.57
903.663 840.577 7577.71 10.3425 7247.15
4113.5 3177.28 5382.12 3574.26 5462.09
3102.19 7786 516.945 3608.87 3498.04
0.403281 0.408069 4.36694 281.412 8866.3
6175.8 9425.48 544.555 864.738 1106.15
953.168 9976.34 1902.79 2113.18 1053.54
1972.47 9192.39 3548.93 454.23 4163.91
2228.56 4980.41 7452.62 2138.43 1574.78
9403.31 1003.82 1350.32 3724.87 1191.45
963.433 4830.14 3014.8 11.042 8045.22
1323.15 271.252 6398.24 7595.88 1944.87
754.409 65.6927 540.148 10728.9 41.7763
6264.33 1053.51 7653.85 3803.43 357.246
3391.81 10764.5 820.801 452.534 833.845
5123.96 717.409 2453.58 3394.69 6984.54
6742.58 2521.77 4897.9 2614.99 2597.22
23.8705 23.7785 0.0367068 709.596 9341.24
973.744 2291.31 10358 1408.57 531.238
195.027 88.1926 10571.8 433.111 1678.47
8939.09 419.838 1812.48 1866.73 5146.85
1601.52 1897.4 7199.52 4760.55 2828.1
5888.73 2903.22 7741.89 1445.36 988.281
7757.25 2079.84 2676.31 3281.04 2181.32
10278.6 3830.73 384.421 567.193 2209.13
1836.04 11299.9 27.8532 1688.49 111.129
7377.79 2659.36 1426.39 4052.91 3252.37
5200.97 3576.58 5127.27 3922.14 2733.34
1179.65 10892.5 1833.61 55.048 452.011
9167.78 1486.33 4073.66 324.075 97.8321
1319.19 6751.6 5470.01 2357.14 4707.81
10017.4 1807.3 604.569 766.269 1726.88
9725.15 1465.24 42.5592 154.439 5433.24
4593.36 2725.08 4148.11 11.8734 8256.52
5836.85 1683.35 7804.05 247.607 3005.23
121.987 1.99843 4201.25 1083.11 8765.9
4161.93 8115.5 2415.27 894.056 4041.12
10363.2 1834.96 97.4405 6234.32 780.979
510.55 211.12 10465.9 842.609 2595.7
602.785 103.313 10057.2 1711.93 5069.41
6575.2 1655.05 6634.64 3074.36 933.913
8299.88 1224.23 3746.21 3964.45 2715.4
2917.38 3954.03 481.473 9708.33 1226.26
3069.18 3390.15 6303.86 4819.95 233.422
5317.25 433.951 4032.59 540.994 7488.4
6971.84 9523.82 1000.81 446.857 1484.5
2754.35 8210.1 2604.2 1286.53 3967.83
1294.12 9113.8 2276 1046.81 5317.4
5050.32 9026.39 812.241 3464.87 63.5632
1115.15 228.551 9883.9 4212.38 721.571
2556.58 10149.9 1002.45 1469.39 838.334
3636.25 5737.84 3777.49 2237.15 4982.01
1428.43 3475.77 6217.51 6437.42 478.23
818.857 10095.5 2175.91 2290.99 480.131
2152.3 8486.14 60.0763 3876.06 5202.51
2035.63 8919.38 3666.21 503.739 1175.44
3848.64 7434.78 66.0705 5881.27 1903.09
2366.64 479.564 9223.19 4512.65 204.131
5239.61 1432.23 9141.77 3135.24 1015.66
8049.9 590.31 379.923 5454.61 2874.93
1911.53 7265.75 3729.42 5070.57 1612.35
5.71385 6.33631 64.5374 51.0292 9016.32
141.811 9823.56 1870.53 3112.95 245.052
325.771 3249.52 5795.59 5551.76 4394.98
3660.65 3703.14 3610.69 3717.43 5661.99
360.316 3913.4 1592.53 3134.98 6436.48
135.083 1328.44 0.761422 6294.62 8196.71
4591.66 5008.21 4415.94 5148.33 3349.68
393.997 10668.9 159.846 1642.62 1547.32
1351.64 384.469 10782.1 1339.01 410.702
3995.36 5847.07 5356.27 4811.28 1250.2
238.108 10553.7 1313.39 980.147 3486.22
933.437 804.984 9963.44 1236.24 1444.89
1885.2 11062.7 993.662 2485.88 467.899
4801.17 1188.19 1343.85 8626.04 456.9
9620.71 858.748 1406.93 1451.62 312.707
1745.16 8.04926 6239.06 975.313 7799.5
1167.43 35.0492 224.808 11359 38.567
1534.02 5179.34 8163.25 1448.48 2524.01
264.73 79.6201 5713.31 10002.5 2926.4
1182.18 155.423 9069.07 1947.61 1120.21
3060.59 5113.99 5942.98 2737.84 4548.32
3286.68 6888.85 661.011 2160.83 5867.43
2182.48 3894.25 6026.94 9.18903 7671.81
400.05 1.97064 960.774 5245.94 8321.74
2783.62 13.8567 5265.7 2851.85 7711.33
469.455 0.179006 747.291 6152.92 8405.57
6858.58 7336.99 2292.8 2390.19 384.185
6345.39 4316.95 154.057 6927.27 1465.83
4056.93 4110.7 6059 3246.45 4521.83
4547.95 3505.09 3227.11 7444.04 900.647
826.972 1189.46 2831.23 10509.5 50.552
3631.75 3228.25 782.914 8373.38 2665.98
5083.07 28.1157 1033.61 9606.54 571.092
1665.59 7923.02 870.609 5242.38 4062.41
8.87651 18.5915 42.2491 36.1391 9211.46
7663.96 5666.16 238.702 327.849 66.4043
8.18931 7.2045 2343.77 3809.11 8503.26
8506.87 1402.46 319.891 3259.32 1746.96
447.742 7151.28 412.062 4677.4 5762.19
5355.92 1075.11 4941.85 6851.44 1323.54
1796.64 7740.85 2188.97 1303.32 5837.51
6023.9 975.44 3570.85 5209.59 1799.99
14.1128 8.7728 134.816 11479 2045.3
9783.29 1867.28 3630.65 10.4131 3520.9
3.04579 61.6696 5554.28 1663.18 7979.56
6880.05 2158.86 2555.77 3769.69 4005.11
126.448 6202.96 3460.49 5173.28 4147.18
244.368 4489.17 4473.83 536.675 6535.21
2288.54 2488.04 9414.56 4324.64 129.007
1300.52 3344.05 458.176 7376.95 2137.89
9925.39 2391.6 2519.65 3188.69 94.7017
3532.49 4551.69 2752.4 5091.95 3761.67
2524.57 8628.6 944.312 193.178 4757.57
324.543 10980.5 90.6446 19.5761 2682.71
5558.3 790.928 8756.87 1371.53 419.948
1874.14 1809.07 898.842 8307.57 3398.76
6690.89 5910.07 354.353 3020.81 3751.47
8.91404 1.31009 10669 83.8295 3261.73
3764.04 2859.87 5300.79 3672.99 6131.1
3064.73 6090.35 4615.16 158.382 5299.88
596.981 1894.17 1112.5 10180.3 117.061
122.157 116.245 613.241 9910.91 2865.74
10212.9 449.507 707.882 2722.68 917.299
4893.58 3243.74 5218.5 4379.25 3465.75
661.835 2474.22 9812.69 127.558 2468.37
1359.07 9905.47 2803.29 3061.4 29.0831
4651.48 7397.61 3132.91 1007.9 3279.3
2942.25 4566.28 1260.93 9399.66 49.4489
4474.77 2832 6761.22 3296.51 3615.05
3119.9 2649.5 734.952 9480.75 1078.71
1813.98 7052.75 994.038 5807.25 4825.31
5803.16 5352.47 5320.97 2084.87 47.7824
7609.81 6570.1 3159.19 942.764 1450.69
4385.61 6831.94 339.273 2977.17 5538.27
2969.78 2268.5 8219.36 1517.69 1863.8
3597.23 4735.94 1165.89 717.661 6909.94
7195.24 1522.32 2156.73 8232.71 332.631
1722.54 1209.44 5873.14 5408.29 3432.52
8204.74 3408.14 1065.99 4353.6 286.082
7114.61 1977.4 4136.89 3563.43 154.563
2666.19 7626.34 2091.24 2111.81 977.356
9083.39 916.466 138.248 990.188 5397.51
9517.69 3518.58 1550.58 518.042 1275.4
6927.5 2226.71 248.883 4073.73 6634.15
5000.96 1406.15 2937.21 5358.63 4884.98
4861.14 1335.75 1333.72 8407.24 1303.42
1465.12 1283.97 4587.28 5786.15 6104.57
772.2 10642.5 859.027 1007.41 2573.82
2703.55 72.3678 10759.1 1201.54 1891.4
9118.63 38.579 3693.71 1606.64 3815.02
112.736 5793.98 3520.57 7142.96 2193.31
8640.62 2691.46 168.575 859.493 218.799
309.476 188.051 5831.17 6545.2 4869.26
3370.3 4601.31 5520.92 126.33 2855.51
9455.33 663.231 2023.79 2925.76 439.507
8796.62 4040.36 2703.05 374.562 1220.62
158.63 10283.5 2777.79 229.358 3007.93
838.282 8009.6 5599.01 655.796 1920.74
6505.17 6583.8 2037.31 42.1918 3346.72
1076.68 5680.7 7105.14 93.1688 1295.91
2010.68 7085.66 1369.3 110.21 6046.87
2650.59 5293.23 5247.37 498.871 2416.86
2382.9 6996.05 1946.81 2009.17 4361.22
6284.86 3162.7 1052.15 6607.98 577.347
4936.15 859.069 3043.98 2804.65 6967.3
3726.55 6918.98 1928.44 1583.84 6041.72
4718.33 7198.79 2875.53 1923.76 708.953
1490.97 15.3121 2526.11 1587.9 8091.3
4735.16 8771.4 1276.8 199.702 582.981
4364.63 1180.52 387.449 9342.87 612.053
793.251 624.946 9386.22 953.547 2379.39
7565 5730.14 3166.03 1581.54 590.668
3306.04 1712.13 1775.94 7441 3927.16
6066.08 4836.39 5194.54 1795.86 1818.86
492.491 6288.58 2472.12 2829.89 6652.15
1620.93 2578.87 7917.98 4461.98 3118.33
749.543 8061.72 2334.7 3890.62 5504.94
871.591 10488.7 426.799 45.6699 2281.28
2124.95 4582.05 7843.13 1255.79 4793.17
29.7999 8682.86 4851.15 1505.65 4214.7
3258.36 2315.15 6425.61 4284.24 2531.92
9273.9 2340.71 2212.06 1777.53 730.2
217.558 960.45 187.082 10257 129.903
1783.83 3778.9 3863.45 4787.55 5973.85
4259.17 2495.72 651.027 7847.72 4444.12
682.292 2840.6 9335.1 3757.31 341.56
4689.78 2051.21 4216.08 6169.61 2017.06
4553.28 6655.17 4336.68 0.266694 4502.16
332.448 5086.49 9530.4 666.073 991.199
1816.27 2457.15 9680.3 503.507 1886.6
4305.64 1786.58 329.898 8839.27 3333.63
1036.62 4296.27 9352.77 631.702 2874.97
8876.16 2425.73 431.267 3004.86 1508.2
6209.42 2180.62 1563.98 4875.23 5048.81
6423.63 706.748 5476.98 3227.68 1700.79
3069.65 302.755 8119.81 650.527 3230.99
3918.09 4226.69 581.755 8431.81 485.291
682.634 9592.6 3179.03 3435.39 1138.9
1000.98 8560.35 343.849 1219.64 5554.57
873.491 19.2667 6060.82 4699.11 7849.66
3092.15 1452.05 4778.38 6784.21 4749.29
274.405 5457.97 1876.69 4090.62 4114.26
22.7588 8.16864 8.396 2452.21 7918.65
2806.3 1374.41 8407.17 3149.54 2976.36
3616.95 5245.12 44.0148 6382.86 4207.2
5034.5 4406.37 300.585 7214.66 4576.16
809.762 362.814 10189.2 1488.49 551.908
2873.33 5398.08 4957.14 2587.86 3583.59
1445.59 9329.13 676.701 1026.32 1416.86
454.121 584.39 6577.27 6630.85 91.8826
28.1752 732.336 5823.86 2818.8 7125.35
67.431 2933.15 42.8602 1875.27 7062.81
73.2776 54.6148 20.4639 10610.4 447.251
7143.59 5228.06 179.094 4716.42 2345.48
1381.92 7225.56 5398.67 741.472 4078.49
1281.06 5559.38 4117.09 2995.76 4605.56
917.907 12.5361 11040.9 1164.63 2781.64
7503.89 2945.66 2239.68 6749.21 968.988
3946.9 950.922 9764.04 441.247 650.547
3183.84 4185.37 573.468 6.99755 8134.08
3964.99 8872.3 2066.75 180.864 1617.2
3395.76 1721.17 6684.7 1309.62 4933.3
3904.51 4021.03 321.236 9980.19 40.4014
5034.19 6963.79 3873.76 1243.01 2118.94
1057.22 42.5246 10253.7 1558.71 2931.11
7055.26 501.628 2757.46 7102.05 858.538
5701.66 1442.95 196.627 7312.2 1968.5
94.3205 5575.31 7267.17 834.54 5802.26
5661.88 2080.71 6167.1 4296.8 2434.06
3837.27 3765.32 1210.78 5638.41 5906.28
6078.53 5921.22 1207.8 3905.85 7.31013
23.5441 1851.93 11067.6 2708.13 182.236
2052.87 6441.64 5899.46 3338.51 3608.8
10081.1 2791.25 269.542 689.299 665.313
14.7068 195.067 11484.1 1503.55 804.327
274.923 7555.24 7320.83 5359.41 526.272
2586.06 8221.05 2637.4 3184.56 2241.59
762.79 10224.7 2103.59 745.58 751.524
1160.27 1260.01 4789.79 8283.64 2167.19
1708.42 6458.37 4537.62 1803.01 5518.34
2999.89 3810.67 8054.95 264.158 672.707
9326.48 2136.7 1142.75 2273.6 457.626
3053.43 3850.73 3682.58 1541.71 6851.61
778.529 202.478 35.2345 11289.9 121.981
8131.55 43.1779 2398.93 4629.79 2006.66
2479 9620.8 1499.45 3483.44 542.898
515.14 264.077 8663.71 630.02 4587.25
2881.9 9230.22 293.716 1696.43 1499.04
5984.69 110.927 6121.83 5573.86 662.062
721.788 1621.67 4873.63 8712.78 1586.72
1251.79 6917.22 4085.08 282.885 6258.8
2325.72 2063.35 8878 3034.7 955.901
5269.56 1084.92 4189.43 14.4349 7768.88
8593.26 270.64 4428.79 1798.16 1792.98
8414.61 1928.97 5615.42 872.601 759.144
5.42591 165.889 58.8533 155.545 8678.71
465.664 6139.85 5519.98 215.855 3868.53
5418.98 2676.87 165.858 7432.07 947.528
4345.66 2322.19 531.881 4774.31 6820.43
7347.34 142.816 4362.97 75.2716 2449.25
1093.97 3511.75 2741.86 8541.47 144.145
444.932 9752.44 753.78 944.771 4297.94
5263.05 3940.89 4281.27 7752.48 57.5566
7186.7 5336.02 809.236 3892.18 2627.02
4007.91 2981.38 406.446 7888.3 137.956
7452.91 1656.65 528.802 4912.87 1990.23
266.077 683.472 2966.2 4250.8 7361.27
1217.24 281.687 8963.38 4908.22 1571.04
823.76 4147.37 314.185 9510.55 243.766
9329.48 2358.63 242.532 5684.13 199.61
4243.09 6034.53 2225.48 113.285 5617.77
3351.54 2908.53 8836.88 347.068 102.068
1132.05 9390 1.48201 2028.6 4934.5
3088.11 671.198 8367.82 5606.6 52.144
8857 2030.35 4232.32 1102.72 792.227
2070.71 964.967 5506.1 4352.64 5199.31
2616.93 7704.75 571.933 5659.17 4336.68
3826.74 8728.59 2462.64 472.816 491
5496.09 126.26 1080.2 1096.44 7431.65
8713.03 1730.01 4332.5 608.202 1157.57
1579.24 506.404 4945.63 20.633 8616.5
4999 812.487 1202.08 7510.75 1230.85
261.274 3636.7 6349.83 5739.21 1140.83
9023.11 900.289 975.216 1154.85 6304.7
2926.62 6345.21 1853.17 4179.13 5861.99
6476.21 396.61 269.9 2419.41 7110.43
83.5373 655.374 8620.7 807.593 5729.45
5600.02 4056.6 3312.14 4186.8 12.9879
1962.52 9076.3 2440.83 1851.42 1299.59
3450.37 5800.02 2211.94 5848.8 2451.39
6395.23 2378.23 7391.3 141.558 125.129
8109.6 2587.52 639.729 3525.28 3047.38
8466.31 1583.16 1299.57 1804.3 4069.61
102.529 236.851 8550.32 1071.54 3801.28
1065.02 6174.27 4736.36 5389.93 2956.74
633.807 345.15 151.673 9271.72 2794.98
281.169 6172.15 4518.02 3632.57 3075.51
74.8545 136.019 7018.84 7536.54 1361.74
4416.56 3672.62 1243.56 5328.68 134.529
5170.4 2496.22 6801.08 2756.71 3580.12
0.639536 1142.35 5666.73 64.6669 6238.1
6553.46 5093.99 3702.46 1381.41 3191.84
8993.64 5495.35 1109.21 5621.02 68.9185
105.957 32.2498 10150.6 1740.22 1211.52
3199.91 2997.11 6514.68 3535.12 255.932
6784.31 2250.81 2984.37 3164.26 2991.47
3915.55 4378.79 2624.85 1.13939 5266
184.431 1216.93 7973.81 6263.01 1441.81
476.613 779.7 94.2244 10090.7 1104.36
112.897 5196.48 2502.21 4004.94 6930.39
4083.1 1303.88 3031.92 3164.29 6766.38
566.762 5602.41 2914.02 1183.85 7292.48
1430.81 2770.53 8914.77 1375.54 3144.08
4422.63 3117.82 6534.55 1893.12 1205.71
2727.83 8840.9 2624.09 4124.68 268.94
6231.08 1778.8 3430.32 352.389 6339.15
3011.02 6249.69 2383.24 4395.05 1779.03
7031.68 1116.82 3903.07 1163.15 5343.09
3787.54 2340.36 1097.98 9126.66 0.673904
429.147 5974.04 7518.4 994.203 96.802
1363.59 338.732 93.6906 10679.8 174.064
6995.32 1097.49 851.792 2911.44 3380.59
149.575 10467.3 743.152 908.342 3687.93
3562.45 1096.29 1222.98 8184.82 2703.46
5200.33 6494.53 4125.71 4268.57 1759
7273.09 2245.12 3100.99 2267.55 1345.2
1404.39 3452.59 7918.37 1033.25 4721.3
2350.6 2616.61 8279.05 2056.18 746.032
5592.91 5039.55 7408.2 486.966 650.808
3149.82 13.8058 3997.59 7034.54 4803.56
2713.57 5983.14 2698.05 4985.3 824.174
5226.32 7532.17 1505.22 4490.4 670.39
2425.54 5509.54 6470.35 392.992 4708.77
7280.68 5615.39 1972.54 3657.58 1784.48
1515.26 1558.26 2662.74 9012.65 629.923
7242.88 1124.43 5167.52 2530.91 2006
5785.16 8154.58 604.119 1323.86 2755.97
6329.56 1149.05 3957.74 57.9672 5992.5
5943.27 1741.43 5992.74 4138.8 2715.64
90.3814 6046.41 1867.64 1315.7 7521.32
6334.33 510.122 7554.92 1748.56 1076.17
3431.01 3045.84 4321.79 282.468 7567.05
1392.73 1759.9 4188.66 3931.78 6699.64
3231.11 702.585 7009.15 4424.76 4950.07
2470.35 3341.32 552.449 3332.58 6621.61
737.91 749.655 258.21 0.463935 9075.84
8379.7 488.695 6158.09 1411.85 26.142
9226.98 709.005 1784.45 5417.66 120.583
8173.94 2957.43 2310.66 1863.79 4278.04
2260.02 4257.64 475.995 7243.24 1159.51
4523.75 7502.78 4497.97 3625.63 153.314
548.063 4133.97 4645.23 3572.27 3638.48
5650.27 4894.45 1168.82 141.993 3543.68
3474.23 8269.82 898.764 1351.13 343.256
4181.24 2018.11 4351.98 407.625 6890.58
6979.29 6320.53 2804.56 966 2252.99
10.6179 310.871 1041.48 9736.45 2312.11
909.898 1275.67 5442.52 5046.06 615.23
6648.08 1953.73 4397.54 3531.25 4020.59
5936.04 3406.69 1834.55 6669.02 2104.29
22.3703 13.841 2585.06 10384.8 265.427
9570.99 484.331 4403.75 850.909 2228.19
1770.55 7643.38 7071 381.994 2142.33
4991.96 6155.85 3737.32 4550.45 3315.1
6835.47 200.777 7346.93 2578.27 1685.51
4452.86 413.245 4278.98 7965.17 600.624
8066.55 2057.43 3261.33 1676.42 3668.27
4927.64 244.993 6970.9 2679.56 1045.73
8085.06 1971.69 1670.94 5738.09 678.713
541.884 327.712 7704.22 5773.6 2704.18
6702.2 4500.65 399.897 4241.56 4199.64
1030.83 8390.83 2055.9 4927.55 765.203
4505.29 321.407 1148.05 6345.01 3863.58
1952.87 2171.71 897.006 7271.69 3697.91
1927.93 7360.24 6717.54 1538.88 801.315
2791.84 7387.78 3818.68 3849.51 399.611
5751.72 7698.4 569.53 1650.49 3713.24
3172.88 392.261 679.119 10478.9 1856.31
4308.78 1684.09 3346.48 8532.91 119.859
2936.89 8586.53 3065.59 199.117 1626.46
4480.76 693.952 9466.43 946.074 706.325
3514.53 2600.36 3299.34 5869.27 5241
6070.13 3307.98 733.883 7003.04 486.721
2730.07 8337.44 3641.14 57.6084 2069.18
3481.7 4669.47 1261.37 5371.77 4587.26
9873.62 199.298 2763.69 3035.5 2056.99
2858.3 4720.15 5031.58 5512.15 500.496
2032.68 4702.46 79.4392 7818.18 5677.33
0.0892589 0.100999 4023.14 4008.23 8568.84
10128.5 270.838 1088.48 790.155 3987.76
5532.33 2936.32 3950.34 6046.76 1847.4
1144.06 4263.08 451.734 6102.79 2742.47
4185.7 8419.83 2117.54 594.293 4503.72
507.738 1354.8 439.095 8038.77 5565.16
733.485 4192.95 9621.67 1961.73 2000.88
1779.44 5598.42 8292.51 1368.81 1134.22
5782.95 3414.76 2370.15 2610.48 4814
6546.12 703.496 8429.68 2769.98 574.116
5958.85 6668.95 2762.09 691.102 1400
4040.3 7107.96 332.068 2936.01 1560.83
1925.08 425.068 8239.94 3522.15 5008.96
706.581 5953.97 6366.66 2865.9 4425.07
1520.28 7976.53 4710.35 93.9532 3670.77
4393.3 4186.86 3852.16 190.176 7389.36
163.481 6531.44 6360.6 535.131 871.272
50.0383 3069.87 919.478 9050.29 624.528
1770.55 1627.92 3942.1 6494.15 132.879
7145.16 4005.48 3387.06 105.991 1484.59
5513.51 180.926 5582.66 1722.29 6182.35
215.9 220.719 8602.35 4740.51 2109.5
49.5007 1935.22 6896.16 2674.26 3552.33
2493.32 566.341 1632.77 8150.27 399.818
2397.84 1515.16 6542.31 481.655 5233
1087.24 5068.57 84.7132 6206.79 5217.93
3616.93 2595.36 206.467 9816 2494.01
42.186 12.2474 222.25 8483.05 6418.3
506.595 552.197 6087.82 5235.34 6307.96
4621.59 5575.29 4261.23 2682.95 178.977
6025 374.413 4439.06 2507.07 5068.81
821.732 4955.39 764.645 6958.44 4720.77
7248.08 858.692 1692.86 6514.91 2928.36
5429.28 1859.28 1081.82 6839.81 4415.96
3026.12 9280.63 279.732 349.574 3330.93
1689.03 2753.14 7859.84 933.376 1861.56
1414.22 879.815 2581.81 6130.42 6338.26
0.0234541 219.254 5351.2 9621.03 1374.77
188.12 7931.79 1455.36 236.139 6122.67
1271.18 760.504 546.347 3982.07 7574.87
85.0339 128.611 9220.29 5062.7 2408.96
63.7766 0.382341 1957.84 2882.1 9141.8
4501.62 3512.28 277.615 8078.72 3101.12
173.308 1175.13 8477.4 3358.23 6204.31
3324.57 81.4997 5026.55 4539.92 6282.95
5452.78 1576.03 2005.19 7791.67 268.77
6642.42 674.347 2787.63 3439.35 6198.49
1071.44 10395.1 499.428 996.252 982.061
361.102 743.4 462.725 10052.4 3720.08
1634.92 6403.25 6082.12 4013.13 2505.89
1525.15 4873.46 6845.15 2503.4 1006.78
881.731 1772.47 1733.6 8254.17 1034.41
996.648 3027.6 3961.42 7689.1 1690.5
0.151688 19.6546 25.5607 8765.67 4265.19
7506.89 354.917 5001.26 2129.37 32.7391
4493.21 1927.45 6861.85 2312.92 2639.11
8345.93 627.68 1869.39 4595.57 5091.22
364.762 6805.69 2508.96 3817.39 6267.79
31.8532 306.145 8790.63 5297.96 847.906
899.465 409.263 1577.07 9831.86 137.179
925.767 72.0387 10292.8 101.739 2206.13
8341.15 2834.9 14.6833 7941.62 865.437
1606.33 662.272 4871.34 1990.59 7459.12
1115.82 1134.16 7216.22 5951.68 2693.95
5909.25 4145.2 3976.88 2306.93 3288.82
784.651 939.43 4822.21 7063.15 4289.46
3518.06 339.512 5764.32 2820.52 6380.98
3425.11 6718.42 5300.6 3667.17 1377.85
4765.3 1598.24 502.264 9236.42 2649.63
7466.39 3747.13 841.308 1056.08 1093.33
1840.08 1449.64 7966.01 4400.41 3103.03
3574.99 1467.27 2104.17 4543.3 6578.27
5367.61 6708.12 4857.77 2611.96 1639.16
32.1631 48.4057 1475.26 10225.6 648.189
2444.27 6379.25 321.552 5858.05 5599.67
9834.47 3022.83 461.454 713.15 1294.76
63.3232 326.751 6113.17 8136.58 1646.16
4187.97 3535.9 5821.57 4970.88 1049.75
1451.84 2255.02 1837.8 5930.23 6372.52
236.993 2150.69 2890.61 6719.72 2317.01
21.9665 63.9254 3381.21 9151.4 3936.7
2846.68 1037.8 0.875863 8928 5011.82
725.448 2307.27 7051.84 5719.31 2222.75
2172.74 8341.66 2329.8 719.534 5759.34
4720.43 288.052 61.5787 4947.18 5111.93
5362.97 950.226 726.504 6577.37 4958.16
4175.38 1202.26 4958.47 6075.49 5638.99
