0 0.011991
2.33619 5.29133e-07 17.7875 1.26392e-88 1.86122e-24
2.65542 3.84448e-65 16.2224 2.11362e-08 5.26671e-54
3.002 1.81017e-66 7.49776e-09 17.2068 2.16907e-22
3.17054 1.11676e-168 1.34792e-06 6.34552e-90 16.9969
3.93507 1.40848e-125 5.28808e-25 3.26718e-55 16.4505
4.40088 4.0608e-35 15.7167 2.3692e-132 2.37313e-08
4.591 2.54879e-26 16.8187 1.32581e-101 5.72119e-46
6.57788 2.38649e-29 14.6491 1.93856e-24 3.12612e-05
6.67525 3.82575e-236 14.8021 3.56839e-37 1.08907e-59
6.82521 7.68178e-93 5.75012e-36 2.91277e-19 15.7381
7.64921 12.341 3.36544e-84 1.24139e-30 2.84446e-41
7.79573 8.46137e-24 4.76433e-91 15.0915 1.44182e-79
8.55269 0.000104115 13.7182 1.42972e-180 2.81317e-36
9.16961 1.6531e-50 2.67079e-27 5.97342e-32 14.9403
9.6044 2.3452e-51 6.36805e-43 13.0467 7.2384e-17
10.3867 12.2557 0.000394851 7.35106e-20 3.55645e-39
11.4281 7.93509e-64 4.86593e-106 5.52246e-94 14.0469
11.9567 2.87858e-14 1.30523e-67 2.85309e-52 12.0076
12.0349 4.03678e-32 13.7684 1.42962e-15 4.60307e-36
12.5617 6.44635 2.66218e-24 8.81925 1.01434e-08
12.89 9.2292 1.52474e-48 8.42597e-86 2.00426e-114
13.0349 7.18225e-10 3.59566e-43 11.1889 2.41732e-11
13.619 5.49354e-30 10.1508 7.90581e-09 1.08684e-94
13.6746 5.39706e-155 10.6766 3.53792e-09 0.0254567
13.9953 2.22273e-05 1.28687e-152 10.7212 0.00135886
14.1009 3.25374e-12 8.08829 2.93898e-59 5.29814e-56
14.3777 2.00063e-42 0.000361748 4.15863e-130 7.89226e-36
14.753 0.0770523 1.43274e-124 4.47283e-55 1.30786e-18
14.7661 2.72418e-124 2.15879e-77 3.29884e-102 1.45666e-164
