58 0.501586
0.00243586 8.20885 0.339597
6.32854 0.054701 0.126798
6.91183 0.00618229 1.94055
6.47922 0.512679 0.00369311
6.98183 1.45158 0.000356217
0.00212582 7.06134e-05 7.54184
1.15636 6.70225 0.00197171
2.09976 3.4256 3.2518
2.31385 3.16628 2.92613
0.00608999 3.73763 4.84678
0.00683205 3.1756 4.82271
0.0558823 3.62564 3.75536
0.557201 2.60976 3.72674
0.599835 3.85698 3.67693
0.68555 3.9716 3.33361
1.5999 3.17436 3.36948
0.000588818 1.93744e-06 8.67835
0.00148579 0.00967184 4.99165
0.0285548 4.56453 4.43303
0.902466 6.94035 0.000922189
2.9132 0.687314 2.96787
3.02996 0.238156 3.26002
0.304087 0.00679322 4.42823
2.56095 0.0439648 3.72719
2.74962 1.86362 3.01011
3.37554 0.439182 3.22219
3.38402 0.884245 2.74284
3.4882 0.123858 3.35368
3.49137 0.673418 2.82743
3.64252 1.26993 2.70791
3.75156 0.592329 2.57209
3.84916 0.37931 2.83701
3.66747 0.0293007 3.00842
0.00189611 8.82625 0.207179
6.39531e-05 0.00205337 6.2672
0.0238786 6.93276 0.0740641
0.497892 5.60346 0.0894673
0.00323285 5.88418 3.50111
0.00725965 6.015 0.628391
0.0236172 6.42557 0.193812
0.0838985 5.39253 1.26637
0.0953871 5.24859 1.24058
0.189652 3.85022 3.70066
0.535733 6.28816 0.00671344
0.606165 5.57073 0.236692
0.679184 5.53611 0.020249
2.04223 6.17367 0.000628309
3.14734 6.16323 0.0110808
0.00982873 0.000745214 5.65524
0.0214291 5.7969 1.69382
0.242011 6.25185e-05 5.10091
0.128627 5.5444 0.473616
0.139897 5.5898 0.451595
0.243147 4.81125 1.57796
2.32216 1.58486 3.34889
2.33133 4.94545 0.0402512
2.47511 1.36314 3.15455
0.00371109 7.21697 1.97798
0.841336 4.07987 2.92252
3.91554 1.0129 2.29746
0.0651258 5.32099 2.62993
0.879367 4.7298 1.68342
0.0183832 5.88048 0.512448
0.053082 0.0118634 4.41801
0.0655095 0.000228872 4.72396
0.902394 3.89545 2.57722
1.05763 3.64916 3.72192
1.28741 4.88252 0.406345
1.88326 3.84622 2.64883
2.31167 3.68504 2.10453
2.45244 3.40573 2.53018
2.46678 2.62213 3.33147
2.59248 2.99465 1.97836
3.16497 1.60601 2.14826
0.382185 5.69399 0.0416305
0.00208934 0.000772478 5.31244
0.639488 5.43772 0.236734
0.767191 4.17916 2.14293
0.770183 5.21257 0.283065
1.53699 3.71793 3.40651
1.61619 2.96076 3.26208
0.00816193 0.00164593 4.75519
2.29838 0.0087556 3.75336
1.2861 0.321521 3.7983
1.9997 2.62525 3.51333
2.68572 2.23818 2.87719
2.80039 2.14758 1.8166
2.94438 0.41313 3.26434
3.02241 1.76397 2.8304
3.60696 1.57914 2.40491
3.78783 1.68506 2.01947
4.08498 0.94346 1.17282
4.09481 0.134315 0.98506
0.000197075 0.000116734 8.75071
0.0438263 0.00941634 4.45412
4.0622 0.837925 1.32765
5.29929 3.02342 0.000771511
0.00069279 0.000328197 6.24974
0.00172174 0.00126499 4.86685
0.715218 0.451324 3.74086
1.49838 0.14737 3.54071
3.85944 1.4189 0.340481
5.17936 0.124573 0.418014
0.0407232 0.0138999 3.91009
0.0804884 0.122208 3.89509
1.20279 0.102693 3.87541
4.05311 1.70312 0.24062
4.14021 2.54905 0.131517
4.25247 1.36729 0.218387
4.41924 1.61416 0.116814
4.61248 0.764162 0.268109
4.78872 0.464311 0.170026
5.15101 1.2945 0.0127651
0.0637933 5.75365 0.0508839
0.444234 3.72082 3.75205
0.0146506 7.14184 0.562166
0.0161507 5.32321 3.20525
0.216001 6.47423 0.0107327
1.46407 5.45393 0.206261
2.89657 6.10587 0.0130412
0.0372536 4.15207 2.88169
0.132725 4.22605 1.91478
0.385863 5.68666 0.293558
0.669003 4.81111 1.71572
0.817748 5.48602 0.0763601
4.52588 0.00265235 2.97148
4.74816 0.14315 0.519084
4.76244 1.15129 0.0424545
4.8231 0.527718 0.148063
5.03328 0.0198753 1.41209
5.71897 0.0171001 1.3054
5.75765 0.294839 0.0182432
5.84278 0.0293911 0.18105
0.0354253 5.65914 2.0167
2.18957 3.19253 2.94488
2.6821 1.19407 3.21025
2.86536 3.18104 0.023018
3.49039 0.409193 3.06318
3.5497 1.76795 1.9704
3.71439 1.25287 2.70673
3.77907 0.0141688 3.11632
3.82201 0.542803 2.85034
3.86134 0.0644864 2.40061
4.05123 0.279291 1.90133
4.26921 0.055298 2.40917
4.27372 2.91712 0.0427237
4.34849 0.278991 0.594708
4.37497 0.0692825 1.12695
4.51649 0.0208685 1.24644
4.53172 0.992204 0.566124
4.72857 1.79889 0.0780055
4.8389 0.0857961 1.01734
4.91686 0.174256 0.0302604
4.99286 2.46219 0.00332533
5.31363 0.345946 0.00805413
5.32503 0.0987773 0.0611201
5.73518 0.0245027 0.23083
0.00754028 0.00302139 4.46568
1.09853 0.248077 3.83639
1.11756 4.69848 0.985131
1.21538 4.23236 1.61233
1.36153 4.50802 1.36176
1.51064 0.0624997 3.8938
1.76646 4.17097 1.48654
2.04413 4.83329 0.921334
2.10682 4.35603 0.227382
2.12149 4.22171 0.865088
2.1546 5.23595 0.18493
2.20218 3.87774 1.5755
2.23508 3.69413 2.81888
2.45949 4.16581 1.46719
2.58461 3.85585 0.660095
2.76672 4.05296 0.308997
2.81285 3.58002 0.764587
2.82395 0.396636 3.31121
3.098 1.12591 2.95945
3.41602 2.85025 1.33835
3.47158 3.09907 0.12921
3.65911 2.66027 0.41913
3.68268 2.39206 0.461731
3.71889 2.44801 0.327954
3.89028 1.01693 2.20619
2.35134 4.48191 0.0345852
2.46933 4.15616 0.141792
2.49707 0.599089 3.32844
3.53184 3.29109 0.0023247
8.3356 0.0488036 0.109272
