12 0.981696
166.382 45.3252 12.9916 0.768309 23.9607 0.775656 27.7542 0
22.9247 161.941 0.785359 0.785368 0.785377 0.785386 0.785395 0
5.43785 5.43785 16.2628 171.89 19.5978 0.785387 0.785395 0
3.7234 3.7234 15.5 16.37 6.64316 172.113 0.784962 5.77403
1.96184 0.609532 0.421333 5.14081 167.014 0.785387 0.785395 0
0.590357 0.410457 160.498 0.719032 0.719039 37.3062 10.974 58.8386
0.0895817 0.0791067 0.0709112 0.182441 2.5825 0.0185523 176.869 5.48634
1.93729e-07 4.16927e-05 0.00897286 0.565524 121.723 45.9582 107.896 0
4.97599e-15 3.61209e-15 2.91754e-17 5.76771e-15 4.00023e-17 4.00028e-17 5.62592e-15 165.526
8.0697e-16 6.64511e-17 1.78285e-15 2.95718e-15 5.31134e-15 3.09762e-17 7.58481e-15 161.935
1.03788e-17 5.49002e-20 1.10047e-17 4.56491e-17 2.54381e-19 9.09147e-15 4.80915e-17 148.479
1.43238e-22 1.7198e-22 1.54583e-21 2.73249e-19 3.00183e-20 4.80907e-17 8.41317e-15 137.4
23.4122 139.73 0.71936 42.663 28.6027 0.765184 34.866 0
1.4297e-15 7.61419e-18 1.79146e-15 3.2423e-15 1.32688e-15 8e-15 1.33305e-16 147.474
22.1282 133.633 44.2468 43.4207 0.687887 0.687894 82.0768 0
65.0229 117.239 25.994 5.55192 74.9403 43.1427 4.89987 37.554
0.0778614 0.219859 0.175995 0.429192 0.197086 0.555358 170.493 0
89.2155 97.2919 52.2592 3.8705 4.89043 50.6222 44.4136 65.0596
0.486212 102.037 37.055 88.8095 48.0632 58.5449 35.8219 21.7919
155.161 3.99378 0.699503 14.3564 42.7629 46.4141 43.5253 14.0042
31.4411 26.5105 6.30651 167.552 16.457 14.5687 0.785395 0
159.411 0.749288 0.749297 45.1826 0.77882 0.778828 21.5626 0
135.474 0.61864 25.804 74.9419 45.0187 28.1755 0.756662 46.0962
23.9107 113.047 18.6845 49.8837 38.5448 105.678 45.2641 22.9851
133.152 67.1551 3.20152 0.686653 73.5327 0.765562 19.5724 32.689
45.1538 44.4238 20.9213 36.7966 15.7829 154.708 0.785254 3.28871
1.66645e-15 8.24891e-18 3.10637e-15 1.74495e-17 5.27274e-15 2.55648e-16 7.35518e-15 158.668
0.104254 0.0533706 0.159157 0.0939286 0.354257 0.725481 175.401 7.25639
1.34733e-15 6.97857e-18 1.82154e-15 5.69572e-15 3.17498e-17 6.97374e-15 4.80916e-17 151.635
124.211 12.2267 95.3217 10.4971 46.883 0.739882 50.494 29.5109
94.7824 124.215 0.700686 23.8421 0.708804 1.72025 74.108 13.9963
29.2838 16.5386 119.084 34.7823 10.261 38.5506 93.3837 68.0512
26.7718 26.7718 37.8611 146.312 48.0991 44.8369 7.71954 8.05688
0.616332 128.551 43.7423 58.3536 0.708611 24.5383 66.2456 0
45.9263 19.2431 25.0814 7.26509 55.5513 133.426 0.696367 80.8867
1.68075 38.9403 137.634 70.8339 4.13237 42.4247 0.774863 27.334
153.438 35.235 0.750139 8.13303 39.6412 0.774533 27.3145 0.526688
3.00666 11.8309 148.325 50.5478 3.10185 0.755574 0.755583 44.596
14.4391 34.6979 37.5823 121.647 27.533 86.8152 3.34225 62.3163
0.301909 0.61377 140.688 26.4812 50.8959 54.8691 0.785395 0
68.5325 120.869 0.671903 50.1935 36.4176 1.44541 51.1779 24.6188
0.629016 131.751 0.629023 0.62903 45.7611 0.665898 0.665906 87.2247
10.8741 6.74336 57.6813 143.929 24.7767 8.97562 37.9381 25.9704
4.75391 0.457389 28.0948 30.5222 58.3266 71.7337 129.154 27.7629
84.1932 29.3913 87.4488 22.6994 40.2714 5.52105 73.7758 88.5913
40.8115 14.4639 129.49 0.640907 2.09392 49.4874 71.6496 42.0268
39.5223 57.2604 89.2123 38.6955 69.845 24.9942 58.5235 72.9516
85.916 126.984 0.754625 37.1239 0.776441 0.77645 24.0144 0
21.4412 42.333 155.078 0.785367 0.785377 0.785386 0.785395 0
2.72088 0.642199 6.89495 1.27419 79.9656 51.2876 133.712 57.1932
34.715 36.0025 50.0131 141.233 15.3644 0.749073 42.4654 26.4272
18.5405 29.9044 6.5911 159.442 9.32296 48.5249 17.828 40.7717
5.79653 92.8759 74.5573 50.7411 26.3317 45.0744 0.64193 98.4851
45.3008 91.1188 90.0543 72.8002 0.73777 0.737778 52.9955 18.9255
28.8235 119.921 0.551404 59.9565 15.7405 50.5992 96.1627 0
16.982 23.87 24.072 37.8396 81.1994 121.876 54.2492 46.2506
27.5494 0.128138 0.12814 150.87 12.056 16.1266 13.1731 66.4359
42.5383 104.138 110.853 33.7211 0.756341 45.0758 0.785259 3.1266
0.166696 0.473966 106.074 106.075 37.5105 32.4264 31.6872 39.1018
39.8677 34.4936 143.174 0.739706 54.4361 0.785386 0.785395 0
145.08 15.474 0.685692 0.685699 64.5891 1.93544 3.90883 49.4938
6.40161 2.42117 6.52313 0.0454037 161.439 0.776587 0.776596 24.4134
99.9149 49.5981 0.538104 79.9361 65.0986 57.8308 9.63316 0
137.757 11.8616 0.704511 0.70452 14.0307 66.6624 0.785395 0
29.4627 28.383 9.40623 46.6361 37.1038 67.8186 88.5964 104.331
71.8067 71.8067 101.55 1.33335 70.8084 77.2497 0.782911 14.1758
130.394 10.7033 0.627912 20.6627 0.635701 75.858 15.4013 56.9571
12.3377 18.6499 41.5212 72.1178 0.403956 140.952 4.42034 27.4992
9.34262 6.85166 31.2736 33.3507 81.9267 94.5331 71.1041 75.8948
41.7833 41.7833 36.6242 28.596 73.9575 112.537 54.4966 45.9823
41.7087 42.5047 59.5506 84.2172 80.7244 55.5286 34.778 71.3865
37.9378 64.5522 20.741 88.4304 15.323 53.6725 0.598821 110.561
31.9899 39.4899 35.0209 8.79826 65.6802 125.807 56.9451 26.6486
63.636 63.636 39.7667 89.4257 52.2677 21.7575 87.1184 41.5174
25.7077 9.62257 132.098 0.66037 36.7113 72.3987 30.1874 6.69694
0.0452049 2.16182 1.56677 3.40293 0.0206031 14.3897 164.206 0
18.735 14.1626 128.275 21.0163 32.2207 45.2831 49.385 88.8525
0.100861 0.234955 56.3372 156.371 21.239 43.2355 0.785395 0
9.57264 0.0426788 56.0466 30.9486 104.44 50.4687 99.4646 59.1132
23.1392 23.1392 21.7574 39.2967 145.883 55.8621 0.748516 52.6856
42.3404 42.3404 50.6475 139.407 31.5322 42.5527 43.3822 12.245
0.57893 123.547 34.1087 0.600594 84.7991 29.5636 0.733353 59.9974
67.9482 47.0493 11.0028 44.0199 126.535 20.8907 50.7415 0
149.911 49.1666 0.721469 35.6878 32.5172 0.754503 47.0338 7.91853
10.0428 8.31745 21.9124 36.9503 0.208521 160.533 28.1749 3.71977
2.81077 2.92872 10.4896 21.6323 31.8645 169.632 0.785396 0
70.1588 109.358 8.56358 36.8965 67.4975 41.7356 46.0477 65.6246
31.6933 81.4265 52.7852 102.083 20.7151 80.4342 0.785002 5.27018
30.1153 30.1153 0.911659 0.193382 42.5996 38.2345 154.088 33.1484
25.8751 74.8525 117.317 47.7791 42.3978 32.3818 54.1858 35.9476
9.07922 19.2796 152.689 0.782436 10.8839 0.784394 7.55058 2.00151
39.4078 0.183509 57.1755 27.1502 138.099 61.6381 4.14951 0
0.0012846 0.280877 0.72932 170.882 0.781546 16.475 1.49336 3.83451
13.5593 87.6917 92.1456 75.53 0.69894 16.6107 55.7711 49.1041
22.557 43.2772 35.3351 43.0337 132.695 19.1022 68.8196 0
40.4524 110.749 100.075 20.1976 0.740995 36.8124 40.5869 0
69.0613 47.8712 66.1847 16.8438 119.912 36.6707 0.773745 28.8585
1.42304 3.27724 158.458 0.764086 30.7888 6.08824 20.8741 0
105.122 18.0228 122.491 8.56345 0.739116 0.739123 58.4457 0
10.7425 16.1055 14.0172 52.2878 148.087 27.1272 1.62631 13.5799
116.241 52.1062 20.4 0.59272 12.0153 39.8265 97.9736 35.356
100.482 106.886 0.701509 19.2043 68.1844 7.75358 14.9644 12.3654
37.274 35.8329 29.0748 159.929 3.07229 19.0625 22.1126 2.46083
0.542581 2.29128 5.78425 133.744 87.0223 39.5862 13.9302 43.3797
2.82221 6.59262 8.74448 108.656 134.563 0.780812 10.3528 15.7032
29.4464 17.9035 60.5646 104.867 49.7589 81.9811 11.2742 24.9798
147.205 0.723789 0.723798 0.723806 0.723815 6.0972 7.02987 61.3004
0.668372 0.274249 0.292914 164.798 0.77958 0.779589 20.1515 0
7.02469 7.02469 9.93442 73.2182 25.7258 25.8521 95.5912 126.594
47.4256 71.3851 32.3137 120.53 0.740726 0.740735 42.8073 31.849
53.359 53.359 75.461 106.718 3.77175 67.6329 0.750265 51.2131
6.96706 2.93495 36.9208 3.92426 131.09 12.6435 89.2379 34.4908
8.76658 76.1986 5.46866 97.393 0.576794 23.1677 70.5768 87.375
0.386668 0.386668 116.243 0.546838 116.246 2.24865 21.8812 19.1035
85.5869 74.4607 107.017 0.763693 9.00912 22.5098 25.4053 12.9889
20.7311 112.398 13.9825 115.146 0.784436 0.784446 8.01523 0
1.27477 0.565395 14.7339 41.501 44.0609 156.91 0.776327 25.88
40.8549 35.5434 0.567124 23.4113 58.5212 134.584 40.185 37.6989
5.4719 12.7277 17.6343 55.2381 16.3434 68.8764 136.039 54.9905
164.531 0.784934 0.784943 0.784952 0.784961 5.41595 0.785395 0
57.7925 34.4924 44.3657 28.8124 76.2774 22.2268 38.0692 131.018
0.198391 43.6179 0.198393 62.3015 18.4952 107.102 77.2717 79.054
142 19.0803 15.3664 66.3597 49.1546 0.783382 11.8899 0.753431
14.0456 15.3818 0.0978351 47.9902 158.819 0.785387 0.785395 0
70.3576 21.6942 23.2394 117.983 12.9522 44.5164 90.3235 0
106.554 17.984 83.2296 55.6845 0.683834 50.0096 48.8029 45.2043
47.7867 34.1807 20.628 132.301 39.5144 33.7596 36.3576 55.3081
59.6289 69.6726 27.2076 61.4708 105.865 55.0187 57.9618 0
72.4252 21.3271 54.0972 3.62188 136.163 0.77294 20.5943 21.4225
115.469 105.891 0.748494 16.2725 0.752529 0.752538 16.9411 43.8981
88.7091 80.1443 19.4236 37.4813 104.888 0.742523 56.719 0
26.1844 100.719 29.4414 100.411 11.1092 15.9826 2.81253 84.2475
7.07781 17.6832 0.0914379 0.091439 48.8352 152.134 17.7447 23.6426
15.3458 25.8401 144.562 40.2962 56.0689 0.722468 0.722475 69.4944
20.8023 37.57 68.0727 17.9259 4.20554 102.647 62.2888 73.1889
21.5742 27.1893 52.6049 64.985 23.2115 146.776 0.78373 11.349
19.8959 49.3882 44.9516 42.7639 92.1162 17.9536 109.032 59.5112
0.144389 0.000677467 0.162821 0.188175 0.287696 0.671687 167.373 2.55759
0.318402 0.318402 0.341097 123.847 100.347 10.9727 39.6331 50.5032
24.6921 38.4878 72.6028 63.0531 106.479 72.8415 50.5863 16.8214
82.0949 33.4115 62.5152 91.8557 12.3104 30.0479 82.9339 14.7026
4.05956 31.165 39.9872 92.8876 84.7738 74.9695 28.4369 69.2088
39.2005 51.1137 131.204 12.3872 38.3634 43.2922 0.763837 37.726
0.439799 0.609722 157.638 26.725 0.762523 39.4469 0.785395 0
87.1655 87.1655 98.3462 40.2049 26.5422 0.757894 44.8219 0
16.2309 89.703 28.194 96.8631 88.0752 9.73843 0.785324 2.1821
21.139 14.499 51.8811 57.8682 143.117 15.4902 33.286 0
112.726 69.6022 53.5388 1.81783 25.439 44.585 64.2913 0
43.4166 98.786 41.8399 115.734 0.784231 0.78424 0.784249 8.85152
30.4762 88.5677 15.5766 106.618 83.9432 0.758023 20.488 39.9627
83.4842 70.7357 42.5667 17.5308 118.711 14.1755 12.0469 20.2357
34.357 11.6426 80.6346 29.8478 93.3209 20.9937 19.7976 99.9434
43.1331 35.49 12.9055 112.685 20.0997 38.6073 38.5606 87.8311
73.2225 68.8044 113.364 17.9872 0.691845 0.691853 81.8135 4.98975
45.8562 59.4769 25.1897 70.3377 32.5892 34.1012 87.6086 64.5412
16.3075 9.52746 39.138 12.2236 108.516 117.531 7.97096 22.2662
0.706921 18.2041 150.807 6.84304 0.750229 0.750238 47.0943 0
97.0193 73.9474 37.1069 52.8179 53.1871 4.49332 52.1431 50.787
55.0811 55.0811 30.0562 83.4939 3.07421 98.0023 72.2785 45.7065
62.9767 79.2579 31.8649 0.503757 2.44419 60.7414 102.898 42.7951
103.349 75.0412 26.3037 0.605713 18.4629 64.9429 83.8245 0
61.6497 76.7482 0.456932 2.79863 50.491 110.672 14.8024 62.5784
37.1232 11.1862 68.5264 78.7345 98.6397 32.2145 68.4692 23.8832
24.9914 26.2511 69.6929 42.9628 92.5283 104.219 26.9495 2.64723
2.20651 2.00527 0.0139796 7.55504 24.4816 0.120938 111.88 121.974
22.2425 17.9673 46.4384 29.9495 8.85736 27.7974 139.016 48.0751
0.00205975 0.449462 0.740102 27.3103 27.3241 52.4079 158.534 0
36.9027 19.4915 73.0077 15.5033 0.381926 85.5123 53.6965 115.821
24.8679 20.8788 57.8718 126.382 55.6161 39.9737 32.1496 40.1809
23.2689 37.2481 9.67893 54.2121 140.062 44.1429 47.5489 14.5117
128.802 38.0775 63.2623 67.9953 48.6194 17.4926 0.785395 0
12.554 6.1358 9.92007 28.3792 128.25 76.4803 55.5266 53.3813
119.296 0.536586 5.1673 110.807 14.0113 0.735425 61.2893 0
0.0898764 19.8674 84.7446 50.466 5.12717 13.5505 101.652 97.346
46.4425 19.4645 112.568 71.9862 51.7492 28.6338 47.9272 65.2545
3.29757 6.3831 37.2933 162.985 0.778589 0.778597 15.8745 15.4663
24.6412 90.6188 44.9069 49.8743 72.6735 0.665469 43.9168 73.3571
4.69329 4.69329 11.1649 0.0610713 7.50152 114.313 0.542089 120.872
9.29638 1.9564 146.238 80.9061 0.767264 12.1601 34.4692 2.00941
4.61568 9.7813 2.66902 11.1401 0.073934 166.616 0.785395 0
2.37261 1.17738 33.1028 0.155109 53.2812 73.1831 137.762 0
36.8478 36.8478 0.240324 29.6792 39.8604 143.497 43.5319 36.4903
50.8654 21.6399 66.0752 104.619 88.942 39.9131 0.765818 37.9893
18.377 41.9039 20.5099 1.43597 151.05 37.1749 54.9642 0
60.549 20.5337 26.545 101.603 102.571 2.59401 23.8408 28.9398
4.42683 30.5375 64.032 33.4843 26.5291 74.2396 79.2591 108.677
95.8353 59.7033 26.1196 0.545299 17.9954 13.2763 118.032 0
48.2571 12.6941 3.7229 51.9558 72.1329 31.7194 106.829 72.1748
98.2266 14.4215 121.097 47.3743 38.473 37.6909 11.3147 0
26.9571 24.8124 45.5375 2.79121 45.1925 2.31721 131.789 85.326
32.6771 46.818 86.3557 33.6379 0.500661 70.7798 32.7954 105.945
24.0715 24.925 22.3307 15.151 141.216 26.9144 55.9781 28.866
16.7934 50.9864 146.821 10.3878 28.4379 0.741785 11.1753 54.2594
5.88632 21.466 13.2278 113.395 0.552398 34.3879 25.2938 109.533
37.5522 29.1245 34.6179 37.6411 15.5617 73.1977 127.284 66.1816
15.3545 88.8713 0.445592 0.445598 0.445603 3.78965 62.0002 115.227
0.326681 69.9256 48.9138 143.133 0.778522 17.5315 1.61946 13.5102
18.9166 17.9488 15.0163 16.4388 150.502 0.736459 39.0157 41.8268
7.81626 8.20768 9.64459 149.4 75.1075 38.8821 37.6323 11.6861
98.2528 33.4645 70.4964 0.576239 51.418 0.622753 32.6246 98.9664
17.4106 17.4106 19.4261 49.133 42.7599 144.781 26.7005 46.463
118.116 0.597404 0.597412 16.3637 0.603125 87.0612 48.1044 0
5.08827 1.77575 4.06022 19.5215 62.5217 87.4646 135.377 12.4359
25.747 9.23626 16.7382 32.0684 35.6598 47.4835 74.72 131.812
25.0798 41.4047 55.7892 73.8633 42.8615 100.61 61.8301 0
1.20205 62.8285 8.02004 128.423 69.7332 56.4306 5.67116 0
3.02215 15.817 85.1198 85.9394 75.0521 56.3482 18.8185 42.2864
109.725 36.9062 45.639 0.58585 104.993 4.05071 32.723 15.3109
3.3066 8.77654 18.4164 57.7461 46.0586 130.302 60.3379 20.6262
83.5684 83.5684 96.1605 1.11004 0.675766 45.3346 22.3377 74.7627
85.1377 0.384258 6.68745 26.3658 60.2007 88.3631 69.6709 77.507
5.28154 1.17885 3.3562 11.2829 38.154 70.2655 146.713 9.19206
120.499 0.620836 0.620844 0.620852 0.620861 47.6159 80.3077 0
10.5691 10.2268 81.1942 38.0998 0.414774 36.2719 136.288 38.3131
162.121 40.396 0.744411 50.2255 0.777326 23.8183 8.24303 0
25.1709 67.6122 17.8054 61.001 19.2016 21.1722 21.8127 130.002
101.198 0.472229 0.472235 111.441 32.4472 23.753 0.727084 63.6422
15.2264 15.2264 1.6756 0.100457 165.191 0.77486 15.2355 22.9737
70.2793 53.3722 88.2483 52.8559 2.0433 101.81 49.0676 14.9938
6.13471 94.4974 57.8328 50.4747 52.7635 98.4016 0.781218 17.1172
42.4639 0.209681 11.9973 136.637 0.709008 0.709016 59.1515 34.3875
39.0946 21.0452 114.734 0.56726 69.1896 8.48628 92.9896 19.2948
43.8606 79.8996 127.173 3.16209 0.765903 35.5222 0.785395 0
84.994 84.994 98.1917 4.07021 0.707081 12.6487 0.709431 73.9948
114.192 40.564 68.4513 16.7113 23.2386 34.9956 45.6135 19.4859
10.6637 27.9997 58.015 83.7696 34.9714 99.172 8.67045 92.5431
9.58249 26.7213 47.1331 101.035 0.5634 69.4788 82.4393 29.3593
110.697 66.2118 63.4983 64.5492 15.9817 9.0856 16.0378 58.4363
46.6722 46.6722 37.3829 75.8556 13.6176 96.1456 0.689986 78.6821
29.4776 21.5017 22.3708 89.4771 0.452527 135.674 0.766778 37.2601
0.177573 0.0573256 0.1821 0.00118853 0.722981 168.598 30.3503 18.3842
92.4359 14.0385 5.48042 46.8498 35.1707 110.469 35.1898 0
24.5325 81.703 27.6239 3.53791 64.1028 77.9371 59.4228 76.1031
139.694 52.5206 0.706501 0.706509 0.706517 26.5986 21.2271 63.9776
75.276 0.342713 20.3988 28.6667 120.908 27.0576 86.2995 7.57999
39.7635 45.5236 0.282303 27.8151 0.310762 139.054 67.2012 0
12.988 12.988 20.8111 30.3311 41.1152 100.663 120.889 10.4025
21.9502 16.6154 35.9275 22.1073 50.3726 34.2609 150.126 6.07041
73.9831 28.4492 52.7328 75.1943 109.896 37.3526 31.5099 31.4731
5.08751 5.94234 5.79582 116.955 23.9391 0.537903 30.7605 123.664
0.177382 0.0791775 0.204345 0.00135172 0.729281 163.085 15.4732 0
33.9407 24.1377 28.0085 77.0798 63.9226 123.616 0.784944 5.65856
25.9685 7.54758 41.205 4.97472 6.04412 0.238694 156.44 0
30.0236 4.57113 0.139732 6.45552 164.104 25.535 0.777378 24.3278
44.0459 44.0459 50.9508 28.3809 35.8773 47.1653 103.891 90.4644
86.9343 46.5154 107.306 36.0582 28.7676 5.11251 22.3617 5.9114
4.80439 22.4589 1.78453 23.4538 24.1477 100.952 135.058 9.43955
2.41212 17.9097 11.5359 1.32369 163.176 7.08377 4.95048 20.0855
91.2573 67.4721 2.6542 6.50915 113.709 61.1943 10.8059 22.2807
45.2311 45.2311 133.578 57.5195 19.5291 6.12419 42.3113 34.9038
8.77803 10.1851 26.1871 5.3036 11.4369 27.5393 143.346 67.7019
0.00223568 0.14663 0.178393 0.510169 34.6096 148.888 50.2522 0.996284
35.138 51.453 11.3084 34.4627 40.6667 142.356 45.1043 41.087
19.284 14.6464 24.2155 34.2459 48.431 68.4918 96.862 93.5891
19.1058 47.3147 53.7867 24.6926 78.1437 0.518888 66.1599 106.725
44.7398 23.5466 24.3022 0.261177 102.076 116.474 25.1279 26.3006
29.4427 45.7429 54.3993 138.482 2.77183 66.5518 19.9194 0
41.1824 84.585 0.459622 54.6401 94.32 0.703463 12.3441 70.4161
0.620533 42.8259 35.8343 87.1357 6.33223 40.8128 124.602 61.6914
84.823 8.57459 15.1782 13.8667 135.348 19.3808 0.738388 58.8777
25.3411 11.2827 110.191 0.52512 67.9936 95.6073 11.6826 45.5112
4.90963 5.0494 11.0761 44.8214 29.7481 144.726 47.695 10.8854
25.6579 25.6579 73.9598 82.3815 111.359 39.6993 0.785395 0
39.9571 13.6654 53.2462 32.2568 144.391 29.7016 22.0319 46.9968
1.53298e-17 7.7591e-20 7.7592e-20 4.55814e-17 9.50129e-15 4.80909e-17 4.80916e-17 155.174
61.9811 52.2088 111.495 48.8842 58.3228 47.091 33.3944 31.0015
19.5603 33.4524 59.0251 114.122 85.116 61.8791 39.0602 9.70066
55.9158 7.50403 56.4171 39.855 23.4579 0.441115 16.6005 134.834
19.0244 17.3808 136.337 62.0632 10.3849 25.5692 0.741775 53.7528
111.724 105.751 73.4296 0.779184 0.779192 10.7776 0.780756 18.6476
147.877 0.715306 28.2072 0.728211 18.9115 0.733943 55.537 16.0219
2.3297e-16 7.83974e-17 3.48761e-16 4.8173e-15 3.62346e-15 7.81538e-15 1.05664e-15 162.259
65.5209 65.5209 125.928 6.79205 55.9658 15.6395 35.9271 0
84.3926 33.1506 30.2089 93.9775 77.7852 12.9296 59.7909 48.2126
42.1462 58.0869 71.7663 0.491117 101.494 67.5023 34.4337 0
60.3052 24.6636 17.1065 67.3621 60.9269 87.2369 64.9458 58.2623
61.6653 37.5824 135.341 33.1689 0.744992 0.745 52.1438 4.9767
52.0295 72.974 70.3035 99.3943 0.696469 35.7313 9.74073 69.5498
2.73292 0.392546 1.77427 122.95 99.2155 0.735282 19.2715 56.1117
72.3855 20.7275 26.7882 23.592 129.59 0.700216 23.6753 74.6056
5.47135 7.19543 134.113 3.71341 29.0261 0.64869 29.0468 89.2922
0.384294 86.6639 54.2645 37.4602 0.482885 126.866 30.5208 49.8596
0.522033 107.826 23.0171 56.5081 46.6273 5.91053 92.7995 12.1087
28.513 28.513 40.3235 3.01258 87.5884 130.794 20.97 0
0.36239 79.0582 45.8092 47.2992 10.2992 10.2067 67.3743 118.417
0.065051 0.160713 36.7965 162.02 0.782851 13.3834 0.785395 0
35.7406 15.9787 35.5268 127.088 79.0954 72.6118 45.0355 6.19873
125.497 0.586557 2.57387 47.0632 28.8586 68.1946 63.3936 27.6495
0.328565 0.294751 90.7422 0.441404 112.163 21.4081 68.0443 12.9131
0.21788 2.84022 4.74894 32.3619 41.4654 129.381 85.7849 6.18802
0.205037 45.2154 69.0558 92.2037 0.561176 52.7798 89.1053 62.9109
43.6606 62.9708 76.6262 99.2131 77.0582 49.1857 0.771965 32.4191
0.2419 53.9588 55.1314 37.1969 29.3889 63.2166 86.5369 104.927
65.7289 65.7289 64.8941 87.3514 0.662487 0.662494 0.662501 91.1274
26.2875 9.29276 65.7287 0.341238 133.542 3.65647 33.9045 53.951
51.7105 51.7105 65.0485 17.1899 8.82034 0.47546 93.2047 92.2918
13.3713 11.7333 6.4506 17.1618 156.624 47.9784 0.74239 57.2422
48.7298 16.1637 51.3406 1.37103 28.3976 0.359377 151.524 0
67.5423 14.9422 48.3009 84.3695 6.55798 70.2026 84.2135 57.9839
39.192 41.8736 47.5187 35.7618 0.38639 26.4667 143.798 0
8.15826 17.4697 42.1289 152.57 21.3406 0.752518 48.0708 0
3.06328 1.55692 2.80324 86.335 86.4488 81.7199 59.6525 69.9515
11.4716 23.1694 86.1836 14.8264 0.430439 60.7768 109.59 60.5554
45.2392 18.9159 21.5005 53.5412 75.7188 0.510008 0.510013 125.406
14.5805 10.0027 19.9625 44.5427 62.8975 50.8108 103.737 81.7296
42.5599 43.1471 19.657 58.5751 95.0506 81.3206 52.6407 34.4156
9.78839e-17 7.2943e-17 1.52789e-15 3.40074e-15 5.99373e-15 6.05068e-15 1.97478e-15 155.232
61.5536 48.6476 96.0477 56.2354 52.7998 30.3777 0.68439 83.9847
75.7068 9.62067 41.7122 103.318 78.6727 2.33372 42.9417 35.1269
107.799 83.4599 70.4484 25.9505 50.5233 52.547 0.778547 22.8465
32.2021 14.4698 90.4617 9.76207 45.5433 7.93061 107.991 76.8438
29.2001 60.5811 11.9343 0.313677 84.8308 34.9723 110.943 62.0826
20.1943 31.9647 43.7503 35.2422 33.3979 75.5055 131.357 47.6107
82.2572 81.0953 61.2609 110.81 5.24319 0.780622 10.726 15.673
36.4153 36.4153 50.787 54.6113 90.6304 74.0538 81.0733 19.2928
64.8473 17.3641 23.8472 0.323598 99.4891 51.8679 32.5914 105.698
49.684 15.0986 139.443 53.4232 0.77173 0.771739 29.8739 0
0.491247 0.00227754 0.455264 0.00310523 0.296509 157.989 60.1151 11.0968
1.09113 1.68385 15.7661 15.8017 73.6783 136.406 21.0437 81.8439
71.0423 19.4339 0.342042 73.6533 96.1818 62.7229 0.719965 67.5805
35.9561 42.2959 48.4208 21.0233 47.3915 128.479 28.8352 52.2096
60.8858 59.2108 64.7889 28.8206 88.4617 11.6058 0.656642 93.2685
18.4249 5.30292 78.7863 55.0721 98.0195 0.669555 84.4393 9.71266
149.86 4.35342 48.0858 48.17 10.6217 0.735174 0.735181 62.0149
32.8527 28.0765 32.1604 108.083 97.6036 15.2826 22.4249 28.7598
46.9931 2.38644 123.904 5.84103 0.669553 48.6787 0.713211 65.1696
0.500423 0.0911439 0.256583 0.00254538 0.460161 163.912 61.4024 16.2426
33.8579 47.1394 62.1488 69.0817 109.559 0.697744 41.0647 68.7324
65.6979 38.5253 59.0778 25.4965 26.8801 0.476979 103.264 87.0913
64.1352 7.70092 40.001 0.369202 0.369206 23.3632 123.478 67.516
0.00920888 1.90531 2.96912 4.24639 2.19944 9.55856 162.109 0
140.343 26.5522 0.683878 55.7414 58.0983 0.785053 0.785062 4.77558
20.7807 20.7807 28.8297 18.9705 55.3187 59.1303 70.6782 129.081
25.3175 99.2852 102.462 0.69203 9.56731 0.892431 23.2432 73.5891
13.6075 14.3978 12.333 16.0966 9.54909 45.1705 105.45 134.305
76.8372 23.5682 81.4834 0.594182 2.38635 20.8438 6.77412 96.444
42.8693 85.8056 95.9186 80.064 0.731937 20.113 0.737887 57.8931
0.231922 49.7531 42.0208 13.0191 98.3544 62.7836 41.5391 92.9352
36.1165 10.5281 3.35279 17.1275 104.797 21.8646 116.419 39.418
51.1584 10.386 24.4865 49.3859 76.6212 43.2541 95.7714 79.5178
24.2284 10.432 21.2227 98.2223 5.27238 109.917 83.2281 0
36.4073 36.4073 30.5355 20.4647 0.302565 7.17006 125.593 84.5026
60.1295 18.504 62.9123 29.4382 0.432001 93.716 31.8311 102.228
35.3996 61.3904 70.8655 0.476603 86.4777 0.629512 68.9033 70.7459
19.6101 35.2592 139.137 58.9006 13.1227 0.732703 0.732711 60.5739
143.653 35.7586 11.3563 67.9079 0.772126 24.5263 17.9586 0
21.0916 37.1759 0.214451 19.9311 2.66436 97.5607 7.48849 112.691
58.516 60.3811 16.9252 110.514 0.643541 83.1235 0.748583 51.6572
91.4459 25.7536 38.2175 17.8951 30.2058 38.0438 79.443 102.558
0.0926846 19.9258 8.69866 21.7419 0.143023 165.756 9.4666 0
47.1638 47.1638 50.1747 93.7044 13.2576 84.6914 77.4657 0
8.10027 8.10027 17.9379 21.2838 1.86181 59.6401 147.178 0
91.4223 59.4763 48.3622 119.308 16.8471 0.782751 0.78276 13.9275
54.4521 54.4521 61.872 98.7836 0.692263 5.38715 30.714 68.0604
76.1102 0.361049 43.046 5.65237 35.5561 132.281 31.1703 0
14.1629 97.0252 65.4781 73.1089 41.8448 0.671289 14.6127 86.7859
25.9378 6.21198 6.01862 28.4506 64.5337 75.6414 127.754 10.6272
8.49131 13.733 73.2596 130.911 34.6915 37.6646 5.10551 72.6744
66.5356 22.7761 70.326 35.0718 0.501561 24.3839 108.242 61.9549
38.9596 38.0771 33.3981 80.5007 102.779 5.60551 24.979 94.1922
6.31507 34.8674 35.4346 32.0361 0.273218 160.054 8.82126 0
4.75974 27.295 21.5954 52.1545 26.2868 79.506 130.965 0
22.7365 48.1614 8.93921 58.7458 70.6519 83.8249 87.5759 37.4774
23.3041 18.0521 29.4781 31.687 52.364 90.847 117.206 11.227
52.1366 21.2821 50.1162 10.573 76.1221 109.794 73.0973 17.9121
0.900042 31.2409 0.14267 39.3815 123.302 76.2339 1.18513 77.8338
0.459775 99.4791 24.804 107.411 0.686286 56.0058 60.7028 2.60871
35.1181 35.1181 67.2223 0.392909 65.3692 106.107 5.17142 73.2672
28.1336 33.9432 44.0867 85.9939 123.692 42.9248 32.7903 0
26.2503 52.2954 58.2697 43.7869 124.912 73.4204 35.6261 22.8486
26.5542 48.349 19.1484 74.5005 64.3462 23.9106 116.927 14.1677
40.9477 45.6012 115.107 56.596 56.7479 31.6177 0.712245 72.6339
93.6395 9.22078 13.715 40.0084 8.34378 0.504662 89.8089 84.6578
77.3474 0.355894 17.2406 56.7829 117.784 2.12833 8.23455 75.4097
7.33564 13.3931 14.5252 35.6345 61.2141 5.33051 149.328 24.3385
33.5583 42.1133 18.6744 134.863 0.716706 63.228 10.68 13.9329
70.1781 65.3582 95.8992 94.4715 0.740216 0.740223 35.2946 46.8013
130.138 0.62408 0.624087 52.6027 77.6798 0.769349 0.769357 32.9282
0.275959 0.144273 0.331326 0.234124 0.511428 0.302151 166.155 10.4541
0.346246 0.416452 120.17 120.171 0.765931 4.65046 37.737 6.40101
79.8837 56.4748 0.461803 97.8316 68.6194 61.2703 8.87757 0
94.496 18.4348 0.447281 0.447286 91.3111 52.3935 90.4319 7.09346
34.0083 29.8054 45.982 51.5344 82.5534 0.551323 14.1521 117.604
0.309258 67.3359 67.3366 68.3973 34.9368 56.4667 8.72622 104.939
15.7586 0.928125 23.1854 15.3225 114.994 91.1532 68.7159 21.0418
19.8134 12.6757 9.65222 12.7819 91.2849 8.16407 35.0553 136.092
50.5392 22.1999 67.7962 7.54564 92.0565 32.8361 107.586 22.746
49.1538 96.0341 9.62936 109.813 0.712241 46.5952 27.2815 47.1458
14.6279 7.29765 38.6674 21.8523 18.9506 62.4046 80.5815 113.96
21.9303 21.9303 16.3618 24.025 100.138 27.2508 102.363 86.1197
11.0594 0.0524933 2.43301 6.22807 0.546047 11.8507 142.41 82.4149
38.8333 0.178551 27.8234 56.9954 97.1696 49.0236 101.469 38.8187
0.506086 0.15171 0.383083 138.453 38.6676 41.6182 68.7104 25.4265
14.9207 49.5614 77.8454 45.9666 119.599 26.5422 63.562 18.4607
2.3146 0.010806 0.0108062 16.0374 0.0756486 45.1193 161.254 0.313812
13.859 113.032 8.08871 79.8563 63.0297 65.3858 28.4297 10.8687
82.7491 82.7491 34.8048 0.544567 48.7307 90.2483 69.4174 27.597
63.9188 60.8672 28.934 47.3338 74.8379 59.1198 102.924 11.5931
14.6752 16.8602 21.9311 154.437 16.0098 64.7566 17.0856 38.823
122.334 36.7979 24.1848 67.9187 30.2606 67.5354 0.762069 40.9617
30.9945 95.4163 97.2363 58.1762 0.696704 70.2309 0.768073 35.6348
30.8281 22.2118 37.9965 98.8798 8.21574 79.5066 14.2157 103.041
108.043 16.1176 10.4151 26.9307 0.55513 0.555137 112.993 4.51307
0.349319 72.3534 0.349323 13.4086 47.5152 2.96843 0.423144 137.049
77.9529 69.9947 80.7878 12.647 44.4913 0.682404 78.3718 15.3065
16.0163 50.1844 137.068 64.2922 18.8097 0.72685 0.726857 66.0684
16.856 56.3247 85.1921 0.519051 103.511 44.3886 28.6765 17.6078
3.69712 0.636579 23.6526 18.4155 47.1638 30.434 145.701 7.81518
35.4345 65.5306 19.195 0.370997 54.9048 72.6563 29.2685 107.031
7.50105 14.1528 55.0535 61.0115 125.495 36.8103 85.3829 0
11.508 27.0775 43.6237 0.247559 152.818 0.760413 0.760422 41.7618
15.2386 26.8971 71.6102 24.5944 147.176 0.785387 0.785395 0
4.91629e-16 2.09397e-15 2.1133e-16 5.46352e-15 1.221e-15 4.73811e-15 4.96636e-15 148.898
3.40551 19.9765 79.7173 28.2778 40.9151 88.6506 77.3933 44.0649
86.3416 86.3416 78.2847 0.670692 65.9995 0.736867 58.7798 0
45.8991 40.1831 3.96253 76.8824 36.0013 6.69687 124.135 41.8193
38.541 32.4289 25.5918 19.2902 157.515 47.3367 9.27997 14.7915
31.306 0.144415 91.7911 124.981 34.2776 31.4253 38.5618 17.6766
20.7515 23.386 32.033 122.631 24.1816 63.821 27.7567 92.3741
122.88 0.615432 0.61544 14.9491 0.619985 94.9588 0.781396 15.804
27.9544 20.6393 46.89 35.5028 81.9519 60.2148 122.509 11.7446
6.54073 18.0641 41.2277 61.4397 34.6324 19.7229 145.176 40.5034
48.9619 19.0632 99.3837 77.8833 61.2204 72.4698 48.4427 0
29.5969 27.4042 22.7798 77.7177 94.3949 3.97314 106.953 17.9314
12.6287 18.7129 11.8962 45.2754 56.4054 137.513 46.9889 23.475
11.1445 13.1696 91.862 61.3009 107.937 71.2396 1.13445 35.3253
77.4733 77.4733 109.564 0.749702 0.749711 0.74972 48.3673 0
21.2365 82.5803 28.1524 78.4719 39.9252 43.952 43.3277 110.14
58.8583 58.9149 0.384703 83.2792 53.8134 30.7744 0.614823 105.794
61.8247 0.297429 16.0385 63.8719 74.4185 90.7661 68.5725 3.85514
58.9226 22.8211 33.7559 80.9798 0.51415 0.514156 2.06925 124.834
8.85358 9.41756 4.89006 1.81419 34.4275 32.9482 99.0434 102.1
29.4606 60.3434 7.89831 33.7849 69.4671 41.2338 12.2167 128.425
0.0882374 19.695 3.08829 21.5471 61.3175 61.7289 140.775 49.8246
0.367724 0.249434 98.7062 84.5317 57.4155 0.63957 53.8421 85.7629
15.0575 8.94818 28.1787 33.1788 0.217483 46.9224 155.917 0
51.207 68.1784 18.5796 68.49 43.0999 16.2279 44.034 106.356
50.2446 37.5169 43.1755 19.6718 0.370767 120.006 0.676503 84.6186
1.93614 34.682 5.03687 8.43285 36.0981 108.401 119.821 0
91.9166 68.8119 48.4152 60.7399 1.3842 31.2255 92.7401 0
17.0565 23.7765 42.0952 17.5173 125.789 0.633256 13.0509 99.6284
31.3845 28.7213 11.7579 30.2622 43.3392 126.542 91.3981 0
56.1682 56.1682 24.9448 95.6674 68.3667 67.1674 10.1618 13.9894
0.12791 27.1225 8.58851 9.25931 0.141098 147.568 68.1875 20.3624
27.5091 8.07662 11.5154 154.912 18.2077 9.81866 0.785394 0.182483
18.1289 31.3421 36.2075 143.306 34.997 29.865 20.148 34.7015
32.0828 67.8986 64.2435 18.8096 106.784 29.6201 35.7082 73.8097
29.5105 100.682 104.918 0.713953 67.0376 11.4844 0.785395 0
33.2645 50.983 28.0597 67.0309 21.0621 97.1076 2.44891 93.41
10.3467 0.0488618 10.3468 129.123 0.613683 90.1829 16.3272 48.7129
36.682 48.6264 95.9094 91.3321 0.702896 61.2694 39.0798 0
7.89389 4.86066 110.559 0.544866 21.8704 113.083 0.785395 0
20.4544 32.778 12.9886 3.32923 50.4555 151.615 26.4261 3.8381
43.2224 26.6527 50.7794 0.328196 8.13571 29.9681 152.902 5.79487
19.1737 24.3401 94.575 104.044 0.712595 28.6517 0.726576 60.2544
56.987 0.258368 0.258371 74.0174 93.4143 73.5299 28.7881 79.5088
55.8021 37.8595 23.9277 15.0632 73.1208 103.408 73.6071 0
58.8835 42.2313 32.5841 44.2037 33.8912 40.8077 66.1654 120.39
20.5034 100.21 30.1963 0.534122 0.534129 106.653 22.2555 36.7285
81.5149 40.6536 67.4748 58.9892 51.1443 2.12502 0.628177 103.31
39.615 96.332 14.1772 38.8092 30.7557 49.7971 123.374 0
52.5404 58.5427 102.263 95.3763 7.13945 11.8143 0.773222 28.6882
25.9577 36.6226 75.9633 100.984 55.0255 29.0059 92.4376 12.8155
23.6841 81.912 6.66351 129.795 31.7294 6.45984 62.842 31.2484
12.0958 38.1417 14.2244 81.0797 43.5903 118.977 75.2502 38.3032
43.7225 110.711 12.7476 41.9432 3.62586 52.135 11.8802 98.4346
113.184 70.3683 8.16549 45.9534 10.6073 30.7852 81.0379 0.658747
18.8533 27.627 48.1042 68.839 59.8418 0.493657 0.493662 134.148
13.1775 13.1775 121.919 87.5189 48.62 0.776108 6.7155 23.7164
34.9156 44.798 108.73 20.2407 124.33 0.785303 0.785311 2.57651
57.3577 66.733 93.4312 41.6609 24.464 0.642051 78.975 55.6609
80.6631 55.9535 96.4112 107.782 0.78102 0.781028 0.781036 18.4936
30.3212 75.6864 124.224 48.7433 0.765356 0.765365 1.28537 35.9887
21.6229 16.8271 37.4543 72.682 100.853 59.9469 0.644336 101.485
0.193271 0.492058 116.547 0.528659 14.6744 0.532839 0.532844 127.206
22.7449 18.7581 49.3199 18.0735 88.7416 124.627 60.6589 0
44.9209 77.9371 80.8362 80.6939 85.6936 25.5473 0.784136 9.67831
15.0424 0.0727997 23.9279 6.56257 109.199 51.1547 13.346 103.805
45.3924 62.0534 61.1407 22.4644 112.477 53.2413 0.75348 47.0966
65.3235 18.1238 27.9778 63.7776 5.36606 3.22722 118.199 31.3087
127.157 0.571197 80.0602 0.674988 67.5782 2.44696 0.740196 58.4581
31.8476 39.9196 97.1043 23.4324 99.0774 62.3896 8.54472 68.3927
1.98368 7.57451 32.4081 87.6341 0.430794 93.763 0.609241 107.88
6.15766 3.85861 38.4433 51.6239 2.0009 10.8774 140.275 50.0374
22.7705 37.5004 43.8722 4.43092 34.8767 92.9948 84.886 89.7201
15.7806 37.9504 103.843 0.520056 0.520062 48.5528 80.1608 84.8004
57.5265 81.6302 14.3212 2.11053 56.8287 115.81 28.0339 20.0126
40.2903 9.93908 38.703 116.585 50.3195 91.9016 18.0098 0
161.388 6.17896 0.772477 0.772486 0.772494 29.6301 0.785395 0
0.119937 25.3927 25.393 35.9111 67.3032 1.21932 87.053 113.849
35.1116 17.9154 18.531 49.2935 0.29473 65.7809 106.073 104.028
46.1707 68.335 84.4712 0.532552 98.5914 0.693847 75.6974 30.4096
19.6657 43.9558 96.7964 26.6961 20.2995 66.1246 106.858 27.0375
7.77971 0.340074 7.78714 2.99572 130.249 32.884 64.5539 55.3594
29.1558 16.1293 64.1129 65.7678 35.5782 103.98 47.2073 71.7269
20.0817 36.4532 41.6186 40.6781 118.263 0.634746 45.6768 89.7708
31.1788 31.1788 14.0318 22.2547 0.240187 18.718 92.024 129.363
26.6367 27.6432 14.684 41.1009 18.0155 51.6047 138.999 53.7698
18.9234 24.8012 33.6745 0.21802 154.977 0.767674 17.2364 30.3813
35.9465 31.0337 62.5081 57.2073 139.098 9.26542 54.5359 26.7723
