46 1.62187
3332.82 0 0 0 0
0 3137.13 0 0 0
0 0 3039.35 0 0
0 0 0 2884.18 0
0 0 0 0 2491.17
444.671 189.426 1450.64 69.4758 2133.59
137.788 1541.07 0 2695.65 59.6602
112.647 63.2862 175.933 2783.78 31.4736
2889.83 0 0 0 670.832
16.9362 16.9362 943.958 472.959 2316.41
0 279.492 279.492 2757.96 0
1707.94 931.327 124.136 1058.73 160.08
2967.19 0 0 942.681 0
909.801 0 2990.14 341.629 0
1579.49 1311.52 88.7681 495.401 326.679
1825.57 0 1825.57 0 0
0 0 2731.96 0 590.919
44.6412 240.451 1979.21 0 2264.31
2471.63 250.452 0 0 120.332
3054.78 0 19.8234 823.588 0
0 0 2776.47 574.84 323.77
587.064 1219.72 79.541 0 1961.91
2369.96 359.228 0 170.832 858.027
3131.08 40.2306 0 380.018 0
0 2975.38 0 296.232 288.102
205.867 205.867 511.062 2843.4 0
577.972 183.46 761.432 0.782971 2376.15
3275.03 0 608.36 0 0
1880.17 43.0784 800.853 114.403 1609.7
1626.99 239.882 1866.87 242.894 297.72
0 2649.75 67.1283 16.1696 827.078
2559.95 365.727 255.112 601.749 0
0 3033.04 489.732 281.099 370.315
2697.94 0 141.601 615.129 206.603
1912.09 478.022 205.498 0 1127.77
1187 0 183.359 2142.09 952.912
1357.51 120.201 1942.77 0 227.698
2790.11 187.38 303.465 205.985 299.062
295.835 2271.21 1256.8 0 145.021
0 3078.8 91.1296 831.514 0
1356.2 131.352 370.719 0 2167.95
73.9465 418.391 2900.31 0 0
1209.45 916.353 882.122 405.455 484.689
2843.64 54.8903 652.343 0 330.188
153.277 2446.68 339.033 0 912.739
556.571 556.571 2629.44 0 0
2492.14 0 440.665 974.526 0
105.338 100.737 2665.72 307.119 1227.75
1684.5 77.536 243.339 1843.9 687.118
2410.75 0 486.839 222.596 0
548.938 67.0321 2805.31 0 0
1088.32 1908.83 0 121.27 0
0 2415.98 47.545 0 1517.99
300.484 181.564 2555.19 86.2981 283.971
936.078 1618.38 0 537.302 117.166
2535.82 394.629 0 596.097 0
3220.38 0 0 0 540.631
0.207877 74.6646 2259.77 1136.74 74.5841
2674.39 0 71.5065 0 1245.49
0 2249.42 768.38 1027.86 0
198.917 3012.29 10.3005 119.308 0
28.3303 4.48736 2703.27 81.0452 1331.14
2329.72 0 0 0 1532.13
110.592 710.671 189.476 2384.44 734.037
2729.82 0 169.384 489.622 310.871
0 547.516 492.214 1055.91 2095.64
0 2126.79 2126.79 66.8289 0
0 0 2952.5 481.945 0
0 3101.07 529.3 0 0
1161.53 262.627 2573.69 95.3882 199.986
49.6873 1879.29 382.373 397.519 1845.64
730.892 2158.7 152.814 572.685 308.019
948.092 948.092 898.978 22.5374 633.948
156.895 1281.44 1438.34 309.452 818.77
0 1999.36 0 702.901 1930.74
623.832 92.2504 2345.76 198.956 886.937
260.267 260.267 346.139 2519.89 105.122
2023.4 18.9276 110.217 1470.84 0
1200.01 1069.71 1663.21 7.37849 30.6975
0 2341.05 0 2341.05 0
380.738 1134.33 0 2235.99 105.704
2750.02 339.482 0 356.175 0
1753.28 776.427 0 885.606 751.356
326.201 591.693 2042.96 205.562 406.982
730.365 1341.28 854.34 1140.89 442.725
1898.22 726.964 846.241 556.195 481.141
0 1193.75 1919.89 550.168 568.765
107.795 2082.35 1205.66 41.055 393.167
1324 259.429 1306.51 936.103 603.594
63.2845 187.211 934.549 2116.69 1080.67
1865.23 369.349 952.402 936.543 271.006
981.487 2605.84 0 0 238.785
158.373 158.373 316.747 633.494 1747.22
378.869 0 1140.44 2276.62 0
98.7626 44.0812 1019.51 2306.96 505.153
221.118 1627.81 20.3686 1869.29 0
253.651 17.8288 861.359 2224.73 924.12
307.922 307.922 361.326 764.374 1460.03
704.455 1317.9 806.527 359.553 1040.19
3011.25 140.786 0 306.294 370.856
804.453 2117.91 497.404 249.147 0
0 0 520.128 1035.39 2336.13
561.966 97.2898 400.179 1716.32 1239.49
37.8133 2365.31 0 411.087 834.096
3255.23 0 0 195.192 273.887
2601.29 819.472 0 0 0
557.572 144.595 702.168 2184.92 555.796
0 2815.08 931.503 257.074 0
2050.5 762.693 283.614 0 1071.17
0 0 2926.37 0 380.149
714.963 314.089 2145.2 903.428 0
817.355 1793.57 1455.16 264.514 0
288.912 226.289 2405.21 167.866 317.224
251.655 384.583 2183.71 0 914.138
1236.32 482.222 1718.54 335.858 399.569
576.561 1817.87 0 1199.73 0
150.581 396.39 754.997 782.892 1400.17
2214.39 0 983.044 67.5792 506.191
8.18341 9.49848 815.778 676.618 2444.66
249.1 30.6622 51.976 717.833 2434.17
215.331 215.331 1403.42 450.922 1806.99
748.877 2702.78 795.269 0 0
1769.72 0 1189.21 434.92 1023.9
0 2298.54 503.946 122.576 1033.94
11.3205 828.475 839.796 1679.59 449.545
278.51 430.892 2168.14 688.175 185.325
899.43 26.9346 926.365 2056.29 0
368.265 62.5325 158.445 1824.57 1140.66
0 0 764.204 2209.42 1207.59
1053.46 0 3021.04 0 0
322.12 322.12 2590.96 0 618.308
646.209 0 170.648 2670.78 293.491
1302.08 0 0 684.538 1986.62
1409.93 333.02 271.71 2032.65 154.207
423.394 120.645 470.907 2407.05 790.145
2043.4 831.996 566.056 280.317 550.625
163.374 1255.77 1419.14 756.045 0
85.2219 321.061 166.704 2484.41 488.196
4.35631 1644.99 668.476 1249.51 361.319
90.5505 12.4405 23.6138 2550.14 498.875
237.215 173.688 1031.79 1442.69 992.812
388.004 36.4015 705.374 2650.49 0
812.812 776.924 67.8999 1657.64 369.23
1556.93 1117.86 600.841 412.932 336.938
990.678 65.0066 2239.48 31.9996 1059.52
776.017 150.519 182.258 2471.43 349.442
202.231 2797.68 432.213 152.473 526.487
600.582 569.161 1493.29 0 429.521
415.161 373.708 788.869 331.841 1909.58
1489.83 0 2831.71 0 0
160.294 673.355 2322.92 526.808 274.818
233.085 2843.86 548.136 0 0
158.301 456.261 1433.98 1170.62 1163.36
662.207 662.207 1324.41 425.201 429.625
868.474 868.474 1581.27 139.457 82.5285
0 2758.9 1103.98 0 232.906
143.578 296.226 249.266 1342.3 1595
379.006 1237.41 590.404 621.899 801.32
1434.96 1938.89 406.983 0 43.8538
1446.62 1776.95 510.889 327.133 87.7133
1062.82 138.763 2234 200.203 680.568
25.0945 2863.46 222.009 210.974 148.772
0 798.479 168.488 966.967 2419.68
509.777 2216.78 207.233 974.98 253.245
353.836 23.926 1607.98 1608.46 571.063
1614.7 351.043 0 276.639 846.203
171.164 1978.58 1475.92 0 453.523
844.976 2028.38 0 643.677 266.655
767.351 294.53 0 2171.9 452.181
1061.24 347.674 2057.52 869.863 0
2164.47 450.348 441.353 831.282 342.272
1228 617.246 944.772 405.243 656.63
0 2390.74 0 915.191 169.385
2868.93 0 264.135 1152.63 0
819.89 1549.95 80.225 1281.05 305.326
2643.6 156.415 0 449.471 731.576
455.215 529.822 2292.92 0 164.999
3189.7 0 629.99 47.9594 232.037
0 1189.08 226.511 931.747 870.849
3042.9 0 0 88.4446 474.508
1307.06 1307.06 270.995 993.338 40.35
1447.72 724.533 1008.19 40.8731 243.802
377.476 1558.42 0 1288.61 1061.95
1694.9 177.721 2002.13 0 100.887
356.407 2286.03 549.082 0 783.058
489.473 2054.49 1116.13 0 131.187
473.754 2900.45 0 149.289 397.568
83.1333 361.872 445.005 1025.22 1381.09
1101.91 1954.77 503.861 0 382.283
1669.99 327.802 2376.29 44.2886 0
1021 16.9649 2856.39 52.2508 86.9595
93.2227 379.104 588.109 728.872 1789.31
630.116 1649.22 0 61.0247 1275.92
885.361 885.406 0 0 1770.77
1030.13 562.483 236.425 1049.96 894.995
774.042 0 2610.25 411.534 140.681
1468.22 1468.22 0 265.106 0
0 892.703 348.718 2349.21 0
484.853 1442.08 1702.55 0 524.241
573.69 1023.86 1004.14 650.088 1103.8
30.4763 64.3986 1927.54 950.759 905.977
2626.12 0 450.498 587.788 59.7781
107.466 2167.15 118.643 609.492 1175.32
1388.22 240.289 2292.89 0 45.4639
812.206 1525.59 1521.65 0 335.527
892.803 2553.52 0 373.434 468.736
538.398 538.398 1076.8 504.339 576.078
0 39.7276 623.059 2857.21 0
1329.89 2534.3 0 0 0
12.533 293.525 905.218 2104.76 1009.16
272.103 1747.43 0 53.9675 2073.5
1402.45 0 209.529 232.821 1628.73
3185.64 0 0 90.2951 387.632
2242.62 200.941 736.498 200.363 0
869.654 1584.51 61.8894 980.659 754.76
1171.95 2.39403 570.611 237.733 1976.93
1181.03 131.19 552.78 221.558 1665.13
344.17 730.024 488.644 1562.84 0
106.29 2584.88 1280.41 0 0
398.105 50.9714 131.487 1525.12 2062.02
164.409 164.409 2435.82 1206.19 64.8871
3144.16 128.285 0 0 0
439.875 1379.44 1819.31 0 120.065
200.894 1163.33 1364.23 290.07 414.777
332.514 355.244 687.758 1999.85 0
1541.46 1541.46 520.364 149.45 214.948
266.091 25.8992 342.078 1378.2 2012.27
1420.29 2507.41 384.372 0 48.0705
575.707 87.7552 1666.51 1307 878.716
925.068 1169.03 1177.18 443.852 19.7693
873.627 388.329 389.603 21.4806 2212.6
1532.58 1501.98 724.01 0 182.335
0 2462.83 76.5057 896.707 519.204
160.001 220.067 1900.14 954.103 1013.62
1632.33 230.824 2475.76 0 69.7766
1016.52 473.292 2080.78 303.019 416.673
44.5745 510.191 557.446 2331.14 961.759
670.461 1391.06 343.849 0 933.129
586.132 2189.68 574.951 359.922 243.072
1619.75 929.738 134.398 512.609 744.581
1291.54 498.052 6.71949 559.555 1685.45
2190.26 641.461 267.634 215.662 583.669
764.421 607.423 1371.84 794.367 0
429.71 101.473 0 1517.2 2389.11
4.72447 593.659 1654.61 700.647 847.579
285.746 1722.99 2008.74 189.755 0
0 912.247 912.247 1094.2 1298.68
0 1919.67 243.199 817.617 335.138
232.8 2778.77 825.72 0 92.5699
371.575 200.655 1315.48 1887.71 213.642
0 1299.18 2674.68 0 234.174
1271.99 974.8 1130.99 256.708 598.702
328.549 2317.85 0 0 1060.7
2082.38 876.225 563.343 0 89.6629
1050.37 796.213 0 1641.31 515.554
315.42 284.513 1193.23 2072.07 0
30.4124 1756.78 79.843 1258.53 806.56
59.7454 16.8243 921.591 2397.4 127.953
634.972 2550.18 1099.51 191.843 48.7518
443.526 443.526 565.101 1163.46 769.298
1382.29 0 896.018 1108.61 1018.77
48.1128 703.656 751.769 1195.01 973.597
748.769 402.838 1474.65 808.861 175.257
1942.16 0 1235.05 1270.11 0
1113.25 462.193 1762.69 349.838 0
0 655.207 2494.58 585.172 113.821
0 2732.52 0 4.48622 579.497
857.436 501.509 261.293 1395.84 1226.64
0 717.101 1049.05 1766.15 302.442
2147.39 192.122 954.364 83.8319 1255.05
350.101 433.846 28.0141 2437.43 1268.57
521.73 1387.48 0 100.48 1445.92
32.445 32.445 1234.8 1299.69 1147.28
605.543 263.616 330.884 821.486 1438.54
40.047 458.37 724.998 2564.22 0
974.465 148.454 1740.76 1242.04 114.04
10.3672 549.343 1788.65 1788.43 0
0 958.745 958.745 1972.92 0
0 0 2536.68 0 1371.52
723.206 552.344 279.29 1615.83 1172.84
706.973 1980.75 0 338.017 986.386
151.393 488.19 0 2597.57 925.363
293.178 189.073 136.884 1066.8 1560.62
0 1256.68 246.878 917.896 1498.58
2307.07 776.334 419.414 0 1008.44
1014.57 1214.3 936.724 0 1187.63
1523.66 1845.05 0 0 0
209.177 1769.6 1501.28 0 46.9732
34.7562 139.025 926.071 1495.87 1578.71
2389.31 216.883 0 488.111 645.457
518.75 293.099 1779.82 1126.58 85.2961
387.999 1160.6 1548.6 121.494 628.615
391.916 391.916 1145.12 654.666 1201.22
336.691 1267.28 1467.65 44.4417 763.498
393.795 809.59 1298.54 451.207 153.271
620.983 2015.33 60.3994 1155.73 0
988.411 988.411 1544.96 94.2886 0
18.5416 2940.83 119.018 0 406.134
597.597 705.478 459.401 1780.43 546.261
2987.29 327.415 0 0 0
1511.54 19.0493 716.334 357.025 647.446
1486.06 638.843 0 1234.14 534.97
0 1041.04 288.981 2423.82 0
1798.31 377.757 1056.98 0 256.324
46.9281 1672.12 0 852.361 1468.05
1142.26 233.169 761.164 1954.45 113.654
365.223 342.937 143.488 1554.65 1356.79
1938.3 429.923 1678.12 0 43.6601
1006.09 407.262 313.093 1289.42 714.038
615.542 2378.53 725.215 348.2 0
1146.31 1079.11 788.189 738.201 13.4905
0 1714.63 678.016 0 1640.82
1169.35 2923.45 0 0 0
987.921 438.609 1642.28 0 841.756
2262.26 59.2365 239.02 680.175 464.431
2294.95 1682.23 0 0 0
175.317 1145.58 0 526.987 1847.88
98.0344 1880.09 0 1510.93 458.402
1223.01 1219.05 1166.3 132.03 0
80.171 80.171 592.846 748.812 1862.37
1240.56 0 102.454 2587.75 225.885
518.212 859.606 104.655 1482.47 1192.88
222.163 0 786.572 1008.74 1418.34
0 107.539 1266.98 176.312 2094.65
570.476 280.075 1334.09 1813.81 70.7813
14.8741 273.846 736.315 1352.13 1254.08
2260.81 268.47 0 45.6334 1538.93
768.471 1173.12 484.233 1274.22 319.033
135.002 2599.24 311.614 1574.29 0
529.695 695.048 2207.46 20.0457 357.005
432.148 844.724 1191.67 708.867 714.533
729.804 227.852 2223.04 455.574 56.2805
798.736 103.718 3.43337 1947.66 276.608
203.317 1025.23 2856.3 0 0
266.592 1337.57 1604.17 570.577 152.249
638.275 638.275 0 2448.47 0
187.595 682.476 870.071 1879.26 0
1431.69 1431.69 377.961 1116.21 0
28.7912 96.2676 1624.2 1749.26 0
1418.69 745.911 1281.56 0 0
2102.86 821.008 19.8199 372.519 0
111.338 5.84497 1800.1 1917.28 0
1261.19 646.698 422.264 633.071 1317.64
0 2669.77 602.426 651.418 386.807
2309.02 4.71359 195.743 155.045 953.729
103.011 103.011 80.8104 1985.5 1520.44
766.057 0 252.998 2085.57 0
0 758.053 758.053 704.488 2220.59
1556.52 170.74 1203.67 1213.89 41.1657
1019.58 720.985 970.854 0 943.211
0 228.915 1356.17 1585.09 1090.4
694.495 1508.75 197.335 50.3854 1308.17
196.711 420.127 616.839 1428.87 688.645
382.975 285.708 173.602 1494.14 1416.93
0 439.363 1158.3 1597.66 729.525
1096.03 1096.03 674.147 880.51 252.207
1186.6 331.488 770.677 748.193 1289.09
268.463 858.704 218.759 578.326 2218.43
1402.79 2094.13 223.027 0 62.9937
800.073 2881.96 98.4482 0 0
779.057 306.166 1085.22 1087.22 0
43.5028 483.726 1996.49 1264.73 188.877
961.883 44.1026 1511.7 0 1395.82
0 926.017 255.957 952.205 1476.02
2129.73 0 0 1489.96 0
1015.33 1015.33 34.4728 1695.87 518.209
469.987 23.619 2129.98 736.259 90.7563
727.909 0 856.436 1699.86 745.778
685.9 685.9 271.466 388.213 1359.83
186.532 1591.15 175.913 1953.59 0
49.5634 369.82 434.362 690.358 2193.15
241.83 241.83 50.081 1148.75 1511.42
1962.08 801.76 739.561 117.844 0
214.51 1048.88 1877.25 0 950.367
598.502 125.402 294.064 1539.77 1209.91
112.54 636.751 162.045 2533.75 270.391
1978.43 770.869 0 570.158 36.4519
240.661 583.629 31.1143 855.404 1710.81
458.271 1001 1093.26 1501.34 0
1658.79 1658.79 394.873 0 0
0 0 575.049 2616.46 492.179
1279.63 1055.08 386.982 955.427 398.573
234.733 228.923 541.37 270.77 2051.39
464.113 659.93 2.07344 986.028 2047.15
2808.92 182.516 266.309 0 0
29.4332 1246.76 0 667.443 1828.49
453.767 1411.39 0 137.15 1670.73
1644.78 313.369 1079.8 111.525 953.756
749.217 287.661 513.559 1550.44 1113.22
247.856 243.155 491.011 1419.04 1347.35
0 636.555 217.165 1012.37 1866.09
1151.45 509.334 0 1620.36 503.642
1992.28 698.85 731.104 88.6548 562.137
545.836 1479.32 0 921.881 1017.88
2003.79 0 807.029 524.688 874.92
199.176 904.75 2020.84 0 417.406
289.888 1012.2 823.515 440.4 1157.14
567.074 281.74 2396.95 0 1047.85
957.232 957.232 314.839 0 1390.33
117.355 117.355 234.71 882.554 1648.02
1800.82 43.4671 720.087 1080.18 0
239.489 1307.99 424.545 39.2095 2175.87
1261.64 127.98 2096.19 0 524.929
753.945 899.628 0 1802.77 307.111
0 0 2371.1 0 1701.32
476.902 476.902 420.92 1374.72 974.555
10.4619 22.6478 5.7639 1282.18 2237.61
632.36 205.991 642.828 248.837 1730.02
380.949 1589.64 1970.58 0 0
206.321 445.992 1399.28 1081.4 706.252
526.36 541.712 830.991 876.513 945.736
675.239 2589.66 0 18.1285 563.101
294.216 50.0961 519.384 2318.46 492.161
28.5199 37.403 127.975 1687.46 1881.36
0 494.72 393.322 239.222 2458.26
378.48 168.795 99.5091 53.2521 2474.81
598.948 15.7687 977.759 92.4618 2469.39
1101.31 338.288 1062.07 1438.44 5.08072
80.5225 46.1385 465.898 1240.52 1833.08
1035.89 291.503 441.246 1768.64 33.6413
191.586 192.625 639.661 137.536 2334.3
529.83 308.832 2464.52 0 627.323
192.456 1379.81 1342.89 440.402 261.465
0 1410.86 1436.9 211.976 1475.71
483.004 242.578 672.779 470.395 1875.95
793.218 468.029 1525.22 421.608 0
290.517 305.349 2692.7 105.385 0
182.858 800.458 394.106 2675.74 0
350.066 132.937 483.002 721.473 1687.48
1007.56 337.851 93.382 300.599 2387.94
2406.36 690.959 578.547 315.985 1.44868
0 85.7505 1197.46 939.986 1604.14
109.034 729.003 199.812 1037.85 1926.73
160.568 160.568 1991.24 1159.85 721.077
763.732 1841.81 0 858.467 181.623
87.6947 1087.76 0 1726.88 1463.1
0 773.202 427.434 2257.31 0
74.511 73.0931 98.1013 1744.86 1262.66
1816.76 227.766 0 1322.27 403.418
684.876 684.876 201.122 1296.27 699.704
500.887 112.963 1131.4 1745.25 515.94
124.823 61.655 674.408 1926.7 660.57
0 623.263 623.263 1383.69 1491.46
178.337 375.007 2108.08 1140.62 264.2
218.147 218.147 893.029 1329.32 805.584
585.337 318.995 79.7791 391.838 2252.7
519.639 519.639 1039.28 1534.02 42.1043
0 1701.39 1385.93 335.327 193.679
320.569 1276.61 1597.18 554.926 396.465
510.237 669.37 710.868 1890.48 0
274.338 1047.91 135.836 1458.08 221.572
282.706 182.391 1568.42 1343.92 125.175
72.6412 517.801 435.6 1026.04 1425.57
0 1217.66 1217.66 778.047 0
0 0 0 2627.83 1031.19
750.517 750.517 2423.11 0 0
0 1688.9 191.889 460.303 1981.78
613.729 66.8736 680.602 144.885 2242.23
2114.96 1101.76 0 322.124 0
461.171 1427.27 63.2685 535.223 1257.61
524.983 524.983 1071.29 1433.18 201.585
1107.88 0 1107.88 1627.21 417.517
1524.26 1000.48 1152.89 217.327 29.2283
0 428.731 823.259 1364.55 731.424
566.903 321.658 1122.14 2010.7 0
790.809 790.809 489.115 661.569 433.246
642.644 120.935 1042.5 1806.08 365.562
1043.07 1655.48 821.955 0 447.662
264.023 481.406 1893.11 0 440.652
24.0158 28.15 1055.72 1521.65 615.109
0 2055.14 1681.97 0 25.5981
54.5506 54.5506 744.01 882.71 1735.82
2275.82 0 758.084 0 350.962
947.047 1198.2 1174.08 0 690.592
2006.2 907.992 701.915 811.442 0
223.278 2.44084 81.2311 1909.39 1778
66.6297 66.6297 114.083 1447.73 1632.32
0 0 2518.03 0 1558.58
0 2669.03 59.1517 275.676 406.394
0 1511.31 2533.56 0 0
919.1 543.918 0 1305.33 1556.56
492.67 460.948 2256.6 371.477 828.229
409.119 172.304 581.422 1378.95 1542.46
24.5287 81.7948 360.302 2025.45 1547.67
0 367.03 2105.19 925.404 1078.22
427.329 1150.9 184.625 2588.37 0
0 1462.82 948.216 1173.19 864.952
844.554 1698.38 639.91 393.198 0
389.462 182.919 110.774 572.642 2030.24
357.775 682.779 512.793 696.167 1326.11
0 0 2331.42 1222.13 0
865.361 315.439 0 898.007 2078.81
1050.07 284.491 984.285 364.817 19.7863
897.992 236.844 1385.18 567.761 1092.6
0 329.041 124.858 1224.93 1678.83
235.302 214.531 0 1440.98 1890.81
1243.98 894.429 1745.54 0 0
1165.11 809.472 0 1974.58 201.954
563.297 978.607 330.195 1872.1 182.911
982.189 869.4 13.9234 12.4966 1492.55
