60 13.5253
10.398 0.00875325 2.00084 6.65728 2.91703 7.6421 4.56575 3.87522
5.49168 12.9891 0.0457617 2.52903 3.69314 1.52484 9.00756 3.3025
2.69282 2.41635 12.6684 4.31119 2.00412 0.682994 8.71534 7.23473
0.824729 0.8391 0.814444 16.8165 4.32783 2.19138 3.15036 0.984462
0.336899 1.71085 0.759551 1.37029 0.00335618 15.6342 2.56944 0.986198
0.0626091 0.243165 1.02661 0.797628 16.5177 2.62377 1.27898 1.15175
0.0139197 0.0205764 0.0731915 0.104393 1.24775 13.7879 8.90878 0.000139673
0.00125029 0.000465137 0.00991261 0.201142 0.236325 0.0793419 5.34487e-05 16.6109
0.00015595 0.000303224 0.000809199 0.0886662 0.0438906 0.206715 16.8302 2.82365
2.83935e-05 1.20372e-05 2.25893e-05 3.91597e-05 6.20047e-06 0.0258958 0.00809211 17.998
5.3282e-06 3.64143e-06 5.06084e-05 8.15514e-07 0.00207862 0.000379388 9.21735 8.19694
1.73166e-08 1.06633e-07 2.69363e-07 0.00130275 0.102698 0.363207 3.75825 15.2431
3.43129 9.52735 11.6467 1.26647 1.59131 4.77593 5.80318 4.17046
8.75422 5.2747 4.37019 2.168 2.0422 4.2927 0.376086 9.02116
6.99447 11.0475 8.06181 0.702323 2.9141 4.07021 1.28715 5.12657
1.47662 12.0019 3.02456 4.60388 2.22758 1.5277 5.1964 0.709415
4.94492 0.808892 1.29526 14.7608 3.04056 4.14358 3.83862 5.44301
0.0298642 10.6062 10.0143 2.56105 1.78193 4.07677 2.52977 7.60562
0.0812886 8.5709 2.76904 6.97802 12.1475 1.04866 2.54871 1.28529
6.45556 7.70479 6.03919 2.34533 5.69602 2.52895 7.5995 1.40158
0.316326 1.08862 11.9662 5.94429 1.48772 5.96801 4.5763 2.68715
3.50119 2.76627 2.98062 14.6928 5.73268 2.5186 1.90932 0.485588
0.404066 0.511815 0.73531 13.5371 1.91257 1.13909 7.86149 3.96989
0.000444855 0.0189609 1.89094e-05 0.224508 0.179019 1.2753 0.106788 13.2506
8.11413 6.74746 10.4737 4.25153 5.68792 3.04181 4.76769 1.7435
2.31888 5.60288 9.26004 1.72932 5.89629 1.92722 7.20642 5.65607
9.61703e-05 0.000110913 0.00270063 0.000179304 0.00518915 0.00339639 0.206372 16.612
7.47231 2.37934 0.342993 8.33804 3.54583 3.04038 9.41506 0.116892
7.96211 4.83105 1.82411 7.51799 2.27048 0.507697 5.71344 0.265645
3.71524 1.38993 11.1213 1.30304 7.21843 5.91005 6.16206 1.63112
8.47609 1.0921 5.36822 2.79324 4.08313 1.62603 8.61004 1.76704
0.208028 10.7 7.08384 1.54268 1.1728 2.96296 1.3118 4.77841
0.0741473 0.181595 8.81946 4.70262 7.83402 4.06189 4.3312 3.5467
6.92928e-06 5.53865e-06 5.50252e-06 0.00356005 0.000384139 1.6667 0.713073 12.2029
3.9087 2.55929 8.00491 8.35085 6.56886 0.476342 9.29907 0.413704
3.0312 7.26702 3.2225 9.57713 3.99524 5.47874 3.07552 2.95689
6.05114e-05 0.000129096 0.000330692 0.000580352 0.000109775 0.0003981 0.00574209 13.6149
6.06074 4.12227 7.52923 6.00341 7.23371 6.66107 1.11239 2.16012
0.0524384 0.0597584 10.6851 3.23029 3.45325 7.64656 6.63774 4.06831
5.86398 0.664191 5.16911 3.95705 7.43134 1.76668 4.46464 1.5318
2.89309e-06 1.61582e-06 8.23085e-06 9.05871e-05 0.000139063 0.155045 0.256105 14.3252
8.26016 2.51138 4.23111 4.63176 4.51898 7.37555 6.01184 2.81867
3.3284 2.15118 11.2152 6.85698 0.104825 6.21528 5.45095 3.05322
3.60973 3.25741 10.1313 3.27105 5.14778 5.95495 1.11773 4.18361
1.02786 4.17799 5.00657 7.27998 1.05172 8.49783 4.85818 2.89607
4.04298 5.71339 9.4682 3.78909 0.180646 9.03176 1.76153 3.15586
6.21563 2.4076 0.969901 1.85961 8.7555 0.776985 7.91485 2.28618
0.0745906 0.830277 8.58988 3.96156 4.24107 5.50509 6.45331 6.17106
4.71386 1.8604 7.64559 10.9238 0.153002 1.83402 5.22657 5.7635
8.74418 5.41649 3.7668 3.40132 2.0083 1.77918 4.19929 2.51728
0.517624 5.86917 7.77902 9.07394 6.41041 2.04637 2.30301 3.06101
1.84804 8.13666 9.34016 4.0636 0.819001 5.3662 8.06223 1.57124
0.0848115 0.434819 0.47751 1.15565 15.7436 3.12062 5.87518 2.242
5.16787 5.74497 2.72158 0.25872 7.50957 6.74641 0.266052 9.28839
2.16592 2.26594 6.86681 3.27351 7.90681 5.87288 2.49447 6.22294
4.32906 0.698216 9.88205 12.1355 1.74381 2.97122 1.85781 5.2225
1.56186 5.20821 10.3241 0.0711956 5.08182 6.60235 1.84787 2.15785
4.90346 1.01621 0.466972 13.0399 2.38059 2.37896 6.17759 1.95974
7.21564 3.63921 0.319821 6.78955 3.7804 3.6947 1.92657 6.83915
5.40744 1.34181 3.98797 0.0137756 1.83772 12.781 1.18107 7.24047
5.59385 1.84678 2.68618 8.23978 8.16234 0.728507 2.155 0.611359
2.02719 5.91921 3.26582 7.83742 0.923783 5.31905 6.87556 6.49428
0.00244554 0.00559093 0.0202828 0.0582977 14.6219 2.8282 3.65485 4.08032
2.35121 2.32337 6.71007 10.7921 4.12039 6.34599 2.02149 5.42063
2.59036 1.18993 0.00586681 1.07456 15.2686 5.44071 4.06731 0.205924
1.01655 2.07911 1.71744 2.8953 0.130285 15.1508 0.691321 0.806545
0.912646 2.56748 2.67678 13.4417 7.54435 2.86034 1.24759 6.65222
3.42649e-06 2.02075e-06 1.84158e-05 4.32246e-06 0.00029791 0.00536686 0.010547 15.8628
7.29959 4.2428 4.4821 6.73821 0.961678 5.47095 6.60518 5.17933
0.00197509 0.0319166 0.0314976 0.297383 0.0332576 6.56502 13.8773 4.43793
1.04604e-06 7.78913e-06 4.55807e-05 5.28017e-05 0.000434083 0.00177244 0.30655 16.4287
0.0114106 0.160667 0.0491331 0.150453 14.1501 0.789425 1.74823 2.69212
0.000139157 0.00097875 0.591993 4.25379 5.0649 9.48085 3.73354 11.2715
2.19445 1.6817 7.38301 4.91237 8.38246 2.60738 1.30337 9.65526
3.85081 6.26907 3.84489 7.80945 5.21299 2.38079 4.29161 4.79012
3.80201 6.96062 8.25144 4.11911 1.71324 4.54685 2.03553 0.64636
4.37589 4.06694 5.82749 12.6923 6.29475 1.44018 6.10255 6.78885
2.49632 8.31617 5.31145 4.50844 0.516534 0.880587 1.0772 9.12995
5.71723 1.45372 1.1371 8.72328 0.404424 4.87035 7.40963 7.29847
2.98532 6.90911 1.65114 3.06422 8.87424 3.70933 1.48526 4.27047
0.123876 4.43027 4.28518 6.22625 0.695753 6.53549 4.06353 7.78005
6.36785 3.78018 4.40994 0.464316 6.13575 3.56439 5.43976 5.68109
0.122336 0.0201223 8.17817 2.99718 2.94627 14.6191 2.22258 0.245692
1.69934 3.68968 2.59532 5.82814 8.35717 5.5864 1.32121 7.6883
2.53326 2.11296 0.963031 12.257 7.62084 5.95485 1.43822 4.87731
0.384067 4.7333 0.504984 10.5175 2.41699 6.16649 7.17923 5.40216
4.40305 4.82822 1.07229 9.70916 0.2115 2.11946 5.97928 6.04221
4.14326 8.05825 2.82571 1.50795 9.20538 4.6835 5.15737 3.11253
7.07174 5.00532 5.61372 0.968905 4.99537 1.67538 7.55844 2.30971
2.39763 7.72559 3.81396 11.1238 6.43225 1.60694 2.76732 0.0188158
1.11855 7.2208 7.74076 0.496192 5.50454 5.25831 4.46178 6.53009
2.71077 6.43405 8.24186 4.38668 5.60535 0.436827 7.48485 1.14339
0.376656 3.59163 2.94509 12.503 7.86337 3.34133 2.84248 1.18726
0.542625 0.83861 0.110611 0.591541 14.8027 8.64677 0.226941 0.0312753
5.33103 2.08974 3.87826 1.35078 5.51166 0.857527 7.00816 6.18891
7.0583 5.02824 3.86681 7.41878 1.37542 8.44827 4.14371 3.68141
0.374566 0.613348 0.258876 0.705424 0.991265 2.40793 0.000728331 11.6757
4.497 3.54219 1.30729 2.63644 13.2944 4.4232 0.151221 1.75191
3.58715 4.53167 2.4711 7.8725 9.75071 1.57238 5.58586 2.87256
2.10279 3.88633 0.0412141 10.5952 4.22252 0.218006 3.99856 8.87044
3.03535 0.07746 9.81862 0.369876 10.6316 4.61449 7.28464 2.89581
1.18441 0.982608 6.46447 1.79792 6.49098 0.447499 8.6506 6.5247
0.0505485 0.00233351 0.0787903 0.0289595 0.20166 1.30302 16.4103 0.590662
4.16477 5.75021 6.18059 7.65626 2.10134 2.23833 5.71313 6.69774
4.10267 6.50396 5.98281 4.39174 5.75463 2.34247 3.4272 5.43204
4.32218 5.73705 7.71796 3.51176 4.85314 2.73299 5.87658 2.04785
3.09903 4.89206 5.69326 2.57207 6.64616 2.037 4.39328 8.89076
1.40108 4.25895 1.85939 1.96838 4.58242 0.636175 9.26516 2.58227
1.38572 6.24629 1.61043 4.80926 2.52806 1.24888 12.7605 0.209126
0.562245 6.1777 1.56591 2.26962 2.66514 3.96735 8.26291 5.01292
4.55804 3.18489 1.22896 7.45722 9.64782 2.88606 4.99947 1.60337
3.25906 6.70023 0.015499 0.974157 13.5361 0.359031 2.92436 5.27528
0.00688755 0.332514 0.108551 10.5124 4.95752 6.06616 5.05784 6.26631
0.673026 6.6103 2.3901 11.4454 1.33905 5.96093 1.55509 6.78241
2.95106 4.45282 3.09163 3.41247 4.71113 10.2228 0.243597 0.53179
0.26736 0.25772 1.19944 11.7224 6.28237 3.61957 2.87218 6.08638
2.82432 2.09973 0.38476 2.80402 5.39067 0.862643 8.77013 1.37131
1.36036 2.91884 0.0393988 12.9581 8.43673 4.13522 4.74923 4.02814
5.94927 6.936 2.46594 4.565 1.52 3.8182 8.96563 1.58803
2.26769 2.69762 1.29469 9.42898 7.58812 4.96034 9.0126 0.00719135
0.269736 0.0564567 0.29374 0.899876 0.973713 0.0956086 13.6284 0.0675773
0.136198 0.197889 0.346413 1.06344 15.8842 0.011836 0.408294 1.78118
2.63608 4.8405 8.3417 7.0867 1.92085 1.3376 7.06088 0.892877
0.00434289 0.00245938 0.00156846 0.0177275 0.000207295 0.0754533 15.0874 2.65889
2.3804 1.59456 6.42874 3.63417 1.40931 7.03961 5.07895 6.52374
0.00264015 0.0400119 0.0671592 0.381385 0.331626 14.3231 1.68874 2.59499
0.0294179 0.000547526 0.0273815 2.44684 0.857803 15.4185 1.93412 5.89104
0.00288213 0.00940796 0.179075 2.46952 16.1813 5.69226 1.16708 5.47583
0.227305 0.956206 0.0899558 11.2309 2.79707 3.16707 9.7618 0.618501
1.74004 0.467286 4.70657 1.02895 11.2808 0.339359 0.850384 4.72014
0.184862 5.14433 2.41677 10.0419 6.32659 3.83016 6.347 2.57341
6.40029 2.48627 8.13197 0.648728 7.07182 9.08907 0.887431 3.04691
2.88631 1.58199 0.189752 7.69426 6.83485 1.54418 7.70176 7.50479
0.557179 7.87603 0.514967 8.75371 7.17614 2.50842 6.88481 2.04379
0.000633695 0.0103168 0.00432399 0.00712383 0.00351692 0.599575 15.9442 5.90062
2.1254 2.14689 2.67288 4.40012 0.0332632 1.47353 10.2576 6.31848
2.7265 1.84101 9.65488 9.34069 0.339265 3.04203 0.207883 6.02982
0.0290742 0.235841 0.097523 0.219432 0.075006 12.4097 3.76508 1.41659
3.36468 2.0202 4.3137 6.91865 0.156565 3.37344 9.41954 7.07433
3.35008 3.99449 5.65274 2.84036 10.6047 5.39892 0.642584 0.745465
0.390164 0.537193 6.6074 3.43501 3.8023 7.76904 7.05929 0.308668
1.15086 0.72333 1.42986 4.46347 7.69907 3.88513 5.73089 0.85443
0.00356325 0.00620948 0.0188316 2.48682 1.64855 4.00315 14.1991 1.08437
0.769576 3.3748 1.26966 3.84639 11.7228 4.03974 0.964711 1.6559
2.57171e-05 0.000981818 0.000864232 0.0356468 0.0207981 1.64823 15.6294 0.118133
3.22045 2.87334 4.07263 9.30733 3.04952 2.37946 7.11505 2.97308
0.411048 0.483898 3.13339 5.66518 7.97631 8.58503 1.87292 2.11002
1.11764 1.79204 7.02442 6.27125 3.22794 7.21981 0.185611 5.07904
1.81584 0.232052 3.92458 8.87942 10.4915 3.55786 1.23118 6.93258
3.83299 8.2738 4.50135 1.53417 1.62447 5.73904 7.48265 4.54036
0.00101787 0.000935144 0.000905442 0.000687155 0.0096434 12.9042 6.58473 4.23601
0.529155 0.0663834 3.44161 11.7903 3.10088 2.46519 7.62291 0.908277
2.06667 3.7418 0.71486 12.7829 7.63655 2.83777 7.6952 0.390782
1.93664 0.679755 1.34788 4.13529 11.4241 0.938226 4.4526 3.72386
2.04791 3.91999 2.35964 10.2451 1.85894 6.33343 2.51331 6.62668
0.989926 3.08408 6.31788 2.91083 3.49671 4.74768 0.936786 6.61924
3.15132 2.51428 1.96061 5.52694 10.9069 1.71558 2.64207 1.17948
1.30697 1.62379 1.31233 1.16312 12.593 7.46024 0.0781334 4.31562
1.9744 5.48987 1.59007 5.22437 5.95766 0.0230997 5.13587 9.67625
0.00016623 0.00016687 0.000295158 0.00183352 0.00270025 0.0650112 0.224641 14.5955
1.65676 2.55019 3.43986 7.09179 13.0837 0.187151 3.79086 2.66679
2.65056 4.8863 4.55431 0.944699 11.5047 2.76028 5.33005 3.30483
4.87392 3.06689 0.210554 7.21923 7.17835 0.915404 5.1759 2.44944
0.287331 0.822841 4.73458 6.13286 9.68336 4.51843 1.63484 3.59378
0.604919 0.723979 1.6631 0.147906 2.59176 0.678453 12.4791 0.284325
1.24336 1.75392 2.20214 5.32342 2.85925 9.62384 0.142241 2.19927
1.89876 1.31553 3.18905 7.2698 2.90638 6.34367 5.78775 6.87986
0.000737714 0.00053352 0.00523845 0.061046 2.43156 13.9454 2.70715 4.88855
0.847047 1.45791 6.98135 7.28289 3.48931 4.4379 3.41141 9.09387
0.628609 0.518292 2.21256 1.46965 1.9481 2.23286 11.6032 0.0455565
0.0142231 0.0231474 0.0182056 0.197362 0.038349 14.0994 2.27912 0.697451
0.273519 0.376327 2.151 3.38134 2.61897 7.61814 6.95836 4.39953
0.0654251 0.539873 7.39372 3.26277 10.0531 2.81744 3.52026 5.57898
0.0425347 0.0642648 0.0442133 0.160741 0.851609 11.6668 0.991273 0.215081
0.241006 3.05352 0.800543 5.72313 11.1043 0.31603 1.9596 0.961885
0.0310432 0.630511 0.220223 11.9438 6.15364 3.09631 2.34434 2.26979
5.41531 1.29406 4.45625 3.69425 6.01987 8.54147 5.22886 0.55182
0.216307 0.154467 0.232463 0.537169 16.292 3.03801 3.17323 0.923673
0.0452807 0.0449279 9.66395 0.406201 11.9684 6.96796 3.08537 0.793491
2.66556 0.292295 1.39065 11.5121 1.62173 2.00078 0.911839 8.11019
0.668195 0.866617 5.48032 10.1016 0.0117578 4.99465 1.71807 7.48877
5.61e-05 2.95683e-05 4.94217e-05 0.000178077 0.0348594 0.00436776 10.7865 11.2052
0.0144617 0.0100073 0.00603009 0.0262455 15.0815 3.07575 7.35778 2.44579
1.28458 3.08853 1.58015 1.95674 10.9273 1.87296 3.03275 4.54363
0.00368151 0.116665 0.173245 5.10123 5.07918 4.65222 11.7984 4.20005
3.56486 0.0926169 2.5096 1.03722 7.02901 1.01689 4.37162 9.69301
0.142883 0.0757565 1.71414 0.098076 1.76696 14.8679 0.494767 1.31027
2.9632 1.52486 1.80349 8.12481 5.98868 3.61151 1.78169 6.90664
1.50702 7.95969 3.4008 7.53316 3.80996 2.98078 6.73666 4.88085
0.148366 0.0390571 0.0292357 0.0390811 0.525205 2.61497 15.3873 0.0825864
0.291052 0.558594 5.44004 6.39687 3.71732 6.20596 4.07432 2.99329
1.38994 2.00316 3.66672 7.16527 6.60155 1.70034 4.54809 7.49951
1.61076 2.31514 2.96609 2.30637 2.46688 4.15481 10.8709 0.0928847
1.10307 4.2247 4.52029 4.49215 5.99745 1.39583 6.29286 7.13746
0.713664 0.975219 2.89357 2.98064 5.2039 8.89698 4.01485 3.72049
0.000119379 1.01379e-05 5.48086e-05 0.0262864 0.05579 0.0886873 1.53406 15.5373
2.33675 4.962 8.04628 10.8691 2.79695 4.66999 0.102821 5.02385
0.688698 2.07562 1.46941 5.79157 4.66128 8.41281 4.9735 0.0979353
4.21621 1.62472 3.86102 4.66657 8.61991 0.394464 6.72547 2.85424
0.710252 1.16857 9.32807 8.6627 3.56418 1.16021 9.19101 0.485551
0.746776 0.591621 0.195005 3.15399 10.9809 2.67996 2.00908 6.02263
0.651281 1.61196 3.55542 10.6628 2.3926 4.6197 4.62927 2.71714
0.546719 3.89248 1.41685 1.58275 10.765 4.84495 0.855922 4.75339
4.65755 1.59651 0.301686 0.323509 6.12478 3.72186 7.21216 3.45703
0.36139 2.84512 1.10119 3.03154 6.87064 3.28263 7.87008 6.15313
0.046443 0.0839712 5.56814 11.388 5.21611 3.83507 4.67517 1.07056
0.242194 0.296771 4.12823 8.42682 8.78369 5.69581 0.19565 2.64656
0.0695969 1.9003 0.914921 1.28448 13.6348 2.79499 0.241475 1.29643
2.26658 2.97467 2.29687 1.71184 6.76577 3.14225 7.92804 3.25079
0.150417 0.719431 0.316742 0.564908 0.121097 13.2195 0.327438 4.06602
4.04609 1.13131 5.82757 4.83406 6.16974 6.47243 4.59956 0.845494
0.0126733 0.0225068 0.0651761 0.335024 0.866512 0.0487401 16.3123 0.777976
2.5698 4.14432 6.18565 2.41723 7.61685 1.40857 2.53473 5.96676
0.661873 0.859153 3.50122 0.14274 4.60121 2.14542 8.80585 3.83647
0.446557 0.11395 4.25315 9.95251 8.07332 3.24189 7.08062 3.27341
1.99314 0.68249 4.79734 7.05913 12.7344 0.110346 2.75198 0.816104
0.940255 0.181079 0.104663 0.7499 12.9201 5.51711 1.13618 2.85095
1.97594 3.28595 2.31719 9.89862 8.25034 0.126118 8.28389 2.5331
1.59745 3.93027 4.03347 4.60986 4.10247 4.25415 9.6371 0.729758
0.432626 0.239106 0.873798 0.41116 2.21542 0.525377 11.2964 0.460866
2.97098 1.26099 2.98864 2.39417 11.8543 0.186582 5.14196 5.28052
2.93489 5.18105 3.78532 4.98072 4.57087 1.21374 6.53185 6.93422
3.75567 2.61797 3.70956 4.91615 7.51165 4.28488 4.67533 8.98984
0.947696 1.9659 1.23932 2.5169 1.73971 10.1337 0.00715175 10.8959
2.44282 3.41964 4.62741 7.85712 8.62649 6.89428 1.97091 1.55376
2.76418 1.91612 1.55937 4.80697 5.78452 0.876267 9.49284 3.01086
0.129468 0.460015 0.00619225 1.62257 7.63758 11.8698 2.27046 0.154928
0.49093 2.07273 2.28617 11.2002 2.27871 2.28003 3.96956 4.58344
0.0332335 5.69585 3.95769 7.43807 4.79835 2.61471 3.87853 8.68922
0.416536 0.00539526 1.05086 12.6527 3.20485 12.3643 0.630552 2.7343
1.22143 1.65623 3.77116 5.37389 9.99432 4.53787 2.23075 5.68598
0.00112835 0.00209273 0.00407672 0.0525395 0.0697566 0.110584 16.0494 0.47162
0.615599 2.19712 1.69896 6.43993 2.98147 6.30301 3.37231 6.02855
1.74288 5.29101 3.87248 0.718064 5.28549 2.81865 9.7504 0.0548879
0.53095 0.682903 2.29513 0.0304465 3.33527 3.56372 12.1137 0.161565
0.0100587 0.0462465 0.00030708 0.455106 0.792045 0.134314 14.8625 1.59774
0.645383 0.590597 0.364069 8.57142 3.89459 0.0696344 9.53651 0.427907
0.508521 2.69002 6.12618 10.3545 3.14348 0.0259721 1.96343 9.53032
1.09478 0.0267984 5.32038 6.42926 11.598 1.98494 5.38028 5.13301
0.0207682 0.000319619 0.00456571 0.166677 14.0083 0.967706 2.26582 2.72804
0.0358012 0.557506 0.705776 1.08064 0.592061 3.53446 11.4119 0.467334
2.49054 3.00686 0.506864 4.25001 6.357 1.27684 9.12162 0.940753
0.140657 0.388908 4.80054 2.32814 9.21405 3.56029 7.04769 6.04722
0.0293719 0.0344417 0.0603783 0.210464 3.48984 13.1174 0.399883 1.5587
0.0335031 1.24782 0.538733 11.608 9.01217 5.01751 3.12618 0.766695
1.68408 1.56151 2.56536 4.71097 4.34427 8.22575 3.0601 1.39093
0.000198837 0.00124359 0.0069936 0.0169405 0.0226875 1.23965 14.7246 1.98722
3.35052 2.53209 4.65937 11.148 3.58095 4.17651 4.83525 0.806681
3.60385 1.12903 7.58532 1.4968 2.54796 5.77363 5.3261 7.85107
0.000137992 0.000548554 0.00066583 0.00417574 0.521663 5.50818 12.2555 5.39193
1.63937 1.23849 4.58843 5.96043 4.76293 5.63992 7.95911 3.73748
0.0476364 0.0561473 0.202407 0.107847 0.200238 2.01588 14.535 1.6972
0.731907 1.25492 0.753728 1.70116 5.30032 6.2551 5.11792 7.56711
4.51178 4.51836 0.709442 4.01869 5.78568 0.579055 9.44299 2.88632
1.57948 1.33827 2.42427 3.88587 2.32153 9.6316 2.48924 2.44529
0.935088 3.92349 3.28987 10.1987 3.43977 5.14135 5.94916 2.50369
0.480567 1.16177 0.30496 2.59156 13.3472 4.38755 0.38887 0.895321
2.93336 6.22388 1.31117 8.01749 6.12864 3.11544 6.38884 6.95636
0.803624 1.23557 2.0332 2.60825 2.0512 9.30152 4.21408 0.333646
0.124307 1.71534 2.52891 2.72274 3.01305 7.11623 3.48975 7.3836
1.94733 2.90869 1.55003 6.34034 8.31527 3.76274 6.75028 2.05667
0.00961821 0.132659 0.325842 1.54833 0.559611 13.3865 0.0936448 0.180353
0.257892 0.512028 0.773857 2.4048 13.5045 2.45577 5.23491 1.59866
0.0504592 0.0871315 0.134748 0.168718 0.603127 14.8906 1.35038 0.54699
0.114371 0.596152 2.49408 4.72425 10.5195 1.74574 2.71382 6.81851
0.543791 0.353293 0.197022 3.20195 7.5247 8.17036 6.04388 3.29007
0.000206204 0.0010323 0.00096736 0.00434042 12.3969 0.909631 4.63809 4.94737
0.7197 1.99863 5.55174 5.44165 1.50882 4.30726 4.5486 7.10936
1.6207 2.63029 3.51436 7.85321 5.45951 7.68243 2.133 0.840627
0.0270103 0.221011 0.219194 4.87232 2.37239 11.2175 3.47207 0.292686
0.0632704 0.03587 0.222415 3.52732 0.508816 13.4884 0.644528 0.0116928
0.489257 3.38922 0.261455 2.13314 11.638 2.6006 1.14744 0.526793
3.22491 1.35645 4.117 0.364251 8.41773 11.0282 0.565805 0.105658
1.35269 2.36345 1.68957 5.23279 5.03762 8.98994 0.234599 2.46168
0.0430884 0.0614436 4.00575 6.5896 7.31124 4.70376 5.77913 6.45845
1.06572 1.49538 1.64327 7.95018 2.59918 0.490377 8.8813 6.89256
1.59613 3.61977 2.48958 3.29069 7.47064 6.49011 0.878026 8.33419
0.605138 1.45313 2.94717 5.47525 1.9924 6.18436 0.1669 9.29712
2.58754 3.46271 2.16596 7.55621 1.2667 6.68462 0.87973 1.1246
0.1898 0.136536 6.21516 0.337589 2.14561 6.69832 2.84071 6.67611
0.0780047 0.0182918 0.0496226 6.53247 8.96084 7.42307 2.6729 2.85807
2.24352 2.35117 0.530091 2.15699 1.74872 1.96648 10.5208 1.20811
1.11331 4.04721 1.72035 8.09319 4.28568 7.4061 5.97659 2.52751
2.20808 3.72478 2.51378 6.63265 4.78293 6.15175 6.40308 3.69057
3.01207 1.6276 2.4622 4.08882 12.7955 1.56159 3.32467 1.90236
1.7536 4.93018 1.37519 2.51416 5.01356 3.48961 8.85823 0.53747
0.773486 2.30165 5.25376 5.23021 8.2494 2.11095 8.00437 1.86307
1.87078 0.92134 0.730389 6.67547 8.50288 5.47341 4.72698 4.6466
0.40469 0.118472 0.362071 1.32679 4.30395 14.5257 0.212829 0.324934
0.144482 0.773034 1.24646 1.24084 2.55226 7.92658 5.63728 2.61353
1.52232 0.707066 3.62383 0.593878 6.75852 4.49389 7.31768 7.00674
0.989028 2.85476 3.28784 4.59742 6.32126 5.07392 6.6774 7.90957
0.0705753 1.0304 0.614664 5.53977 4.41215 6.99269 6.83214 2.92386
0.912382 1.0737 6.10769 8.99541 9.72705 1.98195 5.16909 1.57979
0.0756545 0.346933 0.463806 1.33631 0.587766 2.45876 13.4191 0.415139
2.28987 4.10855 0.458112 4.00895 6.22626 7.85467 4.06142 0.193865
0.324548 2.18386 3.12147 5.5735 0.66544 6.26432 7.46815 4.30052
0.224768 0.878364 0.77282 2.9608 2.17456 6.21265 8.43507 0.681758
0.469836 5.25213 3.11873 6.0138 10.1232 3.92305 0.112769 2.3806
1.60955e-06 2.10822e-06 2.27835e-06 0.000883365 0.00912005 1.14087 0.745618 15.6563
0.0204342 0.0928411 0.0393246 0.706657 11.202 3.43346 2.00096 4.94215
0.19376 1.09488 2.1192 4.23669 3.27971 9.74323 0.930709 1.84413
0.562155 2.22879 0.938667 2.65187 9.88709 7.13662 0.52429 0.645123
2.60373 0.977687 0.496015 12.5967 3.50794 3.54708 2.34952 0.445952
1.95976 1.97185 3.35197 1.83507 6.6182 2.01329 8.11909 1.53124
2.73725 0.203256 0.764849 4.00109 4.15656 2.85533 7.39821 7.02432
1.11903 1.75108 0.880012 3.12541 9.22232 4.5897 4.13389 2.09859
0.494078 2.15391 1.33424 3.70411 10.3813 3.94817 4.40187 3.39723
0.882985 1.40927 2.20515 5.00667 6.74063 8.09356 3.89375 3.5257
0.884924 0.779887 5.89845 6.16385 6.23698 5.2852 8.32873 0.860166
0.0103821 0.00192346 0.00164031 0.838707 1.20406 1.37558 13.1877 2.18221
0.0681535 0.604449 0.610649 2.53681 9.79369 1.40419 1.72631 8.44616
0.632085 0.593177 1.81099 0.742671 13.7699 7.30277 1.38683 2.09819
0.222793 1.06649 1.16229 5.15301 0.825365 8.69126 4.22879 6.38618
0.134152 0.162959 0.33895 0.0158282 6.90084 0.647309 11.5548 0.783721
4.37924 4.48008 3.71518 1.48831 8.69736 1.81629 7.06144 3.58663
0.12238 0.290607 0.835539 4.6609 9.13325 13.6707 0.0576819 0.0556348
0.0138117 0.00333769 0.224308 1.11915 15.1323 3.80583 7.04093 4.48892
3.03222 1.45838 0.646156 9.21914 1.14936 3.91856 1.86764 9.2579
0.680264 1.45199 6.16633 2.76264 7.43848 5.46389 2.61685 4.63102
0.0299768 0.101959 4.42764 7.57493 7.19688 5.23159 3.62237 7.27236
0.0673313 0.229633 0.13395 2.10389 0.181002 4.71048 0.127398 10.3556
0.00120248 0.00125089 0.00102625 0.0011495 1.46074 0.49354 12.9391 1.92927
0.755846 0.991758 1.12213 4.50138 3.06142 11.0663 0.0280415 0.335135
0.0612734 0.486514 0.885971 0.573394 1.28646 3.48016 10.9365 1.47777
0.183508 0.772874 2.63797 5.35996 6.35265 4.4513 7.63024 4.83403
1.76939 0.627032 5.29902 0.928309 7.78923 2.50247 5.35807 2.41422
0.278015 2.26232 0.689082 7.91623 4.03628 1.80979 1.83987 8.64079
0.00337511 0.00600646 0.179138 0.0954903 0.561539 0.282723 11.9768 0.761006
1.00843 1.36672 2.16282 3.0694 6.07639 1.20413 6.22311 8.67088
0.880722 2.665 0.718856 6.76272 5.26282 4.35593 8.93983 4.66767
3.79791 2.90317 5.90897 1.51672 6.85885 2.3314 4.7421 8.25111
0.209557 0.286568 2.70542 0.274392 6.46219 6.12664 7.14718 6.30598
1.08428e-05 7.5171e-06 1.19071e-05 0.000325728 0.0228386 1.32528 0.149432 15.0518
0.000556769 0.000305898 0.000607173 0.00445107 0.00863587 0.00914439 6.25388 11.983
0.815874 3.06434 8.29966 0.294687 5.83684 8.85209 6.37372 0.0295526
0.595333 1.63422 1.71486 3.5667 5.59975 6.90493 0.206778 7.96367
0.453765 0.206067 0.792498 3.79146 10.8322 4.10742 3.2761 3.52867
0.0190507 0.00877586 0.04812 0.00218845 0.419572 0.0246785 14.4318 1.24634
0.0221529 0.0678401 0.267004 0.748785 0.611329 12.0377 0.349602 2.56456
0.334323 2.29513 3.58642 2.48596 0.949484 3.59708 9.36464 3.37363
0.692627 0.299296 1.91475 9.64524 10.1604 4.20054 5.08957 2.00207
0.544944 2.00028 3.42244 8.51482 0.702812 4.92974 7.5169 5.68066
0.0890305 0.139498 3.88436 7.34117 1.83656 6.92828 2.68813 2.76554
0.341416 6.6655 5.26324 1.61307 5.23035 9.4574 4.75677 2.85872
0.161111 0.253277 0.0821688 0.384183 9.02617 9.37048 2.48064 1.17193
0.569372 0.643491 6.98958 1.22366 7.11083 1.34086 6.66331 7.24484
3.42342 4.8577 2.68355 9.88566 3.9911 3.03438 4.68274 4.36499
1.52306 1.76935 1.29483 5.91838 5.53361 1.32202 6.15111 8.60563
0.00425141 0.276993 0.158186 0.348423 0.746732 4.89847 10.092 4.12879
2.4366 1.84301 6.43521 1.10691 5.93016 1.15927 3.49368 9.94635
0.0351167 0.0194329 0.0208045 5.0672 9.47648 5.28323 5.28839 1.0909
0.567178 1.4246 3.30107 8.2689 2.38227 7.95373 0.365602 1.52922
0.0226892 0.313732 0.444874 9.80768 3.05753 9.94696 3.15478 1.49283
1.50465 3.17542 1.49241 1.73063 9.7465 1.3126 5.52439 4.99606
0.00536186 0.00982071 0.0175057 1.76608 1.12772 9.81382 1.18088 6.57205
1.03777 2.12189 0.941097 3.26213 9.64746 5.7174 3.32932 1.78252
0.871355 0.318306 5.98088 0.175082 7.08201 1.96062 7.69518 2.60298
1.52033 1.35644 0.699772 6.05084 2.2338 3.72647 5.41817 7.44089
0.146699 0.154652 0.843417 11.0085 9.93387 5.14862 2.41737 2.31053
0.236151 0.148305 2.10611 4.31992 11.8871 1.51466 1.74014 7.28367
0.0011623 0.0102169 0.09825 0.466257 0.266228 11.206 4.89236 0.00885145
0.226788 0.0257507 0.256018 0.260579 1.20036 0.483295 13.331 0.254783
2.75402 1.92691 3.74744 5.3402 10.7763 3.08475 2.70903 1.37608
0.153499 1.21654 0.549648 8.8032 12.6786 2.45936 0.123292 5.06595
0.139752 0.932091 5.68383 10.3608 2.54993 1.71407 6.11262 1.1221
2.92224 2.34774 4.61585 4.71504 10.3416 7.12966 0.984448 0.201167
2.99419 2.76278 0.341701 0.122061 12.6125 5.06191 4.23155 0.55901
0.093425 0.172433 0.365427 1.68403 0.790831 10.4594 0.59116 0.721152
0.366256 0.138572 1.77215 1.00455 3.8944 4.87598 1.21568 9.062
0.24709 0.762177 0.421633 2.0799 9.3034 0.70686 0.0389742 8.54556
0.556815 0.783085 0.169899 1.92647 6.19626 3.32841 9.91142 1.16149
0.193642 0.974412 0.666572 6.99409 0.964578 7.21011 3.19563 8.28495
0.835069 0.531944 0.0696686 5.75727 5.45433 8.7647 4.9741 3.49719
1.1948 0.689521 1.14957 4.82859 10.1981 2.77021 1.6578 4.03756
3.79526 0.165536 5.99522 5.28851 5.66507 0.441957 8.53234 0.923451
0.375427 2.63852 2.32302 1.20444 2.6609 8.3152 4.78991 2.29417
0.0123221 0.0158924 0.158473 0.00996156 3.20217 2.81802 10.3455 0.510476
0.946771 2.7831 1.33719 5.67873 0.913508 5.73928 7.78124 7.3573
5.24644e-05 6.64999e-05 7.91676e-05 0.000273182 0.000108022 0.525318 0.437308 11.7892
0.223863 0.655819 0.106791 0.918916 1.1025 4.47402 3.27427 9.15613
0.237242 0.206801 0.0622682 0.332277 7.74092 3.55042 12.802 0.320685
1.0608 0.414362 0.950601 3.45275 10.6263 4.21884 3.55368 0.654588
1.64925 2.02442 0.313675 2.7006 4.43894 0.041296 9.75527 3.61694
0.342057 0.735419 1.2143 1.91551 12.7251 3.33006 2.19328 1.4303
1.54384 3.02204 1.91786 4.91131 3.60906 9.19003 4.09377 0.0751034
0.00575509 0.000250553 0.0126627 0.0311205 1.27646 1.97228 15.4919 0.876724
0.00463315 0.00394346 0.00387636 0.0208439 0.0014657 0.106863 13.067 2.02061
0.167531 0.0896761 0.0075276 1.04258 12.2784 3.91078 2.39645 8.04068
0.0922736 0.00625157 0.140036 0.356726 4.53219 9.13138 5.50244 7.70215
0.0217159 0.02595 0.0568319 4.6472 4.87241 2.91039 10.7267 1.01301
1.6048 1.02585 0.425096 6.84196 10.4357 2.53035 4.94401 3.17825
0.580433 0.59257 1.51136 1.97128 8.03536 5.20418 8.925 1.66853
4.68295 2.42932 6.15013 3.56287 2.39279 5.07025 9.14172 3.08926
0.420536 0.491201 0.41419 2.00347 1.57604 5.82431 8.52791 1.17232
1.3603 2.44776 2.05636 6.61314 3.52959 4.54247 3.9113 9.13984
0.0732459 0.0246523 0.0536551 0.141827 13.1811 0.277528 0.191266 2.49147
0.369162 0.359998 2.26055 7.08493 0.654146 8.02809 3.81949 6.19436
0.151083 0.254844 1.05162 0.0392084 3.97504 0.606992 11.078 0.0292456
0.770282 1.29172 0.0292536 2.09056 2.62311 3.22741 11.0197 1.02966
0.00205818 0.0123547 0.00296225 0.963347 2.09637 10.9156 2.98256 2.17936
0.00319908 0.00107652 2.7406 2.01789 3.81491 14.5439 5.21314 1.54857
2.36028 0.357972 3.39519 0.768418 9.32668 0.875708 8.57508 3.57689
2.4275 0.909163 0.423551 7.81937 9.49795 7.17264 0.592983 0.727269
1.38404 2.05035 2.86883 5.42937 9.11784 0.205452 8.78055 0.991636
0.0325253 1.72793 1.47871 0.777482 1.67819 9.88547 6.9167 0.0287827
1.29456 1.34298 3.49581 5.30634 2.995 1.87335 6.12412 9.06261
2.76611e-05 4.36231e-06 0.000803904 0.00590955 0.00841476 0.439488 0.131486 14.828
0.0746779 0.455689 0.672419 1.3143 1.4269 8.25917 6.46636 3.1253
0.00141524 0.00138018 0.00165317 3.92783 3.98235 10.3442 4.68952 4.37326
0.222077 0.224356 0.614262 2.62811 0.894708 10.8159 0.526332 1.9388
0.00181659 0.0191262 0.0315259 0.0159147 0.0187389 11.9303 1.52124 3.21255
0.0299962 0.406234 0.28664 0.834459 6.69762 0.551969 1.00151 10.2324
3.32261 1.45667 0.901925 7.42033 6.04941 3.23488 5.36342 1.50918
2.53685 2.50501 0.191485 7.20513 3.59188 7.16035 1.0385 7.20788
0.895586 0.315725 6.09808 1.25938 2.6685 2.20706 6.75943 6.92594
0.362661 1.03951 1.11156 7.09338 7.37068 7.29615 3.12016 4.66583
0.475114 0.358521 0.241183 4.96222 12.8398 3.4101 0.752694 2.70055
0.395673 0.997934 0.13953 5.27087 13.8946 2.00304 0.535108 0.62923
0.572088 0.379762 1.17416 0.498664 7.87583 6.40548 7.45614 2.31406
0.185264 0.856414 1.01668 1.05451 1.11911 4.7545 10.1839 0.440893
0.632338 0.547692 0.536281 0.844322 5.71858 7.40159 0.322376 10.0481
0.28397 0.60909 0.496842 9.52198 3.45329 6.15797 6.88612 7.19248
0.126018 0.973871 1.86515 3.23609 7.49101 9.20172 0.128242 6.01522
0.538837 0.510371 3.86778 9.1069 3.64286 1.69353 8.96854 2.17077
0.0102243 3.66577 0.922828 3.42448 10.2522 1.22141 0.681916 7.31857
0.0713502 0.576788 0.532887 2.19045 0.930451 11.3579 2.09961 0.128316
0.406409 1.82067 0.865693 7.57431 7.33297 2.86154 6.46599 8.50949
0.000239049 0.000507967 0.000112209 0.00135864 0.000281529 0.00401411 0.00117886 10.9226
0.421071 1.48078 1.1821 4.40583 3.45502 9.99059 0.246782 1.63233
0.679176 2.10657 0.811973 2.59812 1.30747 10.6503 0.480189 1.84366
0.900483 1.20458 0.312502 3.60617 1.61251 4.2692 1.6005 9.48549
1.33091 0.59731 1.40664 1.43171 8.00863 5.24031 0.316191 9.49881
0.123955 0.0825872 0.823922 0.215136 3.28889 1.80066 11.8501 0.110786
0.0168185 0.0205204 0.171967 0.421179 12.344 6.77296 2.90353 1.20121
0.003372 2.73562e-05 0.0965408 0.582242 0.327814 2.94725 1.33612 12.1193
0.010934 0.399327 0.225361 0.447133 5.02915 13.6142 0.378727 0.0127929
0.374395 1.2926 1.67521 9.84578 12.082 4.29883 3.75093 0.481055
0.085857 0.158442 1.08885 1.45081 6.67432 3.19948 5.78069 8.81133
1.72223 0.340118 0.608787 4.32259 10.2833 5.77064 1.83712 1.48365
0.0151239 0.00755757 0.0121068 0.341134 7.02223 7.34538 5.88847 5.79468
0.423577 0.17686 0.0266489 3.73956 3.84292 9.90873 10.755 0.212806
0.537952 1.80679 3.56299 2.26956 9.11033 0.360898 9.14553 0.639523
0.0538191 0.444545 0.0101785 0.93189 6.1509 5.20243 5.46413 10.1169
0.00377957 0.00328494 0.00356139 0.0180297 8.66743 3.77715 3.94189 10.6298
0.122577 0.0792162 0.156492 4.28936 9.35625 0.183979 4.20367 5.46279
0.106319 0.58989 0.451837 4.10976 6.15593 2.25792 3.67109 9.62454
0.0367382 1.09972 2.56382 3.34062 1.01375 3.80973 9.20665 3.42299
0.606298 1.15162 0.420567 5.93427 9.57954 3.35091 6.11598 0.9413
0.000173535 0.499978 0.389326 2.41532 2.73472 11.4457 0.0872074 3.87051
0.00316253 0.045651 0.155461 0.204223 0.793852 12.1107 0.777995 1.57136
0.00736725 0.0646317 0.00160599 0.639798 0.417396 0.315095 6.78014 10.7747
1.55933 4.0078 2.8856 6.02348 3.50303 8.79247 3.34696 1.63944
0.0432225 0.237994 0.234396 0.228797 1.14841 4.77155 10.014 0.282717
1.67776 2.29611 0.582706 8.12275 8.33303 4.09896 1.75755 8.07699
0.054372 0.889967 0.0844956 6.18092 0.525829 5.34015 4.16235 7.35025
0.0564677 0.0864989 0.033047 4.33751 8.10366 8.03048 0.199366 3.8854
2.72331 2.39083 0.284538 4.64956 12.035 1.91156 2.82088 3.05072
0.346467 2.44659 2.77832 7.49284 9.33994 5.06376 2.78525 4.09973
1.94169 3.14954 0.485527 7.56603 7.06222 1.79596 4.70525 0.704783
0.566353 1.35585 0.41071 2.3394 2.31342 4.0724 0.676659 9.43418
0.00186596 1.20335 0.661976 2.91133 4.49866 4.56955 4.58486 10.516
0.0782142 0.326608 0.0423558 0.377863 0.472653 5.16107 9.62949 4.35555
0.124392 0.524133 0.0279895 0.413673 3.64442 10.6036 0.0523465 10.2268
0.000159545 0.0953701 0.0176283 0.0438937 0.055602 15.5176 3.09353 0.672001
0.0388543 0.0185877 0.016111 6.70501 8.20376 0.00902298 5.5657 6.7433
1.74492 5.43522 3.2777 3.01377 4.25246 2.51004 8.73028 0.285727
0.000293009 0.000102945 0.000108355 0.000883418 0.000510479 0.246158 0.175044 14.8971
0.114179 0.228215 0.00315557 0.898883 12.2319 5.67745 0.506939 0.665329
0.293742 1.48268 0.754569 2.68326 0.806477 9.67641 4.44015 0.335942
0.137224 1.856 1.95246 5.26551 1.73695 7.29474 3.08224 6.42796
0.210734 0.568668 2.3158 11.041 1.68605 6.72876 1.2336 0.184951
0.621318 1.71466 1.13859 9.06753 8.28872 1.40173 4.72546 3.34506
0.00124329 0.135454 0.481461 0.622834 0.521236 11.3434 1.26471 1.88106
0.091819 0.0822181 0.229716 0.225043 1.30758 0.388349 12.3806 0.293037
0.989352 1.45488 0.620944 5.08286 0.0175484 2.54244 3.95474 10.8019
0.187613 0.424324 0.098345 2.28076 6.95185 2.0812 8.69665 0.529552
1.31884 0.464799 9.82954 1.84442 0.0441415 0.713929 0.465375 9.77837
1.3795 1.57451 1.35511 6.06336 7.21122 4.91641 0.0922269 6.54856
0.275025 0.185518 0.258093 0.679559 8.56764 0.379686 0.46301 7.87555
0.00379726 0.00519403 0.033434 2.56565 10.1014 5.32544 3.5741 10.6531
0.0011504 0.00280586 0.00980284 0.034559 1.21031 2.82368 14.23 0.173235
0.0328697 0.156282 0.229821 0.465338 1.01908 10.7388 3.0119 0.684124
0.077329 0.163018 0.101327 1.56544 13.8445 5.03781 7.90595 1.08489
0.00416786 0.391209 0.247211 0.828301 1.34108 9.40317 5.81326 3.97508
0.0380494 0.0563804 0.246068 1.01108 1.57759 7.50876 2.51909 6.70465
1.72475 4.9607 3.41767 10.8251 4.27747 0.340482 1.91267 2.76667
0.296355 0.786345 1.01746 1.2711 0.746913 12.1736 2.56118 0.180742
0.199565 0.0951119 0.200812 3.7635 4.80781 3.59069 8.19992 5.13861
0.00949436 0.0332058 0.0136102 0.0462417 0.376287 0.514965 11.1608 3.13589
0.789489 0.574623 0.369991 3.72161 8.78097 7.95925 1.68039 3.73786
0.0304015 0.129311 0.138775 0.189156 0.264531 4.79157 10.6488 1.30448
0.184543 0.143762 1.09157 0.83247 6.95555 10.3752 0.0945973 5.84421
0.532376 0.308752 3.02063 0.967144 5.54236 5.81301 7.44006 4.86069
0.00622101 0.0317881 4.24282 0.3995 11.7731 7.88912 0.00075456 6.39369
0.303205 1.1115 1.97456 0.840796 1.23262 3.9001 6.2631 8.26476
0.543877 2.88769 8.30885 1.39146 10.4309 0.344971 0.309016 5.49249
0.00575159 0.00516133 0.0268243 0.0065033 0.0641004 0.0469628 10.4647 2.31896
0.15456 0.73935 0.54226 1.16763 1.30584 3.06567 12.4434 0.341272
0.234337 1.01974 0.844325 1.14616 1.69729 9.18341 4.79583 0.361449
