0 0.00408252
0.000175709 0.000268728 0.00160447 0.000352775 0.606046 2.2321 117.492 2075.17
0.0024915 0.222218 1.42683 1.27836 14.4893 53.3225 1015.03 1327.04
0.00361455 0.0202543 0.172938 0.638876 9.6557 85.6706 2028.23 130.056
0.00861886 0.0775104 0.0701393 0.271691 47.0189 729.498 714.515 1030.74
0.0103451 1.03376 4.19363 2.80819 13.9698 0.650384 479.666 1527.88
0.0114732 0.0174688 0.181993 2.72886 129.29 888.921 800.565 29.2929
0.0120048 0.00710178 0.298769 0.0337654 3.33747 128.704 19.0995 2255.38
0.0133256 0.0122608 0.0479681 0.00189773 0.859858 1.94888 173.871 2048.3
0.0140334 0.0696875 0.233255 9.13178 39.1426 461.967 1242.76 563.729
0.0144657 1.30575 3.7328 1.15934 45.079 174.604 30.5348 2023.39
0.0156089 0.0728072 0.213806 10.4478 135.218 240.336 1424.99 10.1882
0.0180524 0.0060109 0.0723033 0.275103 28.3186 71.8468 142.721 2047.82
0.0181189 0.000507653 0.0167412 0.034725 0.72878 0.69383 27.5132 1716.92
0.0194933 2.53499 1.47693 0.870967 9.29096 224.243 1175.61 940.79
0.0332893 0.0141623 0.530197 75.92 57.4679 640.831 575.522 1137.63
0.0343426 5.32217 40.1945 141.5 205.513 216.882 328 1167.38
0.0365587 0.639839 1.85198 15.5913 9.11675 2.93893 22.7691 2253.2
0.0477572 2.87489 11.0041 9.55519 14.7014 44.5355 1790.73 117.591
0.0516887 2.27642 32.0257 150.029 154.573 659.78 419.588 990.314
0.054003 0.187812 0.0891812 0.257468 1.19744 0.19684 42.5362 1945.9
0.0595933 9.35375 15.4235 55.3442 9.79122 66.3233 804.345 1467.34
0.0670599 0.0771553 0.0365394 0.260849 11.9266 292.86 1980.76 248.486
0.0732511 0.105983 1.22879 3.7705 0.0739087 834.838 303.182 877.439
0.0740905 0.105043 0.22752 18.4407 6.88039 4.74388 1050.85 1323.92
0.0761906 0.0484018 0.0828429 0.0960532 0.0673677 15.9507 2.44148 2426.63
0.0823836 0.0766079 2.86792 1.93662 4.41693 52.5845 1138.76 1296.79
0.088755 0.0621306 3.75926 8.18012 25.2896 305.408 156.631 1440.45
0.0943555 0.0297837 3.51867 7.03642 57.0763 1183.17 177.061 1113.62
0.0944814 0.669457 1.24314 13.8016 24.6447 237.152 222.961 1546.63
0.0988773 0.106609 1.1726 9.46765 52.5082 261.63 1552.53 855.708
0.101616 3.10004 2.48064 2.46442 245.228 736.091 1258.65 56.9535
0.107331 0.317645 4.17852 32.0656 262.487 260.746 26.775 1703.88
0.117165 0.0662726 0.703496 195.478 504.894 77.2786 834.105 763.974
0.117583 0.0986954 0.133451 0.191699 67.0372 579.991 407.928 1355.71
0.139927 0.724001 0.178113 1.16118 3.25914 4.23363 1176.15 1313.46
0.144073 1.19184 22.7029 741.456 8.69174 185.189 230.039 1152.68
0.153461 0.0797969 0.0887143 0.402185 2.67537 224.355 734.471 1474.17
0.155514 0.0306516 0.795737 4.83071 234.004 24.6943 1649.75 174.381
0.159095 1.29331 7.07818 4.3716 15.5185 216.329 1694.51 307.431
0.162926 0.024817 10.4276 0.659867 8.06108 81.8507 1655.33 382.153
0.199888 0.401346 14.2259 79.07 15.4376 505.198 816.382 1047.37
0.214096 0.0264104 1.27627 0.973457 7.36319 2.06729 17.6816 2567.59
0.215912 0.816773 24.3624 69.2819 152.104 275.45 1348.88 633.711
0.228047 0.327958 0.049791 2.09926 1.33451 153.674 1400.64 421.161
0.231206 0.345066 0.649287 9.76542 202.114 1376.78 785.252 191.218
0.235256 1.53791 1.09459 44.335 31.7171 391.197 209.436 1349.86
0.239858 1.71677 0.237975 2.16204 111.809 130.325 995.914 1083.05
0.269607 2.00136 0.714105 2.08639 0.576883 4.26701 0.0628476 2297.4
0.293137 1.52456 1.39512 19.2264 137.737 141.4 1472.61 469.702
0.293452 0.184702 0.449272 0.487221 10.6004 94.1622 1660.84 450.579
0.311416 6.61133 301.189 124.902 258.368 959.1 166.41 218.443
0.350633 0.69164 0.533281 1.46737 0.299522 8.80875 397.847 2122.56
0.389926 1.26779 5.68799 122.386 783.46 270.174 647.914 467.225
0.414494 2.07091 48.913 75.3337 680.436 24.0557 1176 370.779
0.416787 0.100438 0.870675 24.8584 62.1194 225.188 296.654 1615.38
0.420988 0.0165298 1.90428 10.5887 121.347 91.7566 1396.57 853.065
0.426057 4.161 4.49918 15.0861 130.841 12.3672 1733.13 587.413
0.426374 0.11847 0.0969919 0.141319 0.282548 1.31633 0.880149 2542.86
0.435917 0.0700744 0.89134 11.8769 53.7665 715.965 1313.28 411.513
0.483264 0.45583 0.443742 15.4678 118.317 95.9127 1097.8 1285.27
0.492656 0.0292847 0.441622 1.06691 2.42915 48.1514 7.63715 2035.55
0.518637 7.95375 13.6685 18.7309 250.37 20.3448 1453.43 491.115
0.548624 1.09061 285.89 659.204 114.636 34.2903 565.214 1133.59
0.580462 4.79885 1.10875 1.52227 126.488 299.724 193.562 1425.9
0.607887 10.9255 11.1925 0.688317 433.993 928.117 9.12147 800.108
0.652814 4.70713 12.0786 2.13142 300.878 14.4432 1705.78 427.621
0.663194 2.25515 48.1687 167.674 463.602 1285.25 52.8285 34.2593
0.69307 0.431481 11.5124 23.3815 4.11365 14.4497 593.398 1626.48
0.694816 0.564355 1.08534 0.592134 279.447 130.37 540.656 1403.63
0.694846 9.28702 21.4486 2.90902 22.9054 103.442 1.82673 1989.47
0.726223 2.134 7.9653 36.5263 129.803 17.0235 939.149 703.965
0.740664 1.18277 23.2566 12.7889 85.227 157.687 271.356 1330.12
0.750468 0.522641 11.5907 3.359 103.355 380.476 1353.51 721.941
0.751477 0.130047 0.317974 0.10588 31.2684 173.794 243.452 1598.26
0.754108 0.152393 0.377007 7.70013 20.604 1276.76 1047.95 117.328
0.770222 0.598551 0.0609563 0.817754 360.405 382.394 993.468 707.081
0.796439 4.1329 2.7687 24.8405 37.5106 367.606 958.168 680.295
0.839024 1.03589 4.42411 8.71146 11.1398 258.869 1252.99 537.418
0.858759 8.75465 16.1303 143.632 23.5966 162.844 1262.66 772.382
0.877278 0.339838 9.99902 40.5744 96.8267 237.91 241.683 1563.08
0.991408 0.505717 8.25617 48.7717 149.319 189.099 2020 23.5299
0.999355 8.54118 7.02827 84.8716 55.5547 357.62 217.701 1262.29
1.07469 4.16359 16.025 792.084 195.478 590.091 61.6246 793.213
1.11887 2.31788 72.8411 32.3468 206.497 128.402 1187.49 1149.07
1.13422 5.96927 1.1415 13.4677 52.9214 22.6259 1497.17 239.392
1.17362 0.774204 12.0675 15.848 44.1337 10.9553 1948.14 182.414
1.17649 2.05729 0.00645573 1.76338 879.818 623.456 58.9899 594.154
1.19301 6.14187 3.82931 119.078 80.5153 552.567 397.772 1192.5
1.24974 0.721881 4.59443 100.866 8.71402 0.526262 544.73 1488.24
1.27522 2.75394 4.48613 1.65981 1.20193 451.503 1057.21 659.083
1.33449 1.06801 1.68695 13.3784 3.00542 138.236 378.901 1461.86
1.34836 0.37423 9.4219 16.0459 24.2404 194.819 612.967 1692.91
1.37932 0.229912 0.461227 4.38455 4.04741 41.819 597.182 1643.14
1.40998 0.564468 0.0560654 21.3009 77.8677 419.122 522.558 1209.73
1.44039 1.47491 0.306383 8.6798 2.11531 349.732 494.385 823.464
1.45203 1.04058 1.54192 1.40844 2.4142 0.491734 1636.9 455.103
1.51709 14.2024 26.1313 873.612 75.7797 150.704 170.191 1033.86
1.58283 0.216642 1.64847 2.71818 158.973 913.554 769.616 92.1459
1.6243 0.342858 32.9245 36.0073 166.85 648.073 518.029 981.438
1.74278 0.42984 36.4515 12.1071 224.452 88.9283 467.677 1480.22
1.89654 1.42725 1.42262 11.3873 14.3255 46.2142 1153.05 1062.27
1.9011 1.09868 8.67264 7.09347 55.1786 22.6498 1470.53 898.041
1.9683 0.628176 2.4805 12.361 10.71 11.8692 2.52121 2154.43
2.04691 0.375067 97.9583 67.9183 293.786 64.0547 860.415 540.282
2.16085 6.39185 3.62781 24.209 103.031 34.2239 478.986 1622.01
2.16736 0.554497 6.66386 0.854228 63.3631 71.9592 314.373 1536.82
2.22684 1.21474 7.16703 22.3379 18.5184 1200.69 284.656 658.535
2.26906 0.472795 24.3262 15.7681 25.2541 797.1 409.432 994.587
2.29301 0.00108855 17.6234 161.576 320.348 91.5461 356.632 1072.97
2.31191 8.29766 57.8871 347.679 32.4076 570.214 137.958 1455.56
2.36673 10.9446 18.1679 260.003 7.30226 25.7467 395.199 1429.29
2.3861 0.315504 4.98223 6.92097 0.859269 133.169 563.471 1128.66
2.4456 0.478463 34.7977 262.875 389.215 259.559 977.931 637.261
2.4535 28.6453 44.8485 74.2469 78.7371 559.93 759.717 633.585
2.46757 0.860848 2.50489 6.15852 44.3774 333.65 846.135 808.106
2.49422 1.91642 13.8865 12.5272 11.7588 123.993 938.512 694.849
2.50695 0.522799 7.87815 1.87608 0.299841 26.9797 291.774 1760.46
2.55191 3.27361 16.3546 6.9616 59.1476 1386.41 194.565 626.76
2.55232 1.7701 3.73424 0.887439 173.54 423.924 719.064 1130.88
2.6488 3.92386 13.7157 13.7885 159.412 683.883 1091.27 504.684
2.89902 0.27037 22.5625 32.0201 245.159 163.175 719.536 1048.21
2.92901 27.4696 227.965 77.2167 598.349 133.009 246.777 997.708
3.0774 8.92555 0.000346891 8.11777 0.205173 206.755 675.179 1288.49
3.42859 0.287006 0.918892 6.88916 15.2887 142.616 1459.28 378.775
3.47351 0.341806 8.44642 0.849784 1170.87 321.146 458.48 38.6582
3.48669 1.75099 20.936 22.0461 100.277 148.534 24.3623 1866.51
3.50988 10.9634 44.0047 52.3166 569.37 668.329 642.691 649.627
3.53409 8.35218 75.5425 82.58 9.21723 53.5283 833.822 1081.94
3.68546 4.64288 4.8444 58.22 29.6175 461.366 1054.34 561.636
3.81968 6.38042 9.54678 4.9598 39.4321 47.2627 574.635 1486.95
4.05355 3.53465 9.69732 30.8264 70.5315 1683.84 353.055 361.532
4.07973 11.8708 8.14814 161.984 71.351 4.18189 226.042 1539.73
4.09316 12.9684 75.7324 349.029 620.78 601.648 148.471 181.774
4.09731 5.05622 13.9267 215.308 226.89 627.796 945.347 544.909
4.28338 9.15691 14.7765 127.315 77.9675 612.886 358.087 1110.27
4.31397 3.34481 3.60312 19.9814 244.215 15.7836 1.83709 2097.71
4.3487 24.8844 6.27231 3.79651 50.0157 1045.44 1150.16 306.038
4.44834 14.4567 84.6393 5.73982 48.826 189.734 488.169 1390.58
4.82058 0.67374 17.1318 51.7388 111.722 340.829 1282.7 507.644
5.18368 2.16823 3.04564 1.09482 69.2545 201.552 728.401 1475.34
5.53688 13.9355 43.4364 14.8966 19.6262 19.4925 1271.72 1003.88
5.58435 13.9304 128.556 112.492 44.4966 49.3271 145.827 1259.76
5.93613 36.493 36.804 3.6597 5.33636 1569.53 21.0558 804.439
5.99458 15.0982 94.7161 24.4435 131.06 550.893 236.018 1414.97
6.26506 1.15082 6.38171 12.9576 109.402 211.081 683.884 784.429
6.29312 1.71288 85.1803 103.551 55.6788 137.038 147.141 1641
6.30791 1.01346 29.9487 16.1406 0.214684 316.066 851.723 1252.05
6.41403 21.3705 17.4071 113.965 240.411 16.3542 420.409 1601.74
6.43024 16.5788 243.726 170.266 149.282 38.5421 414.518 1166.99
6.5362 23.3273 27.9092 6.58445 28.9466 443.214 681.977 1200.13
6.54267 7.15009 0.600234 610.739 792.25 228.517 347.728 615.472
6.66803 4.35504 25.828 87.0206 142.686 525.371 178.646 1164.71
6.81125 23.6468 145.137 29.2957 170.223 162.127 820.369 992.929
6.95391 4.45855 34.485 41.3653 269.32 352.543 1094.66 222.526
7.00254 26.901 73.5306 5.97033 1160.71 404.282 72.2129 770.048
7.05626 6.1659 10.748 57.1057 184.488 356.438 394.179 1264.1
7.63354 32.4906 24.2098 3.57007 528.578 453.546 1441.59 41.1705
7.77346 20.9902 18.1532 101.739 47.7747 1285.5 517.905 527.433
7.86664 67.8175 37.5543 627.308 589.176 280.828 8.94107 810.575
7.90881 2.61292 21.9451 26.216 1.87041 694.468 1017.11 313.591
7.97043 1.61074 27.1483 135.344 820.679 654.942 557.679 261.709
8.11789 14.004 80.4508 171.194 41.8201 18.2677 1145.38 1178.49
8.25357 2.91887 19.6468 91.7027 28.0054 70.0875 2149.14 15.143
8.46827 9.67423 25.6033 2.256 5.15245 129.698 693.79 1537.65
8.88326 3.29504 50.4206 253.225 34.7386 626.992 127.351 1648.74
9.28861 7.19884 1.22703 54.7868 234.199 163.317 239.72 1384.57
9.5055 11.1168 1.23694 72.0395 220.946 177.317 181.753 1679.18
9.77152 7.70012 20.8762 54.8023 205.094 100.144 181.904 1517.05
9.92192 11.4428 96.7366 342.857 358.616 520.842 1019.55 15.1156
10.3364 53.066 77.4673 106.281 269.629 605.421 157.181 1130.09
11.264 2.61748 0.321196 39.2487 43.0914 440.015 235.025 1239.5
11.5629 38.1513 22.5743 139.12 186.282 1091.81 254.091 643.468
11.874 5.52916 1.55222 311.907 105.602 122.752 157.052 1623.88
11.9503 62.8059 4.89127 104.112 106.434 298.433 795.634 1027.44
13.1717 13.6694 34.4123 23.3705 425.789 264.995 24.4044 1594.25
13.5761 3.28961 31.7757 10.2225 217.514 156.235 597.218 924.264
14.274 55.9315 173.024 69.2205 103.748 735.726 730.113 103.343
14.6259 7.02461 54.7371 79.9033 327.925 137.118 321.713 1350.91
14.7813 1.50392 44.5348 342.655 1179.65 92.1406 18.3934 735.702
15.5263 80.271 106.49 166.589 270.227 18.8896 528.303 640.648
15.9708 21.9035 115.819 165.891 27.0744 95.3693 341.091 1173.79
16.0862 5.30707 57.756 475.002 128.085 576.293 1050.33 468.312
16.4147 10.9543 0.00863391 35.5444 74.0412 10.2255 72.0022 2157.23
16.9132 38.5873 36.2534 358.507 252.467 150.071 938.244 456.313
17.2537 1.10757 17.5601 27.7156 948.873 124.085 374.609 481.104
18.0256 5.57047 34.8538 62.8236 10.4697 95.0235 1295.15 910.601
18.2473 7.44102 88.5444 471.392 78.7761 278.324 547.805 997.267
18.5026 50.7216 8.36918 20.1842 395.275 629.512 963.156 211.149
19.1046 3.32494 23.7282 438.289 286.974 471.343 133.135 1133.15
19.4356 25.5242 7.87018 9.64097 64.7562 19.0827 1389.44 440.976
19.5264 186.705 37.4503 71.1951 4.41305 281.659 177.97 1628.21
19.9659 2.37052 481.346 590.756 436.683 194.019 202.931 166.613
20.1309 7.48634 14.3325 8.15251 143.005 571.073 149.637 1303.04
20.4111 2.77787 140.224 2.32463 348.096 34.7362 1465.05 503.958
20.5057 26.8066 2.49563 48.9258 59.977 141.891 851.659 1037.25
21.6141 3.92602 14.0604 15.6471 18.9616 52.2689 982.924 905.276
23.1888 40.8114 23.8816 65.6627 7.4875 324.649 851.182 839.086
23.3337 72.8138 73.4232 276.316 19.1576 305.755 70.1632 1361.03
23.4541 44.1984 173.64 342.261 77.6446 1191.09 206.535 40.5249
23.7285 47.7238 23.814 29.5267 152.05 48.8513 900.499 1074.13
28.608 6.04776 15.3656 34.5214 98.6344 1931.48 41.6755 180.002
28.9937 61.852 14.3168 232.148 36.9986 60.113 1164.3 744.848
30.7178 48.0312 58.5748 111.296 111.147 22.0568 1507.13 300.328
31.6265 11.1533 31.6286 56.5559 27.0748 269.956 512.753 1372.38
32.1046 94.4867 145.67 205.997 276.583 1106.32 292.72 264.581
33.008 1.79225 2.98443 88.6995 23.9667 194.702 1034.51 1032.63
33.2148 29.5461 30.1329 429.291 26.0005 73.6125 292.925 1547.16
37.3238 1.64336 33.4499 27.4427 234.104 1569.28 356.095 92.1631
39.2513 93.0295 8.12561 214.075 251.302 1118.37 260.614 141.417
41.3618 123.151 109.682 76.7638 587.012 484.848 639.16 329.406
42.4679 99.4107 296.348 87.14 73.2966 603.115 59.1981 733.684
44.6738 8.27454 185.765 108.731 205.931 1662.07 170.894 57.1654
46.6791 10.1252 145.351 234.468 123.871 75.6987 970.671 853.331
48.5909 44.0898 12.8434 31.4238 231.836 505.128 503.827 687.649
50.4362 21.9893 96.1462 150.582 5.64416 192.217 1216.71 683.562
50.7923 41.5826 764.219 31.4906 149.342 342.243 205.143 848.826
51.3468 1.3612 9.58735 340.006 328.356 42.3166 400.394 1533.4
51.7363 78.3338 46.5052 192.704 980.013 290.714 167.846 185.379
57.9907 48.4224 18.9446 27.9985 217.967 931.944 298.223 781.329
60.6112 0.269167 277.796 321.482 73.173 397.938 495.331 455.315
63.6243 25.5744 0.906315 600.823 493.786 160.363 267.273 661.698
63.6642 16.9988 379.635 258.549 169.705 4.62588 704.499 1082.94
66.8417 18.373 78.784 20.7957 152.445 528.22 66.8691 1219.45
68.3529 23.8703 28.7563 0.878781 63.8935 1667.11 135.192 592.376
71.0498 108.631 46.4922 91.3671 56.8454 93.2261 245.95 1650.72
77.7918 159.407 389.735 49.9723 363.182 57.3918 714.282 630.103
91.4411 11.338 86.6047 112.682 275.115 69.6785 450.868 847.016
112.691 84.6462 129.716 120.287 31.9413 78.4518 260.29 1340.53
115.764 188.229 20.7206 286.436 1.09553 50.0707 796.98 858.053
145.515 117.656 54.1517 172.912 537.329 341.67 62.3952 914.079
167.717 9.27091 33.5366 105.621 293.781 7.44348 578.147 1266.27
178.864 35.0233 23.1256 295.371 361.268 820.48 10.8853 614.805
204.26 52.8745 507.243 92.8128 120.026 761.655 55.6948 469.964
242.747 372.721 164.649 256.788 197.859 256.595 271.441 552.765
243.072 101.651 69.9167 840.674 272.08 368.35 190.225 609.279
266.574 186.73 2.0552 644.883 102.027 56.5721 676.172 430.995
346.884 111.352 166.183 17.8597 661.431 26.9289 155.343 504.538
