195 5.57574
6144.06 0 0 0 0
5.87641e-13 1.19687e-14 7.69258e-14 6.16733e-14 9733.02
5.75464e-13 0 1.46909e-13 9699.46 0
3.87056e-13 6321.11 0 0 0
3.35377e-29 5.47712e-13 8944.82 0 0
1.99034e-29 3.25047e-13 0 2.88716e-13 7100.1
1.73794e-29 0 2.83827e-13 4635.25 5739.27
1.53474e-45 2.50641e-29 4.09328e-13 0 6684.84
1.52074e-45 2.48356e-29 4.05597e-13 6623.9 0
4.41568e-14 5.15725e-13 0 8453.24 1425.44
5.45038e-13 2.06237e-13 0 9517.06 0
4.24769e-13 2.19629e-13 7809.43 0 330.142
3.6218e-13 3.6218e-13 8364.87 0 710.222
6.87359e-15 112.254 8719.28 369.455 2868.03
5.20254e-13 1.62986e-13 1.44175e-13 5.82765e-14 9258.7
2040.74 919.475 6982.53 0 30.0129
4.55625e-13 0 7440.91 0 0
1799.52 5441.06 957.222 1132.49 0
4.94564e-13 0 3.22463e-15 8077.02 27.2366
1.72034e-13 2809.53 0 1006.74 6132.71
1551.2 5244.73 1682.4 0 2335.73
4.57653e-13 0 1.37505e-13 1.86402e-13 8376.83
2.90047e-13 2.90047e-13 6698.89 1510.73 2577.55
4.48625e-14 4.73689e-13 0 7770.55 0
1383.2 5728.19 0 1578.6 641.963
853.777 5933.21 1425.28 0 3738.16
5121.28 0 0 6613.48 0
1473.87 1473.87 6224.17 0 0
1742.77 4859.6 1594.09 2613.11 0
2.95185e-14 1.89496e-13 1.91782e-13 3.45178e-13 7169.17
1.91895e-14 1.91895e-14 1.76261e-13 4.1706e-13 7407.67
3.45423e-13 3.45423e-13 0 7977.83 0
1369 2848.18 3454.25 2007.95 1199.86
3402.78 329.104 5779.71 656.795 2843.59
4285.46 1895.42 317.384 4714.15 1124.49
977.235 4277.02 3912.39 1808.66 2409.48
724.989 724.989 5935.7 0 959.955
1900.37 0 73.8559 1911.59 6310.85
2444.01 5096.35 203.329 1425.24 548.01
1655.14 709.954 0 6303.89 0
99.511 99.511 0 6977.35 517.544
5823.19 1542.88 0 816.72 2805.18
3.34173e-29 5.45746e-13 8912.7 0 3598.12
3843.77 1723.29 1225 4386.9 498.864
2.06711e-13 3375.85 0 6418.54 0
3874.68 5631.58 0 0 0
3267.01 3267.01 288.321 2854.48 2603.61
1007.38 5945.95 3394.77 357.938 87.2595
2740.53 2988.92 685.02 4112.59 1492.39
4.66137e-13 0 0 7612.59 1025.13
5342.76 182.953 2276.7 1122.6 1290.5
1348.48 5478.09 5641.62 0 0
4514.92 1325.62 0 4923.52 1990.31
2612.4 4538.36 2467.46 0.620671 1753.51
5.10956e-13 2.07397e-13 3.6702e-14 0 9025.67
1305.74 5871.5 2558.79 0 3205.52
467.433 5458.44 4450.14 188.345 130.955
2484.12 2484.12 581.598 2937.7 4616.27
2866.85 4586.69 1904.63 1774.72 2920.56
1916.98 16.5362 725.138 1067.09 5608.28
5847.15 4419.19 1035.68 0 793.654
3.45806e-13 1.84919e-13 6404.2 452.058 0
3081.23 0 4166.42 625.942 5219.66
2598.98 2598.98 1740.43 1549.49 4422.54
1269.55 1269.55 0 6657.78 0
1.6204e-13 2646.31 0 2646.31 6429.03
1068.51 1464.21 7208.56 0 18.2023
5645.44 0 1662.88 5885.25 0
4.62245e-13 0 1.75439e-13 8.68176e-14 8198.01
5784.94 893.579 1125.75 3327.66 434.824
5554.02 4149.74 921.143 0 1804.94
2568.24 2568.24 5387.3 2041.8 878.915
4458.99 2458.62 1927.26 1917.22 3642.09
5487.16 0 1463.97 5946.78 0
4.23297e-13 7.75692e-14 0 7028.08 409.38
1699.25 633.944 1873.27 3192.27 4121.78
5092.16 0 5090.44 0 0
2.93869e-14 479.925 6440.3 2466.43 3015.23
6109.46 0 3653.99 1083.65 1109.73
2133.28 5832.76 0 1362.2 3204.42
1365.37 4674.75 1238.87 2394.76 906.983
3.97565e-13 1.04896e-13 7.85405e-14 6836.33 1984.84
1554.2 0 895.201 5651.52 4459.52
2.81194e-13 3.28165e-13 7057.71 0 4775.25
4010.72 4010.72 4156.08 2080.48 240.633
331.944 814.823 6112.86 0 174.427
14.3241 0 3.63435 5.54654 6496.77
1636.47 1945.99 2542.62 3223.86 1776.39
245.865 5169.86 2986.69 0 2634.9
5161.13 2486.43 0 2274.49 3359.38
5298.53 900.166 3607.13 429.041 3309.07
629.214 3724.62 0 3777.39 5342.04
1107.89 4966.68 3175.18 399.229 581.09
4862.22 1808.84 230.559 2149.86 1962.18
3650.97 478.408 1414.8 1242.75 5008.2
5937.35 2570.92 1335.98 0 0
4649.56 4649.56 2175.64 797.317 0
4733.42 234.31 190.308 4743.04 1207.59
1.08063e-13 0 1.42454e-13 4.93149e-13 8566.76
644.589 2913.06 2983.52 1526.95 4487.13
3243.76 3453.88 1099.03 2426.92 1261.7
2271.56 4373.85 0 4084.24 3576.5
3614.2 3614.2 3265.45 1048.75 1312.1
5407.47 763.212 769.559 2751.28 1319.39
181.409 915.007 4762.43 3485.65 1694.72
1771.04 4709.62 5031.61 658.283 1543.11
8.63968e-15 1.00819e-14 3.48996e-13 4.13135e-13 8834.81
2277.2 5783.52 0 1121.83 2581.32
541.977 541.977 3518.21 4150.5 4820
3718.13 263.259 3727.44 3265.73 4036.61
1283.52 1283.52 1815.17 2567.04 4385.4
3183.48 3183.48 633.262 5502.97 1264.82
3.19679e-13 3.19679e-13 7383.26 380.465 1275.62
2008.93 2008.93 2111.49 1319.51 5183.6
1353 5520.65 1085.93 1848.39 1236.12
3.80151e-13 6208.34 0 0 3288.43
1.18481e-13 3.97004e-14 3.65793e-13 3.67747e-13 8713.23
4206.84 49.1285 4078.89 1344.94 3547.33
3.2274e-13 0 3.2274e-13 7453.95 0
1200.16 1200.16 3562.06 1711.8 3947.35
5714.27 0 0 5817.17 0
2656.06 666.208 5693.85 0 1047.33
5220.39 1146.76 229.158 3982.45 3171.56
3033.2 3033.2 857.459 1381.84 1917.34
670.642 4905.51 508.358 3110.06 1081.41
1.07944e-13 3.61217e-13 0 6156.89 2111.2
218.606 3121.04 4475.38 3268.52 0
4769.39 918.299 1526.64 3669.68 1941.15
1611.57 4443.64 3239.78 499.887 2456.85
2.98201e-13 4869.99 4869.99 1652.98 1142.56
2308.32 3867.68 1173.03 4883.08 0
1112.01 386.18 368.739 2229.73 5350.13
3.78079e-13 6174.5 767.908 254.898 210.678
4564.04 218.541 6027.41 2608.73 0
3200.65 4212.57 3413.57 34.4809 2304.52
3.61331e-14 3.35209e-14 2.05064e-14 871.814 6793.75
1208.15 3194.06 3413.33 4828.3 1389.13
3755.13 3755.13 2301.92 723.061 2639.56
3971.36 1191.74 4729.74 0 837.831
3500.68 2969.53 937.161 4937.27 1184.07
1813.31 2325.95 4631.53 100.809 3532.23
2511.15 4776.63 2803.59 0 0
594.577 1001.66 5573.66 447.138 2501.22
3.15874e-13 3.15874e-13 7295.39 0 2624.33
2153.93 4506.28 0 4779.4 359.19
399.352 0 5173.22 3493.48 0
4554.2 4483.62 3429.4 1506.03 0
2708.07 1747.12 4916.07 3092.78 2372.04
6.64223e-14 4.33524e-13 0 7162.6 1469.2
2954.76 583.173 3011.76 1262.86 4442.54
1535.89 0 7171.19 1259.49 0
4949.56 3308.79 1315.87 0 2755.48
1418.97 0 1061.48 0 6027.57
2982.98 1507.46 3861.75 1828.35 2690.45
1927.34 0 281.353 3607.63 3996.46
621.71 1227.88 5267.8 2320.79 3676.83
3937.73 1820.95 4338.38 0 1854.51
4816.78 3492.52 0 0 3795.31
3.85713e-13 6299.16 589.4 3921.65 0
253.202 0 6200.25 1463.99 0
1180.64 3530.21 3318.96 78.68 4987.79
3982.7 3982.7 1569.07 975.939 3338.23
2689.68 2689.68 4779.39 3559.83 657.572
3750.49 4099.09 2224.5 1738.18 1371.12
1.941e-29 3.16989e-13 3.17976e-13 7332.54 0
5055.86 0 165.093 2315.53 5563.33
1996.46 922.848 2199.43 4657.2 1896.53
5233.72 2254.24 3076.85 2788.23 813.388
888.221 554.369 3222.41 3346.68 4762.4
285.336 5999.83 2302.47 0 2836.48
4109.05 81.8359 4109.86 513.116 3617.42
2942.65 4118.48 2149.74 269.083 2703.06
4603.45 5024.8 0 0 0
694.271 3167.15 5195.19 2630.36 38.1926
3049.79 119.086 3052.11 50.7815 4316.64
3987.29 0 0 5425.79 1852.39
3511.05 5572.27 866.218 2721.36 0
5.16839e-30 1.08041e-29 1.95593e-13 4.58111e-13 8134.9
76.2493 797.207 4887.53 2322 5470.01
2886.24 3579.45 2023 0 5023.48
1015.6 2653.83 5869.74 1849.32 1223.33
314.403 244.426 2894.43 4478.15 4205.77
5584.41 0 4131.65 1060.79 364.363
4140.22 4140.22 3625.78 546.528 0
2.3173e-13 3784.44 3779.25 3892.87 2185.6
4965.15 4965.15 1479.2 2807.19 0
445.007 2588.4 2126.68 4289.06 3294.67
249.795 1055.92 2927.91 1966.02 5071.12
1902.98 1161.47 1957.66 2156.23 4538.45
1810.12 711.252 0 152.349 5535.76
2111.99 3846.27 548.569 2510.78 2971.18
4308.64 399.476 4374.23 3951.63 2353.91
5437.12 965.242 2436.91 0 1465.62
468.87 121.441 2872.16 3908.14 4874.16
2912.08 0 3611.19 5249.53 0
3341.48 1044.11 1257.45 1635.51 4063.46
3643.79 1182.58 26.5757 927.16 3941.58
2726.16 2726.16 1780.54 4246.67 726.807
1582.4 1610.51 2257.82 2092.24 3817.45
3781.18 0 5799.41 3056.52 258.283
5885.82 1381.48 1853.67 0 0
1970.04 1970.04 418.189 4986.6 2712.15
1962.18 3624.83 2234.89 4688.74 1623.63
1893.08 0 1655.64 4572.57 4934.3
2790.91 655.838 4852.53 3169.29 658.422
1864.39 3539.22 4000.25 117.802 3865.92
722.712 2384.04 2491.17 4058.2 1614.34
2.67645e-13 0 2.67645e-13 1.82815e-13 6864.73
2246.54 798.042 2384.08 5522.45 0
2243.46 454.947 4823.32 3291.52 9.45057
1087.62 3294.53 0 3403.4 4860.04
6020.73 0 4076.84 351.18 1121.85
5671.77 0 549.554 1685.49 3648.88
5188.69 1250.5 1048.85 1578.57 3246.01
1826.38 4066.94 4458.21 2770.31 385.714
1.84832e-29 3.01853e-13 4929.63 0 5975.26
1412.68 1412.68 5020.7 955.535 1537.81
3.73098e-13 6093.16 1225.56 0 3047.78
4049.95 1435.64 1064.77 2535.54 2675.18
897.452 3869.21 462.308 2632.92 4787.71
5240.7 407.187 2702.79 2913.18 1443.71
2.40881e-13 2.83747e-13 0 3.18937e-13 8004.92
599.2 1604.09 5691.28 2867.91 0
879.26 1347.67 2780.64 2095.43 4284.31
3.42928e-13 5600.45 2839.38 790.208 681.034
5259.18 3147.61 1486.09 3869.04 188.692
1877.3 1634.34 4793.37 987.561 2955.01
4209.14 299.597 2712.09 833.816 5085.01
4375.66 701.177 2247.59 3117.71 1397.3
2.08931e-13 5.20412e-14 0 3516.36 8596.25
5453.78 3381.02 897.941 0 3472.92
4247.07 4247.07 0 0 1342.41
49.6009 2056.16 2888.03 6027.41 0
4169.07 0 2495.04 4858.64 1946.84
1684.6 3683.37 2688.2 1262.17 3242.95
2.87615e-29 4.69712e-13 0 0 7670.97
1539.02 0 3884.06 5748.42 4213.84
3764.15 1121.04 3781.72 2615.79 319.648
2.36185e-13 1.53308e-13 2.19646e-13 2.98426e-13 7600.43
2544.62 3467.72 2383.02 2072 1354.75
3029.83 3636.72 1838.55 3737.22 248.737
2513.96 4762.62 483.914 3538.92 0
1129.88 0 3507.12 6110.12 2216.67
3122.85 2785.31 3425.31 0 2765.84
5271.32 2030.66 1629.65 3023.99 0
3309.63 3419.01 0 5364.87 0
4882.44 2298.64 4262.77 333.323 4050.45
2294.79 2294.79 5362.14 689.657 923.651
815.096 815.096 353.536 1205.72 5286.24
2970.03 0 3106.03 5074.86 2045.12
1.26223e-13 2061.38 2061.38 5602.81 3044.91
2497.44 3798.7 1346.41 777.817 4948.31
951.265 1489.2 5889.05 0 3538.39
4710.13 556.233 2627.71 2595.27 3665.26
2068.97 2104.55 2951.23 109.636 4303.38
695.963 5557.87 4246.36 1478.44 0
3933.53 3933.53 2551.52 294.647 2658.34
3389.62 631.534 99.5193 3449.39 4681.2
778.907 3943.87 669.111 3133.69 4496.57
4925.64 4925.64 2082.36 0 856.671
340.315 617.8 1718.63 2559.95 5582.32
551.238 3009.43 2474.62 842.671 5436.3
345.384 4533.94 2357.41 4329.22 1406.08
5992.4 0 861.609 4134.31 2.882
2857.56 4425.9 4304.33 1808.13 0
5747.67 0 1299.63 1282.36 0
5398.42 0 3288.1 3046.93 0
4.97717e-14 0 1.86354e-13 3150.07 7778.69
2.25735e-13 3686.53 4419.2 3555.3 2232.67
2192.5 6046.32 1840.02 591.955 572.21
1227.54 1182.22 1704.26 3255.72 4050.77
94.5687 756.937 3198.42 3288.13 4650.11
1936.38 1936.38 2738.45 3872.76 689.118
1.14451e-13 1869.12 147.529 0 5650.21
3540.03 2200.45 599.219 4211.04 361.333
2.39323e-13 3908.43 2120.69 4270.77 3558.9
2212.99 1103.74 4029.01 4727.42 278.713
3222.27 4354.83 3804.71 2510.54 34.7962
139.417 254.433 2731.42 3634.45 5461.24
2.23331e-13 3647.26 5236.99 4437.29 465.073
2.83421e-13 4628.61 2577.74 2202.47 4147.62
4.54381e-13 2.16687e-13 2.5105e-13 0 9186.84
1511.12 1511.12 5429.02 1564.33 1174.47
751.514 4195.88 10.645 4262.66 0
792.179 3569 0 3655.86 5754.44
1983.33 2515.69 98.4739 3699.04 2920.84
4051.08 930.594 1159.17 4315.2 3506.72
1188.47 3398.9 2594.33 1449.98 4668.83
9.38849e-14 6.16448e-14 1834.23 4292.4 6618.41
3693.97 3005.26 2837 440.401 3121.84
3910.02 1918.13 1019.54 0 4170.26
2772.59 3351.26 4349.5 0 609.372
1298.23 1099.32 614.827 2888.13 3407.82
5575.83 1775.83 4526.12 884.881 0
369.379 715.766 5540.52 0 4731.42
101.046 1072.83 3917.04 4062.56 1523.16
5664.29 1623.57 0 1926.65 2396.83
909.602 0 6033.67 1407.88 999.215
3423.45 55.6531 2154.22 2776.58 4906.44
3853.21 2118.2 983.127 4505.61 1473.89
2407.75 2407.75 3447.68 411.004 1953.85
1304.87 0 0 3678.94 6981.85
3172.54 0 0 1900.1 5827.68
663.953 0 0 1586.48 8808.43
1159.48 4010.94 0 618.292 5464.25
3905.3 2436.63 1791.66 0 4939.49
1.46911e-13 1.63552e-13 3590.35 4354 6384.24
927.694 0 4382.21 0 6321.44
5.21169e-13 0 2.05118e-14 1.94435e-13 9090.55
3.20482e-13 5233.87 404.93 230.943 3778.92
3370.99 738.58 3450.95 2680.12 3633.97
2239.79 158.962 0 6359.31 1174.17
1490.97 2400.52 2825.86 3996.37 151.255
2221.19 985.431 2969.12 1557.8 4140.92
3146.15 439.371 4161.63 1979.11 3661.59
4853.26 1679.9 90.7706 5136.58 0
3727.45 5010.67 2108.63 0 0
3465.05 522.469 1157.99 4992.74 0
3564.8 3564.8 0 5041.39 2318.81
406.676 3429.56 443.491 3481.94 3580.88
2352.56 2352.56 3327.03 1211.64 3659.7
3.25649e-13 2.60368e-13 1.9878e-13 7543.41 0
2.72512e-13 4450.45 819.591 4525.29 0
3.76197e-13 6143.77 0 1366.35 1843.7
3438.07 2741.2 1546.11 4113.42 1657.59
1844.37 1844.37 2608.34 1536.84 3530.52
1452.92 1452.92 3677.62 4212.69 0
3491.27 2282.81 3025.14 2521.45 2882.86
4227.46 4227.46 3435.13 858.474 0
2672.69 2672.69 3964.36 14.0576 2197.95
3309.49 0 5589.23 2114.84 1250.05
3225.3 3073.36 748.952 1171.22 4666.99
2453.91 1424.33 2837.32 3071.44 2810.39
1031.72 2743.58 0 4017.97 4340.77
2717.21 2717.21 3842.72 1849.85 462.968
5017.02 2569.16 3148.22 0 3610.4
1.69189e-13 3.68555e-13 6622.88 974.528 2941.29
3338.76 1838.56 3811.51 2246.41 3645.38
3748.25 2733.29 1367.08 1211.01 3869.83
4908.95 3554.81 263.287 733.748 3183.99
2179.38 2126.64 2334.1 5172.17 1773.12
2.64314e-13 4316.57 0 4456.57 1788.49
4163.44 4163.44 3101.07 1102.36 266.362
2146 3086.37 2444.15 0 4531.92
4896.64 3423.54 0 5333.16 0
1486.31 1030.52 5012.36 2562.11 2253.92
4676.37 0 4676.37 0 5169.58
3109.54 2553.51 753.291 0 4093.54
2340.59 1975.47 3062.81 0 4946.63
407.915 2246.1 1883.18 2959.35 4185.15
2.9898e-13 1.51522e-14 2.87116e-13 6774.11 2978.22
1.78626e-13 2917.19 1269.26 5512.27 762.539
1033.08 2076.54 3363.47 4264.9 2788
176.282 3850.62 3854.65 3894.77 714.513
835.417 430.145 5280.26 1324.79 4106.04
342.825 342.825 6534.01 112.038 0
4243.14 2663.72 0 1612.29 3925.65
1.87702e-13 3065.41 0 5206.49 2370.63
3813.8 432.876 1249.38 4036.51 2452.29
1.81268e-13 3.60013e-13 6582.67 3394.1 710.149
5180.03 3224.76 0 736.196 0
2774.26 1383.68 5050.87 2466.7 2938.82
4346.33 0 5047.73 1377.41 2438.92
600.566 0 4943.64 2983.02 2542.36
1143.76 2916.45 4595.88 2050.25 1067.2
3288.89 1429.41 2016.59 592.511 5009.16
1043.75 4144.7 4274.1 2347.26 555.725
4431.22 0 79.6789 4431.94 2147.42
598.672 2047.08 6004.57 0 0
5214.15 1230.58 0 4330.75 3087.7
4296.97 170.15 6511.45 0 0
2382.55 2362.06 1610.6 3721.54 2194.05
2429.88 852.284 114.508 1872.64 5149.29
2149.32 2417.72 4058.99 2857.73 3069.64
4487.58 1108.35 4622.42 913.429 0
1493.26 1083.51 3004.96 3526.13 2589.13
4104.25 3285.36 5296.2 1321.02 0
1791.56 5472.61 0 5758.4 0
6068.53 0 0 0 2454.99
4060 0 3270.92 5180.33 0
2496.11 3667.8 2748.24 0 3365.93
3676.43 1034.93 3819.32 0 5401.34
1.01829e-29 1.663e-13 2715.88 0 6569.88
3589.59 0 2631.73 2003.57 5300.77
4361.65 1718.81 4688.1 2001.7 0
3599.15 1355.54 2404.54 4535.77 444.694
2801.23 91.1456 3582.69 0 5456.56
3850.46 0 396.687 6131.98 2512.98
118.417 6.81864 5053.65 1011.92 5155.33
1676.11 1862.36 3991.9 1288.72 3657.73
1524.81 1524.81 5526.16 3424.18 799.163
2913.06 1108.24 5297.99 0 2013.99
2607.18 4646.43 4566.62 0 2854.47
4360.68 796.811 1083.99 222.645 4568.92
488.149 4050.77 0 2564.14 3652.92
959.1 87.0917 1001.11 3708.41 3960.05
3862.55 1337.98 1687.84 4422.48 839.432
2237.93 3217.77 1864.88 2216.55 4873.73
4825.65 2177.72 5457.74 40.1562 0
2838.26 1415.6 3017.14 4517.87 0
576.651 0 0 5018.44 5051.47
3584.18 0 1560.17 4896.32 3207.21
227.334 5049.25 0 4184.45 440.761
1856.2 2160.76 3623.22 668.821 4657.19
2286.24 4725.39 3148.59 1889.62 0
3522.49 281.056 3533.68 4997.38 855.289
420.517 0 1102.93 112.615 5701.99
5340.1 0 0 4167.64 609.373
8.41303e-14 1373.95 4176.43 561.291 4786.54
3.09168e-13 5049.1 0 2829.78 1558.73
3231.62 2673.42 526.43 4227.01 1835.52
664.636 815.315 3696.14 762.749 4977.33
2.53906e-13 2.53906e-13 0 0 5864.19
1.80104e-13 2941.32 3127.89 307.25 2621.45
2658.43 3953.16 2080.8 1060.24 4361.54
280.422 881.316 3533.94 0 5431.19
3.25163e-13 0 1.5033e-13 3.26596e-13 7916.78
512.34 403.714 652.286 0 5840.48
1810.26 3516.62 3955.2 4033.34 0
123.765 0 0 8067.39 0
2921.64 854.416 1619.6 3223.21 4719.98
1284.2 871.8 0 5848.7 3017.85
67.7337 2540.37 4270.46 4969.4 1775.5
2946.87 2946.87 1678.19 477.814 4518.05
2575.99 1021.77 1281.16 3053.05 4962.34
367.521 109.592 4044.64 3100 4339.26
4431.04 4200.88 1550 0 2453.41
3.18161e-13 5195.96 132.705 1554.82 3424.46
1671.76 6052.36 0 316.147 0
486.199 4950.23 1671.3 4338.02 0
5447.12 1664.96 0 2370.13 1815.87
3.23417e-13 2.56235e-14 3.24431e-13 0 7493.01
3.19232e-13 5213.45 0 1037.68 4596.85
5038.44 0 4220.37 4676.8 0
1.31588e-13 2148.99 3484.88 1024.02 4919.32
2343.4 4747.26 2430.08 3036.14 180.635
517.122 773.379 3710.91 1587.9 4142.2
3369.9 3369.9 4765.75 2985.72 0
5782.6 2138.02 3230.17 0 1208.49
2079.04 2359.08 2031.86 5121.16 2253.57
2920.56 1656.34 1694.78 3761.04 2085.31
4941.39 843.598 2799.52 2875.5 2065.47
4296.14 1773.42 0 4247.31 67.8588
3485.62 689.67 5254.81 2963.55 3439.55
1979.51 0 1979.51 6035.86 0
2198.84 1699.87 1482.27 4451.71 2901.94
5482.84 1654.69 1716.87 0 3510.55
55.519 80.2272 3642.48 3643.79 3268.1
3296.62 425.552 2239.14 4763.8 2889.66
1.18268e-29 1.93146e-13 3.64031e-13 6730.06 3447.25
3.6664e-13 5987.69 3787.53 4134.36 0
699.252 3005.76 261.13 3946.93 5016.97
4486.92 502.705 0 0 4515
3509.89 3340.2 2906.71 3947.04 0
2358.61 255.473 1735.33 3803.74 3141.15
4693.25 874.037 6046.65 1762.44 0
3450.8 0 6557.91 995.247 1313.11
1429.2 274.413 2585.84 2967.24 4196.31
2181.96 2073 0 3009.7 4256.36
2086.15 429.531 1809.12 6071.98 3325.65
676.164 3470.57 3022.86 3456.41 347.608
1108.19 159.575 0 3808.86 3970.01
10.0456 836.411 4594.8 1534.3 4915.88
3677.73 0 2318.56 2356.91 5281.71
1910.88 4340.6 1337.16 2088.88 4479.44
2580.89 813.1 4287.82 0 5111.1
3.11924e-13 5094.11 3379.63 0 277.239
3796.42 3796.42 0 0 5368.95
2699.62 94.5289 0 6076.05 1674.52
1227.33 4609.69 0 2984.59 1418.51
1.95335e-14 1.71967e-14 8.00956e-14 4.18871e-13 6977.58
2366.1 2366.1 0 440.839 5148.05
2030.87 395.778 2069.08 3425.62 4505.22
2.61316e-13 3.49534e-13 7.12143e-14 7221.49 2070.78
2645.58 2681.01 4272.51 0 3928.84
2021.6 167.314 4374.8 2581.39 3447.87
62.2943 62.2943 4957.42 1208.83 5103.44
1571.43 1465.66 3710.69 459.493 4312.53
926.077 926.077 24.2472 3659.95 3887.29
3484.8 2226.33 3638.75 961.239 2371.51
3.8732e-13 0 2.17841e-13 7257.24 0
1441.71 3152.7 537.891 2766.92 3867.01
2075.48 0 3876.18 5968.65 0
1.58698e-13 0 2.99163e-13 3.3865e-13 7821.4
1604.22 3121.93 2328.32 3219.37 3387.7
3180.66 1501.52 4845.96 1877.91 2876.28
3125.98 3125.98 606.881 2087.49 4926.4
2.89923e-13 2.89923e-13 6696.02 2545.12 0
228.161 737.311 2252.19 4366.04 4972.96
4896.14 1695.43 1912.95 1745.88 1939.99
2.49002e-13 4066.5 1504.71 2827.13 5176.22
1603.91 0 545.197 6365.08 0
1547.6 2385.48 3711.5 1130.69 4810.33
1.48363e-13 0 2422.95 2302.2 5695.87
1.96431e-13 1.96431e-13 4536.74 4536.74 1937.63
3.70908e-13 0 6057.39 0 1516.2
61.5798 2181.04 2035.25 5059.91 0
1514.44 2554.8 2420.25 802.936 4361.87
2296.1 0 4513.48 3257.48 4164.02
3535.3 3535.3 842.211 5070.11 0
