3100 49.3238
8.58372 2.00938 0.00261708 0.0154016 0.00189046 0.530249 0.0254554 0.582516
2.49866 0.0325575 3.29101 2.81663 0.498142 1.32072e-15 0.311635 2.1254
0.67197 7.69547 0.238104 0.277867 0.0501809 2.42892 1.31882 0.00277651
0.460694 0.804247 0.786368 0.117619 3.31208 3.22413 2.41872 3.93983e-12
0.0483437 0.013964 7.94177 0.0588518 0.981265 0.32135 1.07521 1.85001e-05
0.00195315 0.00301386 2.33701e-05 0.012643 0.219298 0.222325 1.1984e-21 4.72153
0.000167223 8.58644e-08 0.0142069 8.50244 0.418053 0.0106186 0.00278371 0.33744
3.66511e-08 8.89936e-08 0.000368032 5.46079e-05 0.00372967 9.6599 0.00264072 1.51473
3.06939e-09 1.75669e-09 1.93127e-07 3.76455e-08 9.23796 0.115797 0.0370793 0.142857
2.06721e-09 6.19299e-11 1.22466e-11 4.61999e-10 1.983e-11 0.00487523 9.77535 0.933066
1.0211e-13 1.40538e-14 7.55123e-06 8.47774e-21 7.09821e-06 0.000216735 7.03662 0.0489982
4.89798e-15 5.01977e-15 2.13933e-18 2.62889e-15 3.3299e-14 0.000136777 0.000716175 4.26727
7.41548e-16 2.23913e-15 1.02002e-13 0.000425242 8.34728e-06 0.000536601 1.35751e-06 8.71243
3.47999e-19 2.00129e-18 1.25074e-17 2.52355e-16 2.14318e-17 4.14129 0.73152 2.0194
3.86996e-20 3.13473e-19 6.46441e-18 2.31168e-16 5.51503e-15 4.57001e-05 0.091742 6.1774
2.09652e-20 3.88463e-15 1.98252e-15 2.56849e-15 6.55745e-12 6.27506 3.6015 7.05577e-06
7.4416 1.92903 0.0150798 1.49049 0.539131 0.0225826 0.288584 0.00433669
1.05113e-08 6.98167e-09 2.21215e-10 6.91078e-09 8.64407e-10 0.00494678 9.004 4.89927e-05
2.81238 7.49335 0.0462758 0.631146 0.262729 2.1388 1.53961e-14 0.0530371
2.60953e-14 1.70653e-10 7.34562e-09 1.65226e-06 3.20129e-08 4.48784e-05 4.16064e-05 7.79239
1.57674 7.01341 0.597335 0.0765117 0.598158 0.0799971 1.47483 0.209421
1.06926e-16 2.45408e-16 3.59893e-16 1.14414e-15 1.42786e-16 0.000189534 0.496151 8.13938
7.16779 0.000605389 1.18093 1.21814 0.270459 0.248801 0.0106232 0.0372745
0.165682 0.318276 0.0198467 0.530753 7.76036 0.000471149 0.372091 0.00092194
7.89285e-06 0.011324 2.99075e-05 8.06222 1.36192 0.0323399 0.621809 0.0435352
1.88114e-14 1.78356e-12 1.2103e-11 5.18154e-10 1.03461e-06 0.00502657 0.000376358 8.43903
1.06908e-17 1.10835e-13 2.23522e-11 1.44287e-07 7.4517e-06 9.16853 0.28546 0.00842822
5.04009 3.73664 3.24022 2.35704e-05 1.12172 0.33302 0.0504317 0.904957
0.158932 1.17578 0.791764 3.84918 0.548338 0.00310854 3.8696 0.15293
0.000129794 0.000115131 0.000154715 5.43677e-05 0.000127939 0.000155904 1.63493e-05 5.39962
2.96708e-06 0.000177476 0.00961925 0.000709067 0.00696515 0.000618396 8.37241 4.15566e-08
5.20258e-14 5.63264e-16 3.99591e-15 6.01553e-15 4.02334e-14 3.25512e-12 2.64276e-08 7.37364
0.576213 6.42244 0.0148211 1.03108 1.21824 0.352777 2.12385 0.74798
4.35321 7.65553e-06 3.69032 4.33497 1.4685 6.28786e-13 3.55805 0.0425928
1.00204 6.5416 0.839495 1.25137 0.26235 0.415361 1.69494e-14 0.0652507
0.000364662 0.000190008 0.00384873 0.000951135 8.09855 8.52918e-05 0.0390148 0.0312089
0.0324746 0.223597 6.73542 1.37428 0.0752398 1.27848 0.0106884 0.0847274
0.000145515 0.00474748 1.10843e-05 0.00326069 7.47879 1.15277 1.39038 0.107855
6.84708 1.51192 0.00208099 1.50414 0.333874 0.183416 0.657537 2.76768e-05
1.03208 4.02619 3.50306 1.68128 2.43268 0.489948 1.65581 3.25552e-07
6.58193 0.0798288 1.74901 0.0658447 1.00978 0.0136045 0.514736 0.00363582
0.00223538 0.684224 0.00151337 4.49721 1.24454 1.39048 4.79325 1.18965e-08
0.000230104 0.0274775 0.0397222 7.81117 0.0151732 0.00118231 0.0396284 0.00719338
4.84754 0.575206 0.324087 1.43924 0.0177673 1.89948 3.19938 0.944719
0.037199 0.24712 0.0710491 7.5434 0.0751359 0.00223956 0.0268407 1.99644
0.657952 0.198172 0.499872 6.59609 1.97646 0.00276702 0.199131 1.20048
1.85723e-07 2.53994e-07 7.41542e-06 0.000152858 0.00597631 0.00854596 4.29237 0.710381
2.42006 2.0141 0.00034825 4.69132 0.570422 0.500426 2.79498 0.300378
0.139588 0.928996 0.00693995 7.18286 0.161068 1.02723 0.00778486 0.000680997
0.0085578 0.405622 6.44361 0.60236 0.424467 0.329229 0.657785 1.52316
5.0857e-08 5.99845e-08 2.86482e-06 1.35008e-07 2.34923e-05 0.736211 5.52096 0.176708
1.65807e-16 1.80187e-12 2.44387e-10 4.51368e-07 2.61801e-05 8.87094 0.23346 0.00916566
8.76317e-09 1.11871e-07 1.09446e-07 3.86314e-07 2.61917e-05 0.00056154 0.000561561 5.6517
4.90564e-06 1.96116e-05 2.68573e-05 9.53518e-05 8.78499 0.135846 0.0408475 0.00824127
5.79328 4.72023 1.00875 0.245557 0.0379603 1.06714 0.0796858 0.224569
3.32741 0.781954 4.70841 0.018304 3.0646 0.88672 1.9333 0.641185
1.08845 2.41343 0.000667644 5.12459 3.70842 2.04393 0.00390006 1.90415
1.14556 1.02242 4.45923 3.11713 4.65432 0.0269404 0.243044 0.945658
0.783852 4.16085 3.44486 0.699127 2.12769 0.0332695 1.27855 0.564762
0.302431 1.72028 4.14139 0.988304 4.1143 0.0686579 1.32783 0.127602
0.000563746 0.00368764 0.011686 0.0343113 0.118627 7.13938 0.00223897 0.661083
2.67664e-06 0.00454814 1.67402e-07 6.3796 2.89459 0.164764 0.0949726 0.401016
3.1555 0.184204 7.72025 0.278887 0.0760754 0.395917 0.0407908 0.0161199
0.852987 1.46823 0.814145 0.469305 6.22647 0.0117525 0.0629642 0.359526
2.48242e-06 2.31556e-06 2.39827e-06 1.86495e-05 1.24886e-06 2.55217e-07 3.18215 4.51254
0.262862 0.570128 0.796828 0.0308674 6.29636 0.0207042 0.0314975 2.68591
3.57377 3.18133 1.6812 0.786994 0.137786 0.00381959 0.92414 1.83214
0.708631 2.87359 3.63895 0.00748324 0.816444 0.0277792 1.51386 2.29409
0.00574249 1.24179 0.43042 5.68942 3.51872 0.522671 0.000595939 0.542846
1.14243e-08 6.16875e-09 3.28366e-08 4.35679e-07 3.92625e-07 3.14493e-05 0.0479477 4.91053
5.43855 1.85251 3.13387 0.318147 0.160649 1.06049 0.291768 0.404064
2.15828 4.90915 0.590544 1.05512 0.0324943 0.237865 0.00177694 2.10122
1.85567 6.25049 0.882621 0.202362 0.718839 0.263607 0.00275178 0.1103
3.01816 5.67546 0.734063 0.553868 3.01467 0.910933 0.0447316 0.000616628
0.542157 6.73771 0.00251648 0.46113 2.71065 2.30269 2.41021e-17 2.0155
6.83436 0.138449 0.45923 0.593942 1.56658 0.0682637 0.0942114 0.0422656
0.516017 4.51617e-06 3.38099 4.15337 0.381928 3.58918 2.08848 0.012915
0.000916197 0.000223879 0.00257202 1.16035 0.00262865 8.54833 0.00117605 0.0773152
0.00408538 1.16655 6.09785 1.72346 0.128256 0.00050786 1.98987 0.457442
2.0899 1.78944 1.39462 4.25834 0.286412 0.446673 2.38672 0.429203
3.95633 5.03495 0.0393759 0.461279 1.4932 0.364072 0.942009 0.669895
0.0765845 0.0383014 0.435487 0.0863112 9.01947 4.88849e-05 0.00889422 0.377217
0.000586985 0.00106197 0.000184499 0.00339558 0.145467 8.13907 0.00225389 0.00368659
2.93144 2.40761 3.82736 4.47345 1.13209 0.930229 0.0726504 0.00289171
0.00105176 0.00480745 6.99112 0.160854 2.46474 1.8577 0.0042935 0.00439195
0.572883 1.76264 0.00407437 5.82034 0.289136 0.503596 0.000217753 2.48482
0.252367 3.02152 0.393483 4.56403 0.212039 3.41376 7.50213e-17 0.693374
0.0750846 0.266181 6.89469 4.08665 1.16835 0.09419 0.364221 0.776037
0.552133 0.521987 0.629304 1.73695 6.61965 0.474134 2.1996 3.40703e-09
1.37521 5.32987 0.0240355 3.72768 0.236936 0.661258 0.892545 0.60518
0.868162 0.814462 5.68589 1.24965e-06 0.0163045 1.19481 1.55291 1.38849
3.05967 2.69976 0.950971 1.46744 3.49038 0.0772908 0.673644 0.29268
4.50774 0.000135739 4.95308 1.84172 0.900928 0.00242653 1.41424 0.96422
1.50113 2.39193 4.56033 0.974538 0.194547 2.87701 0.247299 0.0876362
3.98228 0.0536234 2.85276 4.89516 0.0465533 0.907605 0.109693 0.00417082
4.13849 1.08555 2.08472 0.00999364 2.27416 1.64167 2.98596 0.325783
7.66686e-05 1.38327 1.04703 3.43938 5.1575 0.0665442 0.0569452 0.194425
5.9421 0.299182 1.23335 0.44218 1.95866 1.32359 0.262573 0.0195226
2.55011e-07 4.40699e-07 3.17941e-06 6.99729e-07 1.723e-05 0.247224 5.00188 0.00489678
0.75324 3.42883 0.0998258 3.48706 1.30354 4.01717 3.29473 0.000414846
1.37415 1.8955 3.65472e-05 2.69694 0.890707 1.3971 2.59765 1.29555
9.88938e-08 5.13636e-09 3.57372e-08 2.01597e-07 1.04839e-10 0.000186772 0.000527453 6.33377
5.61621 0.373466 1.42174 3.52138 0.00209238 2.35643 0.600121 0.0365548
1.96193e-08 1.42143e-07 4.32446e-05 0.00373712 0.0100408 0.0198277 7.38462 0.00462921
0.429771 0.120168 0.927481 0.440532 6.05132 1.72665e-11 0.24957 0.518068
2.97632 0.000229227 0.0853435 6.83163 2.83637 0.0848491 0.0396547 0.00169147
1.11227e-08 1.91071e-05 0.000430738 1.51887e-05 0.000297909 0.0032327 8.15081 0.000104131
6.39412 3.05404 0.00290512 0.209309 0.00281782 3.1142 0.140811 0.601645
0.644281 0.211478 0.359788 0.134379 7.31222 4.81972e-05 0.0561215 0.0048032
0.639336 4.84863 1.66786 0.730314 0.600601 0.723081 2.38161 0.640399
0.770036 4.62287 5.1741 1.13492 0.0345061 0.614872 0.00103774 0.0657477
1.47933 1.26672 3.17704 0.0688448 3.55105 4.21817 2.7069e-13 0.0202718
0.000265861 1.09898e-05 0.265659 7.94426 0.407923 0.0302151 0.217588 0.602508
8.80585e-07 3.4393e-06 9.29048e-06 1.32755e-05 1.67725e-05 0.00168792 8.68903 0.000536729
0.798555 2.2808 0.000600885 5.93714 1.04208 2.54919 0.000180412 0.182858
5.70093 3.39966 0.383371 0.119799 0.723244 0.00595835 0.00550339 0.076269
0.714374 2.34192 0.507643 6.10555 2.01818 0.0229532 0.000707229 0.623792
1.00296e-09 1.26228e-09 8.66129e-10 3.02015e-09 1.13964e-05 1.90481e-05 9.09254e-06 5.97804
6.9337e-18 2.20163e-14 3.19803e-15 3.87352e-16 1.62179e-11 7.84077 2.87061 3.83722e-05
2.29867e-05 3.50171e-06 0.0298996 0.000118239 0.000143538 8.6448 3.80054e-05 0.250033
0.0745565 0.00235628 7.86369 0.120654 0.0156818 0.927946 0.00723814 1.21601
0.154348 0.16015 1.70708 3.91686 5.59296 0.183297 0.130078 0.000744934
1.19204 0.628555 3.0725 0.815464 2.34019 0.981464 1.88249 0.320886
0.0232229 0.0107774 0.0147451 0.0162613 0.000900001 6.88801 1.13451 0.00889139
1.09254 0.00080346 2.49395 1.39305 4.82436 0.25121 2.43143 1.46673
0.199335 0.888432 0.341128 1.9797 5.69554 0.00294768 0.284564 0.146816
2.36713 0.186354 5.75671 3.20493 0.138535 0.0596417 0.0915593 0.860193
4.20112 1.67323 1.68607 2.11047 0.491667 1.02078 0.858276 0.0894413
4.77294 0.17649 4.83125 0.02038 0.0203422 0.00607946 2.41805 0.113226
0.205258 0.651386 0.0845479 2.28605 6.69232 1.29343 0.0911832 0.00583873
1.34257 2.0403 4.33102 0.689044 2.91278 0.0123807 1.07875 2.23241e-05
1.38456 6.17389 0.779343 2.41344 0.000790288 0.0401457 0.233772 0.0906725
1.92188e-05 8.04122e-07 3.59488e-07 3.40168e-05 8.41708 2.07559 0.053307 0.036871
0.175033 3.28333 1.76707 1.93026 3.9706 0.000791135 0.320964 0.0405347
0.0306633 0.0506134 0.364221 6.96023 0.000292436 0.000244846 0.0337731 0.000406058
1.8556 5.60841 0.00809554 0.139667 2.04451 0.5227 0.105345 0.619494
6.06115e-10 1.3183e-09 8.285e-09 1.01613e-06 0.000244707 0.000640256 6.08377 0.052528
0.0833908 1.75387 6.26353 0.0583716 5.2771e-05 0.444811 0.33203 1.0546
3.41653 4.54396 0.00710554 0.890032 0.00654218 1.21611 2.51729 0.261073
1.31151 0.309434 2.35474 1.91075 3.17047 0.679715 0.48391 0.897176
0.000729304 0.015558 0.00165958 1.53167 0.14825 8.29984 0.0772124 0.00019811
0.450706 4.09808 1.86647 0.629224 1.57826 0.192982 0.38898 1.6707
5.2133e-07 3.40144e-06 6.54925e-08 0.00353572 0.0589767 7.94097 0.476717 0.00320594
0.000256471 0.686969 0.273615 5.19328 1.21866 5.25518 0.00970174 1.17436
1.18933 2.89714 5.36381 1.05379 0.0477058 1.22729 0.0986305 0.0785282
2.55155 3.79199 2.92382 2.10303 0.0306128 3.20761 1.35225 0.0012713
0.0160893 5.89814 0.321881 1.08949 0.989483 0.679072 0.175193 0.752082
2.36319 2.10931 2.79616 2.15797 4.20444 0.147041 0.24572 0.00663831
9.64503e-14 3.22421e-14 1.2967e-10 1.54525e-10 1.21281e-12 4.55971e-09 8.70574 0.0063684
1.14296 3.70091 3.3807 0.0106535 2.16462 2.16225 0.0768564 1.26606
4.26298 3.64698 0.0264193 0.228462 1.56953 1.91668 1.3436 0.0307483
0.042694 1.93658 2.60844 0.0574432 4.95832 3.33725 0.24771 0.249013
0.833446 3.99464 2.32024 3.47458 0.445791 1.15944 1.58244 0.0254441
3.62479 0.557295 2.92554 0.0751055 2.80947 0.43766 0.0476933 1.10694
0.765023 5.77578 2.39149 1.19077 0.00554837 0.120829 2.95132 0.375394
2.39476 5.81463 1.50341 2.09102 0.402059 0.00670616 0.286885 0.274515
0.0078839 0.00790621 0.000156861 0.467708 0.000409763 7.6986 0.0339168 0.0990589
0.700212 1.11119 0.378264 5.54103 0.466857 1.84764 1.99283 0.0279016
0.977703 2.62688 1.90293 1.64025 2.93119 0.917878 1.6835 0.00226349
1.85175e-09 4.23868e-09 6.87412e-10 0.0407906 0.274259 7.5579 0.014842 0.245061
0.000238341 0.617157 5.11119 1.25656 0.0209785 0.00695394 3.31594 0.118326
0.819245 1.14996 1.72188 0.496579 5.34689 0.0181787 2.76257 0.0095658
5.23551e-08 6.33842e-06 1.10915e-05 3.21912e-05 0.000124444 0.000791861 6.35202 0.250783
1.61099 2.5566 3.18646 0.0463695 3.14588 1.73907 0.317639 0.129713
2.05061 2.84063 0.723629 2.98883 2.85007 0.00930635 0.0610137 0.00209313
2.41963e-08 4.50472e-08 0.000259633 0.000149814 0.00139255 9.06768 0.144427 9.06502e-05
0.00115984 0.00610687 0.910129 5.28077 1.23197 3.60404e-06 4.32647 0.76968
3.87609 0.00012303 2.13283 1.31936 0.385793 0.0151598 0.805155 1.32836
0.607651 4.21115 1.70333 2.14485 0.2001 0.425985 1.76355 2.08793
2.54457 3.56913 1.22748 0.389235 2.74428 0.376484 2.18363 1.48671e-07
1.21353 5.26622 2.76714 2.96983 0.431892 0.193575 0.0859565 0.187343
0.247517 1.75539 0.143631 7.30756 1.0245 0.0572961 0.00115457 1.14063
0.000483764 0.00115907 0.0136083 4.04593e-05 0.0126977 0.00497486 7.56723 4.02456e-08
6.22836 0.0842112 1.01667 0.263042 0.645838 0.0168776 1.62019 0.00398744
0.00556579 0.000136143 0.00374491 0.000558409 6.97441 0.155962 0.112152 0.0102494
0.379756 2.78989 1.17615 1.95065 2.7736 0.231223 0.00366772 2.19166
3.20557 2.23355 2.39886 1.55223 1.50884 1.79149 2.68305e-16 2.00526
4.05572 1.28847 1.50976 0.709671 5.05886 3.94221e-05 0.0226697 0.242549
1.96695 4.34026 1.81049 2.07795 0.0678766 0.825161 0.445029 0.687954
0.10848 0.730037 0.424149 4.01618 4.35565 0.150581 0.0465723 1.3661
1.41562 2.73527 1.24357 0.115472 1.16682 2.7627 0.74415 2.04878
2.44383 2.00039 2.44202 2.16379 0.785901 0.000967981 0.491318 0.228131
1.53964 2.16466 1.45935 0.947822 5.20322 0.0139221 0.162792 0.31117
0.544292 0.446611 5.54362 2.5114 0.0250507 0.0989871 0.106714 0.0788507
0.0728315 1.17816 3.33206 4.96862 0.0149045 0.0794677 0.241369 0.0425165
1.23818 1.33458 2.0196 3.78138 0.919405 0.0499324 2.95002 0.496462
0.37462 1.95415 0.654976 1.06179 5.47105 0.00475618 0.531429 0.138623
0.60105 0.939641 0.886653 0.785195 4.69922 0.00972815 0.709702 0.519568
0.0192131 0.41053 0.610335 5.01376 3.86814 0.000334754 0.019876 2.96167
1.33198e-06 4.75594e-07 7.62062 0.0196896 3.30591 0.0107515 0.555235 1.48644
3.4362e-12 8.49358e-09 1.86941e-07 2.10765e-05 7.91849e-06 0.000321642 0.000229759 6.95784
0.120266 0.266024 1.56821 2.34779 4.02672 0.668678 0.0184829 1.02002
0.416755 3.93939 3.76682 0.0120913 1.92156 1.28872 1.18045 0.372696
2.99856e-08 8.5841e-07 2.7866e-06 5.6557e-06 8.00555e-05 0.000130349 0.00050158 5.16088
0.521327 1.344 1.54266 1.6069 2.59026 0.939637 0.000715557 2.15505
0.881276 0.551708 0.0052381 4.23 0.260074 1.8936 0.75328 3.24451
0.0269147 0.00015264 0.0377137 0.00218138 4.6201 6.12288 0.0995284 0.054565
5.86282 0.0294189 2.18672 3.51013 2.46154 0.541881 0.00155012 0.00476578
0.0332737 0.00716814 0.816863 0.546303 0.745234 1.57709e-11 0.659749 4.40358
5.32746 0.641577 1.00853 0.204778 1.054 0.0100557 0.942731 0.953885
2.7813 1.59137 0.0718165 1.78594 1.34326 1.97008 1.07115 1.40159
4.41523 2.24679 0.000741431 2.93415 1.2781 0.181501 1.62875 0.00652511
4.65603 0.90062 2.42989e-05 3.77505 0.829598 0.00542203 1.10576 0.0649539
2.93783 4.36219 4.634 0.625088 0.11158 1.92653 0.288134 0.883844
6.47094 0.0807452 0.831009 1.76039 0.529456 0.798164 0.0007715 0.260216
0.922829 0.166223 0.0500761 1.83986 1.24373 3.56135e-11 0.533119 3.28971
0.264381 2.91802e-06 1.31027 0.101197 8.61984 0.200045 0.0187823 0.0552049
7.47005e-08 1.31181e-07 4.31164e-07 0.000130028 0.000146192 2.89135e-06 0.000126745 6.48321
0.00242464 9.99856e-05 9.83351e-07 0.00176481 0.000282394 0.157086 6.03544 0.539241
0.128468 0.223597 0.0535658 0.328123 0.000573354 5.99232 0.100408 0.393637
0.557147 0.481651 4.47114e-06 1.42298 6.48842 0.00812814 0.17915 0.324804
6.27768 3.05855 0.87831 0.877515 1.11122 0.0897627 4.46197e-13 0.0909064
6.04166 0.401614 1.16697 0.469099 0.0272776 0.581461 0.584344 0.789167
0.125691 0.0714355 7.32124 0.028136 0.0147174 0.422293 0.411257 0.454153
2.95702e-05 0.0035307 0.000711657 3.79679 4.87409 1.76799 1.96906 0.982913
0.0560292 0.243357 0.214503 6.69178 1.27103 1.20999 0.976909 0.000194611
1.16148e-05 0.201975 6.6081e-05 0.459481 7.11604 1.15924 0.956123 0.00655844
2.2549 6.84551 1.47194 0.0785594 0.762287 0.842593 0.311812 0.197592
4.10554e-08 6.70469e-08 0.00023281 9.14352e-05 0.001515 1.42594 5.28996 0.403077
1.11439e-08 8.20426e-10 1.14139e-07 7.05985e-10 4.15725e-09 4.0379e-06 1.18682e-05 6.77056
0.0865993 5.10158 0.000983822 0.48923 0.658831 0.105565 1.07129 2.07816
0.275935 2.46861 1.24573 3.3536 0.290127 2.89962 1.05795e-15 0.503951
0.0599753 0.0937839 5.42718 2.0387 4.39327 0.552148 0.0245097 0.00208023
6.12682 0.371691 2.52941 0.00241595 0.0194206 0.438843 5.58846e-15 0.109498
0.0339792 1.40553 0.115364 2.22456 1.76122 5.10496 1.16909e-14 0.16292
2.5922 0.48957 2.04073 1.56776 3.08191 5.05825e-11 0.0588271 2.41175
0.049722 0.595048 5.8519 1.86976 0.381996 0.0311977 0.607558 0.160427
0.156445 3.89248 0.249821 2.56483 0.312194 1.27607 0.117144 1.40851
1.70398 0.48527 6.80671 0.449963 0.223068 0.218827 0.00387293 0.598543
1.39571 4.30519 1.99137 2.30853 0.0299804 0.201737 2.44999 0.369238
2.27423 1.29241 0.0176737 2.64563 2.24188 3.04129 0.155465 0.83238
5.21331 3.04616 3.1557 0.190249 1.0547e-05 1.10473 0.0871201 2.13756
1.93537e-07 5.68638e-07 4.68408e-05 5.66984e-05 0.000576888 0.103227 5.83435 0.000452031
0.00563326 2.75254 1.00081 2.83926 3.35625 2.08566 0.0225599 0.0553156
0.737026 2.09388 2.53236 0.939985 4.43001 0.229234 0.454399 0.0145844
0.116017 0.4257 2.91528e-06 4.39478 0.14945 2.97176 0.387827 0.240979
2.88539 1.27285 1.62274 0.99873 4.4785 0.716651 0.0544192 0.0271723
0.800894 1.82059 4.52041 1.55415 1.08398 0.0448122 0.313106 0.346966
0.00330694 0.0363179 0.0067848 0.00877181 4.79152 4.62399 0.596211 2.72013
0.000618676 0.00131912 1.63089e-05 0.00070997 4.09121e-05 0.00167839 2.95911e-05 5.16528
0.399193 4.40311 2.77881 3.83244 2.21465 0.000515675 0.504964 1.42467
3.79205 3.43836 2.57156 2.90614 1.03711 0.0234836 0.0436628 6.18982e-09
1.06173 1.53551 0.857055 0.0391773 0.959368 3.74266 0.298071 0.59343
2.37016 0.257811 4.90483 0.0130643 2.06597 0.798978 1.87514e-13 0.232357
0.000269763 0.180861 0.372203 1.27984 1.34119 4.32248 1.03708 0.0440027
0.709004 6.90997 0.370485 0.0210085 0.349729 0.560369 0.174029 0.745412
5.12841 0.455313 1.27502 0.65616 0.0378601 0.535547 2.75096 0.315716
0.353868 1.08318 1.10195 0.286163 0.645344 3.92324 1.44206 0.472471
0.565141 5.50445 1.23169 2.88051 0.165516 0.0167372 0.550455 0.0977523
6.17074e-11 1.77319e-10 5.92634e-08 1.84734e-08 0.000281558 0.0464196 6.83998 1.29134
1.97992 2.22398 3.85932 3.03705 1.69337 0.0136939 0.616173 0.0017689
2.58436 1.61956 3.91216 3.05881 1.34083 0.00336522 0.550635 0.888027
0.49737 2.18852 2.24342 1.81528 2.3173 1.82071 0.32628 0.404997
4.33433 0.000722176 5.95736 1.76617 0.0723277 2.04751e-12 0.0719611 0.348197
1.22872e-08 2.78525e-07 2.12711e-07 6.99638e-07 9.11421e-06 2.79383e-07 0.035472 6.5826
1.81034 2.67709 1.73309 3.54835 2.39665 0.492567 0.000536897 1.62558
0.000205119 0.145515 0.299 1.22948 3.76055 4.98309 0.000682216 1.70978
0.0013185 0.327552 7.09862 0.170964 0.546309 0.23795 0.214193 1.76579
3.04421 3.3191 2.10655 2.17878 0.745749 0.227815 1.39235 0.429395
0.00432767 0.0963427 6.05309 2.24529 0.943335 0.45783 7.98666e-14 1.09713
0.312367 0.00810762 4.9967 4.86868 0.195887 0.776065 2.74212 0.00967444
0.980317 5.97945 0.494097 0.0281473 0.0617783 1.08793 0.6582 0.499163
0.00228763 0.00643054 4.03361e-06 0.573185 9.08583 0.00960878 0.00039249 0.794629
0.323692 2.28063 0.711363 5.62405 0.977372 0.142622 1.72529 0.000288584
2.01947 3.85918 0.517171 0.516202 3.41934 0.0752354 2.07095e-14 0.0338042
1.54396 0.203984 0.00304964 2.93639 5.91805 0.178409 0.0397682 0.183145
0.667129 1.55139 1.12704 5.05154 0.509918 0.543133 0.5712 0.420075
3.70151 0.188192 4.16841 0.340971 1.13016 0.0562047 1.20666 0.408746
6.97845e-09 2.44302e-08 5.67846e-09 0.0828234 0.480228 6.63694 0.854936 0.550071
4.69736 3.24794 0.123831 1.61307 3.11775 0.982856 2.42506e-17 1.15509
0.164429 0.19049 0.109163 0.0431504 5.09805 0.104201 0.000648582 3.44943
3.47417 1.88164 1.35537 1.22187 0.193222 2.9211 0.148563 0.038526
0.019761 0.00304771 0.0046805 0.207851 0.000244651 7.2631 1.2225 0.00690387
2.28339 0.386202 4.46377 1.13328 2.92819 1.68774 0.068205 0.0814425
1.07015 4.64573 2.50963 2.3906 0.195544 1.17506 0.420131 0.0507369
1.45884 0.83605 0.153681 0.7668 0.186545 2.27402 0.00111348 3.64184
0.118438 0.603819 6.39596 0.567132 0.0441784 0.957959 0.522762 0.386381
0.0902631 0.237836 2.29829 5.16839 2.0803 0.236275 0.0222432 0.0200036
0.000475188 0.0109412 7.23009 0.293791 2.02842 0.114116 6.29256e-07 0.300904
3.23782 0.0311734 0.646261 2.65737 0.281012 2.3207 1.95307 0.399391
1.94383 3.24515 1.49121 3.223 0.469652 0.0857574 1.09687 0.177294
0.0132997 0.502456 0.238411 0.409091 5.52004 1.17525 0.246725 1.5933
0.0165319 0.591711 0.178891 6.30162 2.21904 0.633789 1.67201 0.000451036
2.85529 4.26899 0.721944 0.0174284 1.61735 1.73713 0.0156358 0.261551
1.72525 1.43157 4.63513 0.623885 0.355355 0.703874 0.0569611 0.845691
2.65406 5.43671 1.29443 0.110226 1.15168 0.323828 4.76282e-16 0.0319172
3.71306 0.735648 0.31698 0.602436 1.08912 3.79846 1.55765 0.00346845
0.0650338 0.64762 0.115994 3.15756 2.76141 1.87489 2.99949 0.12295
2.56123 0.450166 0.162739 1.12064 5.98369 2.08045e-08 0.279021 0.306438
0.0892582 0.104754 0.118833 1.03421e-07 2.37732 0.45749 2.54981 3.04111
4.56637 4.49974 0.0704365 0.523926 0.547809 0.165821 1.35216 1.086
5.95007e-09 2.46437e-07 0.000123014 0.000537731 0.00234856 0.0040124 8.03137 0.00494436
2.61516 0.985262 1.42871 2.74877 0.536869 2.02193 1.08548 0.157024
0.406406 5.4795e-05 5.04388 3.62638 4.81294 0.0126703 0.0220112 1.68216
3.43401 0.133208 5.29895 2.20428e-06 4.23153 0.128585 0.474172 0.00450657
8.94986e-09 5.32418e-08 2.03433e-07 3.82136e-06 8.00364e-06 0.000262149 7.6788 0.00281223
1.0646 0.00251823 0.843423 6.2414 0.695204 0.471652 0.111787 0.0698634
0.0491317 0.0180098 0.0210416 5.45013 0.365562 2.13415 0.23612 0.169425
2.22914 2.20658 2.6386 1.3351 1.77366 8.89206e-11 0.328211 0.323908
1.28366 1.11568 1.65905 1.15132 3.8466 1.11192 0.193243 0.185728
0.00131591 0.0993526 0.158555 0.0901999 6.84351 0.0406555 1.25816 1.76442
0.360373 0.334331 0.00706899 0.258859 0.865462 0.486404 0.424759 4.21509
2.71117 4.77912 0.903776 0.520504 0.176323 1.15125 0.00788522 0.0658138
1.14277 3.35695 0.00214178 0.149962 5.24644 1.9525 1.79843e-16 2.05221
3.80223 3.09637 0.00702996 0.540225 0.55405 0.569872 0.26156 0.374721
1.35799 1.4591 2.71391 1.56472 0.191694 2.69194 0.429585 0.647998
0.0147322 5.19761 0.190821 3.81993 1.06307 0.115376 2.11912 0.737712
0.523836 0.83664 0.0491569 0.847932 1.27523 5.23821 0.00163639 1.40446
0.0666086 0.218867 0.0544214 0.223467 0.260899 5.51639 9.51704e-05 1.40345
0.281317 1.10418 5.23615 0.0948788 0.773007 1.13906 1.03126 0.0135671
1.67658e-07 3.16025e-05 0.0114043 0.000297955 8.23408 0.000328031 0.0411052 0.098091
0.000181204 0.000237923 0.00383672 0.00137535 0.00957993 0.264102 4.62499 0.015323
2.33358 2.85736 2.67638 4.14203 0.906573 0.0358147 0.576245 0.0737196
0.000675018 2.4731e-05 0.0499354 0.000823984 7.20437 0.434858 1.1897 0.0330831
4.7328 0.00176112 3.99335 1.9889 0.185598 6.51553e-12 0.0723115 0.481913
1.14485 1.01236 0.545635 1.19428 0.0827014 0.612278 1.13809 2.53953
0.000815744 0.316822 0.0715041 2.20282 0.379754 6.85208 1.08267e-06 0.313853
1.44117 3.59129 2.55979 1.1511 1.02481 0.75568 1.48763e-13 0.797504
0.0204592 0.00415202 0.00563386 0.000607774 0.00254295 5.82215 0.190401 1.93187
0.0396232 0.587065 0.425609 4.7969 1.28326 1.78656 0.829404 1.19369
3.02524 0.0633646 0.720263 0.583274 1.79926 3.68856e-12 2.14761 1.94504
0.015424 1.51269e-07 0.0665342 3.20121e-05 4.4877 4.00293 3.60205 0.624677
0.16951 0.783555 0.950448 1.65042 2.01558 3.35727 1.24475 0.00046622
0.120739 0.312382 0.0415437 0.541773 0.413247 0.110182 2.30588 3.1065
2.30799 0.568373 1.41855 0.555445 1.98244 3.46484 0.380644 0.0013639
2.50817 0.979458 2.14876 1.04355 2.55665 0.0401389 0.748269 0.0654859
0.469449 0.276222 1.46835 2.0178 3.34861 2.61352 0.265794 0.415052
5.08927e-05 4.03031e-05 0.00212516 0.0629925 0.234954 6.72079 0.142412 0.040421
3.79333e-05 0.000154313 0.000484675 0.0131065 0.217847 0.224105 3.0459 3.5769
5.5132 0.0201148 0.963772 3.28165 0.0768572 8.52089e-11 0.154229 0.011233
0.0241293 2.59447 0.193926 3.933 0.423628 0.637685 0.848142 0.0613359
2.47967 1.40259 5.91697 0.206878 0.114336 3.03554 0.393341 0.19921
0.448453 5.27038 0.394124 2.46873 1.71182 0.171647 3.24598e-15 0.0286435
3.84581 0.00713667 5.28365 0.873814 0.221087 0.890279 2.6644 0.142673
3.79385 0.282376 1.45208 5.24157 0.0606528 1.26096 0.834437 0.61298
3.48981 5.39918 0.916577 0.427537 0.68975 1.00297 1.79004e-11 0.559636
3.13128 3.343 2.59247 0.0302812 0.606135 2.43745 8.78181e-14 0.47429
1.79987 1.55702 2.05542 2.3708 0.859835 0.211786 1.69908 0.728665
1.16627 0.815628 0.530313 3.68361 2.43687 0.776229 1.44346 0.99411
1.07646 2.48312 3.68074 0.361531 0.153342 2.59661 0.256939 0.165863
2.64717 0.854096 2.00383 0.0184328 3.81448 0.0418519 1.61744e-16 0.723918
1.75254 0.192663 1.96766 0.0883526 3.37729 1.22099 3.14473 0.366927
0.000175411 0.285428 0.096593 3.6801 0.146476 4.88356 0.0487198 1.39477
2.47673 0.130328 7.50568 2.66432e-07 3.0387 0.0322431 0.0228244 0.000768564
2.33472e-11 2.05929e-07 2.15795e-06 1.97549e-05 0.000139852 0.0754225 7.81537 0.00383973
0.435321 0.0185057 2.70435 0.0804009 0.343728 1.37444e-11 0.227761 4.3136
0.170571 0.925833 0.481052 0.604837 4.9922 2.14892 0.323043 0.818604
2.27139 1.13974 3.49073 4.32894 0.767171 0.720993 0.131334 0.218693
0.0179546 0.030295 0.0345358 0.0530422 0.0310981 5.70424 0.0794445 0.811051
2.14059 0.0557682 3.01504 0.130535 0.536393 2.88055 0.0496237 0.946981
0.0041264 0.091278 7.15044 0.0405105 0.166375 0.759336 0.0127349 1.3067
0.818195 0.55371 2.88339 4.53487 1.72847 6.59881e-05 0.146084 3.04949
0.00395462 1.28037 0.11445 5.86977 0.372711 2.00029 0.0216015 0.192264
0.345313 0.663896 0.466763 1.69292 1.402 5.49623 0.142271 0.00317554
1.41978 0.249433 2.06193 1.95326 5.76466 0.0156957 0.0163344 0.403589
3.94886 0.408317 0.876662 4.02423 0.0697002 0.873369 0.673229 0.00616238
1.64602 0.404322 4.79576 1.32902 2.56654 0.156527 0.0223707 0.000277741
7.78185e-18 5.37403e-16 1.98359e-16 7.87519e-05 6.1685e-05 0.000253745 0.000798899 6.13948
1.8869 0.504629 1.84225 1.19163 4.74597 0.00283154 0.864452 0.194806
0.000357308 1.84812e-09 0.00574658 4.87868e-08 8.60172 0.00372063 0.000890197 1.19384
3.74852e-05 0.0511216 0.024361 6.02146 0.158688 1.00909 0.0202377 0.72765
3.28389 0.000216556 3.75575 0.109276 4.244 3.87686e-12 2.23215 0.109476
1.42869 1.31175 2.2124 0.302369 2.19452 0.622977 7.78643e-14 0.0138944
0.720405 2.43037 4.06691 0.0512872 0.205655 0.392657 0.301475 0.689967
2.62397 1.97103 2.7287 0.323408 1.73201 0.0589705 1.79594 0.501762
8.33298e-08 6.06026e-07 7.44476e-07 7.55071e-05 0.00318702 0.00540028 4.44244 0.157786
0.00122452 0.413394 0.0771019 4.82173 0.349032 3.1567 0.201464 1.86092
1.33767 3.50255 0.0320515 3.04432 0.269267 2.44119 1.45784 0.259952
4.30572 1.74154 3.27825 0.0117827 0.211576 1.5304 0.890412 0.727381
2.66051e-05 0.000204663 0.00453655 0.0483483 0.0378408 1.03555 5.70487 0.00422856
2.73708 1.65281 1.94805 2.51444 1.66669 0.00886108 0.354989 0.899131
0.543172 2.93972 2.80578 2.48399 0.547567 1.38038 3.40148e-15 0.503338
0.000188689 0.0292185 0.0739056 3.58634 2.91331 0.269168 2.91472 1.3604
0.168489 2.07137 0.00105719 5.35424 2.32758 0.763647 0.00597174 0.140135
0.183768 0.00832324 0.0114179 0.00817009 0.17603 6.35191 0.0656185 0.906887
0.524617 3.5075 0.121275 0.00383869 3.60137 2.28723 2.23769 0.0182973
0.637026 0.330368 0.413226 1.90309 0.355691 3.52553 2.28398 0.341285
3.48885e-07 9.1148e-07 2.91611e-05 2.80388e-05 0.000149311 0.0228995 6.44507 0.725949
6.33416e-06 1.18485e-05 3.74146e-06 0.00590996 0.00591719 7.40802 0.0122996 0.0275318
1.7121 1.37063 0.374387 1.82256 2.62605 1.30064 2.26618 0.030434
0.000265055 0.000560986 0.000649995 0.000889107 0.00147026 0.00704143 7.90383 0.00069288
0.0042924 0.0299156 0.000258073 7.43689 0.0243138 0.636285 0.13059 1.22721
1.88946e-09 5.92737e-10 4.52822e-11 3.94963e-09 1.04815e-08 9.32937e-07 1.15387e-05 7.31562
0.467723 0.632946 0.321075 1.8562 3.90404 2.01349 0.967315 0.0500716
0.234752 0.0520267 1.8343 0.350509 3.64581 1.52408 1.16517 0.24954
1.67759 0.0620995 7.54704 0.195061 0.0159439 0.190833 5.59369e-12 1.50498
1.80932e-06 6.56267e-06 3.26048e-06 7.58664e-05 0.000121779 2.87568e-05 0.0695016 4.80569
1.25871e-06 5.45417e-06 8.63508e-07 4.94086e-06 4.96827e-05 0.000176217 8.09225e-05 5.78643
4.73009e-06 0.000190624 3.74497e-05 0.456362 6.80345 0.028704 3.15119 0.204369
2.25039e-05 8.18468e-05 0.00010946 0.000141379 1.24622e-05 0.00152185 5.97575e-06 5.84372
2.17811 1.64297 1.07551 1.35776 1.91266 0.0402831 1.89726 0.386815
0.334573 0.12514 1.19361 6.14661 0.42702 0.00308673 0.449607 0.382661
0.188992 2.97058 0.75526 1.33819 1.8431 1.76282 9.83891e-15 0.894528
1.73259e-10 9.26582e-11 4.96164e-12 9.89957e-10 3.65802e-07 0.00186173 6.64162 0.183764
0.0152297 6.76967 0.644104 0.0366766 0.18294 0.59112 0.00412427 0.568299
2.77005 0.717311 0.0623134 0.0179606 0.0251442 4.49001 0.514687 1.03252
0.338639 0.483624 0.286881 0.0342773 0.0866285 6.15364 0.990365 0.301471
0.00618067 0.0045632 0.0701042 0.0412413 0.0899241 0.276034 0.867241 3.41847
1.25687e-10 5.22509e-11 7.55414e-11 2.08858e-10 1.18012e-10 1.74399e-05 2.22548e-05 6.71332
1.68805 0.75183 1.62525 3.25369 0.411804 3.12402 1.75346 0.0560031
2.02713 0.0762431 1.52283 0.1054 1.3595 5.74788 0.770967 0.0147402
0.122735 0.0332218 6.31178 0.888696 1.17071 0.986848 0.00141144 0.0145609
0.328776 0.709765 0.213264 0.374226 0.950632 3.66572 0.0676142 2.02808
2.24424 0.0599921 4.09619 0.512075 2.29195 1.02501 1.39723 0.691649
0.880186 1.41788 0.809065 0.0345904 5.2797 1.61241 1.39178 0.0306978
1.91866 0.757289 1.14207 2.06048 0.275618 1.72441 0.544917 1.27982
0.00255417 0.0107425 0.00342641 0.0484802 5.81529 0.386378 0.350272 0.268308
5.09517 0.282098 1.91174 0.336886 1.84122 1.03718 0.146367 1.23278
4.09601 0.595858 4.26928 0.814207 1.60363 0.0164799 0.00131365 0.0704013
0.821295 0.275404 0.625985 5.39962 1.63807 1.31106 0.29092 0.0673497
4.64647e-05 6.04075 1.73824 0.107569 0.392518 1.45332 0.419717 0.00585886
2.63586e-13 1.06942e-09 2.96432e-08 3.84734e-06 4.53881e-07 7.34814e-05 4.30176e-05 7.02757
7.76628e-05 0.158566 0.168276 0.713206 4.02998 4.5578 0.991184 0.0211551
1.36747e-05 1.61244 5.50268 3.33341 2.74657 0.300712 0.000458579 0.590309
1.93537 0.0150514 0.113118 0.107897 4.27535 1.60779 0.223924 1.63163
0.535988 2.06282 0.978471 3.66806 1.90711 1.33951 0.0243385 2.22954
0.0063692 0.029529 0.660119 0.140602 0.800277 5.3904 0.0582348 0.00051216
0.149997 0.185378 0.309469 2.25113 2.5766 1.58912 1.58806 0.686698
0.00181073 0.0067568 2.18398e-05 0.000331064 8.32076 0.234858 0.0558899 0.00107682
1.30531 0.150922 7.44829 0.0431738 1.65234 0.281412 0.716905 0.00894381
0.000459988 0.000922418 0.00100853 0.000165041 0.000827975 2.0674 4.67287 0.00920681
0.253235 2.25409 0.693651 2.23913 3.76261 1.34654 0.584074 1.02594
0.130249 0.00267987 3.93793 1.69604 2.40769 1.70994e-11 0.922556 0.737543
0.0154936 1.5009 0.0752643 3.07687 0.737032 4.39124 1.56955 0.0037802
0.215979 0.702777 0.0280417 1.3746 1.19204 2.19625 0.83815 0.920911
1.80379 0.431066 4.24097 1.40206 0.0325171 1.068e-10 1.38858 0.155857
9.77851e-13 1.26669e-13 5.55458e-12 2.05807e-12 5.91736e-07 4.31571e-07 0.0954395 7.18021
5.53399 0.388062 0.772299 0.884866 0.49835 0.990354 0.169308 0.000640025
1.04663 4.45611 0.283369 0.0954399 0.0834238 1.30751 0.266312 0.444065
2.189 0.335916 3.02123 2.00688 3.45401 0.0234645 0.158425 0.131971
0.236437 5.17249 0.0746649 6.14125 0.0362951 0.000419391 0.950628 0.0112857
0.786378 0.624827 0.834031 1.33977 3.25167 1.56574 0.067242 0.393905
0.688713 2.57761 0.715919 0.319811 1.02119 2.51207 1.28378 0.510974
2.68615 3.04339 2.68967 3.02758 0.524965 1.9047 1.48302e-14 0.144643
0.105595 0.0423772 7.40318 0.0149412 0.0084004 0.31937 0.609837 0.365325
1.07825 0.509118 0.0188656 0.766542 0.303666 1.46021 2.33199 1.97944
2.7329 2.53526 1.98251 0.118675 3.57694 0.00407174 2.27474 0.796741
0.345315 0.0158438 4.01738 2.58933 0.567289 0.918616 0.305422 2.22366
0.0146147 6.1025 0.108691 0.19519 0.0261193 0.0677632 0.141955 0.0382201
0.134165 3.2749 0.258282 3.53801 0.139675 4.82455 2.96531e-16 0.00131498
0.0984888 0.11401 0.0656244 0.297186 0.298908 0.443415 0.368188 3.20442
2.63312e-07 3.33117e-06 1.85825e-05 6.03045e-05 3.57127e-06 1.7748e-05 3.38741 0.170719
3.53639 1.1733 4.28287 0.582749 0.284857 2.21801 0.00422456 1.26716
1.79721 0.00447996 1.62529 1.15795 2.53004 9.06229e-11 0.136287 1.85397
3.5005 0.351597 0.286756 3.62988 0.0569974 3.8109 3.1329 0.00187089
0.000311832 2.51131 4.30212 0.675484 2.67872 0.274238 0.627785 0.00800868
8.47192e-09 1.04891e-08 3.98426e-06 5.62864e-06 0.131855 0.404392 7.21375 0.000327085
0.296333 0.4582 0.456487 0.171921 0.25311 4.71539 0.310287 1.1335
3.645e-05 3.85094e-06 8.64909e-05 7.35302e-06 0.0109066 0.844608 1.84647 3.8923
1.42547 0.347169 0.123036 0.435714 0.629871 4.13632 0.00157169 3.25308
0.0112253 1.14587 1.73632 4.05042 2.98275 3.21845 1.26586 0.129472
0.000425794 0.0430884 0.0408851 0.0485972 0.517641 2.84809 3.62297 0.131659
3.60358 2.96273 1.10372 0.297582 0.00170437 1.83112 0.0226573 2.25952
3.36613 0.319494 0.451236 0.703598 0.00177718 5.70517 0.157379 0.0416188
0.000172527 0.000211274 0.000216305 1.12522 2.98476 3.27738 1.32341 0.784936
1.64471 0.575608 1.24899 3.68867e-06 2.67317 2.71919 1.37733 0.756685
2.19077 3.48156 0.689914 0.290189 0.99863 0.0537726 2.68284e-13 0.240394
5.2548 0.473088 0.300863 0.0693698 0.392147 0.0330958 3.30427e-14 0.302773
0.832312 0.000688931 0.0409227 7.37881 0.0154836 0.0823176 1.53184 0.0201876
0.930664 1.10938 1.18076 0.00125385 0.0110348 1.48907 2.52001 1.69302
0.0295421 0.139883 0.0350613 6.75116 0.0965413 0.0766681 0.00344413 0.324357
1.79535 1.77157 0.518291 1.45071 0.301846 2.84867 0.26182 1.52737
3.27873 0.00885032 3.13719 2.76612 0.780295 5.35721e-11 1.30161 0.303005
0.325564 3.86768 5.46768 0.0978654 1.20191 0.158687 3.0886e-13 0.0345353
0.831848 0.203835 0.603269 0.0745645 3.29077 3.63362 0.554943 1.14868
0.000570108 0.0205666 8.91451e-05 6.92232 1.47967 0.00162115 0.0190586 0.880874
0.62965 0.102772 2.17044 3.12251 2.68128 0.00499501 1.40208 0.469263
4.61315 0.126476 2.57774 0.16144 0.71829 0.534098 1.69327 0.875174
2.74456e-08 2.99609e-08 1.23256 0.000206724 9.4624e-05 8.29503 0.510535 0.000105275
0.185956 0.157719 0.0015452 0.23716 0.250212 0.608641 1.8345 3.7775
1.13458 1.1678 1.8753 1.0035 0.562634 1.91499 0.688811 1.51667
1.9124 0.460085 1.14237 0.0717871 0.483061 1.41098 0.138142 3.56244
0.318535 1.67079 0.0201536 1.75002 1.40463 4.37908 0.000546738 1.24407
3.86531e-10 6.54041e-07 6.98098e-07 1.85967e-05 8.76165e-05 0.000115553 7.22771 0.052736
1.24722e-10 9.75123e-11 3.90666e-12 8.11111e-10 5.19385e-09 2.12909e-07 1.38337e-05 7.14252
0.19853 0.0839687 0.0326217 0.0250377 0.00693641 7.34836 0.000607606 0.000641821
0.233551 0.0495946 0.76751 0.919251 2.98428 4.06578 0.591063 0.0932408
0.0275994 0.00187507 0.049405 0.0550786 0.197831 0.516098 0.566202 3.53705
0.162161 0.0653373 0.449481 1.05556e-06 0.679855 0.751636 3.77932 1.38809
0.00123089 0.00739866 0.00406034 0.0517693 0.00278949 6.50708 0.234214 0.024434
0.865291 0.00527832 1.93932 1.18226 2.72894 1.42798 0.828442 1.68141
0.0203641 0.00876884 0.0610924 0.957335 1.48312 0.10223 2.0202 3.05355
0.00478243 0.0300695 0.0696982 0.299685 6.50296 0.163028 0.200558 0.51021
0.0138506 0.0842006 0.0627301 0.012038 0.117938 5.78941 3.8524 0.0313991
0.484374 2.96064 2.77218 1.29354 1.37856 0.22587 6.34556e-14 2.61309
1.40444e-14 1.67642e-14 2.25312e-10 6.20807e-06 0.000418094 0.00145665 7.06521 0.308412
1.08038 0.839162 0.681876 4.83358 1.74598 0.311774 1.00491 0.348686
0.460165 0.34421 0.396808 0.167664 1.60175 1.44758 0.644429 2.20635
1.83122 1.53607 1.45778 1.35519 2.26389 0.281924 1.3553 2.08482
0.0478735 0.0105559 0.175402 0.155588 0.902329 0.190794 2.46843 2.54186
1.57802 0.568154 0.204457 0.20661 0.419603 4.17269 0.394108 0.176456
0.698905 0.0184157 0.0371283 0.0502709 0.357363 0.665477 0.112971 4.13776
0.259109 0.00917793 0.0911144 0.000374367 0.00171366 6.45588 0.100125 0.125782
0.00660621 0.120555 0.194375 0.6114 0.176894 0.694044 3.71295 0.120187
0.00482309 0.0274716 0.000618909 0.904624 0.631953 4.70907 0.321208 0.723482
0.335738 0.77205 2.24746 4.11418 0.417625 0.477948 2.64204 0.0174958
0.178247 0.167785 1.34038 3.50004 3.263 1.91692 0.249739 0.142978
1.34422e-07 5.30505e-05 0.000112912 0.00119615 0.0178619 0.186938 6.73336 3.01766e-08
0.0165049 0.586195 0.407007 2.59945 0.271952 2.40269 1.81712 0.0742506
2.11841 1.45238 1.06488 3.3282 0.19545 0.381291 0.015085 0.416395
