13455 90.0129
0.979579 0.916924 0.00124625 0.846198 19.2812
0.951834 0.000125943 0.00116578 0.336543 24.222
0.796951 0.364062 0.00112958 0.126249 22.8285
0.716617 0.802017 0.901199 0.167457 16.0893
0.701884 0.998409 0.945064 0.00150142 18.8152
0.274371 0.272794 0.00115197 0.00127239 25.343
0.265409 0.812869 0.919606 0.986663 17.149
0.0982883 0.000147918 0.994402 0.00129534 25.1384
0.0185904 0.584212 0.00117139 0.0175709 30.84
0.000198214 0.0538816 0.959685 0.797556 26.2401
0.434158 0.000158768 0.17958 0.00132101 29.8434
0.314952 0.70491 0.80195 0.807756 17.067
0.169813 0.415361 0.219313 0.89345 19.2666
0.000744011 0.684189 0.00121606 0.474035 21.7068
0.811576 0.00253328 0.25174 0.799656 17.2317
0.728972 0.893143 0.705068 0.743292 18.679
0.795728 0.0701539 0.505542 0.621693 20.042
0.287323 0.796162 0.839468 0.979569 17.1078
0.000727006 0.958362 0.00124752 0.474055 24.3035
0.580456 0.000182613 0.109582 0.201005 24.2698
0.000735285 0.192783 0.295164 0.766861 21.5482
0.900362 0.000370579 0.430249 0.00140738 21.11
0.795732 0.517614 0.281272 0.357031 19.4718
0.334929 0.000135242 0.684814 0.0175604 26.6505
0.00078333 0.527823 0.464393 0.0013227 26.1533
0.479833 0.250943 0.413597 0.00135308 22.0235
0.000325905 0.170599 0.78786 0.534382 24.6303
0.771302 0.50372 0.97673 0.00132429 21.3365
0.000854726 0.646766 0.464381 0.00130824 26.5333
0.739714 0.766776 0.17297 0.683808 19.0541
0.796938 0.630536 0.670044 0.802173 16.6493
0.000329542 0.389491 0.54781 0.195233 24.6025
0.644191 0.482626 0.400859 0.00132561 22.6833
0.246343 0.671359 0.120441 0.0013947 20.3718
0.0281488 0.288564 0.357919 0.00128101 26.7247
0.795741 0.863553 0.705094 0.86477 18.0411
0.000718474 0.901611 0.379634 0.00131212 22.4762
0.000731012 0.821549 0.682811 0.167455 22.0959
0.0398959 0.000341964 0.625874 0.783824 20.4047
0.000851742 0.43554 0.573554 0.121108 21.3151
0.278186 0.62371 0.0012665 0.807747 21.2071
0.000709196 0.316662 0.178003 0.766868 22.2248
0.838336 0.735203 0.0012445 0.728271 20.5431
0.26518 0.940969 0.00127291 0.110761 21.4252
0.857212 0.000326029 0.0847342 0.852048 16.6561
0.781376 0.732704 0.919607 0.340858 16.9338
0.000761917 0.0701396 0.598472 0.00223108 24.8389
0.251776 0.697358 0.157089 0.0359082 20.3691
0.614188 0.000275176 0.698029 0.00133659 25.0115
0.796947 0.341177 0.172066 0.117367 19.8064
0.0584404 0.364062 0.265632 0.00129303 28.1228
0.192571 0.000194671 0.0012366 0.00132202 28.1385
0.000781995 0.278969 0.862053 0.675054 17.4673
0.0111693 0.649949 0.00134878 0.110774 19.7285
0.930304 0.55671 0.839464 0.0142717 19.1987
0.152954 0.494715 0.00120758 0.01758 25.8056
0.349108 0.350427 0.862065 0.00135879 21.5111
0.000337448 0.866288 0.905728 0.00131426 24.1711
0.841496 0.389748 0.00338817 0.899184 19.1501
0.000955642 0.786581 0.905954 0.159573 19.017
0.120535 0.000291588 0.0739765 0.00130987 26.8595
0.498307 0.79778 0.464391 0.00135756 21.8036
0.254362 0.000177377 0.00976035 0.00133699 27.8163
0.856433 0.306753 0.109583 0.767786 19.3162
0.000865526 0.130497 0.430241 0.783811 19.3828
0.764851 0.109238 0.287496 0.22027 20.0417
0.779108 0.971243 0.192013 0.0013671 21.0433
0.000815478 0.831905 0.166109 0.347424 20.8281
0.399891 0.00185012 0.647433 0.0335928 20.4487
0.152963 0.364058 0.00395107 0.00131531 28.8443
0.937009 0.000180129 0.00125876 0.607195 22.9576
0.145521 0.901607 0.419079 0.00134484 22.1467
0.000773434 0.306739 0.136024 0.55246 23.5124
0.43019 0.000166986 0.0316879 0.802161 23.1842
0.000732182 0.636579 0.172072 0.494325 22.6515
0.000720311 0.235389 0.778848 0.00134347 25.3777
0.018577 0.000185702 0.232396 0.00133752 24.9685
0.524225 0.000345898 0.202296 0.00138013 22.1083
0.408951 0.000299937 0.0234309 0.00134104 24.8194
0.687446 0.111374 0.00128576 0.0197159 22.3371
0.130221 0.000157278 0.00125344 0.828816 21.6944
0.000858201 0.0505963 0.890038 0.828781 17.8808
0.762001 0.00016856 0.815052 0.157904 19.8725
0.00463017 0.00967456 0.00127943 0.284681 23.6899
0.00464262 0.893154 0.00135688 0.946889 19.2963
0.000997579 0.899228 0.0974836 0.781662 19.4539
0.00104675 0.863559 0.771142 0.227788 19.0397
0.000783234 0.571406 0.933274 0.00131976 26.0692
0.912328 0.10375 0.166124 0.00133938 22.1235
0.402268 0.00252729 0.0588507 0.0800352 21.4227
0.308807 0.216984 0.00145892 0.00137669 22.7254
0.000851071 0.286312 0.430248 0.90695 18.2502
0.228047 0.0858999 0.262171 0.00133715 22.5892
0.84902 0.000187491 0.27649 0.802169 21.3464
0.000852454 0.200274 0.825568 0.00134693 21.7282
0.000863791 0.810588 0.573577 0.0360245 21.3622
0.0185837 0.000163033 0.736738 0.00129917 26.8278
0.0461817 0.0649813 0.00127169 0.807748 21.4649
0.47983 0.395024 0.295139 0.00133665 22.7616
0.781378 0.0354416 0.0415428 0.80776 19.5335
0.75276 0.704903 0.744678 0.00153084 18.8774
0.712606 0.131017 0.0342135 0.00131406 23.3615
0.0080386 0.130543 0.00125939 0.263968 23.6374
0.19258 0.606093 0.276492 0.00131439 24.5795
0.796963 0.447322 0.00114997 0.326527 22.7415
0.355579 0.756513 0.00339455 0.883962 19.229
0.0187212 0.510848 0.00121275 0.397156 23.8377
0.000749935 0.306707 0.787849 0.190233 21.8625
0.757245 0.810592 0.0847321 0.173119 18.5928
0.948157 0.0176057 0.00142771 0.702892 20.7795
0.0982819 0.000136897 0.211466 0.13346 24.7767
0.203638 0.697349 0.37598 0.00135623 22.0478
0.828022 0.0175948 0.766023 0.0979456 17.5517
0.0728374 0.016747 0.00130545 0.0197229 23.3187
0.000841947 0.000320436 0.555303 0.811536 21.9302
0.511831 0.69738 0.918246 0.00138084 20.9404
0.085167 0.599308 0.833303 0.783818 19.0596
0.000733138 0.270493 0.353521 0.00132449 25.2943
0.734588 0.848744 0.898529 0.0013976 17.6944
0.105895 0.249266 0.779294 0.39716 19.3385
0.626998 0.000354483 0.00147309 0.783809 22.3651
0.828024 0.473042 0.00146239 0.00138058 22.0201
0.00080096 0.571405 0.166116 0.290236 23.2123
0.300372 0.00842394 0.001224 0.930154 22.2582
0.000717104 0.997121 0.00123559 0.853092 22.9169
0.192584 0.000188301 0.368272 0.0112994 24.694
0.223937 0.810582 0.864014 0.505226 19.1244
0.000765347 0.000281763 0.0984159 0.96124 23.3339
0.762023 0.0701362 0.326371 0.0013194 22.3883
0.668 0.00253326 0.00150703 0.212742 22.2087
0.370255 0.893153 0.00127062 0.741581 19.2969
0.162842 0.716694 0.00117526 0.00147002 23.3391
0.929238 0.000184159 0.11755 0.506173 20.2617
0.000742554 0.91694 0.494107 0.614304 22.1868
0.87153 0.000167824 0.494103 0.0013438 25.1599
0.675475 0.00034341 0.907876 0.00139662 20.4014
0.000736344 0.523198 0.94709 0.891575 19.3375
0.812811 0.422867 0.00118716 0.0156542 23.137
0.796975 0.000144001 0.00115559 0.693523 21.865
0.741685 0.229501 0.00136902 0.0196888 21.384
0.701894 0.932374 0.601298 0.00149292 20.1971
0.000766019 0.646758 0.195932 0.951808 19.3584
0.000802051 0.848761 0.926793 0.587882 19.8778
0.904327 0.0287766 0.00124849 0.986656 19.9951
0.757255 0.810584 0.202264 0.412779 18.6352
0.570979 0.726527 0.00114527 0.356376 22.3392
0.796941 0.00018778 0.016362 0.815683 22.812
0.647139 0.000149299 0.195669 0.00132558 27.3372
0.000788259 0.74008 0.13021 0.00134478 23.1351
0.220957 0.164988 0.612784 0.328897 20.5831
0.701888 0.863579 0.515116 0.00151372 19.8776
0.566944 0.164991 0.00148669 0.201065 19.4872
0.680168 0.677578 0.615631 0.0778434 19.3888
0.701882 0.0287702 0.7051 0.0335902 18.3391
0.246352 0.000357568 0.71157 0.0587628 18.0745
0.00560182 0.542719 0.714655 0.00131151 24.9387
0.283923 0.000344912 0.633842 0.13097 21.4985
0.434165 0.00029333 0.010354 0.00141039 20.5562
0.0810786 0.776947 0.00134755 0.0196947 21.7911
0.160417 0.630523 0.808944 0.00133977 22.4706
0.143021 0.254771 0.202291 0.00134532 23.5301
0.72748 0.932374 0.919588 0.0015327 18.9151
0.566033 0.0287842 0.00128497 0.200887 21.3051
0.0848365 0.586657 0.00146069 0.00138007 25.6223
0.926911 0.000302053 0.464389 0.00134926 21.5741
0.0851734 0.00576967 0.00147394 0.0587609 23.4579
0.749958 0.68786 0.26563 0.00128728 24.8806
0.000741801 0.000272551 0.142278 0.0646739 24.5113
0.000730996 0.000291975 0.958713 0.00132366 27.1481
0.000851486 0.720403 0.0513204 0.00138284 21.9659
0.018578 0.000291757 0.0138623 0.313305 22.9515
0.0153115 0.00014022 0.357929 0.828776 24.7361
0.64712 0.000167048 0.00124759 0.026903 26.7768
0.000739794 0.259223 0.00124848 0.0559502 26.3728
0.00464416 0.0167164 0.00134164 0.0456022 24.0974
0.553147 0.697352 0.78783 0.00135773 20.2379
0.828047 0.848756 0.17055 0.167466 17.8331
0.000733168 0.91692 0.698022 0.802169 20.152
0.796958 0.288557 0.00115706 0.87487 23.1076
0.0111784 0.00967997 0.00134756 0.794572 22.9897
0.000779086 0.260048 0.0234121 0.00132636 26.549
0.716609 0.186854 0.933267 0.00132978 21.4534
0.265407 0.818367 0.00127685 0.308323 20.3171
0.733315 0.437356 0.00135412 0.110764 20.0453
0.208543 0.500939 0.00125799 0.00133372 25.5152
0.000841698 0.63054 0.0984202 0.00133311 24.4727
0.647141 0.36406 0.0011939 0.064666 24.5916
0.00103423 0.0108637 0.827725 0.864786 19.5431
0.000863136 0.000348749 0.670465 0.00138984 19.5749
0.192572 0.98722 0.00124278 0.00130918 25.6862
0.110693 0.914943 0.00117905 0.00145903 22.1596
0.000849501 0.254781 0.862062 0.0979532 21.1916
0.82726 0.0701571 0.00124016 0.00152181 22.603
0.167877 0.0176165 0.786079 0.00133299 22.6506
0.0851722 0.000385563 0.00147345 0.91827 22.9366
0.203631 0.000330133 0.00145689 0.0587675 24.6069
0.000837684 0.000311295 0.698037 0.190238 20.7551
0.0326845 0.969888 0.00126621 0.00152665 22.8669
0.192573 0.37269 0.00123343 0.0175828 23.3229
0.000870813 0.000303178 0.262155 0.670913 23.1157
0.739675 0.000174556 0.00118625 0.00131032 27.5761
0.301893 0.225779 0.86206 0.00133534 22.4477
0.000947308 0.982816 0.00338692 0.880766 18.5019
0.000334985 0.848767 0.787842 0.0646627 21.2306
0.00032315 0.180317 0.65105 0.0646728 22.7754
0.309753 0.926863 0.00115876 0.0175862 24.7968
0.0185572 0.00015698 0.00119024 0.0175899 28.9965
0.301884 0.0132355 0.64543 0.00140104 21.2735
0.513008 0.972039 0.00125989 0.802161 19.7129
0.680195 0.481728 0.96734 0.828813 17.1316
0.000740566 0.248566 0.295143 0.0778349 23.5027
0.360796 0.000162131 0.787848 0.802193 20.7631
0.50272 0.000173077 0.00121603 0.0646482 25.7215
0.701886 0.284977 0.668397 0.128757 19.8059
0.00077186 0.503733 0.0447126 0.802162 22.5289
0.000730104 0.000176634 0.172047 0.563789 24.2375
0.00111078 0.0288061 0.00126916 0.956823 23.9537
0.000724601 0.673137 0.136044 0.664578 23.5463
0.692262 0.93718 0.17801 0.85054 19.0183
0.00074302 0.0538785 0.00126815 0.238486 25.017
0.817719 0.000352064 0.202296 0.766873 19.9186
0.828027 0.757774 0.0647003 0.00136063 21.1539
0.739314 0.728979 0.650337 0.00143332 20.0365
0.000801913 0.757761 0.106068 0.00139752 21.7377
0.000727847 0.542747 0.170925 0.0013287 26.3951
0.0185668 0.000142388 0.109592 0.326529 29.1669
0.614795 0.000179218 0.00126221 0.0491451 26.5352
0.246352 0.000396659 0.670463 0.661309 20.5968
0.000923858 0.007945 0.0847469 0.0360347 20.6738
0.687461 0.0456784 0.00136073 0.185993 22.302
0.000810207 0.149289 0.871963 0.928435 19.3169
0.000758919 0.688642 0.714652 0.846181 19.7516
0.000765805 0.802023 0.139486 0.35219 21.0791
0.218286 0.808779 0.787849 0.766879 18.4755
0.00106114 0.145414 0.00122429 0.63339 23.9127
0.900633 0.755959 0.869747 0.00144724 18.9409
0.000729536 0.000175183 0.00124229 0.638395 25.434
0.796945 0.637554 0.295138 0.846214 18.6696
0.00675084 0.805649 0.00118548 0.140739 24.5577
0.512096 0.185325 0.00114262 0.30655 25.9141
0.000708354 0.733371 0.0138562 0.064652 27.9691
0.434165 0.810587 0.223211 0.828795 19.3957
0.246345 0.216989 0.866337 0.338875 18.9039
0.000837043 0.685319 0.0234258 0.14607 21.6193
0.000841901 0.445484 0.0264329 0.00132279 26.6752
0.687451 0.140655 0.00131722 0.0197122 22.3784
0.192564 0.555454 0.00119525 0.0646796 24.7947
0.110691 0.219898 0.0319253 0.644201 19.9249
0.837017 0.00793375 0.00336895 0.797537 19.784
0.265415 0.671915 0.0012734 0.0335971 20.6393
0.0343327 0.752851 0.00136187 0.0197175 20.4274
0.000765121 0.000300136 0.825581 0.75911 22.896
0.104124 0.863566 0.279227 0.0015272 19.9866
0.000878935 0.164964 0.0014722 0.00136594 27.6955
0.000800626 0.848734 0.967163 0.297638 19.5083
0.828052 0.848744 0.0811083 0.00135055 21.3833
0.000980758 0.0998563 0.00117708 0.00146614 28.0062
0.942251 0.000126415 0.00114905 0.288203 23.5688
0.0810712 0.893148 0.00134374 0.0855008 20.672
0.000860246 0.757765 0.926784 0.185444 18.9199
0.00105397 0.352039 0.00118506 0.00150873 26.6802
0.309846 0.0377076 0.00120618 0.00149955 26.2085
0.235176 0.017603 0.973149 0.00138379 21.556
0.000732332 0.000157656 0.172033 0.195243 26.934
0.11955 0.810586 0.00147266 0.00138256 20.5037
0.0196989 0.00792584 0.00150188 0.979551 22.1213
0.000941208 0.00794277 0.00147299 0.834873 21.8685
0.000866136 0.482634 0.0103536 0.00130478 26.1449
0.192565 0.48172 0.0012048 0.169557 21.5189
0.000872443 0.000298724 0.166106 0.879151 21.0159
0.757254 0.286321 0.662943 0.00139259 20.2955
0.192604 0.000298313 0.29514 0.00129 24.5418
0.120525 0.688644 0.17094 0.846184 19.6886
0.008034 0.977791 0.00126358 0.00176007 23.4634
0.634985 0.00967234 0.0012686 0.0197135 22.4815
0.830192 0.000175564 0.172033 0.828816 21.1588
0.20855 0.0428382 0.00122894 0.00134856 23.7869
0.032679 0.584326 0.00122622 0.738022 22.4134
0.0185909 0.749192 0.0234207 0.0778472 19.8423
0.739706 0.175528 0.00148247 0.750299 20.0882
0.804401 0.704909 0.00126623 0.00152296 20.099
0.000784319 0.848759 0.118625 0.297631 20.6626
0.781371 0.368431 0.00123658 0.0015014 21.6399
0.000862947 0.8106 0.660933 0.00138291 19.6805
0.311576 0.0763294 0.00122361 0.8288 21.4645
0.758012 0.932376 0.00120031 0.015647 19.3353
0.223941 0.521276 0.202273 0.766876 19.6502
0.89047 0.000164783 0.00126616 0.0778597 25.5757
0.000770329 0.835354 0.0103208 0.0646673 23.1544
0.0185883 0.840475 0.00117368 0.828779 24.0653
0.000848154 0.0202178 0.714672 0.00134267 22.7402
0.839867 0.000396368 0.0033565 0.812234 21.2449
0.00106618 0.773638 0.00121361 0.739313 22.9662
0.192564 0.000317084 0.0138455 0.0932105 24.3209
0.0185855 0.630534 0.00126293 0.494341 23.2704
0.828046 0.7492 0.166118 0.879136 17.3489
0.875553 0.813254 0.787854 0.00131838 18.6604
0.000723318 0.630535 0.291265 0.846199 20.9135
0.677499 0.000292086 0.295145 0.0778314 21.7311
0.000852586 0.000370092 0.0014663 0.734892 24.045
0.294813 0.757778 0.202287 0.828798 18.9821
0.00078234 0.000178472 0.0138459 0.0372246 25.6653
0.677492 0.68532 0.926775 0.00140016 19.2262
0.107629 0.457342 0.00120646 0.767778 23.2125
0.26401 0.000179421 0.113619 0.186145 24.3586
0.752756 0.21987 0.960481 0.0156599 18.0497
0.284674 0.145391 0.00123067 0.11936 21.0855
0.000718199 0.105107 0.947084 0.755043 21.7026
0.479822 0.749192 0.262162 0.766882 18.2289
0.0982906 0.000170573 0.109582 0.356372 28.6699
0.644179 0.000328357 0.0298701 0.00134712 23.8885
0.0147076 0.372654 0.00127261 0.00134383 26.6967
0.000801264 0.152495 0.262159 0.00132063 23.0638
0.232492 0.000334836 0.898539 0.00138463 22.1989
0.000833544 0.0132332 0.787824 0.833564 20.6044
0.000735862 0.158695 0.71466 0.0646671 25.084
0.434164 0.74008 0.871964 0.00134024 18.9756
0.00078857 0.000276327 0.958731 0.00133654 27.0488
0.36079 0.000171392 0.00125164 0.00130438 28.7656
0.64265 0.000179391 0.136026 0.00134073 23.9338
0.192549 0.630535 0.00124644 0.00133535 26.0886
0.000786029 0.802022 0.898521 0.00132079 22.3154
0.192552 0.272805 0.00126012 0.117371 24.3594
0.752754 0.805639 0.00126811 0.738024 20.1724
0.000852118 0.00037176 0.862059 0.923191 19.3919
0.000739208 0.000295476 0.879499 0.0515761 20.8774
0.110713 0.0678145 0.00126733 0.0335852 22.8343
0.192571 0.740983 0.00116294 0.0175648 24.8085
0.283171 0.899825 0.0011964 0.0014887 23.2627
0.235178 0.000305201 0.862059 0.63413 21.7033
0.0982962 0.648367 0.00120363 0.0175701 25.8985
0.192574 0.000178172 0.219525 0.00130179 26.0293
0.216284 0.0287901 0.00125236 0.80775 23.1099
0.800343 0.103757 0.0847387 0.00135192 19.632
0.000728826 0.0175981 0.787851 0.614294 20.1096
0.434135 0.000160984 0.172055 0.069428 24.9611
0.522617 0.000307961 0.195939 0.00134884 24.5185
0.000842175 0.0176253 0.295128 0.00134791 24.3982
0.82803 0.810593 0.670446 0.334052 17.4253
0.00625989 0.000326546 0.83428 0.82879 19.8901
0.0185859 0.000175874 0.00121642 0.117361 25.3336
0.0436952 0.756526 0.00117972 0.00147522 25.0748
0.11957 0.000312918 0.555287 0.00138577 22.9239
0.796935 0.00017056 0.879495 0.815677 19.4844
0.000815497 0.0132647 0.0234387 0.878462 21.2868
0.0741375 0.757778 0.862057 0.00136789 19.629
0.294807 0.00033105 0.0014429 0.00139378 25.0865
0.0983135 0.00793803 0.0342027 0.00131202 29.1896
0.0185697 0.000155879 0.00122388 0.356389 27.2152
0.000714761 0.000167293 0.787846 0.0089185 24.3185
0.000864527 0.848753 0.497945 0.00134904 21.8929
0.000764654 0.16309 0.825571 0.00132432 24.1866
0.813275 0.000134681 0.109574 0.356386 22.77
0.000775118 0.00366677 0.787844 0.239992 23.9899
0.218703 0.035445 0.717654 0.80775 19.0486
0.218286 0.000299471 0.0103573 0.00133665 25.931
0.000760044 0.542736 0.901206 0.879132 19.9376
0.0453656 0.848719 0.898531 0.00132872 21.4867
0.242838 0.219877 0.00121265 0.00151278 21.6059
0.828042 0.0176019 0.0234396 0.8288 18.5204
0.240341 0.000188866 0.00123426 0.00130666 26.8112
0.160416 0.000173956 0.958725 0.00136497 23.3526
0.781009 0.02877 0.00125221 0.807761 22.2745
0.0111874 0.0167225 0.00129239 0.80173 23.579
0.192597 0.630532 0.632153 0.0013143 22.9463
0.309758 0.185321 0.00116072 0.00127905 26.2731
0.933635 0.21988 0.00120537 0.00148769 26.0897
0.951835 0.000138883 0.0150824 0.356376 21.3028
0.000738308 0.000182403 0.00121741 0.0694225 25.2212
0.294821 0.0701098 0.262158 0.00131703 23.9855
0.000771665 0.482618 0.698029 0.74701 21.1164
0.192562 0.0763191 0.958713 0.00131441 24.3301
0.000850008 0.810605 0.53319 0.00138604 21.8656
0.929238 0.0538729 0.881098 0.00133694 20.3163
0.0185896 0.848748 0.0565716 0.00130794 24.6981
0.752756 0.1454 0.919615 0.00152098 19.4962
0.677484 0.000336017 0.670442 0.146061 20.1056
0.000870303 0.000359309 0.026883 0.2248 21.0894
0.94193 0.000378226 0.287488 0.834869 18.9386
0.000726522 0.523205 0.669046 0.0113012 22.8271
0.000853793 0.525942 0.714673 0.00139098 22.0978
0.107979 0.000160834 0.109579 0.0175665 28.8349
0.82805 0.677574 0.0234353 0.828804 19.4313
0.000837067 0.0176066 0.166131 0.00134449 24.8834
0.67749 0.802017 0.0234045 0.00132566 21.9511
0.762017 0.848759 0.714652 0.802165 17.3552
0.000750544 0.770632 0.714663 0.00131002 25.1765
0.000735713 0.601571 0.0934328 0.846198 22.9141
0.00085684 0.000292522 0.021734 0.00135804 24.1747
0.47553 0.000179427 0.00121973 0.0349102 24.7807
0.0185919 0.916926 0.11308 0.00131061 21.6729
0.796951 0.000194375 0.00123995 0.0644038 21.451
0.000335783 0.00321194 0.905712 0.0013333 25.1918
0.0343215 0.727056 0.00124516 0.0196505 22.4582
0.0185843 0.000192637 0.177586 0.0932211 24.3022
0.433395 0.0287771 0.00134032 0.0336026 22.4253
0.948176 0.130499 0.0847272 0.0013947 21.0855
0.277238 0.000312639 0.0234162 0.0013285 26.1686
0.000853628 0.0701407 0.114223 0.00132037 25.3928
0.000860734 0.000352028 0.00146199 0.334049 24.8468
0.192561 0.000140946 0.0342149 0.00133511 26.5336
0.0848356 0.697358 0.66094 0.00136634 21.0926
0.000852454 0.164973 0.00143966 0.241936 20.5932
0.223475 0.028771 0.00125417 0.00152029 24.1131
0.110713 0.176349 0.00126197 0.807748 21.0724
0.0185875 0.000306492 0.0950871 0.00132405 26.423
0.522621 0.000164161 0.00125474 0.0524651 26.4413
0.752759 0.732703 0.281284 0.0156569 18.2313
0.757255 0.0175879 0.0268866 0.00138686 22.0546
0.856435 0.000136903 0.00124974 0.0935851 24.9535
0.692252 0.00017112 0.00124813 0.0175929 26.7922
0.0185863 0.937171 0.00124415 0.157923 23.2669
0.309844 0.03545 0.0012471 0.35258 20.5959
0.11072 0.281913 0.00125124 0.122799 21.8962
0.00077746 0.152484 0.295136 0.00131937 26.7489
0.000849467 0.351538 0.862055 0.519069 20.3104
0.000847792 0.810595 0.828959 0.00136271 21.2006
0.00085507 0.000291794 0.464382 0.00131355 25.9717
0.680194 0.1803 0.17207 0.00134079 21.1388
0.000861004 0.175504 0.0014663 0.00139688 24.6172
0.218295 0.757764 0.497936 0.00133586 21.1915
0.000863534 0.844083 0.646608 0.00136049 21.8033
0.192561 0.735201 0.00120564 0.766852 23.0302
0.739685 0.000186703 0.0150923 0.00128642 26.9325
0.28467 0.0288238 0.00124971 0.0017634 23.4429
0.309762 0.0666334 0.00122587 0.00130813 23.6117
0.000834764 0.050604 0.862062 0.185451 21.9111
0.000861174 0.844096 0.714666 0.00133476 20.4399
0.110703 0.2819 0.614148 0.00176149 20.0436
0.875548 0.145629 0.00126716 0.00133438 22.9529
0.0185853 0.000179191 0.00124529 0.0176002 27.3074
0.0185724 0.050573 0.00125893 0.802175 25.1892
0.000861078 0.000351337 0.766021 0.00141731 21.9964
0.104265 0.000165422 0.00113212 0.828785 23.6765
0.107644 0.000200247 0.172066 0.0646862 24.3159
0.106295 0.000132925 0.00115422 0.126239 24.3834
0.0281457 0.000129282 0.00113245 0.356382 23.2576
0.183158 0.871656 0.00127117 0.00128342 23.8484
0.015299 0.735202 0.219532 0.0012721 28.5094
0.778049 0.000125853 0.0012696 0.0935807 23.9557
0.309746 0.000192584 0.0011505 0.0175705 24.8522
0.534927 0.000130326 0.21147 0.35638 26.5081
0.200351 0.000121503 0.103724 0.596573 25.484
0.0982791 0.929269 0.00112226 0.0175644 23.6343
0.0185618 0.457352 0.00115743 0.802177 25.0453
0.778047 0.000140248 0.109575 0.017573 26.2197
0.0185681 0.000123426 0.219538 0.0175622 24.7546
0.0982848 0.687869 0.175519 0.0175717 23.9661
0.015317 0.000124782 0.219539 0.0175663 21.9283
0.233778 0.0854927 0.00128441 0.00127751 25.7908
0.0153204 0.000174944 0.195676 0.498165 24.032
0.0185584 0.000136512 0.175512 0.501473 27.4981
0.762014 0.000140524 0.0197909 0.501482 23.1259
0.739671 0.780135 0.357914 0.00128202 21.1722
0.104261 0.288556 0.00111436 0.560699 25.7886
0.334936 0.000133363 0.00126589 0.0175705 28.4312
0.786458 0.000148296 0.745766 0.201035 20.3776
0.0872878 0.457358 0.143527 0.00128403 26.9691
0.104271 0.648362 0.0197933 0.0175638 23.094
0.854265 0.123616 0.74576 0.00127275 20.1533
0.0982721 0.000195644 0.19977 0.201039 23.0163
0.0152991 0.000167039 0.699086 0.00127847 26.7755
0.849021 0.000126888 0.109578 0.649002 21.4193
0.480137 0.438597 0.00112023 0.356368 23.1705
0.786465 0.000196051 0.76311 0.001283 25.7542
0.762013 0.000122381 0.00113152 0.649003 25.037
0.0153026 0.687869 0.175522 0.00127878 24.3225
0.0152988 0.735196 0.0011312 0.932327 25.0211
0.0153135 0.735197 0.109567 0.00127883 22.6278
0.275659 0.457342 0.00113008 0.0175757 26.8149
0.152963 0.259133 0.00111025 0.423603 25.5225
0.0152955 0.000167383 0.211473 0.498173 26.1729
0.0982757 0.637862 0.103731 0.0012793 25.8238
