27 0.266233
0.0197379 3.65905 0.0469032
4.00963 6.83021e-05 4.17323
4.72045 1.49249 0.0069802
2.55401e-06 0.0100818 4.28259
2.67133e-05 0.00153933 5.04239
0.0119619 5.03137 0.00433084
4.81307 0.128303 0.0115908
4.74754 0.00896932 0.0189392
3.09072 0.0912967 0.860323
4.11929 0.0796544 0.0169859
4.12343 0.000201074 0.836121
4.78908 0.00602969 0.680391
5.2025 0.0023954 0.00350057
2.06355e-06 0.00959759 4.50042
0.0821148 4.92054 0.0256395
1.81093 1.07329 0.946408
2.86177 0.933092 0.575267
2.98669 0.000130288 3.51475
4.8113 0.546553 0.00162575
4.93167 0.350775 0.00147429
4.81655 0.00115973 0.00967965
3.94645 0.157005 0.494649
4.30178 0.000122498 1.71992
0.411191 0.353288 1.8541
1.69432 0.0371904 1.94127
1.84844 1.04236 0.653872
4.55067 0.0132882 0.803272
4.6004 0.0485404 0.159677
6.25583 9.31855e-05 0.157425
6.31595 8.01423e-05 0.104999
0.00566886 5.20618 0.00440363
1.31288 0.0130602 3.27164
2.85373 0.549989 1.43035
0.000360168 1.33345 3.91939
0.61765 3.3924 0.00439487
1.04089 1.54675 1.11331
1.6743 0.956798 1.10906
2.96382 2.19062 0.0111643
3.09854 0.454006 0.710272
2.32769e-05 7.19517 0.0841217
0.000979789 5.14653 0.453412
0.021617 0.0332428 3.31515
0.0244993 0.0155265 2.91486
0.125339 0.199134 2.88732
1.17596 3.21326 0.0527804
3.65465 0.570692 0.153349
3.67875 0.0253451 0.900315
4.11347 1.11321 0.0350741
4.98042 1.14895 9.35927e-05
0.0467981 4.72784 0.0353841
0.250874 2.42163 1.57301
5.10703 0.248679 2.80922e-05
5.67767 0.254543 1.20366e-05
5.73683 0.000571886 0.630251
3.9267e-06 2.35973e-06 5.06908
0.000581333 0.00119203 4.75699
0.0011022 5.25447 0.0857863
0.00142013 0.00532745 4.63741
0.00903637 4.88939 0.0849586
0.658494 2.59495 0.433621
3.2888 0.267898 0.557877
5.54659 0.699745 9.15058e-06
5.97712 1.6802 8.21685e-06
1.70702e-06 6.92658e-07 5.683
0.000127396 3.79298 1.47884
0.0187329 0.000865599 4.11398
0.116939 0.000456526 4.61771
0.208012 0.433967 2.79633
0.227376 0.0482849 2.54414
6.25917 2.46601e-05 0.470301
1.29714e-06 8.41361e-07 5.37737
5.15832e-05 3.048 1.81202
0.00115648 1.09824 3.44991
0.0018939 0.00106675 4.89244
0.00231437 0.00138842 4.57885
0.00247149 1.2973 2.65298
0.00465758 2.46288 1.15994
0.410189 0.481446 1.51591
2.00133 2.97642 0.00321649
4.79031 0.781787 0.0105745
1.65746e-07 1.3639e-07 5.75412
0.000141074 0.0772248 3.96436
0.0410804 3.09085 0.390493
0.531941 1.47866 1.37769
1.31934 2.45118 0.355261
2.19777 3.63422 0.00314518
2.49939 0.604849 1.21582
3.62147 1.03432 0.447978
3.7764 0.00170881 1.63333
5.06185 0.158796 0.00837766
0.014919 0.00204204 3.41581
3.24095 2.40468 0.000192356
0.228036 0.117417 2.18445
0.564244 2.71628 0.781928
0.744242 1.63876 1.05364
1.72771 1.62986 0.805439
1.94975 1.84375 0.445519
5.0001 0.178471 0.000130356
5.50255 3.03154 1.81677e-05
6.43219 0.151728 0.00142016
6.51502 0.00254597 0.000745771
7.02915 0.0974902 0.000276719
1.02498e-06 1.25496e-06 5.30833
4.90812e-06 7.64811 0.584414
1.37747e-05 4.85157 0.962852
0.000971691 0.0020258 4.65788
0.00309351 0.00646147 4.48966
0.503665 2.00559 1.13685
2.78002 4.57809 1.26132e-05
2.84221 1.86486 0.0241571
2.93259 5.60844 4.39487e-07
0.00396832 0.00135961 4.06724
0.518097 3.01428 0.224147
0.618693 3.67671 0.000863855
3.93885 1.48061 0.136893
0.0005117 9.27418 0.00203591
0.254191 3.13145 0.261668
1.48003 3.78188 0.000485577
2.53351 1.42833 0.197509
2.69192 1.15843 0.306908
2.97719 1.75017 0.019369
0.00268059 0.00123818 4.61347
0.719194 4.18105 0.000489707
2.1733 0.00381082 3.121
2.83735 1.6595 0.0500754
3.86818 3.03965 1.70137e-05
1.92605e-07 1.31715e-07 5.84351
5.89897 2.77838 1.31439e-06
6.18412 1.94891 7.39491e-07
2.3731e-05 5.87526 0.0107152
0.000103765 5.69015 0.0979935
0.155054 0.0895229 2.80617
0.385073 1.36411 2.17134
1.77542 2.68306 0.0889806
2.65514 0.001411 3.77996
3.95783 1.53452 0.0281474
0.530247 2.12179 1.03036
0.806669 4.3426 7.20909e-05
1.10751 1.84222 0.736202
1.45412 3.17296 0.071476
2.0931e-05 0.0141928 4.24583
2.88862e-05 4.03507 0.716557
0.0950722 4.89741 8.5315e-06
0.147604 4.50282 5.70904e-05
0.812606 4.66993 4.02383e-05
2.81392 0.969656 0.62685
4.82051 0.960562 0.00142505
1.52295e-05 6.73091 0.107524
0.000500787 0.00183931 4.69661
0.0239512 6.5989 1.7853e-05
0.0346909 5.89012 1.78793e-05
0.144306 0.242243 2.83427
0.377346 4.09757 0.0256162
3.38982 1.61012 0.000157142
4.54779 1.21742 0.00758962
5.38456 0.182686 6.52807e-05
8.32773 5.46586e-05 0.0656525
