2398 50.2991
0.901936 0.760256 3.46174
0.853993 0.814523 3.02554
0.672127 0.912613 4.05583
0 0 6.29759
0.625824 0.722122 5.02347
0.316153 0.759912 4.66951
0.791009 0.607907 4.54111
0.713891 0.329649 5.0646
0.819368 0.845477 3.07706
0.684343 0.885015 3.85285
0.817166 0.849849 3.17516
0.725951 0.300629 4.97164
0.718641 0.314195 5.04667
0.671579 0.618267 5.37499
0.0753547 0.054549 6.1649
0.804176 0.864108 3.06207
0.0391303 0.023235 6.26734
0.812193 0.017795 4.79653
0.737941 0.317813 4.84603
0.216093 0.291225 5.57071
0.867004 0.659997 4.13849
0.67388 0.324131 5.40131
0.0369933 0.0601159 6.2246
0.0421317 0.0312561 6.24028
0.721346 0.774138 4.06907
0.305294 0.680114 5.21707
0 0.0708206 6.1957
0.170611 0.882026 4.46077
0.294427 0.0981711 5.74016
0.314017 0.664854 5.35153
0.286115 0.753395 4.6735
0.00344925 0.109057 6.17318
0.868501 0.663205 4.10284
0.831808 0.77277 3.3936
0.631327 0.668162 5.33383
0.781756 0.870563 3.27054
0.85883 0.664415 4.17518
0.277276 0.166713 5.62578
0.769054 0.756038 3.78848
0.013686 0.729082 5.3893
0.271234 0.0829033 5.82351
0.167622 0.00913287 6.00255
0.847094 0.0762224 4.6829
0.152494 0.629181 5.61151
0.16485 0.645755 5.5849
0.792482 0.849409 3.33247
0.109791 0 6.14014
0.885376 0.697616 3.75017
0.674495 0.0270512 5.69854
0.231674 0.283905 5.52531
0.89561 0.253454 4.32344
0.0506642 0.242522 5.90711
0.264373 0.811478 4.31054
0.801372 0.691243 4.145
0.896479 0.7391 3.58195
0.874744 0.745089 3.47718
0.889722 0.649848 4.28788
0.0443195 0.827863 4.64191
0.226417 0.103395 5.81543
0.771578 0.718273 4.12638
0.850176 0.750312 3.51868
0.889548 0.724985 3.65879
0.710586 0.264004 5.08096
0.261043 0.818315 4.44221
0.0556904 0.195602 5.93224
0.784755 0.862901 3.28337
0.653088 0.671233 5.3282
0.803643 0.327328 4.46813
0.0852922 0.695441 5.48439
0.852702 0.747975 3.65107
0.831567 0.739205 3.67219
0.720891 0.287581 4.99
0.0925687 0.771367 4.95468
0.756467 0.813487 3.52988
0.813 0.851506 3.19961
0.240532 0.100478 5.77293
0.745748 0.739065 4.16103
0.132908 0.170816 5.76643
0.161654 0.739507 5.00472
0.00771957 0.258068 6.00155
0.0697272 0 6.21355
0.0789274 0.0790562 6.09003
0.744689 0.783172 3.90546
0.780613 0.740431 3.76586
0.75756 0.0375502 5.0843
0.24994 0.693095 5.1717
0.301123 0.67686 5.26729
0.0565275 0.228761 5.88111
0.711706 0.00161006 5.47564
0.65855 0.0396356 5.80108
0.794797 0.861937 3.24625
0.639277 0.717124 4.91355
0.212851 0.653646 5.49882
0.0231602 0 6.27107
0.75441 0.877346 3.48414
0.271101 0.273221 5.50516
0.128918 0.0648291 6.00949
0.774238 0.74886 3.83698
0 0.873984 4.71637
0.707051 0.806589 3.99584
0.0815491 0.0915698 6.0411
0.837758 0.639664 4.34868
0.189033 0.197933 5.64383
0.788262 0.819369 3.36256
0.0780336 0.761827 4.99849
0.880244 0 4.81908
0.0176158 0.168774 6.02589
0.22871 0.839329 4.42863
0.0465832 0.220372 5.95963
0.0346457 0.668883 5.71531
0.764228 0.278088 4.61048
0.828848 0.694802 4.0246
0.266824 0.734758 4.80708
0.686455 0.146672 5.26203
0.244634 0.221122 5.52378
0.698196 0.224829 5.16613
0.69046 0.0337813 5.63352
0.870053 0.207714 4.40334
0.0113334 0.155375 6.04635
0.848455 0.729068 3.7283
0.219838 0.642565 5.53732
0.68039 0.162232 5.45082
0.790656 0.852925 3.29909
0.233478 0.821039 4.36949
0.777642 0.752019 3.82354
0.692729 0.21597 5.19042
0.696622 0.0144399 5.64686
0.726138 0.244417 4.96077
0.749458 0.869039 3.56146
0.789496 0.625449 4.57615
0.752882 0.871848 3.54251
0.799237 0.791034 3.37771
0.747321 0.868951 3.59107
0.186468 0.143376 5.73286
0.821722 0.822009 3.18687
0.869834 0.733519 3.63718
0.118875 0.80057 4.65827
0.182147 0.868193 4.35763
0.794987 0.621501 4.44574
0.191714 0.122355 5.83351
0.732439 0.776499 3.91381
0.303007 0.726018 4.9437
0.248807 0.715859 5.1184
0.146627 0.79304 4.69424
0.794726 0.70843 3.94924
0.7439 0.183863 4.8848
0.789958 0.751465 3.6858
0.871321 0.236465 4.3636
0.709454 0.26171 5.09075
0.00974053 0.142717 6.06996
0.696186 0.0945858 5.42401
0.75096 0.750226 3.9687
0.8168 0.849568 3.21282
0.20399 0.763881 4.59026
0.828275 0.788829 3.35487
0.296184 0.702944 5.05594
0.798892 0.798349 3.4184
0.75193 0.70472 4.26948
0.18602 0.0512248 5.97305
0.169743 0.777518 4.78407
0.100809 0.266912 5.75147
0.173721 0.102146 5.8655
0.898981 0.658912 4.20609
0.688316 0.805138 4.19285
0.656386 0.0865667 5.75259
0.747703 0.678243 4.53056
0.808539 0.687258 4.0434
0.21804 0.138664 5.65273
0.0484893 0.723567 5.21736
0.824026 0.720513 3.80667
0.734952 0 5.34357
0.672412 0.169616 5.45823
0.842052 0.102231 4.655
0.150502 0.19511 5.75084
0.177053 0.848531 4.39218
0.655184 0.218335 5.41084
0.844544 0.756936 3.47043
0.805994 0.114743 4.78085
0.699988 0.270944 5.14129
0.89319 0.74387 3.50705
0.0645166 0.132699 6.05911
0.116937 0.0853007 6.07581
0.282805 0.786783 4.43014
0.156066 0.198827 5.72714
0.0221607 0.0452865 6.25613
0.637429 0.13252 5.68369
0.820602 0.795028 3.22762
0.683349 0.151362 5.49021
0.0947295 0.863407 4.52038
0.644899 0.709634 4.98351
0.749028 0.185701 4.7724
0.772896 0.859711 3.38545
0.281065 0.673275 5.30921
0.131016 0.0105078 6.0489
0.783184 0.249565 4.59723
0.205571 0.779641 4.48754
0.833591 0.656518 4.295
0.189824 0.815452 4.47927
0.784054 0.856304 3.32294
0.0266971 0.750895 5.10774
0.824519 0.12942 4.72117
0 0.741537 5.36282
0.724997 0.206461 5.0294
0.682069 0.0433702 5.56841
0.175632 0.0936749 5.93891
0.105067 0.062387 6.12983
0.691034 0.831492 3.92223
0.820772 0.13589 4.51105
0.769319 0.153451 4.87947
0.70958 0.32892 5.0701
0.201757 0.657842 5.35351
0.700772 0.781336 4.16789
0.252978 0.280668 5.51223
0.681826 0.274068 5.29811
0.207841 0.737385 4.76532
0.0519147 0.722177 5.25807
0.728287 0.841192 3.61962
0.83976 0.821909 3.22403
0.256977 0.681355 5.24855
0.782165 0.736503 3.89304
0.237806 0.0626003 5.85383
0.234697 0.205046 5.56751
0.835583 0.655375 4.25711
0.114672 0.721646 5.09896
0.727242 0.227563 4.99016
0.884081 0.643619 4.33167
0.742975 0.765951 3.97003
0.641406 0.674133 5.26459
0.892178 0.770129 3.30547
0.242143 0.192695 5.55932
0.136755 0.239316 5.62099
0.778714 0.255627 4.57809
0.167451 0.234564 5.59628
0.733992 0.725873 4.23017
0.281067 0.238054 5.51611
0.247297 0.124808 5.68637
0.853586 0.276701 4.35701
0.0618322 0.179788 5.89445
0.741987 0.766609 4.00277
0.764034 0.252711 4.72407
0.237702 0.719791 5.06123
0.689466 0.702891 4.63105
0.779677 0.829348 3.41916
0.706131 0.865688 3.81531
0.255849 0.118022 5.70441
0.0587212 0.703936 5.43221
0 0.803759 4.82629
0 0.105541 6.18138
0.814825 0.189957 4.41303
0.108021 0.648126 5.65677
0.149136 0.096927 5.91426
0.194852 0.120105 5.839
0.0967177 0.0323682 6.17798
0.651248 0.861307 4.18078
0.184479 0.185914 5.66386
0.129862 0.130578 5.87251
0.64915 0.679177 5.18079
0.697737 0.858034 3.86718
0.703959 0.635016 5.12372
0.0983963 0.643213 5.7616
0.81555 0.110256 4.74151
0.222197 0.211643 5.54235
0.157988 0.20479 5.68945
0.708856 0.0898233 5.31936
0.779141 0.746398 3.71187
0.740949 0.823987 3.62808
0.690814 0.875808 4.01687
0.806995 0.641572 4.33753
0.142474 0.215231 5.73521
0.180456 0.203936 5.6319
0.840568 0.841279 3.18013
0.148758 0.0617138 6.03529
0.125435 0.823837 4.4982
0.0331019 0.19909 5.96487
0.666225 0.710275 4.89851
0.160077 0.654347 5.57454
0.712918 0.7131 4.3007
0.730806 0.638031 4.89617
0.66533 0.732625 4.54585
0.103381 0.141503 6.00952
0.74461 0.789688 3.73983
0.787904 0.685705 4.24804
0.855464 0.66469 4.19942
0.695418 0.753069 4.37831
0.637984 0.675126 5.27769
0.221472 0.133045 5.68187
0.806809 0.843475 3.23998
0.127009 0.125035 5.97886
0.817992 0.785968 3.4588
0 0.15217 6.11242
0.0870665 0.854578 4.56323
0.135909 0.68407 5.41633
0.739542 0.23158 4.89391
0.660749 0.825314 4.30518
0.123922 0.0978413 5.99258
0.67756 0.268519 5.37975
0.135244 0.161306 5.80732
0.796838 0.813984 3.4293
0.722111 0.640252 4.9809
0.807815 0.730719 3.8599
0.0349803 0.140461 6.08188
0.159107 0.0810994 6.00756
0.0667815 0.664712 5.78033
0.724542 0.795802 3.9297
0.815306 0.811579 3.31261
0.184694 0.68064 5.28649
0.121297 0.0894844 6.05274
0.79436 0.788261 3.44981
0.645148 0.26927 5.46822
0.0890476 0.121379 6.02026
0.145679 0.167694 5.75675
0.20611 0.158191 5.66813
0.0876267 0.661433 5.67509
0.23147 0.19373 5.60192
0.124382 0.029776 6.12348
0.705125 0.800376 4.01151
0.0255604 0.740995 5.2932
0.0709265 0.808357 4.74832
0.738844 0.856123 3.61473
0.768444 0.743996 3.87533
0.892986 0.727596 3.60507
0.82822 0.777857 3.50084
0.714328 0.688745 4.71139
0.711925 0.632728 5.03813
0.826851 0.098862 4.69256
0.252025 0.0299729 5.87726
0.0204542 0.203805 5.99757
0.664503 0.817185 4.20683
0.854478 0.65087 4.21781
0.70274 0.177201 5.24102
0.0350157 0.135258 6.09301
0.0726217 0.168766 5.89783
0.70542 0.111432 5.40971
0.259755 0.70679 5.03897
0.705797 0.127362 5.22603
0.692108 0.239814 5.14885
0.798148 0.703572 4.11607
0.809417 0.859246 3.23863
0.679899 0.0727116 5.54763
0.112094 0.825622 4.61809
0.125464 0.230145 5.78878
0.782801 0.187618 4.60037
0.0185269 0.64596 5.86263
0.828848 0.0124087 4.85116
0.113417 0.181722 5.78973
0.646658 0.754324 4.62245
0.883987 0 4.81668
0.163104 0.768831 4.85419
0.0317801 0.233965 5.97634
0.733539 0.837551 3.76158
0.751427 0.700989 4.38575
0.82398 0.780744 3.49104
0.772595 0.700069 4.23711
0.0240506 0.699899 5.47057
0.767626 0.739887 3.98022
0.190374 0.691625 5.27315
0.210999 0 5.92559
0.685822 0.628312 5.24143
0.725996 0.768038 4.03403
0.841699 0.770941 3.43592
0.060821 0.82341 4.81212
0.126798 0.172919 5.84115
0.790892 0.724787 3.88521
0.715107 0.201059 5.13343
0.823647 0.663842 4.21502
0.703862 0.689481 4.75333
0.64808 0.046088 5.8205
0.69337 0.724841 4.45578
0.0806469 0.165822 5.91669
0.223499 0.118469 5.73723
0.177821 0 6.01961
0.795433 0.706536 4.10378
0.12346 0.703212 5.20207
0.122638 0.175025 5.79465
0.213869 0.722756 4.94598
0.715852 0.790806 3.94524
0.711623 0.797017 3.85006
0.0938908 0.074304 6.09982
0.197072 0.74326 4.75838
0.663207 0.756824 4.55397
0.813845 0.714366 3.81483
0.125129 0.148726 5.84631
0.0366681 0.682871 5.60961
0 0.7431 5.15269
0.138114 0.761198 4.85633
0.662737 0.710354 4.92835
0.701602 0.188479 5.24766
0.0683476 0.0493307 6.1762
0.148151 0.665892 5.47521
0.197084 0.0492322 5.94433
0.836393 0.728688 3.75542
0.719658 0.119818 5.25394
0.762726 0.247975 4.73411
0.668421 0.826142 4.0635
0.253791 0.733866 4.83658
0.0309656 0.0845343 6.18549
0.201532 0.113835 5.8354
0.141936 0.1487 5.85876
0.730184 0.072277 5.12573
0.214776 0.763572 4.691
0.102099 0.180664 5.81008
0.209491 0.815868 4.44689
0.845409 0.755228 3.48402
0.749811 0.271982 4.70212
0.0613329 0.258586 5.84439
0.108414 0.827104 4.70378
0.810265 0.192848 4.56681
0.807277 0.281247 4.51585
0.19971 0.167863 5.60569
0.66935 0.778579 4.42007
0.768297 0.737147 3.93359
0.198518 0.73544 4.89143
0.651771 0.198585 5.55067
0.0629726 0.798765 4.81931
0.284593 0.174353 5.60267
0.796912 0.833621 3.30378
0.21525 0.673007 5.33517
0.871253 0.222212 4.38076
0.167022 0.791188 4.51323
0.69824 0.757757 4.2539
0.647817 0.832417 4.1852
0.763443 0.7982 3.70607
0.762045 0.836086 3.47755
0.857846 0.715212 3.69938
0.159365 0.159696 5.79984
0.727703 0.19007 4.91724
0 0.734921 5.43799
0.67793 0.658988 5.23098
0.70759 0.0290052 5.33217
0.753954 0.0482125 5.08903
0.0306938 0.248192 5.92058
0.765957 0.063982 4.93203
0.0339224 0.828236 4.73236
0.758879 0.131675 4.92312
0.667194 0.0842157 5.77757
0.11078 0.711742 5.26542
0 0.164673 6.10426
0.120692 0.138339 5.95453
0.783593 0.208763 4.58385
0.781609 0.835308 3.35684
0.693032 0.82783 3.98227
0.824078 0.24595 4.36444
0.0281189 0.116659 6.101
0.668338 0.21345 5.41358
0.122893 0.767632 4.86313
0.204495 0.674516 5.30326
0.760807 0.839544 3.47634
0.733388 0.727683 4.26733
0.676937 0.720955 4.74742
0.120399 0.0531041 6.09856
0.776933 0.767346 3.60644
0.209412 0.695287 5.20746
0.821364 0.700316 3.84163
0.787388 0.131753 4.80545
0.659869 0.121435 5.56139
0.753442 0.662241 4.57118
0.836115 0.12743 4.56063
0.174799 0.0921549 5.99699
0.717285 0.163181 5.13069
0.789395 0.120482 4.83076
0 0.785017 4.97619
0.0292095 0.778993 5.0238
0.749793 0.857517 3.55218
0.105885 0 6.16853
0.791974 0.796081 3.55697
0.665184 0.200384 5.47871
0.14045 0.15683 5.8342
0.764929 0.848104 3.44435
0.759109 0.810604 3.71131
0.782634 0.13242 4.87127
0.0625578 0.223754 5.79226
0.754347 0.631949 4.6696
0.669901 0.667548 5.18095
0.841953 0.730718 3.69603
0.760999 0.851746 3.44362
0.685411 0.638988 5.23466
0 0.647802 5.95201
0.140848 0.114189 5.89996
0.732355 0.676852 4.58346
0.0592163 0 6.2542
0.66935 0.655949 5.31528
0.102734 0.787804 4.87661
0.208762 0.12304 5.80361
0.775793 0.707646 4.04951
0.127044 0.729825 5.05501
0.778834 0.758561 3.73347
0.683427 0.651073 5.14959
0.206632 0.210718 5.57267
0.715485 0.177787 5.18269
0.684479 0.685914 5.05114
0.117966 0.17875 5.8042
0.716707 0.747257 4.11877
0.205587 0.151515 5.72489
0.785752 0 4.93479
0.0592502 0.117823 6.0712
0.802653 0.735752 3.69961
0.775803 0.660215 4.29204
0.716417 0.192116 5.1021
0.67369 0.809841 4.04919
0.707312 0.705914 4.53701
